'2023JU-1BUSSA-Saturday-02',40800,74600,4,'',0,8400,4,'',0,8500,4,'',0,8500,4,'',0,4500,4,'',0,8500,4,'',0,8500,4,'',0,4400,4,'',0,8500,4,'',0,8500,4,'',0,8500,4,'',0,4500,4,'',0,8500,4,'',0,8500,4,'',0,8500,4,'',0,4500,4,'',0,8500,4,'',0,8300,4,'',0,8300,4,'',0,4500,4,'',0,14500,4,'',0
'2023JU-1BUSSA-Saturday-02',40801,71000,,'',0,4500,,'',0,8500,,'',0,8500,,'',0,8500,,'',0,4500,,'',0,8500,,'',0,8500,,'',0,8500,,'',0,4500,,'',0,8500,,'',0,8500,,'',0,8500,,'',0,4500,,'',0,8500,,'',0,8500,,'',0,8500,,'',0,4500,,'',0,8500,,'',0,10500,,'',0
'2023JU-1BUSSU-Sunday-02',40800,74500,4,'',0,8500,4,'',0,8500,4,'',0,8500,4,'',0,4500,4,'',0,8500,4,'',0,8400,4,'',0,4400,4,'',0,8600,4,'',0,8500,4,'',0,8500,4,'',0,4500,4,'',0,8500,4,'',0,8500,4,'',0,8400,4,'',0,4200,4,'',0,8500,4,'',0,8500,4,'',0,8500,4,'',0,4500,4,'',0,14500,4,'',0
'2023JU-1BUSSU-Sunday-02',40801,71000,,'',0,4500,,'',0,8500,,'',0,8500,,'',0,8500,,'',0,4500,,'',0,8500,,'',0,8500,,'',0,8500,,'',0,4500,,'',0,8500,,'',0,8500,,'',0,8500,,'',0,4500,,'',0,8500,,'',0,8500,,'',0,8500,,'',0,4500,,'',0,8500,,'',0,10500,,'',0
'2023JU-1BUSWK-Weekday-02',40800,63000,4,'',0,7500,4,'',0,3200,4,'',0,7300,4,'',0,3200,4,'',0,6900,4,'',0,3100,4,'',0,7200,4,'',0,3200,4,'',0,7300,4,'',0,3200,4,'',0,7200,4,'',0,3100,4,'',0,7900,4,'',0,7200,4,'',0,3200,4,'',0,7300,4,'',0,3700,4,'',0,7100,4,'',0,3200,4,'',0,7200,4,'',0,3200,4,'',0,7200,4,'',0,2900,4,'',0,7100,4,'',0,3200,4,'',0,7200,4,'',0,7200,4,'',0,3100,4,'',0,2200,4,'',0,8300,4,'',0,8300,4,'',0,8300,4,'',0,4300,4,'',0
'2023JU-1BUSWK-Weekday-02',40801,64200,,'',0,7200,,'',0,3200,,'',0,7200,,'',0,3200,,'',0,7200,,'',0,3200,,'',0,7200,,'',0,3200,,'',0,7200,,'',0,7200,,'',0,3200,,'',0,7200,,'',0,3200,,'',0,7200,,'',0,3200,,'',0,7200,,'',0,3200,,'',0,7200,,'',0,3200,,'',0,7200,,'',0,3200,,'',0,7200,,'',0,3200,,'',0,7200,,'',0,7200,,'',0,3200,,'',0,8300,,'',0,8300,,'',0,4300,,'',0,8300,,'',0,8300,,'',0
'2023JU-STMPPar-Weekday-02',40800,63000,4,'',0,7500,4,'',0,3200,4,'',0,7300,4,'',0,3200,4,'',0,6900,4,'',0,3100,4,'',0,7200,4,'',0,3200,4,'',0,7300,4,'',0,3200,4,'',0,7200,4,'',0,3100,4,'',0,7900,4,'',0,7200,4,'',0,3200,4,'',0,7300,4,'',0,3700,4,'',0,7100,4,'',0,3200,4,'',0,7200,4,'',0,3200,4,'',0,7200,4,'',0,2900,4,'',0,7100,4,'',0,3200,4,'',0,7200,4,'',0,7200,4,'',0,3100,4,'',0,2200,4,'',0,8300,4,'',0,8300,4,'',0,8300,4,'',0,4300,4,'',0
'2023JU-STMPPar-Weekday-02',40801,64200,,'',0,7200,,'',0,3200,,'',0,7200,,'',0,3200,,'',0,7200,,'',0,3200,,'',0,7200,,'',0,3200,,'',0,7200,,'',0,7200,,'',0,3200,,'',0,7200,,'',0,3200,,'',0,7200,,'',0,3200,,'',0,7200,,'',0,3200,,'',0,7200,,'',0,3200,,'',0,7200,,'',0,3200,,'',0,7200,,'',0,3200,,'',0,7200,,'',0,7200,,'',0,3200,,'',0,8300,,'',0,8300,,'',0,4300,,'',0,8300,,'',0,8300,,'',0
'2023JU-STMPSat-Saturday-02',40800,74600,4,'',0,8400,4,'',0,8500,4,'',0,8500,4,'',0,4500,4,'',0,8500,4,'',0,8500,4,'',0,4400,4,'',0,8500,4,'',0,8500,4,'',0,8500,4,'',0,4500,4,'',0,8500,4,'',0,8500,4,'',0,8500,4,'',0,4500,4,'',0,8500,4,'',0,8300,4,'',0,8300,4,'',0,4500,4,'',0,14500,4,'',0
'2023JU-STMPSat-Saturday-02',40801,71000,,'',0,4500,,'',0,8500,,'',0,8500,,'',0,8500,,'',0,4500,,'',0,8500,,'',0,8500,,'',0,8500,,'',0,4500,,'',0,8500,,'',0,8500,,'',0,8500,,'',0,4500,,'',0,8500,,'',0,8500,,'',0,8500,,'',0,4500,,'',0,8500,,'',0,10500,,'',0
'2023JU-STMPSnea-Weekday-02',40800,63000,4,'',0,7500,4,'',0,3200,4,'',0,7300,4,'',0,3200,4,'',0,6900,4,'',0,3100,4,'',0,7200,4,'',0,3200,4,'',0,7300,4,'',0,3200,4,'',0,7200,4,'',0,3100,4,'',0,7900,4,'',0,7200,4,'',0,3200,4,'',0,7300,4,'',0,3700,4,'',0,7100,4,'',0,3200,4,'',0,7200,4,'',0,3200,4,'',0,7200,4,'',0,2900,4,'',0,7100,4,'',0,3200,4,'',0,7200,4,'',0,7200,4,'',0,3100,4,'',0,2200,4,'',0,8300,4,'',0,8300,4,'',0,8300,4,'',0,4300,4,'',0
'2023JU-STMPSnea-Weekday-02',40801,64200,,'',0,7200,,'',0,3200,,'',0,7200,,'',0,3200,,'',0,7200,,'',0,3200,,'',0,7200,,'',0,3200,,'',0,7200,,'',0,7200,,'',0,3200,,'',0,7200,,'',0,3200,,'',0,7200,,'',0,3200,,'',0,7200,,'',0,3200,,'',0,7200,,'',0,3200,,'',0,7200,,'',0,3200,,'',0,7200,,'',0,3200,,'',0,7200,,'',0,7200,,'',0,3200,,'',0,8300,,'',0,8300,,'',0,4300,,'',0,8300,,'',0,8300,,'',0
'2023JU-STMPSu1-Sunday-02',40800,74500,4,'',0,8500,4,'',0,8500,4,'',0,8500,4,'',0,4500,4,'',0,8500,4,'',0,8400,4,'',0,4400,4,'',0,8600,4,'',0,8500,4,'',0,8500,4,'',0,4500,4,'',0,8500,4,'',0,8500,4,'',0,8400,4,'',0,4200,4,'',0,8500,4,'',0,8500,4,'',0,8500,4,'',0,4500,4,'',0,14500,4,'',0
'2023JU-STMPSu1-Sunday-02',40801,71000,,'',0,4500,,'',0,8500,,'',0,8500,,'',0,8500,,'',0,4500,,'',0,8500,,'',0,8500,,'',0,8500,,'',0,4500,,'',0,8500,,'',0,8500,,'',0,8500,,'',0,4500,,'',0,8500,,'',0,8500,,'',0,8500,,'',0,4500,,'',0,8500,,'',0,10500,,'',0
'2023JU-STMPSu2-Sunday-02',40800,74500,4,'',0,8500,4,'',0,8500,4,'',0,8500,4,'',0,4500,4,'',0,8500,4,'',0,8400,4,'',0,4400,4,'',0,8600,4,'',0,8500,4,'',0,8500,4,'',0,4500,4,'',0,8500,4,'',0,8500,4,'',0,8400,4,'',0,4200,4,'',0,8500,4,'',0,8500,4,'',0,8500,4,'',0,4500,4,'',0,14500,4,'',0
'2023JU-STMPSu2-Sunday-02',40801,71000,,'',0,4500,,'',0,8500,,'',0,8500,,'',0,8500,,'',0,4500,,'',0,8500,,'',0,8500,,'',0,8500,,'',0,4500,,'',0,8500,,'',0,8500,,'',0,8500,,'',0,4500,,'',0,8500,,'',0,8500,,'',0,8500,,'',0,4500,,'',0,8500,,'',0,10500,,'',0
'2023JU-STMPWeek-Weekday-02',40800,63000,4,'',0,7500,4,'',0,3200,4,'',0,7300,4,'',0,3200,4,'',0,6900,4,'',0,3100,4,'',0,7200,4,'',0,3200,4,'',0,7300,4,'',0,3200,4,'',0,7200,4,'',0,3100,4,'',0,7900,4,'',0,7200,4,'',0,3200,4,'',0,7300,4,'',0,3700,4,'',0,7100,4,'',0,3200,4,'',0,7200,4,'',0,3200,4,'',0,7200,4,'',0,2900,4,'',0,7100,4,'',0,3200,4,'',0,7200,4,'',0,7200,4,'',0,3100,4,'',0,2200,4,'',0,8300,4,'',0,8300,4,'',0,8300,4,'',0,4300,4,'',0
'2023JU-STMPWeek-Weekday-02',40801,64200,,'',0,7200,,'',0,3200,,'',0,7200,,'',0,3200,,'',0,7200,,'',0,3200,,'',0,7200,,'',0,3200,,'',0,7200,,'',0,7200,,'',0,3200,,'',0,7200,,'',0,3200,,'',0,7200,,'',0,3200,,'',0,7200,,'',0,3200,,'',0,7200,,'',0,3200,,'',0,7200,,'',0,3200,,'',0,7200,,'',0,3200,,'',0,7200,,'',0,7200,,'',0,3200,,'',0,8300,,'',0,8300,,'',0,4300,,'',0,8300,,'',0,8300,,'',0
