'2022DE-1BUSSA-Saturday-05',8601,62000,4,'',0,8000,4,'',0,4000,4,'',0,8000,4,'',0,8000,4,'',0,4000,4,'',0,7600,4,'',0,8400,4,'',0,4000,4,'',0,8000,4,'',0,8000,4,'',0,4000,4,'',0,8000,4,'',0,8000,4,'',0,4000,4,'',0,8000,4,'',0,8000,4,'',0,4000,4,'',0,8000,4,'',0,8000,4,'',0,4000,4,'',0,8000,4,'',0,8000,4,'',0,4000,4,'',0,8000,4,'',0,8000,4,'',0,4000,4,'',0
'2022DE-1BUSSU-Sunday-05',8601,62000,4,'',0,8000,4,'',0,4000,4,'',0,8000,4,'',0,8000,4,'',0,4000,4,'',0,7600,4,'',0,8400,4,'',0,4000,4,'',0,8000,4,'',0,8000,4,'',0,4000,4,'',0,8000,4,'',0,8000,4,'',0,4000,4,'',0,8000,4,'',0,8000,4,'',0,4000,4,'',0,8000,4,'',0,8000,4,'',0,4000,4,'',0,8000,4,'',0,8000,4,'',0,4000,4,'',0,8000,4,'',0,8000,4,'',0,4000,4,'',0
'2022DE-1BUSWK-Weekday-06',8601,52000,4,'',0,3000,4,'',0,7000,4,'',0,3000,4,'',0,7000,4,'',0,1500,4,'',0,1500,4,'',0,5500,4,'',0,1500,4,'',0,3000,4,'',0,6900,4,'',0,3000,4,'',0,7000,4,'',0,3000,4,'',0,7000,4,'',0,3000,4,'',0,7000,4,'',0,3000,4,'',0,7000,4,'',0,3000,4,'',0,7000,4,'',0,3000,4,'',0,7100,4,'',0,3000,4,'',0,7000,4,'',0,3000,4,'',0,7000,4,'',0,3000,4,'',0,7000,4,'',0,3400,4,'',0,7800,4,'',0,7800,4,'',0,3800,4,'',0,7800,4,'',0,7800,4,'',0,3800,4,'',0,7800,4,'',0,3800,4,'',0,7800,4,'',0,8400,4,'',0
'2022DE-1BUSSA-Saturday-05',10001,61500,4,'',0,3100,4,'',0,7100,4,'',0,3100,4,'',0,7100,4,'',0,3100,4,'',0,7100,4,'',0,3100,4,'',0,7100,4,'',0,3100,4,'',0,7100,4,'',0,3100,4,'',0,7100,4,'',0,3100,4,'',0,7100,4,'',0,7100,4,'',0,3100,4,'',0,7100,4,'',0,3100,4,'',0,7100,4,'',0,3100,4,'',0,7100,4,'',0,3100,4,'',0,7100,4,'',0,3100,4,'',0,7100,4,'',0,3100,4,'',0,7100,4,'',0,3100,4,'',0,7100,4,'',0,3100,4,'',0,7100,4,'',0,3100,4,'',0,7100,4,'',0,3100,4,'',0,7100,4,'',0,3100,4,'',0
'2022DE-1BUSSU-Sunday-05',10001,61500,4,'',0,3100,4,'',0,7100,4,'',0,3100,4,'',0,7100,4,'',0,3100,4,'',0,7100,4,'',0,3100,4,'',0,7100,4,'',0,3100,4,'',0,7100,4,'',0,3100,4,'',0,7100,4,'',0,3100,4,'',0,7100,4,'',0,7100,4,'',0,3100,4,'',0,7100,4,'',0,3100,4,'',0,7100,4,'',0,3100,4,'',0,7100,4,'',0,3100,4,'',0,7100,4,'',0,3100,4,'',0,7100,4,'',0,3100,4,'',0,7100,4,'',0,3100,4,'',0,7100,4,'',0,3100,4,'',0,7100,4,'',0,3100,4,'',0,7100,4,'',0,3100,4,'',0,7100,4,'',0,3100,4,'',0
'2022DE-1BUSWK-Weekday-06',10001,54100,4,'',0,7400,4,'',0,3300,4,'',0,7000,4,'',0,3000,4,'',0,7000,4,'',0,3200,4,'',0,7300,4,'',0,3300,4,'',0,7200,4,'',0,7200,4,'',0,3200,4,'',0,7200,4,'',0,3200,4,'',0,7200,4,'',0,3100,4,'',0,7100,4,'',0,3200,4,'',0,7300,4,'',0,3400,4,'',0,7500,4,'',0,3300,4,'',0,7400,4,'',0,7500,4,'',0,2900,4,'',0,7100,4,'',0,3100,4,'',0,7100,4,'',0,3000,4,'',0,7000,4,'',0,2700,4,'',0,6800,4,'',0,3200,4,'',0,6800,4,'',0,2800,4,'',0,7000,4,'',0,3000,4,'',0,7000,4,'',0,3000,4,'',0,7000,4,'',0
'2022DE-1BUSWK-Weekday-06',16101,52600,4,'',0,3000,4,'',0,7000,4,'',0,3000,4,'',0,7000,4,'',0,3000,4,'',0,7000,4,'',0,3000,4,'',0,7000,4,'',0,3000,4,'',0,7000,4,'',0,3000,4,'',0,7000,4,'',0,3000,4,'',0,7000,4,'',0,3000,4,'',0,7000,4,'',0,3000,4,'',0,7000,4,'',0,3000,4,'',0,7000,4,'',0,3000,4,'',0,7000,4,'',0,3000,4,'',0,7000,4,'',0,3000,4,'',0,7000,4,'',0,3000,4,'',0,7000,4,'',0,3000,4,'',0,7000,4,'',0,3000,4,'',0,7000,4,'',0,3000,4,'',0,7000,4,'',0,3000,4,'',0,7000,4,'',0,2900,4,'',0,6900,4,'',0,2900,4,'',0,6900,4,'',0
'2022DE-1BUSWK-Weekday-06-0000100',84301,144000,4,'',0
'2022DE-1BUSWK-Weekday-06-1111000',84301,145400,4,'',0
'2022DE-1BUSWK-Weekday-06-0000100',84400,144000,4,'',0
'2022DE-1BUSWK-Weekday-06-1111000',84400,145400,4,'',0
