'2023SE-1BUSSA-Saturday-05',4400,70600,4,'',0,4000,4,'',0,8000,4,'',0,8000,4,'',0,4000,4,'',0,8000,4,'',0,8000,4,'',0,4000,4,'',0,8000,4,'',0,8000,4,'',0,4000,4,'',0,8000,4,'',0,8000,4,'',0,4000,4,'',0,8000,4,'',0,8000,4,'',0,4000,4,'',0,8000,4,'',0,8000,4,'',0,4200,4,'',0
'2023SE-1BUSSA-Saturday-05',4401,63200,,'',0,7600,,'',0,4000,,'',0,8000,,'',0,8000,,'',0,4000,,'',0,8000,,'',0,8000,,'',0,4000,,'',0,8000,,'',0,8000,,'',0,4000,,'',0,8000,,'',0,8000,,'',0,4000,,'',0,8000,,'',0,8000,,'',0,4000,,'',0,8000,,'',0,8000,,'',0,4100,,'',0
'2023SE-1BUSWK-Weekday-05',4400,54800,4,'',0,8000,4,'',0,8000,4,'',0,3800,4,'',0,7300,4,'',0,4000,4,'',0,8900,4,'',0,8000,4,'',0,8000,4,'',0,4000,4,'',0,8000,4,'',0,8000,4,'',0,4000,4,'',0,8000,4,'',0,8800,4,'',0,3400,4,'',0,7800,4,'',0,8000,4,'',0,4000,4,'',0,8000,4,'',0,8000,4,'',0,4000,4,'',0
'2023SE-1BUSWK-Weekday-05',4401,55000,,'',0,8000,,'',0,8000,,'',0,3600,,'',0,7600,,'',0,7900,,'',0,4900,,'',0,8000,,'',0,8000,,'',0,4000,,'',0,8000,,'',0,8000,,'',0,4000,,'',0,8000,,'',0,8700,,'',0,3300,,'',0,8000,,'',0,8000,,'',0,4000,,'',0,8000,,'',0,8000,,'',0,4000,,'',0
'2023SE-pB5Nov24-Weekday-24',4400,54800,4,'',0,8000,4,'',0,8000,4,'',0,3800,4,'',0,7300,4,'',0,4000,4,'',0,8900,4,'',0,8000,4,'',0,8000,4,'',0,4000,4,'',0,8000,4,'',0,8000,4,'',0,4000,4,'',0,8000,4,'',0,8800,4,'',0,3400,4,'',0,7800,4,'',0,8000,4,'',0,4000,4,'',0,8000,4,'',0,8000,4,'',0,4000,4,'',0
'2023SE-pB5Nov24-Weekday-24',4401,55000,,'',0,8000,,'',0,8000,,'',0,3600,,'',0,7600,,'',0,7900,,'',0,4900,,'',0,8000,,'',0,8000,,'',0,4000,,'',0,8000,,'',0,8000,,'',0,4000,,'',0,8000,,'',0,8700,,'',0,3300,,'',0,8000,,'',0,8000,,'',0,4000,,'',0,8000,,'',0,8000,,'',0,4000,,'',0
'2023SE-pB6Dec2-Saturday-32',4400,70600,4,'',0,4000,4,'',0,8000,4,'',0,8000,4,'',0,4000,4,'',0,8000,4,'',0,8000,4,'',0,4000,4,'',0,8000,4,'',0,8000,4,'',0,4000,4,'',0,8000,4,'',0,8000,4,'',0,4000,4,'',0,8000,4,'',0,8000,4,'',0,4000,4,'',0,8000,4,'',0,8000,4,'',0,4200,4,'',0
'2023SE-pB6Dec2-Saturday-32',4401,63200,,'',0,7600,,'',0,4000,,'',0,8000,,'',0,8000,,'',0,4000,,'',0,8000,,'',0,8000,,'',0,4000,,'',0,8000,,'',0,8000,,'',0,4000,,'',0,8000,,'',0,8000,,'',0,4000,,'',0,8000,,'',0,8000,,'',0,4000,,'',0,8000,,'',0,8000,,'',0,4100,,'',0
'2023SE-pB6Nov25-Saturday-25',4400,70600,4,'',0,4000,4,'',0,8000,4,'',0,8000,4,'',0,4000,4,'',0,8000,4,'',0,8000,4,'',0,4000,4,'',0,8000,4,'',0,8000,4,'',0,4000,4,'',0,8000,4,'',0,8000,4,'',0,4000,4,'',0,8000,4,'',0,8000,4,'',0,4000,4,'',0,8000,4,'',0,8000,4,'',0,4200,4,'',0
'2023SE-pB6Nov25-Saturday-25',4401,63200,,'',0,7600,,'',0,4000,,'',0,8000,,'',0,8000,,'',0,4000,,'',0,8000,,'',0,8000,,'',0,4000,,'',0,8000,,'',0,8000,,'',0,4000,,'',0,8000,,'',0,8000,,'',0,4000,,'',0,8000,,'',0,8000,,'',0,4000,,'',0,8000,,'',0,8000,,'',0,4100,,'',0
'2023SE-qB1Nov27-Weekday-27',4400,54800,4,'',0,8000,4,'',0,8000,4,'',0,3800,4,'',0,7300,4,'',0,4000,4,'',0,8900,4,'',0,8000,4,'',0,8000,4,'',0,4000,4,'',0,8000,4,'',0,8000,4,'',0,4000,4,'',0,8000,4,'',0,8800,4,'',0,3400,4,'',0,7800,4,'',0,8000,4,'',0,4000,4,'',0,8000,4,'',0,8000,4,'',0,4000,4,'',0
'2023SE-qB1Nov27-Weekday-27',4401,55000,,'',0,8000,,'',0,8000,,'',0,3600,,'',0,7600,,'',0,7900,,'',0,4900,,'',0,8000,,'',0,8000,,'',0,4000,,'',0,8000,,'',0,8000,,'',0,4000,,'',0,8000,,'',0,8700,,'',0,3300,,'',0,8000,,'',0,8000,,'',0,4000,,'',0,8000,,'',0,8000,,'',0,4000,,'',0
