'2023JU-1BUSSA-Saturday-02',12300,71800,,'',0,3700,,'',0,7700,,'',0,7700,,'',0,3700,,'',0,7700,,'',0,7700,,'',0,3700,,'',0,7700,,'',0,3700,,'',0,8300,,'',0,7100,,'',0,3700,,'',0,7700,,'',0,3700,,'',0,7700,,'',0,7700,,'',0,3700,,'',0,7700,,'',0,7700,,'',0,3700,,'',0,7700,,'',0,3700,,'',0,7700,,'',0,7700,,'',0
'2023JU-1BUSSA-Saturday-02',12301,71600,4,'',0,3700,4,'',0,7700,4,'',0,7700,4,'',0,3900,4,'',0,7700,4,'',0,7700,4,'',0,3700,4,'',0,7700,4,'',0,3700,4,'',0,8300,4,'',0,7100,4,'',0,3700,4,'',0,7700,4,'',0,3700,4,'',0,7700,4,'',0,7700,4,'',0,3700,4,'',0,7700,4,'',0,3500,4,'',0,7700,4,'',0,7700,4,'',0,3700,4,'',0,7700,4,'',0,7700,4,'',0,3700,4,'',0
'2023JU-1BUSSU-Sunday-02',12300,71800,,'',0,3700,,'',0,7700,,'',0,7700,,'',0,3700,,'',0,7700,,'',0,7700,,'',0,3700,,'',0,7700,,'',0,3700,,'',0,8300,,'',0,7100,,'',0,3700,,'',0,7700,,'',0,3700,,'',0,7700,,'',0,7700,,'',0,3700,,'',0,7700,,'',0,7700,,'',0,3700,,'',0,7700,,'',0,3700,,'',0,7700,,'',0,7700,,'',0
'2023JU-1BUSSU-Sunday-02',12301,71600,4,'',0,3700,4,'',0,7700,4,'',0,7700,4,'',0,3900,4,'',0,7700,4,'',0,7700,4,'',0,3700,4,'',0,7700,4,'',0,3700,4,'',0,8300,4,'',0,7100,4,'',0,3700,4,'',0,7700,4,'',0,3700,4,'',0,7700,4,'',0,7700,4,'',0,3700,4,'',0,7700,4,'',0,3500,4,'',0,7700,4,'',0,7700,4,'',0,3700,4,'',0,7700,4,'',0,7700,4,'',0,3700,4,'',0
'2023JU-1BUSWK-Weekday-02',12300,52300,,'',0,3000,,'',0,7000,,'',0,3000,,'',0,7000,,'',0,3000,,'',0,7000,,'',0,3000,,'',0,7000,,'',0,3000,,'',0,7000,,'',0,3000,,'',0,7000,,'',0,3000,,'',0,7000,,'',0,3000,,'',0,7000,,'',0,3000,,'',0,6700,,'',0,3200,,'',0,5900,,'',0,1200,,'',0,1900,,'',0,7600,,'',0,3000,,'',0,5800,,'',0,3900,,'',0,6500,,'',0,2000,,'',0,7300,,'',0,3800,,'',0,7600,,'',0,3700,,'',0,7700,,'',0,7700,,'',0,3700,,'',0,7700,,'',0,3700,,'',0,7700,,'',0
'2023JU-1BUSWK-Weekday-02',12301,52300,4,'',0,3000,4,'',0,7000,4,'',0,3000,4,'',0,7000,4,'',0,3000,4,'',0,7000,4,'',0,3000,4,'',0,7000,4,'',0,3000,4,'',0,7000,4,'',0,3000,4,'',0,7000,4,'',0,3000,4,'',0,7000,4,'',0,3000,4,'',0,7000,4,'',0,3000,4,'',0,6700,4,'',0,3200,4,'',0,5900,4,'',0,1000,4,'',0,2100,4,'',0,5900,4,'',0,1700,4,'',0,1800,4,'',0,1100,4,'',0,5900,4,'',0,3500,4,'',0,6900,4,'',0,1800,4,'',0,7500,4,'',0,3600,4,'',0,7700,4,'',0,3500,4,'',0,7600,4,'',0,7700,4,'',0,3700,4,'',0,7700,4,'',0,3700,4,'',0,7700,4,'',0,7400,4,'',0
'2023JU-STMPPar-Weekday-02',12300,52300,,'',0,3000,,'',0,7000,,'',0,3000,,'',0,7000,,'',0,3000,,'',0,7000,,'',0,3000,,'',0,7000,,'',0,3000,,'',0,7000,,'',0,3000,,'',0,7000,,'',0,3000,,'',0,7000,,'',0,3000,,'',0,7000,,'',0,3000,,'',0,6700,,'',0,3200,,'',0,5900,,'',0,1200,,'',0,1900,,'',0,7600,,'',0,3000,,'',0,5800,,'',0,3900,,'',0,6500,,'',0,2000,,'',0,7300,,'',0,3800,,'',0,7600,,'',0,3700,,'',0,7700,,'',0,7700,,'',0,3700,,'',0,7700,,'',0,3700,,'',0,7700,,'',0
'2023JU-STMPPar-Weekday-02',12301,52300,4,'',0,3000,4,'',0,7000,4,'',0,3000,4,'',0,7000,4,'',0,3000,4,'',0,7000,4,'',0,3000,4,'',0,7000,4,'',0,3000,4,'',0,7000,4,'',0,3000,4,'',0,7000,4,'',0,3000,4,'',0,7000,4,'',0,3000,4,'',0,7000,4,'',0,3000,4,'',0,6700,4,'',0,3200,4,'',0,5900,4,'',0,1000,4,'',0,2100,4,'',0,5900,4,'',0,1700,4,'',0,1800,4,'',0,1100,4,'',0,5900,4,'',0,3500,4,'',0,6900,4,'',0,1800,4,'',0,7500,4,'',0,3600,4,'',0,7700,4,'',0,3500,4,'',0,7600,4,'',0,7700,4,'',0,3700,4,'',0,7700,4,'',0,3700,4,'',0,7700,4,'',0,7400,4,'',0
'2023JU-STMPSat-Saturday-02',12300,71800,,'',0,3700,,'',0,7700,,'',0,7700,,'',0,3700,,'',0,7700,,'',0,7700,,'',0,3700,,'',0,7700,,'',0,3700,,'',0,8300,,'',0,7100,,'',0,3700,,'',0,7700,,'',0,3700,,'',0,7700,,'',0,7700,,'',0,3700,,'',0,7700,,'',0,7700,,'',0,3700,,'',0,7700,,'',0,3700,,'',0,7700,,'',0,7700,,'',0
'2023JU-STMPSat-Saturday-02',12301,71600,4,'',0,3700,4,'',0,7700,4,'',0,7700,4,'',0,3900,4,'',0,7700,4,'',0,7700,4,'',0,3700,4,'',0,7700,4,'',0,3700,4,'',0,8300,4,'',0,7100,4,'',0,3700,4,'',0,7700,4,'',0,3700,4,'',0,7700,4,'',0,7700,4,'',0,3700,4,'',0,7700,4,'',0,3500,4,'',0,7700,4,'',0,7700,4,'',0,3700,4,'',0,7700,4,'',0,7700,4,'',0,3700,4,'',0
'2023JU-STMPSnea-Weekday-02',12300,52300,,'',0,3000,,'',0,7000,,'',0,3000,,'',0,7000,,'',0,3000,,'',0,7000,,'',0,3000,,'',0,7000,,'',0,3000,,'',0,7000,,'',0,3000,,'',0,7000,,'',0,3000,,'',0,7000,,'',0,3000,,'',0,7000,,'',0,3000,,'',0,6700,,'',0,3200,,'',0,5900,,'',0,1200,,'',0,1900,,'',0,7600,,'',0,3000,,'',0,5800,,'',0,3900,,'',0,6500,,'',0,2000,,'',0,7300,,'',0,3800,,'',0,7600,,'',0,3700,,'',0,7700,,'',0,7700,,'',0,3700,,'',0,7700,,'',0,3700,,'',0,7700,,'',0
'2023JU-STMPSnea-Weekday-02',12301,52300,4,'',0,3000,4,'',0,7000,4,'',0,3000,4,'',0,7000,4,'',0,3000,4,'',0,7000,4,'',0,3000,4,'',0,7000,4,'',0,3000,4,'',0,7000,4,'',0,3000,4,'',0,7000,4,'',0,3000,4,'',0,7000,4,'',0,3000,4,'',0,7000,4,'',0,3000,4,'',0,6700,4,'',0,3200,4,'',0,5900,4,'',0,1000,4,'',0,2100,4,'',0,5900,4,'',0,1700,4,'',0,1800,4,'',0,1100,4,'',0,5900,4,'',0,3500,4,'',0,6900,4,'',0,1800,4,'',0,7500,4,'',0,3600,4,'',0,7700,4,'',0,3500,4,'',0,7600,4,'',0,7700,4,'',0,3700,4,'',0,7700,4,'',0,3700,4,'',0,7700,4,'',0,7400,4,'',0
'2023JU-STMPSu1-Sunday-02',12300,71800,,'',0,3700,,'',0,7700,,'',0,7700,,'',0,3700,,'',0,7700,,'',0,7700,,'',0,3700,,'',0,7700,,'',0,3700,,'',0,8300,,'',0,7100,,'',0,3700,,'',0,7700,,'',0,3700,,'',0,7700,,'',0,7700,,'',0,3700,,'',0,7700,,'',0,7700,,'',0,3700,,'',0,7700,,'',0,3700,,'',0,7700,,'',0,7700,,'',0
'2023JU-STMPSu1-Sunday-02',12301,71600,4,'',0,3700,4,'',0,7700,4,'',0,7700,4,'',0,3900,4,'',0,7700,4,'',0,7700,4,'',0,3700,4,'',0,7700,4,'',0,3700,4,'',0,8300,4,'',0,7100,4,'',0,3700,4,'',0,7700,4,'',0,3700,4,'',0,7700,4,'',0,7700,4,'',0,3700,4,'',0,7700,4,'',0,3500,4,'',0,7700,4,'',0,7700,4,'',0,3700,4,'',0,7700,4,'',0,7700,4,'',0,3700,4,'',0
'2023JU-STMPSu2-Sunday-02',12300,71800,,'',0,3700,,'',0,7700,,'',0,7700,,'',0,3700,,'',0,7700,,'',0,7700,,'',0,3700,,'',0,7700,,'',0,3700,,'',0,8300,,'',0,7100,,'',0,3700,,'',0,7700,,'',0,3700,,'',0,7700,,'',0,7700,,'',0,3700,,'',0,7700,,'',0,7700,,'',0,3700,,'',0,7700,,'',0,3700,,'',0,7700,,'',0,7700,,'',0
'2023JU-STMPSu2-Sunday-02',12301,71600,4,'',0,3700,4,'',0,7700,4,'',0,7700,4,'',0,3900,4,'',0,7700,4,'',0,7700,4,'',0,3700,4,'',0,7700,4,'',0,3700,4,'',0,8300,4,'',0,7100,4,'',0,3700,4,'',0,7700,4,'',0,3700,4,'',0,7700,4,'',0,7700,4,'',0,3700,4,'',0,7700,4,'',0,3500,4,'',0,7700,4,'',0,7700,4,'',0,3700,4,'',0,7700,4,'',0,7700,4,'',0,3700,4,'',0
'2023JU-STMPWeek-Weekday-02',12300,52300,,'',0,3000,,'',0,7000,,'',0,3000,,'',0,7000,,'',0,3000,,'',0,7000,,'',0,3000,,'',0,7000,,'',0,3000,,'',0,7000,,'',0,3000,,'',0,7000,,'',0,3000,,'',0,7000,,'',0,3000,,'',0,7000,,'',0,3000,,'',0,6700,,'',0,3200,,'',0,5900,,'',0,1200,,'',0,1900,,'',0,7600,,'',0,3000,,'',0,5800,,'',0,3900,,'',0,6500,,'',0,2000,,'',0,7300,,'',0,3800,,'',0,7600,,'',0,3700,,'',0,7700,,'',0,7700,,'',0,3700,,'',0,7700,,'',0,3700,,'',0,7700,,'',0
'2023JU-STMPWeek-Weekday-02',12301,52300,4,'',0,3000,4,'',0,7000,4,'',0,3000,4,'',0,7000,4,'',0,3000,4,'',0,7000,4,'',0,3000,4,'',0,7000,4,'',0,3000,4,'',0,7000,4,'',0,3000,4,'',0,7000,4,'',0,3000,4,'',0,7000,4,'',0,3000,4,'',0,7000,4,'',0,3000,4,'',0,6700,4,'',0,3200,4,'',0,5900,4,'',0,1000,4,'',0,2100,4,'',0,5900,4,'',0,1700,4,'',0,1800,4,'',0,1100,4,'',0,5900,4,'',0,3500,4,'',0,6900,4,'',0,1800,4,'',0,7500,4,'',0,3600,4,'',0,7700,4,'',0,3500,4,'',0,7600,4,'',0,7700,4,'',0,3700,4,'',0,7700,4,'',0,3700,4,'',0,7700,4,'',0,7400,4,'',0
