'2023DE-1BUSCUT-Weekday-02',2800,53500,4,'',0,7200,4,'',0,600,,'',0,3000,,'',0,200,4,'',0,6800,,'',0,200,4,'',0,2800,,'',0,200,4,'',0,6800,,'',0,200,4,'',0,2800,,'',0,200,4,'',0,6800,,'',0,200,4,'',0,2800,,'',0,200,4,'',0,6800,,'',0,200,4,'',0,2800,,'',0,200,4,'',0,6800,,'',0,200,4,'',0,2800,,'',0,200,4,'',0,6800,,'',0,200,4,'',0,2800,,'',0,200,4,'',0,6800,,'',0,200,4,'',0,2800,,'',0,200,4,'',0,6800,,'',0,200,4,'',0,2800,,'',0,200,4,'',0,6800,,'',0,200,4,'',0,2800,,'',0,200,4,'',0,6800,,'',0,200,4,'',0,2800,,'',0,200,4,'',0,6800,,'',0,200,4,'',0,2800,,'',0,200,4,'',0,6800,,'',0,200,4,'',0,2300,,'',0,700,4,'',0,6100,,'',0,400,4,'',0,2500,,'',0,300,4,'',0,6700,,'',0,200,4,'',0,2800,,'',0,200,4,'',0,6800,,'',0,200,4,'',0,2800,,'',0,200,4,'',0,6800,,'',0,200,4,'',0,2800,,'',0,200,4,'',0,6800,,'',0,200,4,'',0,2800,,'',0,200,4,'',0,7000,4,'',0
'2023DE-1BUSSA-Saturday-02',2800,53300,,'',0,7000,,'',0,200,4,'',0,2800,,'',0,200,4,'',0,6800,,'',0,200,4,'',0,2800,,'',0,200,4,'',0,6800,,'',0,200,4,'',0,2800,,'',0,200,4,'',0,6800,,'',0,200,4,'',0,2800,,'',0,200,4,'',0,6800,,'',0,200,4,'',0,2800,,'',0,200,4,'',0,6800,,'',0,200,4,'',0,2800,,'',0,200,4,'',0,6800,,'',0,200,4,'',0,2800,,'',0,200,4,'',0,6800,,'',0,200,4,'',0,2800,,'',0,200,4,'',0,6800,,'',0,200,4,'',0,2800,,'',0,200,4,'',0,6800,,'',0,200,4,'',0,2800,,'',0,200,4,'',0,6800,,'',0,200,4,'',0,2800,,'',0,200,4,'',0,6800,,'',0,200,4,'',0,2800,,'',0,200,4,'',0,6800,,'',0,200,4,'',0,2800,,'',0,200,4,'',0,6800,,'',0,200,4,'',0,2800,,'',0,200,4,'',0,6800,,'',0,200,4,'',0,2800,,'',0,200,4,'',0,6800,,'',0,200,4,'',0,3000,4,'',0,7200,4,'',0
'2023DE-1BUSSU-Sunday-02',2800,70300,,'',0,3000,,'',0,200,4,'',0,6800,,'',0,200,4,'',0,2800,,'',0,200,4,'',0,6800,,'',0,200,4,'',0,2800,,'',0,200,4,'',0,6800,,'',0,200,4,'',0,2800,,'',0,200,4,'',0,6800,,'',0,200,4,'',0,2800,,'',0,200,4,'',0,6800,,'',0,200,4,'',0,2800,,'',0,200,4,'',0,6800,,'',0,200,4,'',0,2800,,'',0,200,4,'',0,6800,,'',0,200,4,'',0,2800,,'',0,200,4,'',0,6800,,'',0,200,4,'',0,2800,,'',0,200,4,'',0,6800,,'',0,200,4,'',0,2800,,'',0,200,4,'',0,6800,,'',0,200,4,'',0,2800,,'',0,200,4,'',0,6800,,'',0,200,4,'',0,2800,,'',0,200,4,'',0,6800,,'',0,200,4,'',0,2800,,'',0,200,4,'',0,6800,,'',0,200,4,'',0,2800,,'',0,200,4,'',0,7000,4,'',0,3000,,'',0,200,4,'',0,7000,4,'',0
'2023DE-1BUSWK-Weekday-02',2800,53500,4,'',0,7200,4,'',0,600,,'',0,3000,,'',0,200,4,'',0,6800,,'',0,200,4,'',0,2800,,'',0,200,4,'',0,6800,,'',0,200,4,'',0,2800,,'',0,200,4,'',0,6800,,'',0,200,4,'',0,2800,,'',0,200,4,'',0,6800,,'',0,200,4,'',0,2800,,'',0,200,4,'',0,6800,,'',0,200,4,'',0,2800,,'',0,200,4,'',0,6800,,'',0,200,4,'',0,2800,,'',0,200,4,'',0,6800,,'',0,200,4,'',0,2800,,'',0,200,4,'',0,6800,,'',0,200,4,'',0,2800,,'',0,200,4,'',0,6800,,'',0,200,4,'',0,2800,,'',0,200,4,'',0,6800,,'',0,200,4,'',0,2800,,'',0,200,4,'',0,6800,,'',0,200,4,'',0,2800,,'',0,200,4,'',0,6800,,'',0,200,4,'',0,2300,,'',0,700,4,'',0,6100,,'',0,400,4,'',0,2500,,'',0,300,4,'',0,6700,,'',0,200,4,'',0,2800,,'',0,200,4,'',0,6800,,'',0,200,4,'',0,2800,,'',0,200,4,'',0,6800,,'',0,200,4,'',0,2800,,'',0,200,4,'',0,6800,,'',0,200,4,'',0,2800,,'',0,200,4,'',0,7000,4,'',0
'2023DE-pBxDec31-Sunday-31',2800,70300,,'',0,3000,,'',0,200,4,'',0,6800,,'',0,200,4,'',0,2800,,'',0,200,4,'',0,6800,,'',0,200,4,'',0,2800,,'',0,200,4,'',0,6800,,'',0,200,4,'',0,2800,,'',0,200,4,'',0,6800,,'',0,200,4,'',0,2800,,'',0,200,4,'',0,6800,,'',0,200,4,'',0,2800,,'',0,200,4,'',0,6800,,'',0,200,4,'',0,2800,,'',0,200,4,'',0,6800,,'',0,200,4,'',0,2800,,'',0,200,4,'',0,6800,,'',0,200,4,'',0,2800,,'',0,200,4,'',0,6800,,'',0,200,4,'',0,2800,,'',0,200,4,'',0,6800,,'',0,200,4,'',0,2800,,'',0,200,4,'',0,6800,,'',0,200,4,'',0,2800,,'',0,200,4,'',0,6800,,'',0,200,4,'',0,2800,,'',0,200,4,'',0,6800,,'',0,200,4,'',0,2800,,'',0,200,4,'',0,7000,4,'',0,3000,,'',0,200,4,'',0,7000,4,'',0
'2023DE-1BUSCUT-Weekday-02',4400,52200,,'',0,8000,,'',0,4000,,'',0,7800,,'',0,3300,,'',0,8000,,'',0,8900,,'',0,8000,,'',0,4000,,'',0,8000,,'',0,8000,,'',0,4000,,'',0,8000,,'',0,8000,,'',0,4800,,'',0,7400,,'',0,7800,,'',0,4000,,'',0,8000,,'',0,8000,,'',0,4000,,'',0,8000,,'',0
'2023DE-1BUSCUT-Weekday-02',4401,55600,4,'',0,8000,4,'',0,8000,4,'',0,3600,4,'',0,7600,4,'',0,7900,4,'',0,4900,4,'',0,8000,4,'',0,8000,4,'',0,4000,4,'',0,8000,4,'',0,8000,4,'',0,4000,4,'',0,8000,4,'',0,8700,4,'',0,3300,4,'',0,8000,4,'',0,8000,4,'',0,4000,4,'',0,8000,4,'',0,8000,4,'',0,4000,4,'',0
'2023DE-1BUSSA-Saturday-02',4400,64000,,'',0,8000,,'',0,8000,,'',0,4000,,'',0,8000,,'',0,8000,,'',0,4000,,'',0,8000,,'',0,8000,,'',0,4000,,'',0,8000,,'',0,8000,,'',0,4000,,'',0,8000,,'',0,8000,,'',0,4000,,'',0,8000,,'',0,8000,,'',0,4000,,'',0,8200,,'',0
'2023DE-1BUSSA-Saturday-02',4401,63800,4,'',0,7600,4,'',0,4000,4,'',0,8000,4,'',0,8000,4,'',0,4000,4,'',0,8000,4,'',0,8000,4,'',0,4000,4,'',0,8000,4,'',0,8000,4,'',0,4000,4,'',0,8000,4,'',0,8000,4,'',0,4000,4,'',0,8000,4,'',0,8000,4,'',0,4000,4,'',0,8000,4,'',0,8000,4,'',0,4100,4,'',0
'2023DE-1BUSWK-Weekday-02',4400,52200,,'',0,8000,,'',0,4000,,'',0,7800,,'',0,3300,,'',0,8000,,'',0,8900,,'',0,8000,,'',0,4000,,'',0,8000,,'',0,8000,,'',0,4000,,'',0,8000,,'',0,8000,,'',0,4800,,'',0,7400,,'',0,7800,,'',0,4000,,'',0,8000,,'',0,8000,,'',0,4000,,'',0,8000,,'',0
'2023DE-1BUSWK-Weekday-02',4401,55600,4,'',0,8000,4,'',0,8000,4,'',0,3600,4,'',0,7600,4,'',0,7900,4,'',0,4900,4,'',0,8000,4,'',0,8000,4,'',0,4000,4,'',0,8000,4,'',0,8000,4,'',0,4000,4,'',0,8000,4,'',0,8700,4,'',0,3300,4,'',0,8000,4,'',0,8000,4,'',0,4000,4,'',0,8000,4,'',0,8000,4,'',0,4000,4,'',0
'2023DE-1BUSCUT-Weekday-02',8300,55500,4,'',0,6100,4,'',0,100,,'',0,2100,4,'',0,900,,'',0,6100,4,'',0,900,,'',0,2100,4,'',0,900,,'',0,6100,4,'',0,900,,'',0,2100,4,'',0,900,,'',0,6100,4,'',0,900,,'',0,2100,4,'',0,900,,'',0,6100,4,'',0,900,,'',0,2100,4,'',0,900,,'',0,6100,4,'',0,900,,'',0,2100,4,'',0,900,,'',0,6100,4,'',0,900,,'',0,2100,4,'',0,900,,'',0,6100,4,'',0,900,,'',0,2100,4,'',0,900,,'',0,6100,4,'',0,900,,'',0,2100,4,'',0,900,,'',0,6000,4,'',0,1000,,'',0,2100,4,'',0,900,,'',0,6100,4,'',0,900,,'',0,2100,4,'',0,900,,'',0,6100,4,'',0,900,,'',0,2100,4,'',0,900,,'',0,6100,4,'',0,900,,'',0,2100,4,'',0,700,,'',0,6100,4,'',0,400,,'',0,2100,4,'',0,900,,'',0,6100,4,'',0,900,,'',0,2100,4,'',0,900,,'',0,6100,4,'',0,900,,'',0,2100,4,'',0,900,,'',0,6100,4,'',0,900,,'',0,2100,4,'',0,900,,'',0,6100,4,'',0,900,,'',0,2100,4,'',0
'2023DE-1BUSSA-Saturday-02',8300,60600,,'',0,2100,4,'',0,900,,'',0,2100,4,'',0,4900,,'',0,2100,4,'',0,900,,'',0,2100,4,'',0,4900,,'',0,2100,4,'',0,900,,'',0,2100,4,'',0,4900,,'',0,2100,4,'',0,900,,'',0,2100,4,'',0,4900,,'',0,2100,4,'',0,900,,'',0,2100,4,'',0,4900,,'',0,2100,4,'',0,900,,'',0,2100,4,'',0,4900,,'',0,2100,4,'',0,900,,'',0,2100,4,'',0,4900,,'',0,2100,4,'',0,900,,'',0,2100,4,'',0,4900,,'',0,2100,4,'',0,900,,'',0,2100,4,'',0,4900,,'',0,2100,4,'',0,900,,'',0,2100,4,'',0,4900,,'',0,2100,4,'',0,900,,'',0,2100,4,'',0,4900,,'',0,2100,4,'',0,900,,'',0,2100,4,'',0,4900,,'',0,2100,4,'',0,900,,'',0,2100,4,'',0,4900,,'',0,2100,4,'',0,900,,'',0,2100,4,'',0,4900,,'',0,2100,4,'',0,900,,'',0,2100,4,'',0,4900,,'',0,2100,4,'',0,900,,'',0,2100,4,'',0
'2023DE-1BUSSU-Sunday-02',8300,73600,,'',0,2100,4,'',0,4900,,'',0,2100,4,'',0,900,,'',0,2100,4,'',0,4900,,'',0,2100,4,'',0,900,,'',0,2100,4,'',0,4900,,'',0,2100,4,'',0,900,,'',0,2100,4,'',0,4900,,'',0,2100,4,'',0,900,,'',0,2100,4,'',0,4900,,'',0,2100,4,'',0,900,,'',0,2100,4,'',0,4900,,'',0,2100,4,'',0,900,,'',0,2100,4,'',0,4900,,'',0,2100,4,'',0,900,,'',0,2100,4,'',0,4900,,'',0,2100,4,'',0,900,,'',0,2100,4,'',0,4900,,'',0,2100,4,'',0,900,,'',0,2100,4,'',0,4900,,'',0,2100,4,'',0,900,,'',0,2100,4,'',0,4900,,'',0,2100,4,'',0,900,,'',0,2100,4,'',0,4900,,'',0,2100,4,'',0,900,,'',0,2100,4,'',0,4900,,'',0,2100,4,'',0,900,,'',0,2100,4,'',0,4900,,'',0,2100,4,'',0,1100,,'',0,2100,4,'',0,4900,,'',0,2100,4,'',0
'2023DE-1BUSWK-Weekday-02',8300,55500,4,'',0,6100,4,'',0,100,,'',0,2100,4,'',0,900,,'',0,6100,4,'',0,900,,'',0,2100,4,'',0,900,,'',0,6100,4,'',0,900,,'',0,2100,4,'',0,900,,'',0,6100,4,'',0,900,,'',0,2100,4,'',0,900,,'',0,6100,4,'',0,900,,'',0,2100,4,'',0,900,,'',0,6100,4,'',0,900,,'',0,2100,4,'',0,900,,'',0,6100,4,'',0,900,,'',0,2100,4,'',0,900,,'',0,6100,4,'',0,900,,'',0,2100,4,'',0,900,,'',0,6100,4,'',0,900,,'',0,2100,4,'',0,900,,'',0,6000,4,'',0,1000,,'',0,2100,4,'',0,900,,'',0,6100,4,'',0,900,,'',0,2100,4,'',0,900,,'',0,6100,4,'',0,900,,'',0,2100,4,'',0,900,,'',0,6100,4,'',0,900,,'',0,2100,4,'',0,700,,'',0,6100,4,'',0,400,,'',0,2100,4,'',0,900,,'',0,6100,4,'',0,900,,'',0,2100,4,'',0,900,,'',0,6100,4,'',0,900,,'',0,2100,4,'',0,900,,'',0,6100,4,'',0,900,,'',0,2100,4,'',0,900,,'',0,6100,4,'',0,900,,'',0,2100,4,'',0
'2023DE-pBxDec31-Sunday-31',8300,73600,,'',0,2100,4,'',0,4900,,'',0,2100,4,'',0,900,,'',0,2100,4,'',0,4900,,'',0,2100,4,'',0,900,,'',0,2100,4,'',0,4900,,'',0,2100,4,'',0,900,,'',0,2100,4,'',0,4900,,'',0,2100,4,'',0,900,,'',0,2100,4,'',0,4900,,'',0,2100,4,'',0,900,,'',0,2100,4,'',0,4900,,'',0,2100,4,'',0,900,,'',0,2100,4,'',0,4900,,'',0,2100,4,'',0,900,,'',0,2100,4,'',0,4900,,'',0,2100,4,'',0,900,,'',0,2100,4,'',0,4900,,'',0,2100,4,'',0,900,,'',0,2100,4,'',0,4900,,'',0,2100,4,'',0,900,,'',0,2100,4,'',0,4900,,'',0,2100,4,'',0,900,,'',0,2100,4,'',0,4900,,'',0,2100,4,'',0,900,,'',0,2100,4,'',0,4900,,'',0,2100,4,'',0,900,,'',0,2100,4,'',0,4900,,'',0,2100,4,'',0,1100,,'',0,2100,4,'',0,4900,,'',0,2100,4,'',0
