'2023SE-1BUSSA-Saturday-05',30000,52600,4,'',0,3200,4,'',0,6800,4,'',0,2900,4,'',0,7000,4,'',0,3000,4,'',0,7000,4,'',0,3000,4,'',0,7000,4,'',0,3000,4,'',0,6900,4,'',0,2900,4,'',0,7000,4,'',0,2900,4,'',0,7000,4,'',0,3100,4,'',0,7000,4,'',0,2900,4,'',0,7100,4,'',0,3000,4,'',0,6900,4,'',0,3000,4,'',0,7100,4,'',0,3200,4,'',0,7000,4,'',0,3100,4,'',0,7200,4,'',0,3000,4,'',0,7100,4,'',0,7200,4,'',0,3000,4,'',0,7100,4,'',0,2800,4,'',0,2900,4,'',0,7100,4,'',0,2800,4,'',0,6800,4,'',0,3000,4,'',0
'2023SE-1BUSSA-Saturday-05',30001,53500,,'',0,7000,,'',0,3000,,'',0,7000,,'',0,3000,,'',0,7000,,'',0,3000,,'',0,6900,,'',0,2900,,'',0,7000,,'',0,2900,,'',0,6800,,'',0,2900,,'',0,3000,,'',0,6900,,'',0,3100,,'',0,7000,,'',0,2900,,'',0,7100,,'',0,7100,,'',0,2800,,'',0,3000,,'',0,7100,,'',0,7200,,'',0,3000,,'',0,7100,,'',0,3200,,'',0,7000,,'',0,3100,,'',0,7200,,'',0,3200,,'',0,7100,,'',0,2800,,'',0,6800,,'',0,3000,,'',0,7000,,'',0,3000,,'',0
'2023SE-1BUSSU-Sunday-05',30000,52600,4,'',0,3200,4,'',0,6800,4,'',0,2900,4,'',0,7000,4,'',0,3000,4,'',0,7000,4,'',0,3000,4,'',0,7000,4,'',0,3000,4,'',0,6900,4,'',0,2900,4,'',0,7000,4,'',0,2900,4,'',0,7000,4,'',0,3100,4,'',0,7000,4,'',0,2900,4,'',0,7100,4,'',0,3000,4,'',0,6900,4,'',0,3000,4,'',0,7100,4,'',0,3200,4,'',0,7000,4,'',0,3100,4,'',0,7200,4,'',0,3000,4,'',0,7100,4,'',0,7200,4,'',0,3000,4,'',0,7100,4,'',0,2800,4,'',0,2900,4,'',0,7100,4,'',0,2800,4,'',0,6800,4,'',0,3000,4,'',0
'2023SE-1BUSSU-Sunday-05',30001,53500,,'',0,7000,,'',0,3000,,'',0,7000,,'',0,3000,,'',0,7000,,'',0,3000,,'',0,6900,,'',0,2900,,'',0,7000,,'',0,2900,,'',0,6800,,'',0,2900,,'',0,3000,,'',0,6900,,'',0,3100,,'',0,7000,,'',0,2900,,'',0,7100,,'',0,7100,,'',0,2800,,'',0,3000,,'',0,7100,,'',0,7200,,'',0,3000,,'',0,7100,,'',0,3200,,'',0,7000,,'',0,3100,,'',0,7200,,'',0,3200,,'',0,7100,,'',0,2800,,'',0,6800,,'',0,3000,,'',0,7000,,'',0,3000,,'',0
'2023SE-1BUSWK-Weekday-05',30000,51100,4,'',0,2200,4,'',0,2200,4,'',0,6200,4,'',0,2200,4,'',0,6200,4,'',0,2300,4,'',0,2300,4,'',0,6700,4,'',0,2500,4,'',0,6600,4,'',0,2300,4,'',0,2400,4,'',0,6400,4,'',0,2400,4,'',0,6400,4,'',0,2400,4,'',0,2300,4,'',0,6400,4,'',0,2400,4,'',0,6300,4,'',0,2300,4,'',0,2300,4,'',0,6400,4,'',0,2600,4,'',0,6400,4,'',0,2300,4,'',0,2500,4,'',0,6600,4,'',0,2700,4,'',0,6600,4,'',0,2500,4,'',0,2400,4,'',0,6200,4,'',0,2400,4,'',0,6300,4,'',0,1800,4,'',0,2200,4,'',0,6300,4,'',0,2200,4,'',0,2200,4,'',0,6200,4,'',0,2000,4,'',0,2200,4,'',0,6200,4,'',0,2200,4,'',0,6200,4,'',0,2000,4,'',0,2200,4,'',0,6200,4,'',0,2200,4,'',0
'2023SE-1BUSWK-Weekday-05',30001,52200,,'',0,2200,,'',0,6100,,'',0,2100,,'',0,2200,,'',0,6300,,'',0,2300,,'',0,2400,,'',0,6600,,'',0,2500,,'',0,6400,,'',0,2400,,'',0,6400,,'',0,2400,,'',0,2400,,'',0,6400,,'',0,2300,,'',0,2300,,'',0,6300,,'',0,2300,,'',0,6300,,'',0,2300,,'',0,2300,,'',0,6400,,'',0,2500,,'',0,6400,,'',0,2500,,'',0,2500,,'',0,6500,,'',0,2600,,'',0,6600,,'',0,2600,,'',0,6300,,'',0,2300,,'',0,2300,,'',0,6300,,'',0,2200,,'',0,2200,,'',0,6200,,'',0,2200,,'',0,6200,,'',0,2200,,'',0,2200,,'',0,6200,,'',0,2200,,'',0,2200,,'',0,6200,,'',0,2200,,'',0,2200,,'',0,6200,,'',0
'2023SE-pB5Nov24-Weekday-24',30000,51100,4,'',0,2200,4,'',0,2200,4,'',0,6200,4,'',0,2200,4,'',0,6200,4,'',0,2300,4,'',0,2300,4,'',0,6700,4,'',0,2500,4,'',0,6600,4,'',0,2300,4,'',0,2400,4,'',0,6400,4,'',0,2400,4,'',0,6400,4,'',0,2400,4,'',0,2300,4,'',0,6400,4,'',0,2400,4,'',0,6300,4,'',0,2300,4,'',0,2300,4,'',0,6400,4,'',0,2600,4,'',0,6400,4,'',0,2300,4,'',0,2500,4,'',0,6600,4,'',0,2700,4,'',0,6600,4,'',0,2500,4,'',0,2400,4,'',0,6200,4,'',0,2400,4,'',0,6300,4,'',0,1800,4,'',0,2200,4,'',0,6300,4,'',0,2200,4,'',0,2200,4,'',0,6200,4,'',0,2000,4,'',0,2200,4,'',0,6200,4,'',0,2200,4,'',0,6200,4,'',0,2000,4,'',0,2200,4,'',0,6200,4,'',0,2200,4,'',0
'2023SE-pB5Nov24-Weekday-24',30001,52200,,'',0,2200,,'',0,6100,,'',0,2100,,'',0,2200,,'',0,6300,,'',0,2300,,'',0,2400,,'',0,6600,,'',0,2500,,'',0,6400,,'',0,2400,,'',0,6400,,'',0,2400,,'',0,2400,,'',0,6400,,'',0,2300,,'',0,2300,,'',0,6300,,'',0,2300,,'',0,6300,,'',0,2300,,'',0,2300,,'',0,6400,,'',0,2500,,'',0,6400,,'',0,2500,,'',0,2500,,'',0,6500,,'',0,2600,,'',0,6600,,'',0,2600,,'',0,6300,,'',0,2300,,'',0,2300,,'',0,6300,,'',0,2200,,'',0,2200,,'',0,6200,,'',0,2200,,'',0,6200,,'',0,2200,,'',0,2200,,'',0,6200,,'',0,2200,,'',0,2200,,'',0,6200,,'',0,2200,,'',0,2200,,'',0,6200,,'',0
'2023SE-pB6Dec2-Saturday-32',30000,52600,4,'',0,3200,4,'',0,6800,4,'',0,2900,4,'',0,7000,4,'',0,3000,4,'',0,7000,4,'',0,3000,4,'',0,7000,4,'',0,3000,4,'',0,6900,4,'',0,2900,4,'',0,7000,4,'',0,2900,4,'',0,7000,4,'',0,3100,4,'',0,7000,4,'',0,2900,4,'',0,7100,4,'',0,3000,4,'',0,6900,4,'',0,3000,4,'',0,7100,4,'',0,3200,4,'',0,7000,4,'',0,3100,4,'',0,7200,4,'',0,3000,4,'',0,7100,4,'',0,7200,4,'',0,3000,4,'',0,7100,4,'',0,2800,4,'',0,2900,4,'',0,7100,4,'',0,2800,4,'',0,6800,4,'',0,3000,4,'',0
'2023SE-pB6Dec2-Saturday-32',30001,53500,,'',0,7000,,'',0,3000,,'',0,7000,,'',0,3000,,'',0,7000,,'',0,3000,,'',0,6900,,'',0,2900,,'',0,7000,,'',0,2900,,'',0,6800,,'',0,2900,,'',0,3000,,'',0,6900,,'',0,3100,,'',0,7000,,'',0,2900,,'',0,7100,,'',0,7100,,'',0,2800,,'',0,3000,,'',0,7100,,'',0,7200,,'',0,3000,,'',0,7100,,'',0,3200,,'',0,7000,,'',0,3100,,'',0,7200,,'',0,3200,,'',0,7100,,'',0,2800,,'',0,6800,,'',0,3000,,'',0,7000,,'',0,3000,,'',0
'2023SE-pB6Nov25-Saturday-25',30000,52600,4,'',0,3200,4,'',0,6800,4,'',0,2900,4,'',0,7000,4,'',0,3000,4,'',0,7000,4,'',0,3000,4,'',0,7000,4,'',0,3000,4,'',0,6900,4,'',0,2900,4,'',0,7000,4,'',0,2900,4,'',0,7000,4,'',0,3100,4,'',0,7000,4,'',0,2900,4,'',0,7100,4,'',0,3000,4,'',0,6900,4,'',0,3000,4,'',0,7100,4,'',0,3200,4,'',0,7000,4,'',0,3100,4,'',0,7200,4,'',0,3000,4,'',0,7100,4,'',0,7200,4,'',0,3000,4,'',0,7100,4,'',0,2800,4,'',0,2900,4,'',0,7100,4,'',0,2800,4,'',0,6800,4,'',0,3000,4,'',0
'2023SE-pB6Nov25-Saturday-25',30001,53500,,'',0,7000,,'',0,3000,,'',0,7000,,'',0,3000,,'',0,7000,,'',0,3000,,'',0,6900,,'',0,2900,,'',0,7000,,'',0,2900,,'',0,6800,,'',0,2900,,'',0,3000,,'',0,6900,,'',0,3100,,'',0,7000,,'',0,2900,,'',0,7100,,'',0,7100,,'',0,2800,,'',0,3000,,'',0,7100,,'',0,7200,,'',0,3000,,'',0,7100,,'',0,3200,,'',0,7000,,'',0,3100,,'',0,7200,,'',0,3200,,'',0,7100,,'',0,2800,,'',0,6800,,'',0,3000,,'',0,7000,,'',0,3000,,'',0
'2023SE-pB7Dec3-Sunday-33',30000,52600,4,'',0,3200,4,'',0,6800,4,'',0,2900,4,'',0,7000,4,'',0,3000,4,'',0,7000,4,'',0,3000,4,'',0,7000,4,'',0,3000,4,'',0,6900,4,'',0,2900,4,'',0,7000,4,'',0,2900,4,'',0,7000,4,'',0,3100,4,'',0,7000,4,'',0,2900,4,'',0,7100,4,'',0,3000,4,'',0,6900,4,'',0,3000,4,'',0,7100,4,'',0,3200,4,'',0,7000,4,'',0,3100,4,'',0,7200,4,'',0,3000,4,'',0,7100,4,'',0,7200,4,'',0,3000,4,'',0,7100,4,'',0,2800,4,'',0,2900,4,'',0,7100,4,'',0,2800,4,'',0,6800,4,'',0,3000,4,'',0
'2023SE-pB7Dec3-Sunday-33',30001,53500,,'',0,7000,,'',0,3000,,'',0,7000,,'',0,3000,,'',0,7000,,'',0,3000,,'',0,6900,,'',0,2900,,'',0,7000,,'',0,2900,,'',0,6800,,'',0,2900,,'',0,3000,,'',0,6900,,'',0,3100,,'',0,7000,,'',0,2900,,'',0,7100,,'',0,7100,,'',0,2800,,'',0,3000,,'',0,7100,,'',0,7200,,'',0,3000,,'',0,7100,,'',0,3200,,'',0,7000,,'',0,3100,,'',0,7200,,'',0,3200,,'',0,7100,,'',0,2800,,'',0,6800,,'',0,3000,,'',0,7000,,'',0,3000,,'',0
'2023SE-pB7Nov26-Sunday-26',30000,52600,4,'',0,3200,4,'',0,6800,4,'',0,2900,4,'',0,7000,4,'',0,3000,4,'',0,7000,4,'',0,3000,4,'',0,7000,4,'',0,3000,4,'',0,6900,4,'',0,2900,4,'',0,7000,4,'',0,2900,4,'',0,7000,4,'',0,3100,4,'',0,7000,4,'',0,2900,4,'',0,7100,4,'',0,3000,4,'',0,6900,4,'',0,3000,4,'',0,7100,4,'',0,3200,4,'',0,7000,4,'',0,3100,4,'',0,7200,4,'',0,3000,4,'',0,7100,4,'',0,7200,4,'',0,3000,4,'',0,7100,4,'',0,2800,4,'',0,2900,4,'',0,7100,4,'',0,2800,4,'',0,6800,4,'',0,3000,4,'',0
'2023SE-pB7Nov26-Sunday-26',30001,53500,,'',0,7000,,'',0,3000,,'',0,7000,,'',0,3000,,'',0,7000,,'',0,3000,,'',0,6900,,'',0,2900,,'',0,7000,,'',0,2900,,'',0,6800,,'',0,2900,,'',0,3000,,'',0,6900,,'',0,3100,,'',0,7000,,'',0,2900,,'',0,7100,,'',0,7100,,'',0,2800,,'',0,3000,,'',0,7100,,'',0,7200,,'',0,3000,,'',0,7100,,'',0,3200,,'',0,7000,,'',0,3100,,'',0,7200,,'',0,3200,,'',0,7100,,'',0,2800,,'',0,6800,,'',0,3000,,'',0,7000,,'',0,3000,,'',0
'2023SE-qB1Nov27-Weekday-27',30000,51100,4,'',0,2200,4,'',0,2200,4,'',0,6200,4,'',0,2200,4,'',0,6200,4,'',0,2300,4,'',0,2300,4,'',0,6700,4,'',0,2500,4,'',0,6600,4,'',0,2300,4,'',0,2400,4,'',0,6400,4,'',0,2400,4,'',0,6400,4,'',0,2400,4,'',0,2300,4,'',0,6400,4,'',0,2400,4,'',0,6300,4,'',0,2300,4,'',0,2300,4,'',0,6400,4,'',0,2600,4,'',0,6400,4,'',0,2300,4,'',0,2500,4,'',0,6600,4,'',0,2700,4,'',0,6600,4,'',0,2500,4,'',0,2400,4,'',0,6200,4,'',0,2400,4,'',0,6300,4,'',0,1800,4,'',0,2200,4,'',0,6300,4,'',0,2200,4,'',0,2200,4,'',0,6200,4,'',0,2000,4,'',0,2200,4,'',0,6200,4,'',0,2200,4,'',0,6200,4,'',0,2000,4,'',0,2200,4,'',0,6200,4,'',0,2200,4,'',0
'2023SE-qB1Nov27-Weekday-27',30001,52200,,'',0,2200,,'',0,6100,,'',0,2100,,'',0,2200,,'',0,6300,,'',0,2300,,'',0,2400,,'',0,6600,,'',0,2500,,'',0,6400,,'',0,2400,,'',0,6400,,'',0,2400,,'',0,2400,,'',0,6400,,'',0,2300,,'',0,2300,,'',0,6300,,'',0,2300,,'',0,6300,,'',0,2300,,'',0,2300,,'',0,6400,,'',0,2500,,'',0,6400,,'',0,2500,,'',0,2500,,'',0,6500,,'',0,2600,,'',0,6600,,'',0,2600,,'',0,6300,,'',0,2300,,'',0,2300,,'',0,6300,,'',0,2200,,'',0,2200,,'',0,6200,,'',0,2200,,'',0,6200,,'',0,2200,,'',0,2200,,'',0,6200,,'',0,2200,,'',0,2200,,'',0,6200,,'',0,2200,,'',0,2200,,'',0,6200,,'',0
