'2022DE-1BUSSA-Saturday-04',3100,65200,,'',0,7800,,'',0,7000,,'',0,3000,,'',0,7000,,'',0,3000,,'',0,7000,,'',0,3000,,'',0,7000,,'',0,3000,,'',0,7000,,'',0,3000,,'',0,7000,,'',0,3000,,'',0,7000,,'',0,3000,,'',0,7000,,'',0,3000,,'',0,7000,,'',0,3000,,'',0,7000,,'',0,3000,,'',0,7000,,'',0,3000,,'',0,7000,,'',0,3000,,'',0,7000,,'',0,3000,,'',0,7000,,'',0,3000,,'',0,7000,,'',0,3000,,'',0,7000,,'',0,3000,,'',0
'2022DE-1BUSSU-Sunday-04',3100,65200,,'',0,7800,,'',0,7000,,'',0,3000,,'',0,7000,,'',0,3000,,'',0,7000,,'',0,3000,,'',0,7000,,'',0,3000,,'',0,7000,,'',0,3000,,'',0,7000,,'',0,3000,,'',0,7000,,'',0,3000,,'',0,7000,,'',0,3000,,'',0,7000,,'',0,3000,,'',0,7000,,'',0,3000,,'',0,7000,,'',0,3000,,'',0,7000,,'',0,3000,,'',0,7000,,'',0,3000,,'',0,7000,,'',0,3000,,'',0,7000,,'',0,3000,,'',0,7000,,'',0,3000,,'',0
'2022DE-1BUSWK-Weekday-05',3100,52600,,'',0,3000,,'',0,7400,,'',0,7700,,'',0,3500,,'',0,7500,,'',0,3400,,'',0,7500,,'',0,7500,,'',0,3500,,'',0,7500,,'',0,3500,,'',0,7100,,'',0,3500,,'',0,7500,,'',0,7500,,'',0,3500,,'',0,600,,'',0,7600,,'',0,3500,,'',0,7500,,'',0,7500,,'',0,3500,,'',0,6900,,'',0,3500,,'',0,7500,,'',0,3500,,'',0,7500,,'',0,7500,,'',0,3500,,'',0,7500,,'',0,3500,,'',0,7500,,'',0,3500,,'',0,8300,,'',0
'2022DE-1BUSWK-Weekday-05-0000100',3100,115500,,'',0
'2022DE-1BUSSA-Saturday-04',9000,62300,,'',0,3200,,'',0,7200,,'',0,3200,,'',0,7200,,'',0,7200,,'',0,3200,,'',0,7200,,'',0,3200,,'',0,7200,,'',0,3300,,'',0,7200,,'',0,3200,,'',0,7200,,'',0,3200,,'',0,7200,,'',0,3200,,'',0,7200,,'',0,7200,,'',0,3100,,'',0,7300,,'',0,3100,,'',0,7200,,'',0,3200,,'',0,7200,,'',0,3200,,'',0,7200,,'',0
'2022DE-1BUSSA-Saturday-04',9001,64500,4,'',0,7200,4,'',0,3200,4,'',0,7200,4,'',0,3200,4,'',0,7200,4,'',0,3200,4,'',0,7200,4,'',0,7200,4,'',0,3200,4,'',0,7200,4,'',0,3400,4,'',0,7200,4,'',0,3200,4,'',0,7200,4,'',0,3200,4,'',0,7200,4,'',0,3200,4,'',0,7200,4,'',0,3200,4,'',0,7200,4,'',0,3200,4,'',0,6900,4,'',0,3100,4,'',0,7200,4,'',0,7200,4,'',0,3200,4,'',0,7200,4,'',0,3200,4,'',0
'2022DE-1BUSSU-Sunday-04',9000,62300,,'',0,3200,,'',0,7200,,'',0,3200,,'',0,7200,,'',0,7200,,'',0,3200,,'',0,7200,,'',0,3200,,'',0,7200,,'',0,3200,,'',0,7300,,'',0,3200,,'',0,7200,,'',0,3200,,'',0,7200,,'',0,3200,,'',0,7200,,'',0,7200,,'',0,3100,,'',0,7300,,'',0,3100,,'',0,7200,,'',0,3200,,'',0,7200,,'',0,3200,,'',0,7200,,'',0
'2022DE-1BUSSU-Sunday-04',9001,63900,4,'',0,7200,4,'',0,3800,4,'',0,7200,4,'',0,3200,4,'',0,7200,4,'',0,3200,4,'',0,7200,4,'',0,7200,4,'',0,3200,4,'',0,7200,4,'',0,3400,4,'',0,7200,4,'',0,3200,4,'',0,7200,4,'',0,3200,4,'',0,7200,4,'',0,3200,4,'',0,7200,4,'',0,3200,4,'',0,7200,4,'',0,3200,4,'',0,6900,4,'',0,3100,4,'',0,7200,4,'',0,7200,4,'',0,3200,4,'',0,7200,4,'',0,3200,4,'',0
'2022DE-1BUSWK-Weekday-05',9000,61800,,'',0,3200,,'',0,7200,,'',0,3600,,'',0,6800,,'',0,3200,,'',0,7200,,'',0,7200,,'',0,3200,,'',0,7200,,'',0,3200,,'',0,7200,,'',0,3200,,'',0,7200,,'',0,3200,,'',0,7200,,'',0,3200,,'',0,7200,,'',0,3400,,'',0,7300,,'',0,7200,,'',0,3200,,'',0,7200,,'',0,3200,,'',0,7000,,'',0,3100,,'',0,7200,,'',0,3200,,'',0,7200,,'',0,3200,,'',0,8100,,'',0
'2022DE-1BUSWK-Weekday-05',9001,64600,4,'',0,7600,4,'',0,3200,4,'',0,7200,4,'',0,3200,4,'',0,7100,4,'',0,7200,4,'',0,3200,4,'',0,7200,4,'',0,3200,4,'',0,7200,4,'',0,3200,4,'',0,7200,4,'',0,3200,4,'',0,7200,4,'',0,3200,4,'',0,7200,4,'',0,3500,4,'',0,7300,4,'',0,7200,4,'',0,3200,4,'',0,7200,4,'',0,3200,4,'',0,6600,4,'',0,3100,4,'',0,7200,4,'',0,3200,4,'',0,7200,4,'',0,3200,4,'',0,7200,4,'',0,3200,4,'',0,7900,4,'',0
'2022DE-1BUSSA-Saturday-04',10401,62400,4,'',0,3200,4,'',0,7200,4,'',0,7200,4,'',0,3200,4,'',0,7200,4,'',0,3200,4,'',0,7200,4,'',0,3200,4,'',0,7200,4,'',0,3200,4,'',0,7200,4,'',0,3200,4,'',0,7200,4,'',0,3200,4,'',0,7200,4,'',0,3200,4,'',0,7200,4,'',0,7200,4,'',0,3200,4,'',0,7200,4,'',0,3200,4,'',0,7200,4,'',0,3100,4,'',0,7200,4,'',0,3200,4,'',0,7200,4,'',0,3200,4,'',0,7200,4,'',0,3400,4,'',0
'2022DE-1BUSSU-Sunday-04',10401,62400,4,'',0,3200,4,'',0,7200,4,'',0,7200,4,'',0,3200,4,'',0,7200,4,'',0,3200,4,'',0,7200,4,'',0,3200,4,'',0,7200,4,'',0,3200,4,'',0,7200,4,'',0,3200,4,'',0,7200,4,'',0,3200,4,'',0,7200,4,'',0,3200,4,'',0,7200,4,'',0,7200,4,'',0,3200,4,'',0,7200,4,'',0,3200,4,'',0,7200,4,'',0,3100,4,'',0,7200,4,'',0,3200,4,'',0,7200,4,'',0,3200,4,'',0,7200,4,'',0,3400,4,'',0
'2022DE-1BUSWK-Weekday-05',10401,61000,4,'',0,3200,4,'',0,6800,4,'',0,3800,4,'',0,7200,4,'',0,3200,4,'',0,6900,4,'',0,3100,4,'',0,7200,4,'',0,3200,4,'',0,7200,4,'',0,7200,4,'',0,3200,4,'',0,7200,4,'',0,3200,4,'',0,7200,4,'',0,3200,4,'',0,7300,4,'',0,3200,4,'',0,7200,4,'',0,3200,4,'',0,7200,4,'',0,3200,4,'',0,7200,4,'',0,3100,4,'',0,6900,4,'',0,3200,4,'',0,7200,4,'',0,7200,4,'',0,3200,4,'',0,7200,4,'',0,3200,4,'',0,7200,4,'',0,3200,4,'',0,7200,4,'',0,3700,4,'',0
