'2023MA-1BUSSA-Saturday-03',5900,63000,,'',0,8500,,'',0,8500,,'',0,4500,,'',0,8500,,'',0,8500,,'',0,8500,,'',0,4500,,'',0,8500,,'',0,8500,,'',0,8500,,'',0,4500,,'',0,8500,,'',0,8500,,'',0,8500,,'',0,4500,,'',0,8500,,'',0,8500,,'',0,8500,,'',0,4500,,'',0,8500,,'',0,8500,,'',0
'2023MA-1BUSSU-Sunday-03',5900,63000,,'',0,8500,,'',0,8500,,'',0,4500,,'',0,8500,,'',0,8500,,'',0,8500,,'',0,4500,,'',0,8500,,'',0,8500,,'',0,8500,,'',0,4500,,'',0,8500,,'',0,8500,,'',0,8500,,'',0,4500,,'',0,8500,,'',0,8500,,'',0,8500,,'',0,4500,,'',0,8500,,'',0,8500,,'',0
'2023MA-1BUSWK-Weekday-03',5900,51800,,'',0,2500,,'',0,6500,,'',0,2500,,'',0,2500,,'',0,6500,,'',0,2500,,'',0,6500,,'',0,2500,,'',0,6500,,'',0,2500,,'',0,8600,,'',0,4500,,'',0,8500,,'',0,8500,,'',0,8500,,'',0,4500,,'',0,8500,,'',0,8500,,'',0,2800,,'',0,6500,,'',0,2500,,'',0,6500,,'',0,2500,,'',0,6500,,'',0,2300,,'',0,2500,,'',0,6900,,'',0,8500,,'',0,4500,,'',0,8500,,'',0,8600,,'',0,8600,,'',0,5100,,'',0
'2023MA-1CBECUT-Weekday-03',5900,51800,,'',0,2500,,'',0,6500,,'',0,2500,,'',0,2500,,'',0,6500,,'',0,2500,,'',0,6500,,'',0,2500,,'',0,6500,,'',0,2500,,'',0,8600,,'',0,4500,,'',0,8500,,'',0,8500,,'',0,8500,,'',0,4500,,'',0,8500,,'',0,8500,,'',0,2800,,'',0,6500,,'',0,2500,,'',0,6500,,'',0,2500,,'',0,6500,,'',0,2300,,'',0,2500,,'',0,6900,,'',0,8500,,'',0,4500,,'',0,8500,,'',0,8600,,'',0,8600,,'',0,5100,,'',0
'2023MA-1CCSDCUT-Weekday-03',5900,51800,,'',0,2500,,'',0,6500,,'',0,2500,,'',0,2500,,'',0,6500,,'',0,2500,,'',0,6500,,'',0,2500,,'',0,6500,,'',0,2500,,'',0,8600,,'',0,4500,,'',0,8500,,'',0,8500,,'',0,8500,,'',0,4500,,'',0,8500,,'',0,8500,,'',0,2800,,'',0,6500,,'',0,2500,,'',0,6500,,'',0,2500,,'',0,6500,,'',0,2300,,'',0,2500,,'',0,6900,,'',0,8500,,'',0,4500,,'',0,8500,,'',0,8600,,'',0,8600,,'',0,5100,,'',0
'2023MA-1BUSSA-Saturday-03',8500,62800,4,'',0,8500,4,'',0,4500,4,'',0,8500,4,'',0,8500,4,'',0,8500,4,'',0,4500,4,'',0,8500,4,'',0,8500,4,'',0,8500,4,'',0,4500,4,'',0,8500,4,'',0,8500,4,'',0,8500,4,'',0,4500,4,'',0,8500,4,'',0,8500,4,'',0,8500,4,'',0,4500,4,'',0,8500,4,'',0,8500,4,'',0,8500,4,'',0
'2023MA-1BUSSU-Sunday-03',8500,62800,4,'',0,8500,4,'',0,4500,4,'',0,8500,4,'',0,8500,4,'',0,8500,4,'',0,4500,4,'',0,8500,4,'',0,8500,4,'',0,8500,4,'',0,4500,4,'',0,8500,4,'',0,8500,4,'',0,8500,4,'',0,4500,4,'',0,8500,4,'',0,8500,4,'',0,8500,4,'',0,4500,4,'',0,8500,4,'',0,8500,4,'',0,8500,4,'',0
'2023MA-1BUSWK-Weekday-03',8500,51500,4,'',0,2500,4,'',0,6500,4,'',0,2500,4,'',0,2600,4,'',0,6500,4,'',0,2500,4,'',0,6500,4,'',0,2400,4,'',0,6500,4,'',0,2500,4,'',0,2500,4,'',0,6200,4,'',0,4400,4,'',0,8500,4,'',0,8500,4,'',0,8500,4,'',0,4500,4,'',0,8500,4,'',0,8600,4,'',0,2800,4,'',0,6500,4,'',0,2500,4,'',0,6500,4,'',0,2500,4,'',0,6500,4,'',0,2300,4,'',0,2500,4,'',0,6900,4,'',0,8500,4,'',0,4500,4,'',0,8500,4,'',0,8600,4,'',0,8500,4,'',0,4800,4,'',0
'2023MA-1CBECUT-Weekday-03',8500,51500,4,'',0,2500,4,'',0,6500,4,'',0,2500,4,'',0,2600,4,'',0,6500,4,'',0,2500,4,'',0,6500,4,'',0,2400,4,'',0,6500,4,'',0,2500,4,'',0,2500,4,'',0,6200,4,'',0,4400,4,'',0,8500,4,'',0,8500,4,'',0,8500,4,'',0,4500,4,'',0,8500,4,'',0,8600,4,'',0,2800,4,'',0,6500,4,'',0,2500,4,'',0,6500,4,'',0,2500,4,'',0,6500,4,'',0,2300,4,'',0,2500,4,'',0,6900,4,'',0,8500,4,'',0,4500,4,'',0,8500,4,'',0,8600,4,'',0,8500,4,'',0,4800,4,'',0
'2023MA-1CCSDCUT-Weekday-03',8500,51500,4,'',0,2500,4,'',0,6500,4,'',0,2500,4,'',0,2600,4,'',0,6500,4,'',0,2500,4,'',0,6500,4,'',0,2400,4,'',0,6500,4,'',0,2500,4,'',0,2500,4,'',0,6200,4,'',0,4400,4,'',0,8500,4,'',0,8500,4,'',0,8500,4,'',0,4500,4,'',0,8500,4,'',0,8600,4,'',0,2800,4,'',0,6500,4,'',0,2500,4,'',0,6500,4,'',0,2500,4,'',0,6500,4,'',0,2300,4,'',0,2500,4,'',0,6900,4,'',0,8500,4,'',0,4500,4,'',0,8500,4,'',0,8600,4,'',0,8500,4,'',0,4800,4,'',0
'2023MA-1BUSSA-Saturday-03',14500,63400,4,'',0,600,,'',0,1800,4,'',0,4700,,'',0,1600,4,'',0,900,,'',0,1600,4,'',0,900,,'',0,5600,4,'',0,900,,'',0,1600,4,'',0,900,,'',0,5600,4,'',0,900,,'',0,1600,4,'',0,900,,'',0,1600,4,'',0,4900,,'',0,1600,4,'',0,900,,'',0,1600,4,'',0,900,,'',0,5700,4,'',0,800,,'',0,1800,4,'',0,700,,'',0,1900,4,'',0,4600,,'',0,1900,4,'',0,600,,'',0,1900,4,'',0,600,,'',0,5900,4,'',0,600,,'',0,1900,4,'',0,600,,'',0,5900,4,'',0,600,,'',0,1900,4,'',0,600,,'',0,1900,4,'',0,4600,,'',0,1900,4,'',0,600,,'',0,1900,4,'',0,600,,'',0,5900,4,'',0,600,,'',0,1900,4,'',0,600,,'',0,1900,4,'',0,4600,,'',0,1900,4,'',0,600,,'',0,1900,4,'',0,600,,'',0,5900,4,'',0,600,,'',0,1900,4,'',0,600,,'',0,5900,4,'',0,600,,'',0,1700,4,'',0,800,,'',0,1600,4,'',0,4900,,'',0,1600,4,'',0,900,,'',0,1600,4,'',0,900,,'',0,5600,4,'',0,900,,'',0,1600,4,'',0,900,,'',0,1600,4,'',0,4900,,'',0,1600,4,'',0,900,,'',0,1600,4,'',0,900,,'',0,5600,4,'',0,900,,'',0,1600,4,'',0,900,,'',0,5600,4,'',0,900,,'',0,1600,4,'',0,900,,'',0,1600,4,'',0,6500,4,'',0
'2023MA-1BUSSU-Sunday-03',14500,63400,4,'',0,600,,'',0,1800,4,'',0,4700,,'',0,1600,4,'',0,900,,'',0,1600,4,'',0,900,,'',0,5600,4,'',0,900,,'',0,1600,4,'',0,900,,'',0,5600,4,'',0,900,,'',0,1600,4,'',0,900,,'',0,1600,4,'',0,4900,,'',0,1600,4,'',0,900,,'',0,1600,4,'',0,900,,'',0,5700,4,'',0,800,,'',0,1800,4,'',0,700,,'',0,1900,4,'',0,4600,,'',0,1900,4,'',0,600,,'',0,1900,4,'',0,600,,'',0,5900,4,'',0,600,,'',0,1900,4,'',0,600,,'',0,5900,4,'',0,600,,'',0,1900,4,'',0,600,,'',0,1900,4,'',0,4600,,'',0,1900,4,'',0,600,,'',0,1900,4,'',0,600,,'',0,5900,4,'',0,600,,'',0,1900,4,'',0,600,,'',0,1900,4,'',0,4600,,'',0,1900,4,'',0,600,,'',0,1900,4,'',0,600,,'',0,5900,4,'',0,600,,'',0,1900,4,'',0,600,,'',0,5900,4,'',0,600,,'',0,1700,4,'',0,800,,'',0,1600,4,'',0,4900,,'',0,1600,4,'',0,900,,'',0,1600,4,'',0,900,,'',0,5600,4,'',0,900,,'',0,1600,4,'',0,900,,'',0,1600,4,'',0,4900,,'',0,1600,4,'',0,900,,'',0,1600,4,'',0,900,,'',0,5600,4,'',0,900,,'',0,1600,4,'',0,900,,'',0,5600,4,'',0,900,,'',0,1600,4,'',0,900,,'',0,1600,4,'',0,4900,,'',0,1600,4,'',0,2500,4,'',0
'2023MA-1BUSWK-Weekday-03',14500,52500,4,'',0,200,,'',0,1300,4,'',0,500,,'',0,1000,4,'',0,4500,,'',0,1000,4,'',0,500,,'',0,1300,4,'',0,500,,'',0,1100,4,'',0,500,,'',0,5100,4,'',0,500,,'',0,500,4,'',0,700,,'',0,300,4,'',0,500,,'',0,400,4,'',0,800,,'',0,100,4,'',0,800,4,'',0,300,,'',0,500,4,'',0,500,,'',0,4100,4,'',0,700,4,'',0,500,,'',0,300,4,'',0,600,4,'',0,100,,'',0,600,4,'',0,600,4,'',0,300,,'',0,300,4,'',0,800,4,'',0,500,,'',0,4700,4,'',0,1000,4,'',0,100,,'',0,1400,4,'',0,400,,'',0,1100,4,'',0,600,,'',0,1200,4,'',0,5300,,'',0,500,4,'',0,1800,4,'',0,400,,'',0,2100,4,'',0,4700,,'',0,2000,4,'',0,800,,'',0,2000,4,'',0,4800,,'',0,2000,4,'',0,800,,'',0,2000,4,'',0,800,,'',0,6100,4,'',0,700,,'',0,2200,4,'',0,600,,'',0,6200,4,'',0,200,,'',0,1300,,'',0,1200,,'',0,100,4,'',0,1100,,'',0,5200,,'',0,100,4,'',0,1000,,'',0,200,4,'',0,800,,'',0,400,4,'',0,500,,'',0,600,,'',0,700,,'',0,500,4,'',0,100,,'',0,4600,,'',0,400,4,'',0,200,,'',0,500,,'',0,500,,'',0,600,,'',0,300,4,'',0,500,,'',0,100,4,'',0,700,4,'',0,100,,'',0,500,4,'',0,600,,'',0,600,4,'',0,4500,,'',0,500,4,'',0,600,4,'',0,100,,'',0,700,4,'',0,500,,'',0,400,4,'',0,600,,'',0,600,4,'',0,600,,'',0,500,4,'',0,4700,,'',0,500,4,'',0,800,,'',0,300,4,'',0,1000,4,'',0,500,,'',0,500,4,'',0,1200,,'',0,5200,4,'',0,500,,'',0,1300,4,'',0,1300,,'',0,400,4,'',0,1600,4,'',0,500,,'',0,6100,4,'',0,500,,'',0,2000,4,'',0,500,,'',0,6100,4,'',0,500,,'',0,2000,4,'',0,500,,'',0,1900,4,'',0,4500,,'',0,1900,4,'',0,500,,'',0,1900,4,'',0,500,,'',0,5900,4,'',0,500,,'',0,1900,4,'',0,500,,'',0,1900,4,'',0,4500,,'',0,1900,4,'',0,500,,'',0,1900,4,'',0,600,,'',0,5800,4,'',0,700,,'',0,1800,4,'',0,6500,4,'',0
'2023MA-1BUSWK-Weekday-03-0000100',14500,141400,,'',0,1100,,'',0,7800,4,'',0,1200,4,'',0
'2023MA-1CBECUT-Weekday-03',14500,52500,4,'',0,200,,'',0,1300,4,'',0,500,,'',0,1000,4,'',0,4500,,'',0,1000,4,'',0,500,,'',0,1300,4,'',0,500,,'',0,1100,4,'',0,500,,'',0,5100,4,'',0,500,,'',0,500,4,'',0,700,,'',0,300,4,'',0,500,,'',0,400,4,'',0,800,,'',0,100,4,'',0,800,4,'',0,300,,'',0,500,4,'',0,500,,'',0,4100,4,'',0,700,4,'',0,500,,'',0,300,4,'',0,600,4,'',0,100,,'',0,600,4,'',0,600,4,'',0,300,,'',0,300,4,'',0,800,4,'',0,500,,'',0,4700,4,'',0,1000,4,'',0,100,,'',0,1400,4,'',0,400,,'',0,1100,4,'',0,600,,'',0,1200,4,'',0,5300,,'',0,500,4,'',0,1800,4,'',0,400,,'',0,2100,4,'',0,4700,,'',0,2000,4,'',0,800,,'',0,2000,4,'',0,4800,,'',0,2000,4,'',0,800,,'',0,2000,4,'',0,800,,'',0,6100,4,'',0,700,,'',0,2200,4,'',0,600,,'',0,6200,4,'',0,200,,'',0,1300,,'',0,1200,,'',0,100,4,'',0,1100,,'',0,5200,,'',0,100,4,'',0,1000,,'',0,200,4,'',0,800,,'',0,400,4,'',0,500,,'',0,600,,'',0,700,,'',0,500,4,'',0,100,,'',0,4600,,'',0,400,4,'',0,200,,'',0,500,,'',0,500,,'',0,600,,'',0,300,4,'',0,500,,'',0,100,4,'',0,700,4,'',0,100,,'',0,500,4,'',0,600,,'',0,600,4,'',0,4500,,'',0,500,4,'',0,600,4,'',0,100,,'',0,700,4,'',0,500,,'',0,400,4,'',0,600,,'',0,600,4,'',0,600,,'',0,500,4,'',0,4700,,'',0,500,4,'',0,800,,'',0,300,4,'',0,1000,4,'',0,500,,'',0,500,4,'',0,1200,,'',0,5200,4,'',0,500,,'',0,1300,4,'',0,1300,,'',0,400,4,'',0,1600,4,'',0,500,,'',0,6100,4,'',0,500,,'',0,2000,4,'',0,500,,'',0,6100,4,'',0,500,,'',0,2000,4,'',0,500,,'',0,1900,4,'',0,4500,,'',0,1900,4,'',0,500,,'',0,1900,4,'',0,500,,'',0,5900,4,'',0,500,,'',0,1900,4,'',0,500,,'',0,1900,4,'',0,4500,,'',0,1900,4,'',0,500,,'',0,1900,4,'',0,600,,'',0,5800,4,'',0,700,,'',0,1800,4,'',0,6500,4,'',0
'2023MA-1CCSDCUT-Weekday-03',14500,52500,4,'',0,200,,'',0,1300,4,'',0,500,,'',0,1000,4,'',0,4500,,'',0,1000,4,'',0,500,,'',0,1300,4,'',0,500,,'',0,1100,4,'',0,500,,'',0,5100,4,'',0,500,,'',0,500,4,'',0,700,,'',0,300,4,'',0,500,,'',0,400,4,'',0,800,,'',0,100,4,'',0,800,4,'',0,300,,'',0,500,4,'',0,500,,'',0,4100,4,'',0,700,4,'',0,500,,'',0,300,4,'',0,600,4,'',0,100,,'',0,600,4,'',0,600,4,'',0,300,,'',0,300,4,'',0,800,4,'',0,500,,'',0,4700,4,'',0,1000,4,'',0,100,,'',0,1400,4,'',0,400,,'',0,1100,4,'',0,600,,'',0,1200,4,'',0,5300,,'',0,500,4,'',0,1800,4,'',0,400,,'',0,2100,4,'',0,4700,,'',0,2000,4,'',0,800,,'',0,2000,4,'',0,4800,,'',0,2000,4,'',0,800,,'',0,2000,4,'',0,800,,'',0,6100,4,'',0,700,,'',0,2200,4,'',0,600,,'',0,6200,4,'',0,200,,'',0,1300,,'',0,1200,,'',0,100,4,'',0,1100,,'',0,5200,,'',0,100,4,'',0,1000,,'',0,200,4,'',0,800,,'',0,400,4,'',0,500,,'',0,600,,'',0,700,,'',0,500,4,'',0,100,,'',0,4600,,'',0,400,4,'',0,200,,'',0,500,,'',0,500,,'',0,600,,'',0,300,4,'',0,500,,'',0,100,4,'',0,700,4,'',0,100,,'',0,500,4,'',0,600,,'',0,600,4,'',0,4500,,'',0,500,4,'',0,600,4,'',0,100,,'',0,700,4,'',0,500,,'',0,400,4,'',0,600,,'',0,600,4,'',0,600,,'',0,500,4,'',0,4700,,'',0,500,4,'',0,800,,'',0,300,4,'',0,1000,4,'',0,500,,'',0,500,4,'',0,1200,,'',0,5200,4,'',0,500,,'',0,1300,4,'',0,1300,,'',0,400,4,'',0,1600,4,'',0,500,,'',0,6100,4,'',0,500,,'',0,2000,4,'',0,500,,'',0,6100,4,'',0,500,,'',0,2000,4,'',0,500,,'',0,1900,4,'',0,4500,,'',0,1900,4,'',0,500,,'',0,1900,4,'',0,500,,'',0,5900,4,'',0,500,,'',0,1900,4,'',0,500,,'',0,1900,4,'',0,4500,,'',0,1900,4,'',0,500,,'',0,1900,4,'',0,600,,'',0,5800,4,'',0,700,,'',0,1800,4,'',0,6500,4,'',0
'2023MA-1CCSDCUT-Weekday-03-0000100',14500,141400,,'',0,1100,,'',0,7800,4,'',0,1200,4,'',0
'2023MA-1BUSWK-Weekday-03',15700,55500,4,'',0,7000,4,'',0,3000,4,'',0,7000,4,'',0,3000,4,'',0,7000,4,'',0,3000,4,'',0,7000,4,'',0,3000,4,'',0,7000,4,'',0,3000,4,'',0,7000,4,'',0,3000,4,'',0,7000,4,'',0,3000,4,'',0,7000,4,'',0,3000,4,'',0,7000,4,'',0,3000,4,'',0,7000,4,'',0,3000,4,'',0,7000,4,'',0,3000,4,'',0,7000,4,'',0,3000,4,'',0,7000,4,'',0,3000,4,'',0,7000,4,'',0,3000,4,'',0,7000,4,'',0,3000,4,'',0,7000,4,'',0,3000,4,'',0,7000,4,'',0,3000,4,'',0,7000,4,'',0,3000,4,'',0,7000,4,'',0,3000,4,'',0,7000,4,'',0
'2023MA-1BUSWK-Weekday-03',15701,43000,,'',0,7000,,'',0,3000,,'',0,7400,,'',0,2600,,'',0,7000,,'',0,3000,,'',0,7000,,'',0,3000,,'',0,7000,,'',0,3000,,'',0,7000,,'',0,3000,,'',0,7000,,'',0,3000,,'',0,7000,,'',0,3000,,'',0,7000,,'',0,3000,,'',0,7000,,'',0,3000,,'',0,7000,,'',0,3000,,'',0,7000,,'',0,3000,,'',0,7000,,'',0,3000,,'',0,7000,,'',0,3000,,'',0,7000,,'',0,3000,,'',0,7000,,'',0,3000,,'',0,7000,,'',0,3000,,'',0,7000,,'',0,3000,,'',0,7000,,'',0,3000,,'',0,7000,,'',0,3000,,'',0
'2023MA-1CBECUT-Weekday-03',15700,55500,4,'',0,7000,4,'',0,3000,4,'',0,7000,4,'',0,3000,4,'',0,7000,4,'',0,3000,4,'',0,7000,4,'',0,3000,4,'',0,7000,4,'',0,3000,4,'',0,7000,4,'',0,3000,4,'',0,7000,4,'',0,3000,4,'',0,7000,4,'',0,3000,4,'',0,7000,4,'',0,3000,4,'',0,7000,4,'',0,3000,4,'',0,7000,4,'',0,3000,4,'',0,7000,4,'',0,3000,4,'',0,7000,4,'',0,3000,4,'',0,7000,4,'',0,3000,4,'',0,7000,4,'',0,3000,4,'',0,7000,4,'',0,3000,4,'',0,7000,4,'',0,3000,4,'',0,7000,4,'',0,3000,4,'',0,7000,4,'',0,3000,4,'',0,7000,4,'',0
'2023MA-1CBECUT-Weekday-03',15701,43000,,'',0,7000,,'',0,3000,,'',0,7400,,'',0,2600,,'',0,7000,,'',0,3000,,'',0,7000,,'',0,3000,,'',0,7000,,'',0,3000,,'',0,7000,,'',0,3000,,'',0,7000,,'',0,3000,,'',0,7000,,'',0,3000,,'',0,7000,,'',0,3000,,'',0,7000,,'',0,3000,,'',0,7000,,'',0,3000,,'',0,7000,,'',0,3000,,'',0,7000,,'',0,3000,,'',0,7000,,'',0,3000,,'',0,7000,,'',0,3000,,'',0,7000,,'',0,3000,,'',0,7000,,'',0,3000,,'',0,7000,,'',0,3000,,'',0,7000,,'',0,3000,,'',0,7000,,'',0,3000,,'',0
'2023MA-1CCSDCUT-Weekday-03',15700,55500,4,'',0,7000,4,'',0,3000,4,'',0,7000,4,'',0,3000,4,'',0,7000,4,'',0,3000,4,'',0,7000,4,'',0,3000,4,'',0,7000,4,'',0,3000,4,'',0,7000,4,'',0,3000,4,'',0,7000,4,'',0,3000,4,'',0,7000,4,'',0,3000,4,'',0,7000,4,'',0,3000,4,'',0,7000,4,'',0,3000,4,'',0,7000,4,'',0,3000,4,'',0,7000,4,'',0,3000,4,'',0,7000,4,'',0,3000,4,'',0,7000,4,'',0,3000,4,'',0,7000,4,'',0,3000,4,'',0,7000,4,'',0,3000,4,'',0,7000,4,'',0,3000,4,'',0,7000,4,'',0,3000,4,'',0,7000,4,'',0,3000,4,'',0,7000,4,'',0
'2023MA-1CCSDCUT-Weekday-03',15701,43000,,'',0,7000,,'',0,3000,,'',0,7400,,'',0,2600,,'',0,7000,,'',0,3000,,'',0,7000,,'',0,3000,,'',0,7000,,'',0,3000,,'',0,7000,,'',0,3000,,'',0,7000,,'',0,3000,,'',0,7000,,'',0,3000,,'',0,7000,,'',0,3000,,'',0,7000,,'',0,3000,,'',0,7000,,'',0,3000,,'',0,7000,,'',0,3000,,'',0,7000,,'',0,3000,,'',0,7000,,'',0,3000,,'',0,7000,,'',0,3000,,'',0,7000,,'',0,3000,,'',0,7000,,'',0,3000,,'',0,7000,,'',0,3000,,'',0,7000,,'',0,3000,,'',0,7000,,'',0,3000,,'',0
