'2023JU-1BUSSA-Saturday-02',1700,61800,,'',0,8500,,'',0,4500,,'',0,8500,,'',0,8500,,'',0,8500,,'',0,4500,,'',0,8500,,'',0,8500,,'',0,8500,,'',0,4500,,'',0,8500,,'',0,8500,,'',0,8500,,'',0,4500,,'',0,8500,,'',0,8500,0,'City Ctr',0,8500,0,'City Ctr',0
'2023JU-1BUSSA-Saturday-02',1701,61800,4,'',0,8500,4,'',0,4500,4,'',0,8500,4,'',0,8500,4,'',0,8500,4,'',0,4500,4,'',0,8500,4,'',0,8500,4,'',0,8500,4,'',0,4500,4,'',0,8500,4,'',0,8500,4,'',0,8500,4,'',0,4500,4,'',0,8500,4,'',0,8500,4,'',0,8500,4,'',0
'2023JU-1BUSSU-Sunday-02',1700,74800,,'',0,8500,,'',0,8500,,'',0,8500,,'',0,4500,,'',0,8500,,'',0,8500,,'',0,8500,,'',0,4500,,'',0,8500,,'',0,8500,,'',0,8500,,'',0,4500,,'',0,8500,,'',0,8500,0,'City Ctr',0,8500,0,'City Ctr',0
'2023JU-1BUSSU-Sunday-02',1701,74800,4,'',0,8500,4,'',0,8500,4,'',0,8500,4,'',0,4500,4,'',0,8500,4,'',0,8500,4,'',0,8500,4,'',0,4500,4,'',0,8500,4,'',0,8500,4,'',0,8500,4,'',0,4500,4,'',0,8500,4,'',0,8500,4,'',0,8500,4,'',0
'2023JU-1BUSWK-Weekday-02',1700,54700,,'',0,7100,,'',0,3000,,'',0,7000,,'',0,3000,,'',0,7000,,'',0,3000,,'',0,7000,,'',0,3000,,'',0,7900,,'',0,9100,,'',0,8500,,'',0,4500,,'',0,8500,,'',0,8500,,'',0,8900,,'',0,4100,,'',0,7000,,'',0,3000,,'',0,7000,,'',0,3000,,'',0,8500,,'',0,8500,,'',0,8500,,'',0,4500,,'',0,8500,,'',0,8500,,'',0,8500,,'',0
'2023JU-1BUSWK-Weekday-02',1701,61300,4,'',0,3000,4,'',0,7000,4,'',0,3500,4,'',0,7000,4,'',0,3000,4,'',0,7000,4,'',0,2800,4,'',0,7600,4,'',0,2400,4,'',0,7000,4,'',0,8500,4,'',0,4500,4,'',0,8500,4,'',0,8500,4,'',0,9100,4,'',0,4100,4,'',0,7000,4,'',0,3000,4,'',0,7000,4,'',0,3000,4,'',0,7000,4,'',0,2800,4,'',0,7000,4,'',0,8500,4,'',0,4700,4,'',0,8500,4,'',0,8500,4,'',0,8500,4,'',0,4500,4,'',0
'2023JU-STMPPar-Weekday-02',1700,54700,,'',0,7100,,'',0,3000,,'',0,7000,,'',0,3000,,'',0,7000,,'',0,3000,,'',0,7000,,'',0,3000,,'',0,7900,,'',0,9100,,'',0,8500,,'',0,4500,,'',0,8500,,'',0,8500,,'',0,8900,,'',0,4100,,'',0,7000,,'',0,3000,,'',0,7000,,'',0,3000,,'',0,8500,,'',0,8500,,'',0,8500,,'',0,4500,,'',0,8500,,'',0,8500,,'',0,8500,,'',0
'2023JU-STMPPar-Weekday-02',1701,61300,4,'',0,3000,4,'',0,7000,4,'',0,3500,4,'',0,7000,4,'',0,3000,4,'',0,7000,4,'',0,2800,4,'',0,7600,4,'',0,2400,4,'',0,7000,4,'',0,8500,4,'',0,4500,4,'',0,8500,4,'',0,8500,4,'',0,9100,4,'',0,4100,4,'',0,7000,4,'',0,3000,4,'',0,7000,4,'',0,3000,4,'',0,7000,4,'',0,2800,4,'',0,7000,4,'',0,8500,4,'',0,4700,4,'',0,8500,4,'',0,8500,4,'',0,8500,4,'',0,4500,4,'',0
'2023JU-STMPSat-Saturday-02',1700,61800,,'',0,8500,,'',0,4500,,'',0,8500,,'',0,8500,,'',0,8500,,'',0,4500,,'',0,8500,,'',0,8500,,'',0,8500,,'',0,4500,,'',0,8500,,'',0,8500,,'',0,8500,,'',0,4500,,'',0,8500,,'',0,8500,0,'City Ctr',0,8500,0,'City Ctr',0
'2023JU-STMPSat-Saturday-02',1701,61800,4,'',0,8500,4,'',0,4500,4,'',0,8500,4,'',0,8500,4,'',0,8500,4,'',0,4500,4,'',0,8500,4,'',0,8500,4,'',0,8500,4,'',0,4500,4,'',0,8500,4,'',0,8500,4,'',0,8500,4,'',0,4500,4,'',0,8500,4,'',0,8500,4,'',0,8500,4,'',0
'2023JU-STMPSnea-Weekday-02',1700,54700,,'',0,7100,,'',0,3000,,'',0,7000,,'',0,3000,,'',0,7000,,'',0,3000,,'',0,7000,,'',0,3000,,'',0,7900,,'',0,9100,,'',0,8500,,'',0,4500,,'',0,8500,,'',0,8500,,'',0,8900,,'',0,4100,,'',0,7000,,'',0,3000,,'',0,7000,,'',0,3000,,'',0,8500,,'',0,8500,,'',0,8500,,'',0,4500,,'',0,8500,,'',0,8500,,'',0,8500,,'',0
'2023JU-STMPSnea-Weekday-02',1701,61300,4,'',0,3000,4,'',0,7000,4,'',0,3500,4,'',0,7000,4,'',0,3000,4,'',0,7000,4,'',0,2800,4,'',0,7600,4,'',0,2400,4,'',0,7000,4,'',0,8500,4,'',0,4500,4,'',0,8500,4,'',0,8500,4,'',0,9100,4,'',0,4100,4,'',0,7000,4,'',0,3000,4,'',0,7000,4,'',0,3000,4,'',0,7000,4,'',0,2800,4,'',0,7000,4,'',0,8500,4,'',0,4700,4,'',0,8500,4,'',0,8500,4,'',0,8500,4,'',0,4500,4,'',0
'2023JU-STMPSu1-Sunday-02',1700,74800,,'',0,8500,,'',0,8500,,'',0,8500,,'',0,4500,,'',0,8500,,'',0,8500,,'',0,8500,,'',0,4500,,'',0,8500,,'',0,8500,,'',0,8500,,'',0,4500,,'',0,8500,,'',0,8500,0,'City Ctr',0,8500,0,'City Ctr',0
'2023JU-STMPSu1-Sunday-02',1701,74800,4,'',0,8500,4,'',0,8500,4,'',0,8500,4,'',0,4500,4,'',0,8500,4,'',0,8500,4,'',0,8500,4,'',0,4500,4,'',0,8500,4,'',0,8500,4,'',0,8500,4,'',0,4500,4,'',0,8500,4,'',0,8500,4,'',0,8500,4,'',0
'2023JU-STMPSu2-Sunday-02',1700,74800,,'',0,8500,,'',0,8500,,'',0,8500,,'',0,4500,,'',0,8500,,'',0,8500,,'',0,8500,,'',0,4500,,'',0,8500,,'',0,8500,,'',0,8500,,'',0,4500,,'',0,8500,,'',0,8500,0,'City Ctr',0,8500,0,'City Ctr',0
'2023JU-STMPSu2-Sunday-02',1701,74800,4,'',0,8500,4,'',0,8500,4,'',0,8500,4,'',0,4500,4,'',0,8500,4,'',0,8500,4,'',0,8500,4,'',0,4500,4,'',0,8500,4,'',0,8500,4,'',0,8500,4,'',0,4500,4,'',0,8500,4,'',0,8500,4,'',0,8500,4,'',0
'2023JU-STMPWeek-Weekday-02',1700,54700,,'',0,7100,,'',0,3000,,'',0,7000,,'',0,3000,,'',0,7000,,'',0,3000,,'',0,7000,,'',0,3000,,'',0,7900,,'',0,9100,,'',0,8500,,'',0,4500,,'',0,8500,,'',0,8500,,'',0,8900,,'',0,4100,,'',0,7000,,'',0,3000,,'',0,7000,,'',0,3000,,'',0,8500,,'',0,8500,,'',0,8500,,'',0,4500,,'',0,8500,,'',0,8500,,'',0,8500,,'',0
'2023JU-STMPWeek-Weekday-02',1701,61300,4,'',0,3000,4,'',0,7000,4,'',0,3500,4,'',0,7000,4,'',0,3000,4,'',0,7000,4,'',0,2800,4,'',0,7600,4,'',0,2400,4,'',0,7000,4,'',0,8500,4,'',0,4500,4,'',0,8500,4,'',0,8500,4,'',0,9100,4,'',0,4100,4,'',0,7000,4,'',0,3000,4,'',0,7000,4,'',0,3000,4,'',0,7000,4,'',0,2800,4,'',0,7000,4,'',0,8500,4,'',0,4700,4,'',0,8500,4,'',0,8500,4,'',0,8500,4,'',0,4500,4,'',0
