'2023JU-1BUSSA-Saturday-02',800,74500,4,'',0,6500,4,'',0,2500,4,'',0,6500,4,'',0,2500,4,'',0,2500,4,'',0,6500,4,'',0,2500,4,'',0,6500,4,'',0,2500,4,'',0,2500,4,'',0,6500,4,'',0,2500,4,'',0,6500,4,'',0,2500,4,'',0,6500,4,'',0,2500,4,'',0,2500,4,'',0,6500,4,'',0,2500,4,'',0,6500,4,'',0,2500,4,'',0,2500,4,'',0,6500,4,'',0,2500,4,'',0,6500,4,'',0,2500,4,'',0,6500,4,'',0,2500,4,'',0,7500,4,'',0,3500,4,'',0,7500,4,'',0,3500,4,'',0,7500,4,'',0,3500,4,'',0,7500,4,'',0,7500,4,'',0,3500,4,'',0
'2023JU-1BUSSA-Saturday-02',801,63500,,'',0,6500,,'',0,2500,,'',0,2500,,'',0,6500,,'',0,2500,,'',0,6500,,'',0,2500,,'',0,2500,,'',0,6500,,'',0,2500,,'',0,6500,,'',0,2500,,'',0,6500,,'',0,2500,,'',0,2500,,'',0,6500,,'',0,2500,,'',0,6500,,'',0,2500,,'',0,2500,,'',0,6500,,'',0,2500,,'',0,6500,,'',0,2500,,'',0,6500,,'',0,2500,,'',0,2500,,'',0,6500,,'',0,2500,,'',0,6500,,'',0,3000,,'',0,7500,,'',0,3500,,'',0,7500,,'',0,3500,,'',0,7500,,'',0,7500,,'',0,3500,,'',0
'2023JU-1BUSSU-Sunday-02',800,74500,4,'',0,6500,4,'',0,2500,4,'',0,6500,4,'',0,2500,4,'',0,2500,4,'',0,6500,4,'',0,2500,4,'',0,6500,4,'',0,2500,4,'',0,2500,4,'',0,6500,4,'',0,2500,4,'',0,6500,4,'',0,2500,4,'',0,6500,4,'',0,2500,4,'',0,2500,4,'',0,6500,4,'',0,2500,4,'',0,6500,4,'',0,2500,4,'',0,2500,4,'',0,6500,4,'',0,2500,4,'',0,6500,4,'',0,2500,4,'',0,6500,4,'',0,2500,4,'',0,7500,4,'',0,3500,4,'',0,7500,4,'',0,3500,4,'',0,7500,4,'',0,3500,4,'',0,7500,4,'',0,7500,4,'',0,3500,4,'',0
'2023JU-1BUSSU-Sunday-02',801,63500,,'',0,6500,,'',0,2500,,'',0,2500,,'',0,6500,,'',0,2500,,'',0,6500,,'',0,2500,,'',0,2500,,'',0,6500,,'',0,2500,,'',0,6500,,'',0,2500,,'',0,6500,,'',0,2500,,'',0,2500,,'',0,6500,,'',0,2500,,'',0,6500,,'',0,2500,,'',0,2500,,'',0,6500,,'',0,2500,,'',0,6500,,'',0,2500,,'',0,6500,,'',0,2500,,'',0,2500,,'',0,6500,,'',0,2500,,'',0,6500,,'',0,3000,,'',0,7500,,'',0,3500,,'',0,7500,,'',0,3500,,'',0,7500,,'',0,7500,,'',0,3500,,'',0
'2023JU-1BUSWK-Weekday-02',800,52800,4,'',0,2100,4,'',0,6100,4,'',0,2100,4,'',0,2100,4,'',0,6100,4,'',0,2200,4,'',0,2000,4,'',0,6100,4,'',0,2100,4,'',0,1100,4,'',0,1000,4,'',0,5900,4,'',0,1800,4,'',0,2000,4,'',0,6100,4,'',0,2100,4,'',0,2100,4,'',0,6100,4,'',0,2100,4,'',0,6100,4,'',0,2100,4,'',0,2100,4,'',0,6100,4,'',0,2100,4,'',0,2400,4,'',0,6300,4,'',0,2200,4,'',0,2100,4,'',0,6100,4,'',0,1100,4,'',0,1000,4,'',0,2100,4,'',0,5100,4,'',0,1000,4,'',0,1000,4,'',0,1100,4,'',0,1100,4,'',0,5000,4,'',0,2100,4,'',0,2100,4,'',0,6100,4,'',0,2100,4,'',0,2100,4,'',0,6000,4,'',0,1900,4,'',0,1900,4,'',0,6100,4,'',0,2100,4,'',0,1900,4,'',0,6100,4,'',0,2600,4,'',0,7100,4,'',0,3300,4,'',0,7300,4,'',0,3300,4,'',0,7300,4,'',0,3300,4,'',0,7300,4,'',0,2600,4,'',0
'2023JU-1BUSWK-Weekday-02',801,51100,,'',0,2100,,'',0,2100,,'',0,6100,,'',0,2100,,'',0,2100,,'',0,5900,,'',0,500,,'',0,1000,,'',0,1000,,'',0,1000,,'',0,900,,'',0,6100,,'',0,2100,,'',0,6100,,'',0,2100,,'',0,2100,,'',0,6100,,'',0,2100,,'',0,2100,,'',0,6100,,'',0,2100,,'',0,2100,,'',0,6100,,'',0,2100,,'',0,2100,,'',0,6100,,'',0,2100,,'',0,2100,,'',0,6100,,'',0,2100,,'',0,2100,,'',0,5100,,'',0,1000,,'',0,1800,,'',0,6400,,'',0,2100,,'',0,2100,,'',0,6100,,'',0,2100,,'',0,2100,,'',0,6100,,'',0,2100,,'',0,2100,,'',0,6100,,'',0,2100,,'',0,2100,,'',0,7400,,'',0,7300,,'',0,3500,,'',0,7100,,'',0,3300,,'',0,7300,,'',0,3300,,'',0,7300,,'',0,8500,,'',0
'2023JU-STMPPar-Weekday-02',800,52800,4,'',0,2100,4,'',0,6100,4,'',0,2100,4,'',0,2100,4,'',0,6100,4,'',0,2200,4,'',0,2000,4,'',0,6100,4,'',0,2100,4,'',0,1100,4,'',0,1000,4,'',0,5900,4,'',0,1800,4,'',0,2000,4,'',0,6100,4,'',0,2100,4,'',0,2100,4,'',0,6100,4,'',0,2100,4,'',0,6100,4,'',0,2100,4,'',0,2100,4,'',0,6100,4,'',0,2100,4,'',0,2400,4,'',0,6300,4,'',0,2200,4,'',0,2100,4,'',0,6100,4,'',0,1100,4,'',0,1000,4,'',0,2100,4,'',0,5100,4,'',0,1000,4,'',0,1000,4,'',0,1100,4,'',0,1100,4,'',0,5000,4,'',0,2100,4,'',0,2100,4,'',0,6100,4,'',0,2100,4,'',0,2100,4,'',0,6000,4,'',0,1900,4,'',0,1900,4,'',0,6100,4,'',0,2100,4,'',0,1900,4,'',0,6100,4,'',0,2600,4,'',0,7100,4,'',0,3300,4,'',0,7300,4,'',0,3300,4,'',0,7300,4,'',0,3300,4,'',0,7300,4,'',0,2600,4,'',0
'2023JU-STMPPar-Weekday-02',801,51100,,'',0,2100,,'',0,2100,,'',0,6100,,'',0,2100,,'',0,2100,,'',0,5900,,'',0,500,,'',0,1000,,'',0,1000,,'',0,1000,,'',0,900,,'',0,6100,,'',0,2100,,'',0,6100,,'',0,2100,,'',0,2100,,'',0,6100,,'',0,2100,,'',0,2100,,'',0,6100,,'',0,2100,,'',0,2100,,'',0,6100,,'',0,2100,,'',0,2100,,'',0,6100,,'',0,2100,,'',0,2100,,'',0,6100,,'',0,2100,,'',0,2100,,'',0,5100,,'',0,1000,,'',0,1800,,'',0,6400,,'',0,2100,,'',0,2100,,'',0,6100,,'',0,2100,,'',0,2100,,'',0,6100,,'',0,2100,,'',0,2100,,'',0,6100,,'',0,2100,,'',0,2100,,'',0,7400,,'',0,7300,,'',0,3500,,'',0,7100,,'',0,3300,,'',0,7300,,'',0,3300,,'',0,7300,,'',0,8500,,'',0
'2023JU-STMPSat-Saturday-02',800,74500,4,'',0,6500,4,'',0,2500,4,'',0,6500,4,'',0,2500,4,'',0,2500,4,'',0,6500,4,'',0,2500,4,'',0,6500,4,'',0,2500,4,'',0,2500,4,'',0,6500,4,'',0,2500,4,'',0,6500,4,'',0,2500,4,'',0,6500,4,'',0,2500,4,'',0,2500,4,'',0,6500,4,'',0,2500,4,'',0,6500,4,'',0,2500,4,'',0,2500,4,'',0,6500,4,'',0,2500,4,'',0,6500,4,'',0,2500,4,'',0,6500,4,'',0,2500,4,'',0,7500,4,'',0,3500,4,'',0,7500,4,'',0,3500,4,'',0,7500,4,'',0,3500,4,'',0,7500,4,'',0,7500,4,'',0,3500,4,'',0
'2023JU-STMPSat-Saturday-02',801,63500,,'',0,6500,,'',0,2500,,'',0,2500,,'',0,6500,,'',0,2500,,'',0,6500,,'',0,2500,,'',0,2500,,'',0,6500,,'',0,2500,,'',0,6500,,'',0,2500,,'',0,6500,,'',0,2500,,'',0,2500,,'',0,6500,,'',0,2500,,'',0,6500,,'',0,2500,,'',0,2500,,'',0,6500,,'',0,2500,,'',0,6500,,'',0,2500,,'',0,6500,,'',0,2500,,'',0,2500,,'',0,6500,,'',0,2500,,'',0,6500,,'',0,3000,,'',0,7500,,'',0,3500,,'',0,7500,,'',0,3500,,'',0,7500,,'',0,7500,,'',0,3500,,'',0
'2023JU-STMPSnea-Weekday-02',800,52800,4,'',0,2100,4,'',0,6100,4,'',0,2100,4,'',0,2100,4,'',0,6100,4,'',0,2200,4,'',0,2000,4,'',0,6100,4,'',0,2100,4,'',0,1100,4,'',0,1000,4,'',0,5900,4,'',0,1800,4,'',0,2000,4,'',0,6100,4,'',0,2100,4,'',0,2100,4,'',0,6100,4,'',0,2100,4,'',0,6100,4,'',0,2100,4,'',0,2100,4,'',0,6100,4,'',0,2100,4,'',0,2400,4,'',0,6300,4,'',0,2200,4,'',0,2100,4,'',0,6100,4,'',0,1100,4,'',0,1000,4,'',0,2100,4,'',0,5100,4,'',0,1000,4,'',0,1000,4,'',0,1100,4,'',0,1100,4,'',0,5000,4,'',0,2100,4,'',0,2100,4,'',0,6100,4,'',0,2100,4,'',0,2100,4,'',0,6000,4,'',0,1900,4,'',0,1900,4,'',0,6100,4,'',0,2100,4,'',0,1900,4,'',0,6100,4,'',0,2600,4,'',0,7100,4,'',0,3300,4,'',0,7300,4,'',0,3300,4,'',0,7300,4,'',0,3300,4,'',0,7300,4,'',0,2600,4,'',0
'2023JU-STMPSnea-Weekday-02',801,51100,,'',0,2100,,'',0,2100,,'',0,6100,,'',0,2100,,'',0,2100,,'',0,5900,,'',0,500,,'',0,1000,,'',0,1000,,'',0,1000,,'',0,900,,'',0,6100,,'',0,2100,,'',0,6100,,'',0,2100,,'',0,2100,,'',0,6100,,'',0,2100,,'',0,2100,,'',0,6100,,'',0,2100,,'',0,2100,,'',0,6100,,'',0,2100,,'',0,2100,,'',0,6100,,'',0,2100,,'',0,2100,,'',0,6100,,'',0,2100,,'',0,2100,,'',0,5100,,'',0,1000,,'',0,1800,,'',0,6400,,'',0,2100,,'',0,2100,,'',0,6100,,'',0,2100,,'',0,2100,,'',0,6100,,'',0,2100,,'',0,2100,,'',0,6100,,'',0,2100,,'',0,2100,,'',0,7400,,'',0,7300,,'',0,3500,,'',0,7100,,'',0,3300,,'',0,7300,,'',0,3300,,'',0,7300,,'',0,8500,,'',0
'2023JU-STMPSu1-Sunday-02',800,74500,4,'',0,6500,4,'',0,2500,4,'',0,6500,4,'',0,2500,4,'',0,2500,4,'',0,6500,4,'',0,2500,4,'',0,6500,4,'',0,2500,4,'',0,2500,4,'',0,6500,4,'',0,2500,4,'',0,6500,4,'',0,2500,4,'',0,6500,4,'',0,2500,4,'',0,2500,4,'',0,6500,4,'',0,2500,4,'',0,6500,4,'',0,2500,4,'',0,2500,4,'',0,6500,4,'',0,2500,4,'',0,6500,4,'',0,2500,4,'',0,6500,4,'',0,2500,4,'',0,7500,4,'',0,3500,4,'',0,7500,4,'',0,3500,4,'',0,7500,4,'',0,3500,4,'',0,7500,4,'',0,7500,4,'',0,3500,4,'',0
'2023JU-STMPSu1-Sunday-02',801,63500,,'',0,6500,,'',0,2500,,'',0,2500,,'',0,6500,,'',0,2500,,'',0,6500,,'',0,2500,,'',0,2500,,'',0,6500,,'',0,2500,,'',0,6500,,'',0,2500,,'',0,6500,,'',0,2500,,'',0,2500,,'',0,6500,,'',0,2500,,'',0,6500,,'',0,2500,,'',0,2500,,'',0,6500,,'',0,2500,,'',0,6500,,'',0,2500,,'',0,6500,,'',0,2500,,'',0,2500,,'',0,6500,,'',0,2500,,'',0,6500,,'',0,3000,,'',0,7500,,'',0,3500,,'',0,7500,,'',0,3500,,'',0,7500,,'',0,7500,,'',0,3500,,'',0
'2023JU-STMPSu2-Sunday-02',800,74500,4,'',0,6500,4,'',0,2500,4,'',0,6500,4,'',0,2500,4,'',0,2500,4,'',0,6500,4,'',0,2500,4,'',0,6500,4,'',0,2500,4,'',0,2500,4,'',0,6500,4,'',0,2500,4,'',0,6500,4,'',0,2500,4,'',0,6500,4,'',0,2500,4,'',0,2500,4,'',0,6500,4,'',0,2500,4,'',0,6500,4,'',0,2500,4,'',0,2500,4,'',0,6500,4,'',0,2500,4,'',0,6500,4,'',0,2500,4,'',0,6500,4,'',0,2500,4,'',0,7500,4,'',0,3500,4,'',0,7500,4,'',0,3500,4,'',0,7500,4,'',0,3500,4,'',0,7500,4,'',0,7500,4,'',0,3500,4,'',0
'2023JU-STMPSu2-Sunday-02',801,63500,,'',0,6500,,'',0,2500,,'',0,2500,,'',0,6500,,'',0,2500,,'',0,6500,,'',0,2500,,'',0,2500,,'',0,6500,,'',0,2500,,'',0,6500,,'',0,2500,,'',0,6500,,'',0,2500,,'',0,2500,,'',0,6500,,'',0,2500,,'',0,6500,,'',0,2500,,'',0,2500,,'',0,6500,,'',0,2500,,'',0,6500,,'',0,2500,,'',0,6500,,'',0,2500,,'',0,2500,,'',0,6500,,'',0,2500,,'',0,6500,,'',0,3000,,'',0,7500,,'',0,3500,,'',0,7500,,'',0,3500,,'',0,7500,,'',0,7500,,'',0,3500,,'',0
'2023JU-STMPWeek-Weekday-02',800,52800,4,'',0,2100,4,'',0,6100,4,'',0,2100,4,'',0,2100,4,'',0,6100,4,'',0,2200,4,'',0,2000,4,'',0,6100,4,'',0,2100,4,'',0,1100,4,'',0,1000,4,'',0,5900,4,'',0,1800,4,'',0,2000,4,'',0,6100,4,'',0,2100,4,'',0,2100,4,'',0,6100,4,'',0,2100,4,'',0,6100,4,'',0,2100,4,'',0,2100,4,'',0,6100,4,'',0,2100,4,'',0,2400,4,'',0,6300,4,'',0,2200,4,'',0,2100,4,'',0,6100,4,'',0,1100,4,'',0,1000,4,'',0,2100,4,'',0,5100,4,'',0,1000,4,'',0,1000,4,'',0,1100,4,'',0,1100,4,'',0,5000,4,'',0,2100,4,'',0,2100,4,'',0,6100,4,'',0,2100,4,'',0,2100,4,'',0,6000,4,'',0,1900,4,'',0,1900,4,'',0,6100,4,'',0,2100,4,'',0,1900,4,'',0,6100,4,'',0,2600,4,'',0,7100,4,'',0,3300,4,'',0,7300,4,'',0,3300,4,'',0,7300,4,'',0,3300,4,'',0,7300,4,'',0,2600,4,'',0
'2023JU-STMPWeek-Weekday-02',801,51100,,'',0,2100,,'',0,2100,,'',0,6100,,'',0,2100,,'',0,2100,,'',0,5900,,'',0,500,,'',0,1000,,'',0,1000,,'',0,1000,,'',0,900,,'',0,6100,,'',0,2100,,'',0,6100,,'',0,2100,,'',0,2100,,'',0,6100,,'',0,2100,,'',0,2100,,'',0,6100,,'',0,2100,,'',0,2100,,'',0,6100,,'',0,2100,,'',0,2100,,'',0,6100,,'',0,2100,,'',0,2100,,'',0,6100,,'',0,2100,,'',0,2100,,'',0,5100,,'',0,1000,,'',0,1800,,'',0,6400,,'',0,2100,,'',0,2100,,'',0,6100,,'',0,2100,,'',0,2100,,'',0,6100,,'',0,2100,,'',0,2100,,'',0,6100,,'',0,2100,,'',0,2100,,'',0,7400,,'',0,7300,,'',0,3500,,'',0,7100,,'',0,3300,,'',0,7300,,'',0,3300,,'',0,7300,,'',0,8500,,'',0
