'2023SE-1BUSSA-Saturday-05',15300,55500,,'',0,7700,,'',0,7700,,'',0,3700,,'',0,7700,,'',0,7700,,'',0,3700,,'',0,7700,,'',0,3700,,'',0,7700,,'',0,7700,,'',0,3700,,'',0,7700,,'',0,3700,,'',0,7700,,'',0,7700,,'',0,3700,,'',0,7700,,'',0,7700,,'',0,3700,,'',0,7700,,'',0,3700,,'',0,7700,,'',0,7700,,'',0,3700,,'',0,7700,,'',0,3700,,'',0
'2023SE-1BUSSA-Saturday-05',15301,70300,4,'',0,3700,4,'',0,7700,4,'',0,3700,4,'',0,7700,4,'',0,7700,4,'',0,3700,4,'',0,7700,4,'',0,3700,4,'',0,7700,4,'',0,7700,4,'',0,3700,4,'',0,7700,4,'',0,7700,4,'',0,3700,4,'',0,7700,4,'',0,3700,4,'',0,7700,4,'',0,7700,4,'',0,3700,4,'',0,7700,4,'',0,7700,4,'',0,3700,4,'',0,7700,4,'',0,3700,4,'',0,7700,4,'',0,7700,4,'',0
'2023SE-1BUSSU-Sunday-05',15300,82300,,'',0,7700,,'',0,3700,,'',0,7700,,'',0,3700,,'',0,7700,,'',0,7700,,'',0,3700,,'',0,7700,,'',0,3700,,'',0,7700,,'',0,7700,,'',0,3700,,'',0,7700,,'',0,7700,,'',0,3700,,'',0,7700,,'',0,3700,,'',0,7700,,'',0,7700,,'',0,3700,,'',0,7500,,'',0,3200,,'',0
'2023SE-1BUSSU-Sunday-05',15301,93200,4,'',0,7700,4,'',0,3700,4,'',0,7700,4,'',0,7700,4,'',0,3700,4,'',0,7700,4,'',0,3700,4,'',0,7700,4,'',0,7700,4,'',0,3700,4,'',0,7700,4,'',0,3700,4,'',0,7700,4,'',0,7700,4,'',0,3700,4,'',0,7600,4,'',0,3600,4,'',0,7700,4,'',0,7700,4,'',0,3600,4,'',0,7500,4,'',0,3200,4,'',0
'2023SE-1BUSWK-Weekday-05',15300,51300,,'',0,2500,,'',0,6500,,'',0,2400,,'',0,2500,,'',0,6400,,'',0,2500,,'',0,6600,,'',0,2500,,'',0,2600,,'',0,6500,,'',0,2500,,'',0,6500,,'',0,2500,,'',0,6500,,'',0,2500,,'',0,2500,,'',0,6500,,'',0,2500,,'',0,6500,,'',0,2500,,'',0,2500,,'',0,6500,,'',0,3000,,'',0,7000,,'',0,2000,,'',0,6400,,'',0,2100,,'',0,2000,,'',0,6000,,'',0,2000,,'',0,2300,,'',0,7600,,'',0,7600,,'',0,3600,,'',0,7600,,'',0,3600,,'',0,7600,,'',0,7600,,'',0,3600,,'',0,7600,,'',0
'2023SE-1BUSWK-Weekday-05',15301,62300,4,'',0,2600,4,'',0,6500,4,'',0,2500,4,'',0,6500,4,'',0,1000,4,'',0,1000,4,'',0,2500,4,'',0,5800,4,'',0,1200,4,'',0,2500,4,'',0,6600,4,'',0,2500,4,'',0,6500,4,'',0,2500,4,'',0,2500,4,'',0,6500,4,'',0,2500,4,'',0,6500,4,'',0,2500,4,'',0,2500,4,'',0,6500,4,'',0,2700,4,'',0,6600,4,'',0,2900,4,'',0,7000,4,'',0,3000,4,'',0,6000,4,'',0,2300,4,'',0,2200,4,'',0,5900,4,'',0,1800,4,'',0,1900,4,'',0,6000,4,'',0,3500,4,'',0,7600,4,'',0,3600,4,'',0,7600,4,'',0,7600,4,'',0,3600,4,'',0,7600,4,'',0,3600,4,'',0,7300,4,'',0
'2023SE-1BUSWK-Weekday-05-0000100',15300,143900,,'',0
'2023SE-pB5Nov24-Weekday-24',15300,51300,,'',0,2500,,'',0,6500,,'',0,2400,,'',0,2500,,'',0,6400,,'',0,2500,,'',0,6600,,'',0,2500,,'',0,2600,,'',0,6500,,'',0,2500,,'',0,6500,,'',0,2500,,'',0,6500,,'',0,2500,,'',0,2500,,'',0,6500,,'',0,2500,,'',0,6500,,'',0,2500,,'',0,2500,,'',0,6500,,'',0,3000,,'',0,7000,,'',0,2000,,'',0,6400,,'',0,2100,,'',0,2000,,'',0,6000,,'',0,2000,,'',0,2300,,'',0,7600,,'',0,7600,,'',0,3600,,'',0,7600,,'',0,3600,,'',0,7600,,'',0,7600,,'',0,3600,,'',0,7600,,'',0
'2023SE-pB5Nov24-Weekday-24',15301,62300,4,'',0,2600,4,'',0,6500,4,'',0,2500,4,'',0,6500,4,'',0,1000,4,'',0,1000,4,'',0,2500,4,'',0,5800,4,'',0,1200,4,'',0,2500,4,'',0,6600,4,'',0,2500,4,'',0,6500,4,'',0,2500,4,'',0,2500,4,'',0,6500,4,'',0,2500,4,'',0,6500,4,'',0,2500,4,'',0,2500,4,'',0,6500,4,'',0,2700,4,'',0,6600,4,'',0,2900,4,'',0,7000,4,'',0,3000,4,'',0,6000,4,'',0,2300,4,'',0,2200,4,'',0,5900,4,'',0,1800,4,'',0,1900,4,'',0,6000,4,'',0,3500,4,'',0,7600,4,'',0,3600,4,'',0,7600,4,'',0,7600,4,'',0,3600,4,'',0,7600,4,'',0,3600,4,'',0,7300,4,'',0
'2023SE-pB5Nov24-Weekday-24-0000100',15300,143900,,'',0
'2023SE-pB6Dec2-Saturday-32',15300,55500,,'',0,7700,,'',0,7700,,'',0,3700,,'',0,7700,,'',0,7700,,'',0,3700,,'',0,7700,,'',0,3700,,'',0,7700,,'',0,7700,,'',0,3700,,'',0,7700,,'',0,3700,,'',0,7700,,'',0,7700,,'',0,3700,,'',0,7700,,'',0,7700,,'',0,3700,,'',0,7700,,'',0,3700,,'',0,7700,,'',0,7700,,'',0,3700,,'',0,7700,,'',0,3700,,'',0
'2023SE-pB6Dec2-Saturday-32',15301,70300,4,'',0,3700,4,'',0,7700,4,'',0,3700,4,'',0,7700,4,'',0,7700,4,'',0,3700,4,'',0,7700,4,'',0,3700,4,'',0,7700,4,'',0,7700,4,'',0,3700,4,'',0,7700,4,'',0,7700,4,'',0,3700,4,'',0,7700,4,'',0,3700,4,'',0,7700,4,'',0,7700,4,'',0,3700,4,'',0,7700,4,'',0,7700,4,'',0,3700,4,'',0,7700,4,'',0,3700,4,'',0,7700,4,'',0,7700,4,'',0
'2023SE-pB6Nov25-Saturday-25',15300,55500,,'',0,7700,,'',0,7700,,'',0,3700,,'',0,7700,,'',0,7700,,'',0,3700,,'',0,7700,,'',0,3700,,'',0,7700,,'',0,7700,,'',0,3700,,'',0,7700,,'',0,3700,,'',0,7700,,'',0,7700,,'',0,3700,,'',0,7700,,'',0,7700,,'',0,3700,,'',0,7700,,'',0,3700,,'',0,7700,,'',0,7700,,'',0,3700,,'',0,7700,,'',0,3700,,'',0
'2023SE-pB6Nov25-Saturday-25',15301,70300,4,'',0,3700,4,'',0,7700,4,'',0,3700,4,'',0,7700,4,'',0,7700,4,'',0,3700,4,'',0,7700,4,'',0,3700,4,'',0,7700,4,'',0,7700,4,'',0,3700,4,'',0,7700,4,'',0,7700,4,'',0,3700,4,'',0,7700,4,'',0,3700,4,'',0,7700,4,'',0,7700,4,'',0,3700,4,'',0,7700,4,'',0,7700,4,'',0,3700,4,'',0,7700,4,'',0,3700,4,'',0,7700,4,'',0,7700,4,'',0
'2023SE-pB7Dec3-Sunday-33',15300,82300,,'',0,7700,,'',0,3700,,'',0,7700,,'',0,3700,,'',0,7700,,'',0,7700,,'',0,3700,,'',0,7700,,'',0,3700,,'',0,7700,,'',0,7700,,'',0,3700,,'',0,7700,,'',0,7700,,'',0,3700,,'',0,7700,,'',0,3700,,'',0,7700,,'',0,7700,,'',0,3700,,'',0,7500,,'',0,3200,,'',0
'2023SE-pB7Dec3-Sunday-33',15301,93200,4,'',0,7700,4,'',0,3700,4,'',0,7700,4,'',0,7700,4,'',0,3700,4,'',0,7700,4,'',0,3700,4,'',0,7700,4,'',0,7700,4,'',0,3700,4,'',0,7700,4,'',0,3700,4,'',0,7700,4,'',0,7700,4,'',0,3700,4,'',0,7600,4,'',0,3600,4,'',0,7700,4,'',0,7700,4,'',0,3600,4,'',0,7500,4,'',0,3200,4,'',0
'2023SE-pB7Nov26-Sunday-26',15300,82300,,'',0,7700,,'',0,3700,,'',0,7700,,'',0,3700,,'',0,7700,,'',0,7700,,'',0,3700,,'',0,7700,,'',0,3700,,'',0,7700,,'',0,7700,,'',0,3700,,'',0,7700,,'',0,7700,,'',0,3700,,'',0,7700,,'',0,3700,,'',0,7700,,'',0,7700,,'',0,3700,,'',0,7500,,'',0,3200,,'',0
'2023SE-pB7Nov26-Sunday-26',15301,93200,4,'',0,7700,4,'',0,3700,4,'',0,7700,4,'',0,7700,4,'',0,3700,4,'',0,7700,4,'',0,3700,4,'',0,7700,4,'',0,7700,4,'',0,3700,4,'',0,7700,4,'',0,3700,4,'',0,7700,4,'',0,7700,4,'',0,3700,4,'',0,7600,4,'',0,3600,4,'',0,7700,4,'',0,7700,4,'',0,3600,4,'',0,7500,4,'',0,3200,4,'',0
'2023SE-qB1Nov27-Weekday-27',15300,51300,,'',0,2500,,'',0,6500,,'',0,2400,,'',0,2500,,'',0,6400,,'',0,2500,,'',0,6600,,'',0,2500,,'',0,2600,,'',0,6500,,'',0,2500,,'',0,6500,,'',0,2500,,'',0,6500,,'',0,2500,,'',0,2500,,'',0,6500,,'',0,2500,,'',0,6500,,'',0,2500,,'',0,2500,,'',0,6500,,'',0,3000,,'',0,7000,,'',0,2000,,'',0,6400,,'',0,2100,,'',0,2000,,'',0,6000,,'',0,2000,,'',0,2300,,'',0,7600,,'',0,7600,,'',0,3600,,'',0,7600,,'',0,3600,,'',0,7600,,'',0,7600,,'',0,3600,,'',0,7600,,'',0
'2023SE-qB1Nov27-Weekday-27',15301,62300,4,'',0,2600,4,'',0,6500,4,'',0,2500,4,'',0,6500,4,'',0,1000,4,'',0,1000,4,'',0,2500,4,'',0,5800,4,'',0,1200,4,'',0,2500,4,'',0,6600,4,'',0,2500,4,'',0,6500,4,'',0,2500,4,'',0,2500,4,'',0,6500,4,'',0,2500,4,'',0,6500,4,'',0,2500,4,'',0,2500,4,'',0,6500,4,'',0,2700,4,'',0,6600,4,'',0,2900,4,'',0,7000,4,'',0,3000,4,'',0,6000,4,'',0,2300,4,'',0,2200,4,'',0,5900,4,'',0,1800,4,'',0,1900,4,'',0,6000,4,'',0,3500,4,'',0,7600,4,'',0,3600,4,'',0,7600,4,'',0,7600,4,'',0,3600,4,'',0,7600,4,'',0,3600,4,'',0,7300,4,'',0
'2023SE-qB1Nov27-Weekday-27-0000100',15300,143900,,'',0
'2023SE-1BUSSA-Saturday-05',16701,60000,,'',0,4000,4,'',0,500,,'',0,8000,4,'',0,500,,'',0,8000,4,'',0,500,,'',0,4000,4,'',0,4500,,'',0,4000,4,'',0,500,,'',0,8000,4,'',0,500,,'',0,8000,4,'',0,500,,'',0,4000,4,'',0,4500,,'',0,4000,4,'',0,500,,'',0,8000,4,'',0,500,,'',0,8000,4,'',0,500,,'',0,4000,4,'',0,4500,,'',0,4000,4,'',0,500,,'',0,8000,4,'',0,500,,'',0,8000,4,'',0,500,,'',0,4000,4,'',0,4500,,'',0,4000,4,'',0,500,,'',0,8000,4,'',0
'2023SE-1BUSSU-Sunday-05',16701,60000,,'',0,4000,4,'',0,500,,'',0,8000,4,'',0,500,,'',0,8000,4,'',0,500,,'',0,4000,4,'',0,4500,,'',0,4000,4,'',0,500,,'',0,8000,4,'',0,500,,'',0,8000,4,'',0,500,,'',0,4000,4,'',0,4500,,'',0,4000,4,'',0,500,,'',0,8000,4,'',0,500,,'',0,8000,4,'',0,500,,'',0,4000,4,'',0,4500,,'',0,4000,4,'',0,500,,'',0,8000,4,'',0,500,,'',0,8000,4,'',0,500,,'',0,4000,4,'',0,4500,,'',0,4000,4,'',0,500,,'',0,8000,4,'',0
'2023SE-1BUSWK-Weekday-05',16701,52800,,'',0,1400,,'',0,1400,,'',0,5400,,'',0,600,4,'',0,800,,'',0,600,4,'',0,800,,'',0,600,4,'',0,800,,'',0,600,4,'',0,4800,,'',0,600,4,'',0,800,,'',0,600,4,'',0,800,,'',0,600,4,'',0,800,,'',0,600,4,'',0,200,,'',0,5200,4,'',0,800,,'',0,600,4,'',0,800,,'',0,1200,4,'',0,200,,'',0,600,4,'',0,800,,'',0,4500,4,'',0,900,,'',0,300,4,'',0,1200,,'',0,1200,4,'',0,100,,'',0,1300,4,'',0,5500,4,'',0,1300,4,'',0,400,,'',0,8100,4,'',0,400,,'',0,4100,4,'',0,400,,'',0,8100,4,'',0,400,,'',0,8100,4,'',0,400,,'',0,8100,4,'',0,400,,'',0,4400,4,'',0,100,,'',0,5700,,'',0,1400,,'',0,1400,,'',0,300,4,'',0,1100,,'',0,4600,4,'',0,800,,'',0,600,4,'',0,800,,'',0,600,4,'',0,800,,'',0,600,4,'',0,800,,'',0,600,4,'',0,4800,,'',0,600,4,'',0,800,,'',0,600,4,'',0,800,,'',0,600,4,'',0,800,,'',0,600,4,'',0,4800,,'',0,600,4,'',0,800,,'',0,600,4,'',0,800,,'',0,600,4,'',0,800,,'',0,600,4,'',0,1000,,'',0,4400,4,'',0,1200,4,'',0,1200,4,'',0,1300,4,'',0
'2023SE-pB5Nov24-Weekday-24',16701,52800,,'',0,1400,,'',0,1400,,'',0,5400,,'',0,600,4,'',0,800,,'',0,600,4,'',0,800,,'',0,600,4,'',0,800,,'',0,600,4,'',0,4800,,'',0,600,4,'',0,800,,'',0,600,4,'',0,800,,'',0,600,4,'',0,800,,'',0,600,4,'',0,200,,'',0,5200,4,'',0,800,,'',0,600,4,'',0,800,,'',0,1200,4,'',0,200,,'',0,600,4,'',0,800,,'',0,4500,4,'',0,900,,'',0,300,4,'',0,1200,,'',0,1200,4,'',0,100,,'',0,1300,4,'',0,5500,4,'',0,1300,4,'',0,400,,'',0,8100,4,'',0,400,,'',0,4100,4,'',0,400,,'',0,8100,4,'',0,400,,'',0,8100,4,'',0,400,,'',0,8100,4,'',0,400,,'',0,4400,4,'',0,100,,'',0,5700,,'',0,1400,,'',0,1400,,'',0,300,4,'',0,1100,,'',0,4600,4,'',0,800,,'',0,600,4,'',0,800,,'',0,600,4,'',0,800,,'',0,600,4,'',0,800,,'',0,600,4,'',0,4800,,'',0,600,4,'',0,800,,'',0,600,4,'',0,800,,'',0,600,4,'',0,800,,'',0,600,4,'',0,4800,,'',0,600,4,'',0,800,,'',0,600,4,'',0,800,,'',0,600,4,'',0,800,,'',0,600,4,'',0,1000,,'',0,4400,4,'',0,1200,4,'',0,1200,4,'',0,1300,4,'',0
'2023SE-pB6Dec2-Saturday-32',16701,60000,,'',0,4000,4,'',0,500,,'',0,8000,4,'',0,500,,'',0,8000,4,'',0,500,,'',0,4000,4,'',0,4500,,'',0,4000,4,'',0,500,,'',0,8000,4,'',0,500,,'',0,8000,4,'',0,500,,'',0,4000,4,'',0,4500,,'',0,4000,4,'',0,500,,'',0,8000,4,'',0,500,,'',0,8000,4,'',0,500,,'',0,4000,4,'',0,4500,,'',0,4000,4,'',0,500,,'',0,8000,4,'',0,500,,'',0,8000,4,'',0,500,,'',0,4000,4,'',0,4500,,'',0,4000,4,'',0,500,,'',0,8000,4,'',0
'2023SE-pB6Nov25-Saturday-25',16701,60000,,'',0,4000,4,'',0,500,,'',0,8000,4,'',0,500,,'',0,8000,4,'',0,500,,'',0,4000,4,'',0,4500,,'',0,4000,4,'',0,500,,'',0,8000,4,'',0,500,,'',0,8000,4,'',0,500,,'',0,4000,4,'',0,4500,,'',0,4000,4,'',0,500,,'',0,8000,4,'',0,500,,'',0,8000,4,'',0,500,,'',0,4000,4,'',0,4500,,'',0,4000,4,'',0,500,,'',0,8000,4,'',0,500,,'',0,8000,4,'',0,500,,'',0,4000,4,'',0,4500,,'',0,4000,4,'',0,500,,'',0,8000,4,'',0
'2023SE-pB7Dec3-Sunday-33',16701,60000,,'',0,4000,4,'',0,500,,'',0,8000,4,'',0,500,,'',0,8000,4,'',0,500,,'',0,4000,4,'',0,4500,,'',0,4000,4,'',0,500,,'',0,8000,4,'',0,500,,'',0,8000,4,'',0,500,,'',0,4000,4,'',0,4500,,'',0,4000,4,'',0,500,,'',0,8000,4,'',0,500,,'',0,8000,4,'',0,500,,'',0,4000,4,'',0,4500,,'',0,4000,4,'',0,500,,'',0,8000,4,'',0,500,,'',0,8000,4,'',0,500,,'',0,4000,4,'',0,4500,,'',0,4000,4,'',0,500,,'',0,8000,4,'',0
'2023SE-pB7Nov26-Sunday-26',16701,60000,,'',0,4000,4,'',0,500,,'',0,8000,4,'',0,500,,'',0,8000,4,'',0,500,,'',0,4000,4,'',0,4500,,'',0,4000,4,'',0,500,,'',0,8000,4,'',0,500,,'',0,8000,4,'',0,500,,'',0,4000,4,'',0,4500,,'',0,4000,4,'',0,500,,'',0,8000,4,'',0,500,,'',0,8000,4,'',0,500,,'',0,4000,4,'',0,4500,,'',0,4000,4,'',0,500,,'',0,8000,4,'',0,500,,'',0,8000,4,'',0,500,,'',0,4000,4,'',0,4500,,'',0,4000,4,'',0,500,,'',0,8000,4,'',0
'2023SE-qB1Nov27-Weekday-27',16701,52800,,'',0,1400,,'',0,1400,,'',0,5400,,'',0,600,4,'',0,800,,'',0,600,4,'',0,800,,'',0,600,4,'',0,800,,'',0,600,4,'',0,4800,,'',0,600,4,'',0,800,,'',0,600,4,'',0,800,,'',0,600,4,'',0,800,,'',0,600,4,'',0,200,,'',0,5200,4,'',0,800,,'',0,600,4,'',0,800,,'',0,1200,4,'',0,200,,'',0,600,4,'',0,800,,'',0,4500,4,'',0,900,,'',0,300,4,'',0,1200,,'',0,1200,4,'',0,100,,'',0,1300,4,'',0,5500,4,'',0,1300,4,'',0,400,,'',0,8100,4,'',0,400,,'',0,4100,4,'',0,400,,'',0,8100,4,'',0,400,,'',0,8100,4,'',0,400,,'',0,8100,4,'',0,400,,'',0,4400,4,'',0,100,,'',0,5700,,'',0,2800,,'',0,300,4,'',0,1100,,'',0,4600,4,'',0,800,,'',0,2000,4,'',0,1400,4,'',0,800,,'',0,600,4,'',0,4800,,'',0,2800,,'',0,600,4,'',0,800,,'',0,600,4,'',0,4800,,'',0,2000,4,'',0,800,,'',0,600,4,'',0,800,,'',0,600,4,'',0,1000,,'',0,5600,4,'',0,1200,4,'',0,1300,4,'',0
'2023SE-qB1Nov27-Weekday-27-0000100',16701,163600,,'',0,8800,4,'',0
'2023SE-qB1Nov27-Weekday-27-1111000',16701,163600,,'',0,8800,4,'',0
