'2023JU-1BUSSA-Saturday-02',15000,62600,4,'',0,10000,4,'',0,10000,4,'',0,10000,4,'',0,10000,4,'',0,10000,4,'',0,10000,4,'',0,10000,4,'',0,10000,4,'',0,10000,4,'',0,10000,4,'',0,10000,4,'',0,10000,4,'',0
'2023JU-1BUSSA-Saturday-02',15001,62800,,'',0,10000,,'',0,10000,,'',0,10000,,'',0,10000,,'',0,10000,,'',0,10000,,'',0,10000,,'',0,10000,,'',0,10000,,'',0,10000,,'',0,10000,,'',0,10000,,'',0
'2023JU-1BUSWK-Weekday-02',15000,55600,4,'',0,7300,4,'',0,3000,4,'',0,7000,4,'',0,3000,4,'',0,7000,4,'',0,2700,4,'',0,7600,4,'',0,10000,4,'',0,10000,4,'',0,10000,4,'',0,10000,4,'',0,9400,4,'',0,3000,4,'',0,7300,4,'',0,3000,4,'',0,7000,4,'',0,7200,4,'',0,2800,4,'',0,3000,4,'',0,7000,4,'',0,3000,4,'',0
'2023JU-1BUSWK-Weekday-02',15001,55700,,'',0,7300,,'',0,7000,,'',0,3000,,'',0,7000,,'',0,3000,,'',0,2800,,'',0,7700,,'',0,10000,,'',0,10000,,'',0,10000,,'',0,9800,,'',0,9600,,'',0,2800,,'',0,7300,,'',0,7000,,'',0,3000,,'',0,7200,,'',0,2800,,'',0,7000,,'',0,2900,,'',0,3000,,'',0
'2023JU-STMPPar-Weekday-02',15000,55600,4,'',0,7300,4,'',0,3000,4,'',0,7000,4,'',0,3000,4,'',0,7000,4,'',0,2700,4,'',0,7600,4,'',0,10000,4,'',0,10000,4,'',0,10000,4,'',0,10000,4,'',0,9400,4,'',0,3000,4,'',0,7300,4,'',0,3000,4,'',0,7000,4,'',0,7200,4,'',0,2800,4,'',0,3000,4,'',0,7000,4,'',0,3000,4,'',0
'2023JU-STMPPar-Weekday-02',15001,55700,,'',0,7300,,'',0,7000,,'',0,3000,,'',0,7000,,'',0,3000,,'',0,2800,,'',0,7700,,'',0,10000,,'',0,10000,,'',0,10000,,'',0,9800,,'',0,9600,,'',0,2800,,'',0,7300,,'',0,7000,,'',0,3000,,'',0,7200,,'',0,2800,,'',0,7000,,'',0,2900,,'',0,3000,,'',0
'2023JU-STMPSat-Saturday-02',15000,62600,4,'',0,10000,4,'',0,10000,4,'',0,10000,4,'',0,10000,4,'',0,10000,4,'',0,10000,4,'',0,10000,4,'',0,10000,4,'',0,10000,4,'',0,10000,4,'',0,10000,4,'',0,10000,4,'',0
'2023JU-STMPSat-Saturday-02',15001,62800,,'',0,10000,,'',0,10000,,'',0,10000,,'',0,10000,,'',0,10000,,'',0,10000,,'',0,10000,,'',0,10000,,'',0,10000,,'',0,10000,,'',0,10000,,'',0,10000,,'',0
'2023JU-STMPSnea-Weekday-02',15000,55600,4,'',0,7300,4,'',0,3000,4,'',0,7000,4,'',0,3000,4,'',0,7000,4,'',0,2700,4,'',0,7600,4,'',0,10000,4,'',0,10000,4,'',0,10000,4,'',0,10000,4,'',0,9400,4,'',0,3000,4,'',0,7300,4,'',0,3000,4,'',0,7000,4,'',0,7200,4,'',0,2800,4,'',0,3000,4,'',0,7000,4,'',0,3000,4,'',0
'2023JU-STMPSnea-Weekday-02',15001,55700,,'',0,7300,,'',0,7000,,'',0,3000,,'',0,7000,,'',0,3000,,'',0,2800,,'',0,7700,,'',0,10000,,'',0,10000,,'',0,10000,,'',0,9800,,'',0,9600,,'',0,2800,,'',0,7300,,'',0,7000,,'',0,3000,,'',0,7200,,'',0,2800,,'',0,7000,,'',0,2900,,'',0,3000,,'',0
'2023JU-STMPWeek-Weekday-02',15000,55600,4,'',0,7300,4,'',0,3000,4,'',0,7000,4,'',0,3000,4,'',0,7000,4,'',0,2700,4,'',0,7600,4,'',0,10000,4,'',0,10000,4,'',0,10000,4,'',0,10000,4,'',0,9400,4,'',0,3000,4,'',0,7300,4,'',0,3000,4,'',0,7000,4,'',0,7200,4,'',0,2800,4,'',0,3000,4,'',0,7000,4,'',0,3000,4,'',0
'2023JU-STMPWeek-Weekday-02',15001,55700,,'',0,7300,,'',0,7000,,'',0,3000,,'',0,7000,,'',0,3000,,'',0,2800,,'',0,7700,,'',0,10000,,'',0,10000,,'',0,10000,,'',0,9800,,'',0,9600,,'',0,2800,,'',0,7300,,'',0,7000,,'',0,3000,,'',0,7200,,'',0,2800,,'',0,7000,,'',0,2900,,'',0,3000,,'',0
