'2022DE-1BUSSA-Saturday-04',3100,64500,,'',0,7800,,'',0,3000,,'',0,7000,,'',0,3000,,'',0,7000,,'',0,3000,,'',0,7000,,'',0,3000,,'',0,7000,,'',0,3000,,'',0,7000,,'',0,3000,,'',0,7000,,'',0,3000,,'',0,7000,,'',0,3000,,'',0,7000,,'',0,3000,,'',0,7000,,'',0,3000,,'',0,7000,,'',0,3000,,'',0,7000,,'',0,3000,,'',0,7000,,'',0,3000,,'',0,7000,,'',0,3000,,'',0,7000,,'',0,3000,,'',0,7000,,'',0,3000,,'',0,7000,,'',0
'2022DE-1BUSSA-Saturday-04',3101,70800,4,'',0,3800,4,'',0,7000,4,'',0,3000,4,'',0,7000,4,'',0,3000,4,'',0,7000,4,'',0,3000,4,'',0,7000,4,'',0,3000,4,'',0,7000,4,'',0,3200,4,'',0,7000,4,'',0,3000,4,'',0,7000,4,'',0,3000,4,'',0,7000,4,'',0,3000,4,'',0,7000,4,'',0,3000,4,'',0,7000,4,'',0,3000,4,'',0,6900,4,'',0,3000,4,'',0,7000,4,'',0,3000,4,'',0,7000,4,'',0,3000,4,'',0,7000,4,'',0,3000,4,'',0,7000,4,'',0,3000,4,'',0,7000,4,'',0
'2022DE-1BUSSU-Sunday-04',3100,64500,,'',0,7800,,'',0,3000,,'',0,7000,,'',0,3000,,'',0,7000,,'',0,3000,,'',0,7000,,'',0,3000,,'',0,7000,,'',0,3000,,'',0,7000,,'',0,3000,,'',0,7000,,'',0,3000,,'',0,7000,,'',0,3000,,'',0,7000,,'',0,3000,,'',0,7000,,'',0,3000,,'',0,7000,,'',0,3000,,'',0,7000,,'',0,3000,,'',0,7000,,'',0,3000,,'',0,7000,,'',0,3000,,'',0,7000,,'',0,3000,,'',0,7000,,'',0,3000,,'',0,7000,,'',0
'2022DE-1BUSSU-Sunday-04',3101,70800,4,'',0,3800,4,'',0,7000,4,'',0,3000,4,'',0,7000,4,'',0,3000,4,'',0,7000,4,'',0,3000,4,'',0,7000,4,'',0,3000,4,'',0,7000,4,'',0,3200,4,'',0,7000,4,'',0,3000,4,'',0,7000,4,'',0,3000,4,'',0,7000,4,'',0,3000,4,'',0,7000,4,'',0,3000,4,'',0,7000,4,'',0,3000,4,'',0,6900,4,'',0,3000,4,'',0,7000,4,'',0,3000,4,'',0,7000,4,'',0,3000,4,'',0,7000,4,'',0,3000,4,'',0,7000,4,'',0,3000,4,'',0,7000,4,'',0
'2022DE-1BUSWK-Weekday-05',3100,51400,,'',0,3000,,'',0,7400,,'',0,3500,,'',0,7500,,'',0,7500,,'',0,3500,,'',0,7500,,'',0,3500,,'',0,7500,,'',0,3500,,'',0,7500,,'',0,7100,,'',0,3500,,'',0,7500,,'',0,3500,,'',0,7500,,'',0,600,,'',0,7500,,'',0,3500,,'',0,7500,,'',0,3500,,'',0,7500,,'',0,7500,,'',0,3500,,'',0,7500,,'',0,3500,,'',0,7500,,'',0,3500,,'',0,7500,,'',0,7500,,'',0,3500,,'',0,7500,,'',0,3500,,'',0,8300,,'',0
'2022DE-1BUSWK-Weekday-05',3101,61200,4,'',0,3000,4,'',0,7700,4,'',0,3700,4,'',0,5900,4,'',0,1600,4,'',0,7500,4,'',0,3500,4,'',0,7500,4,'',0,3500,4,'',0,7500,4,'',0,7600,4,'',0,3500,4,'',0,7500,4,'',0,3500,4,'',0,7500,4,'',0,3500,4,'',0,7500,4,'',0,7700,4,'',0,3500,4,'',0,7500,4,'',0,3500,4,'',0,7400,4,'',0,7500,4,'',0,3500,4,'',0,7300,4,'',0,3500,4,'',0,7500,4,'',0,3500,4,'',0,7500,4,'',0,7500,4,'',0,3500,4,'',0,7500,4,'',0,8700,4,'',0
'2022DE-1BUSWK-Weekday-05-0000100',3100,114200,,'',0
'2022DE-1BUSWK-Weekday-05-1111000',3101,151500,4,'',0
'2022DE-1BUSSA-Saturday-04',4000,84700,4,'',0,7500,4,'',0,3500,4,'',0,7500,4,'',0,7500,4,'',0,3500,4,'',0,7500,4,'',0,3500,4,'',0,7500,4,'',0,7500,4,'',0,3500,4,'',0,7500,4,'',0,3500,4,'',0,7500,4,'',0,3500,4,'',0,7500,4,'',0,7500,4,'',0,3500,4,'',0,7500,4,'',0
'2022DE-1BUSSA-Saturday-04',4001,70500,,'',0,3500,,'',0,7500,,'',0,3500,,'',0,7500,,'',0,7500,,'',0,3500,,'',0,7500,,'',0,3500,,'',0,7500,,'',0,3500,,'',0,7500,,'',0,7500,,'',0,3500,,'',0,7500,,'',0,3500,,'',0,7500,,'',0,7500,,'',0,3500,,'',0,7500,,'',0
'2022DE-1BUSSU-Sunday-04',4000,84700,4,'',0,7500,4,'',0,3500,4,'',0,7500,4,'',0,7500,4,'',0,3500,4,'',0,7500,4,'',0,3500,4,'',0,7500,4,'',0,7500,4,'',0,3500,4,'',0,7500,4,'',0,3500,4,'',0,7500,4,'',0,3500,4,'',0,7500,4,'',0,7500,4,'',0,3500,4,'',0,7500,4,'',0
'2022DE-1BUSSU-Sunday-04',4001,70500,,'',0,3500,,'',0,7500,,'',0,3500,,'',0,7500,,'',0,7500,,'',0,3500,,'',0,7500,,'',0,3500,,'',0,7500,,'',0,3500,,'',0,7500,,'',0,7500,,'',0,3500,,'',0,7500,,'',0,3500,,'',0,7500,,'',0,7500,,'',0,3500,,'',0,7500,,'',0
'2022DE-1BUSWK-Weekday-05',4000,65700,4,'',0,7600,4,'',0,7500,4,'',0,3500,4,'',0,7400,4,'',0,3500,4,'',0,7500,4,'',0,7500,4,'',0,3500,4,'',0,7500,4,'',0,3500,4,'',0,7500,4,'',0,3500,4,'',0,7500,4,'',0,7600,4,'',0,3500,4,'',0,7500,4,'',0,3500,4,'',0,7400,4,'',0,7500,4,'',0,3500,4,'',0,7400,4,'',0,3500,4,'',0,7500,4,'',0,3500,4,'',0,7500,4,'',0,7500,4,'',0,3500,4,'',0,7200,4,'',0
'2022DE-1BUSWK-Weekday-05',4001,55800,,'',0,7200,,'',0,7500,,'',0,3500,,'',0,7500,,'',0,3500,,'',0,7500,,'',0,7500,,'',0,3500,,'',0,7500,,'',0,3500,,'',0,7500,,'',0,3500,,'',0,7500,,'',0,7500,,'',0,3500,,'',0,7500,,'',0,3500,,'',0,7500,,'',0,7500,,'',0,3700,,'',0,7300,,'',0,3500,,'',0,7500,,'',0,3500,,'',0,7500,,'',0,7500,,'',0,3700,,'',0,7800,,'',0,3500,,'',0
'2022DE-1BUSSA-Saturday-04',9100,65100,4,'',0,6100,4,'',0,2100,4,'',0,2100,4,'',0,6100,4,'',0,2100,4,'',0,2100,4,'',0,6100,4,'',0,2100,4,'',0,6100,4,'',0,2100,4,'',0,2100,4,'',0,6100,4,'',0,2100,4,'',0,2100,4,'',0,6200,4,'',0,2100,4,'',0,2100,4,'',0,6100,4,'',0,2100,4,'',0,2100,4,'',0,6100,4,'',0,2100,4,'',0,2100,4,'',0,6100,4,'',0,2100,4,'',0,2100,4,'',0,6100,4,'',0,2100,4,'',0,6100,4,'',0,2100,4,'',0,2100,4,'',0,6100,4,'',0,2000,4,'',0,2100,4,'',0,6100,4,'',0,2100,4,'',0,2100,4,'',0,6100,4,'',0,2100,4,'',0,2100,4,'',0,6100,4,'',0,2100,4,'',0,2100,4,'',0,6100,4,'',0,2100,4,'',0,2100,4,'',0,6100,4,'',0,2100,4,'',0,6100,4,'',0
'2022DE-1BUSSA-Saturday-04',9101,63500,,'',0,2100,,'',0,6100,,'',0,2100,,'',0,2100,,'',0,6100,,'',0,2100,,'',0,6100,,'',0,2100,,'',0,2100,,'',0,6100,,'',0,2100,,'',0,2100,,'',0,6100,,'',0,2100,,'',0,2100,,'',0,6100,,'',0,2100,,'',0,2100,,'',0,6100,,'',0,2100,,'',0,2100,,'',0,6100,,'',0,2100,,'',0,2100,,'',0,6100,,'',0,2100,,'',0,6100,,'',0,2100,,'',0,2100,,'',0,6100,,'',0,2100,,'',0,2100,,'',0,6100,,'',0,2100,,'',0,2100,,'',0,6100,,'',0,2100,,'',0,2100,,'',0,6100,,'',0,2100,,'',0,2100,,'',0,6100,,'',0,2100,,'',0,2100,,'',0,6100,,'',0,2100,,'',0,6100,,'',0,2100,,'',0,2100,,'',0
'2022DE-1BUSSU-Sunday-04',9100,65100,4,'',0,6100,4,'',0,2100,4,'',0,2100,4,'',0,6100,4,'',0,2100,4,'',0,2100,4,'',0,6100,4,'',0,2100,4,'',0,6100,4,'',0,2100,4,'',0,2100,4,'',0,6100,4,'',0,2100,4,'',0,2100,4,'',0,6200,4,'',0,2100,4,'',0,2100,4,'',0,6100,4,'',0,2100,4,'',0,2100,4,'',0,6100,4,'',0,2100,4,'',0,2100,4,'',0,6100,4,'',0,2100,4,'',0,2100,4,'',0,6100,4,'',0,2100,4,'',0,6100,4,'',0,2100,4,'',0,2100,4,'',0,6100,4,'',0,2000,4,'',0,2100,4,'',0,6100,4,'',0,2100,4,'',0,2100,4,'',0,6100,4,'',0,2100,4,'',0,2100,4,'',0,6100,4,'',0,2100,4,'',0,2100,4,'',0,6100,4,'',0,2100,4,'',0,2100,4,'',0,6100,4,'',0,2100,4,'',0,6100,4,'',0
'2022DE-1BUSSU-Sunday-04',9101,63500,,'',0,2100,,'',0,6100,,'',0,2100,,'',0,2100,,'',0,6100,,'',0,2100,,'',0,6100,,'',0,2100,,'',0,2100,,'',0,6100,,'',0,2100,,'',0,2100,,'',0,6100,,'',0,2100,,'',0,2100,,'',0,6100,,'',0,2100,,'',0,2100,,'',0,6100,,'',0,2100,,'',0,2100,,'',0,6100,,'',0,2100,,'',0,2100,,'',0,6100,,'',0,2100,,'',0,6100,,'',0,2100,,'',0,2100,,'',0,6100,,'',0,2100,,'',0,2100,,'',0,6100,,'',0,2100,,'',0,2100,,'',0,6100,,'',0,2100,,'',0,2100,,'',0,6100,,'',0,2100,,'',0,2100,,'',0,6100,,'',0,2100,,'',0,2100,,'',0,6100,,'',0,2100,,'',0,6100,,'',0,2100,,'',0,2100,,'',0
'2022DE-1BUSWK-Weekday-05',9100,63400,4,'',0,2100,4,'',0,6100,4,'',0,2300,4,'',0,1900,4,'',0,6100,4,'',0,2100,4,'',0,6100,4,'',0,2100,4,'',0,2100,4,'',0,6100,4,'',0,2100,4,'',0,2100,4,'',0,6100,4,'',0,2100,4,'',0,2100,4,'',0,6100,4,'',0,2100,4,'',0,2100,4,'',0,6100,4,'',0,2100,4,'',0,2100,4,'',0,6100,4,'',0,2100,4,'',0,2100,4,'',0,6100,4,'',0,2100,4,'',0,6100,4,'',0,2100,4,'',0,2100,4,'',0,6100,4,'',0,2100,4,'',0,2100,4,'',0,6100,4,'',0,2100,4,'',0,2000,4,'',0,6100,4,'',0,2100,4,'',0,2100,4,'',0,6100,4,'',0,2100,4,'',0,2100,4,'',0,6100,4,'',0,2100,4,'',0,2100,4,'',0,6100,4,'',0,2100,4,'',0,1800,4,'',0,6800,4,'',0,1700,4,'',0,6100,4,'',0,2100,4,'',0
'2022DE-1BUSWK-Weekday-05',9101,61600,,'',0,2100,,'',0,2100,,'',0,6300,,'',0,1900,,'',0,6100,,'',0,2100,,'',0,2100,,'',0,6100,,'',0,2100,,'',0,2100,,'',0,6100,,'',0,2100,,'',0,2100,,'',0,6100,,'',0,2100,,'',0,2100,,'',0,6100,,'',0,2100,,'',0,2100,,'',0,6100,,'',0,2100,,'',0,2100,,'',0,6100,,'',0,2100,,'',0,6100,,'',0,2100,,'',0,2100,,'',0,6100,,'',0,2100,,'',0,2100,,'',0,6100,,'',0,2100,,'',0,2100,,'',0,6100,,'',0,2100,,'',0,2100,,'',0,6100,,'',0,2100,,'',0,2100,,'',0,6100,,'',0,2100,,'',0,2100,,'',0,6100,,'',0,2100,,'',0,6100,,'',0,2100,,'',0,1800,,'',0,6800,,'',0,1700,,'',0,2100,,'',0,6100,,'',0
