'2023SE-1BUSSA-Saturday-04',5100,60000,,'',0,3800,,'',0,7400,,'',0,3800,,'',0,7800,,'',0,7800,,'',0,3800,,'',0,7800,,'',0,7800,,'',0,3800,,'',0,7800,,'',0,3800,,'',0,7800,,'',0,7800,,'',0,3800,,'',0,7800,,'',0,7800,,'',0,3800,,'',0,7800,,'',0,3800,,'',0,7800,,'',0,7800,,'',0,3800,,'',0,7800,,'',0,7800,,'',0,3800,,'',0
'2023SE-1BUSSA-Saturday-04',5101,70700,4,'',0,3800,4,'',0,7800,4,'',0,7800,4,'',0,3800,4,'',0,7800,4,'',0,3800,4,'',0,7800,4,'',0,7800,4,'',0,3800,4,'',0,7800,4,'',0,7800,4,'',0,3800,4,'',0,7800,4,'',0,3800,4,'',0,7800,4,'',0,7800,4,'',0,3800,4,'',0,7800,4,'',0,7800,4,'',0,3800,4,'',0,7800,4,'',0,7800,4,'',0,3800,4,'',0,7800,4,'',0
'2023SE-1BUSSU-Sunday-04',5100,60000,,'',0,3800,,'',0,7400,,'',0,3800,,'',0,7800,,'',0,7800,,'',0,3800,,'',0,7800,,'',0,7800,,'',0,3800,,'',0,7800,,'',0,3800,,'',0,7800,,'',0,7800,,'',0,3800,,'',0,7800,,'',0,7800,,'',0,3800,,'',0,7800,,'',0,3800,,'',0,7800,,'',0,7800,,'',0,3800,,'',0,7800,,'',0,7800,,'',0,3800,,'',0
'2023SE-1BUSSU-Sunday-04',5101,70700,4,'',0,3800,4,'',0,7800,4,'',0,7800,4,'',0,3800,4,'',0,7800,4,'',0,3800,4,'',0,7800,4,'',0,7800,4,'',0,3800,4,'',0,7800,4,'',0,7800,4,'',0,3800,4,'',0,7800,4,'',0,3800,4,'',0,7800,4,'',0,7800,4,'',0,3800,4,'',0,7800,4,'',0,7800,4,'',0,3800,4,'',0,7800,4,'',0,7800,4,'',0,3800,4,'',0,7800,4,'',0
'2023SE-1BUSWK-Weekday-04',5100,63900,,'',0,6500,,'',0,2500,,'',0,2500,,'',0,5000,,'',0,1500,,'',0,2500,,'',0,6500,,'',0,2500,,'',0,7300,,'',0,3800,,'',0,7800,,'',0,7800,,'',0,3800,,'',0,7800,,'',0,3800,,'',0,7800,,'',0,7100,,'',0,2500,,'',0,2500,,'',0,6500,,'',0,2500,,'',0,6500,,'',0,2500,,'',0,2500,,'',0,6500,,'',0,2500,,'',0,6500,,'',0,3300,,'',0,7800,,'',0,7800,,'',0,3800,,'',0,7800,,'',0,3800,,'',0,7800,,'',0
'2023SE-1BUSWK-Weekday-04',5101,63400,4,'',0,2500,4,'',0,6500,4,'',0,2500,4,'',0,6500,4,'',0,2500,4,'',0,6500,4,'',0,1000,4,'',0,1500,4,'',0,7800,4,'',0,3800,4,'',0,7800,4,'',0,7800,4,'',0,3800,4,'',0,7800,4,'',0,3800,4,'',0,7800,4,'',0,7800,4,'',0,3800,4,'',0,6500,4,'',0,2500,4,'',0,6500,4,'',0,2500,4,'',0,2500,4,'',0,6500,4,'',0,2500,4,'',0,6500,4,'',0,3800,4,'',0,7800,4,'',0,7800,4,'',0,3800,4,'',0,7800,4,'',0,3800,4,'',0,7800,4,'',0,7800,4,'',0
'2023SE-1BUSWK-Weekday-04-0000100',5100,131500,,'',0
'2023SE-1BUSWK-Weekday-04-1111000',5100,154500,,'',0
'2023SE-1BUSSA-Saturday-04',16400,54100,,'',0,7000,,'',0,3000,,'',0,7000,,'',0,3000,,'',0,7000,,'',0,3000,,'',0,7000,,'',0,3000,,'',0,7000,,'',0,3000,,'',0,7000,,'',0,3000,,'',0,7000,,'',0,3000,,'',0,7000,,'',0,3000,,'',0,7000,,'',0,3000,,'',0,7000,,'',0,3000,,'',0,7000,,'',0,3000,,'',0,7000,,'',0,3000,,'',0,7000,,'',0,3000,,'',0,7000,,'',0,3000,,'',0,7000,,'',0,3000,,'',0,7000,,'',0,3000,,'',0,7000,,'',0
'2023SE-1BUSSA-Saturday-04',16401,63600,4,'',0,7000,4,'',0,3000,4,'',0,7000,4,'',0,3000,4,'',0,7000,4,'',0,3000,4,'',0,7000,4,'',0,3000,4,'',0,7000,4,'',0,3000,4,'',0,7000,4,'',0,3000,4,'',0,7000,4,'',0,3000,4,'',0,7000,4,'',0,3000,4,'',0,7000,4,'',0,3000,4,'',0,7000,4,'',0,3000,4,'',0,7000,4,'',0,3000,4,'',0,7000,4,'',0,3000,4,'',0,7000,4,'',0,3000,4,'',0,7000,4,'',0,3000,4,'',0,7000,4,'',0,3000,4,'',0,7000,4,'',0,3000,4,'',0
'2023SE-1BUSSU-Sunday-04',16400,54100,,'',0,7000,,'',0,3000,,'',0,7000,,'',0,3000,,'',0,7000,,'',0,3000,,'',0,7000,,'',0,3000,,'',0,7000,,'',0,3000,,'',0,7000,,'',0,3000,,'',0,7000,,'',0,3000,,'',0,7000,,'',0,3000,,'',0,7000,,'',0,3000,,'',0,7000,,'',0,3000,,'',0,7000,,'',0,3000,,'',0,7000,,'',0,3000,,'',0,7000,,'',0,3000,,'',0,7000,,'',0,3000,,'',0,7000,,'',0,3000,,'',0,7000,,'',0,3000,,'',0,7000,,'',0
'2023SE-1BUSSU-Sunday-04',16401,63600,4,'',0,7000,4,'',0,3000,4,'',0,7000,4,'',0,3000,4,'',0,7000,4,'',0,3000,4,'',0,7000,4,'',0,3000,4,'',0,7000,4,'',0,3000,4,'',0,7000,4,'',0,3000,4,'',0,7000,4,'',0,3000,4,'',0,7000,4,'',0,3000,4,'',0,7000,4,'',0,3000,4,'',0,7000,4,'',0,3000,4,'',0,7000,4,'',0,3000,4,'',0,7000,4,'',0,3000,4,'',0,7000,4,'',0,3000,4,'',0,7000,4,'',0,3000,4,'',0,7000,4,'',0,3000,4,'',0,7000,4,'',0,3000,4,'',0
'2023SE-1BUSWK-Weekday-04',16400,60000,,'',0,3000,,'',0,7000,,'',0,3000,,'',0,7000,,'',0,3000,,'',0,7000,,'',0,3000,,'',0,7000,,'',0,3000,,'',0,7000,,'',0,3000,,'',0,7000,,'',0,3000,,'',0,7000,,'',0,3000,,'',0,7000,,'',0,3000,,'',0,7000,,'',0,3000,,'',0,7000,,'',0,3000,,'',0,7000,,'',0,3000,,'',0,7000,,'',0,3000,,'',0,7000,,'',0,3000,,'',0,7000,,'',0,3000,,'',0,7000,,'',0,3000,,'',0,7000,,'',0,3000,,'',0,7000,,'',0,3000,,'',0,7000,,'',0
'2023SE-1BUSWK-Weekday-04',16401,70000,4,'',0,3000,4,'',0,7000,4,'',0,3000,4,'',0,7000,4,'',0,3000,4,'',0,7000,4,'',0,3000,4,'',0,7000,4,'',0,3000,4,'',0,7000,4,'',0,3000,4,'',0,7000,4,'',0,3000,4,'',0,7000,4,'',0,3000,4,'',0,7000,4,'',0,3000,4,'',0,7000,4,'',0,3000,4,'',0,7000,4,'',0,3000,4,'',0,7000,4,'',0,3000,4,'',0,7000,4,'',0,3000,4,'',0,7000,4,'',0,3000,4,'',0,7000,4,'',0,3000,4,'',0,7000,4,'',0,3000,4,'',0,7000,4,'',0,3000,4,'',0,7000,4,'',0,3000,4,'',0
'2023SE-1BUSWK-Weekday-04-0000100',69801,140100,4,'',0,3300,4,'',0
'2023SE-1BUSWK-Weekday-04-1111000',69801,160300,4,'',0,1400,4,'',0
'2023SE-1BUSWK-Weekday-04',89500,152300,0,'St Gregory / Cougar Rdg',0
