'2023MA-1BUSWK-Weekday-03',6201,65200,4,'',0,6700,4,'',0,2800,4,'',0
'2023MA-1CBECUT-Weekday-03',6201,65200,4,'',0,6700,4,'',0,2800,4,'',0
'2023MA-1CCSDCUT-Weekday-03',6201,65200,4,'',0,6700,4,'',0,2800,4,'',0
'2023MA-1BUSWK-Weekday-03',6401,64800,4,'',0,6100,4,'',0,2200,4,'',0,2000,4,'',0,5900,4,'',0
'2023MA-1CBECUT-Weekday-03',6401,64800,4,'',0,6100,4,'',0,2200,4,'',0,2000,4,'',0,5900,4,'',0
'2023MA-1CCSDCUT-Weekday-03',6401,64800,4,'',0,6100,4,'',0,2200,4,'',0,2000,4,'',0,5900,4,'',0
'2023MA-1BUSWK-Weekday-03',10901,65200,4,'',0,7100,4,'',0,2300,4,'',0
'2023MA-1CBECUT-Weekday-03',10901,65200,4,'',0,7100,4,'',0,2300,4,'',0
'2023MA-1CCSDCUT-Weekday-03',10901,65200,4,'',0,7100,4,'',0,2300,4,'',0
'2023MA-1BUSWK-Weekday-03',11601,64900,4,'',0,6000,4,'',0,2000,4,'',0,2000,4,'',0
'2023MA-1CBECUT-Weekday-03',11601,64900,4,'',0,6000,4,'',0,2000,4,'',0,2000,4,'',0
'2023MA-1CCSDCUT-Weekday-03',11601,64900,4,'',0,6000,4,'',0,2000,4,'',0,2000,4,'',0
'2023MA-1BUSWK-Weekday-03',14201,64800,4,'',0,6800,4,'',0,2600,4,'',0
'2023MA-1CBECUT-Weekday-03',14201,64800,4,'',0,6800,4,'',0,2600,4,'',0
'2023MA-1CCSDCUT-Weekday-03',14201,64800,4,'',0,6800,4,'',0,2600,4,'',0
