'2023SE-1BUSSA-Saturday-05',7600,54800,,'',0,7000,,'',0,4000,,'',0,8000,,'',0,8000,,'',0,4000,,'',0,8000,,'',0,8000,,'',0,4000,,'',0,8000,,'',0,8000,,'',0,4000,,'',0,8000,,'',0,8000,,'',0,4000,,'',0,8000,,'',0,8000,,'',0,4000,,'',0,8000,,'',0,8000,,'',0,4000,,'',0,8000,,'',0,8000,,'',0,4000,,'',0,8000,,'',0,8000,,'',0,4000,,'',0,8000,,'',0
'2023SE-1BUSSA-Saturday-05',7601,61300,4,'',0,4000,4,'',0,8000,4,'',0,8000,4,'',0,4000,4,'',0,8000,4,'',0,8000,4,'',0,4000,4,'',0,8000,4,'',0,8000,4,'',0,4100,4,'',0,8000,4,'',0,8000,4,'',0,4000,4,'',0,8000,4,'',0,8000,4,'',0,4000,4,'',0,8000,4,'',0,8000,4,'',0,3900,4,'',0,8000,4,'',0,8000,4,'',0,4000,4,'',0,8000,4,'',0,8000,4,'',0,4000,4,'',0,8000,4,'',0,8000,4,'',0
'2023SE-1BUSSU-Sunday-05',7600,54800,,'',0,7000,,'',0,4000,,'',0,8000,,'',0,8000,,'',0,4000,,'',0,8000,,'',0,8000,,'',0,4000,,'',0,8000,,'',0,8000,,'',0,4000,,'',0,8000,,'',0,8000,,'',0,4000,,'',0,8000,,'',0,8000,,'',0,4000,,'',0,8000,,'',0,8000,,'',0,4000,,'',0,8000,,'',0,8000,,'',0,4000,,'',0,8000,,'',0,8000,,'',0,4000,,'',0,8000,,'',0
'2023SE-1BUSSU-Sunday-05',7601,61300,4,'',0,4000,4,'',0,8000,4,'',0,8000,4,'',0,4000,4,'',0,8000,4,'',0,8000,4,'',0,4000,4,'',0,8000,4,'',0,8000,4,'',0,4100,4,'',0,8000,4,'',0,8000,4,'',0,4000,4,'',0,8000,4,'',0,8000,4,'',0,4000,4,'',0,8000,4,'',0,8000,4,'',0,3900,4,'',0,8000,4,'',0,8000,4,'',0,4000,4,'',0,8000,4,'',0,8000,4,'',0,4000,4,'',0,8000,4,'',0,8000,4,'',0
'2023SE-1BUSWK-Weekday-05',7600,50700,,'',0,3000,,'',0,7000,,'',0,3000,,'',0,7000,,'',0,1000,,'',0,2000,,'',0,7000,,'',0,900,,'',0,2100,,'',0,7000,,'',0,3000,,'',0,7000,,'',0,3000,,'',0,7000,,'',0,3000,,'',0,7000,,'',0,3000,,'',0,7000,,'',0,3000,,'',0,7000,,'',0,3000,,'',0,7000,,'',0,3000,,'',0,7000,,'',0,3000,,'',0,7000,,'',0,3000,,'',0,7000,,'',0,3000,,'',0,7000,,'',0,3000,,'',0,7000,,'',0,3000,,'',0,7000,,'',0,3000,,'',0,7000,,'',0,3000,,'',0,7000,,'',0,3000,,'',0,7000,,'',0,3900,,'',0
'2023SE-1BUSWK-Weekday-05',7601,52700,4,'',0,7500,4,'',0,3000,4,'',0,7100,4,'',0,3000,4,'',0,7000,4,'',0,2400,4,'',0,7600,4,'',0,3000,4,'',0,7000,4,'',0,3000,4,'',0,7000,4,'',0,3000,4,'',0,7000,4,'',0,3000,4,'',0,7000,4,'',0,3000,4,'',0,7000,4,'',0,3000,4,'',0,7000,4,'',0,1400,4,'',0,1700,4,'',0,1600,4,'',0,5100,4,'',0,3300,4,'',0,7000,4,'',0,3000,4,'',0,7000,4,'',0,3000,4,'',0,6800,4,'',0,3000,4,'',0,7000,4,'',0,3000,4,'',0,7000,4,'',0,3000,4,'',0,7000,4,'',0,3000,4,'',0,7000,4,'',0,3000,4,'',0,7000,4,'',0,4000,4,'',0
'2023SE-1BUSWK-Weekday-05-0000100',7601,124100,4,'',0
'2023SE-pB5Nov24-Weekday-24',7600,50700,,'',0,3000,,'',0,7000,,'',0,3000,,'',0,7000,,'',0,1000,,'',0,2000,,'',0,7000,,'',0,900,,'',0,2100,,'',0,7000,,'',0,3000,,'',0,7000,,'',0,3000,,'',0,7000,,'',0,3000,,'',0,7000,,'',0,3000,,'',0,7000,,'',0,3000,,'',0,7000,,'',0,3000,,'',0,7000,,'',0,3000,,'',0,7000,,'',0,3000,,'',0,7000,,'',0,3000,,'',0,7000,,'',0,3000,,'',0,7000,,'',0,3000,,'',0,7000,,'',0,3000,,'',0,7000,,'',0,3000,,'',0,7000,,'',0,3000,,'',0,7000,,'',0,3000,,'',0,7000,,'',0,3900,,'',0
'2023SE-pB5Nov24-Weekday-24',7601,52700,4,'',0,7500,4,'',0,3000,4,'',0,7100,4,'',0,3000,4,'',0,7000,4,'',0,2400,4,'',0,7600,4,'',0,3000,4,'',0,7000,4,'',0,3000,4,'',0,7000,4,'',0,3000,4,'',0,7000,4,'',0,3000,4,'',0,7000,4,'',0,3000,4,'',0,7000,4,'',0,3000,4,'',0,7000,4,'',0,1400,4,'',0,1700,4,'',0,1600,4,'',0,5100,4,'',0,3300,4,'',0,7000,4,'',0,3000,4,'',0,7000,4,'',0,3000,4,'',0,6800,4,'',0,3000,4,'',0,7000,4,'',0,3000,4,'',0,7000,4,'',0,3000,4,'',0,7000,4,'',0,3000,4,'',0,7000,4,'',0,3000,4,'',0,7000,4,'',0,4000,4,'',0
'2023SE-pB5Nov24-Weekday-24-0000100',7601,124100,4,'',0
'2023SE-pB6Dec2-Saturday-32',7600,54800,,'',0,7000,,'',0,4000,,'',0,8000,,'',0,8000,,'',0,4000,,'',0,8000,,'',0,8000,,'',0,4000,,'',0,8000,,'',0,8000,,'',0,4000,,'',0,8000,,'',0,8000,,'',0,4000,,'',0,8000,,'',0,8000,,'',0,4000,,'',0,8000,,'',0,8000,,'',0,4000,,'',0,8000,,'',0,8000,,'',0,4000,,'',0,8000,,'',0,8000,,'',0,4000,,'',0,8000,,'',0
'2023SE-pB6Dec2-Saturday-32',7601,61300,4,'',0,4000,4,'',0,8000,4,'',0,8000,4,'',0,4000,4,'',0,8000,4,'',0,8000,4,'',0,4000,4,'',0,8000,4,'',0,8000,4,'',0,4100,4,'',0,8000,4,'',0,8000,4,'',0,4000,4,'',0,8000,4,'',0,8000,4,'',0,4000,4,'',0,8000,4,'',0,8000,4,'',0,3900,4,'',0,8000,4,'',0,8000,4,'',0,4000,4,'',0,8000,4,'',0,8000,4,'',0,4000,4,'',0,8000,4,'',0,8000,4,'',0
'2023SE-pB6Nov25-Saturday-25',7600,54800,,'',0,7000,,'',0,4000,,'',0,8000,,'',0,8000,,'',0,4000,,'',0,8000,,'',0,8000,,'',0,4000,,'',0,8000,,'',0,8000,,'',0,4000,,'',0,8000,,'',0,8000,,'',0,4000,,'',0,8000,,'',0,8000,,'',0,4000,,'',0,8000,,'',0,8000,,'',0,4000,,'',0,8000,,'',0,8000,,'',0,4000,,'',0,8000,,'',0,8000,,'',0,4000,,'',0,8000,,'',0
'2023SE-pB6Nov25-Saturday-25',7601,61300,4,'',0,4000,4,'',0,8000,4,'',0,8000,4,'',0,4000,4,'',0,8000,4,'',0,8000,4,'',0,4000,4,'',0,8000,4,'',0,8000,4,'',0,4100,4,'',0,8000,4,'',0,8000,4,'',0,4000,4,'',0,8000,4,'',0,8000,4,'',0,4000,4,'',0,8000,4,'',0,8000,4,'',0,3900,4,'',0,8000,4,'',0,8000,4,'',0,4000,4,'',0,8000,4,'',0,8000,4,'',0,4000,4,'',0,8000,4,'',0,8000,4,'',0
'2023SE-pB7Dec3-Sunday-33',7600,54800,,'',0,7000,,'',0,4000,,'',0,8000,,'',0,8000,,'',0,4000,,'',0,8000,,'',0,8000,,'',0,4000,,'',0,8000,,'',0,8000,,'',0,4000,,'',0,8000,,'',0,8000,,'',0,4000,,'',0,8000,,'',0,8000,,'',0,4000,,'',0,8000,,'',0,8000,,'',0,4000,,'',0,8000,,'',0,8000,,'',0,4000,,'',0,8000,,'',0,8000,,'',0,4000,,'',0,8000,,'',0
'2023SE-pB7Dec3-Sunday-33',7601,61300,4,'',0,4000,4,'',0,8000,4,'',0,8000,4,'',0,4000,4,'',0,8000,4,'',0,8000,4,'',0,4000,4,'',0,8000,4,'',0,8000,4,'',0,4100,4,'',0,8000,4,'',0,8000,4,'',0,4000,4,'',0,8000,4,'',0,8000,4,'',0,4000,4,'',0,8000,4,'',0,8000,4,'',0,3900,4,'',0,8000,4,'',0,8000,4,'',0,4000,4,'',0,8000,4,'',0,8000,4,'',0,4000,4,'',0,8000,4,'',0,8000,4,'',0
'2023SE-pB7Nov26-Sunday-26',7600,54800,,'',0,7000,,'',0,4000,,'',0,8000,,'',0,8000,,'',0,4000,,'',0,8000,,'',0,8000,,'',0,4000,,'',0,8000,,'',0,8000,,'',0,4000,,'',0,8000,,'',0,8000,,'',0,4000,,'',0,8000,,'',0,8000,,'',0,4000,,'',0,8000,,'',0,8000,,'',0,4000,,'',0,8000,,'',0,8000,,'',0,4000,,'',0,8000,,'',0,8000,,'',0,4000,,'',0,8000,,'',0
'2023SE-pB7Nov26-Sunday-26',7601,61300,4,'',0,4000,4,'',0,8000,4,'',0,8000,4,'',0,4000,4,'',0,8000,4,'',0,8000,4,'',0,4000,4,'',0,8000,4,'',0,8000,4,'',0,4100,4,'',0,8000,4,'',0,8000,4,'',0,4000,4,'',0,8000,4,'',0,8000,4,'',0,4000,4,'',0,8000,4,'',0,8000,4,'',0,3900,4,'',0,8000,4,'',0,8000,4,'',0,4000,4,'',0,8000,4,'',0,8000,4,'',0,4000,4,'',0,8000,4,'',0,8000,4,'',0
'2023SE-qB1Nov27-Weekday-27',7600,50700,,'',0,3000,,'',0,7000,,'',0,3000,,'',0,7000,,'',0,1000,,'',0,2000,,'',0,7000,,'',0,900,,'',0,2100,,'',0,7000,,'',0,3000,,'',0,7000,,'',0,3000,,'',0,7000,,'',0,3000,,'',0,7000,,'',0,3000,,'',0,7000,,'',0,3000,,'',0,7000,,'',0,3000,,'',0,7000,,'',0,3000,,'',0,7000,,'',0,3000,,'',0,7000,,'',0,3000,,'',0,7000,,'',0,3000,,'',0,7000,,'',0,3000,,'',0,7000,,'',0,3000,,'',0,7000,,'',0,3000,,'',0,7000,,'',0,3000,,'',0,7000,,'',0,3000,,'',0,7000,,'',0,3900,,'',0
'2023SE-qB1Nov27-Weekday-27',7601,52700,4,'',0,7500,4,'',0,3000,4,'',0,7100,4,'',0,3000,4,'',0,7000,4,'',0,2400,4,'',0,7600,4,'',0,3000,4,'',0,7000,4,'',0,3000,4,'',0,7000,4,'',0,3000,4,'',0,7000,4,'',0,3000,4,'',0,7000,4,'',0,3000,4,'',0,7000,4,'',0,3000,4,'',0,7000,4,'',0,1400,4,'',0,1700,4,'',0,1600,4,'',0,5100,4,'',0,3300,4,'',0,7000,4,'',0,3000,4,'',0,7000,4,'',0,3000,4,'',0,6800,4,'',0,3000,4,'',0,7000,4,'',0,3000,4,'',0,7000,4,'',0,3000,4,'',0,7000,4,'',0,3000,4,'',0,7000,4,'',0,3000,4,'',0,7000,4,'',0,4000,4,'',0
'2023SE-qB1Nov27-Weekday-27-0000100',7601,124100,4,'',0
