'2023SE-1BUSSA-Saturday-04',30019,64300,,'',0,6500,4,'',0,500,,'',0,2500,4,'',0,500,,'',0,6500,4,'',0,500,,'',0,2500,4,'',0,500,,'',0,6500,4,'',0,500,,'',0,2500,4,'',0,500,,'',0,6500,4,'',0,500,,'',0,2500,4,'',0,500,,'',0,6500,4,'',0,500,,'',0,2500,4,'',0,500,,'',0,6500,4,'',0,500,,'',0,2500,4,'',0,500,,'',0,6500,4,'',0,500,,'',0,2500,4,'',0,500,,'',0,6500,4,'',0,500,,'',0,2500,4,'',0,500,,'',0,6500,4,'',0,500,,'',0,2500,4,'',0,500,,'',0,6500,4,'',0,500,,'',0,2500,4,'',0,500,,'',0,6500,4,'',0,500,,'',0,2500,4,'',0,500,,'',0,6500,4,'',0,500,,'',0,2500,4,'',0
'2023SE-1BUSSU-Sunday-04',30019,74300,,'',0,6300,4,'',0,700,,'',0,2300,4,'',0,700,,'',0,6300,4,'',0,700,,'',0,2300,4,'',0,700,,'',0,6300,4,'',0,700,,'',0,2300,4,'',0,700,,'',0,6300,4,'',0,700,,'',0,2300,4,'',0,700,,'',0,6300,4,'',0,700,,'',0,2300,4,'',0,700,,'',0,6300,4,'',0,700,,'',0,2300,4,'',0,700,,'',0,6300,4,'',0,700,,'',0,2300,4,'',0,700,,'',0,6300,4,'',0,700,,'',0,2300,4,'',0,700,,'',0,6300,4,'',0,700,,'',0,2300,4,'',0,700,,'',0,6300,4,'',0,700,,'',0,2300,4,'',0,700,,'',0,6300,4,'',0,700,,'',0,2300,4,'',0
'2023SE-1BUSWK-Weekday-04',30019,62800,4,'',0,2600,,'',0,6600,,'',0,2600,4,'',0,100,,'',0,6600,4,'',0,400,,'',0,2600,4,'',0,400,,'',0,6600,4,'',0,400,,'',0,2600,4,'',0,400,,'',0,6400,4,'',0,600,,'',0,2400,4,'',0,600,,'',0,6400,4,'',0,600,,'',0,2400,4,'',0,600,,'',0,6400,4,'',0,600,,'',0,2400,4,'',0,600,,'',0,6400,4,'',0,600,,'',0,2400,4,'',0,600,,'',0,6600,4,'',0,400,,'',0,2700,4,'',0,300,,'',0,6700,4,'',0,300,,'',0,2700,4,'',0,300,,'',0,6700,4,'',0,600,,'',0,2700,,'',0,6700,4,'',0,300,,'',0,2700,4,'',0,300,,'',0,6700,4,'',0,300,,'',0,2700,4,'',0,300,,'',0,6700,4,'',0,300,,'',0,2700,4,'',0,300,,'',0,6700,4,'',0,300,,'',0,2700,4,'',0,300,,'',0,6400,4,'',0
'2023SE-1BUSWK-Weekday-04',14700,53000,,'',0,7000,,'',0,3000,,'',0,7000,,'',0,3000,,'',0,7000,,'',0,3000,,'',0,10000,,'',0,10000,,'',0,10000,,'',0,10000,,'',0,10000,,'',0,10000,,'',0,7000,,'',0,3000,,'',0,7000,,'',0,3000,,'',0,7000,,'',0,3000,,'',0,7000,,'',0
'2023SE-1BUSWK-Weekday-04',14701,62800,4,'',0,3000,4,'',0,7000,4,'',0,3000,4,'',0,7000,4,'',0,3000,4,'',0,6600,4,'',0,9800,4,'',0,10000,4,'',0,10000,4,'',0,10000,4,'',0,10000,4,'',0,10400,4,'',0,3200,4,'',0,7000,4,'',0,3000,4,'',0,7000,4,'',0,3000,4,'',0,7000,4,'',0,3000,4,'',0
'2023SE-1BUSSA-Saturday-04',44900,83500,,'',0,9000,,'',0,9000,,'',0,9000,,'',0,5000,,'',0,9000,,'',0,9000,,'',0,9000,,'',0,9000,,'',0,9000,,'',0,5000,,'',0,9000,,'',0
'2023SE-1BUSSA-Saturday-04',44901,83200,4,'',0,9000,4,'',0,9000,4,'',0,9000,4,'',0,5000,4,'',0,9100,4,'',0,9000,4,'',0,9000,4,'',0,9000,4,'',0,9000,4,'',0,5000,4,'',0,9000,4,'',0,8900,4,'',0
'2023SE-1BUSSU-Sunday-04',44900,83500,,'',0,9000,,'',0,9000,,'',0,9000,,'',0,5000,,'',0,9000,,'',0,9000,,'',0,9000,,'',0,9000,,'',0,9000,,'',0,5000,,'',0,9000,,'',0
'2023SE-1BUSSU-Sunday-04',44901,83200,4,'',0,9000,4,'',0,9000,4,'',0,9000,4,'',0,5000,4,'',0,9100,4,'',0,9000,4,'',0,9000,4,'',0,9000,4,'',0,9000,4,'',0,5000,4,'',0,9000,4,'',0,8900,4,'',0
'2023SE-1BUSWK-Weekday-04',44900,60500,,'',0,4800,,'',0,9000,,'',0,9100,,'',0,9100,,'',0,9000,,'',0,9000,,'',0,5000,,'',0,9000,,'',0,9000,,'',0,9000,,'',0,9000,,'',0,9000,,'',0,5000,,'',0,9000,,'',0
'2023SE-1BUSWK-Weekday-04',44901,65100,4,'',0,9000,4,'',0,9000,4,'',0,9100,4,'',0,9000,4,'',0,9000,4,'',0,5000,4,'',0,9000,4,'',0,9000,4,'',0,9000,4,'',0,8700,4,'',0,9400,4,'',0,5000,4,'',0,9000,4,'',0,8900,4,'',0
