10201,'Saturday',658,,51850,12,,,0,70,,51852,12,,,0,30,,51853,12,,,0,70,,51854,12,,,0,30,,51851,12,,,0,70,,51855,12,,,0,30,,51856,12,,,0,70,,51857,12,,,0,30,,51859,12,,,0,70,,51860,12,,,0,30,,51863,12,,,0,70,,51858,12,,,0,30,,51864,12,,,0,70,,51865,12,,,0,30,,51861,12,,,0,70,,51862,12,,,0,30,,51867,12,,,0,70,,51868,12,,,0,30,,51869,12,,,0,70,,51866,12,,,0,30,,51870,12,,,0,70,,51871,12,,,0,30,,51872,12,,,0,70,,51873,12,,,0,30,,51874,12,,,0,70,,51875,12,,,0,30,,51876,12,,,0,70,,51877,12,,,0,30,,51878,12,,,0,70,,51880,12,,,0,30,,51881,12,,,0,70,,51882,12,,,0,30,,51879,12,,,0,70,,51883,12,,,0,30,,51884,12,,,0
10201,'Sunday',658,,51887,12,,,0,70,,51900,12,,,0,30,,51889,12,,,0,70,,51902,12,,,0,30,,51888,12,,,0,70,,51901,12,,,0,30,,51890,12,,,0,70,,51903,12,,,0,30,,51891,12,,,0,70,,51904,12,,,0,30,,51892,12,,,0,70,,51905,12,,,0,30,,51893,12,,,0,70,,51906,12,,,0,30,,51894,12,,,0,70,,51908,12,,,0,30,,51895,12,,,0,70,,51907,12,,,0,30,,51896,12,,,0,70,,51909,12,,,0,30,,51897,12,,,0,70,,51911,12,,,0,30,,51898,12,,,0,70,,51910,12,,,0,30,,51899,12,,,0,70,,51912,12,,,0,30,,51913,12,,,0,70,,51914,12,,,0,30,,51915,12,,,0,70,,51916,12,,,0,30,,51917,12,,,0,70,,51918,12,,,0,30,,51919,12,,,0,70,,51920,12,,,0
10201,'Weekday',458,,51925,12,,,0,70,,51926,12,,,0,25,,51927,12,,,0,61,,51928,12,,,0,20,,51929,12,,,0,20,,51930,12,,,0,60,,51931,12,,,0,20,,51932,12,,,0,20,,51933,12,,,0,60,,51934,12,,,0,20,,51935,12,,,0,66,,51936,12,,,0,29,,51938,12,,,0,30,,51939,12,,,0,70,,51940,12,,,0,30,,51937,12,,,0,70,,51941,12,,,0,30,,51942,12,,,0,70,,51943,12,,,0,30,,51944,12,,,0,70,,51947,12,,,0,30,,51948,12,,,0,70,,51945,12,,,0,22,,51950,12,,,0,60,,51951,12,,,0,20,,51946,12,,,0,20,,51949,12,,,0,60,,51952,12,,,0,20,,51953,12,,,0,20,,51954,12,,,0,60,,51956,12,,,0,20,,51958,12,,,0,20,,51955,12,,,0,60,,51959,12,,,0,20,,51957,12,,,0,20,,51960,12,,,0,62,,51961,12,,,0,24,,51962,12,,,0,70,,51963,12,,,0,30,,51964,12,,,0,70,,51965,12,,,0,30,,51966,12,,,0,70,,51967,12,,,0,30,,51968,12,,,0,70,,51969,12,,,0,30,,51923,12,,,0,70,,51924,12,,,0,30,,51922,12,,,0
10201,'1CCSDCUT-Weekday',458,,51974,12,,,0,70,,51975,12,,,0,25,,51976,12,,,0,61,,51977,12,,,0,20,,51978,12,,,0,20,,51979,12,,,0,60,,51980,12,,,0,20,,51981,12,,,0,20,,51982,12,,,0,60,,51983,12,,,0,20,,51984,12,,,0,66,,51985,12,,,0,29,,51987,12,,,0,30,,51988,12,,,0,70,,51989,12,,,0,30,,51986,12,,,0,70,,51990,12,,,0,30,,51991,12,,,0,70,,51992,12,,,0,30,,51993,12,,,0,70,,51996,12,,,0,30,,51997,12,,,0,70,,51994,12,,,0,22,,51999,12,,,0,60,,52000,12,,,0,20,,51995,12,,,0,20,,51998,12,,,0,60,,52001,12,,,0,20,,52002,12,,,0,20,,52003,12,,,0,60,,52005,12,,,0,20,,52007,12,,,0,20,,52004,12,,,0,60,,52008,12,,,0,20,,52006,12,,,0,20,,52009,12,,,0,62,,52010,12,,,0,24,,52011,12,,,0,70,,52012,12,,,0,30,,52013,12,,,0,70,,52014,12,,,0,30,,52015,12,,,0,70,,52016,12,,,0,30,,52017,12,,,0,70,,52018,12,,,0,30,,51972,12,,,0,70,,51973,12,,,0,30,,51971,12,,,0
10201,'1PUBCUT-Weekday',458,,52023,12,,,0,70,,52024,12,,,0,25,,52025,12,,,0,61,,52026,12,,,0,20,,52027,12,,,0,20,,52028,12,,,0,60,,52029,12,,,0,20,,52030,12,,,0,20,,52031,12,,,0,60,,52032,12,,,0,20,,52033,12,,,0,66,,52034,12,,,0,29,,52036,12,,,0,30,,52037,12,,,0,70,,52038,12,,,0,30,,52035,12,,,0,70,,52039,12,,,0,30,,52040,12,,,0,70,,52041,12,,,0,30,,52042,12,,,0,70,,52045,12,,,0,30,,52046,12,,,0,70,,52043,12,,,0,22,,52048,12,,,0,60,,52049,12,,,0,20,,52044,12,,,0,20,,52047,12,,,0,60,,52050,12,,,0,20,,52051,12,,,0,20,,52052,12,,,0,60,,52054,12,,,0,20,,52056,12,,,0,20,,52053,12,,,0,60,,52057,12,,,0,20,,52055,12,,,0,20,,52058,12,,,0,62,,52059,12,,,0,24,,52060,12,,,0,70,,52061,12,,,0,30,,52062,12,,,0,70,,52063,12,,,0,30,,52064,12,,,0,70,,52065,12,,,0,30,,52066,12,,,0,70,,52067,12,,,0,30,,52021,12,,,0,70,,52022,12,,,0,30,,52020,12,,,0
76500,'Weekday',815,,68669,4,0,48 49 50 47,0
76500,'1CCSDCUT-Weekday',815,,68671,4,0,48 49 50 47,0
86500,'Weekday',827,,69079,4,0,17 18 19 1 51,0
86500,'1PUBCUT-Weekday',827,,69081,4,0,17 18 19 1 51,0
86501,'Weekday0000100',1444,,69083,11,0,17 18 19 1 51,0
86501,'Weekday1111000',1600,,69085,11,0,17 18 19 1 51,0
86501,'1PUBCUT-Weekday0000100',1444,,69087,11,0,17 18 19 1 51,0
86501,'1PUBCUT-Weekday1111000',1600,,69089,11,0,17 18 19 1 51,0
