3801,'Saturday',524,,56500,,,0,23,,56501,,,0,67,,56446,,,0,28,,56456,,,0,68,,56466,,,0,23,,56476,,,0,22,,56483,,,0,61,,56447,,,0,22,,56457,,,0,64,,56467,,,0,23,,56477,,,0,21,,56484,,,0,61,,56448,,,0,23,,56458,,,0,16,,56499,,,0,60,,56468,,,0,20,,56478,,,0,25,,56485,,,0,64,,56449,,,0,24,,56459,,,0,20,,56492,,,0,60,,56469,,,0,22,,56479,,,0,63,,56486,,,0,23,,56450,,,0,23,,56460,,,0,62,,56493,,,0,21,,56470,,,0,21,,56480,,,0,62,,56487,,,0,22,,56451,,,0,63,,56461,,,0,21,,56494,,,0,21,,56471,,,0,62,,56481,,,0,22,,56488,,,0,21,,56452,,,0,60,,56462,,,0,20,,56495,,,0,22,,56472,,,0,60,,56482,,,0,20,,56489,,,0,20,,56453,,,0,63,,56463,,,0,24,,56496,,,0,64,,56473,,,0,24,,56490,,,0,24,,56454,,,0,64,,56465,,,0,24,,56497,,,0,64,,56474,,,0,24,,56491,,,0,24,,56455,,,0,64,,56464,,,0,24,,56498,,,0,64,,56475,,,0
3801,'Sunday',524,,56512,,,0,23,,56523,,,0,67,,56502,,,0,28,,56531,,,0,68,,56513,,,0,23,,56524,,,0,22,,56541,,,0,61,,56503,,,0,22,,56532,,,0,64,,56515,,,0,23,,56525,,,0,21,,56542,,,0,61,,56505,,,0,23,,56533,,,0,16,,56550,,,0,60,,56514,,,0,20,,56526,,,0,25,,56543,,,0,64,,56504,,,0,24,,56534,,,0,20,,56551,,,0,60,,56516,,,0,22,,56527,,,0,63,,56544,,,0,23,,56506,,,0,23,,56535,,,0,62,,56552,,,0,21,,56517,,,0,21,,56528,,,0,62,,56545,,,0,22,,56507,,,0,63,,56536,,,0,21,,56553,,,0,21,,56518,,,0,62,,56529,,,0,22,,56546,,,0,21,,56508,,,0,60,,56537,,,0,20,,56554,,,0,22,,56519,,,0,60,,56530,,,0,20,,56547,,,0,20,,56509,,,0,63,,56538,,,0,24,,56555,,,0,64,,56520,,,0,24,,56548,,,0,24,,56510,,,0,64,,56539,,,0,24,,56556,,,0,64,,56521,,,0,24,,56549,,,0,24,,56511,,,0,64,,56540,,,0,24,,56557,,,0,64,,56522,,,0
3801,'Weekday',450,,56592,,,0,64,,56593,,,0,14,,56602,,,0,12,,56562,,,0,14,,56603,,,0,55,,56577,,,0,17,,56604,,,0,15,,56605,,,0,16,,56606,,,0,54,,56607,,,0,14,,56608,,,0,17,,56610,,,0,15,,56611,,,0,55,,56612,,,0,16,,56609,,,0,15,,56613,,,0,8,,56594,,,0,7,,56614,,,0,45,,56596,,,0,6,,56615,,,0,7,,56595,,,0,7,,56616,,,0,15,,56618,,,0,13,,56619,,,0,54,,56617,,,0,15,,56578,,,0,16,,56579,,,0,18,,56572,,,0,58,,56569,,,0,16,,56567,,,0,17,,56563,,,0,58,,56575,,,0,18,,56560,,,0,18,,56599,,,0,19,,56573,,,0,58,,56571,,,0,17,,56565,,,0,16,,56564,,,0,60,,56576,,,0,18,,56561,,,0,17,,56600,,,0,59,,56574,,,0,21,,56570,,,0,18,,56581,,,0,17,,56582,,,0,54,,56624,,,0,17,,56583,,,0,16,,56580,,,0,55,,56585,,,0,14,,56598,,,0,15,,56597,,,0,13,,56587,,,0,13,,56586,,,0,55,,56588,,,0,13,,56589,,,0,14,,56584,,,0,15,,56620,,,0,55,,56623,,,0,14,,56621,,,0,14,,56566,,,0,12,,56590,,,0,52,,56622,,,0,15,,56601,,,0,23,,56558,,,0,64,,56568,,,0,24,,56626,,,0,21,,56628,,,0,62,,56630,,,0,23,,56625,,,0,24,,56631,,,0,64,,56632,,,0,24,,56629,,,0,63,,56633,,,0,23,,56634,,,0,23,,56636,,,0,64,,56627,,,0,24,,56635,,,0,63,,56559,,,0
3801,'Weekday0000100',1313,,56637,,,0,123,,56638,,,0
3801,'Weekday1111000',1512,,56640,,,0,21,,56639,,,0
3801,'1CCSDCUT-Weekday',450,,56674,,,0,64,,56675,,,0,14,,56684,,,0,12,,56645,,,0,14,,56685,,,0,55,,56660,,,0,17,,56686,,,0,15,,56687,,,0,16,,56688,,,0,54,,56689,,,0,14,,56690,,,0,17,,56692,,,0,15,,56693,,,0,55,,56694,,,0,16,,56691,,,0,15,,56695,,,0,8,,56676,,,0,7,,56696,,,0,45,,56678,,,0,6,,56697,,,0,7,,56677,,,0,7,,56698,,,0,15,,56700,,,0,13,,56701,,,0,54,,56699,,,0,15,,56661,,,0,16,,56662,,,0,18,,56655,,,0,58,,56652,,,0,16,,56650,,,0,17,,56646,,,0,58,,56658,,,0,18,,56643,,,0,18,,56681,,,0,19,,56656,,,0,58,,56654,,,0,17,,56648,,,0,16,,56647,,,0,60,,56659,,,0,18,,56644,,,0,17,,56682,,,0,59,,56657,,,0,21,,56653,,,0,18,,56664,,,0,17,,56665,,,0,54,,56706,,,0,17,,56666,,,0,16,,56663,,,0,55,,56668,,,0,14,,56680,,,0,15,,56679,,,0,13,,56670,,,0,13,,56669,,,0,55,,56671,,,0,13,,56672,,,0,14,,56667,,,0,15,,56702,,,0,55,,56705,,,0,14,,56703,,,0,14,,56649,,,0,12,,56673,,,0,52,,56704,,,0,15,,56683,,,0,23,,56641,,,0,64,,56651,,,0,24,,56708,,,0,21,,56710,,,0,62,,56712,,,0,23,,56707,,,0,24,,56713,,,0,64,,56714,,,0,24,,56711,,,0,63,,56715,,,0,23,,56716,,,0,23,,56718,,,0,64,,56709,,,0,24,,56717,,,0,63,,56642,,,0
3801,'1CCSDCUT-Weekday0000100',1313,,56719,,,0
3801,'1CCSDCUT-Weekday1111000',1512,,56721,,,0,21,,56720,,,0
3801,'1PUBCUT-Weekday',450,,56756,,,0,64,,56757,,,0,14,,56765,,,0,12,,56726,,,0,14,,56766,,,0,55,,56741,,,0,17,,56767,,,0,15,,56768,,,0,16,,56769,,,0,54,,56770,,,0,14,,56771,,,0,17,,56773,,,0,15,,56774,,,0,55,,56775,,,0,16,,56772,,,0,15,,56776,,,0,8,,56758,,,0,7,,56777,,,0,51,,56778,,,0,7,,56759,,,0,7,,56779,,,0,15,,56781,,,0,13,,56782,,,0,54,,56780,,,0,15,,56742,,,0,16,,56743,,,0,18,,56736,,,0,58,,56733,,,0,16,,56731,,,0,17,,56727,,,0,58,,56739,,,0,18,,56724,,,0,18,,56762,,,0,19,,56737,,,0,58,,56735,,,0,17,,56729,,,0,16,,56728,,,0,60,,56740,,,0,18,,56725,,,0,17,,56763,,,0,59,,56738,,,0,21,,56734,,,0,18,,56745,,,0,17,,56746,,,0,54,,56787,,,0,17,,56747,,,0,16,,56744,,,0,55,,56749,,,0,14,,56761,,,0,15,,56760,,,0,13,,56751,,,0,13,,56750,,,0,55,,56752,,,0,13,,56753,,,0,14,,56748,,,0,15,,56783,,,0,55,,56786,,,0,14,,56784,,,0,14,,56730,,,0,12,,56754,,,0,52,,56785,,,0,15,,56764,,,0,23,,56722,,,0,64,,56732,,,0,24,,56789,,,0,21,,56791,,,0,62,,56793,,,0,23,,56788,,,0,24,,56794,,,0,64,,56795,,,0,24,,56792,,,0,63,,56796,,,0,23,,56797,,,0,23,,56799,,,0,64,,56790,,,0,24,,56798,,,0,63,,56723,,,0
3801,'1PUBCUT-Weekday0000100',1436,,56800,,,0
3801,'1PUBCUT-Weekday1111000',1533,,56801,,,0
5300,'Saturday',549,,59577,,,0,74,,59603,,,0,31,,59578,,,0,71,,59606,,,0,31,,59579,,,0,71,,59583,,,0,31,,59594,,,0,71,,59584,,,0,71,,59596,,,0,31,,59585,,,0,71,,59595,,,0,31,,59586,,,0,71,,59597,,,0,31,,59587,,,0,71,,59599,,,0,31,,59589,,,0,71,,59598,,,0,31,,59588,,,0,71,,59600,,,0,31,,59590,,,0,71,,59601,,,0,31,,59592,,,0,71,,59602,,,0,31,,59591,,,0,72,,59604,,,0,30,,59593,,,0,71,,59605,,,0,31,,59580,,,0,71,,59607,,,0,31,,59582,,,0,71,,59608,,,0,31,,59581,,,0
5300,'Sunday',654,,59610,,,0,71,,59627,,,0,31,,59611,,,0,71,,59626,,,0,31,,59612,,,0,71,,59628,,,0,71,,59613,,,0,31,,59630,,,0,71,,59614,,,0,31,,59629,,,0,71,,59615,,,0,31,,59631,,,0,71,,59616,,,0,31,,59633,,,0,71,,59617,,,0,31,,59632,,,0,71,,59618,,,0,31,,59635,,,0,71,,59620,,,0,31,,59634,,,0,71,,59619,,,0,31,,59636,,,0,72,,59622,,,0,30,,59637,,,0,71,,59621,,,0,31,,59638,,,0,71,,59623,,,0,31,,59639,,,0,71,,59624,,,0,31,,59640,,,0
5300,'Weekday',533,,59652,,,0,76,,59653,,,0,36,,59654,,,0,78,,59655,,,0,78,,59656,,,0,36,,59657,,,0,75,,59658,,,0,33,,59659,,,0,76,,59660,,,0,36,,59661,,,0,77,,59662,,,0,76,,59663,,,0,36,,59664,,,0,77,,59665,,,0,35,,59666,,,0,76,,59667,,,0,76,,59668,,,0,38,,59669,,,0,76,,59670,,,0,76,,59671,,,0,36,,59672,,,0,76,,59673,,,0,36,,59674,,,0,76,,59675,,,0,32,,59642,,,0,75,,59643,,,0,76,,59644,,,0,36,,59645,,,0,76,,59646,,,0,36,,59648,,,0,76,,59649,,,0,76,,59650,,,0,40,,59647,,,0
5300,'1CCSDCUT-Weekday',533,,59687,,,0,76,,59688,,,0,36,,59689,,,0,78,,59690,,,0,78,,59691,,,0,36,,59692,,,0,75,,59693,,,0,33,,59694,,,0,76,,59695,,,0,36,,59696,,,0,77,,59697,,,0,76,,59698,,,0,36,,59699,,,0,77,,59700,,,0,35,,59701,,,0,76,,59702,,,0,76,,59703,,,0,38,,59704,,,0,76,,59705,,,0,76,,59706,,,0,36,,59707,,,0,76,,59708,,,0,36,,59709,,,0,76,,59710,,,0,32,,59677,,,0,75,,59678,,,0,76,,59679,,,0,36,,59680,,,0,76,,59681,,,0,36,,59683,,,0,76,,59684,,,0,76,,59685,,,0,40,,59682,,,0
5300,'1PUBCUT-Weekday',533,,59722,,,0,76,,59723,,,0,36,,59724,,,0,78,,59725,,,0,78,,59726,,,0,36,,59727,,,0,75,,59728,,,0,33,,59729,,,0,76,,59730,,,0,36,,59731,,,0,77,,59732,,,0,76,,59733,,,0,36,,59734,,,0,77,,59735,,,0,35,,59736,,,0,76,,59737,,,0,76,,59738,,,0,38,,59739,,,0,76,,59740,,,0,76,,59741,,,0,36,,59742,,,0,76,,59743,,,0,36,,59744,,,0,76,,59745,,,0,32,,59712,,,0,75,,59713,,,0,76,,59714,,,0,36,,59715,,,0,76,,59716,,,0,36,,59718,,,0,76,,59719,,,0,76,,59720,,,0,40,,59717,,,0
6500,'Saturday',622,,62268,,,0,80,,62281,,,0,40,,62269,,,0,80,,62282,,,0,80,,62270,,,0,40,,62283,,,0,82,,62271,,,0,80,,62284,,,0,40,,62272,,,0,80,,62285,,,0,80,,62273,,,0,40,,62286,,,0,80,,62274,,,0,80,,62287,,,0,40,,62275,,,0,80,,62290,,,0,80,,62276,,,0,40,,62289,,,0,79,,62277,,,0,80,,62288,,,0,40,,62279,,,0,80,,62291,,,0,80,,62278,,,0,39,,62292,,,0,80,,62280,,,0,80,,62293,,,0
6500,'Sunday',622,,62294,,,0,80,,62307,,,0,40,,62295,,,0,80,,62310,,,0,80,,62296,,,0,40,,62308,,,0,82,,62297,,,0,80,,62309,,,0,40,,62299,,,0,80,,62312,,,0,80,,62298,,,0,40,,62313,,,0,80,,62301,,,0,80,,62311,,,0,40,,62302,,,0,80,,62314,,,0,80,,62300,,,0,40,,62315,,,0,79,,62303,,,0,80,,62316,,,0,40,,62305,,,0,80,,62317,,,0,80,,62304,,,0,39,,62318,,,0,80,,62306,,,0,80,,62319,,,0
6500,'Weekday',525,,62331,,,0,83,,62344,,,0,25,,62320,,,0,67,,62332,,,0,24,,62322,,,0,24,,62345,,,0,64,,62321,,,0,24,,62333,,,0,81,,62346,,,0,85,,62334,,,0,43,,62347,,,0,83,,62335,,,0,83,,62348,,,0,43,,62336,,,0,66,,62327,,,0,17,,62350,,,0,69,,62323,,,0,21,,62337,,,0,25,,62328,,,0,63,,62349,,,0,24,,62324,,,0,63,,62338,,,0,24,,62329,,,0,24,,62351,,,0,64,,62325,,,0,24,,62339,,,0,64,,62330,,,0,21,,62352,,,0,24,,62326,,,0,64,,62340,,,0,43,,62353,,,0,83,,62341,,,0,83,,62354,,,0,83,,62342,,,0,41,,62355,,,0,83,,62343,,,0,83,,62356,,,0
6500,'1CCSDCUT-Weekday',525,,62368,,,0,83,,62381,,,0,25,,62357,,,0,67,,62369,,,0,24,,62359,,,0,24,,62382,,,0,64,,62358,,,0,24,,62370,,,0,81,,62383,,,0,85,,62371,,,0,43,,62384,,,0,83,,62372,,,0,83,,62385,,,0,43,,62373,,,0,66,,62364,,,0,17,,62387,,,0,69,,62360,,,0,21,,62374,,,0,25,,62365,,,0,63,,62386,,,0,24,,62361,,,0,63,,62375,,,0,24,,62366,,,0,24,,62388,,,0,64,,62362,,,0,24,,62376,,,0,64,,62367,,,0,21,,62389,,,0,24,,62363,,,0,64,,62377,,,0,43,,62390,,,0,83,,62378,,,0,83,,62391,,,0,83,,62379,,,0,41,,62392,,,0,83,,62380,,,0,83,,62393,,,0
6500,'1PUBCUT-Weekday',525,,62405,,,0,83,,62418,,,0,25,,62394,,,0,67,,62406,,,0,24,,62396,,,0,24,,62419,,,0,64,,62395,,,0,24,,62407,,,0,81,,62420,,,0,85,,62408,,,0,43,,62421,,,0,83,,62409,,,0,83,,62422,,,0,43,,62410,,,0,66,,62401,,,0,17,,62424,,,0,69,,62397,,,0,21,,62411,,,0,25,,62402,,,0,63,,62423,,,0,24,,62398,,,0,63,,62412,,,0,24,,62403,,,0,24,,62425,,,0,64,,62399,,,0,24,,62413,,,0,64,,62404,,,0,21,,62426,,,0,24,,62400,,,0,64,,62414,,,0,43,,62427,,,0,83,,62415,,,0,83,,62428,,,0,83,,62416,,,0,41,,62429,,,0,83,,62417,,,0,83,,62430,,,0
