7700,'Saturday',606,,103843,13,,,0,44,,103844,34,,,0,85,,103845,34,,,0,85,,103846,34,,,0,85,,103848,34,,,0,45,,103849,34,,,0,85,,103850,34,,,0,85,,103847,34,,,0,85,,103851,34,,,0,45,,103852,34,,,0,85,,103853,34,,,0,85,,103855,34,,,0,85,,103856,34,,,0,45,,103857,34,,,0,85,,103854,34,,,0,85,,103858,34,,,0,85,,103860,34,,,0,45,,103863,34,,,0,85,,103864,34,,,0,85,,103859,34,,,0,85,,103861,34,,,0,45,,103862,34,,,0,85,,103865,34,,,0,92,,103866,34,,,0
7700,'Sunday',606,,103868,13,,,0,44,,103869,34,,,0,85,,103867,34,,,0,85,,103870,34,,,0,85,,103871,34,,,0,45,,103872,34,,,0,85,,103873,34,,,0,85,,103874,34,,,0,85,,103875,34,,,0,45,,103876,34,,,0,85,,103877,34,,,0,85,,103878,34,,,0,85,,103880,34,,,0,45,,103881,34,,,0,85,,103882,34,,,0,85,,103879,34,,,0,85,,103883,34,,,0,45,,103884,34,,,0,85,,103885,34,,,0,85,,103886,34,,,0,85,,103887,34,,,0,45,,103888,34,,,0,85,,103889,34,,,0,92,,103890,34,,,0
7700,'Weekday',531,,103900,13,,,0,88,,103919,34,,,0,31,,103901,34,,,0,71,,103891,34,,,0,30,,103911,34,,,0,70,,103920,34,,,0,30,,103902,34,,,0,69,,103892,34,,,0,30,,103910,34,,,0,70,,103922,34,,,0,30,,103903,34,,,0,70,,103893,34,,,0,30,,103912,34,,,0,70,,103921,34,,,0,30,,103904,34,,,0,70,,103894,34,,,0,30,,103913,34,,,0,70,,103924,34,,,0,30,,103906,34,,,0,71,,103895,34,,,0,31,,103915,34,,,0,70,,103923,34,,,0,31,,103905,34,,,0,70,,103897,34,,,0,30,,103914,34,,,0,70,,103925,34,,,0,29,,103907,34,,,0,69,,103896,34,,,0,30,,103916,34,,,0,70,,103926,34,,,0,31,,103908,34,,,0,69,,103899,34,,,0,30,,103917,34,,,0,70,,103927,34,,,0,29,,103909,34,,,0,70,,103898,34,,,0,30,,103918,34,,,0,70,,103928,34,,,0
7700,'STMPSa-Saturday',606,,103929,13,,,0,44,,103930,34,,,0,85,,103931,34,,,0,85,,103932,34,,,0,85,,103934,34,,,0,45,,103935,34,,,0,85,,103936,34,,,0,85,,103933,34,,,0,85,,103937,34,,,0,45,,103938,34,,,0,85,,103939,34,,,0,85,,103941,34,,,0,85,,103942,34,,,0,45,,103943,34,,,0,85,,103940,34,,,0,85,,103944,34,,,0,85,,103946,34,,,0,45,,103949,34,,,0,85,,103950,34,,,0,85,,103945,34,,,0,85,,103947,34,,,0,45,,103948,34,,,0,85,,103951,34,,,0,92,,103952,34,,,0
7700,'STMPSnea-Weekday',531,,103962,13,,,0,88,,103981,34,,,0,31,,103963,34,,,0,71,,103953,34,,,0,30,,103973,34,,,0,70,,103982,34,,,0,30,,103964,34,,,0,69,,103954,34,,,0,30,,103972,34,,,0,70,,103984,34,,,0,30,,103965,34,,,0,70,,103955,34,,,0,30,,103974,34,,,0,70,,103983,34,,,0,30,,103966,34,,,0,70,,103956,34,,,0,30,,103975,34,,,0,70,,103986,34,,,0,30,,103968,34,,,0,71,,103957,34,,,0,31,,103977,34,,,0,70,,103985,34,,,0,31,,103967,34,,,0,70,,103959,34,,,0,30,,103976,34,,,0,70,,103987,34,,,0,29,,103969,34,,,0,69,,103958,34,,,0,30,,103978,34,,,0,70,,103988,34,,,0,31,,103970,34,,,0,69,,103961,34,,,0,30,,103979,34,,,0,70,,103989,34,,,0,29,,103971,34,,,0,70,,103960,34,,,0,30,,103980,34,,,0,70,,103990,34,,,0
7700,'STMPSu1-Sunday',606,,103992,13,,,0,44,,103993,34,,,0,85,,103991,34,,,0,85,,103994,34,,,0,85,,103995,34,,,0,45,,103996,34,,,0,85,,103997,34,,,0,85,,103998,34,,,0,85,,103999,34,,,0,45,,104000,34,,,0,85,,104001,34,,,0,85,,104002,34,,,0,85,,104004,34,,,0,45,,104005,34,,,0,85,,104006,34,,,0,85,,104003,34,,,0,85,,104007,34,,,0,45,,104008,34,,,0,85,,104009,34,,,0,85,,104010,34,,,0,85,,104011,34,,,0,45,,104012,34,,,0,85,,104013,34,,,0,92,,104014,34,,,0
7700,'STMPSu2-Sunday',606,,104016,13,,,0,44,,104017,34,,,0,85,,104015,34,,,0,85,,104018,34,,,0,85,,104019,34,,,0,45,,104020,34,,,0,85,,104021,34,,,0,85,,104022,34,,,0,85,,104023,34,,,0,45,,104024,34,,,0,85,,104025,34,,,0,85,,104026,34,,,0,85,,104028,34,,,0,45,,104029,34,,,0,85,,104030,34,,,0,85,,104027,34,,,0,85,,104031,34,,,0,45,,104032,34,,,0,85,,104033,34,,,0,85,,104034,34,,,0,85,,104035,34,,,0,45,,104036,34,,,0,85,,104037,34,,,0,92,,104038,34,,,0
7700,'STMPWeek-Weekday',531,,104048,13,,,0,88,,104067,34,,,0,31,,104049,34,,,0,71,,104039,34,,,0,30,,104059,34,,,0,70,,104068,34,,,0,30,,104050,34,,,0,69,,104040,34,,,0,30,,104058,34,,,0,70,,104070,34,,,0,30,,104051,34,,,0,70,,104041,34,,,0,30,,104060,34,,,0,70,,104069,34,,,0,30,,104052,34,,,0,70,,104042,34,,,0,30,,104061,34,,,0,70,,104072,34,,,0,30,,104054,34,,,0,71,,104043,34,,,0,31,,104063,34,,,0,70,,104071,34,,,0,31,,104053,34,,,0,70,,104045,34,,,0,30,,104062,34,,,0,70,,104073,34,,,0,29,,104055,34,,,0,69,,104044,34,,,0,30,,104064,34,,,0,70,,104074,34,,,0,31,,104056,34,,,0,69,,104047,34,,,0,30,,104065,34,,,0,70,,104075,34,,,0,29,,104057,34,,,0,70,,104046,34,,,0,30,,104066,34,,,0,70,,104076,34,,,0
7700,'STMPar-Weekday',531,,104086,13,,,0,88,,104105,34,,,0,31,,104087,34,,,0,71,,104077,34,,,0,30,,104097,34,,,0,70,,104106,34,,,0,30,,104088,34,,,0,69,,104078,34,,,0,30,,104096,34,,,0,70,,104108,34,,,0,30,,104089,34,,,0,70,,104079,34,,,0,30,,104098,34,,,0,70,,104107,34,,,0,30,,104090,34,,,0,70,,104080,34,,,0,30,,104099,34,,,0,70,,104110,34,,,0,30,,104092,34,,,0,71,,104081,34,,,0,31,,104101,34,,,0,70,,104109,34,,,0,31,,104091,34,,,0,70,,104083,34,,,0,30,,104100,34,,,0,70,,104111,34,,,0,29,,104093,34,,,0,69,,104082,34,,,0,30,,104102,34,,,0,70,,104112,34,,,0,31,,104094,34,,,0,69,,104085,34,,,0,30,,104103,34,,,0,70,,104113,34,,,0,29,,104095,34,,,0,70,,104084,34,,,0,30,,104104,34,,,0,70,,104114,34,,,0
12901,'Saturday',715,,123777,23,,,0,43,,123768,23,,,0,80,,123786,23,,,0,80,,123778,23,,,0,40,,123769,23,,,0,80,,123787,23,,,0,80,,123779,23,,,0,40,,123770,23,,,0,81,,123788,23,,,0,80,,123780,23,,,0,40,,123771,23,,,0,80,,123789,23,,,0,80,,123781,23,,,0,40,,123772,23,,,0,80,,123790,23,,,0,80,,123783,23,,,0,40,,123773,23,,,0,79,,123791,23,,,0,80,,123782,23,,,0,40,,123774,23,,,0,80,,123792,23,,,0,83,,123784,23,,,0,37,,123776,23,,,0,80,,123793,23,,,0,80,,123785,23,,,0,40,,123775,23,,,0
12901,'Sunday',715,,123803,23,,,0,43,,123794,23,,,0,80,,123812,23,,,0,80,,123804,23,,,0,40,,123795,23,,,0,80,,123813,23,,,0,80,,123805,23,,,0,40,,123796,23,,,0,81,,123814,23,,,0,80,,123806,23,,,0,40,,123797,23,,,0,80,,123815,23,,,0,80,,123807,23,,,0,40,,123798,23,,,0,80,,123817,23,,,0,80,,123808,23,,,0,40,,123799,23,,,0,79,,123816,23,,,0,80,,123809,23,,,0,40,,123800,23,,,0,80,,123818,23,,,0,83,,123810,23,,,0,37,,123801,23,,,0,80,,123819,23,,,0,80,,123811,23,,,0,40,,123802,23,,,0
12901,'Weekday',546,,123839,23,,,0,66,,123846,23,,,0,33,,123827,23,,,0,72,,123821,23,,,0,30,,123840,23,,,0,71,,123847,23,,,0,32,,123828,23,,,0,55,,123820,23,,,0,12,,123822,23,,,0,28,,123841,23,,,0,70,,123848,23,,,0,30,,123829,23,,,0,70,,123823,23,,,0,30,,123842,23,,,0,70,,123849,23,,,0,30,,123831,23,,,0,70,,123824,23,,,0,30,,123843,23,,,0,70,,123850,23,,,0,30,,123830,23,,,0,72,,123825,23,,,0,28,,123844,23,,,0,69,,123851,23,,,0,31,,123832,23,,,0,56,,123858,23,,,0,17,,123826,23,,,0,30,,123845,23,,,0,63,,123852,23,,,0,30,,123833,23,,,0,70,,123853,23,,,0,29,,123834,23,,,0,68,,123854,23,,,0,30,,123835,23,,,0,70,,123855,23,,,0,30,,123836,23,,,0,70,,123856,23,,,0,30,,123837,23,,,0,70,,123857,23,,,0,30,,123838,23,,,0
12901,'STMPSa-Saturday',715,,123868,23,,,0,43,,123859,23,,,0,80,,123877,23,,,0,80,,123869,23,,,0,40,,123860,23,,,0,80,,123878,23,,,0,80,,123870,23,,,0,40,,123861,23,,,0,81,,123879,23,,,0,80,,123871,23,,,0,40,,123862,23,,,0,80,,123880,23,,,0,80,,123872,23,,,0,40,,123863,23,,,0,80,,123881,23,,,0,80,,123874,23,,,0,40,,123864,23,,,0,79,,123882,23,,,0,80,,123873,23,,,0,40,,123865,23,,,0,80,,123883,23,,,0,83,,123875,23,,,0,37,,123867,23,,,0,80,,123884,23,,,0,80,,123876,23,,,0,40,,123866,23,,,0
12901,'STMPSnea-Weekday',546,,123904,23,,,0,66,,123911,23,,,0,33,,123892,23,,,0,72,,123886,23,,,0,30,,123905,23,,,0,71,,123912,23,,,0,32,,123893,23,,,0,55,,123885,23,,,0,12,,123887,23,,,0,28,,123906,23,,,0,70,,123913,23,,,0,30,,123894,23,,,0,70,,123888,23,,,0,30,,123907,23,,,0,70,,123914,23,,,0,30,,123896,23,,,0,70,,123889,23,,,0,30,,123908,23,,,0,70,,123915,23,,,0,30,,123895,23,,,0,72,,123890,23,,,0,28,,123909,23,,,0,69,,123916,23,,,0,31,,123897,23,,,0,56,,123923,23,,,0,17,,123891,23,,,0,30,,123910,23,,,0,63,,123917,23,,,0,30,,123898,23,,,0,70,,123918,23,,,0,29,,123899,23,,,0,68,,123919,23,,,0,30,,123900,23,,,0,70,,123920,23,,,0,30,,123901,23,,,0,70,,123921,23,,,0,30,,123902,23,,,0,70,,123922,23,,,0,30,,123903,23,,,0
12901,'STMPSu1-Sunday',715,,123933,23,,,0,43,,123924,23,,,0,80,,123942,23,,,0,80,,123934,23,,,0,40,,123925,23,,,0,80,,123943,23,,,0,80,,123935,23,,,0,40,,123926,23,,,0,81,,123944,23,,,0,80,,123936,23,,,0,40,,123927,23,,,0,80,,123945,23,,,0,80,,123937,23,,,0,40,,123928,23,,,0,80,,123947,23,,,0,80,,123938,23,,,0,40,,123929,23,,,0,79,,123946,23,,,0,80,,123939,23,,,0,40,,123930,23,,,0,80,,123948,23,,,0,83,,123940,23,,,0,37,,123931,23,,,0,80,,123949,23,,,0,80,,123941,23,,,0,40,,123932,23,,,0
12901,'STMPSu2-Sunday',715,,123959,23,,,0,43,,123950,23,,,0,80,,123968,23,,,0,80,,123960,23,,,0,40,,123951,23,,,0,80,,123969,23,,,0,80,,123961,23,,,0,40,,123952,23,,,0,81,,123970,23,,,0,80,,123962,23,,,0,40,,123953,23,,,0,80,,123971,23,,,0,80,,123963,23,,,0,40,,123954,23,,,0,80,,123973,23,,,0,80,,123964,23,,,0,40,,123955,23,,,0,79,,123972,23,,,0,80,,123965,23,,,0,40,,123956,23,,,0,80,,123974,23,,,0,83,,123966,23,,,0,37,,123957,23,,,0,80,,123975,23,,,0,80,,123967,23,,,0,40,,123958,23,,,0
12901,'STMPWeek-Weekday',546,,123995,23,,,0,66,,124002,23,,,0,33,,123983,23,,,0,72,,123977,23,,,0,30,,123996,23,,,0,71,,124003,23,,,0,32,,123984,23,,,0,55,,123976,23,,,0,12,,123978,23,,,0,28,,123997,23,,,0,70,,124004,23,,,0,30,,123985,23,,,0,70,,123979,23,,,0,30,,123998,23,,,0,70,,124005,23,,,0,30,,123987,23,,,0,70,,123980,23,,,0,30,,123999,23,,,0,70,,124006,23,,,0,30,,123986,23,,,0,72,,123981,23,,,0,28,,124000,23,,,0,69,,124007,23,,,0,31,,123988,23,,,0,56,,124014,23,,,0,17,,123982,23,,,0,30,,124001,23,,,0,63,,124008,23,,,0,30,,123989,23,,,0,70,,124009,23,,,0,29,,123990,23,,,0,68,,124010,23,,,0,30,,123991,23,,,0,70,,124011,23,,,0,30,,123992,23,,,0,70,,124012,23,,,0,30,,123993,23,,,0,70,,124013,23,,,0,30,,123994,23,,,0
12901,'STMPar-Weekday',546,,124034,23,,,0,66,,124041,23,,,0,33,,124022,23,,,0,72,,124016,23,,,0,30,,124035,23,,,0,71,,124042,23,,,0,32,,124023,23,,,0,55,,124015,23,,,0,12,,124017,23,,,0,28,,124036,23,,,0,70,,124043,23,,,0,30,,124024,23,,,0,70,,124018,23,,,0,30,,124037,23,,,0,70,,124044,23,,,0,30,,124026,23,,,0,70,,124019,23,,,0,30,,124038,23,,,0,70,,124045,23,,,0,30,,124025,23,,,0,72,,124020,23,,,0,28,,124039,23,,,0,69,,124046,23,,,0,31,,124027,23,,,0,56,,124053,23,,,0,17,,124021,23,,,0,30,,124040,23,,,0,63,,124047,23,,,0,30,,124028,23,,,0,70,,124048,23,,,0,29,,124029,23,,,0,68,,124049,23,,,0,30,,124030,23,,,0,70,,124050,23,,,0,30,,124031,23,,,0,70,,124051,23,,,0,30,,124032,23,,,0,70,,124052,23,,,0,30,,124033,23,,,0
15400,'Saturday',616,,129155,16,,,0,85,,129154,36,,,0,45,,129158,36,,,0,85,,129156,36,,,0,85,,129157,36,,,0,85,,129159,36,,,0,45,,129160,36,,,0,85,,129162,36,,,0,85,,129164,36,,,0,86,,129165,36,,,0,45,,129166,36,,,0,85,,129163,36,,,0,85,,129168,36,,,0,85,,129169,36,,,0,45,,129170,36,,,0,85,,129171,36,,,0,84,,129161,36,,,0,85,,129172,36,,,0,45,,129173,36,,,0,85,,129167,36,,,0
15400,'Sunday',616,,129174,16,,,0,85,,129175,36,,,0,45,,129176,36,,,0,85,,129177,36,,,0,85,,129178,36,,,0,85,,129179,36,,,0,45,,129180,36,,,0,85,,129181,36,,,0,85,,129183,36,,,0,86,,129184,36,,,0,45,,129185,36,,,0,85,,129182,36,,,0,85,,129186,36,,,0,85,,129187,36,,,0,45,,129188,36,,,0,85,,129189,36,,,0,84,,129190,36,,,0,85,,129191,36,,,0,45,,129192,36,,,0,85,,129193,36,,,0
15400,'Weekday',535,,129224,16,,,0,24,,129194,36,,,0,70,,129213,36,,,0,30,,129222,36,,,0,70,,129204,36,,,0,30,,129196,36,,,0,70,,129215,36,,,0,30,,129225,36,,,0,69,,129205,36,,,0,30,,129195,36,,,0,70,,129214,36,,,0,30,,129226,36,,,0,70,,129206,36,,,0,30,,129197,36,,,0,70,,129216,36,,,0,30,,129227,36,,,0,70,,129207,36,,,0,30,,129198,36,,,0,70,,129218,36,,,0,30,,129228,36,,,0,72,,129208,36,,,0,74,,129199,36,,,0,28,,129217,36,,,0,70,,129229,36,,,0,32,,129209,36,,,0,70,,129200,36,,,0,28,,129219,36,,,0,69,,129230,36,,,0,28,,129210,36,,,0,30,,129201,36,,,0,70,,129221,36,,,0,30,,129231,36,,,0,72,,129211,36,,,0,70,,129202,36,,,0,30,,129220,36,,,0,70,,129232,36,,,0,28,,129212,36,,,0,30,,129203,36,,,0,70,,129223,36,,,0,30,,129233,36,,,0
15400,'STMPSa-Saturday',616,,129235,16,,,0,85,,129234,36,,,0,45,,129238,36,,,0,85,,129236,36,,,0,85,,129237,36,,,0,85,,129239,36,,,0,45,,129240,36,,,0,85,,129242,36,,,0,85,,129244,36,,,0,86,,129245,36,,,0,45,,129246,36,,,0,85,,129243,36,,,0,85,,129248,36,,,0,85,,129249,36,,,0,45,,129250,36,,,0,85,,129251,36,,,0,84,,129241,36,,,0,85,,129252,36,,,0,45,,129253,36,,,0,85,,129247,36,,,0
15400,'STMPSnea-Weekday',535,,129284,16,,,0,24,,129254,36,,,0,70,,129273,36,,,0,30,,129282,36,,,0,70,,129264,36,,,0,30,,129256,36,,,0,70,,129275,36,,,0,30,,129285,36,,,0,69,,129265,36,,,0,30,,129255,36,,,0,70,,129274,36,,,0,30,,129286,36,,,0,70,,129266,36,,,0,30,,129257,36,,,0,70,,129276,36,,,0,30,,129287,36,,,0,70,,129267,36,,,0,30,,129258,36,,,0,70,,129278,36,,,0,30,,129288,36,,,0,72,,129268,36,,,0,74,,129259,36,,,0,28,,129277,36,,,0,70,,129289,36,,,0,32,,129269,36,,,0,70,,129260,36,,,0,28,,129279,36,,,0,69,,129290,36,,,0,28,,129270,36,,,0,30,,129261,36,,,0,70,,129281,36,,,0,30,,129291,36,,,0,72,,129271,36,,,0,70,,129262,36,,,0,30,,129280,36,,,0,70,,129292,36,,,0,28,,129272,36,,,0,30,,129263,36,,,0,70,,129283,36,,,0,30,,129293,36,,,0
15400,'STMPSu1-Sunday',616,,129294,16,,,0,85,,129295,36,,,0,45,,129296,36,,,0,85,,129297,36,,,0,85,,129298,36,,,0,85,,129299,36,,,0,45,,129300,36,,,0,85,,129302,36,,,0,85,,129304,36,,,0,86,,129301,36,,,0,45,,129305,36,,,0,85,,129303,36,,,0,85,,129306,36,,,0,85,,129307,36,,,0,45,,129308,36,,,0,85,,129309,36,,,0,84,,129310,36,,,0,85,,129311,36,,,0,45,,129312,36,,,0,85,,129313,36,,,0
15400,'STMPSu2-Sunday',616,,129314,16,,,0,85,,129315,36,,,0,45,,129316,36,,,0,85,,129317,36,,,0,85,,129318,36,,,0,85,,129319,36,,,0,45,,129320,36,,,0,85,,129321,36,,,0,85,,129323,36,,,0,86,,129324,36,,,0,45,,129325,36,,,0,85,,129322,36,,,0,85,,129326,36,,,0,85,,129327,36,,,0,45,,129328,36,,,0,85,,129329,36,,,0,84,,129330,36,,,0,85,,129331,36,,,0,45,,129332,36,,,0,85,,129333,36,,,0
15400,'STMPWeek-Weekday',535,,129364,16,,,0,24,,129334,36,,,0,70,,129353,36,,,0,30,,129362,36,,,0,70,,129344,36,,,0,30,,129336,36,,,0,70,,129355,36,,,0,30,,129365,36,,,0,69,,129345,36,,,0,30,,129335,36,,,0,70,,129354,36,,,0,30,,129366,36,,,0,70,,129346,36,,,0,30,,129337,36,,,0,70,,129356,36,,,0,30,,129367,36,,,0,70,,129347,36,,,0,30,,129338,36,,,0,70,,129358,36,,,0,30,,129368,36,,,0,72,,129348,36,,,0,74,,129339,36,,,0,28,,129357,36,,,0,70,,129369,36,,,0,32,,129349,36,,,0,70,,129340,36,,,0,28,,129359,36,,,0,69,,129370,36,,,0,28,,129350,36,,,0,30,,129341,36,,,0,70,,129361,36,,,0,30,,129371,36,,,0,72,,129351,36,,,0,70,,129342,36,,,0,30,,129360,36,,,0,70,,129372,36,,,0,28,,129352,36,,,0,30,,129343,36,,,0,70,,129363,36,,,0,30,,129373,36,,,0
15400,'STMPar-Weekday',535,,129404,16,,,0,24,,129374,36,,,0,70,,129393,36,,,0,30,,129402,36,,,0,70,,129384,36,,,0,30,,129376,36,,,0,70,,129395,36,,,0,30,,129405,36,,,0,69,,129385,36,,,0,30,,129375,36,,,0,70,,129394,36,,,0,30,,129406,36,,,0,70,,129386,36,,,0,30,,129377,36,,,0,70,,129396,36,,,0,30,,129407,36,,,0,70,,129387,36,,,0,30,,129378,36,,,0,70,,129398,36,,,0,30,,129408,36,,,0,72,,129388,36,,,0,74,,129379,36,,,0,28,,129397,36,,,0,70,,129409,36,,,0,32,,129389,36,,,0,70,,129380,36,,,0,28,,129399,36,,,0,69,,129410,36,,,0,28,,129390,36,,,0,30,,129381,36,,,0,70,,129401,36,,,0,30,,129411,36,,,0,72,,129391,36,,,0,70,,129382,36,,,0,30,,129400,36,,,0,70,,129412,36,,,0,28,,129392,36,,,0,30,,129383,36,,,0,70,,129403,36,,,0,30,,129413,36,,,0
