5400,'Saturday',608,,94911,25,,,0,48,,94912,33,,,0,85,,94913,33,,,0,85,,94914,33,,,0,85,,94915,33,,,0,45,,94916,33,,,0,85,,94917,33,,,0,85,,94920,33,,,0,86,,94921,33,,,0,45,,94922,33,,,0,85,,94918,33,,,0,85,,94919,33,,,0,85,,94923,33,,,0,45,,94924,33,,,0,85,,94927,33,,,0,85,,94928,33,,,0,84,,94929,33,,,0,45,,94925,33,,,0,85,,94926,33,,,0,85,,94930,33,,,0,85,,94931,33,,,0,45,,94932,33,,,0,85,,94933,33,,,0,85,,94934,33,,,0
5400,'Sunday',608,,94935,25,,,0,48,,94936,33,,,0,85,,94937,33,,,0,85,,94939,33,,,0,85,,94940,33,,,0,45,,94941,33,,,0,85,,94938,33,,,0,85,,94943,33,,,0,86,,94945,33,,,0,45,,94946,33,,,0,85,,94944,33,,,0,85,,94947,33,,,0,85,,94942,33,,,0,45,,94949,33,,,0,85,,94951,33,,,0,85,,94952,33,,,0,84,,94950,33,,,0,45,,94954,33,,,0,85,,94948,33,,,0,85,,94953,33,,,0,85,,94955,33,,,0,45,,94956,33,,,0,85,,94957,33,,,0,85,,94958,33,,,0
5400,'Weekday',532,,94978,33,,,0,77,,94968,33,,,0,30,,94960,33,,,0,70,,94979,33,,,0,30,,94988,33,,,0,70,,94969,33,,,0,29,,94959,33,,,0,70,,94980,33,,,0,30,,94989,33,,,0,70,,94970,33,,,0,30,,94961,33,,,0,70,,94981,33,,,0,30,,94990,33,,,0,70,,94971,33,,,0,30,,94962,33,,,0,70,,94982,33,,,0,30,,94991,33,,,0,70,,94972,33,,,0,30,,94964,33,,,0,71,,94983,33,,,0,31,,94992,33,,,0,71,,94973,33,,,0,30,,94963,33,,,0,70,,94984,33,,,0,30,,94993,33,,,0,67,,94974,33,,,0,29,,94965,33,,,0,70,,94986,33,,,0,30,,94994,33,,,0,71,,94975,33,,,0,30,,94966,33,,,0,70,,94985,33,,,0,30,,94995,33,,,0,69,,94976,33,,,0,30,,94967,33,,,0,70,,94987,33,,,0,30,,94996,33,,,0,71,,94977,33,,,0
5400,'STMPSa-Saturday',608,,94997,25,,,0,48,,94998,33,,,0,85,,94999,33,,,0,85,,95000,33,,,0,85,,95001,33,,,0,45,,95002,33,,,0,85,,95003,33,,,0,85,,95006,33,,,0,86,,95007,33,,,0,45,,95008,33,,,0,85,,95004,33,,,0,85,,95005,33,,,0,85,,95009,33,,,0,45,,95010,33,,,0,85,,95013,33,,,0,85,,95014,33,,,0,84,,95015,33,,,0,45,,95011,33,,,0,85,,95012,33,,,0,85,,95017,33,,,0,85,,95018,33,,,0,45,,95019,33,,,0,85,,95016,33,,,0,85,,95020,33,,,0
5400,'STMPSnea-Weekday',532,,95040,33,,,0,77,,95030,33,,,0,30,,95022,33,,,0,70,,95041,33,,,0,30,,95050,33,,,0,70,,95031,33,,,0,29,,95021,33,,,0,70,,95042,33,,,0,30,,95051,33,,,0,70,,95032,33,,,0,30,,95023,33,,,0,70,,95043,33,,,0,30,,95052,33,,,0,70,,95033,33,,,0,30,,95024,33,,,0,70,,95044,33,,,0,30,,95053,33,,,0,70,,95034,33,,,0,30,,95026,33,,,0,71,,95045,33,,,0,31,,95054,33,,,0,71,,95035,33,,,0,30,,95025,33,,,0,70,,95046,33,,,0,30,,95055,33,,,0,67,,95036,33,,,0,29,,95027,33,,,0,70,,95048,33,,,0,30,,95056,33,,,0,71,,95037,33,,,0,30,,95028,33,,,0,70,,95047,33,,,0,30,,95057,33,,,0,69,,95038,33,,,0,30,,95029,33,,,0,70,,95049,33,,,0,30,,95058,33,,,0,71,,95039,33,,,0
5400,'STMPSu1-Sunday',608,,95059,25,,,0,48,,95060,33,,,0,85,,95061,33,,,0,85,,95063,33,,,0,85,,95064,33,,,0,45,,95065,33,,,0,85,,95062,33,,,0,85,,95067,33,,,0,86,,95069,33,,,0,45,,95070,33,,,0,85,,95068,33,,,0,85,,95071,33,,,0,85,,95066,33,,,0,45,,95073,33,,,0,85,,95075,33,,,0,85,,95076,33,,,0,84,,95074,33,,,0,45,,95078,33,,,0,85,,95072,33,,,0,85,,95077,33,,,0,85,,95079,33,,,0,45,,95080,33,,,0,85,,95081,33,,,0,85,,95082,33,,,0
5400,'STMPSu2-Sunday',608,,95083,25,,,0,48,,95084,33,,,0,85,,95085,33,,,0,85,,95087,33,,,0,85,,95088,33,,,0,45,,95089,33,,,0,85,,95086,33,,,0,85,,95091,33,,,0,86,,95093,33,,,0,45,,95094,33,,,0,85,,95092,33,,,0,85,,95095,33,,,0,85,,95090,33,,,0,45,,95097,33,,,0,85,,95099,33,,,0,85,,95100,33,,,0,84,,95098,33,,,0,45,,95102,33,,,0,85,,95096,33,,,0,85,,95101,33,,,0,85,,95103,33,,,0,45,,95104,33,,,0,85,,95105,33,,,0,85,,95106,33,,,0
5400,'STMPWeek-Weekday',532,,95126,33,,,0,77,,95116,33,,,0,30,,95108,33,,,0,70,,95127,33,,,0,30,,95136,33,,,0,70,,95117,33,,,0,29,,95107,33,,,0,70,,95128,33,,,0,30,,95137,33,,,0,70,,95118,33,,,0,30,,95109,33,,,0,70,,95129,33,,,0,30,,95138,33,,,0,70,,95119,33,,,0,30,,95110,33,,,0,70,,95130,33,,,0,30,,95139,33,,,0,70,,95120,33,,,0,30,,95112,33,,,0,71,,95131,33,,,0,31,,95140,33,,,0,71,,95121,33,,,0,30,,95111,33,,,0,70,,95132,33,,,0,30,,95141,33,,,0,67,,95122,33,,,0,29,,95113,33,,,0,70,,95134,33,,,0,30,,95142,33,,,0,71,,95123,33,,,0,30,,95114,33,,,0,70,,95133,33,,,0,30,,95143,33,,,0,69,,95124,33,,,0,30,,95115,33,,,0,70,,95135,33,,,0,30,,95144,33,,,0,71,,95125,33,,,0
5400,'STMPar-Weekday',532,,95164,33,,,0,77,,95154,33,,,0,30,,95146,33,,,0,70,,95165,33,,,0,30,,95174,33,,,0,70,,95155,33,,,0,29,,95145,33,,,0,70,,95166,33,,,0,30,,95175,33,,,0,70,,95156,33,,,0,30,,95147,33,,,0,70,,95167,33,,,0,30,,95176,33,,,0,70,,95157,33,,,0,30,,95149,33,,,0,70,,95168,33,,,0,30,,95177,33,,,0,70,,95158,33,,,0,30,,95150,33,,,0,71,,95169,33,,,0,31,,95178,33,,,0,71,,95159,33,,,0,30,,95148,33,,,0,70,,95170,33,,,0,30,,95179,33,,,0,67,,95160,33,,,0,29,,95151,33,,,0,70,,95172,33,,,0,30,,95180,33,,,0,71,,95161,33,,,0,30,,95152,33,,,0,70,,95171,33,,,0,30,,95181,33,,,0,69,,95162,33,,,0,30,,95153,33,,,0,70,,95173,33,,,0,30,,95182,33,,,0,71,,95163,33,,,0
12901,'Saturday',713,,123777,20,,,0,43,,123768,20,,,0,80,,123786,20,,,0,80,,123778,20,,,0,40,,123769,20,,,0,80,,123787,20,,,0,80,,123779,20,,,0,40,,123770,20,,,0,80,,123788,20,,,0,80,,123780,20,,,0,40,,123771,20,,,0,80,,123789,20,,,0,80,,123781,20,,,0,40,,123772,20,,,0,80,,123790,20,,,0,80,,123783,20,,,0,40,,123773,20,,,0,80,,123791,20,,,0,80,,123782,20,,,0,40,,123774,20,,,0,80,,123792,20,,,0,83,,123784,20,,,0,37,,123776,20,,,0,80,,123793,20,,,0,80,,123785,20,,,0,40,,123775,20,,,0
12901,'Sunday',713,,123803,20,,,0,43,,123794,20,,,0,80,,123812,20,,,0,80,,123804,20,,,0,40,,123795,20,,,0,80,,123813,20,,,0,80,,123805,20,,,0,40,,123796,20,,,0,80,,123814,20,,,0,80,,123806,20,,,0,40,,123797,20,,,0,80,,123815,20,,,0,80,,123807,20,,,0,40,,123798,20,,,0,80,,123817,20,,,0,80,,123808,20,,,0,40,,123799,20,,,0,80,,123816,20,,,0,80,,123809,20,,,0,40,,123800,20,,,0,80,,123818,20,,,0,83,,123810,20,,,0,37,,123801,20,,,0,80,,123819,20,,,0,80,,123811,20,,,0,40,,123802,20,,,0
12901,'Weekday',544,,123839,20,,,0,66,,123846,20,,,0,32,,123827,20,,,0,72,,123821,20,,,0,30,,123840,20,,,0,71,,123847,20,,,0,32,,123828,20,,,0,55,,123820,20,,,0,12,,123822,20,,,0,28,,123841,20,,,0,70,,123848,20,,,0,30,,123829,20,,,0,70,,123823,20,,,0,30,,123842,20,,,0,70,,123849,20,,,0,30,,123831,20,,,0,70,,123824,20,,,0,30,,123843,20,,,0,70,,123850,20,,,0,30,,123830,20,,,0,72,,123825,20,,,0,28,,123844,20,,,0,69,,123851,20,,,0,31,,123832,20,,,0,16,,123858,20,,,0,57,,123826,20,,,0,30,,123845,20,,,0,63,,123852,20,,,0,30,,123833,20,,,0,70,,123853,20,,,0,30,,123834,20,,,0,68,,123854,20,,,0,30,,123835,20,,,0,70,,123855,20,,,0,30,,123836,20,,,0,70,,123856,20,,,0,30,,123837,20,,,0,70,,123857,20,,,0,30,,123838,20,,,0
12901,'STMPSa-Saturday',713,,123868,20,,,0,43,,123859,20,,,0,80,,123877,20,,,0,80,,123869,20,,,0,40,,123860,20,,,0,80,,123878,20,,,0,80,,123870,20,,,0,40,,123861,20,,,0,80,,123879,20,,,0,80,,123871,20,,,0,40,,123862,20,,,0,80,,123880,20,,,0,80,,123872,20,,,0,40,,123863,20,,,0,80,,123881,20,,,0,80,,123874,20,,,0,40,,123864,20,,,0,80,,123882,20,,,0,80,,123873,20,,,0,40,,123865,20,,,0,80,,123883,20,,,0,83,,123875,20,,,0,37,,123867,20,,,0,80,,123884,20,,,0,80,,123876,20,,,0,40,,123866,20,,,0
12901,'STMPSnea-Weekday',544,,123904,20,,,0,66,,123911,20,,,0,32,,123892,20,,,0,72,,123886,20,,,0,30,,123905,20,,,0,71,,123912,20,,,0,32,,123893,20,,,0,55,,123885,20,,,0,12,,123887,20,,,0,28,,123906,20,,,0,70,,123913,20,,,0,30,,123894,20,,,0,70,,123888,20,,,0,30,,123907,20,,,0,70,,123914,20,,,0,30,,123896,20,,,0,70,,123889,20,,,0,30,,123908,20,,,0,70,,123915,20,,,0,30,,123895,20,,,0,72,,123890,20,,,0,28,,123909,20,,,0,69,,123916,20,,,0,31,,123897,20,,,0,16,,123923,20,,,0,57,,123891,20,,,0,30,,123910,20,,,0,63,,123917,20,,,0,30,,123898,20,,,0,70,,123918,20,,,0,30,,123899,20,,,0,68,,123919,20,,,0,30,,123900,20,,,0,70,,123920,20,,,0,30,,123901,20,,,0,70,,123921,20,,,0,30,,123902,20,,,0,70,,123922,20,,,0,30,,123903,20,,,0
12901,'STMPSu1-Sunday',713,,123933,20,,,0,43,,123924,20,,,0,80,,123942,20,,,0,80,,123934,20,,,0,40,,123925,20,,,0,80,,123943,20,,,0,80,,123935,20,,,0,40,,123926,20,,,0,80,,123944,20,,,0,80,,123936,20,,,0,40,,123927,20,,,0,80,,123945,20,,,0,80,,123937,20,,,0,40,,123928,20,,,0,80,,123947,20,,,0,80,,123938,20,,,0,40,,123929,20,,,0,80,,123946,20,,,0,80,,123939,20,,,0,40,,123930,20,,,0,80,,123948,20,,,0,83,,123940,20,,,0,37,,123931,20,,,0,80,,123949,20,,,0,80,,123941,20,,,0,40,,123932,20,,,0
12901,'STMPSu2-Sunday',713,,123959,20,,,0,43,,123950,20,,,0,80,,123968,20,,,0,80,,123960,20,,,0,40,,123951,20,,,0,80,,123969,20,,,0,80,,123961,20,,,0,40,,123952,20,,,0,80,,123970,20,,,0,80,,123962,20,,,0,40,,123953,20,,,0,80,,123971,20,,,0,80,,123963,20,,,0,40,,123954,20,,,0,80,,123973,20,,,0,80,,123964,20,,,0,40,,123955,20,,,0,80,,123972,20,,,0,80,,123965,20,,,0,40,,123956,20,,,0,80,,123974,20,,,0,83,,123966,20,,,0,37,,123957,20,,,0,80,,123975,20,,,0,80,,123967,20,,,0,40,,123958,20,,,0
12901,'STMPWeek-Weekday',544,,123995,20,,,0,66,,124002,20,,,0,32,,123983,20,,,0,72,,123977,20,,,0,30,,123996,20,,,0,71,,124003,20,,,0,32,,123984,20,,,0,55,,123976,20,,,0,12,,123978,20,,,0,28,,123997,20,,,0,70,,124004,20,,,0,30,,123985,20,,,0,70,,123979,20,,,0,30,,123998,20,,,0,70,,124005,20,,,0,30,,123987,20,,,0,70,,123980,20,,,0,30,,123999,20,,,0,70,,124006,20,,,0,30,,123986,20,,,0,72,,123981,20,,,0,28,,124000,20,,,0,69,,124007,20,,,0,31,,123988,20,,,0,16,,124014,20,,,0,57,,123982,20,,,0,30,,124001,20,,,0,63,,124008,20,,,0,30,,123989,20,,,0,70,,124009,20,,,0,30,,123990,20,,,0,68,,124010,20,,,0,30,,123991,20,,,0,70,,124011,20,,,0,30,,123992,20,,,0,70,,124012,20,,,0,30,,123993,20,,,0,70,,124013,20,,,0,30,,123994,20,,,0
12901,'STMPar-Weekday',544,,124034,20,,,0,66,,124041,20,,,0,32,,124022,20,,,0,72,,124016,20,,,0,30,,124035,20,,,0,71,,124042,20,,,0,32,,124023,20,,,0,55,,124015,20,,,0,12,,124017,20,,,0,28,,124036,20,,,0,70,,124043,20,,,0,30,,124024,20,,,0,70,,124018,20,,,0,30,,124037,20,,,0,70,,124044,20,,,0,30,,124026,20,,,0,70,,124019,20,,,0,30,,124038,20,,,0,70,,124045,20,,,0,30,,124025,20,,,0,72,,124020,20,,,0,28,,124039,20,,,0,69,,124046,20,,,0,31,,124027,20,,,0,16,,124053,20,,,0,57,,124021,20,,,0,30,,124040,20,,,0,63,,124047,20,,,0,30,,124028,20,,,0,70,,124048,20,,,0,30,,124029,20,,,0,68,,124049,20,,,0,30,,124030,20,,,0,70,,124050,20,,,0,30,,124031,20,,,0,70,,124051,20,,,0,30,,124032,20,,,0,70,,124052,20,,,0,30,,124033,20,,,0
