8601,'Saturday',606,,107536,2,,,0,40,,107518,2,,,0,80,,107537,2,,,0,80,,107526,2,,,0,40,,107534,2,,,0,80,,107527,2,,,0,76,,107538,2,,,0,44,,107530,2,,,0,80,,107519,2,,,0,80,,107529,2,,,0,40,,107520,2,,,0,80,,107540,2,,,0,80,,107522,2,,,0,40,,107541,2,,,0,80,,107521,2,,,0,80,,107539,2,,,0,40,,107531,2,,,0,80,,107523,2,,,0,80,,107532,2,,,0,40,,107524,2,,,0,80,,107542,2,,,0,80,,107525,2,,,0,40,,107543,2,,,0,80,,107533,2,,,0,80,,107544,2,,,0,40,,107535,2,,,0,80,,107528,2,,,0
8601,'Sunday',606,,107560,2,,,0,40,,107545,2,,,0,80,,107559,2,,,0,80,,107546,2,,,0,40,,107562,2,,,0,80,,107547,2,,,0,76,,107561,2,,,0,44,,107554,2,,,0,80,,107564,2,,,0,80,,107549,2,,,0,40,,107565,2,,,0,80,,107548,2,,,0,80,,107566,2,,,0,40,,107550,2,,,0,80,,107563,2,,,0,80,,107551,2,,,0,40,,107567,2,,,0,80,,107552,2,,,0,80,,107568,2,,,0,40,,107556,2,,,0,80,,107569,2,,,0,80,,107553,2,,,0,40,,107571,2,,,0,80,,107555,2,,,0,80,,107570,2,,,0,40,,107558,2,,,0,80,,107557,2,,,0
8601,'Weekday',502,,107591,2,,,0,30,,107581,2,,,0,70,,107572,2,,,0,30,,107590,2,,,0,70,,107582,2,,,0,15,,107610,2,,,0,15,,107573,2,,,0,15,,107611,2,,,0,55,,107592,2,,,0,25,,107612,2,,,0,5,,107583,2,,,0,70,,107575,2,,,0,30,,107593,2,,,0,70,,107584,2,,,0,30,,107576,2,,,0,70,,107594,2,,,0,30,,107585,2,,,0,70,,107574,2,,,0,30,,107595,2,,,0,70,,107586,2,,,0,30,,107577,2,,,0,70,,107596,2,,,0,30,,107587,2,,,0,70,,107578,2,,,0,30,,107597,2,,,0,70,,107588,2,,,0,30,,107579,2,,,0,70,,107599,2,,,0,30,,107589,2,,,0,70,,107580,2,,,0,38,,107598,2,,,0,78,,107600,2,,,0,38,,107601,2,,,0,78,,107602,2,,,0,78,,107603,2,,,0,38,,107604,2,,,0,78,,107605,2,,,0,78,,107606,2,,,0,38,,107607,2,,,0,78,,107608,2,,,0,84,,107609,2,,,0
8601,'STMPSa-Saturday',606,,107631,2,,,0,40,,107613,2,,,0,80,,107632,2,,,0,80,,107621,2,,,0,40,,107629,2,,,0,80,,107622,2,,,0,76,,107633,2,,,0,44,,107625,2,,,0,80,,107614,2,,,0,80,,107624,2,,,0,40,,107615,2,,,0,80,,107635,2,,,0,80,,107617,2,,,0,40,,107636,2,,,0,80,,107616,2,,,0,80,,107634,2,,,0,40,,107626,2,,,0,80,,107618,2,,,0,80,,107627,2,,,0,40,,107619,2,,,0,80,,107637,2,,,0,80,,107620,2,,,0,40,,107638,2,,,0,80,,107628,2,,,0,80,,107639,2,,,0,40,,107630,2,,,0,80,,107623,2,,,0
8601,'STMPSnea-Weekday',502,,107659,2,,,0,30,,107649,2,,,0,70,,107640,2,,,0,30,,107658,2,,,0,70,,107650,2,,,0,15,,107678,2,,,0,15,,107641,2,,,0,15,,107679,2,,,0,55,,107660,2,,,0,25,,107680,2,,,0,5,,107651,2,,,0,70,,107643,2,,,0,30,,107661,2,,,0,70,,107652,2,,,0,30,,107644,2,,,0,70,,107662,2,,,0,30,,107653,2,,,0,70,,107642,2,,,0,30,,107663,2,,,0,70,,107654,2,,,0,30,,107645,2,,,0,70,,107664,2,,,0,30,,107655,2,,,0,70,,107646,2,,,0,30,,107665,2,,,0,70,,107656,2,,,0,30,,107647,2,,,0,70,,107667,2,,,0,30,,107657,2,,,0,70,,107648,2,,,0,38,,107666,2,,,0,78,,107668,2,,,0,38,,107669,2,,,0,78,,107670,2,,,0,78,,107671,2,,,0,38,,107672,2,,,0,78,,107673,2,,,0,78,,107674,2,,,0,38,,107675,2,,,0,78,,107676,2,,,0,84,,107677,2,,,0
8601,'STMPSu1-Sunday',606,,107696,2,,,0,40,,107681,2,,,0,80,,107695,2,,,0,80,,107682,2,,,0,40,,107698,2,,,0,80,,107683,2,,,0,76,,107697,2,,,0,44,,107690,2,,,0,80,,107700,2,,,0,80,,107685,2,,,0,40,,107701,2,,,0,80,,107684,2,,,0,80,,107702,2,,,0,40,,107686,2,,,0,80,,107699,2,,,0,80,,107687,2,,,0,40,,107703,2,,,0,80,,107688,2,,,0,80,,107704,2,,,0,40,,107692,2,,,0,80,,107705,2,,,0,80,,107689,2,,,0,40,,107707,2,,,0,80,,107691,2,,,0,80,,107706,2,,,0,40,,107694,2,,,0,80,,107693,2,,,0
8601,'STMPSu2-Sunday',606,,107723,2,,,0,40,,107708,2,,,0,80,,107722,2,,,0,80,,107709,2,,,0,40,,107725,2,,,0,80,,107710,2,,,0,76,,107724,2,,,0,44,,107717,2,,,0,80,,107727,2,,,0,80,,107712,2,,,0,40,,107728,2,,,0,80,,107711,2,,,0,80,,107729,2,,,0,40,,107713,2,,,0,80,,107726,2,,,0,80,,107714,2,,,0,40,,107730,2,,,0,80,,107715,2,,,0,80,,107731,2,,,0,40,,107719,2,,,0,80,,107732,2,,,0,80,,107716,2,,,0,40,,107734,2,,,0,80,,107718,2,,,0,80,,107733,2,,,0,40,,107721,2,,,0,80,,107720,2,,,0
8601,'STMPWeek-Weekday',502,,107754,2,,,0,30,,107744,2,,,0,70,,107735,2,,,0,30,,107753,2,,,0,70,,107745,2,,,0,15,,107773,2,,,0,15,,107736,2,,,0,15,,107774,2,,,0,55,,107755,2,,,0,25,,107775,2,,,0,5,,107746,2,,,0,70,,107738,2,,,0,30,,107756,2,,,0,70,,107747,2,,,0,30,,107739,2,,,0,70,,107757,2,,,0,30,,107748,2,,,0,70,,107737,2,,,0,30,,107758,2,,,0,70,,107749,2,,,0,30,,107740,2,,,0,70,,107759,2,,,0,30,,107750,2,,,0,70,,107741,2,,,0,30,,107760,2,,,0,70,,107751,2,,,0,30,,107742,2,,,0,70,,107762,2,,,0,30,,107752,2,,,0,70,,107743,2,,,0,38,,107761,2,,,0,78,,107763,2,,,0,38,,107764,2,,,0,78,,107765,2,,,0,78,,107766,2,,,0,38,,107767,2,,,0,78,,107768,2,,,0,78,,107769,2,,,0,38,,107770,2,,,0,78,,107771,2,,,0,84,,107772,2,,,0
8601,'STMPar-Weekday',502,,107795,2,,,0,30,,107785,2,,,0,70,,107776,2,,,0,30,,107794,2,,,0,70,,107786,2,,,0,15,,107814,2,,,0,15,,107777,2,,,0,15,,107815,2,,,0,55,,107796,2,,,0,25,,107816,2,,,0,5,,107787,2,,,0,70,,107779,2,,,0,30,,107797,2,,,0,70,,107788,2,,,0,30,,107780,2,,,0,70,,107798,2,,,0,30,,107789,2,,,0,70,,107778,2,,,0,30,,107799,2,,,0,70,,107790,2,,,0,30,,107781,2,,,0,70,,107800,2,,,0,30,,107791,2,,,0,70,,107782,2,,,0,30,,107801,2,,,0,70,,107792,2,,,0,30,,107783,2,,,0,70,,107803,2,,,0,30,,107793,2,,,0,70,,107784,2,,,0,38,,107802,2,,,0,78,,107804,2,,,0,38,,107805,2,,,0,78,,107806,2,,,0,78,,107807,2,,,0,38,,107808,2,,,0,78,,107809,2,,,0,78,,107810,2,,,0,38,,107811,2,,,0,78,,107812,2,,,0,84,,107813,2,,,0
13701,'Saturday',622,,125196,9,,,0,30,,125197,9,,,0,70,,125198,9,,,0,30,,125199,9,,,0,70,,125200,9,,,0,30,,125201,9,,,0,68,,125202,9,,,0,30,,125204,9,,,0,70,,125205,9,,,0,30,,125206,9,,,0,70,,125207,9,,,0,30,,125209,9,,,0,70,,125208,9,,,0,30,,125210,9,,,0,70,,125211,9,,,0,30,,125213,9,,,0,70,,125212,9,,,0,31,,125214,9,,,0,71,,125216,9,,,0,30,,125217,9,,,0,70,,125219,9,,,0,30,,125218,9,,,0,70,,125221,9,,,0,30,,125220,9,,,0,70,,125223,9,,,0,30,,125224,9,,,0,68,,125225,9,,,0,30,,125226,9,,,0,70,,125222,9,,,0,30,,125215,9,,,0,70,,125203,9,,,0
13701,'Sunday',622,,125237,9,,,0,30,,125234,9,,,0,70,,125229,9,,,0,30,,125233,9,,,0,70,,125227,9,,,0,30,,125240,9,,,0,68,,125235,9,,,0,30,,125232,9,,,0,70,,125239,9,,,0,30,,125231,9,,,0,70,,125230,9,,,0,30,,125228,9,,,0,70,,125236,9,,,0,30,,125238,9,,,0,70,,125241,9,,,0,30,,125245,9,,,0,70,,125242,9,,,0,31,,125243,9,,,0,71,,125244,9,,,0,30,,125246,9,,,0,70,,125248,9,,,0,30,,125247,9,,,0,70,,125249,9,,,0,30,,125254,9,,,0,70,,125255,9,,,0,30,,125256,9,,,0,68,,125257,9,,,0,30,,125253,9,,,0,70,,125252,9,,,0,30,,125251,9,,,0,70,,125250,9,,,0
13701,'Weekday',622,,125259,9,,,0,30,,125258,9,,,0,70,,125260,9,,,0,30,,125261,9,,,0,70,,125262,9,,,0,30,,125263,9,,,0,68,,125264,9,,,0,30,,125265,9,,,0,70,,125266,9,,,0,30,,125267,9,,,0,70,,125268,9,,,0,30,,125270,9,,,0,70,,125269,9,,,0,30,,125271,9,,,0,70,,125272,9,,,0,30,,125274,9,,,0,70,,125273,9,,,0,31,,125275,9,,,0,71,,125276,9,,,0,30,,125277,9,,,0,70,,125279,9,,,0,30,,125278,9,,,0,70,,125281,9,,,0,30,,125280,9,,,0,70,,125282,9,,,0,30,,125283,9,,,0,68,,125284,9,,,0,30,,125285,9,,,0,70,,125286,9,,,0,30,,125287,9,,,0,70,,125288,9,,,0
13701,'STMPSa-Saturday',622,,125289,9,,,0,30,,125290,9,,,0,70,,125291,9,,,0,30,,125292,9,,,0,70,,125293,9,,,0,30,,125294,9,,,0,68,,125295,9,,,0,30,,125297,9,,,0,70,,125298,9,,,0,30,,125299,9,,,0,70,,125300,9,,,0,30,,125302,9,,,0,70,,125301,9,,,0,30,,125303,9,,,0,70,,125304,9,,,0,30,,125306,9,,,0,70,,125305,9,,,0,31,,125307,9,,,0,71,,125309,9,,,0,30,,125310,9,,,0,70,,125312,9,,,0,30,,125311,9,,,0,70,,125314,9,,,0,30,,125313,9,,,0,70,,125316,9,,,0,30,,125317,9,,,0,68,,125318,9,,,0,30,,125319,9,,,0,70,,125315,9,,,0,30,,125308,9,,,0,70,,125296,9,,,0
13701,'STMPSnea-Weekday',622,,125321,9,,,0,30,,125320,9,,,0,70,,125322,9,,,0,30,,125323,9,,,0,70,,125324,9,,,0,30,,125325,9,,,0,68,,125326,9,,,0,30,,125327,9,,,0,70,,125328,9,,,0,30,,125329,9,,,0,70,,125330,9,,,0,30,,125332,9,,,0,70,,125331,9,,,0,30,,125333,9,,,0,70,,125334,9,,,0,30,,125336,9,,,0,70,,125335,9,,,0,31,,125337,9,,,0,71,,125338,9,,,0,30,,125339,9,,,0,70,,125341,9,,,0,30,,125340,9,,,0,70,,125343,9,,,0,30,,125342,9,,,0,70,,125344,9,,,0,30,,125345,9,,,0,68,,125346,9,,,0,30,,125347,9,,,0,70,,125348,9,,,0,30,,125349,9,,,0,70,,125350,9,,,0
13701,'STMPSu1-Sunday',622,,125361,9,,,0,30,,125358,9,,,0,70,,125353,9,,,0,30,,125357,9,,,0,70,,125351,9,,,0,30,,125364,9,,,0,68,,125359,9,,,0,30,,125356,9,,,0,70,,125363,9,,,0,30,,125355,9,,,0,70,,125354,9,,,0,30,,125352,9,,,0,70,,125360,9,,,0,30,,125362,9,,,0,70,,125365,9,,,0,30,,125369,9,,,0,70,,125366,9,,,0,31,,125367,9,,,0,71,,125368,9,,,0,30,,125370,9,,,0,70,,125372,9,,,0,30,,125371,9,,,0,70,,125373,9,,,0,30,,125378,9,,,0,70,,125379,9,,,0,30,,125380,9,,,0,68,,125381,9,,,0,30,,125377,9,,,0,70,,125376,9,,,0,30,,125375,9,,,0,70,,125374,9,,,0
13701,'STMPSu2-Sunday',622,,125392,9,,,0,30,,125389,9,,,0,70,,125384,9,,,0,30,,125388,9,,,0,70,,125382,9,,,0,30,,125395,9,,,0,68,,125390,9,,,0,30,,125387,9,,,0,70,,125394,9,,,0,30,,125386,9,,,0,70,,125385,9,,,0,30,,125383,9,,,0,70,,125391,9,,,0,30,,125393,9,,,0,70,,125396,9,,,0,30,,125400,9,,,0,70,,125397,9,,,0,31,,125398,9,,,0,71,,125399,9,,,0,30,,125401,9,,,0,70,,125403,9,,,0,30,,125402,9,,,0,70,,125404,9,,,0,30,,125409,9,,,0,70,,125410,9,,,0,30,,125411,9,,,0,68,,125412,9,,,0,30,,125408,9,,,0,70,,125407,9,,,0,30,,125406,9,,,0,70,,125405,9,,,0
13701,'STMPWeek-Weekday',622,,125414,9,,,0,30,,125413,9,,,0,70,,125415,9,,,0,30,,125416,9,,,0,70,,125417,9,,,0,30,,125418,9,,,0,68,,125419,9,,,0,30,,125420,9,,,0,70,,125421,9,,,0,30,,125422,9,,,0,70,,125423,9,,,0,30,,125425,9,,,0,70,,125424,9,,,0,30,,125426,9,,,0,70,,125427,9,,,0,30,,125429,9,,,0,70,,125428,9,,,0,31,,125430,9,,,0,71,,125431,9,,,0,30,,125432,9,,,0,70,,125434,9,,,0,30,,125433,9,,,0,70,,125436,9,,,0,30,,125435,9,,,0,70,,125437,9,,,0,30,,125438,9,,,0,68,,125439,9,,,0,30,,125440,9,,,0,70,,125441,9,,,0,30,,125442,9,,,0,70,,125443,9,,,0
13701,'STMPar-Weekday',622,,125445,9,,,0,30,,125444,9,,,0,70,,125446,9,,,0,30,,125447,9,,,0,70,,125448,9,,,0,30,,125449,9,,,0,68,,125450,9,,,0,30,,125451,9,,,0,70,,125452,9,,,0,30,,125453,9,,,0,70,,125454,9,,,0,30,,125456,9,,,0,70,,125455,9,,,0,30,,125457,9,,,0,70,,125458,9,,,0,30,,125460,9,,,0,70,,125459,9,,,0,31,,125461,9,,,0,71,,125462,9,,,0,30,,125463,9,,,0,70,,125465,9,,,0,30,,125464,9,,,0,70,,125467,9,,,0,30,,125466,9,,,0,70,,125468,9,,,0,30,,125469,9,,,0,68,,125470,9,,,0,30,,125471,9,,,0,70,,125472,9,,,0,30,,125473,9,,,0,70,,125474,9,,,0
