15501,'Saturday',622,,129727,38,,,0,36,,129742,38,,,0,76,,129728,38,,,0,76,,129744,38,,,0,36,,129729,38,,,0,76,,129743,38,,,0,36,,129730,38,,,0,76,,129745,38,,,0,76,,129732,38,,,0,36,,129746,38,,,0,76,,129731,38,,,0,36,,129748,38,,,0,76,,129733,38,,,0,76,,129747,38,,,0,36,,129737,38,,,0,76,,129749,38,,,0,36,,129734,38,,,0,76,,129750,38,,,0,76,,129735,38,,,0,36,,129751,38,,,0,76,,129738,38,,,0,36,,129752,38,,,0,76,,129736,38,,,0,74,,129754,38,,,0,36,,129739,38,,,0,74,,129755,38,,,0,36,,129740,38,,,0,76,,129753,38,,,0,76,,129741,38,,,0
15501,'Sunday',622,,129784,38,,,0,36,,129783,38,,,0,76,,129782,38,,,0,76,,129781,38,,,0,36,,129780,38,,,0,76,,129779,38,,,0,36,,129777,38,,,0,76,,129778,38,,,0,76,,129775,38,,,0,36,,129776,38,,,0,76,,129773,38,,,0,36,,129771,38,,,0,76,,129770,38,,,0,76,,129772,38,,,0,36,,129767,38,,,0,76,,129768,38,,,0,36,,129769,38,,,0,76,,129774,38,,,0,76,,129765,38,,,0,36,,129766,38,,,0,76,,129762,38,,,0,36,,129764,38,,,0,76,,129761,38,,,0,74,,129763,38,,,0,36,,129759,38,,,0,74,,129760,38,,,0,36,,129758,38,,,0,76,,129757,38,,,0,76,,129756,38,,,0
15501,'Weekday',540,,129820,38,,,0,64,,129785,38,,,0,24,,129789,38,,,0,24,,129818,38,,,0,64,,129787,38,,,0,24,,129790,38,,,0,64,,129819,38,,,0,24,,129786,38,,,0,24,,129791,38,,,0,64,,129821,38,,,0,24,,129788,38,,,0,64,,129805,38,,,0,36,,129792,38,,,0,76,,129806,38,,,0,36,,129793,38,,,0,76,,129807,38,,,0,76,,129794,38,,,0,36,,129808,38,,,0,76,,129796,38,,,0,25,,129809,38,,,0,65,,129823,38,,,0,25,,129797,38,,,0,25,,129815,38,,,0,65,,129822,38,,,0,25,,129798,38,,,0,65,,129816,38,,,0,24,,129824,38,,,0,65,,129799,38,,,0,25,,129825,38,,,0,34,,129795,38,,,0,74,,129817,38,,,0,74,,129810,38,,,0,34,,129800,38,,,0,73,,129811,38,,,0,33,,129801,38,,,0,73,,129812,38,,,0,33,,129802,38,,,0,73,,129813,38,,,0,33,,129803,38,,,0,73,,129814,38,,,0,73,,129804,38,,,0
15501,'STMPSa-Saturday',622,,129826,38,,,0,36,,129841,38,,,0,76,,129827,38,,,0,76,,129844,38,,,0,36,,129828,38,,,0,76,,129843,38,,,0,36,,129829,38,,,0,76,,129845,38,,,0,76,,129831,38,,,0,36,,129842,38,,,0,76,,129830,38,,,0,36,,129847,38,,,0,76,,129832,38,,,0,76,,129846,38,,,0,36,,129836,38,,,0,76,,129848,38,,,0,36,,129833,38,,,0,76,,129849,38,,,0,76,,129834,38,,,0,36,,129850,38,,,0,76,,129837,38,,,0,36,,129851,38,,,0,76,,129835,38,,,0,74,,129853,38,,,0,36,,129838,38,,,0,74,,129854,38,,,0,36,,129839,38,,,0,76,,129852,38,,,0,76,,129840,38,,,0
15501,'STMPSnea-Weekday',540,,129890,38,,,0,64,,129855,38,,,0,24,,129859,38,,,0,24,,129888,38,,,0,64,,129857,38,,,0,24,,129860,38,,,0,64,,129889,38,,,0,24,,129856,38,,,0,24,,129861,38,,,0,64,,129891,38,,,0,24,,129858,38,,,0,64,,129875,38,,,0,36,,129862,38,,,0,76,,129876,38,,,0,36,,129863,38,,,0,76,,129877,38,,,0,76,,129864,38,,,0,36,,129878,38,,,0,76,,129866,38,,,0,25,,129879,38,,,0,65,,129893,38,,,0,25,,129867,38,,,0,25,,129885,38,,,0,65,,129892,38,,,0,25,,129868,38,,,0,65,,129886,38,,,0,24,,129894,38,,,0,65,,129869,38,,,0,25,,129895,38,,,0,34,,129865,38,,,0,74,,129887,38,,,0,74,,129880,38,,,0,34,,129870,38,,,0,73,,129881,38,,,0,33,,129871,38,,,0,73,,129882,38,,,0,33,,129872,38,,,0,73,,129883,38,,,0,33,,129873,38,,,0,73,,129884,38,,,0,73,,129874,38,,,0
15501,'STMPSu1-Sunday',622,,129924,38,,,0,36,,129923,38,,,0,76,,129922,38,,,0,76,,129921,38,,,0,36,,129920,38,,,0,76,,129919,38,,,0,36,,129917,38,,,0,76,,129918,38,,,0,76,,129915,38,,,0,36,,129916,38,,,0,76,,129913,38,,,0,36,,129911,38,,,0,76,,129910,38,,,0,76,,129912,38,,,0,36,,129907,38,,,0,76,,129908,38,,,0,36,,129909,38,,,0,76,,129914,38,,,0,76,,129905,38,,,0,36,,129906,38,,,0,76,,129902,38,,,0,36,,129904,38,,,0,76,,129901,38,,,0,74,,129903,38,,,0,36,,129899,38,,,0,74,,129900,38,,,0,36,,129898,38,,,0,76,,129897,38,,,0,76,,129896,38,,,0
15501,'STMPSu2-Sunday',622,,129953,38,,,0,36,,129952,38,,,0,76,,129951,38,,,0,76,,129950,38,,,0,36,,129949,38,,,0,76,,129948,38,,,0,36,,129946,38,,,0,76,,129947,38,,,0,76,,129944,38,,,0,36,,129945,38,,,0,76,,129942,38,,,0,36,,129940,38,,,0,76,,129939,38,,,0,76,,129941,38,,,0,36,,129936,38,,,0,76,,129937,38,,,0,36,,129938,38,,,0,76,,129943,38,,,0,76,,129934,38,,,0,36,,129935,38,,,0,76,,129931,38,,,0,36,,129933,38,,,0,76,,129930,38,,,0,74,,129932,38,,,0,36,,129928,38,,,0,74,,129929,38,,,0,36,,129927,38,,,0,76,,129926,38,,,0,76,,129925,38,,,0
15501,'STMPWeek-Weekday',540,,129989,38,,,0,64,,129954,38,,,0,24,,129958,38,,,0,24,,129987,38,,,0,64,,129956,38,,,0,24,,129959,38,,,0,64,,129988,38,,,0,24,,129955,38,,,0,24,,129960,38,,,0,64,,129990,38,,,0,24,,129957,38,,,0,64,,129974,38,,,0,36,,129961,38,,,0,76,,129975,38,,,0,36,,129962,38,,,0,76,,129976,38,,,0,76,,129963,38,,,0,36,,129977,38,,,0,76,,129965,38,,,0,25,,129978,38,,,0,65,,129992,38,,,0,25,,129966,38,,,0,25,,129984,38,,,0,65,,129991,38,,,0,25,,129967,38,,,0,65,,129985,38,,,0,24,,129993,38,,,0,65,,129968,38,,,0,25,,129994,38,,,0,34,,129964,38,,,0,74,,129986,38,,,0,74,,129979,38,,,0,34,,129969,38,,,0,73,,129980,38,,,0,33,,129970,38,,,0,73,,129981,38,,,0,33,,129971,38,,,0,73,,129982,38,,,0,33,,129972,38,,,0,73,,129983,38,,,0,73,,129973,38,,,0
15501,'STMPar-Weekday',540,,130030,38,,,0,64,,129995,38,,,0,24,,129999,38,,,0,24,,130028,38,,,0,64,,129997,38,,,0,24,,130000,38,,,0,64,,130029,38,,,0,24,,129996,38,,,0,24,,130001,38,,,0,64,,130031,38,,,0,24,,129998,38,,,0,64,,130015,38,,,0,36,,130002,38,,,0,76,,130016,38,,,0,36,,130003,38,,,0,76,,130017,38,,,0,76,,130004,38,,,0,36,,130018,38,,,0,76,,130006,38,,,0,25,,130019,38,,,0,65,,130033,38,,,0,25,,130007,38,,,0,25,,130025,38,,,0,65,,130032,38,,,0,25,,130008,38,,,0,65,,130026,38,,,0,24,,130034,38,,,0,65,,130009,38,,,0,25,,130035,38,,,0,34,,130005,38,,,0,74,,130027,38,,,0,74,,130020,38,,,0,34,,130010,38,,,0,73,,130021,38,,,0,33,,130011,38,,,0,73,,130022,38,,,0,33,,130012,38,,,0,73,,130023,38,,,0,33,,130013,38,,,0,73,,130024,38,,,0,73,,130014,38,,,0
44001,'Weekday',538,,145211,17,,,0,91,,145212,17,,,0,93,,145210,17,,,0,94,,145213,17,,,0,94,,145214,17,,,0,94,,145216,17,,,0,448,,145215,17,,,0,105,,145217,17,,,0,100,,145218,17,,,0,97,,145219,17,,,0,100,,145220,17,,,0,100,,145221,17,,,0
44001,'STMPSnea-Weekday',538,,145223,17,,,0,91,,145224,17,,,0,93,,145222,17,,,0,94,,145225,17,,,0,94,,145226,17,,,0,94,,145228,17,,,0,448,,145227,17,,,0,105,,145229,17,,,0,100,,145230,17,,,0,97,,145231,17,,,0,100,,145232,17,,,0,100,,145233,17,,,0
44001,'STMPWeek-Weekday',538,,145235,17,,,0,91,,145236,17,,,0,93,,145234,17,,,0,94,,145237,17,,,0,94,,145238,17,,,0,94,,145240,17,,,0,448,,145239,17,,,0,105,,145241,17,,,0,100,,145242,17,,,0,97,,145243,17,,,0,100,,145244,17,,,0,100,,145245,17,,,0
44001,'STMPar-Weekday',538,,145247,17,,,0,91,,145248,17,,,0,93,,145246,17,,,0,94,,145249,17,,,0,94,,145250,17,,,0,94,,145252,17,,,0,448,,145251,17,,,0,105,,145253,17,,,0,100,,145254,17,,,0,97,,145255,17,,,0,100,,145256,17,,,0,100,,145257,17,,,0
