8100,'Saturday',727,,105185,30,4,,0,85,,105194,30,4,,0,45,,105186,30,4,,0,85,,105195,30,4,,0,85,,105188,30,4,,0,85,,105196,30,4,,0,45,,105189,30,4,,0,85,,105198,30,4,,0,85,,105187,30,4,,0,85,,105199,30,4,,0,45,,105191,30,4,,0,85,,105197,30,4,,0,85,,105190,30,4,,0,85,,105200,30,4,,0,45,,105193,30,4,,0,85,,105201,30,4,,0,85,,105192,30,4,,0
8100,'Weekday',605,,105203,30,4,,0,34,,105204,30,4,,0,72,,105205,30,4,,0,32,,105206,30,4,,0,72,,105207,30,4,,0,32,,105209,30,4,,0,72,,105208,30,4,,0,32,,105210,30,4,,0,71,,105211,30,4,,0,32,,105213,30,4,,0,72,,105214,30,4,,0,32,,105212,30,4,,0,72,,105215,30,4,,0,72,,105217,30,4,,0,32,,105216,30,4,,0,72,,105219,30,4,,0,33,,105218,30,4,,0,72,,105220,30,4,,0,32,,105222,30,4,,0,72,,105223,30,4,,0,32,,105221,30,4,,0,72,,105224,30,4,,0,32,,105226,30,4,,0,72,,105225,30,4,,0,32,,105228,30,4,,0,71,,105202,30,4,,0,76,,105227,30,4,,0,28,,105229,30,4,,0,73,,105230,30,4,,0
8100,'STMPSa-Saturday',727,,105231,30,4,,0,85,,105240,30,4,,0,45,,105232,30,4,,0,85,,105241,30,4,,0,85,,105234,30,4,,0,85,,105242,30,4,,0,45,,105235,30,4,,0,85,,105244,30,4,,0,85,,105233,30,4,,0,85,,105245,30,4,,0,45,,105237,30,4,,0,85,,105243,30,4,,0,85,,105236,30,4,,0,85,,105246,30,4,,0,45,,105239,30,4,,0,85,,105247,30,4,,0,85,,105238,30,4,,0
8100,'STMPSnea-Weekday',605,,105249,30,4,,0,34,,105250,30,4,,0,72,,105251,30,4,,0,32,,105252,30,4,,0,72,,105253,30,4,,0,32,,105255,30,4,,0,72,,105254,30,4,,0,32,,105256,30,4,,0,71,,105257,30,4,,0,32,,105259,30,4,,0,72,,105260,30,4,,0,32,,105258,30,4,,0,72,,105261,30,4,,0,72,,105263,30,4,,0,32,,105262,30,4,,0,72,,105265,30,4,,0,33,,105264,30,4,,0,72,,105266,30,4,,0,32,,105268,30,4,,0,72,,105269,30,4,,0,32,,105267,30,4,,0,72,,105270,30,4,,0,32,,105272,30,4,,0,72,,105271,30,4,,0,32,,105274,30,4,,0,71,,105248,30,4,,0,76,,105273,30,4,,0,28,,105275,30,4,,0,73,,105276,30,4,,0
8100,'STMPWeek-Weekday',605,,105278,30,4,,0,34,,105279,30,4,,0,72,,105280,30,4,,0,32,,105281,30,4,,0,72,,105282,30,4,,0,32,,105284,30,4,,0,72,,105283,30,4,,0,32,,105285,30,4,,0,71,,105286,30,4,,0,32,,105288,30,4,,0,72,,105289,30,4,,0,32,,105287,30,4,,0,72,,105290,30,4,,0,72,,105292,30,4,,0,32,,105291,30,4,,0,72,,105294,30,4,,0,33,,105293,30,4,,0,72,,105295,30,4,,0,32,,105297,30,4,,0,72,,105298,30,4,,0,32,,105296,30,4,,0,72,,105299,30,4,,0,32,,105301,30,4,,0,72,,105300,30,4,,0,32,,105303,30,4,,0,71,,105277,30,4,,0,76,,105302,30,4,,0,28,,105304,30,4,,0,73,,105305,30,4,,0
8100,'STMPar-Weekday',605,,105307,30,4,,0,34,,105308,30,4,,0,72,,105309,30,4,,0,32,,105310,30,4,,0,72,,105311,30,4,,0,32,,105313,30,4,,0,72,,105312,30,4,,0,32,,105314,30,4,,0,71,,105315,30,4,,0,32,,105317,30,4,,0,72,,105318,30,4,,0,32,,105316,30,4,,0,72,,105319,30,4,,0,72,,105321,30,4,,0,32,,105320,30,4,,0,72,,105323,30,4,,0,33,,105322,30,4,,0,72,,105324,30,4,,0,32,,105326,30,4,,0,72,,105327,30,4,,0,32,,105325,30,4,,0,72,,105328,30,4,,0,32,,105330,30,4,,0,72,,105329,30,4,,0,32,,105332,30,4,,0,71,,105306,30,4,,0,76,,105331,30,4,,0,28,,105333,30,4,,0,73,,105334,30,4,,0
8101,'Saturday',645,,105343,1,,,0,85,,105335,1,,,0,85,,105344,1,,,0,85,,105336,1,,,0,45,,105345,1,,,0,85,,105338,1,,,0,85,,105346,1,,,0,85,,105337,1,,,0,45,,105348,1,,,0,85,,105339,1,,,0,85,,105347,1,,,0,85,,105340,1,,,0,45,,105350,1,,,0,85,,105341,1,,,0,85,,105349,1,,,0,85,,105342,1,,,0,45,,105351,1,,,0
8101,'Weekday',542,,105353,1,,,0,72,,105354,1,,,0,32,,105355,1,,,0,72,,105356,1,,,0,32,,105357,1,,,0,72,,105358,1,,,0,32,,105359,1,,,0,72,,105360,1,,,0,32,,105361,1,,,0,72,,105363,1,,,0,72,,105364,1,,,0,32,,105362,1,,,0,72,,105366,1,,,0,32,,105367,1,,,0,72,,105365,1,,,0,32,,105368,1,,,0,72,,105369,1,,,0,32,,105370,1,,,0,72,,105373,1,,,0,32,,105371,1,,,0,72,,105372,1,,,0,32,,105374,1,,,0,72,,105376,1,,,0,32,,105375,1,,,0,72,,105377,1,,,0,72,,105378,1,,,0
8101,'STMPSa-Saturday',645,,105387,1,,,0,85,,105379,1,,,0,85,,105388,1,,,0,85,,105380,1,,,0,45,,105389,1,,,0,85,,105382,1,,,0,85,,105390,1,,,0,85,,105381,1,,,0,45,,105392,1,,,0,85,,105383,1,,,0,85,,105391,1,,,0,85,,105384,1,,,0,45,,105394,1,,,0,85,,105385,1,,,0,85,,105393,1,,,0,85,,105386,1,,,0,45,,105395,1,,,0
8101,'STMPSnea-Weekday',542,,105397,1,,,0,72,,105398,1,,,0,32,,105399,1,,,0,72,,105400,1,,,0,32,,105401,1,,,0,72,,105402,1,,,0,32,,105403,1,,,0,72,,105404,1,,,0,32,,105405,1,,,0,72,,105407,1,,,0,72,,105408,1,,,0,32,,105406,1,,,0,72,,105410,1,,,0,32,,105411,1,,,0,72,,105409,1,,,0,32,,105412,1,,,0,72,,105413,1,,,0,32,,105414,1,,,0,72,,105417,1,,,0,32,,105415,1,,,0,72,,105416,1,,,0,32,,105418,1,,,0,72,,105420,1,,,0,32,,105419,1,,,0,72,,105421,1,,,0,72,,105422,1,,,0
8101,'STMPWeek-Weekday',542,,105424,1,,,0,72,,105425,1,,,0,32,,105426,1,,,0,72,,105427,1,,,0,32,,105428,1,,,0,72,,105429,1,,,0,32,,105430,1,,,0,72,,105431,1,,,0,32,,105432,1,,,0,72,,105434,1,,,0,72,,105435,1,,,0,32,,105433,1,,,0,72,,105437,1,,,0,32,,105438,1,,,0,72,,105436,1,,,0,32,,105439,1,,,0,72,,105440,1,,,0,32,,105441,1,,,0,72,,105444,1,,,0,32,,105442,1,,,0,72,,105443,1,,,0,32,,105445,1,,,0,72,,105447,1,,,0,32,,105446,1,,,0,72,,105448,1,,,0,72,,105449,1,,,0
8101,'STMPar-Weekday',542,,105451,1,,,0,72,,105452,1,,,0,32,,105453,1,,,0,72,,105454,1,,,0,32,,105455,1,,,0,72,,105456,1,,,0,32,,105457,1,,,0,72,,105458,1,,,0,32,,105459,1,,,0,72,,105461,1,,,0,72,,105462,1,,,0,32,,105460,1,,,0,72,,105464,1,,,0,32,,105465,1,,,0,72,,105463,1,,,0,32,,105466,1,,,0,72,,105467,1,,,0,32,,105468,1,,,0,72,,105471,1,,,0,32,,105469,1,,,0,72,,105470,1,,,0,32,,105472,1,,,0,72,,105474,1,,,0,32,,105473,1,,,0,72,,105475,1,,,0,72,,105476,1,,,0
