9201,'Saturday',658,,110655,21,,,0,85,,110641,21,,,0,85,,110645,21,,,0,87,,110650,21,,,0,87,,110656,21,,,0,45,,110640,21,,,0,85,,110646,21,,,0,85,,110651,21,,,0,85,,110657,21,,,0,45,,110642,21,,,0,85,,110647,21,,,0,85,,110652,21,,,0,85,,110658,21,,,0,46,,110643,21,,,0,82,,110649,21,,,0,85,,110653,21,,,0,85,,110659,21,,,0,45,,110644,21,,,0,85,,110648,21,,,0,83,,110654,21,,,0,42,,110660,21,,,0,85,,110661,21,,,0
9201,'Sunday',659,,110677,21,,,0,85,,110662,21,,,0,85,,110667,21,,,0,85,,110672,21,,,0,45,,110678,21,,,0,85,,110663,21,,,0,88,,110668,21,,,0,85,,110674,21,,,0,85,,110679,21,,,0,45,,110665,21,,,0,85,,110669,21,,,0,85,,110673,21,,,0,85,,110680,21,,,0,45,,110664,21,,,0,85,,110670,21,,,0,83,,110675,21,,,0,44,,110681,21,,,0,85,,110666,21,,,0,85,,110671,21,,,0,85,,110676,21,,,0,42,,110682,21,,,0
9201,'Weekday',534,,110688,21,,,0,71,,110694,21,,,0,32,,110712,21,,,0,73,,110700,21,,,0,30,,110716,21,,,0,70,,110704,21,,,0,31,,110689,21,,,0,74,,110695,21,,,0,30,,110713,21,,,0,71,,110701,21,,,0,31,,110708,21,,,0,71,,110705,21,,,0,31,,110690,21,,,0,71,,110696,21,,,0,31,,110714,21,,,0,71,,110702,21,,,0,31,,110699,21,,,0,71,,110706,21,,,0,31,,110691,21,,,0,71,,110697,21,,,0,30,,110715,21,,,0,71,,110703,21,,,0,31,,110693,21,,,0,71,,110707,21,,,0,71,,110692,21,,,0,31,,110698,21,,,0,28,,110683,21,,,0,83,,110685,21,,,0,85,,110710,21,,,0,84,,110709,21,,,0,44,,110684,21,,,0,85,,110686,21,,,0,85,,110711,21,,,0,81,,110687,21,,,0
9201,'STMPSa-Saturday',658,,110732,21,,,0,85,,110718,21,,,0,85,,110722,21,,,0,87,,110727,21,,,0,87,,110733,21,,,0,45,,110717,21,,,0,85,,110723,21,,,0,85,,110728,21,,,0,85,,110734,21,,,0,45,,110719,21,,,0,85,,110724,21,,,0,85,,110729,21,,,0,85,,110735,21,,,0,46,,110720,21,,,0,82,,110726,21,,,0,85,,110730,21,,,0,85,,110736,21,,,0,45,,110721,21,,,0,85,,110725,21,,,0,83,,110731,21,,,0,42,,110737,21,,,0,85,,110738,21,,,0
9201,'STMPSnea-Weekday',534,,110744,21,,,0,71,,110750,21,,,0,32,,110768,21,,,0,73,,110756,21,,,0,30,,110772,21,,,0,70,,110760,21,,,0,31,,110745,21,,,0,74,,110751,21,,,0,30,,110769,21,,,0,71,,110757,21,,,0,31,,110764,21,,,0,71,,110761,21,,,0,31,,110746,21,,,0,71,,110752,21,,,0,31,,110770,21,,,0,71,,110758,21,,,0,31,,110755,21,,,0,71,,110762,21,,,0,31,,110747,21,,,0,71,,110753,21,,,0,30,,110771,21,,,0,71,,110759,21,,,0,31,,110749,21,,,0,71,,110763,21,,,0,71,,110748,21,,,0,31,,110754,21,,,0,28,,110739,21,,,0,83,,110741,21,,,0,85,,110766,21,,,0,84,,110765,21,,,0,44,,110740,21,,,0,85,,110742,21,,,0,85,,110767,21,,,0,81,,110743,21,,,0
9201,'STMPSu1-Sunday',659,,110788,21,,,0,85,,110773,21,,,0,85,,110778,21,,,0,85,,110783,21,,,0,45,,110789,21,,,0,85,,110774,21,,,0,88,,110779,21,,,0,85,,110785,21,,,0,85,,110790,21,,,0,45,,110776,21,,,0,85,,110780,21,,,0,85,,110784,21,,,0,85,,110791,21,,,0,45,,110775,21,,,0,85,,110781,21,,,0,83,,110786,21,,,0,44,,110792,21,,,0,85,,110777,21,,,0,85,,110782,21,,,0,85,,110787,21,,,0,42,,110793,21,,,0
9201,'STMPSu2-Sunday',659,,110809,21,,,0,85,,110794,21,,,0,85,,110799,21,,,0,85,,110804,21,,,0,45,,110810,21,,,0,85,,110795,21,,,0,88,,110800,21,,,0,85,,110806,21,,,0,85,,110811,21,,,0,45,,110797,21,,,0,85,,110801,21,,,0,85,,110805,21,,,0,85,,110812,21,,,0,45,,110796,21,,,0,85,,110802,21,,,0,83,,110807,21,,,0,44,,110813,21,,,0,85,,110798,21,,,0,85,,110803,21,,,0,85,,110808,21,,,0,42,,110814,21,,,0
9201,'STMPWeek-Weekday',534,,110820,21,,,0,71,,110826,21,,,0,32,,110844,21,,,0,73,,110832,21,,,0,30,,110848,21,,,0,70,,110836,21,,,0,31,,110821,21,,,0,74,,110827,21,,,0,30,,110845,21,,,0,71,,110833,21,,,0,31,,110840,21,,,0,71,,110837,21,,,0,31,,110822,21,,,0,71,,110828,21,,,0,31,,110846,21,,,0,71,,110834,21,,,0,31,,110831,21,,,0,71,,110838,21,,,0,31,,110823,21,,,0,71,,110829,21,,,0,30,,110847,21,,,0,71,,110835,21,,,0,31,,110825,21,,,0,71,,110839,21,,,0,71,,110824,21,,,0,31,,110830,21,,,0,28,,110815,21,,,0,83,,110817,21,,,0,85,,110842,21,,,0,84,,110841,21,,,0,44,,110816,21,,,0,85,,110818,21,,,0,85,,110843,21,,,0,81,,110819,21,,,0
9201,'STMPar-Weekday',534,,110854,21,,,0,71,,110860,21,,,0,32,,110878,21,,,0,73,,110866,21,,,0,30,,110882,21,,,0,70,,110870,21,,,0,31,,110855,21,,,0,74,,110861,21,,,0,30,,110879,21,,,0,71,,110867,21,,,0,31,,110874,21,,,0,71,,110871,21,,,0,31,,110856,21,,,0,71,,110862,21,,,0,31,,110880,21,,,0,71,,110868,21,,,0,31,,110865,21,,,0,71,,110872,21,,,0,31,,110857,21,,,0,71,,110863,21,,,0,30,,110881,21,,,0,71,,110869,21,,,0,31,,110859,21,,,0,71,,110873,21,,,0,71,,110858,21,,,0,31,,110864,21,,,0,28,,110849,21,,,0,83,,110851,21,,,0,85,,110876,21,,,0,84,,110875,21,,,0,44,,110850,21,,,0,85,,110852,21,,,0,85,,110877,21,,,0,81,,110853,21,,,0
11701,'Weekday',1652,,119288,11,,,0,81,,119286,13,,,0,69,,119287,13,,,0
11701,'STMPSnea-Weekday',1652,,119291,11,,,0,81,,119289,13,,,0,69,,119290,13,,,0
11701,'STMPWeek-Weekday',1652,,119294,11,,,0,81,,119292,13,,,0,69,,119293,13,,,0
11701,'STMPar-Weekday',1652,,119297,11,,,0,81,,119295,13,,,0,69,,119296,13,,,0
15101,'Weekday',1707,,128413,11,,,0,43,,128412,17,,,0
15101,'STMPSnea-Weekday',1707,,128415,11,,,0,43,,128414,17,,,0
15101,'STMPWeek-Weekday',1707,,128417,11,,,0,43,,128416,17,,,0
15101,'STMPar-Weekday',1707,,128419,11,,,0,43,,128418,17,,,0
