7600,'Saturday',611,,64789,,,0,30,,64809,,,0,80,,64798,,,0,80,,64804,,,0,40,,64792,,,0,80,,64810,,,0,80,,64797,,,0,40,,64790,,,0,80,,64793,,,0,80,,64811,,,0,41,,64800,,,0,80,,64805,,,0,80,,64791,,,0,40,,64812,,,0,80,,64799,,,0,80,,64806,,,0,40,,64795,,,0,80,,64813,,,0,80,,64801,,,0,39,,64807,,,0,79,,64796,,,0,80,,64815,,,0,40,,64803,,,0,80,,64808,,,0,80,,64794,,,0,40,,64814,,,0,80,,64802,,,0,80,,64816,,,0
7600,'Sunday',611,,64819,,,0,30,,64827,,,0,80,,64838,,,0,80,,64820,,,0,40,,64828,,,0,80,,64836,,,0,80,,64821,,,0,40,,64829,,,0,80,,64837,,,0,80,,64822,,,0,41,,64830,,,0,80,,64839,,,0,80,,64823,,,0,40,,64832,,,0,80,,64841,,,0,80,,64824,,,0,40,,64831,,,0,80,,64840,,,0,80,,64825,,,0,39,,64833,,,0,79,,64842,,,0,80,,64826,,,0,40,,64834,,,0,80,,64817,,,0,80,,64843,,,0,40,,64835,,,0,80,,64818,,,0,80,,64844,,,0
7600,'Weekday',531,,64845,,,0,70,,64857,,,0,30,,64848,,,0,72,,64874,,,0,30,,64866,,,0,10,,64886,,,0,60,,64858,,,0,30,,64846,,,0,9,,64885,,,0,61,,64875,,,0,27,,64867,,,0,70,,64859,,,0,30,,64847,,,0,70,,64876,,,0,30,,64868,,,0,70,,64860,,,0,30,,64849,,,0,70,,64877,,,0,30,,64869,,,0,70,,64861,,,0,30,,64850,,,0,70,,64878,,,0,31,,64870,,,0,70,,64862,,,0,30,,64851,,,0,70,,64879,,,0,30,,64871,,,0,70,,64863,,,0,30,,64852,,,0,69,,64880,,,0,30,,64872,,,0,70,,64864,,,0,30,,64853,,,0,70,,64881,,,0,30,,64873,,,0,70,,64865,,,0,30,,64854,,,0,70,,64882,,,0,30,,64855,,,0,70,,64884,,,0,30,,64856,,,0,78,,64883,,,0
7600,'1CCSDCUT-Weekday',531,,64887,,,0,70,,64899,,,0,30,,64890,,,0,72,,64916,,,0,30,,64908,,,0,10,,64928,,,0,60,,64900,,,0,30,,64888,,,0,9,,64927,,,0,61,,64917,,,0,27,,64909,,,0,70,,64901,,,0,30,,64889,,,0,70,,64918,,,0,30,,64910,,,0,70,,64902,,,0,30,,64891,,,0,70,,64919,,,0,30,,64911,,,0,70,,64903,,,0,30,,64892,,,0,70,,64920,,,0,31,,64912,,,0,70,,64904,,,0,30,,64893,,,0,70,,64921,,,0,30,,64913,,,0,70,,64905,,,0,30,,64894,,,0,69,,64922,,,0,30,,64914,,,0,70,,64906,,,0,30,,64895,,,0,70,,64923,,,0,30,,64915,,,0,70,,64907,,,0,30,,64896,,,0,70,,64924,,,0,30,,64897,,,0,70,,64926,,,0,30,,64898,,,0,78,,64925,,,0
7600,'1PUBCUT-Weekday',531,,64929,,,0,70,,64941,,,0,30,,64932,,,0,72,,64958,,,0,30,,64950,,,0,70,,64942,,,0,30,,64930,,,0,70,,64959,,,0,27,,64951,,,0,70,,64943,,,0,30,,64931,,,0,70,,64960,,,0,30,,64952,,,0,70,,64944,,,0,30,,64933,,,0,70,,64961,,,0,30,,64953,,,0,70,,64945,,,0,30,,64934,,,0,70,,64962,,,0,31,,64954,,,0,70,,64946,,,0,30,,64935,,,0,70,,64963,,,0,30,,64955,,,0,70,,64947,,,0,30,,64936,,,0,69,,64964,,,0,30,,64956,,,0,70,,64948,,,0,30,,64937,,,0,70,,64965,,,0,30,,64957,,,0,70,,64949,,,0,30,,64938,,,0,70,,64966,,,0,30,,64939,,,0,70,,64968,,,0,30,,64940,,,0,78,,64967,,,0
9700,'Saturday',616,,70343,,,0,30,,70317,,,0,80,,70334,,,0,80,,70327,,,0,40,,70318,,,0,80,,70335,,,0,80,,70326,,,0,40,,70319,,,0,80,,70336,,,0,80,,70328,,,0,41,,70320,,,0,80,,70337,,,0,80,,70329,,,0,40,,70321,,,0,80,,70338,,,0,80,,70330,,,0,40,,70322,,,0,80,,70339,,,0,80,,70331,,,0,40,,70323,,,0,80,,70340,,,0,80,,70332,,,0,40,,70324,,,0,80,,70341,,,0,80,,70333,,,0,40,,70325,,,0,80,,70342,,,0
9700,'Sunday',616,,70370,,,0,30,,70344,,,0,80,,70361,,,0,80,,70353,,,0,40,,70345,,,0,80,,70362,,,0,80,,70354,,,0,40,,70346,,,0,80,,70363,,,0,80,,70355,,,0,41,,70348,,,0,80,,70364,,,0,80,,70356,,,0,40,,70347,,,0,80,,70365,,,0,80,,70357,,,0,40,,70349,,,0,80,,70366,,,0,80,,70358,,,0,40,,70350,,,0,80,,70367,,,0,80,,70359,,,0,40,,70351,,,0,80,,70368,,,0,80,,70360,,,0,40,,70352,,,0,80,,70369,,,0
9700,'Weekday',543,,70383,,,0,66,,70371,,,0,30,,70390,,,0,70,,70402,,,0,30,,70384,,,0,70,,70372,,,0,30,,70391,,,0,70,,70403,,,0,30,,70385,,,0,70,,70373,,,0,30,,70392,,,0,70,,70404,,,0,30,,70386,,,0,70,,70374,,,0,30,,70393,,,0,70,,70405,,,0,30,,70387,,,0,70,,70375,,,0,30,,70394,,,0,70,,70406,,,0,30,,70388,,,0,70,,70376,,,0,30,,70395,,,0,70,,70407,,,0,30,,70389,,,0,70,,70377,,,0,30,,70396,,,0,70,,70378,,,0,30,,70397,,,0,70,,70379,,,0,30,,70398,,,0,70,,70381,,,0,30,,70399,,,0,70,,70380,,,0,30,,70400,,,0,70,,70382,,,0,26,,70401,,,0
9700,'1CCSDCUT-Weekday',543,,70420,,,0,66,,70408,,,0,30,,70427,,,0,70,,70439,,,0,30,,70421,,,0,70,,70409,,,0,30,,70428,,,0,70,,70440,,,0,30,,70422,,,0,70,,70410,,,0,30,,70429,,,0,70,,70441,,,0,30,,70423,,,0,70,,70411,,,0,30,,70430,,,0,70,,70442,,,0,30,,70424,,,0,70,,70412,,,0,30,,70431,,,0,70,,70443,,,0,30,,70425,,,0,70,,70413,,,0,30,,70432,,,0,70,,70444,,,0,30,,70426,,,0,70,,70414,,,0,30,,70433,,,0,70,,70415,,,0,30,,70434,,,0,70,,70416,,,0,30,,70435,,,0,70,,70418,,,0,30,,70436,,,0,70,,70417,,,0,30,,70437,,,0,70,,70419,,,0,26,,70438,,,0
9700,'1PUBCUT-Weekday',543,,70457,,,0,66,,70445,,,0,30,,70464,,,0,70,,70476,,,0,30,,70458,,,0,70,,70446,,,0,30,,70465,,,0,70,,70477,,,0,30,,70459,,,0,70,,70447,,,0,30,,70466,,,0,70,,70478,,,0,30,,70460,,,0,70,,70448,,,0,30,,70467,,,0,70,,70479,,,0,30,,70461,,,0,70,,70449,,,0,30,,70468,,,0,70,,70480,,,0,30,,70462,,,0,70,,70450,,,0,30,,70469,,,0,70,,70481,,,0,30,,70463,,,0,70,,70451,,,0,30,,70470,,,0,70,,70452,,,0,30,,70471,,,0,70,,70453,,,0,30,,70472,,,0,70,,70455,,,0,30,,70473,,,0,70,,70454,,,0,30,,70474,,,0,70,,70456,,,0,26,,70475,,,0
11300,'Weekday',557,,73618,,,0,70,,73610,,,0,32,,73620,,,0,72,,73611,,,0,72,,73621,,,0,32,,73612,,,0,72,,73622,,,0,32,,73613,,,0,72,,73623,,,0,32,,73614,,,0,72,,73624,,,0,32,,73615,,,0,72,,73625,,,0,32,,73616,,,0,72,,73626,,,0,32,,73617,,,0,72,,73627,,,0,32,,73619,,,0,73,,73628,,,0,72,,73636,,,0,32,,73629,,,0,72,,73637,,,0,32,,73630,,,0,72,,73638,,,0,30,,73631,,,0,72,,73639,,,0,32,,73632,,,0,72,,73640,,,0,32,,73633,,,0,72,,73641,,,0,32,,73634,,,0,72,,73642,,,0,32,,73635,,,0,72,,73643,,,0
11300,'1CCSDCUT-Weekday',557,,73652,,,0,70,,73644,,,0,32,,73654,,,0,72,,73645,,,0,72,,73655,,,0,32,,73646,,,0,72,,73656,,,0,32,,73647,,,0,72,,73657,,,0,32,,73648,,,0,72,,73658,,,0,32,,73649,,,0,72,,73659,,,0,32,,73650,,,0,72,,73660,,,0,32,,73651,,,0,72,,73661,,,0,32,,73653,,,0,73,,73662,,,0,72,,73670,,,0,32,,73663,,,0,72,,73671,,,0,32,,73664,,,0,72,,73672,,,0,30,,73665,,,0,72,,73673,,,0,32,,73666,,,0,72,,73674,,,0,32,,73667,,,0,72,,73675,,,0,32,,73668,,,0,72,,73676,,,0,32,,73669,,,0,72,,73677,,,0
11300,'1PUBCUT-Weekday',557,,73686,,,0,70,,73678,,,0,32,,73688,,,0,72,,73679,,,0,72,,73689,,,0,32,,73680,,,0,72,,73690,,,0,32,,73681,,,0,72,,73691,,,0,32,,73682,,,0,72,,73692,,,0,32,,73683,,,0,72,,73693,,,0,32,,73684,,,0,72,,73694,,,0,32,,73685,,,0,72,,73695,,,0,32,,73687,,,0,73,,73696,,,0,72,,73704,,,0,32,,73697,,,0,72,,73705,,,0,32,,73698,,,0,72,,73706,,,0,30,,73699,,,0,72,,73707,,,0,32,,73700,,,0,72,,73708,,,0,32,,73701,,,0,72,,73709,,,0,32,,73702,,,0,72,,73710,,,0,32,,73703,,,0,72,,73711,,,0
42200,'Saturday',649,,88311,,,0,100,,88312,,,0,100,,88313,,,0,100,,88314,,,0,100,,88315,,,0,100,,88316,,,0,101,,88317,,,0,100,,88319,,,0,100,,88318,,,0,100,,88320,,,0,100,,88321,,,0,100,,88322,,,0,99,,88323,,,0
42200,'Sunday',649,,88324,,,0,100,,88325,,,0,100,,88326,,,0,100,,88327,,,0,100,,88328,,,0,100,,88329,,,0,101,,88330,,,0,100,,88331,,,0,100,,88332,,,0,100,,88333,,,0,100,,88334,,,0,100,,88335,,,0,99,,88336,,,0
42200,'Weekday',649,,88337,,,0,70,,88355,,,0,30,,88338,,,0,70,,88359,,,0,30,,88339,,,0,69,,88360,,,0,30,,88340,,,0,70,,88357,,,0,30,,88341,,,0,70,,88358,,,0,30,,88342,,,0,70,,88361,,,0,30,,88343,,,0,70,,88354,,,0,30,,88344,,,0,70,,88363,,,0,30,,88345,,,0,80,,88362,,,0,21,,88346,,,0,70,,88356,,,0,30,,88348,,,0,70,,88364,,,0,30,,88347,,,0,70,,88353,,,0,29,,88351,,,0,99,,88350,,,0,100,,88349,,,0,100,,88352,,,0
42200,'1CCSDCUT-Weekday',649,,88365,,,0,70,,88383,,,0,30,,88366,,,0,70,,88387,,,0,30,,88367,,,0,69,,88388,,,0,30,,88368,,,0,70,,88385,,,0,30,,88369,,,0,70,,88386,,,0,30,,88370,,,0,70,,88389,,,0,30,,88371,,,0,70,,88382,,,0,30,,88372,,,0,70,,88391,,,0,30,,88373,,,0,80,,88390,,,0,21,,88374,,,0,70,,88384,,,0,30,,88376,,,0,70,,88392,,,0,30,,88375,,,0,70,,88381,,,0,29,,88379,,,0,99,,88378,,,0,100,,88377,,,0,100,,88380,,,0
42200,'1PUBCUT-Weekday',649,,88393,,,0,70,,88411,,,0,30,,88394,,,0,70,,88415,,,0,30,,88395,,,0,69,,88416,,,0,30,,88396,,,0,70,,88413,,,0,30,,88397,,,0,70,,88414,,,0,30,,88398,,,0,70,,88417,,,0,30,,88399,,,0,70,,88410,,,0,30,,88400,,,0,70,,88419,,,0,30,,88401,,,0,80,,88418,,,0,21,,88402,,,0,70,,88412,,,0,30,,88404,,,0,70,,88420,,,0,30,,88403,,,0,70,,88409,,,0,29,,88407,,,0,99,,88406,,,0,100,,88405,,,0,100,,88408,,,0
