3600,'Saturday',601,,35124,8,,,0,45,,35128,8,,,0,85,,35131,8,,,0,85,,35133,8,,,0,85,,35125,8,,,0,45,,35129,8,,,0,85,,35130,8,,,0,85,,35132,8,,,0,85,,35112,8,,,0,45,,35113,8,,,0,85,,35114,8,,,0,85,,35115,8,,,0,85,,35116,8,,,0,45,,35117,8,,,0,85,,35118,8,,,0,85,,35119,8,,,0,85,,35120,8,,,0,45,,35121,8,,,0,85,,35126,8,,,0,85,,35122,8,,,0,85,,35123,8,,,0,45,,35127,8,,,0,85,,35135,8,,,0,85,,35134,8,,,0
3600,'Sunday',731,,35149,8,,,0,85,,35151,8,,,0,85,,35147,8,,,0,45,,35146,8,,,0,85,,35148,8,,,0,85,,35150,8,,,0,85,,35137,8,,,0,45,,35136,8,,,0,85,,35138,8,,,0,85,,35139,8,,,0,85,,35140,8,,,0,45,,35141,8,,,0,85,,35142,8,,,0,85,,35143,8,,,0,85,,35144,8,,,0,45,,35145,8,,,0,85,,35152,8,,,0,85,,35154,8,,,0,85,,35155,8,,,0,45,,35157,8,,,0,85,,35156,8,,,0,85,,35153,8,,,0
3600,'Weekday',514,,35158,5,,,0,112,,35169,8,,,0,75,,35170,8,,,0,35,,35171,8,,,0,75,,35172,8,,,0,35,,35173,8,,,0,74,,35175,8,,,0,35,,35174,8,,,0,75,,35179,8,,,0,75,,35176,8,,,0,35,,35177,8,,,0,75,,35178,8,,,0,35,,35180,8,,,0,75,,35181,8,,,0,75,,35182,8,,,0,35,,35183,8,,,0,75,,35184,8,,,0,37,,35185,8,,,0,75,,35186,8,,,0,35,,35187,8,,,0,74,,35188,8,,,0,73,,35160,8,,,0,35,,35161,8,,,0,73,,35159,8,,,0,32,,35162,8,,,0,81,,35163,8,,,0,81,,35164,8,,,0,41,,35165,8,,,0,81,,35166,8,,,0,81,,35167,8,,,0,41,,35168,8,0,88,0
3600,'1CCSDCUT-Weekday',514,,35189,5,,,0,112,,35200,8,,,0,75,,35201,8,,,0,35,,35202,8,,,0,75,,35203,8,,,0,35,,35204,8,,,0,74,,35206,8,,,0,35,,35205,8,,,0,75,,35210,8,,,0,75,,35207,8,,,0,35,,35208,8,,,0,75,,35209,8,,,0,35,,35211,8,,,0,75,,35212,8,,,0,75,,35213,8,,,0,35,,35214,8,,,0,75,,35215,8,,,0,37,,35216,8,,,0,75,,35217,8,,,0,35,,35218,8,,,0,74,,35219,8,,,0,73,,35191,8,,,0,35,,35192,8,,,0,73,,35190,8,,,0,32,,35193,8,,,0,81,,35194,8,,,0,81,,35195,8,,,0,41,,35196,8,,,0,81,,35197,8,,,0,81,,35198,8,,,0,41,,35199,8,0,88,0
3600,'1PUBCUT-Weekday',514,,35220,5,,,0,112,,35231,8,,,0,75,,35232,8,,,0,35,,35233,8,,,0,75,,35234,8,,,0,35,,35235,8,,,0,74,,35237,8,,,0,35,,35236,8,,,0,75,,35241,8,,,0,75,,35238,8,,,0,35,,35239,8,,,0,75,,35240,8,,,0,35,,35242,8,,,0,75,,35243,8,,,0,75,,35244,8,,,0,35,,35245,8,,,0,75,,35246,8,,,0,37,,35247,8,,,0,75,,35248,8,,,0,35,,35249,8,,,0,74,,35250,8,,,0,73,,35222,8,,,0,35,,35223,8,,,0,73,,35221,8,,,0,32,,35224,8,,,0,81,,35225,8,,,0,81,,35226,8,,,0,41,,35227,8,,,0,81,,35228,8,,,0,81,,35229,8,,,0,41,,35230,8,0,88,0
4100,'Saturday',556,,36781,5,,,0,83,,36780,31,,,0,85,,36778,31,,,0,85,,36763,31,,,0,45,,36764,31,,,0,85,,36765,31,,,0,85,,36766,31,,,0,85,,36767,31,,,0,47,,36768,31,,,0,85,,36769,31,,,0,85,,36770,31,,,0,85,,36771,31,,,0,45,,36772,31,,,0,85,,36774,31,,,0,85,,36775,31,,,0,85,,36776,31,,,0,45,,36773,31,,,0,85,,36777,31,,,0,83,,36779,31,,,0
4100,'Weekday',551,,36782,5,,,0,75,,36785,31,,,0,76,,36786,31,,,0,35,,36787,31,,,0,75,,36788,31,,,0,37,,36789,31,,,0,72,,36793,31,,,0,35,,36791,31,,,0,75,,36794,31,,,0,75,,36792,31,,,0,35,,36790,31,,,0,75,,36796,31,,,0,35,,36795,31,,,0,75,,36799,31,,,0,75,,36797,31,,,0,35,,36798,31,,,0,76,,36800,31,,,0,36,,36801,31,,,0,74,,36802,31,,,0,35,,36803,31,,,0,73,,36804,31,,,0,75,,36805,31,,,0,36,,36783,31,,,0,72,,36784,31,,,0
4100,'Weekday0000100',1243,,36806,18,,,0
4100,'Weekday1111000',1503,,36807,18,,,0
4100,'1CCSDCUT-Weekday',551,,36808,5,,,0,75,,36811,31,,,0,76,,36812,31,,,0,35,,36813,31,,,0,75,,36814,31,,,0,37,,36815,31,,,0,72,,36819,31,,,0,35,,36817,31,,,0,75,,36820,31,,,0,75,,36818,31,,,0,35,,36816,31,,,0,75,,36822,31,,,0,35,,36821,31,,,0,75,,36825,31,,,0,75,,36823,31,,,0,35,,36824,31,,,0,76,,36826,31,,,0,36,,36827,31,,,0,74,,36828,31,,,0,35,,36829,31,,,0,73,,36830,31,,,0,75,,36831,31,,,0,36,,36809,31,,,0,72,,36810,31,,,0
4100,'1CCSDCUT-Weekday0000100',1243,,36832,18,,,0
4100,'1CCSDCUT-Weekday1111000',1503,,36833,18,,,0
4100,'1PUBCUT-Weekday',551,,36834,5,,,0,75,,36837,31,,,0,76,,36838,31,,,0,35,,36839,31,,,0,75,,36840,31,,,0,37,,36841,31,,,0,72,,36845,31,,,0,35,,36843,31,,,0,75,,36846,31,,,0,75,,36844,31,,,0,35,,36842,31,,,0,75,,36848,31,,,0,35,,36847,31,,,0,75,,36851,31,,,0,75,,36849,31,,,0,35,,36850,31,,,0,76,,36852,31,,,0,36,,36853,31,,,0,74,,36854,31,,,0,35,,36855,31,,,0,73,,36856,31,,,0,75,,36857,31,,,0,36,,36835,31,,,0,72,,36836,31,,,0
77901,'Weekday',817,,68773,28,0,95 96 1 97 1 94,0
77901,'1CCSDCUT-Weekday',817,,68775,28,0,95 96 1 97 1 94,0
85300,'Weekday',1552,,69044,6,0,12 93 94,0
85300,'1PUBCUT-Weekday',1552,,69045,6,0,12 93 94,0
85301,'Weekday',822,,69046,4,0,12 93 94,0
85301,'1PUBCUT-Weekday',822,,69047,4,0,12 93 94,0
