3800,'Saturday',504,,56098,,,0,28,,56108,,,0,68,,56119,,,0,23,,56128,,,0,22,,56135,,,0,61,,56099,,,0,22,,56109,,,0,24,,56118,,,0,63,,56130,,,0,21,,56136,,,0,21,,56100,,,0,62,,56110,,,0,30,,56120,,,0,64,,56129,,,0,21,,56137,,,0,21,,56101,,,0,62,,56111,,,0,20,,56145,,,0,20,,56121,,,0,62,,56131,,,0,23,,56139,,,0,63,,56103,,,0,23,,56112,,,0,22,,56146,,,0,61,,56122,,,0,22,,56132,,,0,23,,56138,,,0,63,,56102,,,0,23,,56113,,,0,61,,56147,,,0,21,,56123,,,0,22,,56133,,,0,62,,56140,,,0,22,,56104,,,0,22,,56114,,,0,62,,56148,,,0,21,,56124,,,0,21,,56134,,,0,60,,56141,,,0,20,,56105,,,0,23,,56115,,,0,64,,56149,,,0,24,,56125,,,0,64,,56142,,,0,24,,56106,,,0,24,,56116,,,0,64,,56150,,,0,24,,56126,,,0,64,,56143,,,0,24,,56107,,,0,24,,56117,,,0,64,,56151,,,0,24,,56127,,,0,64,,56144,,,0
3800,'Sunday',504,,56153,,,0,28,,56180,,,0,68,,56163,,,0,23,,56173,,,0,22,,56190,,,0,61,,56154,,,0,22,,56181,,,0,24,,56164,,,0,63,,56174,,,0,21,,56191,,,0,21,,56155,,,0,62,,56182,,,0,30,,56165,,,0,64,,56175,,,0,21,,56193,,,0,21,,56156,,,0,62,,56183,,,0,20,,56201,,,0,20,,56166,,,0,62,,56177,,,0,23,,56192,,,0,63,,56157,,,0,23,,56185,,,0,22,,56202,,,0,61,,56167,,,0,22,,56176,,,0,23,,56194,,,0,63,,56158,,,0,23,,56184,,,0,61,,56203,,,0,21,,56168,,,0,22,,56178,,,0,62,,56195,,,0,22,,56160,,,0,22,,56186,,,0,62,,56204,,,0,21,,56169,,,0,21,,56179,,,0,60,,56196,,,0,20,,56159,,,0,23,,56187,,,0,64,,56205,,,0,24,,56170,,,0,64,,56197,,,0,24,,56161,,,0,24,,56188,,,0,64,,56206,,,0,24,,56171,,,0,64,,56198,,,0,24,,56162,,,0,24,,56189,,,0,64,,56207,,,0,24,,56172,,,0,64,,56199,,,0
3800,'Weekday',450,,56221,,,0,54,,56228,,,0,14,,56229,,,0,13,,56230,,,0,14,,56231,,,0,55,,56233,,,0,14,,56235,,,0,14,,56236,,,0,14,,56232,,,0,13,,56237,,,0,54,,56234,,,0,15,,56238,,,0,15,,56239,,,0,12,,56241,,,0,53,,56242,,,0,14,,56243,,,0,15,,56240,,,0,15,,56244,,,0,55,,56245,,,0,10,,56225,0,121 47,0,6,,56246,,,0,17,,56248,,,0,19,,56216,,,0,55,,56213,,,0,18,,56210,,,0,18,,56226,,,0,58,,56222,,,0,18,,56208,,,0,20,,56219,,,0,58,,56217,,,0,17,,56214,,,0,17,,56211,,,0,19,,56223,,,0,58,,56227,,,0,17,,56209,,,0,18,,56220,,,0,58,,56218,,,0,16,,56215,,,0,16,,56212,,,0,13,,56224,,,0,55,,56249,,,0,16,,56264,,,0,16,,56250,,,0,15,,56247,,,0,55,,56253,,,0,15,,56252,,,0,13,,56254,,,0,15,,56251,,,0,55,,56256,,,0,15,,56255,,,0,15,,56257,,,0,15,,56258,,,0,54,,56260,,,0,15,,56259,,,0,14,,56262,,,0,14,,56261,,,0,55,,56263,,,0,24,,56265,,,0,24,,56266,,,0,64,,56267,,,0,22,,56268,,,0,23,,56269,,,0,63,,56270,,,0,24,,56271,,,0,64,,56272,,,0,24,,56273,,,0,23,,56274,,,0,63,,56275,,,0,23,,56276,,,0,64,,56277,,,0,24,,56278,,,0,23,,56279,,,0,62,,56280,,,0,22,,56281,,,0
3800,'Weekday0000100',931,,56284,0,121 47,0,484,,56282,,,0,42,,56283,,,0
3800,'Weekday1111000',908,,56287,0,121 47,0,648,,56288,,,0,45,,56286,,,0,2,,56285,,,0
3800,'1CCSDCUT-Weekday',450,,56302,,,0,54,,56309,,,0,14,,56310,,,0,13,,56311,,,0,14,,56312,,,0,55,,56314,,,0,14,,56316,,,0,14,,56317,,,0,14,,56313,,,0,13,,56318,,,0,54,,56315,,,0,15,,56319,,,0,15,,56320,,,0,12,,56322,,,0,53,,56323,,,0,14,,56324,,,0,15,,56321,,,0,15,,56325,,,0,55,,56326,,,0,10,,56306,0,121 47,0,6,,56327,,,0,17,,56329,,,0,19,,56297,,,0,55,,56294,,,0,18,,56291,,,0,18,,56307,,,0,58,,56303,,,0,18,,56289,,,0,20,,56300,,,0,58,,56298,,,0,17,,56295,,,0,17,,56292,,,0,19,,56304,,,0,58,,56308,,,0,17,,56290,,,0,18,,56301,,,0,58,,56299,,,0,16,,56296,,,0,16,,56293,,,0,13,,56305,,,0,55,,56330,,,0,16,,56345,,,0,16,,56331,,,0,15,,56328,,,0,55,,56334,,,0,15,,56333,,,0,13,,56335,,,0,15,,56332,,,0,55,,56337,,,0,15,,56336,,,0,15,,56338,,,0,15,,56339,,,0,54,,56341,,,0,15,,56340,,,0,14,,56343,,,0,14,,56342,,,0,55,,56344,,,0,24,,56346,,,0,24,,56347,,,0,64,,56348,,,0,22,,56349,,,0,23,,56350,,,0,63,,56351,,,0,24,,56352,,,0,64,,56353,,,0,24,,56354,,,0,23,,56355,,,0,63,,56356,,,0,23,,56357,,,0,64,,56358,,,0,24,,56359,,,0,23,,56360,,,0,62,,56361,,,0,22,,56362,,,0
3800,'1CCSDCUT-Weekday0000100',1415,,56363,,,0
3800,'1CCSDCUT-Weekday1111000',908,,56366,0,121 47,0,648,,56367,,,0,45,,56365,,,0,2,,56364,,,0
3800,'1PUBCUT-Weekday',450,,56381,,,0,54,,56388,,,0,14,,56389,,,0,13,,56390,,,0,14,,56391,,,0,55,,56393,,,0,14,,56395,,,0,14,,56396,,,0,14,,56392,,,0,13,,56397,,,0,54,,56394,,,0,15,,56398,,,0,15,,56399,,,0,12,,56401,,,0,53,,56402,,,0,14,,56403,,,0,15,,56400,,,0,15,,56404,,,0,55,,56405,,,0,10,,56385,0,121 47,0,6,,56406,,,0,17,,56408,,,0,19,,56376,,,0,55,,56373,,,0,18,,56370,,,0,18,,56386,,,0,58,,56382,,,0,18,,56368,,,0,20,,56379,,,0,58,,56377,,,0,17,,56374,,,0,17,,56371,,,0,19,,56383,,,0,58,,56387,,,0,17,,56369,,,0,18,,56380,,,0,58,,56378,,,0,16,,56375,,,0,16,,56372,,,0,13,,56384,,,0,55,,56409,,,0,16,,56424,,,0,16,,56410,,,0,15,,56407,,,0,55,,56413,,,0,15,,56412,,,0,13,,56414,,,0,15,,56411,,,0,55,,56416,,,0,15,,56415,,,0,15,,56417,,,0,15,,56418,,,0,54,,56420,,,0,15,,56419,,,0,14,,56422,,,0,14,,56421,,,0,55,,56423,,,0,24,,56425,,,0,24,,56426,,,0,64,,56427,,,0,22,,56428,,,0,23,,56429,,,0,63,,56430,,,0,24,,56431,,,0,64,,56432,,,0,24,,56433,,,0,23,,56434,,,0,63,,56435,,,0,23,,56436,,,0,64,,56437,,,0,24,,56438,,,0,23,,56439,,,0,62,,56440,,,0,22,,56441,,,0
3800,'1PUBCUT-Weekday0000100',931,,56443,0,121 47,0,526,,56442,,,0
3800,'1PUBCUT-Weekday1111000',908,,56444,0,121 47,0,648,,56445,,,0
