10800,'Saturday',711,,73005,,,0,44,,73015,,,0,85,,73006,,,0,85,,73016,,,0,85,,73007,,,0,45,,73017,,,0,85,,73009,,,0,77,,73018,,,0,85,,73008,,,0,45,,73019,,,0,85,,73011,,,0,85,,73021,,,0,85,,73010,,,0,45,,73020,,,0,85,,73013,,,0,85,,73022,,,0,85,,73012,,,0,45,,73023,,,0,85,,73014,,,0,85,,73024,,,0,85,,73025,,,0,45,,73004,,,0
10800,'Sunday',711,,73026,,,0,44,,73038,,,0,85,,73029,,,0,85,,73039,,,0,85,,73031,,,0,45,,73040,,,0,85,,73030,,,0,77,,73041,,,0,85,,73032,,,0,45,,73042,,,0,85,,73033,,,0,85,,73043,,,0,85,,73034,,,0,45,,73044,,,0,85,,73036,,,0,85,,73045,,,0,85,,73035,,,0,45,,73046,,,0,85,,73037,,,0,85,,73028,,,0,85,,73047,,,0,45,,73027,,,0
10800,'Weekday',528,,73048,,,0,30,,73053,,,0,70,,73051,,,0,30,,73054,,,0,70,,73055,,,0,30,,73056,,,0,70,,73057,,,0,30,,73058,,,0,70,,73060,,,0,30,,73061,,,0,70,,73062,,,0,30,,73059,,,0,70,,73063,,,0,30,,73064,,,0,70,,73065,,,0,30,,73066,,,0,70,,73069,,,0,30,,73070,,,0,70,,73067,,,0,30,,73068,,,0,70,,73071,,,0,30,,73072,,,0,70,,73073,,,0,30,,73074,,,0,70,,73075,,,0,30,,73076,,,0,70,,73077,,,0,30,,73078,,,0,70,,73079,,,0,30,,73080,,,0,70,,73081,,,0,30,,73082,,,0,70,,73083,,,0,30,,73084,,,0,70,,73085,,,0,30,,73052,,,0,70,,73050,,,0,30,,73049,,,0
10800,'1CCSDCUT-Weekday',528,,73086,,,0,30,,73091,,,0,70,,73089,,,0,30,,73092,,,0,70,,73093,,,0,30,,73094,,,0,70,,73095,,,0,30,,73096,,,0,70,,73098,,,0,30,,73099,,,0,70,,73100,,,0,30,,73097,,,0,70,,73101,,,0,30,,73102,,,0,70,,73103,,,0,30,,73104,,,0,70,,73107,,,0,30,,73108,,,0,70,,73105,,,0,30,,73106,,,0,70,,73109,,,0,30,,73110,,,0,70,,73111,,,0,30,,73112,,,0,70,,73113,,,0,30,,73114,,,0,70,,73115,,,0,30,,73116,,,0,70,,73117,,,0,30,,73118,,,0,70,,73119,,,0,30,,73120,,,0,70,,73121,,,0,30,,73122,,,0,70,,73123,,,0,30,,73090,,,0,70,,73088,,,0,30,,73087,,,0
10800,'1PUBCUT-Weekday',528,,73124,,,0,30,,73129,,,0,70,,73127,,,0,30,,73130,,,0,70,,73131,,,0,30,,73132,,,0,70,,73133,,,0,30,,73134,,,0,70,,73136,,,0,30,,73137,,,0,70,,73138,,,0,30,,73135,,,0,70,,73139,,,0,30,,73140,,,0,70,,73141,,,0,30,,73142,,,0,70,,73145,,,0,30,,73146,,,0,70,,73143,,,0,30,,73144,,,0,70,,73147,,,0,30,,73148,,,0,70,,73149,,,0,30,,73150,,,0,70,,73151,,,0,30,,73152,,,0,70,,73153,,,0,30,,73154,,,0,70,,73155,,,0,30,,73156,,,0,70,,73157,,,0,30,,73158,,,0,70,,73159,,,0,30,,73160,,,0,70,,73161,,,0,30,,73128,,,0,70,,73126,,,0,30,,73125,,,0
72100,'Weekday',822,,88780,0,140 1 165 31 1 166,0
72100,'1CCSDCUT-Weekday',822,,88781,0,140 1 165 31 1 166,0
89600,'Weekday',753,,89467,0,167 1 165 31 1 166,0
89600,'1PUBCUT-Weekday',753,,89468,0,167 1 165 31 1 166,0
89601,'Weekday',1528,,89469,0,167 1 165 31 1 166,0
89601,'1PUBCUT-Weekday',1528,,89470,0,167 1 165 31 1 166,0
