1901,'Saturday',656,,148796,57,,,0,75,,148788,57,,,0,75,,148804,57,,,0,35,,148812,57,,,0,75,,148797,57,,,0,35,,148789,57,,,0,75,,148805,57,,,0,75,,148813,57,,,0,35,,148798,57,,,0,75,,148790,57,,,0,35,,148806,57,,,0,74,,148814,57,,,0,35,,148799,57,,,0,68,,148791,57,,,0,24,,148819,57,,,0,68,,148808,57,,,0,28,,148815,57,,,0,68,,148800,57,,,0,28,,148792,57,,,0,68,,148820,57,,,0,28,,148807,57,,,0,68,,148816,57,,,0,28,,148801,57,,,0,28,,148793,57,,,0,68,,148821,57,,,0,23,,148810,57,,,0,73,,148818,57,,,0,35,,148802,57,,,0,75,,148794,57,,,0,75,,148811,57,,,0,35,,148817,57,,,0,75,,148803,57,,,0,35,,148795,57,,,0
1901,'Sunday',656,,148830,57,,,0,75,,148822,57,,,0,75,,148838,57,,,0,35,,148845,57,,,0,75,,148831,57,,,0,35,,148823,57,,,0,75,,148839,57,,,0,75,,148847,57,,,0,35,,148832,57,,,0,75,,148824,57,,,0,35,,148840,57,,,0,74,,148849,57,,,0,35,,148834,57,,,0,68,,148825,57,,,0,24,,148853,57,,,0,68,,148841,57,,,0,28,,148848,57,,,0,68,,148836,57,,,0,28,,148826,57,,,0,68,,148854,57,,,0,28,,148842,57,,,0,68,,148850,57,,,0,28,,148835,57,,,0,28,,148827,57,,,0,68,,148855,57,,,0,23,,148843,57,,,0,73,,148851,57,,,0,35,,148833,57,,,0,75,,148828,57,,,0,75,,148844,57,,,0,35,,148852,57,,,0,75,,148837,57,,,0,35,,148829,57,,,0
1901,'Weekday',537,,148889,16,,,0,64,,148856,57,,,0,34,,148864,57,,,0,24,,148872,57,,,0,73,,148880,57,,,0,72,,148890,57,,,0,27,,148857,57,,,0,76,,148865,57,,,0,29,,148873,57,,,0,74,,148881,57,,,0,33,,148891,57,,,0,72,,148858,57,,,0,32,,148866,57,,,0,72,,148874,57,,,0,32,,148882,57,,,0,72,,148892,57,,,0,32,,148859,57,,,0,72,,148867,57,,,0,76,,148875,57,,,0,32,,148884,57,,,0,72,,148893,57,,,0,31,,148860,57,,,0,71,,148868,57,,,0,32,,148876,57,,,0,71,,148883,57,,,0,24,,148894,57,,,0,69,,148861,57,,,0,30,,148869,57,,,0,70,,148877,57,,,0,30,,148885,57,,,0,70,,148896,57,,,0,30,,148862,57,,,0,70,,148870,57,,,0,26,,148878,57,,,0,28,,148886,57,,,0,70,,148895,57,,,0,30,,148863,57,,,0,70,,148871,57,,,0,30,,148879,57,,,0,70,,148887,57,,,0,30,,148888,57,,,0
5300,'Saturday',540,,153289,28,,,0,74,,153315,28,,,0,31,,153290,28,,,0,71,,153318,28,,,0,31,,153291,28,,,0,71,,153295,28,,,0,31,,153306,28,,,0,71,,153296,28,,,0,31,,153308,28,,,0,71,,153297,28,,,0,31,,153307,28,,,0,71,,153298,28,,,0,31,,153309,28,,,0,71,,153299,28,,,0,31,,153311,28,,,0,71,,153301,28,,,0,31,,153310,28,,,0,71,,153300,28,,,0,71,,153312,28,,,0,31,,153302,28,,,0,71,,153313,28,,,0,31,,153304,28,,,0,71,,153314,28,,,0,31,,153303,28,,,0,72,,153316,28,,,0,30,,153305,28,,,0,71,,153317,28,,,0,31,,153292,28,,,0,71,,153319,28,,,0,31,,153294,28,,,0,71,,153320,28,,,0,31,,153293,28,,,0
5300,'Sunday',645,,153322,28,,,0,71,,153339,28,,,0,31,,153323,28,,,0,71,,153338,28,,,0,31,,153324,28,,,0,71,,153340,28,,,0,31,,153325,28,,,0,71,,153342,28,,,0,31,,153326,28,,,0,71,,153341,28,,,0,31,,153327,28,,,0,71,,153343,28,,,0,31,,153328,28,,,0,71,,153345,28,,,0,31,,153329,28,,,0,71,,153344,28,,,0,71,,153330,28,,,0,31,,153347,28,,,0,71,,153332,28,,,0,31,,153346,28,,,0,71,,153331,28,,,0,31,,153348,28,,,0,72,,153334,28,,,0,30,,153349,28,,,0,71,,153333,28,,,0,31,,153350,28,,,0,71,,153335,28,,,0,31,,153351,28,,,0,71,,153336,28,,,0,31,,153352,28,,,0
5300,'Weekday',524,,153364,28,,,0,76,,153365,28,,,0,36,,153366,28,,,0,77,,153367,28,,,0,38,,153368,28,,,0,76,,153369,28,,,0,76,,153370,28,,,0,33,,153371,28,,,0,76,,153372,28,,,0,36,,153373,28,,,0,77,,153374,28,,,0,76,,153375,28,,,0,36,,153376,28,,,0,77,,153377,28,,,0,35,,153378,28,,,0,76,,153379,28,,,0,76,,153380,28,,,0,38,,153381,28,,,0,76,,153382,28,,,0,36,,153383,28,,,0,76,,153384,28,,,0,76,,153385,28,,,0,36,,153386,28,,,0,76,,153387,28,,,0,33,,153354,28,,,0,75,,153355,28,,,0,36,,153356,28,,,0,76,,153357,28,,,0,76,,153358,28,,,0,36,,153360,28,,,0,76,,153361,28,,,0,36,,153362,28,,,0,80,,153359,28,,,0
6501,'Saturday',638,,154848,2,,,0,83,,154861,2,,,0,80,,154850,2,,,0,40,,154862,2,,,0,80,,154849,2,,,0,80,,154864,2,,,0,40,,154851,2,,,0,80,,154863,2,,,0,80,,154853,2,,,0,40,,154865,2,,,0,80,,154852,2,,,0,80,,154866,2,,,0,40,,154854,2,,,0,80,,154867,2,,,0,80,,154855,2,,,0,40,,154869,2,,,0,80,,154856,2,,,0,80,,154870,2,,,0,40,,154857,2,,,0,80,,154868,2,,,0,80,,154858,2,,,0,40,,154872,2,,,0,80,,154859,2,,,0,80,,154871,2,,,0,40,,154860,2,,,0
6501,'Sunday',638,,154873,2,,,0,83,,154885,2,,,0,80,,154874,2,,,0,40,,154888,2,,,0,80,,154875,2,,,0,80,,154887,2,,,0,40,,154876,2,,,0,80,,154889,2,,,0,80,,154877,2,,,0,40,,154891,2,,,0,80,,154878,2,,,0,80,,154890,2,,,0,40,,154880,2,,,0,80,,154892,2,,,0,80,,154879,2,,,0,40,,154894,2,,,0,80,,154881,2,,,0,80,,154893,2,,,0,40,,154882,2,,,0,80,,154895,2,,,0,80,,154883,2,,,0,40,,154897,2,,,0,80,,154884,2,,,0,80,,154896,2,,,0,40,,154886,2,,,0
6501,'Weekday',506,,154923,2,,,0,18,,154898,2,,,0,24,,154911,2,,,0,64,,154901,2,,,0,24,,154925,2,,,0,64,,154899,2,,,0,24,,154912,2,,,0,24,,154903,2,,,0,64,,154924,2,,,0,24,,154900,2,,,0,22,,154913,2,,,0,83,,154926,2,,,0,83,,154914,2,,,0,83,,154927,2,,,0,43,,154915,2,,,0,83,,154928,2,,,0,19,,154904,2,,,0,64,,154916,2,,,0,27,,154907,2,,,0,16,,154929,2,,,0,70,,154902,2,,,0,23,,154917,2,,,0,64,,154908,2,,,0,24,,154930,2,,,0,64,,154905,2,,,0,24,,154918,2,,,0,24,,154909,2,,,0,64,,154932,2,,,0,24,,154906,2,,,0,64,,154919,2,,,0,24,,154910,2,,,0,24,,154931,2,,,0,83,,154921,2,,,0,83,,154933,2,,,0,83,,154920,2,,,0,43,,154934,2,,,0,83,,154922,2,,,0,83,,154935,2,,,0
42200,'Saturday',624,,168897,5,,,0,100,,168898,5,,,0,100,,168899,5,,,0,100,,168900,5,,,0,100,,168901,5,,,0,100,,168902,5,,,0,100,,168903,5,,,0,100,,168905,5,,,0,100,,168904,5,,,0,100,,168906,5,,,0,100,,168907,5,,,0,100,,168908,5,,,0,100,,168909,5,,,0
42200,'Sunday',624,,168910,5,,,0,100,,168911,5,,,0,100,,168912,5,,,0,100,,168913,5,,,0,100,,168914,5,,,0,100,,168915,5,,,0,100,,168916,5,,,0,100,,168917,5,,,0,100,,168918,5,,,0,100,,168919,5,,,0,100,,168920,5,,,0,100,,168921,5,,,0,100,,168922,5,,,0
42200,'Weekday',623,,168923,5,,,0,30,,168941,5,,,0,70,,168924,5,,,0,30,,168945,5,,,0,70,,168925,5,,,0,30,,168946,5,,,0,70,,168926,5,,,0,30,,168943,5,,,0,70,,168927,5,,,0,30,,168944,5,,,0,70,,168928,5,,,0,30,,168947,5,,,0,70,,168929,5,,,0,30,,168940,5,,,0,70,,168930,5,,,0,30,,168949,5,,,0,70,,168931,5,,,0,79,,168948,5,,,0,21,,168932,5,,,0,30,,168942,5,,,0,70,,168934,5,,,0,30,,168950,5,,,0,70,,168933,5,,,0,30,,168939,5,,,0,70,,168937,5,,,0,100,,168936,5,,,0,100,,168935,5,,,0,100,,168938,5,,,0
