5400,'Saturday',616,,39613,34,,,0,88,,39614,42,,,0,45,,39615,42,,,0,85,,39616,42,,,0,85,,39617,42,,,0,85,,39618,42,,,0,45,,39619,42,,,0,85,,39622,42,,,0,86,,39623,42,,,0,85,,39624,42,,,0,45,,39620,42,,,0,85,,39621,42,,,0,85,,39625,42,,,0,85,,39626,42,,,0,45,,39629,42,,,0,85,,39630,42,,,0,84,,39631,42,,,0,85,,39627,42,,,0,45,,39628,42,,,0,85,,39632,42,,,0,85,,39633,42,,,0,85,,39634,42,,,0,45,,39635,42,,,0,85,,39636,42,,,0
5400,'Sunday',616,,39637,34,,,0,88,,39638,42,,,0,45,,39639,42,,,0,85,,39641,42,,,0,85,,39642,42,,,0,85,,39643,42,,,0,45,,39640,42,,,0,85,,39645,42,,,0,86,,39647,42,,,0,85,,39648,42,,,0,45,,39646,42,,,0,85,,39649,42,,,0,85,,39644,42,,,0,85,,39651,42,,,0,45,,39653,42,,,0,85,,39654,42,,,0,84,,39652,42,,,0,85,,39656,42,,,0,45,,39650,42,,,0,85,,39655,42,,,0,85,,39657,42,,,0,85,,39658,42,,,0,45,,39659,42,,,0,85,,39660,42,,,0
5400,'Weekday',540,,39680,42,,,0,77,,39670,42,,,0,30,,39662,42,,,0,71,,39681,42,,,0,30,,39690,42,,,0,70,,39671,42,,,0,28,,39661,42,,,0,70,,39682,42,,,0,30,,39691,42,,,0,70,,39672,42,,,0,30,,39663,42,,,0,70,,39683,42,,,0,30,,39692,42,,,0,70,,39673,42,,,0,30,,39664,42,,,0,70,,39684,42,,,0,30,,39693,42,,,0,70,,39674,42,,,0,30,,39666,42,,,0,71,,39685,42,,,0,31,,39694,42,,,0,71,,39675,42,,,0,30,,39665,42,,,0,70,,39686,42,,,0,30,,39695,42,,,0,67,,39676,42,,,0,29,,39667,42,,,0,70,,39688,42,,,0,30,,39696,42,,,0,71,,39677,42,,,0,30,,39668,42,,,0,70,,39687,42,,,0,30,,39697,42,,,0,69,,39678,42,,,0,30,,39669,42,,,0,70,,39689,42,,,0,30,,39698,42,,,0,71,,39679,42,,,0
5400,'1CCSDCUT-Weekday',540,,39718,42,,,0,77,,39708,42,,,0,30,,39700,42,,,0,71,,39719,42,,,0,30,,39728,42,,,0,70,,39709,42,,,0,28,,39699,42,,,0,70,,39720,42,,,0,30,,39729,42,,,0,70,,39710,42,,,0,30,,39701,42,,,0,70,,39721,42,,,0,30,,39730,42,,,0,70,,39711,42,,,0,30,,39702,42,,,0,70,,39722,42,,,0,30,,39731,42,,,0,70,,39712,42,,,0,30,,39704,42,,,0,71,,39723,42,,,0,31,,39732,42,,,0,71,,39713,42,,,0,30,,39703,42,,,0,70,,39724,42,,,0,30,,39733,42,,,0,67,,39714,42,,,0,29,,39705,42,,,0,70,,39726,42,,,0,30,,39734,42,,,0,71,,39715,42,,,0,30,,39706,42,,,0,70,,39725,42,,,0,30,,39735,42,,,0,69,,39716,42,,,0,30,,39707,42,,,0,70,,39727,42,,,0,30,,39736,42,,,0,71,,39717,42,,,0
5400,'1PUBCUT-Weekday',540,,39756,42,,,0,77,,39746,42,,,0,30,,39738,42,,,0,71,,39757,42,,,0,30,,39766,42,,,0,70,,39747,42,,,0,28,,39737,42,,,0,70,,39758,42,,,0,30,,39767,42,,,0,70,,39748,42,,,0,30,,39739,42,,,0,70,,39759,42,,,0,30,,39768,42,,,0,70,,39749,42,,,0,30,,39740,42,,,0,70,,39760,42,,,0,30,,39769,42,,,0,70,,39750,42,,,0,30,,39742,42,,,0,71,,39761,42,,,0,31,,39770,42,,,0,71,,39751,42,,,0,30,,39741,42,,,0,70,,39762,42,,,0,30,,39771,42,,,0,67,,39752,42,,,0,29,,39743,42,,,0,70,,39764,42,,,0,30,,39772,42,,,0,71,,39753,42,,,0,30,,39744,42,,,0,70,,39763,42,,,0,30,,39773,42,,,0,69,,39754,42,,,0,30,,39745,42,,,0,70,,39765,42,,,0,30,,39774,42,,,0,71,,39755,42,,,0
7700,'Saturday',613,,44856,21,,,0,44,,44857,42,,,0,85,,44858,42,,,0,85,,44859,42,,,0,85,,44861,42,,,0,45,,44862,42,,,0,85,,44863,42,,,0,85,,44860,42,,,0,86,,44864,42,,,0,45,,44865,42,,,0,85,,44866,42,,,0,85,,44868,42,,,0,85,,44869,42,,,0,45,,44870,42,,,0,85,,44867,42,,,0,85,,44871,42,,,0,84,,44873,42,,,0,45,,44876,42,,,0,85,,44877,42,,,0,85,,44872,42,,,0,85,,44874,42,,,0,45,,44875,42,,,0,85,,44878,42,,,0,92,,44879,42,,,0
7700,'Sunday',613,,44881,21,,,0,44,,44882,42,,,0,85,,44880,42,,,0,85,,44883,42,,,0,85,,44884,42,,,0,45,,44885,42,,,0,85,,44886,42,,,0,85,,44887,42,,,0,86,,44888,42,,,0,45,,44889,42,,,0,85,,44890,42,,,0,85,,44891,42,,,0,85,,44893,42,,,0,45,,44894,42,,,0,85,,44895,42,,,0,85,,44892,42,,,0,84,,44896,42,,,0,45,,44897,42,,,0,85,,44898,42,,,0,85,,44899,42,,,0,85,,44900,42,,,0,45,,44901,42,,,0,85,,44902,42,,,0,92,,44903,42,,,0
7700,'Weekday',537,,44913,21,,,0,88,,44932,42,,,0,31,,44914,42,,,0,71,,44904,42,,,0,30,,44924,42,,,0,70,,44933,42,,,0,30,,44915,42,,,0,69,,44905,42,,,0,30,,44923,42,,,0,70,,44935,42,,,0,30,,44916,42,,,0,70,,44906,42,,,0,30,,44925,42,,,0,70,,44934,42,,,0,30,,44917,42,,,0,70,,44907,42,,,0,30,,44926,42,,,0,70,,44937,42,,,0,30,,44919,42,,,0,71,,44908,42,,,0,31,,44928,42,,,0,70,,44936,42,,,0,31,,44918,42,,,0,70,,44910,42,,,0,30,,44927,42,,,0,70,,44938,42,,,0,29,,44920,42,,,0,69,,44909,42,,,0,30,,44929,42,,,0,70,,44939,42,,,0,31,,44921,42,,,0,69,,44912,42,,,0,30,,44930,42,,,0,70,,44940,42,,,0,29,,44922,42,,,0,70,,44911,42,,,0,30,,44931,42,,,0,70,,44941,42,,,0
7700,'1CCSDCUT-Weekday',537,,44951,21,,,0,88,,44970,42,,,0,31,,44952,42,,,0,71,,44942,42,,,0,30,,44962,42,,,0,70,,44971,42,,,0,30,,44953,42,,,0,69,,44943,42,,,0,30,,44961,42,,,0,70,,44973,42,,,0,30,,44954,42,,,0,70,,44944,42,,,0,30,,44963,42,,,0,70,,44972,42,,,0,30,,44955,42,,,0,70,,44945,42,,,0,30,,44964,42,,,0,70,,44975,42,,,0,30,,44957,42,,,0,71,,44946,42,,,0,31,,44966,42,,,0,70,,44974,42,,,0,31,,44956,42,,,0,70,,44948,42,,,0,30,,44965,42,,,0,70,,44976,42,,,0,29,,44958,42,,,0,69,,44947,42,,,0,30,,44967,42,,,0,70,,44977,42,,,0,31,,44959,42,,,0,69,,44950,42,,,0,30,,44968,42,,,0,70,,44978,42,,,0,29,,44960,42,,,0,70,,44949,42,,,0,30,,44969,42,,,0,70,,44979,42,,,0
7700,'1PUBCUT-Weekday',537,,44989,21,,,0,88,,45008,42,,,0,31,,44990,42,,,0,71,,44980,42,,,0,30,,45000,42,,,0,70,,45009,42,,,0,30,,44991,42,,,0,69,,44981,42,,,0,30,,44999,42,,,0,70,,45011,42,,,0,30,,44992,42,,,0,70,,44982,42,,,0,30,,45001,42,,,0,70,,45010,42,,,0,30,,44993,42,,,0,70,,44983,42,,,0,30,,45002,42,,,0,70,,45013,42,,,0,30,,44995,42,,,0,71,,44984,42,,,0,31,,45004,42,,,0,70,,45012,42,,,0,31,,44994,42,,,0,70,,44986,42,,,0,30,,45003,42,,,0,70,,45014,42,,,0,29,,44996,42,,,0,69,,44985,42,,,0,30,,45005,42,,,0,70,,45015,42,,,0,31,,44997,42,,,0,69,,44988,42,,,0,30,,45006,42,,,0,70,,45016,42,,,0,29,,44998,42,,,0,70,,44987,42,,,0,30,,45007,42,,,0,70,,45017,42,,,0
12901,'Saturday',718,,56747,27,,,0,83,,56738,27,,,0,40,,56756,27,,,0,80,,56748,27,,,0,80,,56739,27,,,0,40,,56757,27,,,0,80,,56749,27,,,0,80,,56740,27,,,0,41,,56758,27,,,0,80,,56750,27,,,0,80,,56741,27,,,0,40,,56759,27,,,0,80,,56751,27,,,0,80,,56742,27,,,0,40,,56760,27,,,0,80,,56753,27,,,0,80,,56743,27,,,0,39,,56761,27,,,0,80,,56752,27,,,0,80,,56744,27,,,0,40,,56762,27,,,0,83,,56754,27,,,0,77,,56746,27,,,0,40,,56763,27,,,0,80,,56755,27,,,0,80,,56745,27,,,0
12901,'Sunday',718,,56773,27,,,0,83,,56764,27,,,0,40,,56782,27,,,0,80,,56774,27,,,0,80,,56765,27,,,0,40,,56783,27,,,0,80,,56775,27,,,0,80,,56766,27,,,0,41,,56784,27,,,0,80,,56776,27,,,0,80,,56767,27,,,0,40,,56785,27,,,0,80,,56777,27,,,0,80,,56768,27,,,0,40,,56787,27,,,0,80,,56778,27,,,0,80,,56769,27,,,0,39,,56786,27,,,0,80,,56779,27,,,0,80,,56770,27,,,0,40,,56788,27,,,0,83,,56780,27,,,0,77,,56771,27,,,0,40,,56789,27,,,0,80,,56781,27,,,0,80,,56772,27,,,0
12901,'Weekday',549,,56809,27,,,0,66,,56816,27,,,0,34,,56797,27,,,0,72,,56791,27,,,0,30,,56810,27,,,0,67,,56829,27,,,0,4,,56817,27,,,0,32,,56798,27,,,0,54,,56790,27,,,0,12,,56792,27,,,0,28,,56811,27,,,0,70,,56818,27,,,0,30,,56799,27,,,0,70,,56793,27,,,0,30,,56812,27,,,0,70,,56819,27,,,0,30,,56801,27,,,0,70,,56794,27,,,0,30,,56813,27,,,0,70,,56820,27,,,0,30,,56800,27,,,0,72,,56795,27,,,0,28,,56814,27,,,0,69,,56821,27,,,0,31,,56802,27,,,0,56,,56828,27,,,0,17,,56796,27,,,0,30,,56815,27,,,0,63,,56822,27,,,0,30,,56803,27,,,0,70,,56823,27,,,0,29,,56804,27,,,0,68,,56824,27,,,0,30,,56805,27,,,0,70,,56825,27,,,0,30,,56806,27,,,0,70,,56826,27,,,0,30,,56807,27,,,0,70,,56827,27,,,0,30,,56808,27,,,0
12901,'1CCSDCUT-Weekday',549,,56849,27,,,0,66,,56856,27,,,0,34,,56837,27,,,0,72,,56831,27,,,0,30,,56850,27,,,0,67,,56869,27,,,0,4,,56857,27,,,0,32,,56838,27,,,0,54,,56830,27,,,0,12,,56832,27,,,0,28,,56851,27,,,0,70,,56858,27,,,0,30,,56839,27,,,0,70,,56833,27,,,0,30,,56852,27,,,0,70,,56859,27,,,0,30,,56841,27,,,0,70,,56834,27,,,0,30,,56853,27,,,0,70,,56860,27,,,0,30,,56840,27,,,0,72,,56835,27,,,0,28,,56854,27,,,0,69,,56861,27,,,0,31,,56842,27,,,0,56,,56868,27,,,0,17,,56836,27,,,0,30,,56855,27,,,0,63,,56862,27,,,0,30,,56843,27,,,0,70,,56863,27,,,0,29,,56844,27,,,0,68,,56864,27,,,0,30,,56845,27,,,0,70,,56865,27,,,0,30,,56846,27,,,0,70,,56866,27,,,0,30,,56847,27,,,0,70,,56867,27,,,0,30,,56848,27,,,0
12901,'1PUBCUT-Weekday',549,,56889,27,,,0,66,,56896,27,,,0,34,,56877,27,,,0,72,,56871,27,,,0,30,,56890,27,,,0,67,,56909,27,,,0,4,,56897,27,,,0,32,,56878,27,,,0,54,,56870,27,,,0,12,,56872,27,,,0,28,,56891,27,,,0,70,,56898,27,,,0,30,,56879,27,,,0,70,,56873,27,,,0,30,,56892,27,,,0,70,,56899,27,,,0,30,,56881,27,,,0,70,,56874,27,,,0,30,,56893,27,,,0,70,,56900,27,,,0,30,,56880,27,,,0,72,,56875,27,,,0,28,,56894,27,,,0,69,,56901,27,,,0,31,,56882,27,,,0,56,,56908,27,,,0,17,,56876,27,,,0,30,,56895,27,,,0,63,,56902,27,,,0,30,,56883,27,,,0,70,,56903,27,,,0,29,,56884,27,,,0,68,,56904,27,,,0,30,,56885,27,,,0,70,,56905,27,,,0,30,,56886,27,,,0,70,,56906,27,,,0,30,,56887,27,,,0,70,,56907,27,,,0,30,,56888,27,,,0
15400,'Saturday',621,,60103,21,,,0,85,,60102,41,,,0,45,,60106,41,,,0,85,,60104,41,,,0,85,,60105,41,,,0,85,,60107,41,,,0,45,,60108,41,,,0,85,,60110,41,,,0,85,,60112,41,,,0,86,,60113,41,,,0,45,,60114,41,,,0,85,,60111,41,,,0,85,,60116,41,,,0,85,,60117,41,,,0,45,,60118,41,,,0,85,,60119,41,,,0,84,,60109,41,,,0,85,,60120,41,,,0,45,,60121,41,,,0,85,,60115,41,,,0
15400,'Sunday',621,,60122,21,,,0,85,,60123,41,,,0,45,,60124,41,,,0,85,,60125,41,,,0,85,,60126,41,,,0,85,,60127,41,,,0,45,,60128,41,,,0,85,,60129,41,,,0,85,,60131,41,,,0,86,,60132,41,,,0,45,,60133,41,,,0,85,,60130,41,,,0,85,,60134,41,,,0,85,,60135,41,,,0,45,,60136,41,,,0,85,,60137,41,,,0,84,,60138,41,,,0,85,,60139,41,,,0,45,,60140,41,,,0,85,,60141,41,,,0
15400,'Weekday',539,,60172,21,,,0,64,,60142,41,,,0,30,,60161,41,,,0,70,,60170,41,,,0,30,,60152,41,,,0,70,,60144,41,,,0,30,,60163,41,,,0,70,,60173,41,,,0,29,,60153,41,,,0,70,,60143,41,,,0,30,,60162,41,,,0,70,,60174,41,,,0,30,,60154,41,,,0,70,,60145,41,,,0,30,,60164,41,,,0,70,,60175,41,,,0,30,,60155,41,,,0,70,,60146,41,,,0,30,,60166,41,,,0,70,,60176,41,,,0,32,,60156,41,,,0,74,,60147,41,,,0,28,,60165,41,,,0,70,,60177,41,,,0,32,,60157,41,,,0,70,,60148,41,,,0,28,,60167,41,,,0,69,,60178,41,,,0,28,,60158,41,,,0,70,,60149,41,,,0,30,,60169,41,,,0,70,,60179,41,,,0,31,,60159,41,,,0,70,,60150,41,,,0,30,,60168,41,,,0,70,,60180,41,,,0,28,,60160,41,,,0,70,,60151,41,,,0,30,,60171,41,,,0,70,,60181,41,,,0
15400,'1CCSDCUT-Weekday',539,,60212,21,,,0,64,,60182,41,,,0,30,,60201,41,,,0,70,,60210,41,,,0,30,,60192,41,,,0,70,,60184,41,,,0,30,,60203,41,,,0,70,,60213,41,,,0,29,,60193,41,,,0,70,,60183,41,,,0,30,,60202,41,,,0,70,,60214,41,,,0,30,,60194,41,,,0,70,,60185,41,,,0,30,,60204,41,,,0,70,,60215,41,,,0,30,,60195,41,,,0,70,,60186,41,,,0,30,,60206,41,,,0,70,,60216,41,,,0,32,,60196,41,,,0,74,,60187,41,,,0,28,,60205,41,,,0,70,,60217,41,,,0,32,,60197,41,,,0,70,,60188,41,,,0,28,,60207,41,,,0,69,,60218,41,,,0,28,,60198,41,,,0,70,,60189,41,,,0,30,,60209,41,,,0,70,,60219,41,,,0,31,,60199,41,,,0,70,,60190,41,,,0,30,,60208,41,,,0,70,,60220,41,,,0,28,,60200,41,,,0,70,,60191,41,,,0,30,,60211,41,,,0,70,,60221,41,,,0
15400,'1PUBCUT-Weekday',539,,60252,21,,,0,64,,60222,41,,,0,30,,60241,41,,,0,70,,60250,41,,,0,30,,60232,41,,,0,70,,60224,41,,,0,30,,60243,41,,,0,70,,60253,41,,,0,29,,60233,41,,,0,70,,60223,41,,,0,30,,60242,41,,,0,70,,60254,41,,,0,30,,60234,41,,,0,70,,60225,41,,,0,30,,60244,41,,,0,70,,60255,41,,,0,30,,60235,41,,,0,70,,60226,41,,,0,30,,60246,41,,,0,70,,60256,41,,,0,32,,60236,41,,,0,74,,60227,41,,,0,28,,60245,41,,,0,70,,60257,41,,,0,32,,60237,41,,,0,70,,60228,41,,,0,28,,60247,41,,,0,69,,60258,41,,,0,28,,60238,41,,,0,70,,60229,41,,,0,30,,60249,41,,,0,70,,60259,41,,,0,31,,60239,41,,,0,70,,60230,41,,,0,30,,60248,41,,,0,70,,60260,41,,,0,28,,60240,41,,,0,70,,60231,41,,,0,30,,60251,41,,,0,70,,60261,41,,,0
