8200,'Saturday',653,,66214,,,0,70,,66215,,,0,30,,66216,,,0,70,,66217,,,0,30,,66218,,,0,70,,66219,,,0,30,,66220,,,0,70,,66237,,,0,30,,66239,,,0,70,,66222,,,0,30,,66235,,,0,70,,66228,,,0,30,,66223,,,0,70,,66236,,,0,30,,66229,,,0,70,,66221,,,0,30,,66234,,,0,70,,66230,,,0,30,,66224,,,0,70,,66233,,,0,30,,66240,,,0,70,,66225,,,0,30,,66231,,,0,70,,66238,,,0,30,,66226,,,0,70,,66232,,,0,30,,66241,,,0,70,,66227,,,0,30,,66247,,,0,70,,66248,,,0,30,,66249,,,0,70,,66244,,,0,30,,66243,,,0,70,,66245,,,0,30,,66242,,,0,70,,66246,,,0
8200,'Sunday',653,,66250,,,0,70,,66262,,,0,30,,66274,,,0,70,,66251,,,0,30,,66263,,,0,70,,66275,,,0,30,,66252,,,0,70,,66264,,,0,30,,66276,,,0,70,,66253,,,0,30,,66265,,,0,70,,66277,,,0,30,,66254,,,0,70,,66266,,,0,30,,66278,,,0,70,,66255,,,0,30,,66267,,,0,70,,66279,,,0,30,,66256,,,0,70,,66268,,,0,30,,66280,,,0,70,,66257,,,0,30,,66269,,,0,70,,66281,,,0,30,,66258,,,0,70,,66270,,,0,30,,66283,,,0,70,,66259,,,0,30,,66271,,,0,70,,66284,,,0,30,,66260,,,0,70,,66272,,,0,30,,66282,,,0,70,,66261,,,0,30,,66273,,,0,70,,66285,,,0
8200,'Weekday',650,,66291,,,0,76,,66301,,,0,33,,66311,,,0,57,,66320,,,0,16,,66292,,,0,73,,66302,,,0,32,,66312,,,0,72,,66293,,,0,33,,66303,,,0,73,,66313,,,0,33,,66295,,,0,75,,66304,,,0,33,,66314,,,0,73,,66294,,,0,12,,66290,,,0,61,,66305,,,0,33,,66315,,,0,74,,66296,,,0,36,,66306,,,0,14,,66286,,,0,59,,66316,,,0,17,,66288,,,0,16,,66297,,,0,56,,66287,,,0,15,,66307,,,0,17,,66289,,,0,16,,66317,,,0,73,,66298,,,0,31,,66308,,,0,71,,66318,,,0,73,,66300,,,0,33,,66309,,,0,73,,66319,,,0,33,,66299,,,0,73,,66310,,,0,33,,66321,,,0,73,,66322,,,0,33,,66323,,,0,73,,66324,,,0
8200,'1CCSDCUT-Weekday',650,,66330,,,0,76,,66340,,,0,33,,66350,,,0,57,,66359,,,0,16,,66331,,,0,73,,66341,,,0,32,,66351,,,0,72,,66332,,,0,33,,66342,,,0,73,,66352,,,0,33,,66334,,,0,75,,66343,,,0,33,,66353,,,0,73,,66333,,,0,12,,66329,,,0,61,,66344,,,0,33,,66354,,,0,74,,66335,,,0,36,,66345,,,0,14,,66325,,,0,59,,66355,,,0,17,,66327,,,0,16,,66336,,,0,56,,66326,,,0,15,,66346,,,0,17,,66328,,,0,16,,66356,,,0,73,,66337,,,0,31,,66347,,,0,71,,66357,,,0,73,,66339,,,0,33,,66348,,,0,73,,66358,,,0,33,,66338,,,0,73,,66349,,,0,33,,66360,,,0,73,,66361,,,0,33,,66362,,,0,73,,66363,,,0
8200,'1PUBCUT-Weekday',650,,66369,,,0,76,,66379,,,0,33,,66389,,,0,57,,66398,,,0,16,,66370,,,0,73,,66380,,,0,32,,66390,,,0,72,,66371,,,0,33,,66381,,,0,73,,66391,,,0,33,,66373,,,0,75,,66382,,,0,33,,66392,,,0,73,,66372,,,0,12,,66368,,,0,61,,66383,,,0,33,,66393,,,0,74,,66374,,,0,36,,66384,,,0,14,,66364,,,0,59,,66394,,,0,17,,66366,,,0,16,,66375,,,0,56,,66365,,,0,15,,66385,,,0,17,,66367,,,0,16,,66395,,,0,73,,66376,,,0,31,,66386,,,0,71,,66396,,,0,73,,66378,,,0,33,,66387,,,0,73,,66397,,,0,33,,66377,,,0,73,,66388,,,0,33,,66399,,,0,73,,66400,,,0,33,,66401,,,0,73,,66402,,,0
12900,'Saturday',724,,76863,,,0,80,,76880,,,0,40,,76872,,,0,80,,76864,,,0,80,,76881,,,0,40,,76873,,,0,80,,76865,,,0,80,,76882,,,0,41,,76874,,,0,80,,76866,,,0,80,,76883,,,0,40,,76875,,,0,80,,76868,,,0,80,,76885,,,0,40,,76876,,,0,80,,76867,,,0,80,,76884,,,0,39,,76877,,,0,80,,76869,,,0,80,,76886,,,0,43,,76878,,,0,77,,76870,,,0,80,,76887,,,0,40,,76879,,,0,80,,76871,,,0,83,,76888,,,0
12900,'Sunday',724,,76889,,,0,80,,76906,,,0,40,,76898,,,0,80,,76890,,,0,80,,76908,,,0,40,,76899,,,0,80,,76891,,,0,80,,76907,,,0,41,,76900,,,0,80,,76892,,,0,80,,76909,,,0,40,,76901,,,0,80,,76893,,,0,80,,76911,,,0,40,,76902,,,0,80,,76894,,,0,80,,76910,,,0,39,,76903,,,0,80,,76895,,,0,80,,76912,,,0,43,,76904,,,0,77,,76896,,,0,80,,76913,,,0,40,,76905,,,0,80,,76897,,,0,83,,76914,,,0
12900,'Weekday',613,,76922,,,0,29,,76916,,,0,71,,76934,,,0,30,,76940,,,0,70,,76923,,,0,30,,76917,,,0,69,,76935,,,0,30,,76941,,,0,70,,76924,,,0,30,,76918,,,0,70,,76936,,,0,30,,76942,,,0,70,,76925,,,0,30,,76919,,,0,70,,76937,,,0,30,,76943,,,0,70,,76926,,,0,33,,76920,,,0,4,,76952,,,0,64,,76938,,,0,28,,76944,,,0,72,,76927,,,0,18,,76951,,,0,15,,76921,,,0,70,,76939,,,0,27,,76945,,,0,69,,76928,,,0,30,,76946,,,0,70,,76929,,,0,30,,76947,,,0,70,,76915,,,0,30,,76948,,,0,68,,76930,,,0,30,,76949,,,0,70,,76931,,,0,30,,76950,,,0,70,,76932,,,0,100,,76933,,,0
12900,'Weekday1111000',1459,,76953,,,0
12900,'1CCSDCUT-Weekday',613,,76961,,,0,29,,76955,,,0,71,,76973,,,0,30,,76979,,,0,70,,76962,,,0,30,,76956,,,0,69,,76974,,,0,30,,76980,,,0,70,,76963,,,0,30,,76957,,,0,70,,76975,,,0,30,,76981,,,0,70,,76964,,,0,30,,76958,,,0,70,,76976,,,0,30,,76982,,,0,70,,76965,,,0,33,,76959,,,0,4,,76991,,,0,64,,76977,,,0,28,,76983,,,0,72,,76966,,,0,18,,76990,,,0,15,,76960,,,0,70,,76978,,,0,27,,76984,,,0,69,,76967,,,0,30,,76985,,,0,70,,76968,,,0,30,,76986,,,0,70,,76954,,,0,30,,76987,,,0,68,,76969,,,0,30,,76988,,,0,70,,76970,,,0,30,,76989,,,0,70,,76971,,,0,100,,76972,,,0
12900,'1CCSDCUT-Weekday1111000',1459,,76992,,,0
12900,'1PUBCUT-Weekday',613,,77000,,,0,29,,76994,,,0,71,,77012,,,0,30,,77018,,,0,70,,77001,,,0,30,,76995,,,0,69,,77013,,,0,30,,77019,,,0,70,,77002,,,0,30,,76996,,,0,70,,77014,,,0,30,,77020,,,0,70,,77003,,,0,30,,76997,,,0,70,,77015,,,0,30,,77021,,,0,70,,77004,,,0,33,,76998,,,0,4,,77030,,,0,64,,77016,,,0,28,,77022,,,0,72,,77005,,,0,18,,77029,,,0,15,,76999,,,0,70,,77017,,,0,27,,77023,,,0,69,,77006,,,0,30,,77024,,,0,70,,77007,,,0,30,,77025,,,0,70,,76993,,,0,30,,77026,,,0,68,,77008,,,0,30,,77027,,,0,70,,77009,,,0,30,,77028,,,0,70,,77010,,,0,100,,77011,,,0
12900,'1PUBCUT-Weekday1111000',1459,,77031,,,0
