1100,'Saturday',728,,49082,,,0,30,,49092,,,0,70,,49078,,,0,30,,49093,,,0,70,,49081,,,0,30,,49094,,,0,70,,49089,,,0,30,,49095,,,0,70,,49080,,,0,30,,49096,,,0,70,,49079,,,0,30,,49097,,,0,70,,49077,,,0,30,,49098,,,0,70,,49083,,,0,30,,49101,,,0,70,,49090,,,0,30,,49102,,,0,70,,49084,,,0,30,,49099,,,0,70,,49085,,,0,30,,49100,,,0,70,,49088,,,0,30,,49103,,,0,70,,49086,,,0,30,,49104,,,0,70,,49087,,,0,30,,49091,,,0,70,,49106,,,0,30,,49108,,,0,70,,49107,,,0,30,,49105,,,0
1100,'Sunday',1109,,49109,,,0,30,,49124,,,0,70,,49111,,,0,30,,49123,,,0,70,,49112,,,0,30,,49122,,,0,70,,49110,,,0,30,,49121,,,0,70,,49115,,,0,30,,49118,,,0,70,,49113,,,0,30,,49120,,,0,70,,49114,,,0,30,,49117,,,0,70,,49116,,,0,30,,49119,,,0,70,,49129,,,0,30,,49130,,,0,70,,49131,,,0,30,,49126,,,0,70,,49125,,,0,30,,49128,,,0,70,,49127,,,0,30,,49132,,,0
1100,'Weekday',554,,49134,,,0,70,,49136,,,0,30,,49137,,,0,71,,49138,,,0,27,,49135,,,0,72,,49139,,,0,25,,49140,,,0,74,,49141,,,0,30,,49142,,,0,70,,49143,,,0,30,,49144,,,0,70,,49145,,,0,30,,49146,,,0,70,,49147,,,0,30,,49148,,,0,70,,49150,,,0,35,,49151,,,0,68,,49152,,,0,29,,49149,,,0,71,,49153,,,0,30,,49154,,,0,70,,49155,,,0,30,,49156,,,0,70,,49157,,,0,30,,49158,,,0,67,,49159,,,0,30,,49160,,,0,70,,49161,,,0,30,,49162,,,0,70,,49163,,,0,30,,49164,,,0,70,,49165,,,0
1100,'1CCSDCUT-Weekday',554,,49169,,,0,70,,49171,,,0,30,,49172,,,0,71,,49173,,,0,27,,49170,,,0,72,,49174,,,0,25,,49175,,,0,74,,49176,,,0,30,,49177,,,0,70,,49178,,,0,30,,49179,,,0,70,,49180,,,0,30,,49181,,,0,70,,49182,,,0,30,,49183,,,0,70,,49185,,,0,35,,49186,,,0,68,,49187,,,0,29,,49184,,,0,71,,49188,,,0,30,,49189,,,0,70,,49190,,,0,30,,49191,,,0,70,,49192,,,0,30,,49193,,,0,67,,49194,,,0,30,,49195,,,0,70,,49196,,,0,30,,49197,,,0,70,,49198,,,0,30,,49199,,,0,70,,49200,,,0
1100,'1PUBCUT-Weekday',554,,49204,,,0,70,,49206,,,0,30,,49207,,,0,71,,49208,,,0,27,,49205,,,0,72,,49209,,,0,25,,49210,,,0,74,,49211,,,0,30,,49212,,,0,70,,49213,,,0,30,,49214,,,0,70,,49215,,,0,30,,49216,,,0,70,,49217,,,0,30,,49218,,,0,70,,49220,,,0,35,,49221,,,0,68,,49222,,,0,29,,49219,,,0,71,,49223,,,0,30,,49224,,,0,70,,49225,,,0,30,,49226,,,0,70,,49227,,,0,30,,49228,,,0,67,,49229,,,0,30,,49230,,,0,70,,49231,,,0,30,,49232,,,0,70,,49233,,,0,30,,49234,,,0,70,,49235,,,0
1400,'Saturday',633,,49807,,,0,68,,49794,,,0,32,,49782,,,0,70,,49771,,,0,30,,49795,,,0,70,,49784,,,0,32,,49770,,,0,70,,49796,,,0,30,,49783,,,0,70,,49772,,,0,30,,49798,,,0,70,,49786,,,0,30,,49773,,,0,70,,49799,,,0,30,,49785,,,0,70,,49774,,,0,30,,49800,,,0,70,,49787,,,0,30,,49775,,,0,70,,49797,,,0,30,,49788,,,0,70,,49776,,,0,30,,49801,,,0,70,,49790,,,0,30,,49778,,,0,70,,49802,,,0,29,,49789,,,0,70,,49777,,,0,30,,49803,,,0,70,,49792,,,0,30,,49779,,,0,70,,49804,,,0,30,,49791,,,0,70,,49781,,,0,37,,49805,,,0,63,,49793,,,0,30,,49780,,,0,70,,49806,,,0
1400,'Sunday',633,,49822,,,0,68,,49810,,,0,32,,49835,,,0,70,,49823,,,0,30,,49811,,,0,70,,49837,,,0,32,,49824,,,0,70,,49813,,,0,30,,49836,,,0,70,,49825,,,0,30,,49812,,,0,70,,49838,,,0,30,,49827,,,0,70,,49809,,,0,30,,49839,,,0,70,,49826,,,0,30,,49814,,,0,70,,49840,,,0,30,,49828,,,0,70,,49816,,,0,30,,49841,,,0,70,,49830,,,0,30,,49815,,,0,70,,49842,,,0,30,,49829,,,0,70,,49817,,,0,29,,49843,,,0,70,,49831,,,0,30,,49819,,,0,70,,49844,,,0,30,,49832,,,0,70,,49818,,,0,30,,49845,,,0,70,,49833,,,0,36,,49820,,,0,64,,49808,,,0,30,,49834,,,0,70,,49821,,,0
1400,'Weekday',507,,49851,,,0,30,,49861,0,27,0,21,,49871,,,0,56,,49852,0,27,0,24,,49847,,,0,16,,49888,,,0,55,,49862,0,27,0,15,,49872,,,0,16,,49853,0,27,0,16,,49882,,,0,57,,49848,,,0,15,,49889,,,0,14,,49863,0,27,0,14,,49890,,,0,53,,49854,0,27,0,15,,49884,,,0,13,,49850,,,0,15,,49873,,,0,62,,49864,0,27,0,22,,49855,0,27,0,22,,49883,,,0,62,,49874,,,0,22,,49865,0,27,0,62,,49856,0,27,0,22,,49885,,,0,22,,49875,,,0,62,,49866,0,27,0,22,,49857,0,27,0,22,,49886,,,0,64,,49876,,,0,25,,49867,0,27,0,64,,49858,0,27,0,22,,49887,,,0,16,,49877,0,27,0,1,,49891,0,50 47,0,11,,49879,,,0,60,,49868,,,0,15,,49846,,,0,15,,49859,0,27,0,57,,49892,,,0,20,,49894,,,0,20,,49869,,,0,60,,49880,,,0,20,,49860,,,0,13,,49893,,,0,10,,49870,,,0,54,,49881,0,27,0,13,,49878,,,0,17,,49907,0,27,0,28,,49898,0,27,0,70,,49899,0,27,0,30,,49900,0,27,0,70,,49901,0,27,0,30,,49902,0,27,0,70,,49903,0,27,0,30,,49904,0,27,0,70,,49905,0,27,0,30,,49906,0,27,0,70,,49896,0,27,0,30,,49897,0,27,0
1400,'Weekday0000100',1329,,49908,0,50 47,0
1400,'1CCSDCUT-Weekday',507,,49914,,,0,30,,49924,0,27,0,21,,49934,,,0,56,,49915,0,27,0,24,,49910,,,0,16,,49951,,,0,55,,49925,0,27,0,15,,49935,,,0,16,,49916,0,27,0,16,,49945,,,0,57,,49911,,,0,15,,49952,,,0,14,,49926,0,27,0,14,,49953,,,0,53,,49917,0,27,0,15,,49947,,,0,13,,49913,,,0,15,,49936,,,0,62,,49927,0,27,0,22,,49918,0,27,0,22,,49946,,,0,62,,49937,,,0,22,,49928,0,27,0,62,,49919,0,27,0,22,,49948,,,0,22,,49938,,,0,62,,49929,0,27,0,22,,49920,0,27,0,22,,49949,,,0,64,,49939,,,0,25,,49930,0,27,0,64,,49921,0,27,0,22,,49950,,,0,16,,49940,0,27,0,1,,49954,0,50 47,0,11,,49942,,,0,60,,49931,,,0,15,,49909,,,0,15,,49922,0,27,0,57,,49955,,,0,20,,49957,,,0,20,,49932,,,0,60,,49943,,,0,20,,49923,,,0,13,,49956,,,0,10,,49933,,,0,54,,49944,0,27,0,13,,49941,,,0,17,,49970,0,27,0,28,,49961,0,27,0,70,,49962,0,27,0,30,,49963,0,27,0,70,,49964,0,27,0,30,,49965,0,27,0,70,,49966,0,27,0,30,,49967,0,27,0,70,,49968,0,27,0,30,,49969,0,27,0,70,,49959,0,27,0,30,,49960,0,27,0
1400,'1PUBCUT-Weekday',507,,49976,,,0,30,,49986,0,27,0,21,,49996,,,0,56,,49977,0,27,0,24,,49972,,,0,16,,50013,,,0,55,,49987,0,27,0,15,,49997,,,0,16,,49978,0,27,0,16,,50007,,,0,57,,49973,,,0,15,,50014,,,0,14,,49988,0,27,0,14,,50015,,,0,53,,49979,0,27,0,15,,50009,,,0,13,,49975,,,0,15,,49998,,,0,62,,49989,0,27,0,22,,49980,0,27,0,22,,50008,,,0,62,,49999,,,0,22,,49990,0,27,0,62,,49981,0,27,0,22,,50010,,,0,22,,50000,,,0,62,,49991,0,27,0,22,,49982,0,27,0,22,,50011,,,0,64,,50001,,,0,25,,49992,0,27,0,64,,49983,0,27,0,22,,50012,,,0,16,,50002,0,27,0,1,,50016,0,50 47,0,11,,50004,,,0,60,,49993,,,0,15,,49971,,,0,15,,49984,0,27,0,57,,50017,,,0,20,,50019,,,0,20,,49994,,,0,60,,50005,,,0,20,,49985,,,0,13,,50018,,,0,10,,49995,,,0,54,,50006,0,27,0,13,,50003,,,0,17,,50032,0,27,0,28,,50023,0,27,0,70,,50024,0,27,0,30,,50025,0,27,0,70,,50026,0,27,0,30,,50027,0,27,0,70,,50028,0,27,0,30,,50029,0,27,0,70,,50030,0,27,0,30,,50031,0,27,0,70,,50021,0,27,0,30,,50022,0,27,0
1400,'1PUBCUT-Weekday0000100',1329,,50033,0,50 47,0
10201,'Saturday',646,,72144,,,0,70,,72146,,,0,30,,72147,,,0,70,,72148,,,0,30,,72145,,,0,70,,72149,,,0,30,,72150,,,0,70,,72151,,,0,30,,72153,,,0,70,,72154,,,0,30,,72157,,,0,70,,72152,,,0,30,,72158,,,0,70,,72159,,,0,30,,72155,,,0,70,,72156,,,0,30,,72161,,,0,70,,72162,,,0,30,,72163,,,0,70,,72160,,,0,30,,72164,,,0,70,,72165,,,0,30,,72166,,,0,70,,72167,,,0,30,,72168,,,0,70,,72169,,,0,30,,72170,,,0,70,,72171,,,0,30,,72172,,,0,70,,72174,,,0,30,,72175,,,0,70,,72176,,,0,30,,72173,,,0,70,,72177,,,0,30,,72178,,,0,64,,72179,,,0,30,,72180,,,0
10201,'Sunday',646,,72181,,,0,70,,72194,,,0,30,,72183,,,0,70,,72196,,,0,30,,72182,,,0,70,,72195,,,0,30,,72184,,,0,70,,72197,,,0,30,,72185,,,0,70,,72198,,,0,30,,72186,,,0,70,,72199,,,0,30,,72187,,,0,70,,72200,,,0,30,,72188,,,0,70,,72202,,,0,30,,72189,,,0,70,,72201,,,0,30,,72190,,,0,70,,72203,,,0,30,,72191,,,0,70,,72205,,,0,30,,72192,,,0,70,,72204,,,0,30,,72193,,,0,70,,72206,,,0,30,,72207,,,0,70,,72208,,,0,30,,72209,,,0,70,,72210,,,0,30,,72211,,,0,70,,72212,,,0,30,,72213,,,0,70,,72214,,,0,24,,72215,,,0
10201,'Weekday',446,,72219,,,0,70,,72220,,,0,25,,72221,,,0,60,,72222,,,0,20,,72223,,,0,20,,72224,,,0,60,,72225,,,0,20,,72226,,,0,20,,72227,,,0,60,,72228,,,0,20,,72229,,,0,26,,72230,,,0,70,,72232,,,0,30,,72233,,,0,70,,72234,,,0,30,,72231,,,0,70,,72235,,,0,30,,72236,,,0,70,,72237,,,0,30,,72238,,,0,70,,72241,,,0,30,,72242,,,0,70,,72239,,,0,21,,72244,,,0,20,,72245,,,0,60,,72240,,,0,20,,72243,,,0,20,,72246,,,0,60,,72247,,,0,20,,72248,,,0,20,,72250,,,0,60,,72252,,,0,20,,72249,,,0,20,,72253,,,0,60,,72251,,,0,20,,72254,,,0,63,,72255,,,0,24,,72256,,,0,30,,72257,,,0,70,,72258,,,0,30,,72259,,,0,70,,72260,,,0,30,,72261,,,0,70,,72262,,,0,30,,72263,,,0,70,,72217,,,0,30,,72218,,,0,70,,72216,,,0,24,,72264,,,0
10201,'1CCSDCUT-Weekday',446,,72268,,,0,70,,72269,,,0,25,,72270,,,0,60,,72271,,,0,20,,72272,,,0,20,,72273,,,0,60,,72274,,,0,20,,72275,,,0,20,,72276,,,0,60,,72277,,,0,20,,72278,,,0,26,,72279,,,0,70,,72281,,,0,30,,72282,,,0,70,,72283,,,0,30,,72280,,,0,70,,72284,,,0,30,,72285,,,0,70,,72286,,,0,30,,72287,,,0,70,,72290,,,0,30,,72291,,,0,70,,72288,,,0,21,,72293,,,0,20,,72294,,,0,60,,72289,,,0,20,,72292,,,0,20,,72295,,,0,60,,72296,,,0,20,,72297,,,0,20,,72299,,,0,60,,72301,,,0,20,,72298,,,0,20,,72302,,,0,60,,72300,,,0,20,,72303,,,0,63,,72304,,,0,24,,72305,,,0,30,,72306,,,0,70,,72307,,,0,30,,72308,,,0,70,,72309,,,0,30,,72310,,,0,70,,72311,,,0,30,,72312,,,0,70,,72266,,,0,30,,72267,,,0,70,,72265,,,0,24,,72313,,,0
10201,'1PUBCUT-Weekday',446,,72317,,,0,70,,72318,,,0,25,,72319,,,0,60,,72320,,,0,20,,72321,,,0,20,,72322,,,0,60,,72323,,,0,20,,72324,,,0,20,,72325,,,0,60,,72326,,,0,20,,72327,,,0,26,,72328,,,0,70,,72330,,,0,30,,72331,,,0,70,,72332,,,0,30,,72329,,,0,70,,72333,,,0,30,,72334,,,0,70,,72335,,,0,30,,72336,,,0,70,,72339,,,0,30,,72340,,,0,70,,72337,,,0,21,,72342,,,0,20,,72343,,,0,60,,72338,,,0,20,,72341,,,0,20,,72344,,,0,60,,72345,,,0,20,,72346,,,0,20,,72348,,,0,60,,72350,,,0,20,,72347,,,0,20,,72351,,,0,60,,72349,,,0,20,,72352,,,0,63,,72353,,,0,24,,72354,,,0,30,,72355,,,0,70,,72356,,,0,30,,72357,,,0,70,,72358,,,0,30,,72359,,,0,70,,72360,,,0,30,,72361,,,0,70,,72315,,,0,30,,72316,,,0,70,,72314,,,0,24,,72362,,,0
