15101,'Weekday',1712,,59587,18,,,0,44,,59586,24,,,0
15101,'1CCSDCUT-Weekday',1712,,59589,18,,,0,44,,59588,24,,,0
15101,'1PUBCUT-Weekday',1712,,59591,18,,,0,44,,59590,24,,,0
15200,'Weekday',607,,59593,3,,,0,20,,59595,3,,,0,20,,59592,3,,,0,60,,59597,3,,,0,20,,59594,3,,,0,20,,59596,3,,,0,60,,59598,3,,,0,20,,59599,3,,,0,20,,59600,3,,,0,60,,59601,3,,,0,20,,59621,3,,,0,20,,59622,3,,,0,60,,59619,3,,,0,20,,59620,3,,,0,20,,59623,3,,,0,60,,59624,3,,,0,20,,59625,3,,,0,20,,59626,3,,,0,60,,59627,3,,,0,20,,59628,3,,,0,20,,59617,3,,,0,60,,59613,3,,,0,20,,59618,3,,,0,20,,59616,3,,,0,60,,59614,3,,,0,20,,59615,3,,,0,20,,59604,3,,,0,60,,59605,3,,,0,20,,59602,3,,,0,20,,59603,3,,,0,60,,59606,3,,,0,20,,59607,3,,,0,20,,59608,3,,,0,60,,59609,3,,,0,20,,59610,3,,,0,20,,59611,3,,,0,60,,59629,3,,,0,15,,59612,3,,,0
15200,'1CCSDCUT-Weekday',607,,59631,3,,,0,20,,59633,3,,,0,20,,59630,3,,,0,60,,59635,3,,,0,20,,59632,3,,,0,20,,59634,3,,,0,60,,59636,3,,,0,20,,59637,3,,,0,20,,59638,3,,,0,60,,59639,3,,,0,20,,59659,3,,,0,20,,59660,3,,,0,60,,59657,3,,,0,20,,59658,3,,,0,20,,59661,3,,,0,60,,59662,3,,,0,20,,59663,3,,,0,20,,59664,3,,,0,60,,59665,3,,,0,20,,59666,3,,,0,20,,59655,3,,,0,60,,59651,3,,,0,20,,59656,3,,,0,20,,59654,3,,,0,60,,59652,3,,,0,20,,59653,3,,,0,20,,59642,3,,,0,60,,59643,3,,,0,20,,59640,3,,,0,20,,59641,3,,,0,60,,59644,3,,,0,20,,59645,3,,,0,20,,59646,3,,,0,60,,59647,3,,,0,20,,59648,3,,,0,20,,59649,3,,,0,60,,59667,3,,,0,15,,59650,3,,,0
15200,'1PUBCUT-Weekday',607,,59669,3,,,0,20,,59671,3,,,0,20,,59668,3,,,0,60,,59673,3,,,0,20,,59670,3,,,0,20,,59672,3,,,0,60,,59674,3,,,0,20,,59675,3,,,0,20,,59676,3,,,0,60,,59677,3,,,0,20,,59697,3,,,0,20,,59698,3,,,0,60,,59695,3,,,0,20,,59696,3,,,0,20,,59699,3,,,0,60,,59700,3,,,0,20,,59701,3,,,0,20,,59702,3,,,0,60,,59703,3,,,0,20,,59704,3,,,0,20,,59693,3,,,0,60,,59689,3,,,0,20,,59694,3,,,0,20,,59692,3,,,0,60,,59690,3,,,0,20,,59691,3,,,0,20,,59680,3,,,0,60,,59681,3,,,0,20,,59678,3,,,0,20,,59679,3,,,0,60,,59682,3,,,0,20,,59683,3,,,0,20,,59684,3,,,0,60,,59685,3,,,0,20,,59686,3,,,0,20,,59687,3,,,0,60,,59705,3,,,0,15,,59688,3,,,0
15300,'Saturday',616,,59706,17,,,0,37,,59707,17,,,0,77,,59708,17,,,0,77,,59710,17,,,0,37,,59718,17,,,0,77,,59719,17,,,0,37,,59716,17,,,0,77,,59721,17,,,0,77,,59715,17,,,0,37,,59722,17,,,0,77,,59723,17,,,0,77,,59720,17,,,0,37,,59724,17,,,0,77,,59725,17,,,0,37,,59726,17,,,0,77,,59727,17,,,0,77,,59728,17,,,0,37,,59729,17,,,0,77,,59730,17,,,0,37,,59732,17,,,0,77,,59731,17,,,0,77,,59717,17,,,0,37,,59712,17,,,0,77,,59714,17,,,0,77,,59713,17,,,0,37,,59711,17,,,0,77,,59709,17,,,0
15300,'Sunday',844,,59733,17,,,0,77,,59735,17,,,0,37,,59734,17,,,0,77,,59736,17,,,0,77,,59737,17,,,0,37,,59738,17,,,0,77,,59740,17,,,0,77,,59741,17,,,0,37,,59742,17,,,0,77,,59739,17,,,0,37,,59743,17,,,0,77,,59744,17,,,0,77,,59745,17,,,0,37,,59746,17,,,0,77,,59747,17,,,0,37,,59748,17,,,0,77,,59749,17,,,0,77,,59750,17,,,0,37,,59751,17,,,0,77,,59752,17,,,0,77,,59753,17,,,0,35,,59754,17,,,0,72,,59755,17,,,0
15300,'Weekday',534,,59757,17,,,0,25,,59758,17,,,0,63,,59756,17,,,0,26,,59759,17,,,0,65,,59760,17,,,0,23,,59762,17,,,0,66,,59763,17,,,0,26,,59766,17,,,0,25,,59767,17,,,0,66,,59764,17,,,0,25,,59768,17,,,0,65,,59769,17,,,0,25,,59770,17,,,0,25,,59771,17,,,0,65,,59773,17,,,0,25,,59774,17,,,0,65,,59772,17,,,0,25,,59776,17,,,0,65,,59777,17,,,0,25,,59775,17,,,0,25,,59778,17,,,0,65,,59779,17,,,0,27,,59780,17,,,0,71,,59782,17,,,0,30,,59783,17,,,0,60,,59784,17,,,0,14,,59803,17,,,0,10,,59781,17,,,0,10,,59785,17,,,0,10,,59801,17,,,0,50,,59802,17,,,0,10,,59786,17,,,0,20,,59787,17,,,0,20,,59788,17,,,0,62,,59789,17,,,0,35,,59790,17,,,0,76,,59791,17,,,0,76,,59792,17,,,0,36,,59793,17,,,0,76,,59794,17,,,0,36,,59796,17,,,0,76,,59797,17,,,0,76,,59798,17,,,0,36,,59795,17,,,0
15300,'Weekday0000100',1503,,59804,17,,,0
15300,'1CCSDCUT-Weekday',534,,59806,17,,,0,25,,59807,17,,,0,63,,59805,17,,,0,26,,59808,17,,,0,65,,59809,17,,,0,23,,59811,17,,,0,66,,59812,17,,,0,26,,59815,17,,,0,25,,59816,17,,,0,66,,59813,17,,,0,25,,59817,17,,,0,65,,59818,17,,,0,25,,59819,17,,,0,25,,59820,17,,,0,65,,59822,17,,,0,25,,59823,17,,,0,65,,59821,17,,,0,25,,59825,17,,,0,65,,59826,17,,,0,25,,59824,17,,,0,25,,59827,17,,,0,65,,59828,17,,,0,27,,59829,17,,,0,71,,59831,17,,,0,30,,59832,17,,,0,60,,59833,17,,,0,14,,59852,17,,,0,10,,59830,17,,,0,10,,59834,17,,,0,10,,59850,17,,,0,50,,59851,17,,,0,10,,59835,17,,,0,20,,59836,17,,,0,20,,59837,17,,,0,62,,59838,17,,,0,35,,59839,17,,,0,76,,59840,17,,,0,76,,59841,17,,,0,36,,59842,17,,,0,76,,59843,17,,,0,36,,59845,17,,,0,76,,59846,17,,,0,76,,59847,17,,,0,36,,59844,17,,,0
15300,'1CCSDCUT-Weekday0000100',1503,,59853,17,,,0
15300,'1PUBCUT-Weekday',534,,59855,17,,,0,25,,59856,17,,,0,63,,59854,17,,,0,26,,59857,17,,,0,65,,59858,17,,,0,23,,59860,17,,,0,66,,59861,17,,,0,26,,59864,17,,,0,25,,59865,17,,,0,66,,59862,17,,,0,25,,59866,17,,,0,65,,59867,17,,,0,25,,59868,17,,,0,25,,59869,17,,,0,65,,59871,17,,,0,25,,59872,17,,,0,65,,59870,17,,,0,25,,59874,17,,,0,65,,59875,17,,,0,25,,59873,17,,,0,25,,59876,17,,,0,65,,59877,17,,,0,27,,59878,17,,,0,71,,59880,17,,,0,30,,59881,17,,,0,60,,59882,17,,,0,14,,59901,17,,,0,10,,59879,17,,,0,10,,59883,17,,,0,10,,59899,17,,,0,50,,59900,17,,,0,10,,59884,17,,,0,20,,59885,17,,,0,20,,59886,17,,,0,62,,59887,17,,,0,35,,59888,17,,,0,76,,59889,17,,,0,76,,59890,17,,,0,36,,59891,17,,,0,76,,59892,17,,,0,36,,59894,17,,,0,76,,59895,17,,,0,76,,59896,17,,,0,36,,59893,17,,,0
15300,'1PUBCUT-Weekday0000100',1503,,59902,17,,,0
71600,'Weekday',810,,68442,5,0,29 34 35,0
71600,'1CCSDCUT-Weekday',810,,68444,5,0,29 34 35,0
75801,'Weekday',821,,68648,2,0,32 33 1 34 35,0
75801,'1CCSDCUT-Weekday',821,,68649,2,0,32 33 1 34 35,0
84800,'Weekday',808,,69027,5,0,36 37 38 39 1 34 35,0
84800,'1PUBCUT-Weekday',808,,69029,5,0,36 37 38 39 1 34 35,0
