11400,'Saturday',558,,118401,42,,,0,71,,118391,42,,,0,84,,118409,42,,,0,40,,118392,42,,,0,80,,118411,42,,,0,80,,118402,42,,,0,40,,118412,42,,,0,80,,118403,42,,,0,80,,118393,42,,,0,40,,118404,42,,,0,80,,118395,42,,,0,80,,118410,42,,,0,40,,118394,42,,,0,80,,118413,42,,,0,80,,118396,42,,,0,40,,118414,42,,,0,80,,118405,42,,,0,80,,118397,42,,,0,40,,118407,42,,,0,80,,118399,42,,,0,80,,118415,42,,,0,40,,118398,42,,,0,80,,118416,42,,,0,80,,118408,42,,,0,40,,118417,42,,,0,80,,118406,42,,,0,80,,118400,42,,,0,90,,118418,42,,,0
11400,'Sunday',558,,118432,42,,,0,71,,118419,42,,,0,84,,118433,42,,,0,40,,118420,42,,,0,80,,118434,42,,,0,80,,118421,42,,,0,40,,118435,42,,,0,80,,118422,42,,,0,80,,118436,42,,,0,40,,118423,42,,,0,80,,118437,42,,,0,80,,118424,42,,,0,40,,118438,42,,,0,80,,118425,42,,,0,80,,118439,42,,,0,40,,118426,42,,,0,80,,118440,42,,,0,80,,118427,42,,,0,40,,118441,42,,,0,80,,118428,42,,,0,80,,118442,42,,,0,40,,118429,42,,,0,80,,118443,42,,,0,80,,118430,42,,,0,40,,118444,42,,,0,80,,118431,42,,,0,80,,118446,42,,,0,90,,118445,42,,,0
11400,'Weekday',504,,118482,17,,,0,38,,118447,42,,,0,76,,118464,42,,,0,32,,118456,42,,,0,72,,118448,42,,,0,30,,118465,42,,,0,70,,118457,42,,,0,30,,118449,42,,,0,67,,118467,42,,,0,28,,118458,42,,,0,70,,118450,42,,,0,30,,118466,42,,,0,70,,118459,42,,,0,30,,118452,42,,,0,70,,118468,42,,,0,30,,118461,42,,,0,70,,118451,42,,,0,30,,118469,42,,,0,70,,118460,42,,,0,30,,118453,42,,,0,73,,118470,42,,,0,31,,118462,42,,,0,70,,118454,42,,,0,30,,118472,42,,,0,70,,118463,42,,,0,30,,118455,42,,,0,70,,118471,42,,,0,24,,118473,42,,,0,80,,118477,42,,,0,82,,118478,42,,,0,42,,118474,42,,,0,82,,118480,42,,,0,82,,118479,42,,,0,42,,118481,42,,,0,82,,118475,42,,,0,82,,118476,42,,,0
11400,'STMPSa-Saturday',558,,118494,42,,,0,71,,118483,42,,,0,84,,118501,42,,,0,40,,118484,42,,,0,80,,118503,42,,,0,80,,118492,42,,,0,40,,118504,42,,,0,80,,118495,42,,,0,80,,118485,42,,,0,40,,118496,42,,,0,80,,118487,42,,,0,80,,118502,42,,,0,40,,118486,42,,,0,80,,118505,42,,,0,80,,118488,42,,,0,40,,118506,42,,,0,80,,118497,42,,,0,80,,118489,42,,,0,40,,118499,42,,,0,80,,118491,42,,,0,80,,118507,42,,,0,40,,118490,42,,,0,80,,118508,42,,,0,80,,118500,42,,,0,40,,118509,42,,,0,80,,118498,42,,,0,80,,118493,42,,,0,90,,118510,42,,,0
11400,'STMPSnea-Weekday',504,,118546,17,,,0,38,,118511,42,,,0,76,,118528,42,,,0,32,,118520,42,,,0,72,,118512,42,,,0,30,,118529,42,,,0,70,,118521,42,,,0,30,,118513,42,,,0,67,,118531,42,,,0,28,,118522,42,,,0,70,,118514,42,,,0,30,,118530,42,,,0,70,,118523,42,,,0,30,,118516,42,,,0,70,,118532,42,,,0,30,,118525,42,,,0,70,,118515,42,,,0,30,,118533,42,,,0,70,,118524,42,,,0,30,,118517,42,,,0,73,,118534,42,,,0,31,,118526,42,,,0,70,,118518,42,,,0,30,,118536,42,,,0,70,,118527,42,,,0,30,,118519,42,,,0,70,,118535,42,,,0,24,,118537,42,,,0,80,,118541,42,,,0,82,,118542,42,,,0,42,,118538,42,,,0,82,,118544,42,,,0,82,,118543,42,,,0,42,,118545,42,,,0,82,,118539,42,,,0,82,,118540,42,,,0
11400,'STMPSu1-Sunday',558,,118560,42,,,0,71,,118547,42,,,0,84,,118561,42,,,0,40,,118548,42,,,0,80,,118562,42,,,0,80,,118549,42,,,0,40,,118563,42,,,0,80,,118550,42,,,0,80,,118564,42,,,0,40,,118551,42,,,0,80,,118565,42,,,0,80,,118552,42,,,0,40,,118566,42,,,0,80,,118553,42,,,0,80,,118567,42,,,0,40,,118554,42,,,0,80,,118568,42,,,0,80,,118555,42,,,0,40,,118569,42,,,0,80,,118556,42,,,0,80,,118570,42,,,0,40,,118557,42,,,0,80,,118571,42,,,0,80,,118558,42,,,0,40,,118572,42,,,0,80,,118559,42,,,0,80,,118574,42,,,0,90,,118573,42,,,0
11400,'STMPSu2-Sunday',558,,118588,42,,,0,71,,118575,42,,,0,84,,118589,42,,,0,40,,118576,42,,,0,80,,118590,42,,,0,80,,118577,42,,,0,40,,118591,42,,,0,80,,118578,42,,,0,80,,118592,42,,,0,40,,118579,42,,,0,80,,118593,42,,,0,80,,118580,42,,,0,40,,118594,42,,,0,80,,118581,42,,,0,80,,118595,42,,,0,40,,118582,42,,,0,80,,118596,42,,,0,80,,118583,42,,,0,40,,118597,42,,,0,80,,118584,42,,,0,80,,118598,42,,,0,40,,118585,42,,,0,80,,118599,42,,,0,80,,118586,42,,,0,40,,118600,42,,,0,80,,118587,42,,,0,80,,118602,42,,,0,90,,118601,42,,,0
11400,'STMPWeek-Weekday',504,,118638,17,,,0,38,,118603,42,,,0,76,,118620,42,,,0,32,,118612,42,,,0,72,,118604,42,,,0,30,,118621,42,,,0,70,,118613,42,,,0,30,,118605,42,,,0,67,,118623,42,,,0,28,,118614,42,,,0,70,,118606,42,,,0,30,,118622,42,,,0,70,,118615,42,,,0,30,,118608,42,,,0,70,,118624,42,,,0,30,,118617,42,,,0,70,,118607,42,,,0,30,,118625,42,,,0,70,,118616,42,,,0,30,,118609,42,,,0,73,,118626,42,,,0,31,,118618,42,,,0,70,,118610,42,,,0,30,,118628,42,,,0,70,,118619,42,,,0,30,,118611,42,,,0,70,,118627,42,,,0,24,,118629,42,,,0,80,,118633,42,,,0,82,,118634,42,,,0,42,,118630,42,,,0,82,,118636,42,,,0,82,,118635,42,,,0,42,,118637,42,,,0,82,,118631,42,,,0,82,,118632,42,,,0
11400,'STMPar-Weekday',504,,118674,17,,,0,38,,118639,42,,,0,76,,118656,42,,,0,32,,118648,42,,,0,72,,118640,42,,,0,30,,118657,42,,,0,70,,118649,42,,,0,30,,118641,42,,,0,67,,118659,42,,,0,28,,118650,42,,,0,70,,118642,42,,,0,30,,118658,42,,,0,70,,118651,42,,,0,30,,118644,42,,,0,70,,118660,42,,,0,30,,118653,42,,,0,70,,118643,42,,,0,30,,118661,42,,,0,70,,118652,42,,,0,30,,118645,42,,,0,73,,118662,42,,,0,31,,118654,42,,,0,70,,118646,42,,,0,30,,118664,42,,,0,70,,118655,42,,,0,30,,118647,42,,,0,70,,118663,42,,,0,24,,118665,42,,,0,80,,118669,42,,,0,82,,118670,42,,,0,42,,118666,42,,,0,82,,118672,42,,,0,82,,118671,42,,,0,42,,118673,42,,,0,82,,118667,42,,,0,82,,118668,42,,,0
14200,'Weekday',1655,,126065,27,,,0,65,,126067,27,,,0,35,,126066,27,,,0
14200,'STMPSnea-Weekday',1655,,126068,27,,,0,65,,126070,27,,,0,35,,126069,27,,,0
14200,'STMPWeek-Weekday',1655,,126071,27,,,0,65,,126073,27,,,0,35,,126072,27,,,0
14200,'STMPar-Weekday',1655,,126074,27,,,0,65,,126076,27,,,0,35,,126075,27,,,0
14201,'Weekday',612,,126077,8,,,0,26,,126078,8,,,0,65,,126079,8,,,0
14201,'STMPSnea-Weekday',612,,126080,8,,,0,26,,126081,8,,,0,65,,126082,8,,,0
14201,'STMPWeek-Weekday',612,,126083,8,,,0,26,,126084,8,,,0,65,,126085,8,,,0
14201,'STMPar-Weekday',612,,126086,8,,,0,26,,126087,8,,,0,65,,126088,8,,,0
