901,'Saturday',507,,48505,,,0,50,,48516,,,0,71,,48528,,,0,31,,48533,,,0,71,,48509,,,0,71,,48522,,,0,31,,48506,,,0,72,,48517,,,0,31,,48526,,,0,71,,48534,,,0,31,,48511,,,0,71,,48524,,,0,31,,48508,,,0,72,,48518,,,0,31,,48530,,,0,71,,48535,,,0,31,,48513,,,0,71,,48523,,,0,31,,48504,,,0,71,,48519,,,0,31,,48529,,,0,71,,48536,,,0,31,,48514,,,0,71,,48525,,,0,31,,48507,,,0,70,,48520,,,0,30,,48531,,,0,71,,48537,,,0,31,,48512,,,0,71,,48527,,,0,31,,48510,,,0,71,,48521,,,0,31,,48532,,,0,71,,48538,,,0,71,,48515,,,0
901,'Sunday',507,,48541,,,0,50,,48551,,,0,71,,48570,,,0,31,,48560,,,0,71,,48540,,,0,71,,48547,,,0,31,,48555,,,0,72,,48568,,,0,31,,48563,,,0,71,,48542,,,0,31,,48549,,,0,71,,48557,,,0,31,,48571,,,0,72,,48562,,,0,31,,48539,,,0,71,,48548,,,0,31,,48556,,,0,71,,48572,,,0,31,,48565,,,0,71,,48543,,,0,31,,48550,,,0,71,,48558,,,0,31,,48573,,,0,71,,48564,,,0,31,,48544,,,0,70,,48552,,,0,30,,48559,,,0,71,,48569,,,0,31,,48566,,,0,71,,48545,,,0,31,,48553,,,0,71,,48561,,,0,31,,48554,,,0,71,,48567,,,0,71,,48546,,,0
901,'Weekday',426,,48574,,,0,22,,48589,,,0,62,,48600,,,0,22,,48615,,,0,22,,48582,,,0,62,,48595,,,0,25,,48607,,,0,62,,48575,,,0,22,,48590,,,0,11,,48627,,,0,11,,48601,,,0,11,,48628,,,0,51,,48616,,,0,11,,48629,,,0,11,,48623,,,0,11,,48630,,,0,11,,48583,,,0,51,,48633,,,0,11,,48596,,,0,21,,48608,,,0,22,,48576,,,0,62,,48591,,,0,22,,48602,,,0,62,,48617,,,0,22,,48624,,,0,22,,48584,,,0,62,,48597,,,0,22,,48610,,,0,22,,48577,,,0,62,,48592,,,0,22,,48603,,,0,62,,48618,,,0,22,,48625,,,0,22,,48585,,,0,63,,48598,,,0,22,,48611,,,0,11,,48634,,,0,11,,48578,,,0,51,,48631,,,0,11,,48593,,,0,11,,48632,,,0,11,,48604,,,0,22,,48619,,,0,62,,48626,,,0,22,,48586,,,0,62,,48599,,,0,22,,48612,,,0,19,,48579,,,0,62,,48594,,,0,22,,48605,,,0,30,,48620,,,0,70,,48587,,,0,30,,48613,,,0,70,,48580,,,0,30,,48606,,,0,70,,48621,,,0,30,,48588,,,0,70,,48614,,,0,30,,48581,,,0,70,,48609,,,0,30,,48622,,,0
901,'1CCSDCUT-Weekday',426,,48635,,,0,22,,48650,,,0,62,,48661,,,0,22,,48676,,,0,22,,48643,,,0,62,,48656,,,0,25,,48668,,,0,62,,48636,,,0,22,,48651,,,0,11,,48688,,,0,11,,48662,,,0,11,,48689,,,0,51,,48677,,,0,11,,48690,,,0,11,,48684,,,0,11,,48691,,,0,11,,48644,,,0,51,,48694,,,0,11,,48657,,,0,21,,48669,,,0,22,,48637,,,0,62,,48652,,,0,22,,48663,,,0,62,,48678,,,0,22,,48685,,,0,22,,48645,,,0,62,,48658,,,0,22,,48671,,,0,22,,48638,,,0,62,,48653,,,0,22,,48664,,,0,62,,48679,,,0,22,,48686,,,0,22,,48646,,,0,63,,48659,,,0,22,,48672,,,0,11,,48695,,,0,11,,48639,,,0,51,,48692,,,0,11,,48654,,,0,11,,48693,,,0,11,,48665,,,0,22,,48680,,,0,62,,48687,,,0,22,,48647,,,0,62,,48660,,,0,22,,48673,,,0,19,,48640,,,0,62,,48655,,,0,22,,48666,,,0,30,,48681,,,0,70,,48648,,,0,30,,48674,,,0,70,,48641,,,0,30,,48667,,,0,70,,48682,,,0,30,,48649,,,0,70,,48675,,,0,30,,48642,,,0,70,,48670,,,0,30,,48683,,,0
901,'1PUBCUT-Weekday',426,,48696,,,0,22,,48711,,,0,62,,48722,,,0,22,,48737,,,0,22,,48704,,,0,62,,48717,,,0,25,,48729,,,0,62,,48697,,,0,22,,48712,,,0,11,,48749,,,0,11,,48723,,,0,11,,48750,,,0,51,,48738,,,0,11,,48751,,,0,11,,48745,,,0,11,,48752,,,0,11,,48705,,,0,51,,48755,,,0,11,,48718,,,0,21,,48730,,,0,22,,48698,,,0,62,,48713,,,0,22,,48724,,,0,62,,48739,,,0,22,,48746,,,0,22,,48706,,,0,62,,48719,,,0,22,,48732,,,0,22,,48699,,,0,62,,48714,,,0,22,,48725,,,0,62,,48740,,,0,22,,48747,,,0,22,,48707,,,0,63,,48720,,,0,22,,48733,,,0,11,,48756,,,0,11,,48700,,,0,51,,48753,,,0,11,,48715,,,0,11,,48754,,,0,11,,48726,,,0,22,,48741,,,0,62,,48748,,,0,22,,48708,,,0,62,,48721,,,0,22,,48734,,,0,19,,48701,,,0,62,,48716,,,0,22,,48727,,,0,30,,48742,,,0,70,,48709,,,0,30,,48735,,,0,70,,48702,,,0,30,,48728,,,0,70,,48743,,,0,30,,48710,,,0,70,,48736,,,0,30,,48703,,,0,70,,48731,,,0,30,,48744,,,0
5300,'Saturday',547,,59577,,,0,74,,59603,,,0,31,,59578,,,0,71,,59606,,,0,31,,59579,,,0,71,,59583,,,0,31,,59594,,,0,71,,59584,,,0,31,,59596,,,0,71,,59585,,,0,71,,59595,,,0,31,,59586,,,0,71,,59597,,,0,31,,59587,,,0,71,,59599,,,0,31,,59589,,,0,71,,59598,,,0,31,,59588,,,0,71,,59600,,,0,31,,59590,,,0,71,,59601,,,0,31,,59592,,,0,71,,59602,,,0,31,,59591,,,0,72,,59604,,,0,30,,59593,,,0,71,,59605,,,0,31,,59580,,,0,71,,59607,,,0,31,,59582,,,0,71,,59608,,,0,31,,59581,,,0
5300,'Sunday',652,,59610,,,0,71,,59627,,,0,31,,59611,,,0,71,,59626,,,0,31,,59612,,,0,71,,59628,,,0,31,,59613,,,0,71,,59630,,,0,71,,59614,,,0,31,,59629,,,0,71,,59615,,,0,31,,59631,,,0,71,,59616,,,0,31,,59633,,,0,71,,59617,,,0,31,,59632,,,0,71,,59618,,,0,31,,59635,,,0,71,,59620,,,0,31,,59634,,,0,71,,59619,,,0,31,,59636,,,0,72,,59622,,,0,30,,59637,,,0,71,,59621,,,0,31,,59638,,,0,71,,59623,,,0,31,,59639,,,0,71,,59624,,,0,31,,59640,,,0
5300,'Weekday',531,,59652,,,0,76,,59653,,,0,36,,59654,,,0,77,,59655,,,0,38,,59656,,,0,76,,59657,,,0,76,,59658,,,0,33,,59659,,,0,76,,59660,,,0,36,,59661,,,0,77,,59662,,,0,76,,59663,,,0,36,,59664,,,0,77,,59665,,,0,35,,59666,,,0,76,,59667,,,0,76,,59668,,,0,38,,59669,,,0,76,,59670,,,0,36,,59671,,,0,76,,59672,,,0,76,,59673,,,0,36,,59674,,,0,76,,59675,,,0,32,,59642,,,0,75,,59643,,,0,76,,59644,,,0,36,,59645,,,0,76,,59646,,,0,36,,59648,,,0,76,,59649,,,0,76,,59650,,,0,40,,59647,,,0
5300,'1CCSDCUT-Weekday',531,,59687,,,0,76,,59688,,,0,36,,59689,,,0,77,,59690,,,0,38,,59691,,,0,76,,59692,,,0,76,,59693,,,0,33,,59694,,,0,76,,59695,,,0,36,,59696,,,0,77,,59697,,,0,76,,59698,,,0,36,,59699,,,0,77,,59700,,,0,35,,59701,,,0,76,,59702,,,0,76,,59703,,,0,38,,59704,,,0,76,,59705,,,0,36,,59706,,,0,76,,59707,,,0,76,,59708,,,0,36,,59709,,,0,76,,59710,,,0,32,,59677,,,0,75,,59678,,,0,76,,59679,,,0,36,,59680,,,0,76,,59681,,,0,36,,59683,,,0,76,,59684,,,0,76,,59685,,,0,40,,59682,,,0
5300,'1PUBCUT-Weekday',531,,59722,,,0,76,,59723,,,0,36,,59724,,,0,77,,59725,,,0,38,,59726,,,0,76,,59727,,,0,76,,59728,,,0,33,,59729,,,0,76,,59730,,,0,36,,59731,,,0,77,,59732,,,0,76,,59733,,,0,36,,59734,,,0,77,,59735,,,0,35,,59736,,,0,76,,59737,,,0,76,,59738,,,0,38,,59739,,,0,76,,59740,,,0,36,,59741,,,0,76,,59742,,,0,76,,59743,,,0,36,,59744,,,0,76,,59745,,,0,32,,59712,,,0,75,,59713,,,0,76,,59714,,,0,36,,59715,,,0,76,,59716,,,0,36,,59718,,,0,76,,59719,,,0,76,,59720,,,0,40,,59717,,,0
