9701,'Saturday',601,,112786,2,,,0,46,,112804,2,,,0,80,,112795,2,,,0,80,,112787,2,,,0,40,,112805,2,,,0,80,,112796,2,,,0,80,,112788,2,,,0,40,,112806,2,,,0,80,,112797,2,,,0,80,,112789,2,,,0,40,,112807,2,,,0,80,,112798,2,,,0,80,,112790,2,,,0,40,,112808,2,,,0,80,,112799,2,,,0,80,,112791,2,,,0,40,,112809,2,,,0,80,,112800,2,,,0,80,,112792,2,,,0,40,,112810,2,,,0,80,,112801,2,,,0,80,,112793,2,,,0,40,,112811,2,,,0,80,,112802,2,,,0,80,,112794,2,,,0,40,,112812,2,,,0,80,,112803,2,,,0
9701,'Sunday',601,,112814,2,,,0,46,,112832,2,,,0,80,,112822,2,,,0,80,,112813,2,,,0,40,,112830,2,,,0,80,,112823,2,,,0,80,,112815,2,,,0,40,,112833,2,,,0,80,,112824,2,,,0,80,,112816,2,,,0,40,,112834,2,,,0,80,,112825,2,,,0,80,,112817,2,,,0,40,,112835,2,,,0,80,,112826,2,,,0,80,,112818,2,,,0,40,,112836,2,,,0,80,,112827,2,,,0,80,,112819,2,,,0,40,,112837,2,,,0,80,,112828,2,,,0,80,,112820,2,,,0,40,,112838,2,,,0,80,,112829,2,,,0,80,,112821,2,,,0,40,,112839,2,,,0,80,,112831,2,,,0
9701,'Weekday',514,,112840,2,,,0,40,,112859,2,,,0,70,,112872,2,,,0,30,,112853,2,,,0,70,,112841,2,,,0,30,,112860,2,,,0,70,,112873,2,,,0,30,,112854,2,,,0,70,,112842,2,,,0,30,,112861,2,,,0,70,,112874,2,,,0,30,,112855,2,,,0,70,,112843,2,,,0,30,,112862,2,,,0,70,,112875,2,,,0,30,,112856,2,,,0,70,,112844,2,,,0,30,,112863,2,,,0,70,,112876,2,,,0,30,,112857,2,,,0,70,,112845,2,,,0,30,,112864,2,,,0,70,,112877,2,,,0,30,,112858,2,,,0,70,,112847,2,,,0,30,,112866,2,,,0,70,,112846,2,,,0,30,,112865,2,,,0,70,,112848,2,,,0,30,,112867,2,,,0,70,,112849,2,,,0,30,,112869,2,,,0,70,,112850,2,,,0,30,,112868,2,,,0,70,,112851,2,,,0,30,,112870,2,,,0,85,,112871,2,,,0
9701,'STMPSa-Saturday',601,,112878,2,,,0,46,,112896,2,,,0,80,,112887,2,,,0,80,,112879,2,,,0,40,,112897,2,,,0,80,,112888,2,,,0,80,,112880,2,,,0,40,,112898,2,,,0,80,,112889,2,,,0,80,,112881,2,,,0,40,,112899,2,,,0,80,,112890,2,,,0,80,,112882,2,,,0,40,,112900,2,,,0,80,,112891,2,,,0,80,,112883,2,,,0,40,,112901,2,,,0,80,,112892,2,,,0,80,,112884,2,,,0,40,,112902,2,,,0,80,,112893,2,,,0,80,,112885,2,,,0,40,,112903,2,,,0,80,,112894,2,,,0,80,,112886,2,,,0,40,,112904,2,,,0,80,,112895,2,,,0
9701,'STMPSnea-Weekday',514,,112905,2,,,0,40,,112924,2,,,0,70,,112937,2,,,0,30,,112918,2,,,0,70,,112906,2,,,0,30,,112925,2,,,0,70,,112938,2,,,0,30,,112919,2,,,0,70,,112907,2,,,0,30,,112926,2,,,0,70,,112939,2,,,0,30,,112920,2,,,0,70,,112908,2,,,0,30,,112927,2,,,0,70,,112940,2,,,0,30,,112921,2,,,0,70,,112909,2,,,0,30,,112928,2,,,0,70,,112941,2,,,0,30,,112922,2,,,0,70,,112910,2,,,0,30,,112929,2,,,0,70,,112942,2,,,0,30,,112923,2,,,0,70,,112912,2,,,0,30,,112931,2,,,0,70,,112911,2,,,0,30,,112930,2,,,0,70,,112913,2,,,0,30,,112932,2,,,0,70,,112914,2,,,0,30,,112934,2,,,0,70,,112915,2,,,0,30,,112933,2,,,0,70,,112916,2,,,0,30,,112935,2,,,0,85,,112936,2,,,0
9701,'STMPSu1-Sunday',601,,112944,2,,,0,46,,112962,2,,,0,80,,112952,2,,,0,80,,112943,2,,,0,40,,112960,2,,,0,80,,112953,2,,,0,80,,112945,2,,,0,40,,112963,2,,,0,80,,112954,2,,,0,80,,112946,2,,,0,40,,112964,2,,,0,80,,112955,2,,,0,80,,112947,2,,,0,40,,112965,2,,,0,80,,112956,2,,,0,80,,112948,2,,,0,40,,112966,2,,,0,80,,112957,2,,,0,80,,112949,2,,,0,40,,112967,2,,,0,80,,112958,2,,,0,80,,112950,2,,,0,40,,112968,2,,,0,80,,112959,2,,,0,80,,112951,2,,,0,40,,112969,2,,,0,80,,112961,2,,,0
9701,'STMPSu2-Sunday',601,,112971,2,,,0,46,,112989,2,,,0,80,,112979,2,,,0,80,,112970,2,,,0,40,,112987,2,,,0,80,,112980,2,,,0,80,,112972,2,,,0,40,,112990,2,,,0,80,,112981,2,,,0,80,,112973,2,,,0,40,,112991,2,,,0,80,,112982,2,,,0,80,,112974,2,,,0,40,,112992,2,,,0,80,,112983,2,,,0,80,,112975,2,,,0,40,,112993,2,,,0,80,,112984,2,,,0,80,,112976,2,,,0,40,,112994,2,,,0,80,,112985,2,,,0,80,,112977,2,,,0,40,,112995,2,,,0,80,,112986,2,,,0,80,,112978,2,,,0,40,,112996,2,,,0,80,,112988,2,,,0
9701,'STMPWeek-Weekday',514,,112997,2,,,0,40,,113016,2,,,0,70,,113029,2,,,0,30,,113010,2,,,0,70,,112998,2,,,0,30,,113017,2,,,0,70,,113030,2,,,0,30,,113011,2,,,0,70,,112999,2,,,0,30,,113018,2,,,0,70,,113031,2,,,0,30,,113012,2,,,0,70,,113000,2,,,0,30,,113019,2,,,0,70,,113032,2,,,0,30,,113013,2,,,0,70,,113001,2,,,0,30,,113020,2,,,0,70,,113033,2,,,0,30,,113014,2,,,0,70,,113002,2,,,0,30,,113021,2,,,0,70,,113034,2,,,0,30,,113015,2,,,0,70,,113004,2,,,0,30,,113023,2,,,0,70,,113003,2,,,0,30,,113022,2,,,0,70,,113005,2,,,0,30,,113024,2,,,0,70,,113006,2,,,0,30,,113026,2,,,0,70,,113007,2,,,0,30,,113025,2,,,0,70,,113008,2,,,0,30,,113027,2,,,0,85,,113028,2,,,0
9701,'STMPar-Weekday',514,,113035,2,,,0,40,,113054,2,,,0,70,,113067,2,,,0,30,,113048,2,,,0,70,,113036,2,,,0,30,,113055,2,,,0,70,,113068,2,,,0,30,,113049,2,,,0,70,,113037,2,,,0,30,,113056,2,,,0,70,,113069,2,,,0,30,,113050,2,,,0,70,,113038,2,,,0,30,,113057,2,,,0,70,,113070,2,,,0,30,,113051,2,,,0,70,,113039,2,,,0,30,,113058,2,,,0,70,,113071,2,,,0,30,,113052,2,,,0,70,,113040,2,,,0,30,,113059,2,,,0,70,,113072,2,,,0,30,,113053,2,,,0,70,,113042,2,,,0,30,,113061,2,,,0,70,,113041,2,,,0,30,,113060,2,,,0,70,,113043,2,,,0,30,,113062,2,,,0,70,,113044,2,,,0,30,,113064,2,,,0,70,,113045,2,,,0,30,,113063,2,,,0,70,,113046,2,,,0,30,,113065,2,,,0,85,,113066,2,,,0
11301,'Weekday',602,,118260,2,,,0,33,,118252,2,,,0,72,,118261,2,,,0,32,,118253,2,,,0,72,,118262,2,,,0,32,,118254,2,,,0,72,,118263,2,,,0,32,,118255,2,,,0,72,,118265,2,,,0,32,,118256,2,,,0,72,,118264,2,,,0,32,,118257,2,,,0,72,,118266,2,,,0,32,,118258,2,,,0,72,,118267,2,,,0,72,,118259,2,,,0,32,,118268,2,,,0,72,,118277,2,,,0,32,,118269,2,,,0,72,,118278,2,,,0,32,,118270,2,,,0,72,,118279,2,,,0,32,,118271,2,,,0,72,,118280,2,,,0,32,,118272,2,,,0,72,,118281,2,,,0,32,,118273,2,,,0,71,,118282,2,,,0,32,,118274,2,,,0,72,,118284,2,,,0,72,,118275,2,,,0,32,,118283,2,,,0,72,,118276,2,,,0,32,,118285,2,,,0
11301,'STMPSnea-Weekday',602,,118295,2,,,0,33,,118287,2,,,0,72,,118296,2,,,0,32,,118288,2,,,0,72,,118297,2,,,0,32,,118289,2,,,0,72,,118298,2,,,0,32,,118290,2,,,0,72,,118300,2,,,0,32,,118291,2,,,0,72,,118299,2,,,0,32,,118292,2,,,0,72,,118301,2,,,0,32,,118293,2,,,0,72,,118302,2,,,0,72,,118294,2,,,0,32,,118303,2,,,0,72,,118312,2,,,0,32,,118304,2,,,0,72,,118313,2,,,0,32,,118305,2,,,0,72,,118314,2,,,0,32,,118306,2,,,0,72,,118315,2,,,0,32,,118307,2,,,0,72,,118316,2,,,0,32,,118308,2,,,0,71,,118317,2,,,0,32,,118309,2,,,0,72,,118319,2,,,0,72,,118310,2,,,0,32,,118318,2,,,0,72,,118311,2,,,0,32,,118320,2,,,0
11301,'STMPWeek-Weekday',602,,118330,2,,,0,33,,118322,2,,,0,72,,118331,2,,,0,32,,118323,2,,,0,72,,118332,2,,,0,32,,118324,2,,,0,72,,118333,2,,,0,32,,118325,2,,,0,72,,118335,2,,,0,32,,118326,2,,,0,72,,118334,2,,,0,32,,118327,2,,,0,72,,118336,2,,,0,32,,118328,2,,,0,72,,118337,2,,,0,72,,118329,2,,,0,32,,118338,2,,,0,72,,118347,2,,,0,32,,118339,2,,,0,72,,118348,2,,,0,32,,118340,2,,,0,72,,118349,2,,,0,32,,118341,2,,,0,72,,118350,2,,,0,32,,118342,2,,,0,72,,118351,2,,,0,32,,118343,2,,,0,71,,118352,2,,,0,32,,118344,2,,,0,72,,118354,2,,,0,72,,118345,2,,,0,32,,118353,2,,,0,72,,118346,2,,,0,32,,118355,2,,,0
11301,'STMPar-Weekday',602,,118365,2,,,0,33,,118357,2,,,0,72,,118366,2,,,0,32,,118358,2,,,0,72,,118367,2,,,0,32,,118359,2,,,0,72,,118368,2,,,0,32,,118360,2,,,0,72,,118370,2,,,0,32,,118361,2,,,0,72,,118369,2,,,0,32,,118362,2,,,0,72,,118371,2,,,0,32,,118363,2,,,0,72,,118372,2,,,0,72,,118364,2,,,0,32,,118373,2,,,0,72,,118382,2,,,0,32,,118374,2,,,0,72,,118383,2,,,0,32,,118375,2,,,0,72,,118385,2,,,0,32,,118376,2,,,0,72,,118384,2,,,0,32,,118377,2,,,0,72,,118386,2,,,0,32,,118378,2,,,0,71,,118387,2,,,0,32,,118379,2,,,0,72,,118389,2,,,0,72,,118380,2,,,0,32,,118388,2,,,0,72,,118381,2,,,0,32,,118390,2,,,0
