9800,'Saturday',553,,50356,15,,,0,77,,50357,15,,,0,75,,50358,15,,,0,35,,50360,15,,,0,75,,50361,15,,,0,35,,50359,15,,,0,75,,50362,15,,,0,75,,50363,15,,,0,35,,50364,15,,,0,75,,50365,15,,,0,35,,50366,15,,,0,75,,50367,15,,,0,35,,50368,15,,,0,75,,50369,15,,,0,75,,50370,15,,,0,35,,50371,15,,,0,75,,50372,15,,,0,35,,50373,15,,,0,75,,50374,15,,,0,75,,50375,15,,,0,35,,50376,15,,,0,75,,50377,15,,,0,35,,50378,15,,,0,75,,50379,15,,,0,35,,50380,15,,,0,75,,50381,15,,,0,75,,50382,15,,,0,35,,50383,15,,,0,75,,50384,15,,,0,35,,50385,15,,,0
9800,'Sunday',814,,50386,15,,,0,35,,50387,15,,,0,75,,50388,15,,,0,35,,50389,15,,,0,75,,50391,15,,,0,75,,50392,15,,,0,35,,50393,15,,,0,75,,50390,15,,,0,35,,50394,15,,,0,75,,50395,15,,,0,75,,50396,15,,,0,35,,50397,15,,,0,75,,50399,15,,,0,35,,50398,15,,,0,75,,50400,15,,,0,35,,50402,15,,,0,75,,50401,15,,,0,75,,50403,15,,,0,35,,50404,15,,,0,75,,50405,15,,,0,35,,50406,15,,,0,75,,50407,15,,,0,75,,50408,15,,,0,35,,50409,15,,,0,75,,50411,15,,,0,35,,50410,15,,,0
9800,'Weekday',507,,50414,15,,,0,33,,50431,15,,,0,76,,50415,15,,,0,33,,50432,15,,,0,73,,50416,15,,,0,33,,50433,15,,,0,67,,50413,15,,,0,6,,50417,15,,,0,73,,50434,15,,,0,32,,50418,15,,,0,73,,50435,15,,,0,33,,50419,15,,,0,73,,50436,15,,,0,33,,50420,15,,,0,73,,50437,15,,,0,33,,50421,15,,,0,73,,50438,15,,,0,33,,50422,15,,,0,73,,50439,15,,,0,74,,50423,15,,,0,34,,50440,15,,,0,17,,50412,15,,,0,56,,50424,15,,,0,33,,50441,15,,,0,73,,50425,15,,,0,33,,50442,15,,,0,70,,50426,15,,,0,33,,50443,15,,,0,73,,50427,15,,,0,33,,50444,15,,,0,73,,50428,15,,,0,73,,50445,15,,,0,33,,50429,15,,,0,73,,50446,15,,,0,33,,50430,15,,,0,73,,50447,15,,,0
9800,'Weekday0000100',1338,,50448,15,,,0
9800,'Weekday1111000',1559,,50449,15,,,0
9800,'1CCSDCUT-Weekday',507,,50452,15,,,0,33,,50469,15,,,0,76,,50453,15,,,0,33,,50470,15,,,0,73,,50454,15,,,0,33,,50471,15,,,0,67,,50451,15,,,0,6,,50455,15,,,0,73,,50472,15,,,0,32,,50456,15,,,0,73,,50473,15,,,0,33,,50457,15,,,0,73,,50474,15,,,0,33,,50458,15,,,0,73,,50475,15,,,0,33,,50459,15,,,0,73,,50476,15,,,0,33,,50460,15,,,0,73,,50477,15,,,0,74,,50461,15,,,0,34,,50478,15,,,0,17,,50450,15,,,0,56,,50462,15,,,0,33,,50479,15,,,0,73,,50463,15,,,0,33,,50480,15,,,0,70,,50464,15,,,0,33,,50481,15,,,0,73,,50465,15,,,0,33,,50482,15,,,0,73,,50466,15,,,0,73,,50483,15,,,0,33,,50467,15,,,0,73,,50484,15,,,0,33,,50468,15,,,0,73,,50485,15,,,0
9800,'1CCSDCUT-Weekday0000100',1338,,50486,15,,,0
9800,'1CCSDCUT-Weekday1111000',1559,,50487,15,,,0
9800,'1PUBCUT-Weekday',507,,50490,15,,,0,33,,50507,15,,,0,76,,50491,15,,,0,33,,50508,15,,,0,73,,50492,15,,,0,33,,50509,15,,,0,67,,50489,15,,,0,6,,50493,15,,,0,73,,50510,15,,,0,32,,50494,15,,,0,73,,50511,15,,,0,33,,50495,15,,,0,73,,50512,15,,,0,33,,50496,15,,,0,73,,50513,15,,,0,33,,50497,15,,,0,73,,50514,15,,,0,33,,50498,15,,,0,73,,50515,15,,,0,74,,50499,15,,,0,34,,50516,15,,,0,17,,50488,15,,,0,56,,50500,15,,,0,33,,50517,15,,,0,73,,50501,15,,,0,33,,50518,15,,,0,70,,50502,15,,,0,33,,50519,15,,,0,73,,50503,15,,,0,33,,50520,15,,,0,73,,50504,15,,,0,73,,50521,15,,,0,33,,50505,15,,,0,73,,50522,15,,,0,33,,50506,15,,,0,73,,50523,15,,,0
69900,'Weekday0000100',1429,,68339,39,0,115 116,0,80,,68338,39,0,115 116,0
69900,'Weekday1111000',1621,,68340,39,0,115 116,0
69900,'1CCSDCUT-Weekday0000100',1429,,68342,39,0,115 116,0,80,,68341,39,0,115 116,0
69900,'1CCSDCUT-Weekday1111000',1621,,68343,39,0,115 116,0
69900,'1PUBCUT-Weekday0000100',1429,,68345,39,0,115 116,0,80,,68344,39,0,115 116,0
69900,'1PUBCUT-Weekday1111000',1621,,68346,39,0,115 116,0
72800,'Weekday',820,,68516,12,0,140 69 31,0
72800,'1CCSDCUT-Weekday',820,,68517,12,0,140 69 31,0
72801,'Weekday0000100',1437,,68518,2,4,,0
72801,'Weekday1111000',1620,,68519,2,4,,0
72801,'1CCSDCUT-Weekday0000100',1437,,68520,2,4,,0
72801,'1CCSDCUT-Weekday1111000',1620,,68521,2,4,,0
89401,'Weekday',1534,,69167,44,0,12 68 1 114 12,0
89401,'1PUBCUT-Weekday',1534,,69168,44,0,12 68 1 114 12,0
