1900,'Saturday',652,,50863,,,0,75,,50848,,,0,75,,50842,,,0,35,,50856,,,0,75,,50864,,,0,35,,50850,,,0,75,,50841,,,0,35,,50858,,,0,75,,50865,,,0,75,,50849,,,0,31,,50843,,,0,20,,50870,,,0,68,,50857,,,0,28,,50866,,,0,68,,50851,,,0,28,,50844,,,0,68,,50872,,,0,28,,50860,,,0,68,,50867,,,0,28,,50852,,,0,68,,50845,,,0,28,,50873,,,0,68,,50859,,,0,28,,50869,,,0,75,,50853,,,0,35,,50846,,,0,75,,50862,,,0,35,,50868,,,0,75,,50855,,,0,75,,50847,,,0,35,,50861,,,0,75,,50871,,,0
1900,'Sunday',652,,50897,,,0,75,,50882,,,0,75,,50875,,,0,35,,50889,,,0,75,,50898,,,0,35,,50883,,,0,75,,50876,,,0,35,,50892,,,0,75,,50899,,,0,75,,50884,,,0,31,,50877,,,0,20,,50905,,,0,68,,50891,,,0,28,,50901,,,0,68,,50885,,,0,28,,50878,,,0,68,,50906,,,0,28,,50893,,,0,68,,50900,,,0,28,,50886,,,0,68,,50879,,,0,28,,50907,,,0,68,,50894,,,0,28,,50902,,,0,75,,50887,,,0,35,,50880,,,0,75,,50895,,,0,35,,50903,,,0,75,,50888,,,0,75,,50881,,,0,35,,50896,,,0,75,,50904,,,0
1900,'Weekday',532,,50934,,,0,70,,50942,,,0,25,,50910,,,0,74,,50918,,,0,25,,50927,,,0,75,,50935,,,0,5,,50908,0,45 46 47,0,33,,50943,,,0,70,,50912,,,0,32,,50919,,,0,72,,50928,,,0,32,,50936,,,0,72,,50944,,,0,32,,50911,,,0,72,,50920,,,0,32,,50929,,,0,72,,50937,,,0,32,,50945,,,0,72,,50913,,,0,73,,50921,,,0,4,,50909,0,45 46 47,0,28,,50930,,,0,72,,50938,,,0,31,,50946,,,0,72,,50914,,,0,32,,50922,,,0,71,,50931,,,0,29,,50939,,,0,66,,50947,,,0,30,,50915,,,0,70,,50923,,,0,30,,50932,,,0,70,,50940,,,0,30,,50948,,,0,70,,50916,,,0,30,,50924,,,0,69,,50933,,,0,30,,50941,,,0,70,,50949,,,0,30,,50917,,,0,70,,50925,,,0
1900,'1CCSDCUT-Weekday',532,,50976,,,0,70,,50984,,,0,25,,50952,,,0,74,,50960,,,0,25,,50969,,,0,75,,50977,,,0,5,,50950,0,45 46 47,0,33,,50985,,,0,70,,50954,,,0,32,,50961,,,0,72,,50970,,,0,32,,50978,,,0,72,,50986,,,0,32,,50953,,,0,72,,50962,,,0,32,,50971,,,0,72,,50979,,,0,32,,50987,,,0,72,,50955,,,0,73,,50963,,,0,4,,50951,0,45 46 47,0,28,,50972,,,0,72,,50980,,,0,31,,50988,,,0,72,,50956,,,0,32,,50964,,,0,71,,50973,,,0,29,,50981,,,0,66,,50989,,,0,30,,50957,,,0,70,,50965,,,0,30,,50974,,,0,70,,50982,,,0,30,,50990,,,0,70,,50958,,,0,30,,50966,,,0,69,,50975,,,0,30,,50983,,,0,70,,50991,,,0,30,,50959,,,0,70,,50967,,,0
1900,'1PUBCUT-Weekday',532,,51017,,,0,70,,51025,,,0,25,,50993,,,0,74,,51001,,,0,25,,51010,,,0,75,,51018,,,0,38,,51026,,,0,70,,50995,,,0,32,,51002,,,0,72,,51011,,,0,32,,51019,,,0,72,,51027,,,0,32,,50994,,,0,72,,51003,,,0,32,,51012,,,0,72,,51020,,,0,32,,51028,,,0,72,,50996,,,0,73,,51004,,,0,4,,50992,0,45 46 47,0,28,,51013,,,0,72,,51021,,,0,31,,51029,,,0,72,,50997,,,0,32,,51005,,,0,71,,51014,,,0,29,,51022,,,0,66,,51030,,,0,30,,50998,,,0,70,,51006,,,0,30,,51015,,,0,70,,51023,,,0,30,,51031,,,0,70,,50999,,,0,30,,51007,,,0,69,,51016,,,0,30,,51024,,,0,70,,51032,,,0,30,,51000,,,0,70,,51008,,,0
10400,'Saturday',600,,72363,,,0,32,,72378,,,0,72,,72364,,,0,32,,72379,,,0,72,,72366,,,0,32,,72380,,,0,72,,72368,,,0,32,,72381,,,0,72,,72367,,,0,32,,72382,,,0,72,,72365,,,0,32,,72383,,,0,72,,72369,,,0,32,,72384,,,0,72,,72371,,,0,72,,72385,,,0,32,,72370,,,0,72,,72386,,,0,32,,72372,,,0,72,,72389,,,0,32,,72374,,,0,72,,72387,,,0,32,,72373,,,0,72,,72388,,,0,32,,72375,,,0,72,,72390,,,0,32,,72377,,,0,72,,72391,,,0,32,,72376,,,0,74,,72392,,,0
10400,'Sunday',600,,72393,,,0,32,,72408,,,0,72,,72394,,,0,32,,72409,,,0,72,,72396,,,0,32,,72410,,,0,72,,72395,,,0,32,,72411,,,0,72,,72398,,,0,32,,72412,,,0,72,,72399,,,0,32,,72413,,,0,72,,72397,,,0,32,,72414,,,0,72,,72400,,,0,72,,72415,,,0,32,,72402,,,0,72,,72416,,,0,32,,72401,,,0,72,,72418,,,0,32,,72403,,,0,72,,72417,,,0,32,,72404,,,0,72,,72419,,,0,32,,72405,,,0,72,,72420,,,0,32,,72407,,,0,72,,72421,,,0,32,,72406,,,0,74,,72422,,,0
10400,'Weekday',539,,72423,,,0,71,,72441,,,0,30,,72424,,,0,72,,72443,,,0,34,,72425,,,0,73,,72444,,,0,32,,72426,,,0,72,,72445,,,0,32,,72427,,,0,72,,72446,,,0,32,,72428,,,0,72,,72447,,,0,72,,72429,,,0,32,,72448,,,0,72,,72430,,,0,32,,72449,,,0,72,,72431,,,0,32,,72450,,,0,72,,72432,,,0,32,,72451,,,0,73,,72433,,,0,32,,72453,,,0,73,,72434,,,0,30,,72452,,,0,72,,72435,,,0,32,,72454,,,0,72,,72436,,,0,72,,72455,,,0,32,,72437,,,0,72,,72456,,,0,32,,72438,,,0,72,,72457,,,0,32,,72439,,,0,72,,72458,,,0,32,,72440,,,0,72,,72459,,,0,36,,72442,,,0
10400,'1CCSDCUT-Weekday',539,,72460,,,0,71,,72478,,,0,30,,72461,,,0,72,,72480,,,0,34,,72462,,,0,73,,72481,,,0,32,,72463,,,0,72,,72482,,,0,32,,72464,,,0,72,,72483,,,0,32,,72465,,,0,72,,72484,,,0,72,,72466,,,0,32,,72485,,,0,72,,72467,,,0,32,,72486,,,0,72,,72468,,,0,32,,72487,,,0,72,,72469,,,0,32,,72488,,,0,73,,72470,,,0,32,,72490,,,0,73,,72471,,,0,30,,72489,,,0,72,,72472,,,0,32,,72491,,,0,72,,72473,,,0,72,,72492,,,0,32,,72474,,,0,72,,72493,,,0,32,,72475,,,0,72,,72494,,,0,32,,72476,,,0,72,,72495,,,0,32,,72477,,,0,72,,72496,,,0,36,,72479,,,0
10400,'1PUBCUT-Weekday',539,,72497,,,0,71,,72515,,,0,30,,72498,,,0,72,,72517,,,0,34,,72499,,,0,73,,72518,,,0,32,,72500,,,0,72,,72519,,,0,32,,72501,,,0,72,,72520,,,0,32,,72502,,,0,72,,72521,,,0,72,,72503,,,0,32,,72522,,,0,72,,72504,,,0,32,,72523,,,0,72,,72505,,,0,32,,72524,,,0,72,,72506,,,0,32,,72525,,,0,73,,72507,,,0,32,,72527,,,0,73,,72508,,,0,30,,72526,,,0,72,,72509,,,0,32,,72528,,,0,72,,72510,,,0,72,,72529,,,0,32,,72511,,,0,72,,72530,,,0,32,,72512,,,0,72,,72531,,,0,32,,72513,,,0,72,,72532,,,0,32,,72514,,,0,72,,72533,,,0,36,,72516,,,0
