1501,'Saturday',709,,79302,26,,,0,38,,79309,26,,,0,78,,79315,26,,,0,78,,79303,26,,,0,38,,79310,26,,,0,78,,79317,26,,,0,38,,79304,26,,,0,78,,79311,26,,,0,78,,79316,26,,,0,38,,79305,26,,,0,78,,79312,26,,,0,78,,79318,26,,,0,38,,79306,26,,,0,78,,79313,26,,,0,78,,79319,26,,,0,38,,79307,26,,,0,78,,79314,26,,,0,38,,79320,26,,,0,78,,79308,26,,,0
1501,'Sunday',709,,79321,26,,,0,97,,79328,26,,,0,97,,79322,26,,,0,97,,79329,26,,,0,57,,79323,26,,,0,97,,79330,26,,,0,97,,79324,26,,,0,97,,79331,26,,,0,97,,79325,26,,,0,97,,79332,26,,,0,97,,79326,26,,,0,97,,79333,26,,,0,97,,79327,26,,,0
1501,'Weekday',608,,79348,14,,,0,40,,79341,26,,,0,79,,79334,26,,,0,75,,79349,26,,,0,40,,79342,26,,,0,79,,79335,26,,,0,80,,79350,26,,,0,40,,79343,26,,,0,80,,79336,26,,,0,80,,79351,26,,,0,40,,79344,26,,,0,80,,79337,26,,,0,80,,79352,26,,,0,40,,79345,26,,,0,80,,79338,26,,,0,35,,79353,26,,,0,71,,79355,26,,,0,30,,79346,26,,,0,70,,79339,26,,,0,29,,79354,26,,,0,69,,79356,26,,,0,29,,79347,26,,,0,79,,79340,26,,,0,78,,79357,26,,,0
1501,'STMPSa-Saturday',709,,79358,26,,,0,38,,79365,26,,,0,78,,79371,26,,,0,78,,79359,26,,,0,38,,79366,26,,,0,78,,79373,26,,,0,38,,79360,26,,,0,78,,79367,26,,,0,78,,79372,26,,,0,38,,79361,26,,,0,78,,79368,26,,,0,78,,79374,26,,,0,38,,79362,26,,,0,78,,79369,26,,,0,78,,79375,26,,,0,38,,79363,26,,,0,78,,79370,26,,,0,38,,79376,26,,,0,78,,79364,26,,,0
1501,'STMPSnea-Weekday',608,,79391,14,,,0,40,,79384,26,,,0,79,,79377,26,,,0,75,,79392,26,,,0,40,,79385,26,,,0,79,,79378,26,,,0,80,,79393,26,,,0,40,,79386,26,,,0,80,,79379,26,,,0,80,,79394,26,,,0,40,,79387,26,,,0,80,,79380,26,,,0,80,,79395,26,,,0,40,,79388,26,,,0,80,,79381,26,,,0,35,,79396,26,,,0,71,,79398,26,,,0,30,,79389,26,,,0,70,,79382,26,,,0,29,,79397,26,,,0,69,,79399,26,,,0,29,,79390,26,,,0,79,,79383,26,,,0,78,,79400,26,,,0
1501,'STMPSu1-Sunday',709,,79401,26,,,0,97,,79408,26,,,0,97,,79402,26,,,0,97,,79409,26,,,0,57,,79403,26,,,0,97,,79410,26,,,0,97,,79404,26,,,0,97,,79411,26,,,0,97,,79405,26,,,0,97,,79412,26,,,0,97,,79406,26,,,0,97,,79413,26,,,0,97,,79407,26,,,0
1501,'STMPSu2-Sunday',709,,79414,26,,,0,97,,79421,26,,,0,97,,79415,26,,,0,97,,79422,26,,,0,57,,79416,26,,,0,97,,79423,26,,,0,97,,79417,26,,,0,97,,79424,26,,,0,97,,79418,26,,,0,97,,79425,26,,,0,97,,79419,26,,,0,97,,79426,26,,,0,97,,79420,26,,,0
1501,'STMPWeek-Weekday',608,,79441,14,,,0,40,,79434,26,,,0,79,,79427,26,,,0,75,,79442,26,,,0,40,,79435,26,,,0,79,,79428,26,,,0,80,,79443,26,,,0,40,,79436,26,,,0,80,,79429,26,,,0,80,,79444,26,,,0,40,,79437,26,,,0,80,,79430,26,,,0,80,,79445,26,,,0,40,,79438,26,,,0,80,,79431,26,,,0,35,,79446,26,,,0,71,,79448,26,,,0,30,,79439,26,,,0,70,,79432,26,,,0,29,,79447,26,,,0,69,,79449,26,,,0,29,,79440,26,,,0,79,,79433,26,,,0,78,,79450,26,,,0
1501,'STMPar-Weekday',608,,79465,14,,,0,40,,79458,26,,,0,79,,79451,26,,,0,75,,79466,26,,,0,40,,79459,26,,,0,79,,79452,26,,,0,80,,79467,26,,,0,40,,79460,26,,,0,80,,79453,26,,,0,80,,79468,26,,,0,40,,79461,26,,,0,80,,79454,26,,,0,80,,79469,26,,,0,40,,79462,26,,,0,80,,79455,26,,,0,35,,79470,26,,,0,71,,79472,26,,,0,30,,79463,26,,,0,70,,79456,26,,,0,29,,79471,26,,,0,69,,79473,26,,,0,29,,79464,26,,,0,79,,79457,26,,,0,78,,79474,26,,,0
4300,'Saturday',517,,90744,15,,,0,22,,90740,15,,,0,62,,90741,15,,,0,23,,90739,15,,,0,23,,90749,15,,,0,63,,90746,15,,,0,23,,90750,15,,,0,23,,90747,15,,,0,62,,90748,15,,,0,23,,90751,15,,,0,63,,90752,15,,,0,22,,90753,15,,,0,22,,90765,15,,,0,61,,90766,15,,,0,21,,90767,15,,,0,21,,90768,15,,,0,61,,90769,15,,,0,21,,90770,15,,,0,21,,90771,15,,,0,61,,90772,15,,,0,21,,90773,15,,,0,21,,90775,15,,,0,61,,90776,15,,,0,21,,90777,15,,,0,61,,90774,15,,,0,21,,90778,15,,,0,22,,90780,15,,,0,62,,90781,15,,,0,21,,90782,15,,,0,21,,90779,15,,,0,61,,90783,15,,,0,21,,90784,15,,,0,21,,90785,15,,,0,61,,90786,15,,,0,21,,90787,15,,,0,21,,90788,15,,,0,61,,90789,15,,,0,22,,90790,15,,,0,21,,90791,15,,,0,59,,90792,15,,,0,22,,90793,15,,,0,62,,90794,15,,,0,22,,90795,15,,,0,23,,90758,15,,,0,63,,90756,15,,,0,22,,90755,15,,,0,21,,90764,15,,,0,62,,90760,15,,,0,22,,90763,15,,,0,22,,90762,15,,,0,62,,90761,15,,,0,22,,90759,15,,,0,62,,90754,15,,,0,22,,90757,15,,,0
4300,'Sunday',517,,90813,15,,,0,22,,90832,15,,,0,62,,90802,15,,,0,23,,90796,15,,,0,23,,90819,15,,,0,63,,90809,15,,,0,23,,90827,15,,,0,23,,90838,15,,,0,62,,90814,15,,,0,23,,90833,15,,,0,63,,90803,15,,,0,22,,90797,15,,,0,22,,90820,15,,,0,61,,90844,15,,,0,21,,90810,15,,,0,21,,90826,15,,,0,61,,90840,15,,,0,21,,90815,15,,,0,21,,90849,15,,,0,61,,90834,15,,,0,21,,90804,15,,,0,21,,90798,15,,,0,61,,90821,15,,,0,21,,90845,15,,,0,61,,90811,15,,,0,21,,90828,15,,,0,22,,90841,15,,,0,62,,90816,15,,,0,21,,90851,15,,,0,21,,90835,15,,,0,61,,90805,15,,,0,21,,90799,15,,,0,21,,90822,15,,,0,61,,90846,15,,,0,21,,90812,15,,,0,21,,90829,15,,,0,61,,90842,15,,,0,22,,90817,15,,,0,21,,90850,15,,,0,59,,90836,15,,,0,22,,90806,15,,,0,62,,90801,15,,,0,22,,90823,15,,,0,23,,90847,15,,,0,63,,90830,15,,,0,22,,90843,15,,,0,21,,90818,15,,,0,62,,90852,15,,,0,22,,90837,15,,,0,22,,90807,15,,,0,62,,90800,15,,,0,22,,90824,15,,,0,62,,90848,15,,,0,22,,90831,15,,,0
4300,'Weekday',427,,90862,15,,,0,20,,90902,15,,,0,60,,90913,15,,,0,11,,90918,15,,,0,12,,90868,15,,,0,11,,90857,15,,,0,10,,90869,15,,,0,50,,90894,15,,,0,13,,90873,15,,,0,10,,90853,15,,,0,11,,90912,15,,,0,12,,90864,15,,,0,12,,90922,15,,,0,52,,90905,15,,,0,12,,90923,15,,,0,11,,90871,15,,,0,11,,90903,15,,,0,11,,90872,15,,,0,51,,90877,15,,,0,12,,90914,15,,,0,11,,90878,15,,,0,11,,90919,15,,,0,11,,90867,15,,,0,51,,90858,15,,,0,11,,90870,15,,,0,11,,90895,15,,,0,22,,90865,15,,,0,62,,90906,15,,,0,23,,90879,15,,,0,21,,90874,15,,,0,62,,90915,15,,,0,22,,90921,15,,,0,63,,90860,15,,,0,23,,90897,15,,,0,22,,90854,15,,,0,62,,90907,15,,,0,17,,90910,15,,,0,12,,90880,15,,,0,12,,90875,15,,,0,11,,90885,15,,,0,51,,90916,15,,,0,11,,90887,15,,,0,11,,90924,15,,,0,11,,90920,15,,,0,11,,90890,15,,,0,52,,90861,15,,,0,12,,90884,15,,,0,11,,90900,15,,,0,11,,90896,15,,,0,11,,90898,15,,,0,50,,90883,15,,,0,10,,90855,15,,,0,11,,90866,15,,,0,11,,90888,15,,,0,10,,90908,15,,,0,10,,90892,15,,,0,50,,90911,15,,,0,11,,90859,15,,,0,11,,90881,15,,,0,11,,90876,15,,,0,12,,90886,15,,,0,53,,90917,15,,,0,12,,90891,15,,,0,13,,90901,15,,,0,23,,90899,15,,,0,61,,90856,15,,,0,23,,90909,15,,,0,23,,90893,15,,,0,63,,90882,15,,,0,23,,90926,15,,,0,62,,90927,15,,,0,22,,90928,15,,,0,23,,90929,15,,,0,63,,90930,15,,,0,23,,90931,15,,,0,23,,90932,15,,,0,63,,90933,15,,,0,23,,90925,15,,,0,63,,90889,15,,,0,23,,90934,15,,,0
4300,'STMPSa-Saturday',517,,90940,15,,,0,22,,90936,15,,,0,62,,90937,15,,,0,23,,90935,15,,,0,23,,90945,15,,,0,63,,90942,15,,,0,23,,90946,15,,,0,23,,90943,15,,,0,62,,90944,15,,,0,23,,90947,15,,,0,63,,90948,15,,,0,22,,90949,15,,,0,22,,90961,15,,,0,61,,90962,15,,,0,21,,90963,15,,,0,21,,90964,15,,,0,61,,90965,15,,,0,21,,90966,15,,,0,21,,90967,15,,,0,61,,90968,15,,,0,21,,90969,15,,,0,21,,90971,15,,,0,61,,90972,15,,,0,21,,90973,15,,,0,61,,90970,15,,,0,21,,90974,15,,,0,22,,90976,15,,,0,62,,90977,15,,,0,21,,90978,15,,,0,21,,90975,15,,,0,61,,90979,15,,,0,21,,90980,15,,,0,21,,90981,15,,,0,61,,90982,15,,,0,21,,90983,15,,,0,21,,90984,15,,,0,61,,90985,15,,,0,22,,90986,15,,,0,21,,90987,15,,,0,59,,90988,15,,,0,22,,90989,15,,,0,62,,90990,15,,,0,22,,90991,15,,,0,23,,90954,15,,,0,63,,90952,15,,,0,22,,90950,15,,,0,21,,90960,15,,,0,62,,90956,15,,,0,22,,90959,15,,,0,22,,90958,15,,,0,62,,90957,15,,,0,22,,90955,15,,,0,62,,90951,15,,,0,22,,90953,15,,,0
4300,'STMPSnea-Weekday',427,,91001,15,,,0,20,,91041,15,,,0,60,,91052,15,,,0,11,,91057,15,,,0,12,,91007,15,,,0,11,,90996,15,,,0,10,,91008,15,,,0,50,,91033,15,,,0,13,,91012,15,,,0,10,,90992,15,,,0,11,,91051,15,,,0,12,,91003,15,,,0,12,,91061,15,,,0,52,,91044,15,,,0,12,,91062,15,,,0,11,,91010,15,,,0,11,,91042,15,,,0,11,,91011,15,,,0,51,,91016,15,,,0,12,,91053,15,,,0,11,,91017,15,,,0,11,,91058,15,,,0,11,,91006,15,,,0,51,,90997,15,,,0,11,,91009,15,,,0,11,,91034,15,,,0,22,,91004,15,,,0,62,,91045,15,,,0,23,,91018,15,,,0,21,,91013,15,,,0,62,,91054,15,,,0,22,,91060,15,,,0,63,,90999,15,,,0,23,,91036,15,,,0,22,,90993,15,,,0,62,,91046,15,,,0,17,,91049,15,,,0,12,,91019,15,,,0,12,,91014,15,,,0,11,,91024,15,,,0,51,,91055,15,,,0,11,,91026,15,,,0,11,,91063,15,,,0,11,,91059,15,,,0,11,,91029,15,,,0,52,,91000,15,,,0,12,,91023,15,,,0,11,,91039,15,,,0,11,,91035,15,,,0,11,,91037,15,,,0,50,,91022,15,,,0,10,,90994,15,,,0,11,,91005,15,,,0,11,,91027,15,,,0,10,,91047,15,,,0,10,,91031,15,,,0,50,,91050,15,,,0,11,,90998,15,,,0,11,,91020,15,,,0,11,,91015,15,,,0,12,,91025,15,,,0,53,,91056,15,,,0,12,,91030,15,,,0,13,,91040,15,,,0,23,,91038,15,,,0,61,,90995,15,,,0,23,,91048,15,,,0,23,,91032,15,,,0,63,,91021,15,,,0,23,,91065,15,,,0,62,,91066,15,,,0,22,,91067,15,,,0,23,,91068,15,,,0,63,,91069,15,,,0,23,,91070,15,,,0,23,,91071,15,,,0,63,,91072,15,,,0,23,,91064,15,,,0,63,,91028,15,,,0,23,,91073,15,,,0
4300,'STMPSu1-Sunday',517,,91091,15,,,0,22,,91110,15,,,0,62,,91080,15,,,0,23,,91074,15,,,0,23,,91097,15,,,0,63,,91087,15,,,0,23,,91105,15,,,0,23,,91116,15,,,0,62,,91092,15,,,0,23,,91111,15,,,0,63,,91081,15,,,0,22,,91075,15,,,0,22,,91098,15,,,0,61,,91122,15,,,0,21,,91088,15,,,0,21,,91104,15,,,0,61,,91118,15,,,0,21,,91093,15,,,0,21,,91127,15,,,0,61,,91112,15,,,0,21,,91082,15,,,0,21,,91076,15,,,0,61,,91099,15,,,0,21,,91123,15,,,0,61,,91089,15,,,0,21,,91106,15,,,0,22,,91119,15,,,0,62,,91094,15,,,0,21,,91129,15,,,0,21,,91113,15,,,0,61,,91083,15,,,0,21,,91077,15,,,0,21,,91100,15,,,0,61,,91124,15,,,0,21,,91090,15,,,0,21,,91107,15,,,0,61,,91120,15,,,0,22,,91095,15,,,0,21,,91128,15,,,0,59,,91114,15,,,0,22,,91084,15,,,0,62,,91079,15,,,0,22,,91101,15,,,0,23,,91125,15,,,0,63,,91108,15,,,0,22,,91121,15,,,0,21,,91096,15,,,0,62,,91130,15,,,0,22,,91115,15,,,0,22,,91085,15,,,0,62,,91078,15,,,0,22,,91102,15,,,0,62,,91126,15,,,0,22,,91109,15,,,0
4300,'STMPSu2-Sunday',517,,91148,15,,,0,22,,91167,15,,,0,62,,91137,15,,,0,23,,91131,15,,,0,23,,91154,15,,,0,63,,91144,15,,,0,23,,91162,15,,,0,23,,91173,15,,,0,62,,91149,15,,,0,23,,91168,15,,,0,63,,91138,15,,,0,22,,91132,15,,,0,22,,91155,15,,,0,61,,91179,15,,,0,21,,91145,15,,,0,21,,91161,15,,,0,61,,91175,15,,,0,21,,91150,15,,,0,21,,91184,15,,,0,61,,91169,15,,,0,21,,91139,15,,,0,21,,91133,15,,,0,61,,91156,15,,,0,21,,91180,15,,,0,61,,91146,15,,,0,21,,91163,15,,,0,22,,91176,15,,,0,62,,91151,15,,,0,21,,91186,15,,,0,21,,91170,15,,,0,61,,91140,15,,,0,21,,91134,15,,,0,21,,91157,15,,,0,61,,91181,15,,,0,21,,91147,15,,,0,21,,91164,15,,,0,61,,91177,15,,,0,22,,91152,15,,,0,21,,91185,15,,,0,59,,91171,15,,,0,22,,91141,15,,,0,62,,91136,15,,,0,22,,91158,15,,,0,23,,91182,15,,,0,63,,91165,15,,,0,22,,91178,15,,,0,21,,91153,15,,,0,62,,91187,15,,,0,22,,91172,15,,,0,22,,91142,15,,,0,62,,91135,15,,,0,22,,91159,15,,,0,62,,91183,15,,,0,22,,91166,15,,,0
4300,'STMPWeek-Weekday',427,,91197,15,,,0,20,,91237,15,,,0,60,,91248,15,,,0,11,,91253,15,,,0,12,,91203,15,,,0,11,,91192,15,,,0,10,,91204,15,,,0,50,,91229,15,,,0,13,,91208,15,,,0,10,,91188,15,,,0,11,,91247,15,,,0,12,,91199,15,,,0,12,,91257,15,,,0,52,,91240,15,,,0,12,,91258,15,,,0,11,,91206,15,,,0,11,,91238,15,,,0,11,,91207,15,,,0,51,,91212,15,,,0,12,,91249,15,,,0,11,,91213,15,,,0,11,,91254,15,,,0,11,,91202,15,,,0,51,,91193,15,,,0,11,,91205,15,,,0,11,,91230,15,,,0,22,,91200,15,,,0,62,,91241,15,,,0,23,,91214,15,,,0,21,,91209,15,,,0,62,,91250,15,,,0,22,,91256,15,,,0,63,,91195,15,,,0,23,,91232,15,,,0,22,,91189,15,,,0,62,,91242,15,,,0,17,,91245,15,,,0,12,,91215,15,,,0,12,,91210,15,,,0,11,,91220,15,,,0,51,,91251,15,,,0,11,,91222,15,,,0,11,,91259,15,,,0,11,,91255,15,,,0,11,,91225,15,,,0,52,,91196,15,,,0,12,,91219,15,,,0,11,,91235,15,,,0,11,,91231,15,,,0,11,,91233,15,,,0,50,,91218,15,,,0,10,,91190,15,,,0,11,,91201,15,,,0,11,,91223,15,,,0,10,,91243,15,,,0,10,,91227,15,,,0,50,,91246,15,,,0,11,,91194,15,,,0,11,,91216,15,,,0,11,,91211,15,,,0,12,,91221,15,,,0,53,,91252,15,,,0,12,,91226,15,,,0,13,,91236,15,,,0,23,,91234,15,,,0,61,,91191,15,,,0,23,,91244,15,,,0,23,,91228,15,,,0,63,,91217,15,,,0,23,,91261,15,,,0,62,,91262,15,,,0,22,,91263,15,,,0,23,,91264,15,,,0,63,,91265,15,,,0,23,,91266,15,,,0,23,,91267,15,,,0,63,,91268,15,,,0,23,,91260,15,,,0,63,,91224,15,,,0,23,,91269,15,,,0
4300,'STMPar-Weekday',427,,91279,15,,,0,20,,91319,15,,,0,60,,91330,15,,,0,11,,91335,15,,,0,12,,91285,15,,,0,11,,91274,15,,,0,10,,91286,15,,,0,50,,91311,15,,,0,13,,91290,15,,,0,10,,91271,15,,,0,11,,91329,15,,,0,12,,91281,15,,,0,12,,91339,15,,,0,52,,91320,15,,,0,12,,91340,15,,,0,11,,91288,15,,,0,11,,91321,15,,,0,11,,91289,15,,,0,51,,91294,15,,,0,12,,91331,15,,,0,11,,91295,15,,,0,11,,91336,15,,,0,11,,91284,15,,,0,51,,91275,15,,,0,11,,91287,15,,,0,11,,91312,15,,,0,22,,91282,15,,,0,62,,91323,15,,,0,23,,91296,15,,,0,21,,91291,15,,,0,62,,91332,15,,,0,22,,91338,15,,,0,63,,91277,15,,,0,23,,91314,15,,,0,22,,91270,15,,,0,62,,91324,15,,,0,17,,91327,15,,,0,12,,91297,15,,,0,12,,91292,15,,,0,11,,91302,15,,,0,51,,91333,15,,,0,11,,91304,15,,,0,11,,91341,15,,,0,11,,91337,15,,,0,11,,91307,15,,,0,52,,91278,15,,,0,12,,91301,15,,,0,11,,91317,15,,,0,11,,91313,15,,,0,11,,91315,15,,,0,50,,91300,15,,,0,10,,91272,15,,,0,11,,91283,15,,,0,11,,91305,15,,,0,10,,91325,15,,,0,10,,91310,15,,,0,50,,91328,15,,,0,11,,91276,15,,,0,11,,91298,15,,,0,11,,91293,15,,,0,12,,91303,15,,,0,53,,91334,15,,,0,12,,91309,15,,,0,13,,91318,15,,,0,23,,91316,15,,,0,61,,91273,15,,,0,23,,91326,15,,,0,23,,91308,15,,,0,63,,91299,15,,,0,23,,91343,15,,,0,62,,91344,15,,,0,22,,91345,15,,,0,23,,91346,15,,,0,63,,91347,15,,,0,23,,91348,15,,,0,23,,91349,15,,,0,63,,91350,15,,,0,23,,91342,15,,,0,63,,91306,15,,,0,23,,91351,15,,,0
14901,'Saturday',640,,127892,28,,,0,66,,127891,28,,,0,26,,127911,28,,,0,26,,127894,28,,,0,66,,127896,28,,,0,26,,127912,28,,,0,66,,127893,28,,,0,27,,127897,28,,,0,66,,127913,28,,,0,26,,127895,28,,,0,66,,127898,28,,,0,26,,127914,28,,,0,26,,127899,28,,,0,66,,127900,28,,,0,26,,127918,28,,,0,66,,127902,28,,,0,26,,127904,28,,,0,66,,127917,28,,,0,26,,127905,28,,,0,26,,127901,28,,,0,66,,127915,28,,,0,26,,127906,28,,,0,66,,127903,28,,,0,26,,127910,28,,,0,66,,127907,28,,,0,26,,127908,28,,,0,26,,127916,28,,,0,66,,127909,28,,,0,26,,127919,28,,,0
14901,'Sunday',640,,127921,28,,,0,66,,127922,28,,,0,26,,127923,28,,,0,26,,127920,28,,,0,66,,127924,28,,,0,26,,127925,28,,,0,66,,127926,28,,,0,27,,127927,28,,,0,66,,127928,28,,,0,26,,127931,28,,,0,66,,127932,28,,,0,26,,127933,28,,,0,26,,127929,28,,,0,66,,127930,28,,,0,26,,127934,28,,,0,66,,127935,28,,,0,26,,127936,28,,,0,66,,127937,28,,,0,26,,127938,28,,,0,26,,127939,28,,,0,66,,127940,28,,,0,26,,127941,28,,,0,66,,127942,28,,,0,26,,127943,28,,,0,66,,127944,28,,,0,26,,127945,28,,,0,26,,127946,28,,,0,66,,127947,28,,,0,26,,127948,28,,,0
14901,'Weekday',556,,127950,28,,,0,75,,127958,28,,,0,71,,127970,28,,,0,30,,127949,28,,,0,70,,127961,28,,,0,29,,127969,28,,,0,28,,127951,28,,,0,70,,127960,28,,,0,30,,127971,28,,,0,70,,127952,28,,,0,30,,127962,28,,,0,70,,127972,28,,,0,30,,127953,28,,,0,70,,127963,28,,,0,30,,127973,28,,,0,70,,127954,28,,,0,30,,127964,28,,,0,70,,127974,28,,,0,73,,127955,28,,,0,30,,127965,28,,,0,70,,127975,28,,,0,30,,127956,28,,,0,70,,127966,28,,,0,30,,127976,28,,,0,69,,127957,28,,,0,28,,127967,28,,,0,29,,127977,28,,,0,70,,127959,28,,,0,30,,127968,28,,,0
14901,'STMPSa-Saturday',640,,127979,28,,,0,66,,127978,28,,,0,26,,127998,28,,,0,26,,127981,28,,,0,66,,127983,28,,,0,26,,127999,28,,,0,66,,127980,28,,,0,27,,127984,28,,,0,66,,128000,28,,,0,26,,127982,28,,,0,66,,127985,28,,,0,26,,128001,28,,,0,26,,127986,28,,,0,66,,127987,28,,,0,26,,128005,28,,,0,66,,127989,28,,,0,26,,127991,28,,,0,66,,128004,28,,,0,26,,127992,28,,,0,26,,127988,28,,,0,66,,128002,28,,,0,26,,127993,28,,,0,66,,127990,28,,,0,26,,127997,28,,,0,66,,127994,28,,,0,26,,127995,28,,,0,26,,128003,28,,,0,66,,127996,28,,,0,26,,128006,28,,,0
14901,'STMPSnea-Weekday',556,,128008,28,,,0,75,,128016,28,,,0,71,,128028,28,,,0,30,,128007,28,,,0,70,,128019,28,,,0,29,,128027,28,,,0,28,,128009,28,,,0,70,,128018,28,,,0,30,,128029,28,,,0,70,,128010,28,,,0,30,,128020,28,,,0,70,,128030,28,,,0,30,,128011,28,,,0,70,,128021,28,,,0,30,,128031,28,,,0,70,,128012,28,,,0,30,,128022,28,,,0,70,,128032,28,,,0,73,,128013,28,,,0,30,,128023,28,,,0,70,,128033,28,,,0,30,,128014,28,,,0,70,,128024,28,,,0,30,,128034,28,,,0,69,,128015,28,,,0,28,,128025,28,,,0,29,,128035,28,,,0,70,,128017,28,,,0,30,,128026,28,,,0
14901,'STMPSu1-Sunday',640,,128037,28,,,0,66,,128038,28,,,0,26,,128039,28,,,0,26,,128036,28,,,0,66,,128040,28,,,0,26,,128041,28,,,0,66,,128042,28,,,0,27,,128043,28,,,0,66,,128044,28,,,0,26,,128047,28,,,0,66,,128048,28,,,0,26,,128049,28,,,0,26,,128045,28,,,0,66,,128046,28,,,0,26,,128050,28,,,0,66,,128051,28,,,0,26,,128052,28,,,0,66,,128053,28,,,0,26,,128054,28,,,0,26,,128055,28,,,0,66,,128056,28,,,0,26,,128057,28,,,0,66,,128058,28,,,0,26,,128059,28,,,0,66,,128060,28,,,0,26,,128061,28,,,0,26,,128062,28,,,0,66,,128063,28,,,0,26,,128064,28,,,0
14901,'STMPSu2-Sunday',640,,128066,28,,,0,66,,128067,28,,,0,26,,128068,28,,,0,26,,128065,28,,,0,66,,128069,28,,,0,26,,128070,28,,,0,66,,128071,28,,,0,27,,128072,28,,,0,66,,128073,28,,,0,26,,128076,28,,,0,66,,128077,28,,,0,26,,128078,28,,,0,26,,128074,28,,,0,66,,128075,28,,,0,26,,128079,28,,,0,66,,128080,28,,,0,26,,128081,28,,,0,66,,128082,28,,,0,26,,128083,28,,,0,26,,128084,28,,,0,66,,128085,28,,,0,26,,128086,28,,,0,66,,128087,28,,,0,26,,128088,28,,,0,66,,128089,28,,,0,26,,128090,28,,,0,26,,128091,28,,,0,66,,128092,28,,,0,26,,128093,28,,,0
14901,'STMPWeek-Weekday',556,,128095,28,,,0,75,,128103,28,,,0,71,,128115,28,,,0,30,,128094,28,,,0,70,,128106,28,,,0,29,,128114,28,,,0,28,,128096,28,,,0,70,,128105,28,,,0,30,,128116,28,,,0,70,,128097,28,,,0,30,,128107,28,,,0,70,,128117,28,,,0,30,,128098,28,,,0,70,,128108,28,,,0,30,,128118,28,,,0,70,,128099,28,,,0,30,,128109,28,,,0,70,,128119,28,,,0,73,,128100,28,,,0,30,,128110,28,,,0,70,,128120,28,,,0,30,,128101,28,,,0,70,,128111,28,,,0,30,,128121,28,,,0,69,,128102,28,,,0,28,,128112,28,,,0,29,,128122,28,,,0,70,,128104,28,,,0,30,,128113,28,,,0
14901,'STMPar-Weekday',556,,128124,28,,,0,75,,128132,28,,,0,71,,128144,28,,,0,30,,128123,28,,,0,70,,128135,28,,,0,29,,128143,28,,,0,28,,128125,28,,,0,70,,128134,28,,,0,30,,128145,28,,,0,70,,128126,28,,,0,30,,128136,28,,,0,70,,128146,28,,,0,30,,128127,28,,,0,70,,128137,28,,,0,30,,128147,28,,,0,70,,128128,28,,,0,30,,128138,28,,,0,70,,128148,28,,,0,73,,128129,28,,,0,30,,128139,28,,,0,70,,128149,28,,,0,30,,128130,28,,,0,70,,128140,28,,,0,30,,128150,28,,,0,69,,128131,28,,,0,28,,128141,28,,,0,29,,128151,28,,,0,70,,128133,28,,,0,30,,128142,28,,,0
30600,'Saturday',616,,140060,5,,,0,20,,140069,5,,,0,20,,140082,5,,,0,60,,140036,5,,,0,20,,140044,5,,,0,20,,140053,5,,,0,60,,140061,5,,,0,20,,140071,5,,,0,20,,140078,5,,,0,60,,140035,5,,,0,20,,140045,5,,,0,20,,140052,5,,,0,60,,140062,5,,,0,20,,140070,5,,,0,20,,140079,5,,,0,60,,140037,5,,,0,20,,140046,5,,,0,20,,140054,5,,,0,62,,140064,5,,,0,20,,140073,5,,,0,20,,140083,5,,,0,60,,140038,5,,,0,20,,140047,5,,,0,20,,140055,5,,,0,60,,140063,5,,,0,20,,140072,5,,,0,20,,140080,5,,,0,60,,140039,5,,,0,20,,140048,5,,,0,20,,140056,5,,,0,60,,140065,5,,,0,20,,140074,5,,,0,20,,140081,5,,,0,60,,140040,5,,,0,20,,140049,5,,,0,20,,140057,5,,,0,58,,140066,5,,,0,20,,140075,5,,,0,20,,140084,5,,,0,60,,140041,5,,,0,20,,140050,5,,,0,20,,140058,5,,,0,60,,140068,5,,,0,20,,140076,5,,,0,20,,140085,5,,,0,60,,140042,5,,,0,20,,140051,5,,,0,20,,140059,5,,,0,60,,140067,5,,,0,20,,140077,5,,,0,20,,140086,5,,,0,60,,140043,5,,,0
30600,'Sunday',616,,140112,5,,,0,20,,140121,5,,,0,20,,140130,5,,,0,60,,140087,5,,,0,20,,140096,5,,,0,20,,140104,5,,,0,60,,140114,5,,,0,20,,140122,5,,,0,20,,140131,5,,,0,60,,140088,5,,,0,20,,140097,5,,,0,20,,140105,5,,,0,60,,140113,5,,,0,20,,140123,5,,,0,20,,140132,5,,,0,60,,140089,5,,,0,20,,140098,5,,,0,20,,140106,5,,,0,62,,140115,5,,,0,20,,140124,5,,,0,20,,140133,5,,,0,60,,140090,5,,,0,20,,140099,5,,,0,20,,140107,5,,,0,60,,140116,5,,,0,20,,140125,5,,,0,20,,140134,5,,,0,60,,140091,5,,,0,20,,140100,5,,,0,20,,140108,5,,,0,60,,140117,5,,,0,20,,140126,5,,,0,20,,140135,5,,,0,60,,140092,5,,,0,20,,140103,5,,,0,20,,140109,5,,,0,58,,140118,5,,,0,20,,140127,5,,,0,20,,140136,5,,,0,60,,140093,5,,,0,20,,140101,5,,,0,20,,140110,5,,,0,60,,140119,5,,,0,20,,140128,5,,,0,20,,140137,5,,,0,60,,140094,5,,,0,20,,140102,5,,,0,20,,140111,5,,,0,60,,140120,5,,,0,20,,140129,5,,,0,20,,140138,5,,,0,60,,140095,5,,,0
30600,'Weekday',558,,140143,5,,,0,60,,140149,5,,,0,21,,140154,5,,,0,20,,140151,5,,,0,60,,140155,5,,,0,20,,140168,5,,,0,20,,140156,5,,,0,60,,140157,5,,,0,20,,140158,5,,,0,20,,140159,5,,,0,64,,140176,5,,,0,24,,140173,5,,,0,64,,140177,5,,,0,24,,140170,5,,,0,24,,140178,5,,,0,64,,140171,5,,,0,24,,140183,5,,,0,64,,140172,5,,,0,24,,140180,5,,,0,24,,140184,5,,,0,64,,140181,5,,,0,24,,140175,5,,,0,64,,140182,5,,,0,24,,140174,5,,,0,24,,140179,5,,,0,60,,140167,5,,,0,20,,140160,5,,,0,19,,140161,5,,,0,60,,140162,5,,,0,20,,140163,5,,,0,20,,140164,5,,,0,60,,140165,5,,,0,20,,140153,5,,,0,20,,140152,5,,,0,60,,140148,5,,,0,20,,140150,5,,,0,20,,140166,5,,,0,68,,140147,5,,,0,28,,140140,5,,,0,68,,140139,5,,,0,28,,140141,5,,,0,68,,140142,5,,,0,28,,140144,5,,,0,68,,140146,5,,,0,28,,140169,5,,,0,68,,140145,5,,,0
30600,'STMPSa-Saturday',616,,140210,5,,,0,20,,140219,5,,,0,20,,140232,5,,,0,60,,140185,5,,,0,20,,140194,5,,,0,20,,140203,5,,,0,60,,140211,5,,,0,20,,140221,5,,,0,20,,140228,5,,,0,60,,140186,5,,,0,20,,140195,5,,,0,20,,140202,5,,,0,60,,140212,5,,,0,20,,140220,5,,,0,20,,140229,5,,,0,60,,140187,5,,,0,20,,140196,5,,,0,20,,140204,5,,,0,62,,140214,5,,,0,20,,140222,5,,,0,20,,140233,5,,,0,60,,140188,5,,,0,20,,140197,5,,,0,20,,140205,5,,,0,60,,140213,5,,,0,20,,140223,5,,,0,20,,140230,5,,,0,60,,140189,5,,,0,20,,140198,5,,,0,20,,140206,5,,,0,60,,140215,5,,,0,20,,140224,5,,,0,20,,140231,5,,,0,60,,140190,5,,,0,20,,140199,5,,,0,20,,140207,5,,,0,58,,140216,5,,,0,20,,140225,5,,,0,20,,140234,5,,,0,60,,140191,5,,,0,20,,140200,5,,,0,20,,140208,5,,,0,60,,140218,5,,,0,20,,140226,5,,,0,20,,140235,5,,,0,60,,140192,5,,,0,20,,140201,5,,,0,20,,140209,5,,,0,60,,140217,5,,,0,20,,140227,5,,,0,20,,140236,5,,,0,60,,140193,5,,,0,30,,140237,5,,,0,65,,140238,5,,,0,30,,140239,5,,,0,70,,140240,5,,,0
30600,'STMPSnea-Weekday',558,,140245,5,,,0,60,,140251,5,,,0,21,,140256,5,,,0,20,,140253,5,,,0,60,,140257,5,,,0,20,,140270,5,,,0,20,,140258,5,,,0,60,,140259,5,,,0,20,,140260,5,,,0,20,,140261,5,,,0,64,,140278,5,,,0,24,,140275,5,,,0,64,,140279,5,,,0,24,,140272,5,,,0,24,,140280,5,,,0,64,,140273,5,,,0,24,,140285,5,,,0,64,,140274,5,,,0,24,,140282,5,,,0,24,,140286,5,,,0,64,,140283,5,,,0,24,,140277,5,,,0,64,,140284,5,,,0,24,,140276,5,,,0,24,,140281,5,,,0,60,,140269,5,,,0,20,,140262,5,,,0,19,,140263,5,,,0,60,,140264,5,,,0,20,,140265,5,,,0,20,,140266,5,,,0,60,,140267,5,,,0,20,,140255,5,,,0,20,,140254,5,,,0,60,,140250,5,,,0,20,,140252,5,,,0,20,,140268,5,,,0,68,,140249,5,,,0,28,,140242,5,,,0,68,,140241,5,,,0,28,,140243,5,,,0,68,,140244,5,,,0,28,,140246,5,,,0,68,,140248,5,,,0,28,,140271,5,,,0,68,,140247,5,,,0
30600,'STMPSu1-Sunday',616,,140312,5,,,0,20,,140321,5,,,0,20,,140330,5,,,0,60,,140287,5,,,0,20,,140296,5,,,0,20,,140304,5,,,0,60,,140314,5,,,0,20,,140322,5,,,0,20,,140331,5,,,0,60,,140288,5,,,0,20,,140297,5,,,0,20,,140305,5,,,0,60,,140313,5,,,0,20,,140323,5,,,0,20,,140332,5,,,0,60,,140289,5,,,0,20,,140298,5,,,0,20,,140306,5,,,0,62,,140315,5,,,0,20,,140324,5,,,0,20,,140333,5,,,0,60,,140290,5,,,0,20,,140299,5,,,0,20,,140307,5,,,0,60,,140316,5,,,0,20,,140325,5,,,0,20,,140334,5,,,0,60,,140291,5,,,0,20,,140300,5,,,0,20,,140308,5,,,0,60,,140317,5,,,0,20,,140326,5,,,0,20,,140335,5,,,0,60,,140292,5,,,0,20,,140303,5,,,0,20,,140309,5,,,0,58,,140318,5,,,0,20,,140327,5,,,0,20,,140336,5,,,0,60,,140293,5,,,0,20,,140301,5,,,0,20,,140310,5,,,0,60,,140319,5,,,0,20,,140328,5,,,0,20,,140337,5,,,0,60,,140294,5,,,0,20,,140302,5,,,0,20,,140311,5,,,0,60,,140320,5,,,0,20,,140329,5,,,0,20,,140338,5,,,0,60,,140295,5,,,0,30,,140339,5,,,0,65,,140340,5,,,0,30,,140341,5,,,0,70,,140342,5,,,0
30600,'STMPSu2-Sunday',616,,140398,5,,,0,20,,140396,5,,,0,20,,140397,5,,,0,60,,140395,5,,,0,20,,140394,5,,,0,20,,140393,5,,,0,60,,140392,5,,,0,20,,140391,5,,,0,20,,140390,5,,,0,60,,140389,5,,,0,20,,140388,5,,,0,20,,140387,5,,,0,60,,140386,5,,,0,20,,140385,5,,,0,20,,140384,5,,,0,60,,140383,5,,,0,20,,140382,5,,,0,20,,140381,5,,,0,62,,140380,5,,,0,20,,140379,5,,,0,20,,140378,5,,,0,60,,140377,5,,,0,20,,140376,5,,,0,20,,140375,5,,,0,60,,140374,5,,,0,20,,140367,5,,,0,20,,140366,5,,,0,60,,140371,5,,,0,20,,140365,5,,,0,20,,140364,5,,,0,60,,140363,5,,,0,20,,140362,5,,,0,20,,140361,5,,,0,60,,140370,5,,,0,20,,140360,5,,,0,20,,140359,5,,,0,58,,140358,5,,,0,20,,140357,5,,,0,20,,140356,5,,,0,60,,140369,5,,,0,20,,140355,5,,,0,20,,140354,5,,,0,60,,140353,5,,,0,20,,140352,5,,,0,20,,140351,5,,,0,60,,140372,5,,,0,20,,140350,5,,,0,20,,140349,5,,,0,60,,140348,5,,,0,20,,140347,5,,,0,20,,140346,5,,,0,60,,140368,5,,,0,30,,140345,5,,,0,65,,140344,5,,,0,30,,140343,5,,,0,70,,140373,5,,,0
30600,'STMPWeek-Weekday',558,,140403,5,,,0,60,,140409,5,,,0,21,,140414,5,,,0,20,,140411,5,,,0,60,,140415,5,,,0,20,,140428,5,,,0,20,,140416,5,,,0,60,,140417,5,,,0,20,,140418,5,,,0,20,,140419,5,,,0,64,,140436,5,,,0,24,,140433,5,,,0,64,,140437,5,,,0,24,,140430,5,,,0,24,,140438,5,,,0,64,,140431,5,,,0,24,,140443,5,,,0,64,,140432,5,,,0,24,,140440,5,,,0,24,,140444,5,,,0,64,,140441,5,,,0,24,,140435,5,,,0,64,,140442,5,,,0,24,,140434,5,,,0,24,,140439,5,,,0,60,,140427,5,,,0,20,,140420,5,,,0,19,,140421,5,,,0,60,,140422,5,,,0,20,,140423,5,,,0,20,,140424,5,,,0,60,,140425,5,,,0,20,,140413,5,,,0,20,,140412,5,,,0,60,,140408,5,,,0,20,,140410,5,,,0,20,,140426,5,,,0,68,,140407,5,,,0,28,,140400,5,,,0,68,,140399,5,,,0,28,,140401,5,,,0,68,,140402,5,,,0,28,,140404,5,,,0,68,,140406,5,,,0,28,,140429,5,,,0,68,,140405,5,,,0,28,,140448,5,,,0,68,,140449,5,,,0,28,,140446,5,,,0,68,,140447,5,,,0,28,,140445,5,,,0
30600,'STMPar-Weekday',558,,140454,5,,,0,60,,140460,5,,,0,21,,140465,5,,,0,20,,140462,5,,,0,60,,140466,5,,,0,20,,140479,5,,,0,20,,140467,5,,,0,60,,140468,5,,,0,20,,140469,5,,,0,20,,140470,5,,,0,64,,140487,5,,,0,24,,140484,5,,,0,64,,140488,5,,,0,24,,140481,5,,,0,24,,140489,5,,,0,64,,140482,5,,,0,24,,140494,5,,,0,64,,140483,5,,,0,24,,140491,5,,,0,24,,140495,5,,,0,64,,140492,5,,,0,24,,140486,5,,,0,64,,140493,5,,,0,24,,140485,5,,,0,24,,140490,5,,,0,60,,140478,5,,,0,20,,140471,5,,,0,19,,140472,5,,,0,60,,140473,5,,,0,20,,140474,5,,,0,20,,140475,5,,,0,60,,140476,5,,,0,20,,140464,5,,,0,20,,140463,5,,,0,60,,140459,5,,,0,20,,140461,5,,,0,20,,140477,5,,,0,68,,140458,5,,,0,28,,140451,5,,,0,68,,140450,5,,,0,28,,140452,5,,,0,68,,140453,5,,,0,28,,140455,5,,,0,68,,140457,5,,,0,28,,140480,5,,,0,68,,140456,5,,,0,28,,140499,5,,,0,68,,140500,5,,,0,28,,140496,5,,,0,68,,140498,5,,,0,28,,140497,5,,,0
