9801,'Saturday',606,,113351,20,,,0,35,,113352,20,,,0,75,,113354,20,,,0,35,,113353,20,,,0,75,,113356,20,,,0,75,,113357,20,,,0,35,,113355,20,,,0,75,,113358,20,,,0,35,,113359,20,,,0,75,,113360,20,,,0,35,,113361,20,,,0,75,,113362,20,,,0,75,,113363,20,,,0,35,,113364,20,,,0,75,,113365,20,,,0,35,,113366,20,,,0,75,,113367,20,,,0,75,,113368,20,,,0,35,,113369,20,,,0,75,,113370,20,,,0,35,,113371,20,,,0,75,,113372,20,,,0,35,,113374,20,,,0,75,,113373,20,,,0,75,,113375,20,,,0,35,,113376,20,,,0,75,,113378,20,,,0,35,,113377,20,,,0,75,,113380,20,,,0,75,,113379,20,,,0
9801,'Sunday',825,,113381,20,,,0,75,,113382,20,,,0,35,,113383,20,,,0,75,,113384,20,,,0,35,,113385,20,,,0,75,,113387,20,,,0,35,,113386,20,,,0,75,,113388,20,,,0,75,,113389,20,,,0,35,,113390,20,,,0,75,,113391,20,,,0,35,,113392,20,,,0,75,,113393,20,,,0,75,,113394,20,,,0,35,,113395,20,,,0,75,,113396,20,,,0,35,,113397,20,,,0,75,,113399,20,,,0,35,,113398,20,,,0,75,,113400,20,,,0,75,,113401,20,,,0,35,,113402,20,,,0,75,,113403,20,,,0,35,,113404,20,,,0,75,,113405,20,,,0,75,,113406,20,,,0
9801,'Weekday',448,,113408,20,,,0,73,,113409,20,,,0,33,,113426,20,,,0,77,,113410,20,,,0,73,,113427,20,,,0,33,,113411,20,,,0,73,,113428,20,,,0,33,,113412,20,,,0,71,,113429,20,,,0,33,,113413,20,,,0,72,,113430,20,,,0,34,,113414,20,,,0,73,,113431,20,,,0,33,,113415,20,,,0,73,,113432,20,,,0,73,,113416,20,,,0,33,,113433,20,,,0,73,,113417,20,,,0,33,,113434,20,,,0,75,,113418,20,,,0,34,,113435,20,,,0,57,,113407,20,,,0,16,,113419,20,,,0,33,,113436,20,,,0,73,,113420,20,,,0,72,,113437,20,,,0,32,,113421,20,,,0,72,,113438,20,,,0,33,,113422,20,,,0,73,,113439,20,,,0,33,,113423,20,,,0,71,,113440,20,,,0,33,,113424,20,,,0,73,,113441,20,,,0,33,,113425,20,,,0,73,,113442,20,,,0
9801,'STMPSa-Saturday',606,,113443,20,,,0,35,,113444,20,,,0,75,,113446,20,,,0,35,,113445,20,,,0,75,,113448,20,,,0,75,,113449,20,,,0,35,,113447,20,,,0,75,,113450,20,,,0,35,,113451,20,,,0,75,,113452,20,,,0,35,,113453,20,,,0,75,,113454,20,,,0,75,,113455,20,,,0,35,,113456,20,,,0,75,,113457,20,,,0,35,,113458,20,,,0,75,,113459,20,,,0,75,,113460,20,,,0,35,,113461,20,,,0,75,,113462,20,,,0,35,,113463,20,,,0,75,,113464,20,,,0,35,,113466,20,,,0,75,,113465,20,,,0,75,,113467,20,,,0,35,,113469,20,,,0,75,,113468,20,,,0,35,,113470,20,,,0,75,,113472,20,,,0,75,,113471,20,,,0
9801,'STMPSnea-Weekday',448,,113474,20,,,0,73,,113475,20,,,0,33,,113492,20,,,0,77,,113476,20,,,0,73,,113493,20,,,0,33,,113477,20,,,0,73,,113494,20,,,0,33,,113478,20,,,0,71,,113495,20,,,0,33,,113479,20,,,0,72,,113496,20,,,0,34,,113480,20,,,0,73,,113497,20,,,0,33,,113481,20,,,0,73,,113498,20,,,0,73,,113482,20,,,0,33,,113499,20,,,0,73,,113483,20,,,0,33,,113500,20,,,0,75,,113484,20,,,0,34,,113501,20,,,0,57,,113473,20,,,0,16,,113485,20,,,0,33,,113502,20,,,0,73,,113486,20,,,0,72,,113503,20,,,0,32,,113487,20,,,0,72,,113504,20,,,0,33,,113488,20,,,0,73,,113505,20,,,0,33,,113489,20,,,0,71,,113506,20,,,0,33,,113490,20,,,0,73,,113507,20,,,0,33,,113491,20,,,0,73,,113508,20,,,0
9801,'STMPSu1-Sunday',825,,113509,20,,,0,75,,113510,20,,,0,35,,113511,20,,,0,75,,113512,20,,,0,35,,113513,20,,,0,75,,113515,20,,,0,35,,113514,20,,,0,75,,113516,20,,,0,75,,113517,20,,,0,35,,113518,20,,,0,75,,113519,20,,,0,35,,113520,20,,,0,75,,113521,20,,,0,75,,113522,20,,,0,35,,113523,20,,,0,75,,113524,20,,,0,35,,113525,20,,,0,75,,113527,20,,,0,35,,113526,20,,,0,75,,113528,20,,,0,75,,113529,20,,,0,35,,113530,20,,,0,75,,113531,20,,,0,35,,113532,20,,,0,75,,113533,20,,,0,75,,113534,20,,,0
9801,'STMPSu2-Sunday',825,,113535,20,,,0,75,,113536,20,,,0,35,,113537,20,,,0,75,,113538,20,,,0,35,,113539,20,,,0,75,,113541,20,,,0,35,,113540,20,,,0,75,,113542,20,,,0,75,,113543,20,,,0,35,,113544,20,,,0,75,,113545,20,,,0,35,,113546,20,,,0,75,,113547,20,,,0,75,,113548,20,,,0,35,,113549,20,,,0,75,,113550,20,,,0,35,,113551,20,,,0,75,,113553,20,,,0,35,,113552,20,,,0,75,,113554,20,,,0,75,,113555,20,,,0,35,,113556,20,,,0,75,,113557,20,,,0,35,,113558,20,,,0,75,,113559,20,,,0,75,,113560,20,,,0
9801,'STMPWeek-Weekday',448,,113562,20,,,0,73,,113563,20,,,0,33,,113580,20,,,0,77,,113564,20,,,0,73,,113581,20,,,0,33,,113565,20,,,0,73,,113582,20,,,0,33,,113566,20,,,0,71,,113583,20,,,0,33,,113567,20,,,0,72,,113584,20,,,0,34,,113568,20,,,0,73,,113585,20,,,0,33,,113569,20,,,0,73,,113586,20,,,0,73,,113570,20,,,0,33,,113587,20,,,0,73,,113571,20,,,0,33,,113588,20,,,0,75,,113572,20,,,0,34,,113589,20,,,0,57,,113561,20,,,0,16,,113573,20,,,0,33,,113590,20,,,0,73,,113574,20,,,0,72,,113591,20,,,0,32,,113575,20,,,0,72,,113592,20,,,0,33,,113576,20,,,0,73,,113593,20,,,0,33,,113577,20,,,0,71,,113594,20,,,0,33,,113578,20,,,0,73,,113595,20,,,0,33,,113579,20,,,0,73,,113596,20,,,0
9801,'STMPar-Weekday',448,,113598,20,,,0,73,,113599,20,,,0,33,,113616,20,,,0,77,,113600,20,,,0,73,,113617,20,,,0,33,,113601,20,,,0,73,,113618,20,,,0,33,,113602,20,,,0,71,,113619,20,,,0,33,,113603,20,,,0,72,,113620,20,,,0,34,,113604,20,,,0,73,,113621,20,,,0,33,,113605,20,,,0,73,,113622,20,,,0,73,,113606,20,,,0,33,,113623,20,,,0,73,,113607,20,,,0,33,,113624,20,,,0,75,,113608,20,,,0,34,,113625,20,,,0,57,,113597,20,,,0,16,,113609,20,,,0,33,,113626,20,,,0,73,,113610,20,,,0,72,,113627,20,,,0,32,,113611,20,,,0,72,,113628,20,,,0,33,,113612,20,,,0,73,,113629,20,,,0,33,,113613,20,,,0,71,,113630,20,,,0,33,,113614,20,,,0,73,,113631,20,,,0,33,,113615,20,,,0,73,,113632,20,,,0
15600,'Saturday',626,,130036,7,,,0,33,,130037,7,,,0,73,,130039,7,,,0,73,,130040,7,,,0,33,,130041,7,,,0,73,,130038,7,,,0,33,,130042,7,,,0,73,,130043,7,,,0,33,,130044,7,,,0,73,,130045,7,,,0,33,,130047,7,,,0,73,,130046,7,,,0,73,,130049,7,,,0,33,,130051,7,,,0,73,,130048,7,,,0,33,,130050,7,,,0,73,,130052,7,,,0,33,,130053,7,,,0,73,,130054,7,,,0,33,,130055,7,,,0,73,,130056,7,,,0,33,,130057,7,,,0,73,,130058,7,,,0,73,,130059,7,,,0,33,,130060,7,,,0,73,,130061,7,,,0,33,,130062,7,,,0,73,,130063,7,,,0,33,,130064,7,,,0,73,,130065,7,,,0
15600,'Sunday',757,,130066,7,,,0,73,,130067,7,,,0,73,,130068,7,,,0,33,,130070,7,,,0,73,,130069,7,,,0,33,,130071,7,,,0,73,,130074,7,,,0,33,,130073,7,,,0,73,,130072,7,,,0,33,,130075,7,,,0,73,,130076,7,,,0,73,,130077,7,,,0,33,,130078,7,,,0,73,,130079,7,,,0,33,,130080,7,,,0,73,,130081,7,,,0,33,,130082,7,,,0,73,,130084,7,,,0,33,,130083,7,,,0,73,,130085,7,,,0,33,,130086,7,,,0,73,,130087,7,,,0,73,,130088,7,,,0,33,,130089,7,,,0,73,,130090,7,,,0,33,,130091,7,,,0,73,,130092,7,,,0
15600,'Weekday',524,,130110,7,,,0,33,,130093,7,,,0,73,,130111,7,,,0,73,,130094,7,,,0,33,,130112,7,,,0,73,,130095,7,,,0,29,,130113,7,,,0,77,,130096,7,,,0,33,,130114,7,,,0,73,,130097,7,,,0,33,,130115,7,,,0,73,,130098,7,,,0,73,,130116,7,,,0,33,,130099,7,,,0,73,,130117,7,,,0,29,,130100,7,,,0,77,,130118,7,,,0,33,,130101,7,,,0,73,,130119,7,,,0,33,,130102,7,,,0,73,,130120,7,,,0,33,,130103,7,,,0,73,,130121,7,,,0,73,,130104,7,,,0,33,,130122,7,,,0,73,,130105,7,,,0,33,,130123,7,,,0,73,,130106,7,,,0,33,,130124,7,,,0,73,,130107,7,,,0,33,,130125,7,,,0,73,,130109,7,,,0,73,,130126,7,,,0,33,,130108,7,,,0
15600,'STMPSa-Saturday',626,,130127,7,,,0,33,,130128,7,,,0,73,,130130,7,,,0,73,,130131,7,,,0,33,,130132,7,,,0,73,,130129,7,,,0,33,,130133,7,,,0,73,,130134,7,,,0,33,,130135,7,,,0,73,,130136,7,,,0,33,,130138,7,,,0,73,,130137,7,,,0,73,,130140,7,,,0,33,,130142,7,,,0,73,,130139,7,,,0,33,,130141,7,,,0,73,,130143,7,,,0,33,,130144,7,,,0,73,,130145,7,,,0,33,,130146,7,,,0,73,,130147,7,,,0,33,,130148,7,,,0,73,,130149,7,,,0,73,,130150,7,,,0,33,,130151,7,,,0,73,,130152,7,,,0,33,,130153,7,,,0,73,,130154,7,,,0,33,,130155,7,,,0,73,,130156,7,,,0
15600,'STMPSnea-Weekday',524,,130174,7,,,0,33,,130157,7,,,0,73,,130175,7,,,0,73,,130158,7,,,0,33,,130176,7,,,0,73,,130159,7,,,0,29,,130177,7,,,0,77,,130160,7,,,0,33,,130178,7,,,0,73,,130161,7,,,0,33,,130179,7,,,0,73,,130162,7,,,0,73,,130180,7,,,0,33,,130163,7,,,0,73,,130181,7,,,0,29,,130164,7,,,0,77,,130182,7,,,0,33,,130165,7,,,0,73,,130183,7,,,0,33,,130166,7,,,0,73,,130184,7,,,0,33,,130167,7,,,0,73,,130185,7,,,0,73,,130168,7,,,0,33,,130186,7,,,0,73,,130169,7,,,0,33,,130187,7,,,0,73,,130170,7,,,0,33,,130188,7,,,0,73,,130171,7,,,0,33,,130189,7,,,0,73,,130173,7,,,0,73,,130190,7,,,0,33,,130172,7,,,0
15600,'STMPSu1-Sunday',757,,130191,7,,,0,73,,130192,7,,,0,73,,130193,7,,,0,33,,130195,7,,,0,73,,130194,7,,,0,33,,130196,7,,,0,73,,130199,7,,,0,33,,130198,7,,,0,73,,130197,7,,,0,33,,130200,7,,,0,73,,130201,7,,,0,73,,130202,7,,,0,33,,130203,7,,,0,73,,130204,7,,,0,33,,130205,7,,,0,73,,130206,7,,,0,33,,130207,7,,,0,73,,130209,7,,,0,33,,130208,7,,,0,73,,130210,7,,,0,33,,130211,7,,,0,73,,130212,7,,,0,73,,130213,7,,,0,33,,130214,7,,,0,73,,130215,7,,,0,33,,130216,7,,,0,73,,130217,7,,,0
15600,'STMPSu2-Sunday',757,,130218,7,,,0,73,,130219,7,,,0,73,,130220,7,,,0,33,,130222,7,,,0,73,,130221,7,,,0,33,,130223,7,,,0,73,,130226,7,,,0,33,,130225,7,,,0,73,,130224,7,,,0,33,,130227,7,,,0,73,,130228,7,,,0,73,,130229,7,,,0,33,,130230,7,,,0,73,,130231,7,,,0,33,,130232,7,,,0,73,,130233,7,,,0,33,,130234,7,,,0,73,,130236,7,,,0,33,,130235,7,,,0,73,,130237,7,,,0,33,,130238,7,,,0,73,,130239,7,,,0,73,,130240,7,,,0,33,,130241,7,,,0,73,,130242,7,,,0,33,,130243,7,,,0,73,,130244,7,,,0
15600,'STMPWeek-Weekday',524,,130262,7,,,0,33,,130245,7,,,0,73,,130263,7,,,0,73,,130246,7,,,0,33,,130264,7,,,0,73,,130247,7,,,0,29,,130265,7,,,0,77,,130248,7,,,0,33,,130266,7,,,0,73,,130249,7,,,0,33,,130267,7,,,0,73,,130250,7,,,0,73,,130268,7,,,0,33,,130251,7,,,0,73,,130269,7,,,0,29,,130252,7,,,0,77,,130270,7,,,0,33,,130253,7,,,0,73,,130271,7,,,0,33,,130254,7,,,0,73,,130272,7,,,0,33,,130255,7,,,0,73,,130273,7,,,0,73,,130256,7,,,0,33,,130274,7,,,0,73,,130257,7,,,0,33,,130275,7,,,0,73,,130258,7,,,0,33,,130276,7,,,0,73,,130259,7,,,0,33,,130277,7,,,0,73,,130261,7,,,0,73,,130278,7,,,0,33,,130260,7,,,0
15600,'STMPar-Weekday',524,,130296,7,,,0,33,,130279,7,,,0,73,,130297,7,,,0,73,,130280,7,,,0,33,,130298,7,,,0,73,,130281,7,,,0,29,,130299,7,,,0,77,,130282,7,,,0,33,,130300,7,,,0,73,,130283,7,,,0,33,,130301,7,,,0,73,,130284,7,,,0,73,,130302,7,,,0,33,,130285,7,,,0,73,,130303,7,,,0,29,,130286,7,,,0,77,,130304,7,,,0,33,,130287,7,,,0,73,,130305,7,,,0,33,,130288,7,,,0,73,,130306,7,,,0,33,,130289,7,,,0,73,,130307,7,,,0,73,,130290,7,,,0,33,,130308,7,,,0,73,,130291,7,,,0,33,,130309,7,,,0,73,,130292,7,,,0,33,,130310,7,,,0,73,,130293,7,,,0,33,,130311,7,,,0,73,,130294,7,,,0,73,,130312,7,,,0,33,,130295,7,,,0
