11900,'Saturday',1258,,119598,10,,,0,100,,119599,10,,,0,100,,119600,10,,,0,96,,119601,10,,,0,99,,119602,10,,,0,98,,119603,10,,,0,96,,119604,10,,,0,93,,119605,10,,,0,93,,119606,10,,,0,94,,119607,10,,,0,94,,119608,10,,,0,94,,119609,10,,,0,94,,119610,10,,,0
11900,'Sunday',1258,,119611,10,,,0,100,,119612,10,,,0,100,,119613,10,,,0,96,,119615,10,,,0,99,,119616,10,,,0,98,,119617,10,,,0,96,,119614,10,,,0,93,,119618,10,,,0,93,,119619,10,,,0,94,,119620,10,,,0,94,,119621,10,,,0,94,,119622,10,,,0,94,,119623,10,,,0
11900,'Weekday',1259,,119627,10,,,0,100,,119624,10,,,0,100,,119626,10,,,0,96,,119625,10,,,0,98,,119628,10,,,0,98,,119629,10,,,0,97,,119630,10,,,0,93,,119631,10,,,0,93,,119632,10,,,0,94,,119633,10,,,0,94,,119634,10,,,0,94,,119635,10,,,0,94,,119636,10,,,0
11900,'STMPSa-Saturday',1258,,119637,10,,,0,100,,119638,10,,,0,100,,119639,10,,,0,96,,119640,10,,,0,99,,119641,10,,,0,98,,119642,10,,,0,96,,119643,10,,,0,93,,119644,10,,,0,93,,119645,10,,,0,94,,119646,10,,,0,94,,119647,10,,,0,94,,119648,10,,,0,94,,119649,10,,,0
11900,'STMPSnea-Weekday',1259,,119653,10,,,0,100,,119650,10,,,0,100,,119652,10,,,0,96,,119651,10,,,0,98,,119654,10,,,0,98,,119655,10,,,0,97,,119656,10,,,0,93,,119657,10,,,0,93,,119658,10,,,0,94,,119659,10,,,0,94,,119660,10,,,0,94,,119661,10,,,0,94,,119662,10,,,0
11900,'STMPSu1-Sunday',1258,,119663,10,,,0,100,,119664,10,,,0,100,,119665,10,,,0,96,,119667,10,,,0,99,,119668,10,,,0,98,,119669,10,,,0,96,,119666,10,,,0,93,,119670,10,,,0,93,,119671,10,,,0,94,,119672,10,,,0,94,,119673,10,,,0,94,,119674,10,,,0,94,,119675,10,,,0
11900,'STMPSu2-Sunday',1258,,119676,10,,,0,100,,119677,10,,,0,100,,119678,10,,,0,96,,119680,10,,,0,99,,119681,10,,,0,98,,119682,10,,,0,96,,119679,10,,,0,93,,119683,10,,,0,93,,119684,10,,,0,94,,119685,10,,,0,94,,119686,10,,,0,94,,119687,10,,,0,94,,119688,10,,,0
11900,'STMPWeek-Weekday',1259,,119692,10,,,0,100,,119689,10,,,0,100,,119691,10,,,0,96,,119690,10,,,0,98,,119693,10,,,0,98,,119694,10,,,0,97,,119695,10,,,0,93,,119696,10,,,0,93,,119697,10,,,0,94,,119698,10,,,0,94,,119699,10,,,0,94,,119700,10,,,0,94,,119701,10,,,0
11900,'STMPar-Weekday',1259,,119705,10,,,0,100,,119702,10,,,0,100,,119704,10,,,0,96,,119703,10,,,0,98,,119706,10,,,0,98,,119707,10,,,0,97,,119708,10,,,0,93,,119709,10,,,0,93,,119710,10,,,0,94,,119711,10,,,0,94,,119712,10,,,0,94,,119713,10,,,0,94,,119714,10,,,0
11901,'Saturday',558,,119715,20,,,0,93,,119716,20,,,0,93,,119717,20,,,0,93,,119719,20,,,0,93,,119720,20,,,0,93,,119721,20,,,0,93,,119718,20,,,0,93,,119722,20,,,0
11901,'Sunday',558,,119724,20,,,0,93,,119725,20,,,0,93,,119726,20,,,0,93,,119723,20,,,0,93,,119728,20,,,0,93,,119729,20,,,0,93,,119730,20,,,0,93,,119727,20,,,0
11901,'Weekday',557,,119731,20,,,0,92,,119732,20,,,0,93,,119733,20,,,0,93,,119735,20,,,0,93,,119736,20,,,0,93,,119737,20,,,0,93,,119734,20,,,0,93,,119738,20,,,0
11901,'STMPSa-Saturday',558,,119739,20,,,0,93,,119740,20,,,0,93,,119741,20,,,0,93,,119743,20,,,0,93,,119744,20,,,0,93,,119745,20,,,0,93,,119742,20,,,0,93,,119746,20,,,0
11901,'STMPSnea-Weekday',557,,119747,20,,,0,92,,119748,20,,,0,93,,119749,20,,,0,93,,119751,20,,,0,93,,119752,20,,,0,93,,119753,20,,,0,93,,119750,20,,,0,93,,119754,20,,,0
11901,'STMPSu1-Sunday',558,,119756,20,,,0,93,,119757,20,,,0,93,,119758,20,,,0,93,,119755,20,,,0,93,,119760,20,,,0,93,,119761,20,,,0,93,,119762,20,,,0,93,,119759,20,,,0
11901,'STMPSu2-Sunday',558,,119764,20,,,0,93,,119765,20,,,0,93,,119766,20,,,0,93,,119763,20,,,0,93,,119768,20,,,0,93,,119769,20,,,0,93,,119770,20,,,0,93,,119767,20,,,0
11901,'STMPWeek-Weekday',557,,119771,20,,,0,92,,119772,20,,,0,93,,119773,20,,,0,93,,119775,20,,,0,93,,119776,20,,,0,93,,119777,20,,,0,93,,119774,20,,,0,93,,119778,20,,,0
11901,'STMPar-Weekday',557,,119780,20,,,0,92,,119779,20,,,0,93,,119781,20,,,0,93,,119783,20,,,0,93,,119784,20,,,0,93,,119785,20,,,0,93,,119782,20,,,0,93,,119786,20,,,0
