1100,'Saturday',713,,49082,,,0,30,,49092,,,0,70,,49078,,,0,30,,49093,,,0,70,,49081,,,0,30,,49094,,,0,70,,49089,,,0,30,,49095,,,0,70,,49080,,,0,30,,49096,,,0,70,,49079,,,0,30,,49097,,,0,70,,49077,,,0,30,,49098,,,0,70,,49083,,,0,30,,49101,,,0,70,,49090,,,0,30,,49102,,,0,70,,49084,,,0,30,,49099,,,0,70,,49085,,,0,30,,49100,,,0,70,,49088,,,0,30,,49103,,,0,70,,49086,,,0,30,,49104,,,0,70,,49087,,,0,30,,49091,,,0,70,,49106,,,0,30,,49108,,,0,70,,49107,,,0,30,,49105,,,0
1100,'Sunday',1054,,49109,,,0,70,,49124,,,0,30,,49111,,,0,70,,49123,,,0,30,,49112,,,0,70,,49122,,,0,30,,49110,,,0,70,,49121,,,0,30,,49115,,,0,70,,49118,,,0,30,,49113,,,0,70,,49120,,,0,30,,49114,,,0,70,,49117,,,0,30,,49116,,,0,70,,49119,,,0,30,,49129,,,0,70,,49130,,,0,30,,49131,,,0,70,,49126,,,0,30,,49125,,,0,70,,49128,,,0,30,,49127,,,0,70,,49132,,,0
1100,'Weekday',538,,49134,,,0,70,,49136,,,0,30,,49137,,,0,71,,49138,,,0,27,,49135,,,0,72,,49139,,,0,25,,49140,,,0,75,,49141,,,0,30,,49142,,,0,70,,49143,,,0,30,,49144,,,0,70,,49145,,,0,30,,49146,,,0,70,,49147,,,0,30,,49148,,,0,70,,49150,,,0,35,,49151,,,0,68,,49152,,,0,29,,49149,,,0,69,,49153,,,0,30,,49154,,,0,70,,49155,,,0,30,,49156,,,0,70,,49157,,,0,30,,49158,,,0,69,,49159,,,0,30,,49160,,,0,70,,49161,,,0,30,,49162,,,0,70,,49163,,,0,30,,49164,,,0,70,,49165,,,0
1100,'1CCSDCUT-Weekday',538,,49169,,,0,70,,49171,,,0,30,,49172,,,0,71,,49173,,,0,27,,49170,,,0,72,,49174,,,0,25,,49175,,,0,75,,49176,,,0,30,,49177,,,0,70,,49178,,,0,30,,49179,,,0,70,,49180,,,0,30,,49181,,,0,70,,49182,,,0,30,,49183,,,0,70,,49185,,,0,35,,49186,,,0,68,,49187,,,0,29,,49184,,,0,69,,49188,,,0,30,,49189,,,0,70,,49190,,,0,30,,49191,,,0,70,,49192,,,0,30,,49193,,,0,69,,49194,,,0,30,,49195,,,0,70,,49196,,,0,30,,49197,,,0,70,,49198,,,0,30,,49199,,,0,70,,49200,,,0
1100,'1PUBCUT-Weekday',538,,49204,,,0,70,,49206,,,0,30,,49207,,,0,71,,49208,,,0,27,,49205,,,0,72,,49209,,,0,25,,49210,,,0,75,,49211,,,0,30,,49212,,,0,70,,49213,,,0,30,,49214,,,0,70,,49215,,,0,30,,49216,,,0,70,,49217,,,0,30,,49218,,,0,70,,49220,,,0,35,,49221,,,0,68,,49222,,,0,29,,49219,,,0,69,,49223,,,0,30,,49224,,,0,70,,49225,,,0,30,,49226,,,0,70,,49227,,,0,30,,49228,,,0,69,,49229,,,0,30,,49230,,,0,70,,49231,,,0,30,,49232,,,0,70,,49233,,,0,30,,49234,,,0,70,,49235,,,0
7800,'Saturday',638,,65312,,,0,75,,65319,,,0,35,,65320,,,0,75,,65321,,,0,35,,65318,,,0,75,,65322,,,0,75,,65323,,,0,35,,65324,,,0,75,,65325,,,0,35,,65326,,,0,75,,65328,,,0,75,,65329,,,0,35,,65330,,,0,75,,65327,,,0,35,,65331,,,0,75,,65332,,,0,35,,65333,,,0,75,,65334,,,0,75,,65335,,,0,35,,65336,,,0,75,,65339,,,0,35,,65340,,,0,75,,65341,,,0,75,,65337,,,0,35,,65338,,,0,75,,65342,,,0,35,,65317,,,0,75,,65314,,,0,35,,65315,,,0,75,,65316,,,0,75,,65313,,,0
7800,'Sunday',638,,65358,,,0,75,,65343,,,0,35,,65359,,,0,75,,65344,,,0,35,,65360,,,0,75,,65345,,,0,75,,65361,,,0,35,,65346,,,0,75,,65364,,,0,35,,65348,,,0,75,,65363,,,0,75,,65347,,,0,35,,65362,,,0,75,,65349,,,0,35,,65365,,,0,75,,65350,,,0,35,,65366,,,0,75,,65351,,,0,75,,65367,,,0,35,,65352,,,0,75,,65368,,,0,35,,65353,,,0,75,,65369,,,0,75,,65354,,,0,35,,65370,,,0,75,,65355,,,0,35,,65371,,,0,75,,65357,,,0,35,,65372,,,0,75,,65356,,,0,75,,65373,,,0
7800,'Weekday',457,,65374,,,0,70,,65387,,,0,20,,65403,,,0,60,,65375,,,0,32,,65388,,,0,20,,65405,,,0,60,,65376,,,0,20,,65385,,,0,20,,65389,,,0,60,,65406,,,0,20,,65377,,,0,20,,65386,,,0,60,,65390,,,0,22,,65407,,,0,65,,65378,,,0,25,,65391,,,0,25,,65408,,,0,65,,65379,,,0,25,,65392,,,0,65,,65409,,,0,25,,65380,,,0,65,,65393,,,0,25,,65410,,,0,25,,65381,,,0,65,,65394,,,0,25,,65411,,,0,65,,65382,,,0,21,,65414,,,0,20,,65395,,,0,60,,65412,,,0,20,,65383,,,0,20,,65421,,,0,60,,65397,,,0,20,,65413,,,0,20,,65384,,,0,60,,65396,,,0,20,,65398,,,0,32,,65415,,,0,74,,65400,,,0,75,,65416,,,0,35,,65399,,,0,75,,65417,,,0,35,,65401,,,0,75,,65418,,,0,75,,65402,,,0,35,,65419,,,0,77,,65404,,,0,35,,65420,,,0
7800,'1CCSDCUT-Weekday',457,,65422,,,0,70,,65435,,,0,20,,65451,,,0,60,,65423,,,0,32,,65436,,,0,20,,65453,,,0,60,,65424,,,0,20,,65433,,,0,20,,65437,,,0,60,,65454,,,0,20,,65425,,,0,20,,65434,,,0,60,,65438,,,0,22,,65455,,,0,65,,65426,,,0,25,,65439,,,0,25,,65456,,,0,65,,65427,,,0,25,,65440,,,0,65,,65457,,,0,25,,65428,,,0,65,,65441,,,0,25,,65458,,,0,25,,65429,,,0,65,,65442,,,0,25,,65459,,,0,65,,65430,,,0,21,,65462,,,0,20,,65443,,,0,60,,65460,,,0,20,,65431,,,0,20,,65469,,,0,60,,65445,,,0,20,,65461,,,0,20,,65432,,,0,60,,65444,,,0,20,,65446,,,0,32,,65463,,,0,74,,65448,,,0,75,,65464,,,0,35,,65447,,,0,75,,65465,,,0,35,,65449,,,0,75,,65466,,,0,75,,65450,,,0,35,,65467,,,0,75,,65452,,,0,37,,65468,,,0
7800,'1PUBCUT-Weekday',457,,65470,,,0,70,,65483,,,0,20,,65499,,,0,60,,65471,,,0,32,,65484,,,0,20,,65501,,,0,60,,65472,,,0,20,,65481,,,0,20,,65485,,,0,60,,65502,,,0,20,,65473,,,0,20,,65482,,,0,60,,65486,,,0,22,,65503,,,0,65,,65474,,,0,25,,65487,,,0,25,,65504,,,0,65,,65475,,,0,25,,65488,,,0,65,,65505,,,0,25,,65476,,,0,65,,65489,,,0,25,,65506,,,0,25,,65477,,,0,65,,65490,,,0,25,,65507,,,0,65,,65478,,,0,21,,65510,,,0,20,,65491,,,0,60,,65508,,,0,20,,65479,,,0,20,,65517,,,0,60,,65493,,,0,20,,65509,,,0,20,,65480,,,0,60,,65492,,,0,20,,65494,,,0,32,,65511,,,0,74,,65496,,,0,75,,65512,,,0,35,,65495,,,0,75,,65513,,,0,35,,65497,,,0,75,,65514,,,0,75,,65498,,,0,35,,65515,,,0,75,,65500,,,0,37,,65516,,,0
