79800,'Weekday0000100',1210,10,89145,0,169 170 151,0
79800,'Weekday1111000',1445,10,89146,0,169 170 151,0
79800,'1CCSDCUT-Weekday0000100',1210,10,89147,0,169 170 151,0
79800,'1CCSDCUT-Weekday1111000',1445,10,89148,0,169 170 151,0
79801,'Weekday',745,,89149,4,,0
79801,'1CCSDCUT-Weekday',745,,89150,4,,0
79900,'Weekday0000100',1210,10,89152,0,169 170 171 79,0
79900,'Weekday1111000',1445,10,89154,0,169 170 171 79,0
79900,'1CCSDCUT-Weekday0000100',1210,10,89156,0,169 170 171 79,0
79900,'1CCSDCUT-Weekday1111000',1445,10,89158,0,169 170 171 79,0
79901,'Weekday',745,,89160,4,,0
79901,'1CCSDCUT-Weekday',745,,89162,4,,0
