9201,'Saturday',647,,110655,8,,,0,85,,110641,8,,,0,85,,110645,8,,,0,85,,110650,8,,,0,47,,110656,8,,,0,85,,110640,8,,,0,85,,110646,8,,,0,85,,110651,8,,,0,45,,110657,8,,,0,85,,110642,8,,,0,85,,110647,8,,,0,85,,110652,8,,,0,45,,110658,8,,,0,86,,110643,8,,,0,84,,110649,8,,,0,85,,110653,8,,,0,45,,110659,8,,,0,85,,110644,8,,,0,85,,110648,8,,,0,83,,110654,8,,,0,42,,110660,8,,,0,85,,110661,8,,,0
9201,'Sunday',648,,110677,8,,,0,85,,110662,8,,,0,85,,110667,8,,,0,85,,110672,8,,,0,45,,110678,8,,,0,85,,110663,8,,,0,86,,110668,8,,,0,85,,110674,8,,,0,45,,110679,8,,,0,85,,110665,8,,,0,85,,110669,8,,,0,85,,110673,8,,,0,45,,110680,8,,,0,85,,110664,8,,,0,85,,110670,8,,,0,85,,110675,8,,,0,44,,110681,8,,,0,85,,110666,8,,,0,85,,110671,8,,,0,85,,110676,8,,,0,42,,110682,8,,,0
9201,'Weekday',524,2,110688,8,,,0,31,2,110694,8,,,0,71,2,110712,8,,,0,33,,110700,8,,,0,70,,110716,8,,,0,30,,110704,8,,,0,71,,110689,8,,,0,72,2,110695,8,,,0,30,2,110713,8,,,0,71,2,110701,8,,,0,31,2,110708,8,,,0,71,2,110705,8,,,0,31,2,110690,8,,,0,71,2,110696,8,,,0,31,2,110714,8,,,0,71,2,110702,8,,,0,31,2,110699,8,,,0,71,2,110706,8,,,0,30,,110691,8,,,0,71,,110697,8,,,0,30,,110715,8,,,0,71,,110703,8,,,0,31,,110693,8,,,0,71,,110707,8,,,0,31,,110692,8,,,0,71,,110698,8,,,0,29,,110683,8,,,0,85,2,110685,8,,,0,85,2,110710,8,,,0,85,42,110709,8,,,0,44,2,110684,8,,,0,85,2,110686,8,,,0,85,2,110711,8,,,0,41,2,110687,8,,,0
9201,'STMPSa-Saturday',647,,110732,8,,,0,85,,110718,8,,,0,85,,110722,8,,,0,85,,110727,8,,,0,47,,110733,8,,,0,85,,110717,8,,,0,85,,110723,8,,,0,85,,110728,8,,,0,45,,110734,8,,,0,85,,110719,8,,,0,85,,110724,8,,,0,85,,110729,8,,,0,45,,110735,8,,,0,86,,110720,8,,,0,84,,110726,8,,,0,85,,110730,8,,,0,45,,110736,8,,,0,85,,110721,8,,,0,85,,110725,8,,,0,83,,110731,8,,,0,42,,110737,8,,,0,85,,110738,8,,,0
9201,'STMPSnea-Weekday',524,2,110744,8,,,0,31,2,110750,8,,,0,71,2,110768,8,,,0,33,,110756,8,,,0,70,,110772,8,,,0,30,,110760,8,,,0,71,,110745,8,,,0,72,2,110751,8,,,0,30,2,110769,8,,,0,71,2,110757,8,,,0,31,2,110764,8,,,0,71,2,110761,8,,,0,31,2,110746,8,,,0,71,2,110752,8,,,0,31,2,110770,8,,,0,71,2,110758,8,,,0,31,2,110755,8,,,0,71,2,110762,8,,,0,30,,110747,8,,,0,71,,110753,8,,,0,30,,110771,8,,,0,71,,110759,8,,,0,31,,110749,8,,,0,71,,110763,8,,,0,31,,110748,8,,,0,71,,110754,8,,,0,29,,110739,8,,,0,85,2,110741,8,,,0,85,2,110766,8,,,0,85,42,110765,8,,,0,44,2,110740,8,,,0,85,2,110742,8,,,0,85,2,110767,8,,,0,41,2,110743,8,,,0
9201,'STMPSu1-Sunday',648,,110788,8,,,0,85,,110773,8,,,0,85,,110778,8,,,0,85,,110783,8,,,0,45,,110789,8,,,0,85,,110774,8,,,0,86,,110779,8,,,0,85,,110785,8,,,0,45,,110790,8,,,0,85,,110776,8,,,0,85,,110780,8,,,0,85,,110784,8,,,0,45,,110791,8,,,0,85,,110775,8,,,0,85,,110781,8,,,0,85,,110786,8,,,0,44,,110792,8,,,0,85,,110777,8,,,0,85,,110782,8,,,0,85,,110787,8,,,0,42,,110793,8,,,0
9201,'STMPSu2-Sunday',648,,110809,8,,,0,85,,110794,8,,,0,85,,110799,8,,,0,85,,110804,8,,,0,45,,110810,8,,,0,85,,110795,8,,,0,86,,110800,8,,,0,85,,110806,8,,,0,45,,110811,8,,,0,85,,110797,8,,,0,85,,110801,8,,,0,85,,110805,8,,,0,45,,110812,8,,,0,85,,110796,8,,,0,85,,110802,8,,,0,85,,110807,8,,,0,44,,110813,8,,,0,85,,110798,8,,,0,85,,110803,8,,,0,85,,110808,8,,,0,42,,110814,8,,,0
9201,'STMPWeek-Weekday',524,2,110820,8,,,0,31,2,110826,8,,,0,71,2,110844,8,,,0,33,,110832,8,,,0,70,,110848,8,,,0,30,,110836,8,,,0,71,,110821,8,,,0,72,2,110827,8,,,0,30,2,110845,8,,,0,71,2,110833,8,,,0,31,2,110840,8,,,0,71,2,110837,8,,,0,31,2,110822,8,,,0,71,2,110828,8,,,0,31,2,110846,8,,,0,71,2,110834,8,,,0,31,2,110831,8,,,0,71,2,110838,8,,,0,30,,110823,8,,,0,71,,110829,8,,,0,30,,110847,8,,,0,71,,110835,8,,,0,31,,110825,8,,,0,71,,110839,8,,,0,31,,110824,8,,,0,71,,110830,8,,,0,29,,110815,8,,,0,85,2,110817,8,,,0,85,2,110842,8,,,0,85,42,110841,8,,,0,44,2,110816,8,,,0,85,2,110818,8,,,0,85,2,110843,8,,,0,41,2,110819,8,,,0
9201,'STMPar-Weekday',524,2,110854,8,,,0,31,2,110860,8,,,0,71,2,110878,8,,,0,33,,110866,8,,,0,70,,110882,8,,,0,30,,110870,8,,,0,71,,110855,8,,,0,72,2,110861,8,,,0,30,2,110879,8,,,0,71,2,110867,8,,,0,31,2,110874,8,,,0,71,2,110871,8,,,0,31,2,110856,8,,,0,71,2,110862,8,,,0,31,2,110880,8,,,0,71,2,110868,8,,,0,31,2,110865,8,,,0,71,2,110872,8,,,0,30,,110857,8,,,0,71,,110863,8,,,0,30,,110881,8,,,0,71,,110869,8,,,0,31,,110859,8,,,0,71,,110873,8,,,0,31,,110858,8,,,0,71,,110864,8,,,0,29,,110849,8,,,0,85,2,110851,8,,,0,85,2,110876,8,,,0,85,42,110875,8,,,0,44,2,110850,8,,,0,85,2,110852,8,,,0,85,2,110877,8,,,0,41,2,110853,8,,,0
9601,'Saturday',533,,112267,17,,,0,85,,112250,17,,,0,85,,112256,17,,,0,45,,112261,17,,,0,85,,112268,17,,,0,86,,112251,17,,,0,85,,112257,17,,,0,45,,112263,17,,,0,85,,112269,17,,,0,85,,112252,17,,,0,85,,112258,17,,,0,45,,112265,17,,,0,86,,112270,17,,,0,85,,112253,17,,,0,85,,112259,17,,,0,45,,112264,17,,,0,85,,112271,17,,,0,85,,112255,17,,,0,84,,112260,17,,,0,44,,112266,17,,,0,85,,112272,17,,,0,85,,112254,17,,,0,41,,112262,17,,,0,75,,112273,17,,,0
9601,'Sunday',532,,112291,17,,,0,85,,112274,17,,,0,85,,112280,17,,,0,45,,112285,17,,,0,85,,112292,17,,,0,85,,112275,17,,,0,85,,112281,17,,,0,45,,112287,17,,,0,85,,112293,17,,,0,85,,112276,17,,,0,85,,112282,17,,,0,45,,112288,17,,,0,85,,112294,17,,,0,85,,112277,17,,,0,85,,112283,17,,,0,45,,112289,17,,,0,85,,112295,17,,,0,85,,112278,17,,,0,85,,112284,17,,,0,45,,112290,17,,,0,85,,112296,17,,,0,85,,112279,17,,,0,41,,112286,17,,,0
9601,'Weekday',605,,112330,17,,,0,32,,112315,17,,,0,72,,112301,17,,,0,31,,112306,17,,,0,71,,112325,17,,,0,31,,112311,17,,,0,70,,112329,17,,,0,31,,112316,17,,,0,71,,112302,17,,,0,31,,112307,17,,,0,71,,112326,17,,,0,31,,112312,17,,,0,71,,112314,17,,,0,31,,112317,17,,,0,71,,112303,17,,,0,31,,112308,17,,,0,71,,112327,17,,,0,32,,112313,17,,,0,71,,112305,17,,,0,31,,112318,17,,,0,71,,112304,17,,,0,31,,112309,17,,,0,71,,112328,17,,,0,83,,112299,17,,,0,45,,112322,17,,,0,83,,112319,17,,,0,85,,112297,17,,,0,85,,112300,17,,,0,45,,112323,17,,,0,85,,112320,17,,,0,85,,112298,17,,,0,80,,112321,17,,,0
9601,'STMPSa-Saturday',533,,112348,17,,,0,85,,112331,17,,,0,85,,112337,17,,,0,45,,112342,17,,,0,85,,112349,17,,,0,86,,112332,17,,,0,85,,112338,17,,,0,45,,112344,17,,,0,85,,112350,17,,,0,85,,112333,17,,,0,85,,112339,17,,,0,45,,112346,17,,,0,86,,112351,17,,,0,85,,112334,17,,,0,85,,112340,17,,,0,45,,112345,17,,,0,85,,112352,17,,,0,85,,112336,17,,,0,84,,112341,17,,,0,44,,112347,17,,,0,85,,112353,17,,,0,85,,112335,17,,,0,41,,112343,17,,,0,75,,112354,17,,,0
9601,'STMPSnea-Weekday',605,,112388,17,,,0,32,,112373,17,,,0,72,,112359,17,,,0,31,,112364,17,,,0,71,,112383,17,,,0,31,,112369,17,,,0,70,,112387,17,,,0,31,,112374,17,,,0,71,,112360,17,,,0,31,,112365,17,,,0,71,,112384,17,,,0,31,,112370,17,,,0,71,,112372,17,,,0,31,,112375,17,,,0,71,,112361,17,,,0,31,,112366,17,,,0,71,,112385,17,,,0,32,,112371,17,,,0,71,,112363,17,,,0,31,,112376,17,,,0,71,,112362,17,,,0,31,,112367,17,,,0,71,,112386,17,,,0,83,,112357,17,,,0,45,,112380,17,,,0,83,,112377,17,,,0,85,,112355,17,,,0,85,,112358,17,,,0,45,,112381,17,,,0,85,,112378,17,,,0,85,,112356,17,,,0,80,,112379,17,,,0
9601,'STMPSu1-Sunday',532,,112406,17,,,0,85,,112389,17,,,0,85,,112395,17,,,0,45,,112400,17,,,0,85,,112407,17,,,0,85,,112390,17,,,0,85,,112396,17,,,0,45,,112402,17,,,0,85,,112408,17,,,0,85,,112391,17,,,0,85,,112397,17,,,0,45,,112403,17,,,0,85,,112409,17,,,0,85,,112392,17,,,0,85,,112398,17,,,0,45,,112404,17,,,0,85,,112410,17,,,0,85,,112393,17,,,0,85,,112399,17,,,0,45,,112405,17,,,0,85,,112411,17,,,0,85,,112394,17,,,0,41,,112401,17,,,0
9601,'STMPSu2-Sunday',532,,112429,17,,,0,85,,112412,17,,,0,85,,112418,17,,,0,45,,112423,17,,,0,85,,112430,17,,,0,85,,112413,17,,,0,85,,112419,17,,,0,45,,112425,17,,,0,85,,112431,17,,,0,85,,112414,17,,,0,85,,112420,17,,,0,45,,112426,17,,,0,85,,112432,17,,,0,85,,112415,17,,,0,85,,112421,17,,,0,45,,112427,17,,,0,85,,112433,17,,,0,85,,112416,17,,,0,85,,112422,17,,,0,45,,112428,17,,,0,85,,112434,17,,,0,85,,112417,17,,,0,41,,112424,17,,,0
9601,'STMPWeek-Weekday',605,,112468,17,,,0,32,,112453,17,,,0,72,,112439,17,,,0,31,,112444,17,,,0,71,,112463,17,,,0,31,,112449,17,,,0,70,,112467,17,,,0,31,,112454,17,,,0,71,,112440,17,,,0,31,,112445,17,,,0,71,,112464,17,,,0,31,,112450,17,,,0,71,,112452,17,,,0,31,,112455,17,,,0,71,,112441,17,,,0,31,,112446,17,,,0,71,,112465,17,,,0,32,,112451,17,,,0,71,,112443,17,,,0,31,,112456,17,,,0,71,,112442,17,,,0,31,,112447,17,,,0,71,,112466,17,,,0,83,,112437,17,,,0,45,,112460,17,,,0,83,,112457,17,,,0,85,,112435,17,,,0,85,,112438,17,,,0,45,,112461,17,,,0,85,,112458,17,,,0,85,,112436,17,,,0,80,,112459,17,,,0
9601,'STMPar-Weekday',605,,112502,17,,,0,32,,112487,17,,,0,72,,112473,17,,,0,31,,112478,17,,,0,71,,112497,17,,,0,31,,112483,17,,,0,70,,112501,17,,,0,31,,112488,17,,,0,71,,112474,17,,,0,31,,112479,17,,,0,71,,112498,17,,,0,31,,112484,17,,,0,71,,112486,17,,,0,31,,112489,17,,,0,71,,112475,17,,,0,31,,112480,17,,,0,71,,112499,17,,,0,32,,112485,17,,,0,71,,112477,17,,,0,31,,112490,17,,,0,71,,112476,17,,,0,31,,112481,17,,,0,71,,112500,17,,,0,83,,112471,17,,,0,45,,112494,17,,,0,83,,112491,17,,,0,85,,112469,17,,,0,85,,112472,17,,,0,45,,112495,17,,,0,85,,112492,17,,,0,85,,112470,17,,,0,80,,112493,17,,,0
