9901,'Saturday',607,,71170,,,0,30,,71173,,,0,70,,71201,,,0,30,,71171,,,0,70,,71174,,,0,30,,71204,,,0,70,,71177,,,0,30,,71178,,,0,70,,71195,,,0,30,,71175,,,0,70,,71176,,,0,30,,71203,,,0,70,,71180,,,0,30,,71181,,,0,70,,71194,,,0,30,,71182,,,0,70,,71183,,,0,30,,71196,,,0,70,,71185,,,0,30,,71179,,,0,70,,71197,,,0,30,,71187,,,0,70,,71184,,,0,30,,71198,,,0,70,,71186,,,0,30,,71188,,,0,70,,71199,,,0,30,,71189,,,0,70,,71190,,,0,30,,71200,,,0,70,,71191,,,0,30,,71192,,,0,70,,71202,,,0,30,,71193,,,0,70,,71172,,,0
9901,'Sunday',607,,71205,,,0,30,,71206,,,0,70,,71232,,,0,30,,71207,,,0,70,,71208,,,0,30,,71234,,,0,70,,71210,,,0,30,,71211,,,0,70,,71235,,,0,30,,71215,,,0,70,,71212,,,0,30,,71233,,,0,70,,71213,,,0,30,,71209,,,0,70,,71236,,,0,30,,71214,,,0,70,,71216,,,0,30,,71231,,,0,70,,71217,,,0,30,,71218,,,0,70,,71230,,,0,30,,71219,,,0,70,,71220,,,0,30,,71228,,,0,70,,71221,,,0,30,,71222,,,0,70,,71227,,,0,30,,71223,,,0,70,,71224,,,0,30,,71229,,,0,70,,71225,,,0,30,,71226,,,0
9901,'Weekday',443,,71247,,,0,70,,71248,,,0,30,,71249,,,0,70,,71250,,,0,33,,71251,,,0,70,,71252,,,0,30,,71253,,,0,70,,71256,,,0,30,,71257,,,0,70,,71258,,,0,30,,71254,,,0,70,,71255,,,0,30,,71260,,,0,70,,71261,,,0,30,,71262,,,0,70,,71259,,,0,30,,71263,,,0,70,,71264,,,0,30,,71265,,,0,70,,71266,,,0,30,,71267,,,0,70,,71268,,,0,30,,71269,,,0,70,,71270,,,0,30,,71272,,,0,70,,71273,,,0,30,,71274,,,0,70,,71271,,,0,30,,71246,,,0,70,,71245,,,0,30,,71275,,,0,70,,71244,,,0,30,,71238,,,0,70,,71240,,,0,30,,71239,,,0,70,,71243,,,0,30,,71237,,,0,70,,71241,,,0,30,,71242,,,0
9901,'1CCSDCUT-Weekday',443,,71286,,,0,70,,71287,,,0,30,,71288,,,0,70,,71289,,,0,33,,71290,,,0,70,,71291,,,0,30,,71292,,,0,70,,71295,,,0,30,,71296,,,0,70,,71297,,,0,30,,71293,,,0,70,,71294,,,0,30,,71299,,,0,70,,71300,,,0,30,,71301,,,0,70,,71298,,,0,30,,71302,,,0,70,,71303,,,0,30,,71304,,,0,70,,71305,,,0,30,,71306,,,0,70,,71307,,,0,30,,71308,,,0,70,,71309,,,0,30,,71311,,,0,70,,71312,,,0,30,,71313,,,0,70,,71310,,,0,30,,71285,,,0,70,,71284,,,0,30,,71314,,,0,70,,71283,,,0,30,,71277,,,0,70,,71279,,,0,30,,71278,,,0,70,,71282,,,0,30,,71276,,,0,70,,71280,,,0,30,,71281,,,0
9901,'1PUBCUT-Weekday',443,,71325,,,0,70,,71326,,,0,30,,71327,,,0,70,,71328,,,0,33,,71329,,,0,70,,71330,,,0,30,,71331,,,0,70,,71334,,,0,30,,71335,,,0,70,,71336,,,0,30,,71332,,,0,70,,71333,,,0,30,,71338,,,0,70,,71339,,,0,30,,71340,,,0,70,,71337,,,0,30,,71341,,,0,70,,71342,,,0,30,,71343,,,0,70,,71344,,,0,30,,71345,,,0,70,,71346,,,0,30,,71347,,,0,70,,71348,,,0,30,,71350,,,0,70,,71351,,,0,30,,71352,,,0,70,,71349,,,0,30,,71324,,,0,70,,71323,,,0,30,,71353,,,0,70,,71322,,,0,30,,71316,,,0,70,,71318,,,0,30,,71317,,,0,70,,71321,,,0,30,,71315,,,0,70,,71319,,,0,30,,71320,,,0
12501,'Weekday',525,,75903,,,0,76,,75906,,,0,30,,75907,,,0,70,,75908,,,0,30,,75904,,,0,70,,75905,,,0,30,,75884,,,0,69,,75885,,,0,30,,75886,,,0,70,,75883,,,0,30,,75887,,,0,70,,75889,,,0,30,,75890,,,0,70,,75892,,,0,30,,75888,,,0,70,,75893,,,0,30,,75894,,,0,70,,75891,,,0,30,,75895,,,0,72,,75896,,,0,30,,75897,,,0,70,,75898,,,0,30,,75899,,,0,70,,75900,,,0,30,,75901,,,0,70,,75902,,,0,30,,75878,,,0,70,,75879,,,0,29,,75877,,,0,70,,75880,,,0,30,,75881,,,0,71,,75882,,,0
12501,'1CCSDCUT-Weekday',525,,75935,,,0,76,,75938,,,0,30,,75939,,,0,70,,75940,,,0,30,,75936,,,0,70,,75937,,,0,30,,75916,,,0,69,,75917,,,0,30,,75918,,,0,70,,75915,,,0,30,,75919,,,0,70,,75921,,,0,30,,75922,,,0,70,,75924,,,0,30,,75920,,,0,70,,75925,,,0,30,,75926,,,0,70,,75923,,,0,30,,75927,,,0,72,,75928,,,0,30,,75929,,,0,70,,75930,,,0,30,,75931,,,0,70,,75932,,,0,30,,75933,,,0,70,,75934,,,0,30,,75910,,,0,70,,75911,,,0,29,,75909,,,0,70,,75912,,,0,30,,75913,,,0,71,,75914,,,0
12501,'1PUBCUT-Weekday',525,,75967,,,0,76,,75970,,,0,30,,75971,,,0,70,,75972,,,0,30,,75968,,,0,70,,75969,,,0,30,,75948,,,0,69,,75949,,,0,30,,75950,,,0,70,,75947,,,0,30,,75951,,,0,70,,75953,,,0,30,,75954,,,0,70,,75956,,,0,30,,75952,,,0,70,,75957,,,0,30,,75958,,,0,70,,75955,,,0,30,,75959,,,0,72,,75960,,,0,30,,75961,,,0,70,,75962,,,0,30,,75963,,,0,70,,75964,,,0,30,,75965,,,0,70,,75966,,,0,30,,75942,,,0,70,,75943,,,0,29,,75941,,,0,70,,75944,,,0,30,,75945,,,0,71,,75946,,,0
78000,'Weekday',824,,89070,0,95 96 156,0
78000,'1CCSDCUT-Weekday',824,,89071,0,95 96 156,0
