6400,'Weekday',1642,,62237,,,0,58,,62239,,,0,19,,62238,,,0,20,,62236,,,0,19,,62240,,,0,58,,62235,,,0
6400,'1CCSDCUT-Weekday',1642,,62243,,,0,58,,62245,,,0,19,,62244,,,0,20,,62242,,,0,19,,62246,,,0,58,,62241,,,0
6400,'1PUBCUT-Weekday',1642,,62249,,,0,58,,62251,,,0,19,,62250,,,0,20,,62248,,,0,19,,62252,,,0,58,,62247,,,0
6401,'Weekday',621,,62254,,,0,20,,62255,,,0,60,,62256,,,0,20,,62257,,,0,19,,62253,,,0
6401,'1CCSDCUT-Weekday',621,,62259,,,0,20,,62260,,,0,60,,62261,,,0,20,,62262,,,0,19,,62258,,,0
6401,'1PUBCUT-Weekday',621,,62264,,,0,20,,62265,,,0,60,,62266,,,0,20,,62267,,,0,19,,62263,,,0
11800,'Saturday',737,,74383,,,0,68,,74357,,,0,30,,74354,,,0,70,,74355,,,0,30,,74359,,,0,70,,74364,,,0,30,,74365,,,0,70,,74361,,,0,30,,74360,,,0,70,,74362,,,0,30,,74358,,,0,70,,74366,,,0,30,,74370,,,0,70,,74371,,,0,30,,74367,,,0,70,,74363,,,0,30,,74368,,,0,70,,74356,,,0,30,,74369,,,0,70,,74373,,,0,30,,74372,,,0,70,,74375,,,0,30,,74376,,,0,70,,74377,,,0,30,,74374,,,0,70,,74378,,,0,30,,74379,,,0,70,,74380,,,0,30,,74381,,,0,70,,74382,,,0
11800,'Sunday',805,,74412,,,0,30,,74385,,,0,70,,74388,,,0,30,,74386,,,0,70,,74389,,,0,30,,74390,,,0,70,,74391,,,0,30,,74393,,,0,70,,74394,,,0,30,,74395,,,0,70,,74392,,,0,30,,74387,,,0,70,,74396,,,0,30,,74397,,,0,70,,74398,,,0,30,,74399,,,0,70,,74400,,,0,30,,74402,,,0,70,,74403,,,0,30,,74404,,,0,70,,74401,,,0,30,,74405,,,0,70,,74406,,,0,30,,74407,,,0,70,,74408,,,0,30,,74409,,,0,70,,74410,,,0,30,,74411,,,0,70,,74413,,,0
11800,'Weekday',515,,74418,,,0,42,,74420,,,0,78,,74415,,,0,70,,74416,,,0,30,,74417,,,0,70,,74421,,,0,30,,74419,,,0,69,,74422,,,0,29,,74423,,,0,70,,74424,,,0,30,,74425,,,0,70,,74426,,,0,30,,74428,,,0,70,,74429,,,0,30,,74430,,,0,70,,74427,,,0,30,,74431,,,0,70,,74432,,,0,30,,74433,,,0,70,,74434,,,0,31,,74435,,,0,72,,74436,,,0,30,,74439,,,0,70,,74441,,,0,30,,74437,,,0,69,,74438,,,0,34,,74440,,,0,69,,74442,,,0,30,,74443,,,0,70,,74445,,,0,30,,74446,,,0,70,,74447,,,0,30,,74444,,,0,70,,74448,,,0,30,,74449,,,0,70,,74450,,,0,30,,74451,,,0
11800,'1CCSDCUT-Weekday',515,,74455,,,0,42,,74457,,,0,78,,74452,,,0,70,,74453,,,0,30,,74454,,,0,70,,74458,,,0,30,,74456,,,0,69,,74459,,,0,29,,74460,,,0,70,,74461,,,0,30,,74462,,,0,70,,74463,,,0,30,,74465,,,0,70,,74466,,,0,30,,74467,,,0,70,,74464,,,0,30,,74468,,,0,70,,74469,,,0,30,,74470,,,0,70,,74471,,,0,31,,74472,,,0,72,,74473,,,0,30,,74476,,,0,70,,74478,,,0,30,,74474,,,0,69,,74475,,,0,34,,74477,,,0,69,,74479,,,0,30,,74480,,,0,70,,74482,,,0,30,,74483,,,0,70,,74484,,,0,30,,74481,,,0,70,,74485,,,0,30,,74486,,,0,70,,74487,,,0,30,,74488,,,0
11800,'1PUBCUT-Weekday',515,,74492,,,0,42,,74494,,,0,78,,74489,,,0,70,,74490,,,0,30,,74491,,,0,70,,74495,,,0,30,,74493,,,0,69,,74496,,,0,29,,74497,,,0,70,,74498,,,0,30,,74499,,,0,70,,74500,,,0,30,,74502,,,0,70,,74503,,,0,30,,74504,,,0,70,,74501,,,0,30,,74505,,,0,70,,74506,,,0,30,,74507,,,0,70,,74508,,,0,31,,74509,,,0,72,,74510,,,0,30,,74513,,,0,70,,74515,,,0,30,,74511,,,0,69,,74512,,,0,34,,74514,,,0,69,,74516,,,0,30,,74517,,,0,70,,74519,,,0,30,,74520,,,0,70,,74521,,,0,30,,74518,,,0,70,,74522,,,0,30,,74523,,,0,70,,74524,,,0,30,,74525,,,0
