5400,'Saturday',614,,59907,,,0,88,,59908,,,0,45,,59909,,,0,85,,59910,,,0,85,,59911,,,0,85,,59912,,,0,45,,59913,,,0,85,,59916,,,0,86,,59917,,,0,85,,59918,,,0,45,,59914,,,0,85,,59915,,,0,85,,59919,,,0,85,,59920,,,0,45,,59923,,,0,85,,59924,,,0,84,,59925,,,0,85,,59921,,,0,45,,59922,,,0,85,,59926,,,0,85,,59927,,,0,85,,59928,,,0,45,,59929,,,0,85,,59930,,,0
5400,'Sunday',614,,59931,,,0,88,,59932,,,0,45,,59933,,,0,85,,59935,,,0,85,,59936,,,0,85,,59937,,,0,45,,59934,,,0,85,,59939,,,0,86,,59941,,,0,85,,59942,,,0,45,,59940,,,0,85,,59943,,,0,85,,59938,,,0,85,,59945,,,0,45,,59947,,,0,85,,59948,,,0,84,,59946,,,0,85,,59950,,,0,45,,59944,,,0,85,,59949,,,0,85,,59951,,,0,85,,59952,,,0,45,,59953,,,0,85,,59954,,,0
5400,'Weekday',538,,59974,,,0,77,,59964,,,0,30,,59956,,,0,71,,59975,,,0,30,,59984,,,0,70,,59965,,,0,28,,59955,,,0,70,,59976,,,0,30,,59985,,,0,70,,59966,,,0,30,,59957,,,0,70,,59977,,,0,30,,59986,,,0,70,,59967,,,0,30,,59958,,,0,70,,59978,,,0,30,,59987,,,0,70,,59968,,,0,30,,59960,,,0,71,,59979,,,0,31,,59988,,,0,71,,59969,,,0,30,,59959,,,0,70,,59980,,,0,30,,59989,,,0,67,,59970,,,0,29,,59961,,,0,70,,59982,,,0,30,,59990,,,0,71,,59971,,,0,30,,59962,,,0,70,,59981,,,0,30,,59991,,,0,69,,59972,,,0,30,,59963,,,0,70,,59983,,,0,30,,59992,,,0,71,,59973,,,0
5400,'1CCSDCUT-Weekday',538,,60012,,,0,77,,60002,,,0,30,,59994,,,0,71,,60013,,,0,30,,60022,,,0,70,,60003,,,0,28,,59993,,,0,70,,60014,,,0,30,,60023,,,0,70,,60004,,,0,30,,59995,,,0,70,,60015,,,0,30,,60024,,,0,70,,60005,,,0,30,,59996,,,0,70,,60016,,,0,30,,60025,,,0,70,,60006,,,0,30,,59998,,,0,71,,60017,,,0,31,,60026,,,0,71,,60007,,,0,30,,59997,,,0,70,,60018,,,0,30,,60027,,,0,67,,60008,,,0,29,,59999,,,0,70,,60020,,,0,30,,60028,,,0,71,,60009,,,0,30,,60000,,,0,70,,60019,,,0,30,,60029,,,0,69,,60010,,,0,30,,60001,,,0,70,,60021,,,0,30,,60030,,,0,71,,60011,,,0
5400,'1PUBCUT-Weekday',538,,60050,,,0,77,,60040,,,0,30,,60032,,,0,71,,60051,,,0,30,,60060,,,0,70,,60041,,,0,28,,60031,,,0,70,,60052,,,0,30,,60061,,,0,70,,60042,,,0,30,,60033,,,0,70,,60053,,,0,30,,60062,,,0,70,,60043,,,0,30,,60034,,,0,70,,60054,,,0,30,,60063,,,0,70,,60044,,,0,30,,60036,,,0,71,,60055,,,0,31,,60064,,,0,71,,60045,,,0,30,,60035,,,0,70,,60056,,,0,30,,60065,,,0,67,,60046,,,0,29,,60037,,,0,70,,60058,,,0,30,,60066,,,0,71,,60047,,,0,30,,60038,,,0,70,,60057,,,0,30,,60067,,,0,69,,60048,,,0,30,,60039,,,0,70,,60059,,,0,30,,60068,,,0,71,,60049,,,0
7700,'Saturday',611,,65150,,,0,44,,65151,,,0,85,,65152,,,0,85,,65153,,,0,85,,65155,,,0,45,,65156,,,0,85,,65157,,,0,85,,65154,,,0,86,,65158,,,0,45,,65159,,,0,85,,65160,,,0,85,,65162,,,0,85,,65163,,,0,45,,65164,,,0,85,,65161,,,0,85,,65165,,,0,84,,65167,,,0,45,,65170,,,0,85,,65171,,,0,85,,65166,,,0,85,,65168,,,0,45,,65169,,,0,85,,65172,,,0,92,,65173,,,0
7700,'Sunday',611,,65175,,,0,44,,65176,,,0,85,,65174,,,0,85,,65177,,,0,85,,65178,,,0,45,,65179,,,0,85,,65180,,,0,85,,65181,,,0,86,,65182,,,0,45,,65183,,,0,85,,65184,,,0,85,,65185,,,0,85,,65187,,,0,45,,65188,,,0,85,,65189,,,0,85,,65186,,,0,84,,65190,,,0,45,,65191,,,0,85,,65192,,,0,85,,65193,,,0,85,,65194,,,0,45,,65195,,,0,85,,65196,,,0,92,,65197,,,0
7700,'Weekday',536,,65207,,,0,88,,65226,,,0,31,,65208,,,0,71,,65198,,,0,30,,65218,,,0,70,,65227,,,0,30,,65209,,,0,69,,65199,,,0,30,,65217,,,0,70,,65229,,,0,30,,65210,,,0,70,,65200,,,0,30,,65219,,,0,70,,65228,,,0,30,,65211,,,0,70,,65201,,,0,30,,65220,,,0,70,,65231,,,0,30,,65213,,,0,71,,65202,,,0,31,,65222,,,0,70,,65230,,,0,31,,65212,,,0,70,,65204,,,0,30,,65221,,,0,70,,65232,,,0,29,,65214,,,0,69,,65203,,,0,30,,65223,,,0,70,,65233,,,0,31,,65215,,,0,69,,65206,,,0,30,,65224,,,0,70,,65234,,,0,29,,65216,,,0,70,,65205,,,0,30,,65225,,,0,70,,65235,,,0
7700,'1CCSDCUT-Weekday',536,,65245,,,0,88,,65264,,,0,31,,65246,,,0,71,,65236,,,0,30,,65256,,,0,70,,65265,,,0,30,,65247,,,0,69,,65237,,,0,30,,65255,,,0,70,,65267,,,0,30,,65248,,,0,70,,65238,,,0,30,,65257,,,0,70,,65266,,,0,30,,65249,,,0,70,,65239,,,0,30,,65258,,,0,70,,65269,,,0,30,,65251,,,0,71,,65240,,,0,31,,65260,,,0,70,,65268,,,0,31,,65250,,,0,70,,65242,,,0,30,,65259,,,0,70,,65270,,,0,29,,65252,,,0,69,,65241,,,0,30,,65261,,,0,70,,65271,,,0,31,,65253,,,0,69,,65244,,,0,30,,65262,,,0,70,,65272,,,0,29,,65254,,,0,70,,65243,,,0,30,,65263,,,0,70,,65273,,,0
7700,'1PUBCUT-Weekday',536,,65283,,,0,88,,65302,,,0,31,,65284,,,0,71,,65274,,,0,30,,65294,,,0,70,,65303,,,0,30,,65285,,,0,69,,65275,,,0,30,,65293,,,0,70,,65305,,,0,30,,65286,,,0,70,,65276,,,0,30,,65295,,,0,70,,65304,,,0,30,,65287,,,0,70,,65277,,,0,30,,65296,,,0,70,,65307,,,0,30,,65289,,,0,71,,65278,,,0,31,,65298,,,0,70,,65306,,,0,31,,65288,,,0,70,,65280,,,0,30,,65297,,,0,70,,65308,,,0,29,,65290,,,0,69,,65279,,,0,30,,65299,,,0,70,,65309,,,0,31,,65291,,,0,69,,65282,,,0,30,,65300,,,0,70,,65310,,,0,29,,65292,,,0,70,,65281,,,0,30,,65301,,,0,70,,65311,,,0
12901,'Saturday',717,,77041,,,0,83,,77032,,,0,40,,77050,,,0,80,,77042,,,0,80,,77033,,,0,40,,77051,,,0,80,,77043,,,0,80,,77034,,,0,41,,77052,,,0,80,,77044,,,0,80,,77035,,,0,40,,77053,,,0,80,,77045,,,0,80,,77036,,,0,40,,77054,,,0,80,,77047,,,0,80,,77037,,,0,39,,77055,,,0,80,,77046,,,0,80,,77038,,,0,40,,77056,,,0,83,,77048,,,0,77,,77040,,,0,40,,77057,,,0,80,,77049,,,0,80,,77039,,,0
12901,'Sunday',717,,77067,,,0,83,,77058,,,0,40,,77076,,,0,80,,77068,,,0,80,,77059,,,0,40,,77077,,,0,80,,77069,,,0,80,,77060,,,0,41,,77078,,,0,80,,77070,,,0,80,,77061,,,0,40,,77079,,,0,80,,77071,,,0,80,,77062,,,0,40,,77081,,,0,80,,77072,,,0,80,,77063,,,0,39,,77080,,,0,80,,77073,,,0,80,,77064,,,0,40,,77082,,,0,83,,77074,,,0,77,,77065,,,0,40,,77083,,,0,80,,77075,,,0,80,,77066,,,0
12901,'Weekday',548,,77103,,,0,66,,77110,,,0,34,,77091,,,0,72,,77085,,,0,30,,77104,,,0,67,,77123,,,0,4,,77111,,,0,32,,77092,,,0,54,,77084,,,0,12,,77086,,,0,28,,77105,,,0,70,,77112,,,0,30,,77093,,,0,70,,77087,,,0,30,,77106,,,0,70,,77113,,,0,30,,77095,,,0,70,,77088,,,0,30,,77107,,,0,70,,77114,,,0,30,,77094,,,0,72,,77089,,,0,28,,77108,,,0,69,,77115,,,0,31,,77096,,,0,56,,77122,,,0,17,,77090,,,0,30,,77109,,,0,63,,77116,,,0,30,,77097,,,0,70,,77117,,,0,29,,77098,,,0,68,,77118,,,0,30,,77099,,,0,70,,77119,,,0,30,,77100,,,0,70,,77120,,,0,30,,77101,,,0,70,,77121,,,0,30,,77102,,,0
12901,'1CCSDCUT-Weekday',548,,77143,,,0,66,,77150,,,0,34,,77131,,,0,72,,77125,,,0,30,,77144,,,0,67,,77163,,,0,4,,77151,,,0,32,,77132,,,0,54,,77124,,,0,12,,77126,,,0,28,,77145,,,0,70,,77152,,,0,30,,77133,,,0,70,,77127,,,0,30,,77146,,,0,70,,77153,,,0,30,,77135,,,0,70,,77128,,,0,30,,77147,,,0,70,,77154,,,0,30,,77134,,,0,72,,77129,,,0,28,,77148,,,0,69,,77155,,,0,31,,77136,,,0,56,,77162,,,0,17,,77130,,,0,30,,77149,,,0,63,,77156,,,0,30,,77137,,,0,70,,77157,,,0,29,,77138,,,0,68,,77158,,,0,30,,77139,,,0,70,,77159,,,0,30,,77140,,,0,70,,77160,,,0,30,,77141,,,0,70,,77161,,,0,30,,77142,,,0
12901,'1PUBCUT-Weekday',548,,77183,,,0,66,,77190,,,0,34,,77171,,,0,72,,77165,,,0,30,,77184,,,0,67,,77203,,,0,4,,77191,,,0,32,,77172,,,0,54,,77164,,,0,12,,77166,,,0,28,,77185,,,0,70,,77192,,,0,30,,77173,,,0,70,,77167,,,0,30,,77186,,,0,70,,77193,,,0,30,,77175,,,0,70,,77168,,,0,30,,77187,,,0,70,,77194,,,0,30,,77174,,,0,72,,77169,,,0,28,,77188,,,0,69,,77195,,,0,31,,77176,,,0,56,,77202,,,0,17,,77170,,,0,30,,77189,,,0,63,,77196,,,0,30,,77177,,,0,70,,77197,,,0,29,,77178,,,0,68,,77198,,,0,30,,77179,,,0,70,,77199,,,0,30,,77180,,,0,70,,77200,,,0,30,,77181,,,0,70,,77201,,,0,30,,77182,,,0
15400,'Saturday',619,,80397,,,0,85,,80396,,,0,45,,80400,,,0,85,,80398,,,0,85,,80399,,,0,85,,80401,,,0,45,,80402,,,0,85,,80404,,,0,85,,80406,,,0,86,,80407,,,0,45,,80408,,,0,85,,80405,,,0,85,,80410,,,0,85,,80411,,,0,45,,80412,,,0,85,,80413,,,0,84,,80403,,,0,85,,80414,,,0,45,,80415,,,0,85,,80409,,,0
15400,'Sunday',619,,80416,,,0,85,,80417,,,0,45,,80418,,,0,85,,80419,,,0,85,,80420,,,0,85,,80421,,,0,45,,80422,,,0,85,,80423,,,0,85,,80425,,,0,86,,80426,,,0,45,,80427,,,0,85,,80424,,,0,85,,80428,,,0,85,,80429,,,0,45,,80430,,,0,85,,80431,,,0,84,,80432,,,0,85,,80433,,,0,45,,80434,,,0,85,,80435,,,0
15400,'Weekday',538,,80466,,,0,64,,80436,,,0,30,,80455,,,0,70,,80464,,,0,30,,80446,,,0,70,,80438,,,0,30,,80457,,,0,70,,80467,,,0,29,,80447,,,0,70,,80437,,,0,30,,80456,,,0,70,,80468,,,0,30,,80448,,,0,70,,80439,,,0,30,,80458,,,0,70,,80469,,,0,30,,80449,,,0,70,,80440,,,0,30,,80460,,,0,70,,80470,,,0,32,,80450,,,0,74,,80441,,,0,28,,80459,,,0,70,,80471,,,0,32,,80451,,,0,70,,80442,,,0,28,,80461,,,0,69,,80472,,,0,28,,80452,,,0,70,,80443,,,0,30,,80463,,,0,70,,80473,,,0,31,,80453,,,0,70,,80444,,,0,30,,80462,,,0,70,,80474,,,0,28,,80454,,,0,70,,80445,,,0,30,,80465,,,0,70,,80475,,,0
15400,'1CCSDCUT-Weekday',538,,80506,,,0,64,,80476,,,0,30,,80495,,,0,70,,80504,,,0,30,,80486,,,0,70,,80478,,,0,30,,80497,,,0,70,,80507,,,0,29,,80487,,,0,70,,80477,,,0,30,,80496,,,0,70,,80508,,,0,30,,80488,,,0,70,,80479,,,0,30,,80498,,,0,70,,80509,,,0,30,,80489,,,0,70,,80480,,,0,30,,80500,,,0,70,,80510,,,0,32,,80490,,,0,74,,80481,,,0,28,,80499,,,0,70,,80511,,,0,32,,80491,,,0,70,,80482,,,0,28,,80501,,,0,69,,80512,,,0,28,,80492,,,0,70,,80483,,,0,30,,80503,,,0,70,,80513,,,0,31,,80493,,,0,70,,80484,,,0,30,,80502,,,0,70,,80514,,,0,28,,80494,,,0,70,,80485,,,0,30,,80505,,,0,70,,80515,,,0
15400,'1PUBCUT-Weekday',538,,80546,,,0,64,,80516,,,0,30,,80535,,,0,70,,80544,,,0,30,,80526,,,0,70,,80518,,,0,30,,80537,,,0,70,,80547,,,0,29,,80527,,,0,70,,80517,,,0,30,,80536,,,0,70,,80548,,,0,30,,80528,,,0,70,,80519,,,0,30,,80538,,,0,70,,80549,,,0,30,,80529,,,0,70,,80520,,,0,30,,80540,,,0,70,,80550,,,0,32,,80530,,,0,74,,80521,,,0,28,,80539,,,0,70,,80551,,,0,32,,80531,,,0,70,,80522,,,0,28,,80541,,,0,69,,80552,,,0,28,,80532,,,0,70,,80523,,,0,30,,80543,,,0,70,,80553,,,0,31,,80533,,,0,70,,80524,,,0,30,,80542,,,0,70,,80554,,,0,28,,80534,,,0,70,,80525,,,0,30,,80545,,,0,70,,80555,,,0
