11700,'Weekday',653,,119276,21,,,0,65,,119274,21,,,0
11700,'STMPSnea-Weekday',653,,119279,21,,,0,65,,119277,21,,,0
11700,'STMPWeek-Weekday',653,,119282,21,,,0,65,,119280,21,,,0
11700,'STMPar-Weekday',653,,119285,21,,,0,65,,119283,21,,,0
13100,'Weekday',622,,124056,42,,,0,20,,124055,42,,,0,60,,124054,42,,,0,20,,124057,42,,,0
13100,'STMPSnea-Weekday',622,,124060,42,,,0,20,,124059,42,,,0,60,,124058,42,,,0,20,,124061,42,,,0
13100,'STMPWeek-Weekday',622,,124064,42,,,0,20,,124063,42,,,0,60,,124062,42,,,0,20,,124065,42,,,0
13100,'STMPar-Weekday',622,,124068,42,,,0,20,,124067,42,,,0,60,,124066,42,,,0,20,,124069,42,,,0
15100,'Weekday',717,,128404,32,,,0
15100,'STMPSnea-Weekday',717,,128406,32,,,0
15100,'STMPWeek-Weekday',717,,128408,32,,,0
15100,'STMPar-Weekday',717,,128410,32,,,0
30200,'Saturday',559,,136547,15,,,0,70,,136574,15,,,0,30,,136556,15,,,0,66,,136566,15,,,0,25,,136583,15,,,0,65,,136549,15,,,0,26,,136575,15,,,0,66,,136558,15,,,0,26,,136567,15,,,0,25,,136584,15,,,0,65,,136548,15,,,0,26,,136576,15,,,0,66,,136557,15,,,0,26,,136569,15,,,0,66,,136587,15,,,0,26,,136550,15,,,0,26,,136577,15,,,0,66,,136559,15,,,0,26,,136568,15,,,0,65,,136585,15,,,0,25,,136552,15,,,0,66,,136578,15,,,0,26,,136560,15,,,0,26,,136571,15,,,0,65,,136572,15,,,0,25,,136551,15,,,0,66,,136579,15,,,0,24,,136561,15,,,0,66,,136570,15,,,0,25,,136564,15,,,0,25,,136553,15,,,0,66,,136580,15,,,0,26,,136562,15,,,0,66,,136573,15,,,0,25,,136546,15,,,0,65,,136554,15,,,0,26,,136581,15,,,0,72,,136563,15,,,0,32,,136589,15,,,0,72,,136590,15,,,0,34,,136588,15,,,0,74,,136586,15,,,0
30200,'Sunday',558,,136591,15,,,0,70,,136607,15,,,0,30,,136600,15,,,0,66,,136624,15,,,0,25,,136617,15,,,0,65,,136592,15,,,0,26,,136609,15,,,0,66,,136601,15,,,0,26,,136625,15,,,0,25,,136618,15,,,0,65,,136594,15,,,0,26,,136610,15,,,0,66,,136602,15,,,0,26,,136627,15,,,0,66,,136620,15,,,0,27,,136593,15,,,0,26,,136611,15,,,0,66,,136604,15,,,0,26,,136626,15,,,0,65,,136619,15,,,0,25,,136595,15,,,0,66,,136612,15,,,0,26,,136603,15,,,0,26,,136628,15,,,0,63,,136621,15,,,0,24,,136597,15,,,0,66,,136614,15,,,0,26,,136605,15,,,0,66,,136630,15,,,0,25,,136623,15,,,0,25,,136599,15,,,0,66,,136613,15,,,0,26,,136606,15,,,0,66,,136629,15,,,0,25,,136622,15,,,0,65,,136596,15,,,0,26,,136615,15,,,0,72,,136608,15,,,0,32,,136632,15,,,0,72,,136634,15,,,0,34,,136633,15,,,0,74,,136635,15,,,0
30200,'Weekday',531,,136652,15,,,0,20,,136656,15,,,0,55,,136636,15,,,0,13,,136685,15,,,0,14,,136643,15,,,0,11,,136692,15,,,0,11,,136654,15,,,0,50,,136663,15,,,0,14,,136693,15,,,0,10,,136672,15,,,0,17,,136686,15,,,0,59,,136657,15,,,0,20,,136691,15,,,0,8,,136637,15,,,0,22,,136644,15,,,0,57,,136655,15,,,0,17,,136664,15,,,0,20,,136673,15,,,0,65,,136658,15,,,0,27,,136638,15,,,0,65,,136648,15,,,0,25,,136665,15,,,0,23,,136674,15,,,0,67,,136660,15,,,0,25,,136639,15,,,0,65,,136646,15,,,0,21,,136666,15,,,0,68,,136675,15,,,0,28,,136659,15,,,0,24,,136640,15,,,0,65,,136647,15,,,0,23,,136667,15,,,0,19,,136682,15,,,0,59,,136676,15,,,0,23,,136680,15,,,0,15,,136661,15,,,0,60,,136641,15,,,0,21,,136649,15,,,0,21,,136668,15,,,0,57,,136683,15,,,0,23,,136677,15,,,0,62,,136679,15,,,0,30,,136642,15,,,0,23,,136650,15,,,0,61,,136669,15,,,0,31,,136678,15,,,0,64,,136681,15,,,0,23,,136645,15,,,0,24,,136651,15,,,0,63,,136670,15,,,0,29,,136687,15,,,0,71,,136694,15,,,0,30,,136696,15,,,0,67,,136695,15,,,0,31,,136697,15,,,0
30200,'STMPSa-Saturday',559,,136699,15,,,0,70,,136726,15,,,0,30,,136708,15,,,0,66,,136718,15,,,0,25,,136735,15,,,0,65,,136701,15,,,0,26,,136727,15,,,0,66,,136710,15,,,0,26,,136719,15,,,0,25,,136736,15,,,0,65,,136700,15,,,0,26,,136728,15,,,0,66,,136709,15,,,0,26,,136721,15,,,0,66,,136739,15,,,0,26,,136702,15,,,0,26,,136729,15,,,0,66,,136711,15,,,0,26,,136720,15,,,0,65,,136737,15,,,0,25,,136704,15,,,0,66,,136730,15,,,0,26,,136712,15,,,0,26,,136723,15,,,0,65,,136724,15,,,0,25,,136703,15,,,0,66,,136731,15,,,0,24,,136713,15,,,0,66,,136722,15,,,0,25,,136716,15,,,0,25,,136705,15,,,0,66,,136732,15,,,0,26,,136714,15,,,0,66,,136725,15,,,0,25,,136698,15,,,0,65,,136706,15,,,0,26,,136733,15,,,0,72,,136715,15,,,0,32,,136741,15,,,0,72,,136742,15,,,0,34,,136740,15,,,0,74,,136738,15,,,0,37,,136743,15,,,0
30200,'STMPSnea-Weekday',531,,136760,15,,,0,20,,136764,15,,,0,55,,136744,15,,,0,13,,136793,15,,,0,14,,136751,15,,,0,11,,136800,15,,,0,11,,136762,15,,,0,50,,136771,15,,,0,14,,136801,15,,,0,10,,136780,15,,,0,17,,136794,15,,,0,59,,136765,15,,,0,20,,136799,15,,,0,8,,136745,15,,,0,22,,136752,15,,,0,57,,136763,15,,,0,17,,136772,15,,,0,20,,136781,15,,,0,65,,136766,15,,,0,27,,136746,15,,,0,65,,136756,15,,,0,25,,136773,15,,,0,23,,136782,15,,,0,67,,136768,15,,,0,25,,136747,15,,,0,65,,136754,15,,,0,21,,136774,15,,,0,68,,136783,15,,,0,28,,136767,15,,,0,24,,136748,15,,,0,65,,136755,15,,,0,23,,136775,15,,,0,19,,136790,15,,,0,59,,136784,15,,,0,23,,136788,15,,,0,15,,136769,15,,,0,60,,136749,15,,,0,21,,136757,15,,,0,21,,136776,15,,,0,57,,136791,15,,,0,23,,136785,15,,,0,62,,136787,15,,,0,30,,136750,15,,,0,23,,136758,15,,,0,61,,136777,15,,,0,31,,136786,15,,,0,64,,136789,15,,,0,23,,136753,15,,,0,24,,136759,15,,,0,63,,136778,15,,,0,29,,136795,15,,,0,71,,136802,15,,,0,30,,136804,15,,,0,67,,136803,15,,,0,31,,136805,15,,,0
30200,'STMPSu1-Sunday',558,,136806,15,,,0,70,,136822,15,,,0,30,,136815,15,,,0,66,,136839,15,,,0,25,,136832,15,,,0,65,,136807,15,,,0,26,,136824,15,,,0,66,,136816,15,,,0,26,,136840,15,,,0,25,,136833,15,,,0,65,,136809,15,,,0,26,,136825,15,,,0,66,,136817,15,,,0,26,,136842,15,,,0,66,,136835,15,,,0,27,,136808,15,,,0,26,,136826,15,,,0,66,,136819,15,,,0,26,,136841,15,,,0,65,,136834,15,,,0,25,,136810,15,,,0,66,,136827,15,,,0,26,,136818,15,,,0,26,,136843,15,,,0,63,,136836,15,,,0,24,,136812,15,,,0,66,,136829,15,,,0,26,,136820,15,,,0,66,,136845,15,,,0,25,,136838,15,,,0,25,,136814,15,,,0,66,,136828,15,,,0,26,,136821,15,,,0,66,,136844,15,,,0,25,,136837,15,,,0,65,,136811,15,,,0,26,,136830,15,,,0,72,,136823,15,,,0,32,,136847,15,,,0,72,,136849,15,,,0,34,,136848,15,,,0,74,,136850,15,,,0,37,,136851,15,,,0
30200,'STMPSu2-Sunday',558,,136894,15,,,0,70,,136893,15,,,0,30,,136891,15,,,0,66,,136892,15,,,0,25,,136890,15,,,0,65,,136889,15,,,0,26,,136888,15,,,0,66,,136887,15,,,0,26,,136886,15,,,0,25,,136885,15,,,0,65,,136884,15,,,0,26,,136883,15,,,0,66,,136882,15,,,0,26,,136881,15,,,0,66,,136880,15,,,0,27,,136879,15,,,0,26,,136878,15,,,0,66,,136877,15,,,0,26,,136876,15,,,0,65,,136875,15,,,0,25,,136874,15,,,0,66,,136873,15,,,0,26,,136870,15,,,0,26,,136867,15,,,0,63,,136866,15,,,0,24,,136868,15,,,0,66,,136865,15,,,0,26,,136864,15,,,0,66,,136863,15,,,0,25,,136862,15,,,0,25,,136871,15,,,0,66,,136861,15,,,0,26,,136860,15,,,0,66,,136859,15,,,0,25,,136858,15,,,0,65,,136869,15,,,0,26,,136857,15,,,0,72,,136856,15,,,0,32,,136855,15,,,0,72,,136872,15,,,0,34,,136854,15,,,0,74,,136853,15,,,0,37,,136852,15,,,0
30200,'STMPWeek-Weekday',531,,136914,15,,,0,20,,136918,15,,,0,55,,136898,15,,,0,13,,136947,15,,,0,14,,136905,15,,,0,11,,136954,15,,,0,11,,136916,15,,,0,50,,136925,15,,,0,14,,136955,15,,,0,10,,136934,15,,,0,17,,136948,15,,,0,59,,136919,15,,,0,20,,136953,15,,,0,8,,136899,15,,,0,22,,136906,15,,,0,57,,136917,15,,,0,17,,136926,15,,,0,20,,136935,15,,,0,65,,136920,15,,,0,27,,136900,15,,,0,65,,136910,15,,,0,25,,136927,15,,,0,23,,136936,15,,,0,67,,136922,15,,,0,25,,136901,15,,,0,65,,136908,15,,,0,21,,136928,15,,,0,68,,136937,15,,,0,28,,136921,15,,,0,24,,136902,15,,,0,65,,136909,15,,,0,23,,136929,15,,,0,19,,136944,15,,,0,59,,136938,15,,,0,23,,136942,15,,,0,15,,136923,15,,,0,60,,136903,15,,,0,21,,136911,15,,,0,21,,136930,15,,,0,57,,136945,15,,,0,23,,136939,15,,,0,62,,136941,15,,,0,30,,136904,15,,,0,23,,136912,15,,,0,61,,136931,15,,,0,31,,136940,15,,,0,64,,136943,15,,,0,23,,136907,15,,,0,24,,136913,15,,,0,63,,136932,15,,,0,29,,136949,15,,,0,71,,136956,15,,,0,30,,136958,15,,,0,67,,136957,15,,,0,31,,136959,15,,,0
30200,'STMPar-Weekday',531,,136976,15,,,0,20,,136980,15,,,0,55,,136960,15,,,0,13,,137009,15,,,0,14,,136967,15,,,0,11,,137016,15,,,0,11,,136978,15,,,0,50,,136987,15,,,0,14,,137017,15,,,0,10,,136996,15,,,0,17,,137010,15,,,0,59,,136981,15,,,0,20,,137015,15,,,0,8,,136961,15,,,0,22,,136968,15,,,0,57,,136979,15,,,0,17,,136988,15,,,0,20,,136997,15,,,0,65,,136982,15,,,0,27,,136962,15,,,0,65,,136972,15,,,0,25,,136989,15,,,0,23,,136998,15,,,0,67,,136984,15,,,0,25,,136963,15,,,0,65,,136970,15,,,0,21,,136990,15,,,0,68,,136999,15,,,0,28,,136983,15,,,0,24,,136964,15,,,0,65,,136971,15,,,0,23,,136991,15,,,0,19,,137006,15,,,0,59,,137000,15,,,0,23,,137004,15,,,0,15,,136985,15,,,0,60,,136965,15,,,0,21,,136974,15,,,0,21,,136992,15,,,0,57,,137007,15,,,0,23,,137001,15,,,0,62,,137003,15,,,0,30,,136966,15,,,0,23,,136973,15,,,0,61,,136993,15,,,0,31,,137002,15,,,0,64,,137005,15,,,0,23,,136969,15,,,0,24,,136975,15,,,0,63,,136994,15,,,0,29,,137011,15,,,0,71,,137018,15,,,0,30,,137020,15,,,0,67,,137019,15,,,0,31,,137021,15,,,0
40600,'STMPSa-Saturday',917,,143550,9,,,0,15,,143549,9,,,0,15,,143548,9,,,0,55,,143547,9,,,0,15,,143546,9,,,0,15,,143545,9,,,0,15,,143544,9,,,0,55,,143543,9,,,0,15,,143533,9,,,0,15,,143532,9,,,0,15,,143531,9,,,0,55,,143530,9,,,0,16,,143535,9,,,0,15,,143528,9,,,0,15,,143529,9,,,0,55,,143527,9,,,0,15,,143526,9,,,0,15,,143525,9,,,0,15,,143534,9,,,0,55,,143524,9,,,0,15,,143523,9,,,0,15,,143521,9,,,0,15,,143522,9,,,0,55,,143520,9,,,0,15,,143536,9,,,0,15,,143519,9,,,0,15,,143518,9,,,0,55,,143517,9,,,0,15,,143516,9,,,0,15,,143515,9,,,0,15,,143541,9,,,0,55,,143514,9,,,0,14,,143513,9,,,0,15,,143512,9,,,0,15,,143510,9,,,0,55,,143511,9,,,0,15,,143542,9,,,0,15,,143509,9,,,0,15,,143508,9,,,0,55,,143507,9,,,0,15,,143506,9,,,0,15,,143505,9,,,0,15,,143538,9,,,0,55,,143504,9,,,0,15,,143503,9,,,0,15,,143502,9,,,0,15,,143501,9,,,0,55,,143500,9,,,0,15,,143540,9,,,0,15,,143499,9,,,0,15,,143498,9,,,0,55,,143497,9,,,0,15,,143496,9,,,0,15,,143495,9,,,0,15,,143537,9,,,0,55,,143494,9,,,0,15,,143493,9,,,0,15,,143492,9,,,0,15,,143491,9,,,0,55,,143490,9,,,0,15,,143539,9,,,0,15,,143489,9,,,0,15,,143488,9,,,0
40600,'STMPSnea-Weekday',1708,,143556,9,,,0,30,,143562,9,,,0,70,,143551,9,,,0,30,,143557,9,,,0,70,,143563,9,,,0,30,,143552,9,,,0,70,,143558,9,,,0,30,,143564,9,,,0,70,,143553,9,,,0,30,,143559,9,,,0,70,,143565,9,,,0,30,,143554,9,,,0,70,,143560,9,,,0,29,,143566,9,,,0,70,,143555,9,,,0,15,,143567,9,,,0,15,,143561,9,,,0
40600,'STMPSu1-Sunday',706,,143650,9,,,0,10,,143649,9,,,0,10,,143648,9,,,0,10,,143646,9,,,0,10,,143647,9,,,0,10,,143645,9,,,0,50,,143644,9,,,0,10,,143642,9,,,0,10,,143643,9,,,0,10,,143641,9,,,0,10,,143640,9,,,0,10,,143638,9,,,0,50,,143639,9,,,0,10,,143637,9,,,0,10,,143636,9,,,0,10,,143634,9,,,0,10,,143635,9,,,0,10,,143633,9,,,0,50,,143632,9,,,0,10,,143630,9,,,0,10,,143631,9,,,0,10,,143629,9,,,0,10,,143628,9,,,0,10,,143627,9,,,0,50,,143626,9,,,0,10,,143625,9,,,0,10,,143624,9,,,0,10,,143623,9,,,0,10,,143622,9,,,0,10,,143621,9,,,0,50,,143620,9,,,0,10,,143619,9,,,0,11,,143618,9,,,0,10,,143617,9,,,0,15,,143616,9,,,0,55,,143615,9,,,0,15,,143614,9,,,0,15,,143613,9,,,0,15,,143612,9,,,0,55,,143611,9,,,0,15,,143610,9,,,0,15,,143609,9,,,0,15,,143608,9,,,0,55,,143607,9,,,0,15,,143606,9,,,0,15,,143605,9,,,0,15,,143604,9,,,0,55,,143603,9,,,0,14,,143602,9,,,0,15,,143601,9,,,0,15,,143600,9,,,0,55,,143599,9,,,0,15,,143597,9,,,0,15,,143598,9,,,0,15,,143596,9,,,0,55,,143595,9,,,0,15,,143594,9,,,0,15,,143593,9,,,0,15,,143589,9,,,0,55,,143587,9,,,0,15,,143585,9,,,0,15,,143586,9,,,0,15,,143584,9,,,0,55,,143583,9,,,0,15,,143588,9,,,0,15,,143582,9,,,0,15,,143581,9,,,0,55,,143580,9,,,0,15,,143579,9,,,0,15,,143578,9,,,0,15,,143590,9,,,0,55,,143576,9,,,0,15,,143577,9,,,0,15,,143575,9,,,0,15,,143574,9,,,0,55,,143573,9,,,0,15,,143591,9,,,0,15,,143572,9,,,0,15,,143571,9,,,0,55,,143570,9,,,0,15,,143569,9,,,0,15,,143568,9,,,0,15,,143592,9,,,0
40600,'STMPSu2-Sunday',916,,143651,9,,,0,15,,143662,9,,,0,15,,143683,9,,,0,55,,143673,9,,,0,15,,143694,9,,,0,15,,143704,9,,,0,15,,143652,9,,,0,55,,143663,9,,,0,15,,143684,9,,,0,15,,143674,9,,,0,15,,143695,9,,,0,55,,143705,9,,,0,15,,143653,9,,,0,16,,143664,9,,,0,15,,143685,9,,,0,55,,143675,9,,,0,15,,143696,9,,,0,15,,143706,9,,,0,15,,143654,9,,,0,55,,143665,9,,,0,15,,143686,9,,,0,15,,143676,9,,,0,15,,143697,9,,,0,55,,143707,9,,,0,15,,143655,9,,,0,15,,143666,9,,,0,15,,143687,9,,,0,55,,143677,9,,,0,15,,143698,9,,,0,14,,143708,9,,,0,15,,143656,9,,,0,55,,143667,9,,,0,15,,143688,9,,,0,15,,143678,9,,,0,15,,143699,9,,,0,55,,143709,9,,,0,15,,143657,9,,,0,15,,143668,9,,,0,15,,143689,9,,,0,55,,143679,9,,,0,15,,143700,9,,,0,15,,143710,9,,,0,15,,143658,9,,,0,55,,143669,9,,,0,15,,143690,9,,,0,15,,143680,9,,,0,15,,143701,9,,,0,55,,143711,9,,,0,15,,143659,9,,,0,15,,143670,9,,,0,15,,143691,9,,,0,55,,143681,9,,,0,15,,143702,9,,,0,15,,143712,9,,,0,15,,143660,9,,,0,55,,143671,9,,,0,15,,143692,9,,,0,15,,143682,9,,,0,15,,143703,9,,,0,55,,143713,9,,,0,15,,143661,9,,,0,15,,143672,9,,,0,15,,143693,9,,,0
40600,'STMPWeek-Weekday',918,,143755,9,,,0,15,,143714,9,,,0,15,,143766,9,,,0,55,,143725,9,,,0,15,,143745,9,,,0,15,,143735,9,,,0,15,,143756,9,,,0,55,,143715,9,,,0,15,,143767,9,,,0,15,,143726,9,,,0,15,,143746,9,,,0,55,,143736,9,,,0,15,,143757,9,,,0,15,,143716,9,,,0,15,,143768,9,,,0,55,,143727,9,,,0,15,,143747,9,,,0,15,,143737,9,,,0,15,,143758,9,,,0,55,,143717,9,,,0,15,,143769,9,,,0,15,,143728,9,,,0,15,,143748,9,,,0,55,,143738,9,,,0,15,,143759,9,,,0,15,,143718,9,,,0,15,,143770,9,,,0,55,,143729,9,,,0,15,,143749,9,,,0,15,,143739,9,,,0,15,,143760,9,,,0,55,,143719,9,,,0,15,,143771,9,,,0,15,,143730,9,,,0,15,,143750,9,,,0,55,,143740,9,,,0,15,,143761,9,,,0,15,,143720,9,,,0,15,,143772,9,,,0,55,,143731,9,,,0,15,,143751,9,,,0,15,,143741,9,,,0,15,,143762,9,,,0,55,,143721,9,,,0,15,,143773,9,,,0,15,,143732,9,,,0,15,,143752,9,,,0,55,,143742,9,,,0,15,,143763,9,,,0,15,,143722,9,,,0,15,,143774,9,,,0,55,,143733,9,,,0,15,,143753,9,,,0,15,,143743,9,,,0,15,,143764,9,,,0,55,,143723,9,,,0,14,,143775,9,,,0,15,,143734,9,,,0,15,,143754,9,,,0,55,,143744,9,,,0,15,,143765,9,,,0,15,,143724,9,,,0,15,,143776,9,,,0
40600,'STMPWeek-Weekday0010000',632,,143777,9,,,0,70,,143779,9,,,0,31,,143781,9,,,0,70,,143778,9,,,0,30,,143780,9,,,0,15,,143783,9,,,0,55,,143782,9,,,0
40600,'STMPar-Weekday',1213,,143784,9,,,0,15,,143793,9,,,0,15,,143802,9,,,0,15,,143811,9,,,0,55,,143819,9,,,0,15,,143827,9,,,0,15,,143785,9,,,0,15,,143794,9,,,0,55,,143803,9,,,0,15,,143812,9,,,0,15,,143820,9,,,0,15,,143828,9,,,0,55,,143786,9,,,0,15,,143795,9,,,0,15,,143804,9,,,0,15,,143813,9,,,0,55,,143821,9,,,0,15,,143829,9,,,0,15,,143787,9,,,0,15,,143796,9,,,0,55,,143805,9,,,0,15,,143814,9,,,0,15,,143822,9,,,0,15,,143830,9,,,0,55,,143788,9,,,0,15,,143797,9,,,0,15,,143806,9,,,0,15,,143815,9,,,0,55,,143823,9,,,0,15,,143831,9,,,0,15,,143789,9,,,0,15,,143798,9,,,0,55,,143807,9,,,0,15,,143816,9,,,0,15,,143824,9,,,0,15,,143832,9,,,0,55,,143790,9,,,0,15,,143799,9,,,0,15,,143808,9,,,0,15,,143817,9,,,0,55,,143825,9,,,0,15,,143833,9,,,0,15,,143791,9,,,0,15,,143800,9,,,0,54,,143809,9,,,0,15,,143818,9,,,0,15,,143826,9,,,0,15,,143834,9,,,0,55,,143792,9,,,0,15,,143801,9,,,0,15,,143810,9,,,0
