2401,'Saturday',645,,84187,32,,,0,70,,84198,32,,,0,30,,84207,32,,,0,70,,84189,32,,,0,30,,84197,32,,,0,70,,84209,32,,,0,30,,84188,32,,,0,70,,84199,32,,,0,30,,84210,32,,,0,70,,84186,32,,,0,30,,84201,32,,,0,70,,84212,32,,,0,30,,84190,32,,,0,70,,84202,32,,,0,30,,84213,32,,,0,70,,84191,32,,,0,30,,84200,32,,,0,70,,84211,32,,,0,30,,84192,32,,,0,70,,84203,32,,,0,30,,84215,32,,,0,70,,84193,32,,,0,30,,84205,32,,,0,70,,84214,32,,,0,30,,84194,32,,,0,70,,84204,32,,,0,30,,84216,32,,,0,70,,84195,32,,,0,30,,84206,32,,,0,70,,84217,32,,,0,30,,84196,32,,,0,70,,84208,32,,,0
2401,'Sunday',645,,84218,32,,,0,70,,84228,32,,,0,30,,84239,32,,,0,70,,84219,32,,,0,30,,84230,32,,,0,70,,84241,32,,,0,30,,84220,32,,,0,70,,84232,32,,,0,30,,84242,32,,,0,70,,84221,32,,,0,30,,84231,32,,,0,70,,84243,32,,,0,30,,84222,32,,,0,70,,84233,32,,,0,30,,84244,32,,,0,70,,84223,32,,,0,30,,84234,32,,,0,70,,84245,32,,,0,30,,84226,32,,,0,70,,84235,32,,,0,30,,84246,32,,,0,70,,84224,32,,,0,30,,84236,32,,,0,70,,84248,32,,,0,30,,84227,32,,,0,70,,84238,32,,,0,30,,84247,32,,,0,70,,84225,32,,,0,30,,84237,32,,,0,70,,84249,32,,,0,30,,84229,32,,,0,70,,84240,32,,,0
2401,'Weekday',557,,84271,32,,,0,80,,84280,32,,,0,73,,84250,32,,,0,30,,84272,32,,,0,70,,84282,32,,,0,30,,84251,32,,,0,69,,84273,32,,,0,28,,84283,32,,,0,70,,84252,32,,,0,30,,84275,32,,,0,70,,84284,32,,,0,30,,84253,32,,,0,70,,84274,32,,,0,30,,84281,32,,,0,70,,84254,32,,,0,30,,84277,32,,,0,70,,84285,32,,,0,30,,84256,32,,,0,70,,84276,32,,,0,34,,84286,32,,,0,70,,84255,32,,,0,30,,84278,32,,,0,70,,84287,32,,,0,29,,84257,32,,,0,70,,84279,32,,,0,30,,84262,32,,,0,67,,84258,32,,,0,30,,84266,32,,,0,70,,84263,32,,,0,30,,84259,32,,,0,70,,84268,32,,,0,30,,84264,32,,,0,70,,84260,32,,,0,30,,84269,32,,,0,68,,84265,32,,,0,30,,84261,32,,,0,70,,84270,32,,,0,35,,84267,32,,,0
2401,'STMPSa-Saturday',645,,84289,32,,,0,70,,84300,32,,,0,30,,84309,32,,,0,70,,84291,32,,,0,30,,84299,32,,,0,70,,84310,32,,,0,30,,84290,32,,,0,70,,84301,32,,,0,30,,84312,32,,,0,70,,84288,32,,,0,30,,84303,32,,,0,70,,84314,32,,,0,30,,84292,32,,,0,70,,84304,32,,,0,30,,84315,32,,,0,70,,84293,32,,,0,30,,84302,32,,,0,70,,84313,32,,,0,30,,84294,32,,,0,70,,84305,32,,,0,30,,84317,32,,,0,70,,84295,32,,,0,30,,84307,32,,,0,70,,84316,32,,,0,30,,84296,32,,,0,70,,84306,32,,,0,30,,84318,32,,,0,70,,84297,32,,,0,30,,84308,32,,,0,70,,84319,32,,,0,30,,84298,32,,,0,70,,84311,32,,,0
2401,'STMPSnea-Weekday',557,,84341,32,,,0,80,,84350,32,,,0,73,,84320,32,,,0,30,,84342,32,,,0,70,,84352,32,,,0,30,,84321,32,,,0,69,,84343,32,,,0,28,,84353,32,,,0,70,,84322,32,,,0,30,,84345,32,,,0,70,,84354,32,,,0,30,,84323,32,,,0,70,,84344,32,,,0,30,,84351,32,,,0,70,,84324,32,,,0,30,,84347,32,,,0,70,,84355,32,,,0,30,,84326,32,,,0,70,,84346,32,,,0,34,,84356,32,,,0,70,,84325,32,,,0,30,,84348,32,,,0,70,,84357,32,,,0,29,,84327,32,,,0,70,,84349,32,,,0,30,,84332,32,,,0,67,,84328,32,,,0,30,,84336,32,,,0,70,,84333,32,,,0,30,,84329,32,,,0,70,,84338,32,,,0,30,,84334,32,,,0,70,,84330,32,,,0,30,,84339,32,,,0,68,,84335,32,,,0,30,,84331,32,,,0,70,,84340,32,,,0,35,,84337,32,,,0
2401,'STMPSu1-Sunday',645,,84358,32,,,0,70,,84368,32,,,0,30,,84379,32,,,0,70,,84359,32,,,0,30,,84370,32,,,0,70,,84381,32,,,0,30,,84360,32,,,0,70,,84372,32,,,0,30,,84382,32,,,0,70,,84361,32,,,0,30,,84371,32,,,0,70,,84383,32,,,0,30,,84362,32,,,0,70,,84373,32,,,0,30,,84384,32,,,0,70,,84363,32,,,0,30,,84374,32,,,0,70,,84385,32,,,0,30,,84366,32,,,0,70,,84375,32,,,0,30,,84386,32,,,0,70,,84364,32,,,0,30,,84376,32,,,0,70,,84388,32,,,0,30,,84367,32,,,0,70,,84378,32,,,0,30,,84387,32,,,0,70,,84365,32,,,0,30,,84377,32,,,0,70,,84389,32,,,0,30,,84369,32,,,0,70,,84380,32,,,0
2401,'STMPSu2-Sunday',645,,84390,32,,,0,70,,84400,32,,,0,30,,84411,32,,,0,70,,84391,32,,,0,30,,84402,32,,,0,70,,84413,32,,,0,30,,84392,32,,,0,70,,84404,32,,,0,30,,84414,32,,,0,70,,84393,32,,,0,30,,84403,32,,,0,70,,84415,32,,,0,30,,84394,32,,,0,70,,84405,32,,,0,30,,84416,32,,,0,70,,84395,32,,,0,30,,84406,32,,,0,70,,84417,32,,,0,30,,84398,32,,,0,70,,84407,32,,,0,30,,84418,32,,,0,70,,84396,32,,,0,30,,84408,32,,,0,70,,84420,32,,,0,30,,84399,32,,,0,70,,84410,32,,,0,30,,84419,32,,,0,70,,84397,32,,,0,30,,84409,32,,,0,70,,84421,32,,,0,30,,84401,32,,,0,70,,84412,32,,,0
2401,'STMPWeek-Weekday',557,,84443,32,,,0,80,,84452,32,,,0,73,,84422,32,,,0,30,,84444,32,,,0,70,,84454,32,,,0,30,,84423,32,,,0,69,,84445,32,,,0,28,,84455,32,,,0,70,,84424,32,,,0,30,,84447,32,,,0,70,,84456,32,,,0,30,,84425,32,,,0,70,,84446,32,,,0,30,,84453,32,,,0,70,,84426,32,,,0,30,,84449,32,,,0,70,,84457,32,,,0,30,,84428,32,,,0,70,,84448,32,,,0,34,,84458,32,,,0,70,,84427,32,,,0,30,,84450,32,,,0,70,,84459,32,,,0,29,,84429,32,,,0,70,,84451,32,,,0,30,,84434,32,,,0,67,,84430,32,,,0,30,,84438,32,,,0,70,,84435,32,,,0,30,,84431,32,,,0,70,,84440,32,,,0,30,,84436,32,,,0,70,,84432,32,,,0,30,,84441,32,,,0,68,,84437,32,,,0,30,,84433,32,,,0,70,,84442,32,,,0,35,,84439,32,,,0
2401,'STMPar-Weekday',557,,84481,32,,,0,80,,84490,32,,,0,73,,84460,32,,,0,30,,84482,32,,,0,70,,84492,32,,,0,30,,84461,32,,,0,69,,84483,32,,,0,28,,84493,32,,,0,70,,84462,32,,,0,30,,84485,32,,,0,70,,84494,32,,,0,30,,84464,32,,,0,70,,84484,32,,,0,30,,84491,32,,,0,70,,84465,32,,,0,30,,84487,32,,,0,70,,84495,32,,,0,30,,84466,32,,,0,70,,84486,32,,,0,34,,84496,32,,,0,70,,84463,32,,,0,30,,84488,32,,,0,70,,84497,32,,,0,29,,84467,32,,,0,70,,84489,32,,,0,30,,84472,32,,,0,67,,84468,32,,,0,30,,84476,32,,,0,70,,84473,32,,,0,30,,84469,32,,,0,70,,84478,32,,,0,30,,84474,32,,,0,70,,84470,32,,,0,30,,84479,32,,,0,68,,84475,32,,,0,30,,84471,32,,,0,70,,84480,32,,,0,35,,84477,32,,,0
14700,'Weekday',543,,126736,12,,,0,72,,126740,12,,,0,32,,126737,12,,,0,72,,126741,12,,,0,32,,126738,12,,,0,72,,126742,12,,,0,32,,126739,12,,,0,71,,126750,12,,,0,32,,126756,12,,,0,72,,126751,12,,,0,72,,126757,12,,,0,32,,126752,12,,,0,72,,126758,12,,,0,32,,126753,12,,,0,72,,126759,12,,,0,32,,126754,12,,,0,72,,126760,12,,,0,32,,126755,12,,,0,73,,126746,12,,,0,32,,126743,12,,,0,72,,126747,12,,,0,32,,126744,12,,,0,72,,126748,12,,,0,32,,126745,12,,,0,72,,126749,12,,,0
14700,'STMPSnea-Weekday',543,,126761,12,,,0,72,,126765,12,,,0,32,,126762,12,,,0,72,,126766,12,,,0,32,,126763,12,,,0,72,,126767,12,,,0,32,,126764,12,,,0,71,,126775,12,,,0,32,,126781,12,,,0,72,,126776,12,,,0,72,,126782,12,,,0,32,,126777,12,,,0,72,,126783,12,,,0,32,,126778,12,,,0,72,,126784,12,,,0,32,,126779,12,,,0,72,,126785,12,,,0,32,,126780,12,,,0,73,,126771,12,,,0,32,,126768,12,,,0,72,,126772,12,,,0,32,,126769,12,,,0,72,,126773,12,,,0,32,,126770,12,,,0,72,,126774,12,,,0
14700,'STMPWeek-Weekday',543,,126786,12,,,0,72,,126790,12,,,0,32,,126787,12,,,0,72,,126791,12,,,0,32,,126788,12,,,0,72,,126792,12,,,0,32,,126789,12,,,0,71,,126800,12,,,0,32,,126806,12,,,0,72,,126801,12,,,0,72,,126807,12,,,0,32,,126802,12,,,0,72,,126808,12,,,0,32,,126803,12,,,0,72,,126809,12,,,0,32,,126804,12,,,0,72,,126810,12,,,0,32,,126805,12,,,0,73,,126796,12,,,0,32,,126793,12,,,0,72,,126797,12,,,0,32,,126794,12,,,0,72,,126798,12,,,0,32,,126795,12,,,0,72,,126799,12,,,0
14700,'STMPar-Weekday',543,,126811,12,,,0,72,,126815,12,,,0,32,,126812,12,,,0,72,,126816,12,,,0,32,,126813,12,,,0,72,,126817,12,,,0,32,,126814,12,,,0,71,,126825,12,,,0,32,,126831,12,,,0,72,,126826,12,,,0,72,,126832,12,,,0,32,,126827,12,,,0,72,,126833,12,,,0,32,,126828,12,,,0,72,,126834,12,,,0,32,,126829,12,,,0,72,,126835,12,,,0,32,,126830,12,,,0,73,,126821,12,,,0,32,,126818,12,,,0,72,,126822,12,,,0,32,,126819,12,,,0,72,,126823,12,,,0,32,,126820,12,,,0,72,,126824,12,,,0
