1000,'Saturday',856,,28475,6,,,0,70,,28485,6,,,0,30,,28463,6,,,0,70,,28476,6,,,0,30,,28486,6,,,0,70,,28465,6,,,0,30,,28477,6,,,0,70,,28487,6,,,0,30,,28464,6,,,0,70,,28478,6,,,0,30,,28489,6,,,0,70,,28466,6,,,0,30,,28479,6,,,0,70,,28488,6,,,0,30,,28467,6,,,0,70,,28480,6,,,0,30,,28490,6,,,0,70,,28468,6,,,0,30,,28481,6,,,0,70,,28491,6,,,0,30,,28470,6,,,0,70,,28482,6,,,0,30,,28492,6,,,0,70,,28469,6,,,0,30,,28483,6,,,0,70,,28474,6,,,0,30,,28472,6,,,0,70,,28484,6,,,0,30,,28471,6,,,0,70,,28473,6,,,0
1000,'Sunday',856,,28498,6,,,0,70,,28506,6,,,0,30,,28514,6,,,0,70,,28497,6,,,0,30,,28508,6,,,0,70,,28515,6,,,0,30,,28499,6,,,0,70,,28507,6,,,0,30,,28516,6,,,0,70,,28500,6,,,0,30,,28510,6,,,0,70,,28518,6,,,0,30,,28501,6,,,0,70,,28512,6,,,0,30,,28517,6,,,0,70,,28503,6,,,0,30,,28509,6,,,0,70,,28519,6,,,0,30,,28502,6,,,0,70,,28511,6,,,0,30,,28521,6,,,0,70,,28504,6,,,0,30,,28495,6,,,0,70,,28520,6,,,0,30,,28496,6,,,0,70,,28493,6,,,0,30,,28522,6,,,0,70,,28505,6,,,0,30,,28494,6,,,0,70,,28513,6,,,0
1000,'Weekday',546,,28523,6,,,0,72,,28535,6,,,0,32,,28545,6,,,0,72,,28525,6,,,0,32,,28536,6,,,0,72,,28548,6,,,0,32,,28524,6,,,0,72,,28537,6,,,0,72,,28549,6,,,0,32,,28526,6,,,0,72,,28538,6,,,0,32,,28550,6,,,0,72,,28527,6,,,0,32,,28539,6,,,0,72,,28551,6,,,0,32,,28528,6,,,0,72,,28541,6,,,0,29,,28552,6,,,0,72,,28529,6,,,0,35,,28540,6,,,0,72,,28553,6,,,0,32,,28530,6,,,0,72,,28543,6,,,0,72,,28554,6,,,0,32,,28531,6,,,0,72,,28542,6,,,0,32,,28555,6,,,0,72,,28532,6,,,0,32,,28544,6,,,0,72,,28556,6,,,0,32,,28533,6,,,0,72,,28546,6,,,0,32,,28557,6,,,0,72,,28534,6,,,0,29,,28547,6,,,0
1000,'1CCSDCUT-Weekday',546,,28558,6,,,0,72,,28570,6,,,0,32,,28580,6,,,0,72,,28560,6,,,0,32,,28571,6,,,0,72,,28583,6,,,0,32,,28559,6,,,0,72,,28572,6,,,0,72,,28584,6,,,0,32,,28561,6,,,0,72,,28573,6,,,0,32,,28585,6,,,0,72,,28562,6,,,0,32,,28574,6,,,0,72,,28586,6,,,0,32,,28563,6,,,0,72,,28576,6,,,0,29,,28587,6,,,0,72,,28564,6,,,0,35,,28575,6,,,0,72,,28588,6,,,0,32,,28565,6,,,0,72,,28578,6,,,0,72,,28589,6,,,0,32,,28566,6,,,0,72,,28577,6,,,0,32,,28590,6,,,0,72,,28567,6,,,0,32,,28579,6,,,0,72,,28591,6,,,0,32,,28568,6,,,0,72,,28581,6,,,0,32,,28592,6,,,0,72,,28569,6,,,0,29,,28582,6,,,0
1000,'1PUBCUT-Weekday',546,,28593,6,,,0,72,,28605,6,,,0,32,,28615,6,,,0,72,,28595,6,,,0,32,,28606,6,,,0,72,,28618,6,,,0,32,,28594,6,,,0,72,,28607,6,,,0,72,,28619,6,,,0,32,,28596,6,,,0,72,,28608,6,,,0,32,,28620,6,,,0,72,,28597,6,,,0,32,,28609,6,,,0,72,,28621,6,,,0,32,,28598,6,,,0,72,,28611,6,,,0,29,,28622,6,,,0,72,,28599,6,,,0,35,,28610,6,,,0,72,,28623,6,,,0,32,,28600,6,,,0,72,,28613,6,,,0,72,,28624,6,,,0,32,,28601,6,,,0,72,,28612,6,,,0,32,,28625,6,,,0,72,,28602,6,,,0,32,,28614,6,,,0,72,,28626,6,,,0,32,,28603,6,,,0,72,,28616,6,,,0,32,,28627,6,,,0,72,,28604,6,,,0,29,,28617,6,,,0
71200,'Weekday',844,,68404,24,0,29 158,0
71200,'1CCSDCUT-Weekday',844,,68405,24,0,29 158,0
71300,'Weekday',845,,68410,31,0,29 160,0
71300,'1CCSDCUT-Weekday',845,,68411,31,0,29 160,0
71500,'Weekday',844,,68433,25,0,29 161,0
71500,'1CCSDCUT-Weekday',844,,68435,25,0,29 161,0
