3300,'Saturday',553,,86275,2,0,180 179,0,70,,86277,2,0,180 179,0,30,,86276,2,0,180 179,0,70,,86306,2,0,180 179,0,30,,86307,2,0,180 179,0,70,,86305,2,0,180 179,0,30,,86301,2,0,180 179,0,70,,86302,2,0,180 179,0,30,,86303,2,0,180 179,0,70,,86304,2,0,180 179,0,30,,86297,2,0,180 179,0,70,,86298,2,0,180 179,0,30,,86299,2,0,180 179,0,70,,86300,2,0,180 179,0,30,,86294,2,0,180 179,0,70,,86293,2,0,180 179,0,30,,86295,2,0,180 179,0,70,,86296,2,0,180 179,0,30,,86291,2,0,180 179,0,70,,86292,2,0,180 179,0,30,,86289,2,0,180 179,0,70,,86290,2,0,180 179,0,30,,86287,2,0,180 179,0,70,,86288,2,0,180 179,0,30,,86283,2,0,180 179,0,70,,86284,2,0,180 179,0,30,,86285,2,0,180 179,0,70,,86286,2,0,180 179,0,30,,86280,2,0,180 179,0,70,,86281,2,0,180 179,0,30,,86279,2,0,180 179,0,70,,86282,2,0,180 179,0,30,,86278,2,0,180 179,0
3300,'Sunday',953,,86325,2,0,180 179,0,70,,86324,2,0,180 179,0,30,,86323,2,0,180 179,0,70,,86322,2,0,180 179,0,30,,86321,2,0,180 179,0,70,,86318,2,0,180 179,0,30,,86319,2,0,180 179,0,70,,86320,2,0,180 179,0,30,,86317,2,0,180 179,0,70,,86316,2,0,180 179,0,30,,86315,2,0,180 179,0,70,,86312,2,0,180 179,0,30,,86314,2,0,180 179,0,70,,86313,2,0,180 179,0,30,,86310,2,0,180 179,0,70,,86311,2,0,180 179,0,30,,86309,2,0,180 179,0,70,,86308,2,0,180 179,0
3300,'Weekday',535,,86328,2,,,0,72,,86329,2,,,0,32,,86330,2,,,0,72,,86327,2,,,0,34,,86331,2,,,0,74,,86332,2,,,0,34,,86334,2,,,0,75,,86333,2,,,0,75,,86335,2,,,0,35,,86336,2,,,0,75,,86338,2,,,0,35,,86339,2,,,0,75,,86337,2,,,0,35,,86340,2,,,0,75,,86341,2,,,0,75,,86342,2,,,0,36,,86343,2,,,0,76,,86344,2,,,0,36,,86346,2,,,0,76,,86345,2,,,0,76,,86347,2,,,0,35,,86348,2,,,0,75,,86349,2,,,0,35,,86350,2,,,0,74,,86351,2,,,0,74,,86352,2,0,180 179,0,33,,86326,2,0,180 179,0,73,,86353,2,0,180 179,0,34,,86354,2,0,180 179,0
3300,'STMPSa-Saturday',553,,86355,2,0,180 179,0,70,,86357,2,0,180 179,0,30,,86356,2,0,180 179,0,70,,86386,2,0,180 179,0,30,,86387,2,0,180 179,0,70,,86385,2,0,180 179,0,30,,86381,2,0,180 179,0,70,,86382,2,0,180 179,0,30,,86383,2,0,180 179,0,70,,86384,2,0,180 179,0,30,,86377,2,0,180 179,0,70,,86378,2,0,180 179,0,30,,86379,2,0,180 179,0,70,,86380,2,0,180 179,0,30,,86374,2,0,180 179,0,70,,86373,2,0,180 179,0,30,,86375,2,0,180 179,0,70,,86376,2,0,180 179,0,30,,86371,2,0,180 179,0,70,,86372,2,0,180 179,0,30,,86369,2,0,180 179,0,70,,86370,2,0,180 179,0,30,,86367,2,0,180 179,0,70,,86368,2,0,180 179,0,30,,86363,2,0,180 179,0,70,,86364,2,0,180 179,0,30,,86365,2,0,180 179,0,70,,86366,2,0,180 179,0,30,,86360,2,0,180 179,0,70,,86361,2,0,180 179,0,30,,86359,2,0,180 179,0,70,,86362,2,0,180 179,0,30,,86358,2,0,180 179,0
3300,'STMPSnea-Weekday',535,,86390,2,,,0,72,,86391,2,,,0,32,,86392,2,,,0,72,,86389,2,,,0,34,,86393,2,,,0,74,,86394,2,,,0,34,,86396,2,,,0,75,,86395,2,,,0,75,,86397,2,,,0,35,,86398,2,,,0,75,,86400,2,,,0,35,,86401,2,,,0,75,,86399,2,,,0,35,,86402,2,,,0,75,,86403,2,,,0,75,,86404,2,,,0,36,,86405,2,,,0,76,,86406,2,,,0,36,,86408,2,,,0,76,,86407,2,,,0,76,,86409,2,,,0,35,,86410,2,,,0,75,,86411,2,,,0,35,,86412,2,,,0,74,,86413,2,,,0,74,,86414,2,0,180 179,0,33,,86388,2,0,180 179,0,73,,86415,2,0,180 179,0,34,,86416,2,0,180 179,0
3300,'STMPSu1-Sunday',953,,86434,2,0,180 179,0,70,,86433,2,0,180 179,0,30,,86432,2,0,180 179,0,70,,86431,2,0,180 179,0,30,,86430,2,0,180 179,0,70,,86427,2,0,180 179,0,30,,86428,2,0,180 179,0,70,,86429,2,0,180 179,0,30,,86426,2,0,180 179,0,70,,86425,2,0,180 179,0,30,,86424,2,0,180 179,0,70,,86421,2,0,180 179,0,30,,86423,2,0,180 179,0,70,,86422,2,0,180 179,0,30,,86419,2,0,180 179,0,70,,86420,2,0,180 179,0,30,,86418,2,0,180 179,0,70,,86417,2,0,180 179,0
3300,'STMPSu2-Sunday',953,,86452,2,0,180 179,0,70,,86451,2,0,180 179,0,30,,86450,2,0,180 179,0,70,,86449,2,0,180 179,0,30,,86448,2,0,180 179,0,70,,86445,2,0,180 179,0,30,,86446,2,0,180 179,0,70,,86447,2,0,180 179,0,30,,86444,2,0,180 179,0,70,,86443,2,0,180 179,0,30,,86442,2,0,180 179,0,70,,86439,2,0,180 179,0,30,,86441,2,0,180 179,0,70,,86440,2,0,180 179,0,30,,86437,2,0,180 179,0,70,,86438,2,0,180 179,0,30,,86436,2,0,180 179,0,70,,86435,2,0,180 179,0
3300,'STMPWeek-Weekday',535,,86455,2,,,0,72,,86456,2,,,0,32,,86457,2,,,0,72,,86454,2,,,0,34,,86458,2,,,0,74,,86459,2,,,0,34,,86461,2,,,0,75,,86460,2,,,0,75,,86462,2,,,0,35,,86463,2,,,0,75,,86465,2,,,0,35,,86466,2,,,0,75,,86464,2,,,0,35,,86467,2,,,0,75,,86468,2,,,0,75,,86469,2,,,0,36,,86470,2,,,0,76,,86471,2,,,0,36,,86473,2,,,0,76,,86472,2,,,0,76,,86474,2,,,0,35,,86475,2,,,0,75,,86476,2,,,0,35,,86477,2,,,0,74,,86478,2,,,0,74,,86479,2,0,180 179,0,33,,86453,2,0,180 179,0,73,,86480,2,0,180 179,0,34,,86481,2,0,180 179,0
3300,'STMPar-Weekday',535,,86484,2,,,0,72,,86485,2,,,0,32,,86486,2,,,0,72,,86483,2,,,0,34,,86487,2,,,0,74,,86488,2,,,0,34,,86490,2,,,0,75,,86489,2,,,0,75,,86491,2,,,0,35,,86492,2,,,0,75,,86494,2,,,0,35,,86495,2,,,0,75,,86493,2,,,0,35,,86496,2,,,0,75,,86497,2,,,0,75,,86498,2,,,0,36,,86499,2,,,0,76,,86500,2,,,0,36,,86502,2,,,0,76,,86501,2,,,0,76,,86503,2,,,0,35,,86504,2,,,0,75,,86505,2,,,0,35,,86506,2,,,0,74,,86507,2,,,0,74,,86508,2,0,180 179,0,33,,86482,2,0,180 179,0,73,,86509,2,0,180 179,0,34,,86510,2,0,180 179,0
12700,'Weekday',527,,122381,2,,,0,29,,122361,2,,,0,70,,122380,2,,,0,30,,122360,2,,,0,70,,122379,2,,,0,30,,122359,2,,,0,70,,122378,2,,,0,31,,122357,2,,,0,70,,122377,2,,,0,31,,122358,2,,,0,70,,122376,2,,,0,31,,122352,2,,,0,70,,122375,2,,,0,71,,122354,2,,,0,30,,122374,2,,,0,71,,122356,2,,,0,30,,122373,2,,,0,71,,122355,2,,,0,30,,122372,2,,,0,71,,122353,2,,,0,30,,122387,2,,,0,71,,122386,2,,,0,30,,122371,2,,,0,70,,122384,2,,,0,30,,122370,2,,,0,70,,122383,2,,,0,30,,122369,2,,,0
12700,'STMPSnea-Weekday',527,,122444,2,,,0,29,,122424,2,,,0,70,,122443,2,,,0,30,,122423,2,,,0,70,,122442,2,,,0,30,,122422,2,,,0,70,,122441,2,,,0,31,,122420,2,,,0,70,,122440,2,,,0,31,,122421,2,,,0,70,,122439,2,,,0,31,,122415,2,,,0,70,,122438,2,,,0,71,,122417,2,,,0,30,,122437,2,,,0,71,,122419,2,,,0,30,,122436,2,,,0,71,,122418,2,,,0,30,,122435,2,,,0,71,,122416,2,,,0,30,,122450,2,,,0,71,,122449,2,,,0,30,,122434,2,,,0,70,,122447,2,,,0,30,,122433,2,,,0,70,,122446,2,,,0,30,,122432,2,,,0
12700,'STMPWeek-Weekday',527,,122534,2,,,0,29,,122514,2,,,0,70,,122533,2,,,0,30,,122513,2,,,0,70,,122532,2,,,0,30,,122512,2,,,0,70,,122531,2,,,0,31,,122510,2,,,0,70,,122530,2,,,0,31,,122511,2,,,0,70,,122529,2,,,0,31,,122505,2,,,0,70,,122528,2,,,0,71,,122507,2,,,0,30,,122527,2,,,0,71,,122509,2,,,0,30,,122526,2,,,0,71,,122508,2,,,0,30,,122525,2,,,0,71,,122506,2,,,0,30,,122540,2,,,0,71,,122539,2,,,0,30,,122524,2,,,0,70,,122537,2,,,0,30,,122523,2,,,0,70,,122536,2,,,0,30,,122522,2,,,0
12700,'STMPar-Weekday',527,,122570,2,,,0,29,,122550,2,,,0,70,,122569,2,,,0,30,,122549,2,,,0,70,,122568,2,,,0,30,,122548,2,,,0,70,,122567,2,,,0,31,,122546,2,,,0,70,,122566,2,,,0,31,,122547,2,,,0,70,,122565,2,,,0,31,,122541,2,,,0,70,,122564,2,,,0,71,,122543,2,,,0,30,,122562,2,,,0,71,,122545,2,,,0,30,,122563,2,,,0,71,,122544,2,,,0,30,,122561,2,,,0,71,,122542,2,,,0,30,,122576,2,,,0,71,,122575,2,,,0,30,,122560,2,,,0,70,,122573,2,,,0,30,,122559,2,,,0,70,,122572,2,,,0,30,,122558,2,,,0
