3800,'Saturday',509,3,56098,,,0,28,3,56108,,,0,68,3,56119,,,0,23,3,56128,,,0,22,3,56135,,,0,61,3,56099,,,0,22,3,56109,,,0,24,3,56118,,,0,63,3,56130,,,0,21,3,56136,,,0,61,43,56100,,,0,22,3,56110,,,0,15,,56152,,,0,18,5,56120,,,0,62,3,56129,,,0,21,3,56137,,,0,61,43,56101,,,0,22,3,56111,,,0,20,3,56145,,,0,60,3,56121,,,0,22,3,56131,,,0,23,3,56139,,,0,63,3,56103,,,0,23,3,56112,,,0,22,3,56146,,,0,61,3,56122,,,0,22,3,56132,,,0,63,43,56138,,,0,23,3,56102,,,0,23,3,56113,,,0,61,3,56147,,,0,21,3,56123,,,0,22,3,56133,,,0,62,3,56140,,,0,22,3,56104,,,0,22,3,56114,,,0,62,3,56148,,,0,21,3,56124,,,0,61,43,56134,,,0,20,3,56141,,,0,20,3,56105,,,0,63,3,56115,,,0,24,3,56149,,,0,24,3,56125,,,0,64,3,56142,,,0,24,3,56106,,,0,64,3,56116,,,0,24,3,56150,,,0,24,3,56126,,,0,64,3,56143,,,0,24,3,56107,,,0,64,3,56117,,,0,24,3,56151,,,0,24,3,56127,,,0,64,3,56144,,,0
3800,'Sunday',509,3,56153,,,0,28,3,56180,,,0,68,3,56163,,,0,23,3,56173,,,0,22,3,56190,,,0,61,3,56154,,,0,22,3,56181,,,0,24,3,56164,,,0,63,3,56174,,,0,21,3,56191,,,0,61,43,56155,,,0,22,3,56182,,,0,15,,56200,,,0,18,5,56165,,,0,62,3,56175,,,0,21,3,56193,,,0,61,43,56156,,,0,22,3,56183,,,0,20,3,56201,,,0,60,3,56166,,,0,22,3,56177,,,0,23,3,56192,,,0,63,3,56157,,,0,23,3,56185,,,0,22,3,56202,,,0,61,3,56167,,,0,22,3,56176,,,0,63,43,56194,,,0,23,3,56158,,,0,23,3,56184,,,0,61,3,56203,,,0,21,3,56168,,,0,22,3,56178,,,0,62,3,56195,,,0,22,3,56160,,,0,22,3,56186,,,0,62,3,56204,,,0,21,3,56169,,,0,61,43,56179,,,0,20,3,56196,,,0,20,3,56159,,,0,63,3,56187,,,0,24,3,56205,,,0,24,3,56170,,,0,64,3,56197,,,0,24,3,56161,,,0,64,3,56188,,,0,24,3,56206,,,0,24,3,56171,,,0,64,3,56198,,,0,24,3,56162,,,0,64,3,56189,,,0,24,3,56207,,,0,24,3,56172,,,0,64,3,56199,,,0
3800,'Weekday',455,3,56221,,,0,54,3,56228,,,0,14,3,56229,,,0,12,2,56230,,,0,14,2,56231,,,0,55,2,56233,,,0,14,2,56235,,,0,14,2,56236,,,0,14,2,56232,,,0,13,2,56237,,,0,54,,56234,,,0,15,,56238,,,0,15,,56239,,,0,12,,56241,,,0,54,2,56242,,,0,14,2,56243,,,0,14,,56240,,,0,15,,56244,,,0,55,,56245,,,0,9,,56225,4,,0,7,,56246,,,0,17,,56248,,,0,19,,56216,,,0,55,,56213,,,0,18,,56210,,,0,18,,56226,,,0,58,,56222,,,0,18,,56208,,,0,20,,56219,,,0,58,,56217,,,0,17,,56214,,,0,16,,56211,,,0,20,,56223,,,0,58,,56227,,,0,17,,56209,,,0,18,,56220,,,0,58,,56218,,,0,16,,56215,,,0,16,,56212,,,0,13,,56224,,,0,56,2,56249,,,0,16,2,56264,,,0,16,2,56250,,,0,15,2,56247,,,0,55,2,56253,,,0,15,2,56252,,,0,13,2,56254,,,0,15,2,56251,,,0,55,2,56256,,,0,15,2,56255,,,0,15,2,56257,,,0,15,2,56258,,,0,54,2,56260,,,0,15,2,56259,,,0,14,2,56262,,,0,14,2,56261,,,0,55,2,56263,,,0,24,2,56265,,,0,24,2,56266,,,0,64,2,56267,,,0,23,3,56268,,,0,62,3,56269,,,0,23,3,56270,,,0,24,3,56271,,,0,64,3,56272,,,0,24,3,56273,,,0,63,43,56274,,,0,23,3,56275,,,0,23,3,56276,,,0,64,3,56277,,,0,24,3,56278,,,0,23,3,56279,,,0,62,3,56280,,,0,22,3,56281,,,0
3800,'Weekday0000100',934,,56284,4,,0,485,,56282,,,0,83,2,56283,,,0
3800,'Weekday1111000',911,,56287,4,,0,690,42,56288,,,0,5,2,56286,,,0,2,2,56285,,,0
3800,'1CCSDCUT-Weekday',455,3,56302,,,0,54,3,56309,,,0,14,3,56310,,,0,12,2,56311,,,0,14,2,56312,,,0,55,2,56314,,,0,14,2,56316,,,0,14,2,56317,,,0,14,2,56313,,,0,13,2,56318,,,0,54,,56315,,,0,15,,56319,,,0,15,,56320,,,0,12,,56322,,,0,54,2,56323,,,0,14,2,56324,,,0,14,,56321,,,0,15,,56325,,,0,55,,56326,,,0,9,,56306,4,,0,7,,56327,,,0,17,,56329,,,0,19,,56297,,,0,55,,56294,,,0,18,,56291,,,0,18,,56307,,,0,58,,56303,,,0,18,,56289,,,0,20,,56300,,,0,58,,56298,,,0,17,,56295,,,0,16,,56292,,,0,20,,56304,,,0,58,,56308,,,0,17,,56290,,,0,18,,56301,,,0,58,,56299,,,0,16,,56296,,,0,16,,56293,,,0,13,,56305,,,0,56,2,56330,,,0,16,2,56345,,,0,16,2,56331,,,0,15,2,56328,,,0,55,2,56334,,,0,15,2,56333,,,0,13,2,56335,,,0,15,2,56332,,,0,55,2,56337,,,0,15,2,56336,,,0,15,2,56338,,,0,15,2,56339,,,0,54,2,56341,,,0,15,2,56340,,,0,14,2,56343,,,0,14,2,56342,,,0,55,2,56344,,,0,24,2,56346,,,0,24,2,56347,,,0,64,2,56348,,,0,23,3,56349,,,0,62,3,56350,,,0,23,3,56351,,,0,24,3,56352,,,0,64,3,56353,,,0,24,3,56354,,,0,63,43,56355,,,0,23,3,56356,,,0,23,3,56357,,,0,64,3,56358,,,0,24,3,56359,,,0,23,3,56360,,,0,62,3,56361,,,0,22,3,56362,,,0
3800,'1CCSDCUT-Weekday0000100',1419,,56363,,,0
3800,'1CCSDCUT-Weekday1111000',911,,56366,4,,0,690,42,56367,,,0,5,2,56365,,,0,2,2,56364,,,0
3800,'1PUBCUT-Weekday',455,3,56381,,,0,54,3,56388,,,0,14,3,56389,,,0,12,2,56390,,,0,14,2,56391,,,0,55,2,56393,,,0,14,2,56395,,,0,14,2,56396,,,0,14,2,56392,,,0,13,2,56397,,,0,54,,56394,,,0,15,,56398,,,0,15,,56399,,,0,12,,56401,,,0,54,2,56402,,,0,14,2,56403,,,0,14,,56400,,,0,15,,56404,,,0,55,,56405,,,0,9,,56385,4,,0,7,,56406,,,0,17,,56408,,,0,19,,56376,,,0,55,,56373,,,0,18,,56370,,,0,18,,56386,,,0,58,,56382,,,0,18,,56368,,,0,20,,56379,,,0,58,,56377,,,0,17,,56374,,,0,16,,56371,,,0,20,,56383,,,0,58,,56387,,,0,17,,56369,,,0,18,,56380,,,0,58,,56378,,,0,16,,56375,,,0,16,,56372,,,0,13,,56384,,,0,56,2,56409,,,0,16,2,56424,,,0,16,2,56410,,,0,15,2,56407,,,0,55,2,56413,,,0,15,2,56412,,,0,13,2,56414,,,0,15,2,56411,,,0,55,2,56416,,,0,15,2,56415,,,0,15,2,56417,,,0,15,2,56418,,,0,54,2,56420,,,0,15,2,56419,,,0,14,2,56422,,,0,14,2,56421,,,0,55,2,56423,,,0,24,2,56425,,,0,24,2,56426,,,0,64,2,56427,,,0,23,3,56428,,,0,62,3,56429,,,0,23,3,56430,,,0,24,3,56431,,,0,64,3,56432,,,0,24,3,56433,,,0,63,43,56434,,,0,23,3,56435,,,0,23,3,56436,,,0,64,3,56437,,,0,24,3,56438,,,0,23,3,56439,,,0,62,3,56440,,,0,22,3,56441,,,0
3800,'1PUBCUT-Weekday0000100',934,,56443,4,,0,568,2,56442,,,0
3800,'1PUBCUT-Weekday1111000',911,,56444,4,,0,690,42,56445,,,0
55500,'Sunday',742,4,88602,,,0,100,4,88603,,,0,98,2,88604,,,0,100,2,88605,,,0,100,2,88606,,,0,100,2,88607,,,0,102,,88608,,,0,100,,88609,,,0,100,,88610,,,0,100,,88611,,,0,100,,88612,,,0
