200,'Saturday',545,,24739,8,,,0,70,,24741,8,,,0,30,,24742,8,,,0,70,,24743,8,,,0,30,,24740,8,,,0,70,,24744,8,,,0,30,,24745,8,,,0,70,,24746,8,,,0,30,,24747,8,,,0,70,,24748,8,,,0,30,,24749,8,,,0,70,,24750,8,,,0,30,,24751,8,,,0,70,,24752,8,,,0,30,,24753,8,,,0,70,,24754,8,,,0,31,,24755,8,,,0,71,,24756,8,,,0,31,,24757,8,,,0,70,,24758,8,,,0,30,,24759,8,,,0,70,,24760,8,,,0,30,,24761,8,,,0,70,,24762,8,,,0,31,,24763,8,,,0,71,,24764,8,,,0,30,,24765,8,,,0,70,,24766,8,,,0,30,,24767,8,,,0,71,,24768,8,,,0,31,,24769,8,,,0,70,,24770,8,,,0,30,,24771,8,,,0,68,,24772,8,,,0,29,,24773,8,,,0,70,,24774,8,,,0,30,,24775,8,,,0
200,'Sunday',545,,24777,8,,,0,70,,24791,8,,,0,30,,24806,8,,,0,70,,24784,8,,,0,30,,24799,8,,,0,70,,24776,8,,,0,30,,24792,8,,,0,70,,24807,8,,,0,30,,24785,8,,,0,70,,24800,8,,,0,30,,24778,8,,,0,70,,24793,8,,,0,30,,24808,8,,,0,70,,24786,8,,,0,30,,24801,8,,,0,70,,24779,8,,,0,31,,24794,8,,,0,71,,24809,8,,,0,31,,24787,8,,,0,70,,24802,8,,,0,30,,24780,8,,,0,70,,24795,8,,,0,30,,24810,8,,,0,70,,24788,8,,,0,31,,24803,8,,,0,71,,24781,8,,,0,30,,24796,8,,,0,70,,24811,8,,,0,30,,24789,8,,,0,71,,24804,8,,,0,31,,24782,8,,,0,70,,24797,8,,,0,30,,24798,8,,,0,68,,24790,8,,,0,29,,24805,8,,,0,70,,24783,8,,,0
200,'Weekday',501,,24824,8,,,0,30,,24833,8,,,0,14,,24813,8,,,0,13,,24850,8,,,0,55,,24842,8,,,0,14,,24861,8,,,0,17,,24855,8,,,0,57,,24815,8,,,0,17,,24826,8,,,0,18,,24860,8,,,0,16,,24835,8,,,0,56,,24812,8,,,0,17,,24814,8,,,0,18,,24853,8,,,0,57,,24843,8,,,0,17,,24858,8,,,0,26,,24866,8,,,0,66,,24827,8,,,0,26,,24836,8,,,0,66,,24856,8,,,0,26,,24844,8,,,0,26,,24857,8,,,0,66,,24867,8,,,0,26,,24828,8,,,0,66,,24837,8,,,0,26,,24854,8,,,0,66,,24868,8,,,0,13,,24845,8,,,0,14,,24829,8,,,0,13,,24838,8,,,0,15,,24862,8,,,0,56,,24817,8,,,0,17,,24818,8,,,0,15,,24822,8,,,0,54,,24846,8,,,0,15,,24863,8,,,0,16,,24848,8,,,0,16,,24859,8,,,0,57,,24864,8,,,0,16,,24830,8,,,0,15,,24839,8,,,0,15,,24819,8,,,0,54,,24865,8,,,0,14,,24816,8,,,0,13,,24847,8,,,0,15,,24849,8,,,0,55,,24869,8,,,0,18,,24831,8,,,0,30,,24840,8,,,0,67,,24820,8,,,0,26,,24823,8,,,0,65,,24851,8,,,0,31,,24832,8,,,0,68,,24841,8,,,0,28,,24821,8,,,0,67,,24825,8,,,0,21,,24852,8,,,0,31,,24834,8,,,0
200,'1CCSDCUT-Weekday',501,,24882,8,,,0,30,,24891,8,,,0,14,,24871,8,,,0,13,,24908,8,,,0,55,,24900,8,,,0,14,,24919,8,,,0,17,,24913,8,,,0,57,,24873,8,,,0,17,,24884,8,,,0,18,,24918,8,,,0,16,,24893,8,,,0,56,,24870,8,,,0,17,,24872,8,,,0,18,,24911,8,,,0,57,,24901,8,,,0,17,,24916,8,,,0,26,,24924,8,,,0,66,,24885,8,,,0,26,,24894,8,,,0,66,,24914,8,,,0,26,,24902,8,,,0,26,,24915,8,,,0,66,,24925,8,,,0,26,,24886,8,,,0,66,,24895,8,,,0,26,,24912,8,,,0,66,,24926,8,,,0,13,,24903,8,,,0,14,,24887,8,,,0,13,,24896,8,,,0,15,,24920,8,,,0,56,,24875,8,,,0,17,,24876,8,,,0,15,,24880,8,,,0,54,,24904,8,,,0,15,,24921,8,,,0,16,,24906,8,,,0,16,,24917,8,,,0,57,,24922,8,,,0,16,,24888,8,,,0,15,,24897,8,,,0,15,,24877,8,,,0,54,,24923,8,,,0,14,,24874,8,,,0,13,,24905,8,,,0,15,,24907,8,,,0,55,,24927,8,,,0,18,,24889,8,,,0,30,,24898,8,,,0,67,,24878,8,,,0,26,,24881,8,,,0,65,,24909,8,,,0,31,,24890,8,,,0,68,,24899,8,,,0,28,,24879,8,,,0,67,,24883,8,,,0,21,,24910,8,,,0,31,,24892,8,,,0
200,'1PUBCUT-Weekday',501,,24940,8,,,0,30,,24949,8,,,0,14,,24929,8,,,0,13,,24966,8,,,0,55,,24958,8,,,0,14,,24977,8,,,0,17,,24971,8,,,0,57,,24931,8,,,0,17,,24942,8,,,0,18,,24976,8,,,0,16,,24951,8,,,0,56,,24928,8,,,0,17,,24930,8,,,0,18,,24969,8,,,0,57,,24959,8,,,0,17,,24974,8,,,0,26,,24982,8,,,0,66,,24943,8,,,0,26,,24952,8,,,0,66,,24972,8,,,0,26,,24960,8,,,0,26,,24973,8,,,0,66,,24983,8,,,0,26,,24944,8,,,0,66,,24953,8,,,0,26,,24970,8,,,0,66,,24984,8,,,0,13,,24961,8,,,0,14,,24945,8,,,0,13,,24954,8,,,0,15,,24978,8,,,0,56,,24933,8,,,0,17,,24934,8,,,0,15,,24938,8,,,0,54,,24962,8,,,0,15,,24979,8,,,0,16,,24964,8,,,0,16,,24975,8,,,0,57,,24980,8,,,0,16,,24946,8,,,0,15,,24955,8,,,0,15,,24935,8,,,0,54,,24981,8,,,0,14,,24932,8,,,0,13,,24963,8,,,0,15,,24965,8,,,0,55,,24985,8,,,0,18,,24947,8,,,0,30,,24956,8,,,0,67,,24936,8,,,0,26,,24939,8,,,0,65,,24967,8,,,0,31,,24948,8,,,0,68,,24957,8,,,0,28,,24937,8,,,0,67,,24941,8,,,0,21,,24968,8,,,0,31,,24950,8,,,0
69800,'Weekday',823,,68319,10,0,172 1 12 173 1 106 107 136,0
69800,'Weekday0000100',852,,68320,10,0,172 1 12 173 1 106 107 136,0
69800,'Weekday1111000',828,,68321,10,0,172 1 12 173 1 106 107 136,0
69800,'1CCSDCUT-Weekday',823,,68322,10,0,172 1 12 173 1 106 107 136,0
69800,'1CCSDCUT-Weekday1111000',828,,68323,10,0,172 1 12 173 1 106 107 136,0
69800,'1PUBCUT-Weekday',823,,68324,10,0,172 1 12 173 1 106 107 136,0
69800,'1PUBCUT-Weekday0000100',852,,68325,10,0,172 1 12 173 1 106 107 136,0
69800,'1PUBCUT-Weekday1111000',828,,68326,10,0,172 1 12 173 1 106 107 136,0
