801,'Saturday',709,,47953,,,0,27,,47954,,,0,67,,47955,,,0,27,,47956,,,0,27,,47957,,,0,67,,47958,,,0,27,,47959,,,0,67,,47960,,,0,27,,47961,,,0,67,,47962,,,0,27,,47963,,,0,67,,47964,,,0,27,,47965,,,0,67,,47966,,,0,27,,47967,,,0,27,,47968,,,0,67,,47970,,,0,27,,47971,,,0,67,,47972,,,0,27,,47969,,,0,67,,47973,,,0,27,,47974,,,0,67,,47975,,,0,27,,47976,,,0,27,,47977,,,0,67,,47979,,,0,27,,47980,,,0,67,,47981,,,0,27,,47978,,,0,67,,47982,,,0,27,,47983,,,0,70,,47984,,,0,35,,47985,,,0,75,,47986,,,0,35,,47987,,,0,75,,47988,,,0,75,,47989,,,0
801,'Sunday',709,,47991,,,0,27,,47990,,,0,67,,47992,,,0,27,,47993,,,0,27,,47994,,,0,67,,47995,,,0,27,,47997,,,0,67,,47996,,,0,27,,47998,,,0,67,,47999,,,0,27,,48000,,,0,67,,48001,,,0,27,,48002,,,0,67,,48003,,,0,27,,48004,,,0,27,,48005,,,0,67,,48006,,,0,27,,48007,,,0,67,,48008,,,0,27,,48009,,,0,67,,48010,,,0,27,,48011,,,0,67,,48013,,,0,27,,48015,,,0,27,,48014,,,0,67,,48016,,,0,27,,48012,,,0,67,,48019,,,0,27,,48017,,,0,67,,48018,,,0,27,,48020,,,0,70,,48021,,,0,35,,48022,,,0,75,,48023,,,0,35,,48024,,,0,75,,48025,,,0,75,,48026,,,0
801,'Weekday',540,,48088,,,0,18,,48051,,,0,59,,48030,,,0,18,,48032,,,0,17,,48042,,,0,54,,48059,,,0,18,,48067,,,0,6,,48075,,,0,5,,48076,,,0,7,,48089,,,0,5,,48077,,,0,5,,48078,,,0,7,,48052,,,0,45,,48079,,,0,5,,48080,,,0,7,,48031,,,0,5,,48081,,,0,5,,48082,,,0,7,,48034,,,0,5,,48083,,,0,12,,48043,,,0,56,,48060,,,0,16,,48068,,,0,13,,48090,,,0,21,,48053,,,0,61,,48033,,,0,21,,48044,,,0,21,,48061,,,0,61,,48091,,,0,21,,48054,,,0,61,,48035,,,0,21,,48045,,,0,21,,48063,,,0,61,,48092,,,0,21,,48055,,,0,21,,48036,,,0,61,,48046,,,0,21,,48062,,,0,25,,48093,,,0,52,,48084,,,0,10,,48056,,,0,10,,48085,,,0,10,,48037,,,0,5,,48086,,,0,9,,48070,,,0,59,,48047,,,0,5,,48087,,,0,7,,48073,,,0,5,,48064,,,0,5,,48072,,,0,5,,48074,,,0,5,,48069,,,0,17,,48094,,,0,57,,48057,,,0,17,,48038,,,0,17,,48071,,,0,57,,48028,,,0,22,,48065,,,0,19,,48095,,,0,61,,48058,,,0,21,,48039,,,0,21,,48048,,,0,62,,48066,,,0,20,,48096,,,0,75,,48029,,,0,29,,48049,,,0,75,,48098,,,0,31,,48040,,,0,73,,48050,,,0,33,,48097,,,0,73,,48041,,,0,33,,48027,,,0,85,,48099,,,0
801,'Weekday0000100',1418,,48100,,,0,39,,48101,,,0
801,'Weekday1111000',1600,,48102,,,0
801,'1CCSDCUT-Weekday',540,,48164,,,0,18,,48127,,,0,59,,48106,,,0,18,,48108,,,0,17,,48118,,,0,54,,48135,,,0,18,,48143,,,0,6,,48151,,,0,5,,48152,,,0,7,,48165,,,0,5,,48153,,,0,5,,48154,,,0,7,,48128,,,0,45,,48155,,,0,5,,48156,,,0,7,,48107,,,0,5,,48157,,,0,5,,48158,,,0,7,,48110,,,0,5,,48159,,,0,12,,48119,,,0,56,,48136,,,0,16,,48144,,,0,13,,48166,,,0,21,,48129,,,0,61,,48109,,,0,21,,48120,,,0,21,,48137,,,0,61,,48167,,,0,21,,48130,,,0,61,,48111,,,0,21,,48121,,,0,21,,48139,,,0,61,,48168,,,0,21,,48131,,,0,21,,48112,,,0,61,,48122,,,0,21,,48138,,,0,25,,48169,,,0,52,,48160,,,0,10,,48132,,,0,10,,48161,,,0,10,,48113,,,0,5,,48162,,,0,9,,48146,,,0,59,,48123,,,0,5,,48163,,,0,7,,48149,,,0,5,,48140,,,0,5,,48148,,,0,5,,48150,,,0,5,,48145,,,0,17,,48170,,,0,57,,48133,,,0,17,,48114,,,0,17,,48147,,,0,57,,48104,,,0,22,,48141,,,0,19,,48171,,,0,61,,48134,,,0,21,,48115,,,0,21,,48124,,,0,62,,48142,,,0,20,,48172,,,0,75,,48105,,,0,29,,48125,,,0,75,,48174,,,0,31,,48116,,,0,73,,48126,,,0,33,,48173,,,0,73,,48117,,,0,33,,48103,,,0,85,,48175,,,0
801,'1CCSDCUT-Weekday0000100',1418,,48176,,,0,39,,48177,,,0
801,'1CCSDCUT-Weekday1111000',1600,,48178,,,0
801,'1PUBCUT-Weekday',540,,48240,,,0,18,,48203,,,0,59,,48182,,,0,18,,48184,,,0,17,,48194,,,0,54,,48211,,,0,18,,48219,,,0,6,,48227,,,0,5,,48228,,,0,7,,48241,,,0,5,,48229,,,0,5,,48230,,,0,7,,48204,,,0,45,,48231,,,0,5,,48232,,,0,7,,48183,,,0,5,,48233,,,0,5,,48234,,,0,7,,48186,,,0,5,,48235,,,0,12,,48195,,,0,56,,48212,,,0,16,,48220,,,0,13,,48242,,,0,21,,48205,,,0,61,,48185,,,0,21,,48196,,,0,21,,48213,,,0,61,,48243,,,0,21,,48206,,,0,61,,48187,,,0,21,,48197,,,0,21,,48215,,,0,61,,48244,,,0,21,,48207,,,0,21,,48188,,,0,61,,48198,,,0,21,,48214,,,0,25,,48245,,,0,52,,48236,,,0,10,,48208,,,0,10,,48237,,,0,10,,48189,,,0,5,,48238,,,0,9,,48222,,,0,59,,48199,,,0,5,,48239,,,0,7,,48225,,,0,5,,48216,,,0,5,,48224,,,0,5,,48226,,,0,5,,48221,,,0,17,,48246,,,0,57,,48209,,,0,17,,48190,,,0,17,,48223,,,0,57,,48180,,,0,22,,48217,,,0,19,,48247,,,0,61,,48210,,,0,21,,48191,,,0,21,,48200,,,0,62,,48218,,,0,20,,48248,,,0,75,,48181,,,0,29,,48201,,,0,75,,48250,,,0,31,,48192,,,0,73,,48202,,,0,33,,48249,,,0,73,,48193,,,0,33,,48179,,,0,85,,48251,,,0
801,'1PUBCUT-Weekday0000100',1418,,48252,,,0,39,,48253,,,0
801,'1PUBCUT-Weekday1111000',1600,,48254,,,0
10801,'Saturday',710,,73172,,,0,45,,73162,,,0,85,,73173,,,0,85,,73164,,,0,85,,73174,,,0,45,,73165,,,0,85,,73175,,,0,85,,73166,,,0,85,,73176,,,0,45,,73167,,,0,85,,73177,,,0,85,,73168,,,0,85,,73178,,,0,45,,73169,,,0,85,,73179,,,0,85,,73170,,,0,85,,73180,,,0,45,,73171,,,0,85,,73181,,,0,85,,73182,,,0,85,,73163,,,0
10801,'Sunday',710,,73193,,,0,45,,73184,,,0,85,,73194,,,0,85,,73185,,,0,85,,73195,,,0,45,,73186,,,0,85,,73198,,,0,85,,73187,,,0,85,,73196,,,0,45,,73189,,,0,85,,73197,,,0,85,,73188,,,0,85,,73199,,,0,45,,73190,,,0,85,,73200,,,0,85,,73191,,,0,85,,73201,,,0,45,,73192,,,0,85,,73202,,,0,85,,73203,,,0,85,,73183,,,0
10801,'Weekday',619,,73205,,,0,30,,73206,,,0,70,,73207,,,0,30,,73208,,,0,70,,73209,,,0,30,,73210,,,0,70,,73211,,,0,30,,73212,,,0,70,,73213,,,0,30,,73214,,,0,70,,73215,,,0,30,,73216,,,0,70,,73217,,,0,30,,73219,,,0,70,,73220,,,0,30,,73221,,,0,70,,73218,,,0,30,,73222,,,0,71,,73223,,,0,30,,73224,,,0,70,,73225,,,0,30,,73226,,,0,70,,73227,,,0,29,,73228,,,0,70,,73230,,,0,30,,73231,,,0,70,,73232,,,0,30,,73229,,,0,70,,73233,,,0,30,,73234,,,0,70,,73235,,,0,30,,73236,,,0,70,,73237,,,0,30,,73238,,,0,70,,73239,,,0,30,,73204,,,0
10801,'1CCSDCUT-Weekday',619,,73241,,,0,30,,73242,,,0,70,,73243,,,0,30,,73244,,,0,70,,73245,,,0,30,,73246,,,0,70,,73247,,,0,30,,73248,,,0,70,,73249,,,0,30,,73250,,,0,70,,73251,,,0,30,,73252,,,0,70,,73253,,,0,30,,73255,,,0,70,,73256,,,0,30,,73257,,,0,70,,73254,,,0,30,,73258,,,0,71,,73259,,,0,30,,73260,,,0,70,,73261,,,0,30,,73262,,,0,70,,73263,,,0,29,,73264,,,0,70,,73266,,,0,30,,73267,,,0,70,,73268,,,0,30,,73265,,,0,70,,73269,,,0,30,,73270,,,0,70,,73271,,,0,30,,73272,,,0,70,,73273,,,0,30,,73274,,,0,70,,73275,,,0,30,,73240,,,0
10801,'1PUBCUT-Weekday',619,,73277,,,0,30,,73278,,,0,70,,73279,,,0,30,,73280,,,0,70,,73281,,,0,30,,73282,,,0,70,,73283,,,0,30,,73284,,,0,70,,73285,,,0,30,,73286,,,0,70,,73287,,,0,30,,73288,,,0,70,,73289,,,0,30,,73291,,,0,70,,73292,,,0,30,,73293,,,0,70,,73290,,,0,30,,73294,,,0,71,,73295,,,0,30,,73296,,,0,70,,73297,,,0,30,,73298,,,0,70,,73299,,,0,29,,73300,,,0,70,,73302,,,0,30,,73303,,,0,70,,73304,,,0,30,,73301,,,0,70,,73305,,,0,30,,73306,,,0,70,,73307,,,0,30,,73308,,,0,70,,73309,,,0,30,,73310,,,0,70,,73311,,,0,30,,73276,,,0
