11501,'Saturday',708,,118967,39,,,0,38,,118968,39,,,0,78,,118969,39,,,0,78,,118970,39,,,0,41,,118971,39,,,0,78,,118972,39,,,0,38,,118973,39,,,0,78,,118974,39,,,0,78,,118975,39,,,0,38,,118976,39,,,0,78,,118977,39,,,0,78,,118978,39,,,0,38,,118979,39,,,0,78,,118980,39,,,0,78,,118981,39,,,0,38,,118982,39,,,0,78,,118985,39,,,0,38,,118986,39,,,0,78,,118983,39,,,0,77,,118984,39,,,0,36,,118989,39,,,0,78,,118987,39,,,0,78,,118988,39,,,0,38,,118990,39,,,0,78,,118991,39,,,0,38,,118992,39,,,0,78,,118993,39,,,0
11501,'Sunday',708,,118994,39,,,0,38,,118995,39,,,0,78,,118996,39,,,0,78,,118997,39,,,0,41,,118998,39,,,0,78,,118999,39,,,0,38,,119000,39,,,0,78,,119001,39,,,0,78,,119002,39,,,0,38,,119003,39,,,0,78,,119004,39,,,0,78,,119005,39,,,0,38,,119006,39,,,0,78,,119007,39,,,0,78,,119008,39,,,0,38,,119009,39,,,0,78,,119012,39,,,0,38,,119013,39,,,0,78,,119010,39,,,0,77,,119011,39,,,0,36,,119016,39,,,0,78,,119014,39,,,0,78,,119015,39,,,0,38,,119017,39,,,0,78,,119018,39,,,0,38,,119019,39,,,0,78,,119020,39,,,0
11501,'Weekday',621,,119024,39,,,0,29,,119053,39,,,0,8,,119022,39,,,0,72,,119023,39,,,0,72,,119035,39,,,0,32,,119026,39,,,0,72,,119029,39,,,0,29,,119028,39,,,0,69,,119032,39,,,0,32,,119030,39,,,0,72,,119027,39,,,0,32,,119031,39,,,0,72,,119034,39,,,0,32,,119033,39,,,0,72,,119038,39,,,0,32,,119037,39,,,0,72,,119039,39,,,0,33,,119042,39,,,0,77,,119044,39,,,0,72,,119046,39,,,0,32,,119040,39,,,0,21,,119054,39,,,0,51,,119043,39,,,0,3,,119055,39,,,0,29,,119045,39,,,0,72,,119047,39,,,0,32,,119048,39,,,0,71,,119041,39,,,0,28,,119052,39,,,0,71,,119049,39,,,0,32,,119036,39,,,0,72,,119050,39,,,0,32,,119025,39,,,0,72,,119051,39,,,0,32,,119021,39,,,0
11501,'STMPSa-Saturday',708,,119056,39,,,0,38,,119057,39,,,0,78,,119058,39,,,0,78,,119059,39,,,0,41,,119060,39,,,0,78,,119061,39,,,0,38,,119062,39,,,0,78,,119063,39,,,0,78,,119064,39,,,0,38,,119065,39,,,0,78,,119066,39,,,0,78,,119067,39,,,0,38,,119068,39,,,0,78,,119069,39,,,0,78,,119070,39,,,0,38,,119071,39,,,0,78,,119074,39,,,0,38,,119075,39,,,0,78,,119072,39,,,0,77,,119073,39,,,0,36,,119078,39,,,0,78,,119076,39,,,0,78,,119077,39,,,0,38,,119079,39,,,0,78,,119080,39,,,0,38,,119081,39,,,0,78,,119082,39,,,0
11501,'STMPSnea-Weekday',621,,119086,39,,,0,29,,119115,39,,,0,8,,119084,39,,,0,72,,119085,39,,,0,72,,119097,39,,,0,32,,119088,39,,,0,72,,119091,39,,,0,29,,119090,39,,,0,69,,119094,39,,,0,32,,119092,39,,,0,72,,119089,39,,,0,32,,119093,39,,,0,72,,119096,39,,,0,32,,119095,39,,,0,72,,119100,39,,,0,32,,119099,39,,,0,72,,119101,39,,,0,33,,119104,39,,,0,77,,119106,39,,,0,72,,119108,39,,,0,32,,119102,39,,,0,21,,119116,39,,,0,51,,119105,39,,,0,3,,119117,39,,,0,29,,119107,39,,,0,72,,119109,39,,,0,32,,119110,39,,,0,71,,119103,39,,,0,28,,119114,39,,,0,71,,119111,39,,,0,32,,119098,39,,,0,72,,119112,39,,,0,32,,119087,39,,,0,72,,119113,39,,,0,32,,119083,39,,,0
11501,'STMPSu1-Sunday',708,,119118,39,,,0,38,,119119,39,,,0,78,,119120,39,,,0,78,,119121,39,,,0,41,,119122,39,,,0,78,,119123,39,,,0,38,,119124,39,,,0,78,,119126,39,,,0,78,,119125,39,,,0,38,,119127,39,,,0,78,,119128,39,,,0,78,,119129,39,,,0,38,,119130,39,,,0,78,,119131,39,,,0,78,,119132,39,,,0,38,,119133,39,,,0,78,,119136,39,,,0,38,,119137,39,,,0,78,,119134,39,,,0,77,,119135,39,,,0,36,,119140,39,,,0,78,,119138,39,,,0,78,,119139,39,,,0,38,,119141,39,,,0,78,,119142,39,,,0,38,,119143,39,,,0,78,,119144,39,,,0
11501,'STMPSu2-Sunday',708,,119145,39,,,0,38,,119146,39,,,0,78,,119147,39,,,0,78,,119148,39,,,0,41,,119149,39,,,0,78,,119150,39,,,0,38,,119151,39,,,0,78,,119152,39,,,0,78,,119153,39,,,0,38,,119154,39,,,0,78,,119155,39,,,0,78,,119156,39,,,0,38,,119157,39,,,0,78,,119158,39,,,0,78,,119159,39,,,0,38,,119160,39,,,0,78,,119163,39,,,0,38,,119164,39,,,0,78,,119161,39,,,0,77,,119162,39,,,0,36,,119167,39,,,0,78,,119165,39,,,0,78,,119166,39,,,0,38,,119168,39,,,0,78,,119169,39,,,0,38,,119170,39,,,0,78,,119171,39,,,0
11501,'STMPWeek-Weekday',621,,119175,39,,,0,29,,119204,39,,,0,8,,119173,39,,,0,72,,119174,39,,,0,72,,119186,39,,,0,32,,119177,39,,,0,72,,119180,39,,,0,29,,119179,39,,,0,69,,119183,39,,,0,32,,119181,39,,,0,72,,119178,39,,,0,32,,119182,39,,,0,72,,119185,39,,,0,32,,119184,39,,,0,72,,119189,39,,,0,32,,119188,39,,,0,72,,119190,39,,,0,33,,119193,39,,,0,77,,119195,39,,,0,72,,119197,39,,,0,32,,119191,39,,,0,21,,119205,39,,,0,51,,119194,39,,,0,3,,119206,39,,,0,29,,119196,39,,,0,72,,119198,39,,,0,32,,119199,39,,,0,71,,119192,39,,,0,28,,119203,39,,,0,71,,119200,39,,,0,32,,119187,39,,,0,72,,119201,39,,,0,32,,119176,39,,,0,72,,119202,39,,,0,32,,119172,39,,,0
11501,'STMPar-Weekday',621,,119210,39,,,0,29,,119239,39,,,0,8,,119208,39,,,0,72,,119209,39,,,0,72,,119221,39,,,0,32,,119212,39,,,0,72,,119215,39,,,0,29,,119214,39,,,0,69,,119218,39,,,0,32,,119216,39,,,0,72,,119213,39,,,0,32,,119217,39,,,0,72,,119220,39,,,0,32,,119219,39,,,0,72,,119224,39,,,0,32,,119223,39,,,0,72,,119225,39,,,0,33,,119228,39,,,0,77,,119230,39,,,0,72,,119232,39,,,0,32,,119226,39,,,0,21,,119240,39,,,0,51,,119229,39,,,0,3,,119241,39,,,0,29,,119231,39,,,0,72,,119233,39,,,0,32,,119234,39,,,0,71,,119227,39,,,0,28,,119238,39,,,0,71,,119235,39,,,0,32,,119222,39,,,0,72,,119236,39,,,0,32,,119211,39,,,0,72,,119237,39,,,0,32,,119207,39,,,0
15800,'Saturday',602,,131453,18,,,0,40,,131428,18,,,0,80,,131430,18,,,0,80,,131433,18,,,0,40,,131429,18,,,0,80,,131431,18,,,0,80,,131432,18,,,0,40,,131434,18,,,0,80,,131435,18,,,0,80,,131436,18,,,0,41,,131437,18,,,0,80,,131438,18,,,0,80,,131439,18,,,0,40,,131440,18,,,0,80,,131441,18,,,0,80,,131442,18,,,0,40,,131443,18,,,0,80,,131444,18,,,0,79,,131446,18,,,0,40,,131447,18,,,0,80,,131445,18,,,0,80,,131448,18,,,0,40,,131449,18,,,0,80,,131450,18,,,0,80,,131454,18,,,0,40,,131451,18,,,0,80,,131452,18,,,0
15800,'Sunday',602,,131464,18,,,0,40,,131474,18,,,0,80,,131455,18,,,0,80,,131465,18,,,0,40,,131475,18,,,0,80,,131456,18,,,0,80,,131466,18,,,0,40,,131476,18,,,0,80,,131457,18,,,0,80,,131467,18,,,0,41,,131477,18,,,0,80,,131458,18,,,0,80,,131468,18,,,0,40,,131478,18,,,0,80,,131459,18,,,0,80,,131469,18,,,0,40,,131479,18,,,0,80,,131460,18,,,0,79,,131470,18,,,0,40,,131480,18,,,0,80,,131461,18,,,0,80,,131472,18,,,0,40,,131481,18,,,0,80,,131462,18,,,0,80,,131471,18,,,0,40,,131482,18,,,0,80,,131463,18,,,0,80,,131473,18,,,0
15800,'Weekday',513,,131483,18,,,0,33,,131491,18,,,0,70,,131501,18,,,0,32,,131506,18,,,0,70,,131484,18,,,0,30,,131492,18,,,0,70,,131500,18,,,0,30,,131507,18,,,0,70,,131485,18,,,0,30,,131493,18,,,0,70,,131502,18,,,0,30,,131508,18,,,0,69,,131486,18,,,0,30,,131494,18,,,0,70,,131503,18,,,0,30,,131509,18,,,0,70,,131487,18,,,0,30,,131495,18,,,0,70,,131504,18,,,0,30,,131510,18,,,0,80,,131488,18,,,0,23,,131496,18,,,0,70,,131505,18,,,0,32,,131511,18,,,0,67,,131489,18,,,0,30,,131497,18,,,0,70,,131490,18,,,0,28,,131517,18,,,0,70,,131518,18,,,0,30,,131512,18,,,0,70,,131515,18,,,0,30,,131498,18,,,0,70,,131519,18,,,0,30,,131513,18,,,0,69,,131516,18,,,0,30,,131499,18,,,0,70,,131520,18,,,0,30,,131514,18,,,0
15800,'STMPSa-Saturday',602,,131546,18,,,0,40,,131521,18,,,0,80,,131523,18,,,0,80,,131526,18,,,0,40,,131522,18,,,0,80,,131524,18,,,0,80,,131525,18,,,0,40,,131527,18,,,0,80,,131528,18,,,0,80,,131529,18,,,0,41,,131530,18,,,0,80,,131531,18,,,0,80,,131532,18,,,0,40,,131534,18,,,0,80,,131535,18,,,0,80,,131536,18,,,0,40,,131533,18,,,0,80,,131537,18,,,0,79,,131539,18,,,0,40,,131540,18,,,0,80,,131538,18,,,0,80,,131541,18,,,0,40,,131542,18,,,0,80,,131543,18,,,0,80,,131547,18,,,0,40,,131544,18,,,0,80,,131545,18,,,0
15800,'STMPSnea-Weekday',513,,131548,18,,,0,33,,131556,18,,,0,70,,131566,18,,,0,32,,131571,18,,,0,70,,131549,18,,,0,30,,131557,18,,,0,70,,131565,18,,,0,30,,131572,18,,,0,70,,131550,18,,,0,30,,131558,18,,,0,70,,131567,18,,,0,30,,131573,18,,,0,69,,131551,18,,,0,30,,131559,18,,,0,70,,131568,18,,,0,30,,131574,18,,,0,70,,131552,18,,,0,30,,131560,18,,,0,70,,131569,18,,,0,30,,131575,18,,,0,80,,131553,18,,,0,23,,131561,18,,,0,70,,131570,18,,,0,32,,131576,18,,,0,67,,131554,18,,,0,30,,131562,18,,,0,70,,131555,18,,,0,28,,131582,18,,,0,70,,131583,18,,,0,30,,131577,18,,,0,70,,131580,18,,,0,30,,131563,18,,,0,70,,131584,18,,,0,30,,131578,18,,,0,69,,131581,18,,,0,30,,131564,18,,,0,70,,131585,18,,,0,30,,131579,18,,,0
15800,'STMPSu1-Sunday',602,,131595,18,,,0,40,,131605,18,,,0,80,,131586,18,,,0,80,,131596,18,,,0,40,,131606,18,,,0,80,,131587,18,,,0,80,,131597,18,,,0,40,,131607,18,,,0,80,,131588,18,,,0,80,,131598,18,,,0,41,,131608,18,,,0,80,,131589,18,,,0,80,,131599,18,,,0,40,,131609,18,,,0,80,,131590,18,,,0,80,,131600,18,,,0,40,,131610,18,,,0,80,,131591,18,,,0,79,,131601,18,,,0,40,,131611,18,,,0,80,,131592,18,,,0,80,,131603,18,,,0,40,,131612,18,,,0,80,,131593,18,,,0,80,,131602,18,,,0,40,,131613,18,,,0,80,,131594,18,,,0,80,,131604,18,,,0
15800,'STMPSu2-Sunday',602,,131623,18,,,0,40,,131633,18,,,0,80,,131614,18,,,0,80,,131624,18,,,0,40,,131634,18,,,0,80,,131615,18,,,0,80,,131625,18,,,0,40,,131635,18,,,0,80,,131616,18,,,0,80,,131626,18,,,0,41,,131636,18,,,0,80,,131617,18,,,0,80,,131627,18,,,0,40,,131637,18,,,0,80,,131618,18,,,0,80,,131628,18,,,0,40,,131638,18,,,0,80,,131619,18,,,0,79,,131629,18,,,0,40,,131639,18,,,0,80,,131620,18,,,0,80,,131631,18,,,0,40,,131640,18,,,0,80,,131621,18,,,0,80,,131630,18,,,0,40,,131641,18,,,0,80,,131622,18,,,0,80,,131632,18,,,0
15800,'STMPWeek-Weekday',513,,131642,18,,,0,33,,131650,18,,,0,70,,131660,18,,,0,32,,131665,18,,,0,70,,131643,18,,,0,30,,131651,18,,,0,70,,131659,18,,,0,30,,131666,18,,,0,70,,131644,18,,,0,30,,131652,18,,,0,70,,131661,18,,,0,30,,131667,18,,,0,69,,131645,18,,,0,30,,131653,18,,,0,70,,131662,18,,,0,30,,131668,18,,,0,70,,131646,18,,,0,30,,131654,18,,,0,70,,131663,18,,,0,30,,131669,18,,,0,80,,131647,18,,,0,23,,131655,18,,,0,70,,131664,18,,,0,32,,131670,18,,,0,67,,131648,18,,,0,30,,131656,18,,,0,70,,131649,18,,,0,28,,131676,18,,,0,70,,131677,18,,,0,30,,131671,18,,,0,70,,131674,18,,,0,30,,131657,18,,,0,70,,131678,18,,,0,30,,131672,18,,,0,69,,131675,18,,,0,30,,131658,18,,,0,70,,131679,18,,,0,30,,131673,18,,,0
15800,'STMPar-Weekday',513,,131680,18,,,0,33,,131688,18,,,0,70,,131698,18,,,0,32,,131703,18,,,0,70,,131681,18,,,0,30,,131689,18,,,0,70,,131697,18,,,0,30,,131704,18,,,0,70,,131682,18,,,0,30,,131690,18,,,0,70,,131699,18,,,0,30,,131705,18,,,0,69,,131683,18,,,0,30,,131691,18,,,0,70,,131700,18,,,0,30,,131706,18,,,0,70,,131684,18,,,0,30,,131692,18,,,0,70,,131701,18,,,0,30,,131707,18,,,0,80,,131685,18,,,0,23,,131693,18,,,0,70,,131702,18,,,0,32,,131708,18,,,0,67,,131686,18,,,0,30,,131694,18,,,0,70,,131687,18,,,0,28,,131714,18,,,0,70,,131715,18,,,0,30,,131709,18,,,0,70,,131712,18,,,0,30,,131695,18,,,0,70,,131716,18,,,0,30,,131710,18,,,0,69,,131713,18,,,0,30,,131696,18,,,0,70,,131717,18,,,0,30,,131711,18,,,0
