2901,'Saturday',703,,54132,,,0,47,,54133,,,0,87,,54134,,,0,87,,54135,,,0,87,,54136,,,0,47,,54137,,,0,87,,54138,,,0,87,,54139,,,0,87,,54140,,,0,87,,54141,,,0,47,,54144,,,0,87,,54145,,,0,87,,54146,,,0,87,,54142,,,0,87,,54143,,,0,47,,54147,,,0,87,,54148,,,0,87,,54149,,,0,87,,54150,,,0,47,,54151,,,0,87,,54152,,,0,87,,54153,,,0
2901,'Sunday',703,,54155,,,0,47,,54156,,,0,87,,54158,,,0,87,,54154,,,0,87,,54160,,,0,47,,54161,,,0,87,,54159,,,0,87,,54162,,,0,87,,54157,,,0,87,,54164,,,0,47,,54166,,,0,87,,54167,,,0,87,,54165,,,0,87,,54169,,,0,87,,54163,,,0,47,,54168,,,0,87,,54170,,,0,87,,54171,,,0,87,,54172,,,0,47,,54173,,,0,87,,54174,,,0,87,,54175,,,0
2901,'Weekday',509,,54177,,,0,39,,54199,,,0,77,,54198,,,0,77,,54201,,,0,35,,54200,,,0,75,,54203,,,0,35,,54204,,,0,75,,54202,,,0,34,,54180,,,0,75,,54178,,,0,75,,54194,,,0,35,,54195,,,0,75,,54196,,,0,35,,54193,,,0,76,,54197,,,0,76,,54183,,,0,35,,54188,,,0,75,,54182,,,0,35,,54186,,,0,75,,54176,,,0,35,,54205,,,0,75,,54206,,,0,75,,54207,,,0,35,,54208,,,0,73,,54179,,,0,34,,54190,,,0,75,,54191,,,0,75,,54192,,,0,35,,54185,,,0,75,,54181,,,0,33,,54184,,,0,75,,54189,,,0,35,,54187,,,0
2901,'1CCSDCUT-Weekday',509,,54210,,,0,39,,54232,,,0,77,,54231,,,0,77,,54234,,,0,35,,54233,,,0,75,,54236,,,0,35,,54237,,,0,75,,54235,,,0,34,,54213,,,0,75,,54211,,,0,75,,54227,,,0,35,,54228,,,0,75,,54229,,,0,35,,54226,,,0,76,,54230,,,0,76,,54216,,,0,35,,54221,,,0,75,,54215,,,0,35,,54219,,,0,75,,54209,,,0,35,,54238,,,0,75,,54239,,,0,75,,54240,,,0,35,,54241,,,0,73,,54212,,,0,34,,54223,,,0,75,,54224,,,0,75,,54225,,,0,35,,54218,,,0,75,,54214,,,0,33,,54217,,,0,75,,54222,,,0,35,,54220,,,0
2901,'1PUBCUT-Weekday',509,,54243,,,0,39,,54265,,,0,77,,54264,,,0,77,,54267,,,0,35,,54266,,,0,75,,54269,,,0,35,,54270,,,0,75,,54268,,,0,34,,54246,,,0,75,,54244,,,0,75,,54260,,,0,35,,54261,,,0,75,,54262,,,0,35,,54259,,,0,76,,54263,,,0,76,,54249,,,0,35,,54254,,,0,75,,54248,,,0,35,,54252,,,0,75,,54242,,,0,35,,54271,,,0,75,,54272,,,0,75,,54273,,,0,35,,54274,,,0,73,,54245,,,0,34,,54256,,,0,75,,54257,,,0,75,,54258,,,0,35,,54251,,,0,75,,54247,,,0,33,,54250,,,0,75,,54255,,,0,35,,54253,,,0
3500,'Saturday',650,,55200,,,0,100,,55214,,,0,100,,55213,,,0,100,,55211,,,0,100,,55212,,,0,100,,55210,,,0,100,,55209,,,0,100,,55208,,,0,100,,55207,,,0,100,,55206,,,0,100,,55205,,,0,100,,55204,,,0,100,,55203,,,0,100,,55202,,,0,100,,55201,,,0
3500,'Sunday',750,,55227,,,0,100,,55226,,,0,100,,55225,,,0,100,,55224,,,0,100,,55223,,,0,100,,55222,,,0,100,,55221,,,0,100,,55220,,,0,100,,55219,,,0,100,,55218,,,0,100,,55217,,,0,100,,55215,,,0,100,,55216,,,0
3500,'Weekday',613,,55228,,,0,30,,55248,,,0,70,,55229,,,0,30,,55249,,,0,67,,55230,,,0,30,,55247,,,0,73,,55231,,,0,101,,55232,,,0,100,,55233,,,0,100,,55234,,,0,100,,55235,,,0,100,,55236,,,0,100,,55237,,,0,30,,55250,,,0,70,,55238,,,0,30,,55251,,,0,70,,55239,,,0,30,,55252,,,0,70,,55241,,,0,100,,55242,,,0,99,,55243,,,0,100,,55244,,,0,100,,55245,,,0,100,,55246,,,0,100,,55240,,,0
3500,'1CCSDCUT-Weekday',613,,55253,,,0,30,,55273,,,0,70,,55254,,,0,30,,55274,,,0,67,,55255,,,0,30,,55272,,,0,73,,55256,,,0,101,,55257,,,0,100,,55258,,,0,100,,55259,,,0,100,,55260,,,0,100,,55261,,,0,100,,55262,,,0,30,,55275,,,0,70,,55263,,,0,30,,55276,,,0,70,,55264,,,0,30,,55277,,,0,70,,55266,,,0,100,,55267,,,0,99,,55268,,,0,100,,55269,,,0,100,,55270,,,0,100,,55271,,,0,100,,55265,,,0
3500,'1PUBCUT-Weekday',613,,55278,,,0,30,,55298,,,0,70,,55279,,,0,30,,55299,,,0,67,,55280,,,0,30,,55297,,,0,73,,55281,,,0,101,,55282,,,0,100,,55283,,,0,100,,55284,,,0,100,,55285,,,0,100,,55286,,,0,100,,55287,,,0,30,,55300,,,0,70,,55288,,,0,30,,55301,,,0,70,,55289,,,0,30,,55302,,,0,70,,55291,,,0,100,,55292,,,0,99,,55293,,,0,100,,55294,,,0,100,,55295,,,0,100,,55296,,,0,100,,55290,,,0
71200,'Weekday',840,,88698,0,29 158,0
71200,'1CCSDCUT-Weekday',840,,88699,0,29 158,0
71300,'Weekday',842,,88704,0,29 160,0
71300,'1CCSDCUT-Weekday',842,,88705,0,29 160,0
76001,'Weekday',840,,88948,0,48 49 78 164,0
76001,'1CCSDCUT-Weekday',840,,88949,0,48 49 78 164,0
76200,'Weekday0000100',1358,,88950,4,,0
76200,'Weekday1111000',1603,,88951,4,,0
76200,'1CCSDCUT-Weekday0000100',1358,,88952,4,,0
76200,'1CCSDCUT-Weekday1111000',1603,,88953,4,,0
76201,'Weekday',837,,88954,0,48 49 164,0
76201,'1CCSDCUT-Weekday',837,,88955,0,48 49 164,0
83500,'Weekday',1504,,89296,,,0
83500,'1PUBCUT-Weekday',1504,,89297,,,0
