12900,'Saturday',721,,56569,21,,,0,80,,56586,21,,,0,40,,56578,21,,,0,80,,56570,21,,,0,80,,56587,21,,,0,40,,56579,21,,,0,80,,56571,21,,,0,80,,56588,21,,,0,41,,56580,21,,,0,80,,56572,21,,,0,80,,56589,21,,,0,40,,56581,21,,,0,80,,56574,21,,,0,80,,56591,21,,,0,40,,56582,21,,,0,80,,56573,21,,,0,80,,56590,21,,,0,39,,56583,21,,,0,80,,56575,21,,,0,80,,56592,21,,,0,43,,56584,21,,,0,77,,56576,21,,,0,80,,56593,21,,,0,40,,56585,21,,,0,80,,56577,21,,,0,83,,56594,21,,,0
12900,'Sunday',721,,56595,21,,,0,80,,56612,21,,,0,40,,56604,21,,,0,80,,56596,21,,,0,80,,56614,21,,,0,40,,56605,21,,,0,80,,56597,21,,,0,80,,56613,21,,,0,41,,56606,21,,,0,80,,56598,21,,,0,80,,56615,21,,,0,40,,56607,21,,,0,80,,56599,21,,,0,80,,56617,21,,,0,40,,56608,21,,,0,80,,56600,21,,,0,80,,56616,21,,,0,39,,56609,21,,,0,80,,56601,21,,,0,80,,56618,21,,,0,43,,56610,21,,,0,77,,56602,21,,,0,80,,56619,21,,,0,40,,56611,21,,,0,80,,56603,21,,,0,83,,56620,21,,,0
12900,'Weekday',610,,56628,21,,,0,29,,56622,21,,,0,71,,56640,21,,,0,30,,56646,21,,,0,70,,56629,21,,,0,30,,56623,21,,,0,69,,56641,21,,,0,30,,56647,21,,,0,70,,56630,21,,,0,30,,56624,21,,,0,70,,56642,21,,,0,30,,56648,21,,,0,70,,56631,21,,,0,30,,56625,21,,,0,70,,56643,21,,,0,30,,56649,21,,,0,70,,56632,21,,,0,33,,56626,21,,,0,4,,56658,9,,,0,64,,56644,21,,,0,27,,56650,21,,,0,73,,56633,21,,,0,18,,56657,21,,,0,15,,56627,21,,,0,70,,56645,21,,,0,27,,56651,21,,,0,69,,56634,21,,,0,30,,56652,21,,,0,70,,56635,21,,,0,30,,56653,21,,,0,70,,56621,21,,,0,30,,56654,21,,,0,68,,56636,21,,,0,30,,56655,21,,,0,70,,56637,21,,,0,30,,56656,21,,,0,70,,56638,21,,,0,100,,56639,21,,,0
12900,'Weekday1111000',1456,,56659,21,,,0
12900,'1CCSDCUT-Weekday',610,,56667,21,,,0,29,,56661,21,,,0,71,,56679,21,,,0,30,,56685,21,,,0,70,,56668,21,,,0,30,,56662,21,,,0,69,,56680,21,,,0,30,,56686,21,,,0,70,,56669,21,,,0,30,,56663,21,,,0,70,,56681,21,,,0,30,,56687,21,,,0,70,,56670,21,,,0,30,,56664,21,,,0,70,,56682,21,,,0,30,,56688,21,,,0,70,,56671,21,,,0,33,,56665,21,,,0,4,,56697,9,,,0,64,,56683,21,,,0,27,,56689,21,,,0,73,,56672,21,,,0,18,,56696,21,,,0,15,,56666,21,,,0,70,,56684,21,,,0,27,,56690,21,,,0,69,,56673,21,,,0,30,,56691,21,,,0,70,,56674,21,,,0,30,,56692,21,,,0,70,,56660,21,,,0,30,,56693,21,,,0,68,,56675,21,,,0,30,,56694,21,,,0,70,,56676,21,,,0,30,,56695,21,,,0,70,,56677,21,,,0,100,,56678,21,,,0
12900,'1CCSDCUT-Weekday1111000',1456,,56698,21,,,0
12900,'1PUBCUT-Weekday',610,,56706,21,,,0,29,,56700,21,,,0,71,,56718,21,,,0,30,,56724,21,,,0,70,,56707,21,,,0,30,,56701,21,,,0,69,,56719,21,,,0,30,,56725,21,,,0,70,,56708,21,,,0,30,,56702,21,,,0,70,,56720,21,,,0,30,,56726,21,,,0,70,,56709,21,,,0,30,,56703,21,,,0,70,,56721,21,,,0,30,,56727,21,,,0,70,,56710,21,,,0,33,,56704,21,,,0,4,,56736,9,,,0,64,,56722,21,,,0,27,,56728,21,,,0,73,,56711,21,,,0,18,,56735,21,,,0,15,,56705,21,,,0,70,,56723,21,,,0,27,,56729,21,,,0,69,,56712,21,,,0,30,,56730,21,,,0,70,,56713,21,,,0,30,,56731,21,,,0,70,,56699,21,,,0,30,,56732,21,,,0,68,,56714,21,,,0,30,,56733,21,,,0,70,,56715,21,,,0,30,,56734,21,,,0,70,,56716,21,,,0,100,,56717,21,,,0
12900,'1PUBCUT-Weekday1111000',1456,,56737,21,,,0
81801,'Weekday',802,,68944,9,0,12 13 14 15 16,0
81801,'1PUBCUT-Weekday',802,,68945,9,0,12 13 14 15 16,0
