8601,'Saturday',611,,107536,12,,,0,40,,107518,12,,,0,80,,107537,12,,,0,80,,107526,12,,,0,40,,107534,12,,,0,80,,107527,12,,,0,76,,107538,12,,,0,44,,107530,12,,,0,80,,107519,12,,,0,80,,107529,12,,,0,40,,107520,12,,,0,80,,107540,12,,,0,80,,107522,12,,,0,40,,107541,12,,,0,80,,107521,12,,,0,80,,107539,12,,,0,40,,107531,12,,,0,80,,107523,12,,,0,80,,107532,12,,,0,40,,107524,12,,,0,80,,107542,12,,,0,80,,107525,12,,,0,40,,107543,12,,,0,80,,107533,12,,,0,80,,107544,12,,,0,40,,107535,12,,,0,80,,107528,12,,,0
8601,'Sunday',611,,107560,12,,,0,40,,107545,12,,,0,80,,107559,12,,,0,80,,107546,12,,,0,40,,107562,12,,,0,80,,107547,12,,,0,76,,107561,12,,,0,44,,107554,12,,,0,80,,107564,12,,,0,80,,107549,12,,,0,40,,107565,12,,,0,80,,107548,12,,,0,80,,107566,12,,,0,40,,107550,12,,,0,80,,107563,12,,,0,80,,107551,12,,,0,40,,107567,12,,,0,80,,107552,12,,,0,80,,107568,12,,,0,40,,107556,12,,,0,80,,107569,12,,,0,80,,107553,12,,,0,40,,107571,12,,,0,80,,107555,12,,,0,80,,107570,12,,,0,40,,107558,12,,,0,80,,107557,12,,,0
8601,'Weekday',508,,107591,12,,,0,30,,107581,12,,,0,70,,107572,12,,,0,30,,107590,12,,,0,70,,107582,12,,,0,15,,107610,12,,,0,15,,107573,12,,,0,15,,107611,12,,,0,55,,107592,12,,,0,25,,107612,12,,,0,5,,107583,12,,,0,70,,107575,12,,,0,30,,107593,12,,,0,70,,107584,12,,,0,30,,107576,12,,,0,70,,107594,12,,,0,30,,107585,12,,,0,70,,107574,12,,,0,30,,107595,12,,,0,70,,107586,12,,,0,30,,107577,12,,,0,70,,107596,12,,,0,30,,107587,12,,,0,70,,107578,12,,,0,30,,107597,12,,,0,70,,107588,12,,,0,30,,107579,12,,,0,70,,107599,12,,,0,30,,107589,12,,,0,70,,107580,12,,,0,37,,107598,12,,,0,78,,107600,12,,,0,78,,107601,12,,,0,38,,107602,12,,,0,78,,107603,12,,,0,38,,107604,12,,,0,78,,107605,12,,,0,78,,107606,12,,,0,38,,107607,12,,,0,78,,107608,12,,,0,84,,107609,12,,,0
8601,'STMPSa-Saturday',611,,107631,12,,,0,40,,107613,12,,,0,80,,107632,12,,,0,80,,107621,12,,,0,40,,107629,12,,,0,80,,107622,12,,,0,76,,107633,12,,,0,44,,107625,12,,,0,80,,107614,12,,,0,80,,107624,12,,,0,40,,107615,12,,,0,80,,107635,12,,,0,80,,107617,12,,,0,40,,107636,12,,,0,80,,107616,12,,,0,80,,107634,12,,,0,40,,107626,12,,,0,80,,107618,12,,,0,80,,107627,12,,,0,40,,107619,12,,,0,80,,107637,12,,,0,80,,107620,12,,,0,40,,107638,12,,,0,80,,107628,12,,,0,80,,107639,12,,,0,40,,107630,12,,,0,80,,107623,12,,,0
8601,'STMPSnea-Weekday',508,,107659,12,,,0,30,,107649,12,,,0,70,,107640,12,,,0,30,,107658,12,,,0,70,,107650,12,,,0,15,,107678,12,,,0,15,,107641,12,,,0,15,,107679,12,,,0,55,,107660,12,,,0,25,,107680,12,,,0,5,,107651,12,,,0,70,,107643,12,,,0,30,,107661,12,,,0,70,,107652,12,,,0,30,,107644,12,,,0,70,,107662,12,,,0,30,,107653,12,,,0,70,,107642,12,,,0,30,,107663,12,,,0,70,,107654,12,,,0,30,,107645,12,,,0,70,,107664,12,,,0,30,,107655,12,,,0,70,,107646,12,,,0,30,,107665,12,,,0,70,,107656,12,,,0,30,,107647,12,,,0,70,,107667,12,,,0,30,,107657,12,,,0,70,,107648,12,,,0,37,,107666,12,,,0,78,,107668,12,,,0,78,,107669,12,,,0,38,,107670,12,,,0,78,,107671,12,,,0,38,,107672,12,,,0,78,,107673,12,,,0,78,,107674,12,,,0,38,,107675,12,,,0,78,,107676,12,,,0,84,,107677,12,,,0
8601,'STMPSu1-Sunday',611,,107696,12,,,0,40,,107681,12,,,0,80,,107695,12,,,0,80,,107682,12,,,0,40,,107698,12,,,0,80,,107683,12,,,0,76,,107697,12,,,0,44,,107690,12,,,0,80,,107700,12,,,0,80,,107685,12,,,0,40,,107701,12,,,0,80,,107684,12,,,0,80,,107702,12,,,0,40,,107686,12,,,0,80,,107699,12,,,0,80,,107687,12,,,0,40,,107703,12,,,0,80,,107688,12,,,0,80,,107704,12,,,0,40,,107692,12,,,0,80,,107705,12,,,0,80,,107689,12,,,0,40,,107707,12,,,0,80,,107691,12,,,0,80,,107706,12,,,0,40,,107694,12,,,0,80,,107693,12,,,0
8601,'STMPSu2-Sunday',611,,107723,12,,,0,40,,107708,12,,,0,80,,107722,12,,,0,80,,107709,12,,,0,40,,107725,12,,,0,80,,107710,12,,,0,76,,107724,12,,,0,44,,107717,12,,,0,80,,107727,12,,,0,80,,107712,12,,,0,40,,107728,12,,,0,80,,107711,12,,,0,80,,107729,12,,,0,40,,107713,12,,,0,80,,107726,12,,,0,80,,107714,12,,,0,40,,107730,12,,,0,80,,107715,12,,,0,80,,107731,12,,,0,40,,107719,12,,,0,80,,107732,12,,,0,80,,107716,12,,,0,40,,107734,12,,,0,80,,107718,12,,,0,80,,107733,12,,,0,40,,107721,12,,,0,80,,107720,12,,,0
8601,'STMPWeek-Weekday',508,,107754,12,,,0,30,,107744,12,,,0,70,,107735,12,,,0,30,,107753,12,,,0,70,,107745,12,,,0,15,,107773,12,,,0,15,,107736,12,,,0,15,,107774,12,,,0,55,,107755,12,,,0,25,,107775,12,,,0,5,,107746,12,,,0,70,,107738,12,,,0,30,,107756,12,,,0,70,,107747,12,,,0,30,,107739,12,,,0,70,,107757,12,,,0,30,,107748,12,,,0,70,,107737,12,,,0,30,,107758,12,,,0,70,,107749,12,,,0,30,,107740,12,,,0,70,,107759,12,,,0,30,,107750,12,,,0,70,,107741,12,,,0,30,,107760,12,,,0,70,,107751,12,,,0,30,,107742,12,,,0,70,,107762,12,,,0,30,,107752,12,,,0,70,,107743,12,,,0,37,,107761,12,,,0,78,,107763,12,,,0,78,,107764,12,,,0,38,,107765,12,,,0,78,,107766,12,,,0,38,,107767,12,,,0,78,,107768,12,,,0,78,,107769,12,,,0,38,,107770,12,,,0,78,,107771,12,,,0,84,,107772,12,,,0
8601,'STMPar-Weekday',508,,107795,12,,,0,30,,107785,12,,,0,70,,107776,12,,,0,30,,107794,12,,,0,70,,107786,12,,,0,15,,107814,12,,,0,15,,107777,12,,,0,15,,107815,12,,,0,55,,107796,12,,,0,25,,107816,12,,,0,5,,107787,12,,,0,70,,107779,12,,,0,30,,107797,12,,,0,70,,107788,12,,,0,30,,107780,12,,,0,70,,107798,12,,,0,30,,107789,12,,,0,70,,107778,12,,,0,30,,107799,12,,,0,70,,107790,12,,,0,30,,107781,12,,,0,70,,107800,12,,,0,30,,107791,12,,,0,70,,107782,12,,,0,30,,107801,12,,,0,70,,107792,12,,,0,30,,107783,12,,,0,70,,107803,12,,,0,30,,107793,12,,,0,70,,107784,12,,,0,37,,107802,12,,,0,78,,107804,12,,,0,78,,107805,12,,,0,38,,107806,12,,,0,78,,107807,12,,,0,38,,107808,12,,,0,78,,107809,12,,,0,78,,107810,12,,,0,38,,107811,12,,,0,78,,107812,12,,,0,84,,107813,12,,,0
11600,'Weekday',1648,,119242,22,,,0,60,,119243,22,,,0,20,,119244,22,,,0,30,,119245,22,,,0
11600,'STMPSnea-Weekday',1648,,119246,22,,,0,60,,119247,22,,,0,20,,119248,22,,,0,30,,119249,22,,,0
11600,'STMPWeek-Weekday',1648,,119250,22,,,0,60,,119251,22,,,0,20,,119252,22,,,0,30,,119253,22,,,0
11600,'STMPar-Weekday',1648,,119254,22,,,0,60,,119255,22,,,0,20,,119256,22,,,0,30,,119257,22,,,0
11601,'Weekday',559,,119258,2,,,0,60,,119259,2,,,0,21,,119260,2,,,0,60,,119261,2,,,0
11601,'STMPSnea-Weekday',559,,119262,2,,,0,60,,119263,2,,,0,21,,119264,2,,,0,60,,119265,2,,,0
11601,'STMPWeek-Weekday',559,,119266,2,,,0,60,,119267,2,,,0,21,,119268,2,,,0,60,,119269,2,,,0
11601,'STMPar-Weekday',559,,119270,2,,,0,60,,119271,2,,,0,21,,119272,2,,,0,60,,119273,2,,,0
