9600,'Saturday',602,,112016,16,,,0,45,,112000,16,,,0,85,,112006,16,,,0,85,,112011,16,,,0,85,,112017,16,,,0,46,,112001,16,,,0,85,,112007,16,,,0,85,,112012,16,,,0,85,,112018,16,,,0,45,,112002,16,,,0,85,,112008,16,,,0,86,,112013,16,,,0,87,,112019,16,,,0,45,,112003,16,,,0,85,,112009,16,,,0,85,,112014,16,,,0,85,,112020,16,,,0,45,,112004,16,,,0,82,,112010,16,,,0,84,,112015,16,,,0,85,,112021,16,,,0,45,,112005,16,,,0
9600,'Sunday',602,,112038,16,,,0,45,,112022,16,,,0,85,,112028,16,,,0,85,,112033,16,,,0,85,,112040,16,,,0,45,,112023,16,,,0,85,,112029,16,,,0,86,,112034,16,,,0,85,,112039,16,,,0,45,,112024,16,,,0,85,,112030,16,,,0,85,,112035,16,,,0,85,,112041,16,,,0,45,,112025,16,,,0,85,,112032,16,,,0,85,,112036,16,,,0,85,,112042,16,,,0,44,,112027,16,,,0,85,,112031,16,,,0,85,,112037,16,,,0,85,,112043,16,,,0,45,,112026,16,,,0
9600,'Weekday',538,,112073,16,,,0,71,,112057,16,,,0,31,,112078,16,,,0,71,,112062,16,,,0,31,,112049,16,,,0,71,,112053,16,,,0,31,,112074,16,,,0,70,,112058,16,,,0,31,,112072,16,,,0,71,,112063,16,,,0,31,,112050,16,,,0,71,,112054,16,,,0,31,,112075,16,,,0,71,,112059,16,,,0,31,,112061,16,,,0,71,,112064,16,,,0,31,,112051,16,,,0,71,,112055,16,,,0,32,,112076,16,,,0,71,,112060,16,,,0,31,,112048,16,,,0,71,,112065,16,,,0,71,,112052,16,,,0,31,,112056,16,,,0,72,,112069,16,,,0,42,,112046,16,,,0,82,,112070,16,,,0,83,,112066,16,,,0,45,,112044,16,,,0,85,,112047,16,,,0,85,,112071,16,,,0,85,,112067,16,,,0,45,,112045,16,,,0
9600,'STMPSa-Saturday',602,,112095,16,,,0,45,,112079,16,,,0,85,,112085,16,,,0,85,,112090,16,,,0,85,,112096,16,,,0,46,,112080,16,,,0,85,,112086,16,,,0,85,,112091,16,,,0,85,,112098,16,,,0,45,,112081,16,,,0,85,,112087,16,,,0,86,,112092,16,,,0,87,,112097,16,,,0,45,,112082,16,,,0,85,,112088,16,,,0,85,,112093,16,,,0,85,,112099,16,,,0,45,,112083,16,,,0,82,,112089,16,,,0,84,,112094,16,,,0,85,,112100,16,,,0,45,,112084,16,,,0
9600,'STMPSnea-Weekday',538,,112130,16,,,0,71,,112114,16,,,0,31,,112135,16,,,0,71,,112119,16,,,0,31,,112106,16,,,0,71,,112110,16,,,0,31,,112131,16,,,0,70,,112115,16,,,0,31,,112129,16,,,0,71,,112120,16,,,0,31,,112107,16,,,0,71,,112111,16,,,0,31,,112132,16,,,0,71,,112116,16,,,0,31,,112118,16,,,0,71,,112121,16,,,0,31,,112108,16,,,0,71,,112112,16,,,0,32,,112133,16,,,0,71,,112117,16,,,0,31,,112105,16,,,0,71,,112122,16,,,0,71,,112109,16,,,0,31,,112113,16,,,0,72,,112126,16,,,0,42,,112103,16,,,0,82,,112127,16,,,0,83,,112123,16,,,0,45,,112101,16,,,0,85,,112104,16,,,0,85,,112128,16,,,0,85,,112124,16,,,0,45,,112102,16,,,0
9600,'STMPSu1-Sunday',602,,112152,16,,,0,45,,112136,16,,,0,85,,112142,16,,,0,85,,112147,16,,,0,85,,112153,16,,,0,45,,112137,16,,,0,85,,112143,16,,,0,86,,112148,16,,,0,85,,112154,16,,,0,45,,112138,16,,,0,85,,112144,16,,,0,85,,112149,16,,,0,85,,112155,16,,,0,45,,112139,16,,,0,85,,112146,16,,,0,85,,112150,16,,,0,85,,112156,16,,,0,44,,112141,16,,,0,85,,112145,16,,,0,85,,112151,16,,,0,85,,112157,16,,,0,45,,112140,16,,,0
9600,'STMPSu2-Sunday',602,,112174,16,,,0,45,,112158,16,,,0,85,,112164,16,,,0,85,,112169,16,,,0,85,,112176,16,,,0,45,,112159,16,,,0,85,,112165,16,,,0,86,,112170,16,,,0,85,,112175,16,,,0,45,,112160,16,,,0,85,,112166,16,,,0,85,,112171,16,,,0,85,,112177,16,,,0,45,,112161,16,,,0,85,,112168,16,,,0,85,,112172,16,,,0,85,,112178,16,,,0,44,,112163,16,,,0,85,,112167,16,,,0,85,,112173,16,,,0,85,,112179,16,,,0,45,,112162,16,,,0
9600,'STMPWeek-Weekday',538,,112209,16,,,0,71,,112193,16,,,0,31,,112214,16,,,0,71,,112198,16,,,0,31,,112185,16,,,0,71,,112189,16,,,0,31,,112210,16,,,0,70,,112194,16,,,0,31,,112208,16,,,0,71,,112199,16,,,0,31,,112186,16,,,0,71,,112190,16,,,0,31,,112211,16,,,0,71,,112195,16,,,0,31,,112197,16,,,0,71,,112200,16,,,0,31,,112187,16,,,0,71,,112191,16,,,0,32,,112212,16,,,0,71,,112196,16,,,0,31,,112184,16,,,0,71,,112201,16,,,0,71,,112188,16,,,0,31,,112192,16,,,0,72,,112205,16,,,0,42,,112182,16,,,0,82,,112206,16,,,0,83,,112202,16,,,0,45,,112180,16,,,0,85,,112183,16,,,0,85,,112207,16,,,0,85,,112203,16,,,0,45,,112181,16,,,0
9600,'STMPar-Weekday',538,,112244,16,,,0,71,,112228,16,,,0,31,,112249,16,,,0,71,,112233,16,,,0,31,,112220,16,,,0,71,,112224,16,,,0,31,,112245,16,,,0,70,,112229,16,,,0,31,,112243,16,,,0,71,,112234,16,,,0,31,,112221,16,,,0,71,,112225,16,,,0,31,,112246,16,,,0,71,,112230,16,,,0,31,,112232,16,,,0,71,,112235,16,,,0,31,,112222,16,,,0,71,,112226,16,,,0,32,,112247,16,,,0,71,,112231,16,,,0,31,,112219,16,,,0,71,,112236,16,,,0,71,,112223,16,,,0,31,,112227,16,,,0,72,,112240,16,,,0,42,,112217,16,,,0,82,,112241,16,,,0,83,,112237,16,,,0,45,,112215,16,,,0,85,,112218,16,,,0,85,,112242,16,,,0,85,,112238,16,,,0,45,,112216,16,,,0
13100,'Weekday',608,,124056,27,,,0,20,,124055,27,,,0,20,,124054,27,,,0,60,,124057,27,,,0
13100,'STMPSnea-Weekday',608,,124060,27,,,0,20,,124059,27,,,0,20,,124058,27,,,0,60,,124061,27,,,0
13100,'STMPWeek-Weekday',608,,124064,27,,,0,20,,124063,27,,,0,20,,124062,27,,,0,60,,124065,27,,,0
13100,'STMPar-Weekday',608,,124068,27,,,0,20,,124067,27,,,0,20,,124066,27,,,0,60,,124069,27,,,0
