10801,'Saturday',741,,52878,22,,,0,85,,52868,22,,,0,85,,52879,22,,,0,45,,52870,22,,,0,85,,52880,22,,,0,85,,52871,22,,,0,85,,52881,22,,,0,47,,52872,22,,,0,85,,52882,22,,,0,85,,52873,22,,,0,85,,52883,22,,,0,45,,52874,22,,,0,85,,52884,22,,,0,85,,52875,22,,,0,84,,52885,22,,,0,43,,52876,22,,,0,85,,52886,22,,,0,85,,52877,22,,,0,85,,52887,22,,,0,45,,52888,22,,,0,85,,52869,22,,,0
10801,'Sunday',741,,52899,22,,,0,85,,52890,22,,,0,85,,52900,22,,,0,45,,52891,22,,,0,85,,52901,22,,,0,85,,52892,22,,,0,85,,52904,22,,,0,47,,52893,22,,,0,85,,52902,22,,,0,85,,52895,22,,,0,85,,52903,22,,,0,45,,52894,22,,,0,85,,52905,22,,,0,85,,52896,22,,,0,84,,52906,22,,,0,43,,52897,22,,,0,85,,52907,22,,,0,85,,52898,22,,,0,85,,52908,22,,,0,45,,52909,22,,,0,85,,52889,22,,,0
10801,'Weekday',650,,52911,22,,,0,73,,52912,22,,,0,30,,52913,22,,,0,70,,52914,22,,,0,29,,52915,22,,,0,68,,52916,22,,,0,30,,52917,22,,,0,70,,52918,22,,,0,30,,52919,22,,,0,70,,52920,22,,,0,30,,52921,22,,,0,70,,52922,22,,,0,30,,52923,22,,,0,70,,52925,22,,,0,30,,52926,22,,,0,70,,52927,22,,,0,30,,52924,22,,,0,71,,52928,22,,,0,33,,52929,22,,,0,70,,52930,22,,,0,30,,52931,22,,,0,70,,52932,22,,,0,29,,52933,22,,,0,66,,52934,22,,,0,30,,52936,22,,,0,70,,52937,22,,,0,30,,52938,22,,,0,70,,52935,22,,,0,30,,52939,22,,,0,70,,52940,22,,,0,28,,52941,22,,,0,69,,52942,22,,,0,30,,52943,22,,,0,70,,52944,22,,,0,30,,52945,22,,,0,70,,52910,22,,,0
10801,'1CCSDCUT-Weekday',650,,52947,22,,,0,73,,52948,22,,,0,30,,52949,22,,,0,70,,52950,22,,,0,29,,52951,22,,,0,68,,52952,22,,,0,30,,52953,22,,,0,70,,52954,22,,,0,30,,52955,22,,,0,70,,52956,22,,,0,30,,52957,22,,,0,70,,52958,22,,,0,30,,52959,22,,,0,70,,52961,22,,,0,30,,52962,22,,,0,70,,52963,22,,,0,30,,52960,22,,,0,71,,52964,22,,,0,33,,52965,22,,,0,70,,52966,22,,,0,30,,52967,22,,,0,70,,52968,22,,,0,29,,52969,22,,,0,66,,52970,22,,,0,30,,52972,22,,,0,70,,52973,22,,,0,30,,52974,22,,,0,70,,52971,22,,,0,30,,52975,22,,,0,70,,52976,22,,,0,28,,52977,22,,,0,69,,52978,22,,,0,30,,52979,22,,,0,70,,52980,22,,,0,30,,52981,22,,,0,70,,52946,22,,,0
10801,'1PUBCUT-Weekday',650,,52983,22,,,0,73,,52984,22,,,0,30,,52985,22,,,0,70,,52986,22,,,0,29,,52987,22,,,0,68,,52988,22,,,0,30,,52989,22,,,0,70,,52990,22,,,0,30,,52991,22,,,0,70,,52992,22,,,0,30,,52993,22,,,0,70,,52994,22,,,0,30,,52995,22,,,0,70,,52997,22,,,0,30,,52998,22,,,0,70,,52999,22,,,0,30,,52996,22,,,0,71,,53000,22,,,0,33,,53001,22,,,0,70,,53002,22,,,0,30,,53003,22,,,0,70,,53004,22,,,0,29,,53005,22,,,0,66,,53006,22,,,0,30,,53008,22,,,0,70,,53009,22,,,0,30,,53010,22,,,0,70,,53007,22,,,0,30,,53011,22,,,0,70,,53012,22,,,0,28,,53013,22,,,0,69,,53014,22,,,0,30,,53015,22,,,0,70,,53016,22,,,0,30,,53017,22,,,0,70,,52982,22,,,0
72100,'Weekday',838,,68486,21,0,140 1 165 31 1 166,0
72100,'1CCSDCUT-Weekday',838,,68487,21,0,140 1 165 31 1 166,0
89600,'Weekday',750,,69173,1,0,167 1 165 31 1 166,0
89600,'1PUBCUT-Weekday',750,,69174,1,0,167 1 165 31 1 166,0
89601,'Weekday',1525,,69175,7,0,167 1 165 31 1 166,0
89601,'1PUBCUT-Weekday',1525,,69176,7,0,167 1 165 31 1 166,0
