1901,'Saturday',649,,30747,52,,,0,75,,30739,52,,,0,35,,30755,52,,,0,75,,30763,52,,,0,75,,30748,52,,,0,35,,30740,52,,,0,75,,30756,52,,,0,35,,30764,52,,,0,75,,30749,52,,,0,75,,30741,52,,,0,35,,30757,52,,,0,74,,30765,52,,,0,35,,30750,52,,,0,68,,30742,52,,,0,24,,30770,52,,,0,68,,30759,52,,,0,28,,30766,52,,,0,68,,30751,52,,,0,28,,30743,52,,,0,68,,30771,52,,,0,28,,30758,52,,,0,28,,30767,52,,,0,68,,30752,52,,,0,28,,30744,52,,,0,68,,30772,52,,,0,23,,30761,52,,,0,73,,30769,52,,,0,35,,30753,52,,,0,75,,30745,52,,,0,75,,30762,52,,,0,35,,30768,52,,,0,75,,30754,52,,,0,35,,30746,52,,,0
1901,'Sunday',649,,30781,52,,,0,75,,30773,52,,,0,35,,30789,52,,,0,75,,30796,52,,,0,75,,30782,52,,,0,35,,30774,52,,,0,75,,30790,52,,,0,35,,30798,52,,,0,75,,30783,52,,,0,75,,30775,52,,,0,35,,30791,52,,,0,74,,30800,52,,,0,35,,30785,52,,,0,68,,30776,52,,,0,24,,30804,52,,,0,68,,30792,52,,,0,28,,30799,52,,,0,68,,30787,52,,,0,28,,30777,52,,,0,68,,30805,52,,,0,28,,30793,52,,,0,28,,30801,52,,,0,68,,30786,52,,,0,28,,30778,52,,,0,68,,30806,52,,,0,23,,30794,52,,,0,73,,30802,52,,,0,35,,30784,52,,,0,75,,30779,52,,,0,75,,30795,52,,,0,35,,30803,52,,,0,75,,30788,52,,,0,35,,30780,52,,,0
1901,'Weekday',530,,30843,11,,,0,24,,30810,52,,,0,74,,30818,52,,,0,24,,30826,52,,,0,72,,30834,52,,,0,32,,30844,52,,,0,67,,30811,52,,,0,36,,30819,52,,,0,69,,30827,52,,,0,74,,30835,52,,,0,33,,30845,52,,,0,72,,30812,52,,,0,32,,30820,52,,,0,72,,30828,52,,,0,8,,30807,11,,,0,24,,30836,52,,,0,72,,30846,52,,,0,32,,30813,52,,,0,72,,30821,52,,,0,27,,30809,52,,,0,3,,30808,11,,,0,5,,30829,52,,,0,72,,30838,52,,,0,32,,30847,52,,,0,72,,30814,52,,,0,71,,30822,52,,,0,32,,30830,52,,,0,72,,30837,52,,,0,24,,30848,52,,,0,29,,30815,52,,,0,70,,30823,52,,,0,30,,30831,52,,,0,70,,30839,52,,,0,30,,30850,52,,,0,70,,30816,52,,,0,30,,30824,52,,,0,66,,30832,52,,,0,28,,30840,52,,,0,70,,30849,52,,,0,30,,30817,52,,,0,70,,30825,52,,,0,30,,30833,52,,,0,70,,30841,52,,,0,30,,30842,52,,,0
1901,'Weekday0000100',1158,,30851,11,,,0
1901,'1CCSDCUT-Weekday',530,,30888,11,,,0,24,,30855,52,,,0,74,,30863,52,,,0,24,,30871,52,,,0,72,,30879,52,,,0,32,,30889,52,,,0,67,,30856,52,,,0,36,,30864,52,,,0,69,,30872,52,,,0,74,,30880,52,,,0,33,,30890,52,,,0,72,,30857,52,,,0,32,,30865,52,,,0,72,,30873,52,,,0,8,,30852,11,,,0,24,,30881,52,,,0,72,,30891,52,,,0,32,,30858,52,,,0,72,,30866,52,,,0,27,,30854,52,,,0,3,,30853,11,,,0,5,,30874,52,,,0,72,,30883,52,,,0,32,,30892,52,,,0,72,,30859,52,,,0,71,,30867,52,,,0,32,,30875,52,,,0,72,,30882,52,,,0,24,,30893,52,,,0,29,,30860,52,,,0,70,,30868,52,,,0,30,,30876,52,,,0,70,,30884,52,,,0,30,,30895,52,,,0,70,,30861,52,,,0,30,,30869,52,,,0,66,,30877,52,,,0,28,,30885,52,,,0,70,,30894,52,,,0,30,,30862,52,,,0,70,,30870,52,,,0,30,,30878,52,,,0,70,,30886,52,,,0,30,,30887,52,,,0
1901,'1CCSDCUT-Weekday0000100',1158,,30896,11,,,0
1901,'1PUBCUT-Weekday',530,,30933,11,,,0,24,,30900,52,,,0,74,,30908,52,,,0,24,,30916,52,,,0,72,,30924,52,,,0,32,,30934,52,,,0,67,,30901,52,,,0,36,,30909,52,,,0,69,,30917,52,,,0,74,,30925,52,,,0,33,,30935,52,,,0,72,,30902,52,,,0,32,,30910,52,,,0,72,,30918,52,,,0,8,,30897,11,,,0,24,,30926,52,,,0,72,,30936,52,,,0,32,,30903,52,,,0,72,,30911,52,,,0,27,,30899,52,,,0,3,,30898,11,,,0,5,,30919,52,,,0,72,,30928,52,,,0,32,,30937,52,,,0,72,,30904,52,,,0,71,,30912,52,,,0,32,,30920,52,,,0,72,,30927,52,,,0,24,,30938,52,,,0,29,,30905,52,,,0,70,,30913,52,,,0,30,,30921,52,,,0,70,,30929,52,,,0,30,,30940,52,,,0,70,,30906,52,,,0,30,,30914,52,,,0,66,,30922,52,,,0,28,,30930,52,,,0,70,,30939,52,,,0,30,,30907,52,,,0,70,,30915,52,,,0,30,,30923,52,,,0,70,,30931,52,,,0,30,,30932,52,,,0
9000,'Saturday',626,,47924,4,,,0,32,,47904,4,,,0,72,,47913,4,,,0,72,,47926,4,,,0,32,,47905,4,,,0,72,,47914,4,,,0,32,,47925,4,,,0,72,,47906,4,,,0,32,,47916,4,,,0,72,,47927,4,,,0,33,,47908,4,,,0,72,,47917,4,,,0,32,,47928,4,,,0,72,,47909,4,,,0,32,,47915,4,,,0,72,,47931,4,,,0,32,,47907,4,,,0,72,,47918,4,,,0,72,,47929,4,,,0,31,,47910,4,,,0,73,,47919,4,,,0,31,,47932,4,,,0,72,,47911,4,,,0,32,,47921,4,,,0,72,,47930,4,,,0,32,,47912,4,,,0,72,,47920,4,,,0
9000,'Sunday',626,,47954,4,,,0,32,,47934,4,,,0,72,,47942,4,,,0,72,,47953,4,,,0,32,,47935,4,,,0,72,,47944,4,,,0,32,,47955,4,,,0,72,,47933,4,,,0,32,,47943,4,,,0,72,,47957,4,,,0,32,,47937,4,,,0,73,,47946,4,,,0,32,,47958,4,,,0,72,,47936,4,,,0,32,,47945,4,,,0,72,,47956,4,,,0,32,,47939,4,,,0,72,,47947,4,,,0,72,,47959,4,,,0,31,,47938,4,,,0,73,,47948,4,,,0,31,,47960,4,,,0,72,,47940,4,,,0,32,,47949,4,,,0,72,,47961,4,,,0,32,,47941,4,,,0,72,,47950,4,,,0
9000,'Weekday',603,,47982,4,,,0,30,,47992,4,,,0,70,,47963,4,,,0,30,,47973,4,,,0,70,,47983,4,,,0,30,,47993,4,,,0,70,,47964,4,,,0,30,,47974,4,,,0,70,,47984,4,,,0,30,,47994,4,,,0,70,,47965,4,,,0,30,,47975,4,,,0,70,,47985,4,,,0,30,,47995,4,,,0,70,,47968,4,,,0,30,,47976,4,,,0,70,,47986,4,,,0,30,,47996,4,,,0,70,,47966,4,,,0,30,,47977,4,,,0,70,,47987,4,,,0,30,,47997,4,,,0,70,,47967,4,,,0,29,,47978,4,,,0,70,,47988,4,,,0,30,,47998,4,,,0,20,,47969,4,,,0,70,,47979,4,,,0,30,,47989,4,,,0,70,,47999,4,,,0,16,,47970,4,,,0,70,,47980,4,,,0,30,,47990,4,,,0,70,,48000,4,,,0,10,,47971,4,,,0,30,,47981,4,,,0,65,,47991,4,,,0
9000,'1CCSDCUT-Weekday',603,,48021,4,,,0,30,,48031,4,,,0,70,,48002,4,,,0,30,,48012,4,,,0,70,,48022,4,,,0,30,,48032,4,,,0,70,,48003,4,,,0,30,,48013,4,,,0,70,,48023,4,,,0,30,,48033,4,,,0,70,,48004,4,,,0,30,,48014,4,,,0,70,,48024,4,,,0,30,,48034,4,,,0,70,,48007,4,,,0,30,,48015,4,,,0,70,,48025,4,,,0,30,,48035,4,,,0,70,,48005,4,,,0,30,,48016,4,,,0,70,,48026,4,,,0,30,,48036,4,,,0,70,,48006,4,,,0,29,,48017,4,,,0,70,,48027,4,,,0,30,,48037,4,,,0,20,,48008,4,,,0,70,,48018,4,,,0,30,,48028,4,,,0,70,,48038,4,,,0,16,,48009,4,,,0,70,,48019,4,,,0,30,,48029,4,,,0,70,,48039,4,,,0,10,,48010,4,,,0,30,,48020,4,,,0,65,,48030,4,,,0
9000,'1PUBCUT-Weekday',603,,48060,4,,,0,30,,48070,4,,,0,70,,48041,4,,,0,30,,48051,4,,,0,70,,48061,4,,,0,30,,48071,4,,,0,70,,48042,4,,,0,30,,48052,4,,,0,70,,48062,4,,,0,30,,48072,4,,,0,70,,48043,4,,,0,30,,48053,4,,,0,70,,48063,4,,,0,30,,48073,4,,,0,70,,48046,4,,,0,30,,48054,4,,,0,70,,48064,4,,,0,30,,48074,4,,,0,70,,48044,4,,,0,30,,48055,4,,,0,70,,48065,4,,,0,30,,48075,4,,,0,70,,48045,4,,,0,29,,48056,4,,,0,70,,48066,4,,,0,30,,48076,4,,,0,20,,48047,4,,,0,70,,48057,4,,,0,30,,48067,4,,,0,70,,48077,4,,,0,16,,48048,4,,,0,70,,48058,4,,,0,30,,48068,4,,,0,70,,48078,4,,,0,10,,48049,4,,,0,30,,48059,4,,,0,65,,48069,4,,,0
