15100,'Weekday',637,,128404,4,,,0
15100,'STMPSnea-Weekday',637,,128406,4,,,0
15100,'STMPWeek-Weekday',637,,128408,4,,,0
15100,'STMPar-Weekday',637,,128410,4,,,0
15101,'Weekday',1716,,128413,25,,,0
15101,'STMPSnea-Weekday',1716,,128415,25,,,0
15101,'STMPWeek-Weekday',1716,,128417,25,,,0
15101,'STMPar-Weekday',1716,,128419,25,,,0
15300,'Saturday',626,,128572,29,,,0,77,,128573,29,,,0,37,,128574,29,,,0,77,,128576,29,,,0,37,,128584,29,,,0,77,,128585,29,,,0,77,,128582,29,,,0,37,,128587,29,,,0,77,,128581,29,,,0,37,,128588,29,,,0,77,,128589,29,,,0,77,,128586,29,,,0,37,,128590,29,,,0,77,,128591,29,,,0,77,,128592,29,,,0,37,,128593,29,,,0,77,,128594,29,,,0,37,,128595,29,,,0,77,,128596,29,,,0,77,,128598,29,,,0,37,,128597,29,,,0,77,,128583,29,,,0,77,,128578,29,,,0,37,,128580,29,,,0,77,,128579,29,,,0,37,,128577,29,,,0,77,,128575,29,,,0
15300,'Sunday',854,,128599,29,,,0,77,,128601,29,,,0,77,,128600,29,,,0,37,,128602,29,,,0,77,,128603,29,,,0,37,,128604,29,,,0,77,,128606,29,,,0,77,,128607,29,,,0,37,,128608,29,,,0,77,,128605,29,,,0,77,,128609,29,,,0,37,,128610,29,,,0,77,,128611,29,,,0,37,,128612,29,,,0,77,,128613,29,,,0,77,,128614,29,,,0,37,,128615,29,,,0,77,,128616,29,,,0,77,,128617,29,,,0,37,,128618,29,,,0,77,,128619,29,,,0,35,,128620,29,,,0,72,,128621,29,,,0
15300,'Weekday',543,,128623,29,,,0,66,,128624,29,,,0,25,,128622,29,,,0,25,,128625,29,,,0,65,,128626,29,,,0,25,,128627,29,,,0,65,,128628,29,,,0,25,,128630,29,,,0,64,,128631,29,,,0,25,,128629,29,,,0,25,,128632,29,,,0,65,,128633,29,,,0,25,,128634,29,,,0,65,,128635,29,,,0,25,,128637,29,,,0,25,,128638,29,,,0,65,,128636,29,,,0,25,,128640,29,,,0,65,,128641,29,,,0,25,,128639,29,,,0,65,,128642,29,,,0,25,,128643,29,,,0,29,,128644,29,,,0,66,,128655,29,,,0,25,,128656,29,,,0,60,,128657,29,,,0,20,,128658,29,,,0,20,,128659,29,,,0,60,,128660,29,,,0,20,,128661,29,,,0,20,,128662,29,,,0,58,,128663,29,,,0,18,,128653,29,,,0,24,,128654,29,,,0,75,,128645,29,,,0,36,,128646,29,,,0,76,,128647,29,,,0,76,,128648,29,,,0,36,,128650,29,,,0,76,,128651,29,,,0,36,,128652,29,,,0,76,,128649,29,,,0
15300,'STMPSa-Saturday',626,,128664,29,,,0,77,,128665,29,,,0,37,,128666,29,,,0,77,,128668,29,,,0,37,,128676,29,,,0,77,,128677,29,,,0,77,,128674,29,,,0,37,,128679,29,,,0,77,,128673,29,,,0,37,,128680,29,,,0,77,,128681,29,,,0,77,,128678,29,,,0,37,,128682,29,,,0,77,,128683,29,,,0,77,,128684,29,,,0,37,,128685,29,,,0,77,,128686,29,,,0,37,,128687,29,,,0,77,,128688,29,,,0,77,,128690,29,,,0,37,,128689,29,,,0,77,,128675,29,,,0,77,,128670,29,,,0,37,,128672,29,,,0,77,,128671,29,,,0,37,,128669,29,,,0,77,,128667,29,,,0
15300,'STMPSnea-Weekday',543,,128692,29,,,0,66,,128693,29,,,0,25,,128691,29,,,0,25,,128694,29,,,0,65,,128695,29,,,0,25,,128696,29,,,0,65,,128697,29,,,0,25,,128699,29,,,0,64,,128700,29,,,0,25,,128698,29,,,0,25,,128701,29,,,0,65,,128702,29,,,0,25,,128703,29,,,0,65,,128704,29,,,0,25,,128706,29,,,0,25,,128707,29,,,0,65,,128705,29,,,0,25,,128709,29,,,0,65,,128710,29,,,0,25,,128708,29,,,0,65,,128711,29,,,0,25,,128712,29,,,0,29,,128713,29,,,0,66,,128724,29,,,0,25,,128725,29,,,0,60,,128726,29,,,0,20,,128727,29,,,0,20,,128728,29,,,0,60,,128729,29,,,0,20,,128730,29,,,0,20,,128731,29,,,0,58,,128732,29,,,0,18,,128722,29,,,0,24,,128723,29,,,0,75,,128714,29,,,0,36,,128715,29,,,0,76,,128716,29,,,0,76,,128717,29,,,0,36,,128719,29,,,0,76,,128720,29,,,0,36,,128721,29,,,0,76,,128718,29,,,0
15300,'STMPSu1-Sunday',854,,128733,29,,,0,77,,128735,29,,,0,77,,128734,29,,,0,37,,128736,29,,,0,77,,128737,29,,,0,37,,128738,29,,,0,77,,128740,29,,,0,77,,128741,29,,,0,37,,128742,29,,,0,77,,128739,29,,,0,77,,128743,29,,,0,37,,128744,29,,,0,77,,128745,29,,,0,37,,128746,29,,,0,77,,128747,29,,,0,77,,128748,29,,,0,37,,128749,29,,,0,77,,128750,29,,,0,77,,128751,29,,,0,37,,128752,29,,,0,77,,128753,29,,,0,35,,128754,29,,,0,72,,128755,29,,,0
15300,'STMPSu2-Sunday',854,,128756,29,,,0,77,,128758,29,,,0,77,,128757,29,,,0,37,,128759,29,,,0,77,,128760,29,,,0,37,,128761,29,,,0,77,,128763,29,,,0,77,,128764,29,,,0,37,,128765,29,,,0,77,,128762,29,,,0,77,,128766,29,,,0,37,,128767,29,,,0,77,,128768,29,,,0,37,,128769,29,,,0,77,,128770,29,,,0,77,,128771,29,,,0,37,,128772,29,,,0,77,,128773,29,,,0,77,,128774,29,,,0,37,,128775,29,,,0,77,,128776,29,,,0,35,,128777,29,,,0,72,,128778,29,,,0
15300,'STMPWeek-Weekday',543,,128780,29,,,0,66,,128781,29,,,0,25,,128779,29,,,0,25,,128782,29,,,0,65,,128783,29,,,0,25,,128784,29,,,0,65,,128785,29,,,0,25,,128787,29,,,0,64,,128788,29,,,0,25,,128786,29,,,0,25,,128789,29,,,0,65,,128790,29,,,0,25,,128791,29,,,0,65,,128792,29,,,0,25,,128794,29,,,0,25,,128795,29,,,0,65,,128793,29,,,0,25,,128797,29,,,0,65,,128798,29,,,0,25,,128796,29,,,0,65,,128799,29,,,0,25,,128800,29,,,0,29,,128801,29,,,0,66,,128812,29,,,0,25,,128813,29,,,0,60,,128814,29,,,0,20,,128815,29,,,0,20,,128816,29,,,0,60,,128817,29,,,0,20,,128818,29,,,0,20,,128819,29,,,0,58,,128820,29,,,0,18,,128810,29,,,0,24,,128811,29,,,0,75,,128802,29,,,0,36,,128803,29,,,0,76,,128804,29,,,0,76,,128805,29,,,0,36,,128807,29,,,0,76,,128808,29,,,0,36,,128809,29,,,0,76,,128806,29,,,0
15300,'STMPar-Weekday',543,,128822,29,,,0,66,,128823,29,,,0,25,,128821,29,,,0,25,,128824,29,,,0,65,,128825,29,,,0,25,,128826,29,,,0,65,,128827,29,,,0,25,,128829,29,,,0,64,,128830,29,,,0,25,,128828,29,,,0,25,,128831,29,,,0,65,,128832,29,,,0,25,,128833,29,,,0,65,,128834,29,,,0,25,,128836,29,,,0,25,,128837,29,,,0,65,,128835,29,,,0,25,,128839,29,,,0,65,,128840,29,,,0,25,,128838,29,,,0,65,,128842,29,,,0,25,,128843,29,,,0,29,,128844,29,,,0,66,,128854,29,,,0,25,,128855,29,,,0,60,,128856,29,,,0,20,,128857,29,,,0,20,,128858,29,,,0,60,,128859,29,,,0,20,,128860,29,,,0,20,,128861,29,,,0,58,,128862,29,,,0,18,,128852,29,,,0,24,,128853,29,,,0,75,,128841,29,,,0,36,,128845,29,,,0,76,,128846,29,,,0,76,,128847,29,,,0,36,,128849,29,,,0,76,,128850,29,,,0,36,,128851,29,,,0,76,,128848,29,,,0
