3800,'Saturday',519,,56098,4,,0,28,,56108,4,,0,68,,56119,4,,0,23,,56128,4,,0,62,,56135,4,,0,21,,56099,4,,0,22,,56109,4,,0,64,,56118,4,,0,23,,56130,4,,0,21,,56136,4,,0,61,,56100,4,,0,23,,56110,4,,0,16,,56152,4,,0,58,,56120,4,,0,22,,56129,4,,0,21,,56137,4,,0,61,,56101,4,,0,22,,56111,4,,0,20,,56145,4,,0,60,,56121,4,,0,22,,56131,4,,0,63,,56139,4,,0,23,,56103,4,,0,23,,56112,4,,0,62,,56146,4,,0,21,,56122,4,,0,22,,56132,4,,0,63,,56138,4,,0,23,,56102,4,,0,63,,56113,4,,0,21,,56147,4,,0,21,,56123,4,,0,62,,56133,4,,0,22,,56140,4,,0,22,,56104,4,,0,62,,56114,4,,0,22,,56148,4,,0,21,,56124,4,,0,61,,56134,4,,0,20,,56141,4,,0,20,,56105,4,,0,63,,56115,4,,0,24,,56149,4,,0,64,,56125,4,,0,24,,56142,4,,0,24,,56106,4,,0,64,,56116,4,,0,24,,56150,4,,0,64,,56126,4,,0,24,,56143,4,,0,24,,56107,4,,0,64,,56117,4,,0,24,,56151,4,,0,64,,56127,4,,0,24,,56144,4,,0
3800,'Sunday',519,,56153,4,,0,28,,56180,4,,0,68,,56163,4,,0,23,,56173,4,,0,62,,56190,4,,0,21,,56154,4,,0,22,,56181,4,,0,64,,56164,4,,0,23,,56174,4,,0,21,,56191,4,,0,61,,56155,4,,0,23,,56182,4,,0,16,,56200,4,,0,58,,56165,4,,0,22,,56175,4,,0,21,,56193,4,,0,61,,56156,4,,0,22,,56183,4,,0,20,,56201,4,,0,60,,56166,4,,0,22,,56177,4,,0,63,,56192,4,,0,23,,56157,4,,0,23,,56185,4,,0,62,,56202,4,,0,21,,56167,4,,0,22,,56176,4,,0,63,,56194,4,,0,23,,56158,4,,0,63,,56184,4,,0,21,,56203,4,,0,21,,56168,4,,0,62,,56178,4,,0,22,,56195,4,,0,22,,56160,4,,0,62,,56186,4,,0,22,,56204,4,,0,21,,56169,4,,0,61,,56179,4,,0,20,,56196,4,,0,20,,56159,4,,0,63,,56187,4,,0,24,,56205,4,,0,64,,56170,4,,0,24,,56197,4,,0,24,,56161,4,,0,64,,56188,4,,0,24,,56206,4,,0,64,,56171,4,,0,24,,56198,4,,0,24,,56162,4,,0,64,,56189,4,,0,24,,56207,4,,0,64,,56172,4,,0,24,,56199,4,,0
3800,'Weekday',505,,56221,4,,0,14,,56228,4,,0,14,,56229,4,,0,13,,56230,4,,0,54,,56231,4,,0,15,,56233,4,,0,14,,56235,4,,0,14,,56236,4,,0,14,,56232,4,,0,54,,56237,4,,0,14,,56234,4,,0,15,,56238,4,,0,15,,56239,4,,0,52,,56241,4,,0,14,,56242,4,,0,14,,56243,4,,0,14,,56240,4,,0,55,,56244,4,,0,15,,56245,4,,0,16,,56246,4,,0,17,,56248,4,,0,59,,56216,4,,0,15,,56213,4,,0,18,,56210,4,,0,58,,56226,4,,0,18,,56222,4,,0,17,,56208,4,,0,20,,56219,4,,0,58,,56217,4,,0,17,,56214,4,,0,16,,56211,4,,0,60,,56223,4,,0,18,,56227,4,,0,17,,56209,4,,0,58,,56220,4,,0,18,,56218,4,,0,16,,56215,4,,0,16,,56212,4,,0,54,,56224,4,,0,17,,56249,4,,0,16,,56264,4,,0,16,,56250,4,,0,55,,56247,4,,0,15,,56253,4,,0,15,,56252,4,,0,13,,56254,4,,0,55,,56251,4,,0,15,,56256,4,,0,15,,56255,4,,0,15,,56257,4,,0,55,,56258,4,,0,14,,56260,4,,0,15,,56259,4,,0,14,,56262,4,,0,54,,56261,4,,0,15,,56263,4,,0,24,,56265,4,,0,64,,56266,4,,0,24,,56267,4,,0,21,,56268,4,,0,62,,56269,4,,0,23,,56270,4,,0,64,,56271,4,,0,24,,56272,4,,0,24,,56273,4,,0,63,,56274,4,,0,23,,56275,4,,0,23,,56276,4,,0,64,,56277,4,,0,24,,56278,4,,0,63,,56279,4,,0,22,,56280,4,,0,22,,56281,4,,0
3800,'Weekday0000100',1430,,56282,4,,0,85,,56283,4,,0
3800,'Weekday1111000',1614,,56288,4,,0,5,,56286,4,,0,2,,56285,4,,0
3800,'1CCSDCUT-Weekday',505,,56302,4,,0,14,,56309,4,,0,14,,56310,4,,0,13,,56311,4,,0,54,,56312,4,,0,15,,56314,4,,0,14,,56316,4,,0,14,,56317,4,,0,14,,56313,4,,0,54,,56318,4,,0,14,,56315,4,,0,15,,56319,4,,0,15,,56320,4,,0,52,,56322,4,,0,14,,56323,4,,0,14,,56324,4,,0,14,,56321,4,,0,55,,56325,4,,0,15,,56326,4,,0,16,,56327,4,,0,17,,56329,4,,0,59,,56297,4,,0,15,,56294,4,,0,18,,56291,4,,0,58,,56307,4,,0,18,,56303,4,,0,17,,56289,4,,0,20,,56300,4,,0,58,,56298,4,,0,17,,56295,4,,0,16,,56292,4,,0,60,,56304,4,,0,18,,56308,4,,0,17,,56290,4,,0,58,,56301,4,,0,18,,56299,4,,0,16,,56296,4,,0,16,,56293,4,,0,54,,56305,4,,0,17,,56330,4,,0,16,,56345,4,,0,16,,56331,4,,0,55,,56328,4,,0,15,,56334,4,,0,15,,56333,4,,0,13,,56335,4,,0,55,,56332,4,,0,15,,56337,4,,0,15,,56336,4,,0,15,,56338,4,,0,55,,56339,4,,0,14,,56341,4,,0,15,,56340,4,,0,14,,56343,4,,0,54,,56342,4,,0,15,,56344,4,,0,24,,56346,4,,0,64,,56347,4,,0,24,,56348,4,,0,21,,56349,4,,0,62,,56350,4,,0,23,,56351,4,,0,64,,56352,4,,0,24,,56353,4,,0,24,,56354,4,,0,63,,56355,4,,0,23,,56356,4,,0,23,,56357,4,,0,64,,56358,4,,0,24,,56359,4,,0,63,,56360,4,,0,22,,56361,4,,0,22,,56362,4,,0
3800,'1CCSDCUT-Weekday0000100',1430,,56363,4,,0
3800,'1CCSDCUT-Weekday1111000',1614,,56367,4,,0,5,,56365,4,,0,2,,56364,4,,0
3800,'1PUBCUT-Weekday',505,,56381,4,,0,14,,56388,4,,0,14,,56389,4,,0,13,,56390,4,,0,54,,56391,4,,0,15,,56393,4,,0,14,,56395,4,,0,14,,56396,4,,0,14,,56392,4,,0,54,,56397,4,,0,14,,56394,4,,0,15,,56398,4,,0,15,,56399,4,,0,52,,56401,4,,0,14,,56402,4,,0,14,,56403,4,,0,14,,56400,4,,0,55,,56404,4,,0,15,,56405,4,,0,16,,56406,4,,0,17,,56408,4,,0,59,,56376,4,,0,15,,56373,4,,0,18,,56370,4,,0,58,,56386,4,,0,18,,56382,4,,0,17,,56368,4,,0,20,,56379,4,,0,58,,56377,4,,0,17,,56374,4,,0,16,,56371,4,,0,60,,56383,4,,0,18,,56387,4,,0,17,,56369,4,,0,58,,56380,4,,0,18,,56378,4,,0,16,,56375,4,,0,16,,56372,4,,0,54,,56384,4,,0,17,,56409,4,,0,16,,56424,4,,0,16,,56410,4,,0,55,,56407,4,,0,15,,56413,4,,0,15,,56412,4,,0,13,,56414,4,,0,55,,56411,4,,0,15,,56416,4,,0,15,,56415,4,,0,15,,56417,4,,0,55,,56418,4,,0,14,,56420,4,,0,15,,56419,4,,0,14,,56422,4,,0,54,,56421,4,,0,15,,56423,4,,0,24,,56425,4,,0,64,,56426,4,,0,24,,56427,4,,0,21,,56428,4,,0,62,,56429,4,,0,23,,56430,4,,0,64,,56431,4,,0,24,,56432,4,,0,24,,56433,4,,0,63,,56434,4,,0,23,,56435,4,,0,23,,56436,4,,0,64,,56437,4,,0,24,,56438,4,,0,63,,56439,4,,0,22,,56440,4,,0,22,,56441,4,,0
3800,'1PUBCUT-Weekday0000100',1515,,56442,4,,0
3800,'1PUBCUT-Weekday1111000',1614,,56445,4,,0
3801,'Saturday',429,,56500,,,0,23,,56501,,,0,67,,56446,,,0,28,,56456,,,0,68,,56466,,,0,23,,56476,,,0,62,,56483,,,0,21,,56447,,,0,22,,56457,,,0,64,,56467,,,0,23,,56477,,,0,21,,56484,,,0,61,,56448,,,0,23,,56458,,,0,16,,56499,,,0,60,,56468,,,0,20,,56478,,,0,21,,56485,,,0,61,,56449,,,0,22,,56459,,,0,20,,56492,,,0,60,,56469,,,0,22,,56479,,,0,63,,56486,,,0,23,,56450,,,0,23,,56460,,,0,62,,56493,,,0,21,,56470,,,0,22,,56480,,,0,63,,56487,,,0,23,,56451,,,0,63,,56461,,,0,21,,56494,,,0,21,,56471,,,0,62,,56481,,,0,22,,56488,,,0,22,,56452,,,0,62,,56462,,,0,22,,56495,,,0,22,,56472,,,0,60,,56482,,,0,20,,56489,,,0,20,,56453,,,0,63,,56463,,,0,24,,56496,,,0,64,,56473,,,0,24,,56490,,,0,24,,56454,,,0,64,,56465,,,0,24,,56497,,,0,64,,56474,,,0,24,,56491,,,0,24,,56455,,,0,64,,56464,,,0,24,,56498,,,0,64,,56475,,,0
3801,'Sunday',429,,56512,,,0,23,,56523,,,0,67,,56502,,,0,28,,56531,,,0,68,,56513,,,0,23,,56524,,,0,62,,56541,,,0,21,,56503,,,0,22,,56532,,,0,64,,56515,,,0,23,,56525,,,0,21,,56542,,,0,61,,56505,,,0,23,,56533,,,0,16,,56550,,,0,60,,56514,,,0,20,,56526,,,0,21,,56543,,,0,61,,56504,,,0,22,,56534,,,0,20,,56551,,,0,60,,56516,,,0,22,,56527,,,0,63,,56544,,,0,23,,56506,,,0,23,,56535,,,0,62,,56552,,,0,21,,56517,,,0,22,,56528,,,0,63,,56545,,,0,23,,56507,,,0,63,,56536,,,0,21,,56553,,,0,21,,56518,,,0,62,,56529,,,0,22,,56546,,,0,22,,56508,,,0,62,,56537,,,0,22,,56554,,,0,22,,56519,,,0,60,,56530,,,0,20,,56547,,,0,20,,56509,,,0,63,,56538,,,0,24,,56555,,,0,64,,56520,,,0,24,,56548,,,0,24,,56510,,,0,64,,56539,,,0,24,,56556,,,0,64,,56521,,,0,24,,56549,,,0,24,,56511,,,0,64,,56540,,,0,24,,56557,,,0,64,,56522,,,0
3801,'Weekday',451,,56562,,,0,54,,56603,,,0,14,,56577,,,0,14,,56604,,,0,14,,56605,,,0,54,,56606,,,0,14,,56607,,,0,14,,56608,,,0,14,,56610,,,0,14,,56611,,,0,54,,56612,,,0,14,,56609,,,0,15,,56613,,,0,8,,56594,,,0,7,,56614,,,0,46,,56596,,,0,6,,56615,,,0,7,,56595,,,0,7,,56616,,,0,14,,56618,,,0,14,,56619,,,0,55,,56617,,,0,15,,56578,,,0,16,,56579,,,0,18,,56572,,,0,58,,56569,,,0,16,,56567,,,0,17,,56563,,,0,58,,56575,,,0,18,,56560,,,0,18,,56599,,,0,19,,56573,,,0,58,,56571,,,0,17,,56565,,,0,16,,56564,,,0,60,,56576,,,0,18,,56561,,,0,17,,56600,,,0,58,,56574,,,0,18,,56570,,,0,17,,56581,,,0,16,,56582,,,0,54,,56624,,,0,16,,56583,,,0,16,,56580,,,0,16,,56585,,,0,55,,56598,,,0,15,,56597,,,0,15,,56587,,,0,15,,56586,,,0,55,,56588,,,0,14,,56589,,,0,14,,56584,,,0,15,,56620,,,0,55,,56623,,,0,14,,56621,,,0,15,,56566,,,0,14,,56590,,,0,54,,56622,,,0,15,,56601,,,0,24,,56558,,,0,64,,56568,,,0,24,,56626,,,0,21,,56628,,,0,62,,56630,,,0,23,,56625,,,0,64,,56631,,,0,24,,56632,,,0,24,,56629,,,0,63,,56633,,,0,23,,56634,,,0,23,,56636,,,0,64,,56627,,,0,24,,56635,,,0,63,,56559,,,0
3801,'1CCSDCUT-Weekday',451,,56645,,,0,54,,56685,,,0,14,,56660,,,0,14,,56686,,,0,14,,56687,,,0,54,,56688,,,0,14,,56689,,,0,14,,56690,,,0,14,,56692,,,0,14,,56693,,,0,54,,56694,,,0,14,,56691,,,0,15,,56695,,,0,8,,56676,,,0,7,,56696,,,0,46,,56678,,,0,6,,56697,,,0,7,,56677,,,0,7,,56698,,,0,14,,56700,,,0,14,,56701,,,0,55,,56699,,,0,15,,56661,,,0,16,,56662,,,0,18,,56655,,,0,58,,56652,,,0,16,,56650,,,0,17,,56646,,,0,58,,56658,,,0,18,,56643,,,0,18,,56681,,,0,19,,56656,,,0,58,,56654,,,0,17,,56648,,,0,16,,56647,,,0,60,,56659,,,0,18,,56644,,,0,17,,56682,,,0,58,,56657,,,0,18,,56653,,,0,17,,56664,,,0,16,,56665,,,0,54,,56706,,,0,16,,56666,,,0,16,,56663,,,0,16,,56668,,,0,55,,56680,,,0,15,,56679,,,0,15,,56670,,,0,15,,56669,,,0,55,,56671,,,0,14,,56672,,,0,14,,56667,,,0,15,,56702,,,0,55,,56705,,,0,14,,56703,,,0,15,,56649,,,0,14,,56673,,,0,54,,56704,,,0,15,,56683,,,0,24,,56641,,,0,64,,56651,,,0,24,,56708,,,0,21,,56710,,,0,62,,56712,,,0,23,,56707,,,0,64,,56713,,,0,24,,56714,,,0,24,,56711,,,0,63,,56715,,,0,23,,56716,,,0,23,,56718,,,0,64,,56709,,,0,24,,56717,,,0,63,,56642,,,0
3801,'1PUBCUT-Weekday',451,,56726,,,0,54,,56766,,,0,14,,56741,,,0,14,,56767,,,0,14,,56768,,,0,54,,56769,,,0,14,,56770,,,0,14,,56771,,,0,14,,56773,,,0,14,,56774,,,0,54,,56775,,,0,14,,56772,,,0,15,,56776,,,0,8,,56758,,,0,7,,56777,,,0,52,,56778,,,0,7,,56759,,,0,7,,56779,,,0,14,,56781,,,0,14,,56782,,,0,55,,56780,,,0,15,,56742,,,0,16,,56743,,,0,18,,56736,,,0,58,,56733,,,0,16,,56731,,,0,17,,56727,,,0,58,,56739,,,0,18,,56724,,,0,18,,56762,,,0,19,,56737,,,0,58,,56735,,,0,17,,56729,,,0,16,,56728,,,0,60,,56740,,,0,18,,56725,,,0,17,,56763,,,0,58,,56738,,,0,18,,56734,,,0,17,,56745,,,0,16,,56746,,,0,54,,56787,,,0,16,,56747,,,0,16,,56744,,,0,16,,56749,,,0,55,,56761,,,0,15,,56760,,,0,15,,56751,,,0,15,,56750,,,0,55,,56752,,,0,14,,56753,,,0,14,,56748,,,0,15,,56783,,,0,55,,56786,,,0,14,,56784,,,0,15,,56730,,,0,14,,56754,,,0,54,,56785,,,0,15,,56764,,,0,24,,56722,,,0,64,,56732,,,0,24,,56789,,,0,21,,56791,,,0,62,,56793,,,0,23,,56788,,,0,64,,56794,,,0,24,,56795,,,0,24,,56792,,,0,63,,56796,,,0,23,,56797,,,0,23,,56799,,,0,64,,56790,,,0,24,,56798,,,0,63,,56723,,,0
5700,'Saturday',559,,60636,,,0,76,,60635,,,0,75,,60637,,,0,36,,60638,,,0,76,,60639,,,0,36,,60640,,,0,76,,60642,,,0,76,,60641,,,0,36,,60643,,,0,76,,60644,,,0,36,,60645,,,0,79,,60651,,,0,77,,60646,,,0,38,,60647,,,0,78,,60652,,,0,77,,60648,,,0,38,,60653,,,0,77,,60650,,,0,78,,60649,,,0,37,,60654,,,0,78,,60656,,,0,36,,60655,,,0,77,,60658,,,0,75,,60657,,,0,37,,60659,,,0,76,,60660,,,0,36,,60661,,,0,76,,60662,,,0,76,,60663,,,0,36,,60664,,,0,76,,60665,,,0
5700,'Sunday',559,,60683,,,0,76,,60667,,,0,75,,60684,,,0,36,,60668,,,0,76,,60685,,,0,36,,60669,,,0,76,,60687,,,0,76,,60670,,,0,36,,60686,,,0,76,,60671,,,0,36,,60689,,,0,79,,60672,,,0,77,,60688,,,0,38,,60673,,,0,78,,60690,,,0,77,,60674,,,0,38,,60691,,,0,77,,60675,,,0,78,,60692,,,0,37,,60677,,,0,78,,60693,,,0,36,,60676,,,0,77,,60694,,,0,75,,60678,,,0,37,,60695,,,0,76,,60679,,,0,36,,60696,,,0,76,,60680,,,0,76,,60697,,,0,36,,60681,,,0,76,,60698,,,0
5700,'Weekday',452,,60726,,,0,63,,60701,,,0,25,,60699,,,0,64,,60700,,,0,19,,60705,,,0,17,,60748,,,0,19,,60702,,,0,58,,60703,,,0,20,,60704,,,0,21,,60706,,,0,60,,60727,,,0,18,,60707,,,0,19,,60711,,,0,63,,60709,,,0,20,,60728,,,0,16,,60708,,,0,59,,60712,,,0,26,,60710,,,0,66,,60713,,,0,26,,60730,,,0,26,,60731,,,0,66,,60732,,,0,26,,60733,,,0,66,,60734,,,0,26,,60735,,,0,66,,60736,,,0,26,,60737,,,0,26,,60738,,,0,66,,60740,,,0,26,,60741,,,0,66,,60742,,,0,26,,60739,,,0,66,,60743,,,0,26,,60744,,,0,66,,60745,,,0,25,,60746,,,0,26,,60747,,,0,66,,60749,,,0,26,,60729,,,0,65,,60714,,,0,27,,60715,,,0,66,,60717,,,0,26,,60716,,,0,26,,60750,,,0,71,,60718,,,0,18,,60720,,,0,63,,60719,,,0,31,,60721,,,0,74,,60722,,,0,34,,60723,,,0
5700,'1CCSDCUT-Weekday',452,,60778,,,0,63,,60753,,,0,25,,60751,,,0,64,,60752,,,0,19,,60757,,,0,17,,60800,,,0,19,,60754,,,0,58,,60755,,,0,20,,60756,,,0,21,,60758,,,0,60,,60779,,,0,18,,60759,,,0,19,,60763,,,0,63,,60761,,,0,20,,60780,,,0,16,,60760,,,0,59,,60764,,,0,26,,60762,,,0,66,,60765,,,0,26,,60782,,,0,26,,60783,,,0,66,,60784,,,0,26,,60785,,,0,66,,60786,,,0,26,,60787,,,0,66,,60788,,,0,26,,60789,,,0,26,,60790,,,0,66,,60792,,,0,26,,60793,,,0,66,,60794,,,0,26,,60791,,,0,66,,60795,,,0,26,,60796,,,0,66,,60797,,,0,25,,60798,,,0,26,,60799,,,0,66,,60801,,,0,26,,60781,,,0,65,,60766,,,0,27,,60767,,,0,66,,60769,,,0,26,,60768,,,0,26,,60802,,,0,71,,60770,,,0,18,,60772,,,0,63,,60771,,,0,31,,60773,,,0,74,,60774,,,0,34,,60775,,,0
5700,'1PUBCUT-Weekday',452,,60830,,,0,63,,60805,,,0,25,,60803,,,0,64,,60804,,,0,19,,60809,,,0,17,,60852,,,0,19,,60806,,,0,58,,60807,,,0,20,,60808,,,0,21,,60810,,,0,60,,60831,,,0,18,,60811,,,0,19,,60815,,,0,63,,60813,,,0,20,,60832,,,0,16,,60812,,,0,59,,60816,,,0,26,,60814,,,0,66,,60817,,,0,26,,60834,,,0,26,,60835,,,0,66,,60836,,,0,26,,60837,,,0,66,,60838,,,0,26,,60839,,,0,66,,60840,,,0,26,,60841,,,0,26,,60842,,,0,66,,60844,,,0,26,,60845,,,0,66,,60846,,,0,26,,60843,,,0,66,,60847,,,0,26,,60848,,,0,66,,60849,,,0,25,,60850,,,0,26,,60851,,,0,66,,60853,,,0,26,,60833,,,0,65,,60818,,,0,27,,60819,,,0,66,,60821,,,0,26,,60820,,,0,26,,60854,,,0,71,,60822,,,0,18,,60824,,,0,63,,60823,,,0,31,,60825,,,0,74,,60826,,,0,34,,60827,,,0
