15500,'Saturday',622,,80570,4,,0,36,,80556,4,,0,76,,80571,4,,0,76,,80557,4,,0,36,,80572,4,,0,76,,80560,4,,0,36,,80573,4,,0,76,,80558,4,,0,76,,80574,4,,0,36,,80559,4,,0,76,,80575,4,,0,36,,80561,4,,0,76,,80576,4,,0,76,,80563,4,,0,36,,80577,4,,0,76,,80566,4,,0,36,,80578,4,,0,76,,80562,4,,0,76,,80579,4,,0,36,,80564,4,,0,76,,80580,4,,0,36,,80567,4,,0,76,,80581,4,,0,76,,80565,4,,0,36,,80583,4,,0,76,,80568,4,,0,36,,80582,4,,0,76,,80569,4,,0,76,,80584,4,,0
15500,'Sunday',622,,80613,4,,0,36,,80612,4,,0,76,,80611,4,,0,76,,80610,4,,0,36,,80609,4,,0,76,,80608,4,,0,36,,80607,4,,0,76,,80604,4,,0,76,,80605,4,,0,36,,80603,4,,0,76,,80606,4,,0,36,,80600,4,,0,76,,80599,4,,0,76,,80602,4,,0,36,,80601,4,,0,76,,80596,4,,0,36,,80597,4,,0,76,,80595,4,,0,76,,80598,4,,0,36,,80594,4,,0,76,,80593,4,,0,36,,80591,4,,0,76,,80592,4,,0,76,,80590,4,,0,36,,80589,4,,0,76,,80588,4,,0,36,,80587,4,,0,76,,80586,4,,0,76,,80585,4,,0
15500,'Weekday',505,,80650,4,,0,24,,80615,4,,0,23,,80618,4,,0,64,,80647,4,,0,24,,80614,4,,0,64,,80619,4,,0,24,,80648,4,,0,24,,80616,4,,0,64,,80620,4,,0,24,,80649,4,,0,63,,80617,4,,0,26,,80621,4,,0,76,,80654,4,,0,36,,80622,4,,0,76,,80634,4,,0,36,,80623,4,,0,76,,80635,4,,0,76,,80624,4,,0,36,,80637,4,,0,76,,80625,4,,0,36,,80636,4,,0,70,,80626,4,,0,23,,80644,4,,0,64,,80653,4,,0,25,,80628,4,,0,65,,80645,4,,0,25,,80652,4,,0,25,,80627,4,,0,65,,80646,4,,0,23,,80651,4,,0,62,,80655,4,,0,34,,80638,4,,0,73,,80629,4,,0,33,,80640,4,,0,74,,80630,4,,0,34,,80639,4,,0,73,,80631,4,,0,33,,80641,4,,0,73,,80632,4,,0,73,,80642,4,,0,33,,80633,4,,0,73,,80643,4,,0
15500,'1CCSDCUT-Weekday',505,,80692,4,,0,24,,80657,4,,0,23,,80660,4,,0,64,,80689,4,,0,24,,80656,4,,0,64,,80661,4,,0,24,,80690,4,,0,24,,80658,4,,0,64,,80662,4,,0,24,,80691,4,,0,63,,80659,4,,0,26,,80663,4,,0,76,,80696,4,,0,36,,80664,4,,0,76,,80676,4,,0,36,,80665,4,,0,76,,80677,4,,0,76,,80666,4,,0,36,,80679,4,,0,76,,80667,4,,0,36,,80678,4,,0,70,,80668,4,,0,23,,80686,4,,0,64,,80695,4,,0,25,,80670,4,,0,65,,80687,4,,0,25,,80694,4,,0,25,,80669,4,,0,65,,80688,4,,0,23,,80693,4,,0,62,,80697,4,,0,34,,80680,4,,0,73,,80671,4,,0,33,,80682,4,,0,74,,80672,4,,0,34,,80681,4,,0,73,,80673,4,,0,33,,80683,4,,0,73,,80674,4,,0,73,,80684,4,,0,33,,80675,4,,0,73,,80685,4,,0
15500,'1PUBCUT-Weekday',505,,80734,4,,0,24,,80699,4,,0,23,,80702,4,,0,64,,80731,4,,0,24,,80698,4,,0,64,,80703,4,,0,24,,80732,4,,0,24,,80700,4,,0,64,,80704,4,,0,24,,80733,4,,0,63,,80701,4,,0,26,,80705,4,,0,76,,80738,4,,0,36,,80706,4,,0,76,,80718,4,,0,36,,80707,4,,0,76,,80719,4,,0,76,,80708,4,,0,36,,80721,4,,0,76,,80709,4,,0,36,,80720,4,,0,70,,80710,4,,0,23,,80728,4,,0,64,,80737,4,,0,25,,80712,4,,0,65,,80729,4,,0,25,,80736,4,,0,25,,80711,4,,0,65,,80730,4,,0,23,,80735,4,,0,62,,80739,4,,0,34,,80722,4,,0,73,,80713,4,,0,33,,80724,4,,0,74,,80714,4,,0,34,,80723,4,,0,73,,80715,4,,0,33,,80725,4,,0,73,,80716,4,,0,73,,80726,4,,0,33,,80717,4,,0,73,,80727,4,,0
15501,'Saturday',551,,80740,,,0,76,,80755,,,0,76,,80741,,,0,36,,80757,,,0,76,,80742,,,0,36,,80756,,,0,76,,80743,,,0,76,,80758,,,0,36,,80745,,,0,76,,80759,,,0,36,,80744,,,0,76,,80761,,,0,76,,80746,,,0,36,,80760,,,0,76,,80750,,,0,36,,80762,,,0,76,,80747,,,0,76,,80763,,,0,36,,80748,,,0,76,,80764,,,0,36,,80751,,,0,76,,80765,,,0,76,,80749,,,0,36,,80767,,,0,76,,80752,,,0,36,,80768,,,0,76,,80753,,,0,76,,80766,,,0,36,,80754,,,0
15501,'Sunday',551,,80797,,,0,76,,80796,,,0,76,,80795,,,0,36,,80794,,,0,76,,80793,,,0,36,,80792,,,0,76,,80790,,,0,76,,80791,,,0,36,,80788,,,0,76,,80789,,,0,36,,80786,,,0,76,,80784,,,0,76,,80783,,,0,36,,80785,,,0,76,,80780,,,0,36,,80781,,,0,76,,80782,,,0,76,,80787,,,0,36,,80778,,,0,76,,80779,,,0,36,,80775,,,0,76,,80777,,,0,76,,80774,,,0,36,,80776,,,0,76,,80772,,,0,36,,80773,,,0,76,,80771,,,0,76,,80770,,,0,36,,80769,,,0
15501,'Weekday',510,,80833,,,0,24,,80798,,,0,24,,80802,,,0,64,,80831,,,0,24,,80800,,,0,64,,80803,,,0,24,,80832,,,0,24,,80799,,,0,64,,80804,,,0,24,,80834,,,0,64,,80801,,,0,24,,80818,,,0,76,,80805,,,0,36,,80819,,,0,76,,80806,,,0,36,,80820,,,0,76,,80807,,,0,76,,80821,,,0,36,,80809,,,0,65,,80822,,,0,25,,80836,,,0,65,,80810,,,0,25,,80828,,,0,25,,80835,,,0,65,,80811,,,0,25,,80829,,,0,65,,80837,,,0,25,,80812,,,0,25,,80838,,,0,74,,80808,,,0,74,,80830,,,0,34,,80823,,,0,74,,80813,,,0,34,,80824,,,0,73,,80814,,,0,33,,80825,,,0,73,,80815,,,0,33,,80826,,,0,73,,80816,,,0,73,,80827,,,0,33,,80817,,,0
15501,'1CCSDCUT-Weekday',510,,80874,,,0,24,,80839,,,0,24,,80843,,,0,64,,80872,,,0,24,,80841,,,0,64,,80844,,,0,24,,80873,,,0,24,,80840,,,0,64,,80845,,,0,24,,80875,,,0,64,,80842,,,0,24,,80859,,,0,76,,80846,,,0,36,,80860,,,0,76,,80847,,,0,36,,80861,,,0,76,,80848,,,0,76,,80862,,,0,36,,80850,,,0,65,,80863,,,0,25,,80877,,,0,65,,80851,,,0,25,,80869,,,0,25,,80876,,,0,65,,80852,,,0,25,,80870,,,0,65,,80878,,,0,25,,80853,,,0,25,,80879,,,0,74,,80849,,,0,74,,80871,,,0,34,,80864,,,0,74,,80854,,,0,34,,80865,,,0,73,,80855,,,0,33,,80866,,,0,73,,80856,,,0,33,,80867,,,0,73,,80857,,,0,73,,80868,,,0,33,,80858,,,0
15501,'1PUBCUT-Weekday',510,,80915,,,0,24,,80880,,,0,24,,80884,,,0,64,,80913,,,0,24,,80882,,,0,64,,80885,,,0,24,,80914,,,0,24,,80881,,,0,64,,80886,,,0,24,,80916,,,0,64,,80883,,,0,24,,80900,,,0,76,,80887,,,0,36,,80901,,,0,76,,80888,,,0,36,,80902,,,0,76,,80889,,,0,76,,80903,,,0,36,,80891,,,0,65,,80904,,,0,25,,80918,,,0,65,,80892,,,0,25,,80910,,,0,25,,80917,,,0,65,,80893,,,0,25,,80911,,,0,65,,80919,,,0,25,,80894,,,0,25,,80920,,,0,74,,80890,,,0,74,,80912,,,0,34,,80905,,,0,74,,80895,,,0,34,,80906,,,0,73,,80896,,,0,33,,80907,,,0,73,,80897,,,0,33,,80908,,,0,73,,80898,,,0,73,,80909,,,0,33,,80899,,,0
44000,'Weekday',547,,88533,,,0,92,,88534,,,0,94,,88535,,,0,94,,88536,,,0,94,,88537,,,0,485,,88538,,,0,100,,88539,,,0,100,,88540,,,0,100,,88541,,,0,100,,88543,,,0,100,,88542,,,0
44000,'1CCSDCUT-Weekday',547,,88544,,,0,92,,88545,,,0,94,,88546,,,0,94,,88547,,,0,94,,88548,,,0,485,,88549,,,0,100,,88550,,,0,100,,88551,,,0,100,,88552,,,0,100,,88554,,,0,100,,88553,,,0
44000,'1PUBCUT-Weekday',547,,88555,,,0,92,,88556,,,0,94,,88557,,,0,94,,88558,,,0,94,,88559,,,0,485,,88560,,,0,100,,88561,,,0,100,,88562,,,0,100,,88563,,,0,100,,88565,,,0,100,,88564,,,0
44001,'Weekday',542,,88567,4,,0,92,,88568,4,,0,94,,88566,4,,0,94,,88569,4,,0,94,,88570,4,,0,94,,88572,4,,0,448,,88571,4,,0,145,,88573,4,,0,100,,88574,4,,0,97,,88575,4,,0,100,,88576,4,,0,100,,88577,4,,0
44001,'1CCSDCUT-Weekday',542,,88579,4,,0,92,,88580,4,,0,94,,88578,4,,0,94,,88581,4,,0,94,,88582,4,,0,94,,88584,4,,0,448,,88583,4,,0,145,,88585,4,,0,100,,88586,4,,0,97,,88587,4,,0,100,,88588,4,,0,100,,88589,4,,0
44001,'1PUBCUT-Weekday',542,,88591,4,,0,92,,88592,4,,0,94,,88590,4,,0,94,,88593,4,,0,94,,88594,4,,0,94,,88596,4,,0,448,,88595,4,,0,145,,88597,4,,0,100,,88598,4,,0,97,,88599,4,,0,100,,88600,4,,0,100,,88601,4,,0
