9200,'Saturday',741,,110416,24,,,0,85,,110400,24,,,0,85,,110405,24,,,0,45,,110410,24,,,0,85,,110415,24,,,0,85,,110401,24,,,0,85,,110406,24,,,0,45,,110411,24,,,0,85,,110417,24,,,0,85,,110403,24,,,0,85,,110407,24,,,0,45,,110412,24,,,0,85,,110418,24,,,0,85,,110402,24,,,0,85,,110408,24,,,0,45,,110413,24,,,0,83,,110419,24,,,0,85,,110404,24,,,0,85,,110409,24,,,0,38,,110414,24,,,0
9200,'Sunday',740,,110435,24,,,0,85,,110420,24,,,0,85,,110425,24,,,0,45,,110430,24,,,0,85,,110436,24,,,0,85,,110421,24,,,0,85,,110426,24,,,0,45,,110431,24,,,0,85,,110438,24,,,0,85,,110422,24,,,0,85,,110427,24,,,0,45,,110432,24,,,0,85,,110437,24,,,0,85,,110423,24,,,0,85,,110428,24,,,0,45,,110433,24,,,0,85,,110439,24,,,0,85,,110424,24,,,0,85,,110429,24,,,0,38,,110434,24,,,0
9200,'Weekday',441,,110448,24,,,0,69,,110453,24,,,0,31,,110462,24,,,0,71,,110449,24,,,0,32,,110454,24,,,0,73,,110471,24,,,0,31,,110458,24,,,0,71,,110440,24,,,0,31,,110463,24,,,0,68,,110450,24,,,0,31,,110455,24,,,0,71,,110472,24,,,0,31,,110459,24,,,0,71,,110468,24,,,0,31,,110464,24,,,0,71,,110451,24,,,0,31,,110456,24,,,0,71,,110473,24,,,0,31,,110460,24,,,0,71,,110446,24,,,0,31,,110465,24,,,0,73,,110452,24,,,0,71,,110457,24,,,0,31,,110474,24,,,0,71,,110461,24,,,0,31,,110444,24,,,0,67,,110441,24,,,0,43,,110466,24,,,0,85,,110442,24,,,0,85,,110445,24,,,0,85,,110469,24,,,0,45,,110467,24,,,0,85,,110443,24,,,0,85,,110447,24,,,0,43,,110470,24,,,0
9200,'STMPSa-Saturday',741,,110491,24,,,0,85,,110475,24,,,0,85,,110480,24,,,0,45,,110485,24,,,0,85,,110490,24,,,0,85,,110476,24,,,0,85,,110481,24,,,0,45,,110486,24,,,0,85,,110492,24,,,0,85,,110478,24,,,0,85,,110482,24,,,0,45,,110487,24,,,0,85,,110493,24,,,0,85,,110477,24,,,0,85,,110483,24,,,0,45,,110488,24,,,0,83,,110494,24,,,0,85,,110479,24,,,0,85,,110484,24,,,0,38,,110489,24,,,0
9200,'STMPSnea-Weekday',441,,110503,24,,,0,69,,110508,24,,,0,31,,110517,24,,,0,71,,110504,24,,,0,32,,110509,24,,,0,73,,110526,24,,,0,31,,110513,24,,,0,71,,110495,24,,,0,31,,110518,24,,,0,68,,110505,24,,,0,31,,110510,24,,,0,71,,110527,24,,,0,31,,110514,24,,,0,71,,110523,24,,,0,31,,110519,24,,,0,71,,110506,24,,,0,31,,110511,24,,,0,71,,110528,24,,,0,31,,110515,24,,,0,71,,110501,24,,,0,31,,110520,24,,,0,73,,110507,24,,,0,71,,110512,24,,,0,31,,110529,24,,,0,71,,110516,24,,,0,31,,110499,24,,,0,67,,110496,24,,,0,43,,110521,24,,,0,85,,110497,24,,,0,85,,110500,24,,,0,85,,110524,24,,,0,45,,110522,24,,,0,85,,110498,24,,,0,85,,110502,24,,,0,43,,110525,24,,,0
9200,'STMPSu1-Sunday',740,,110545,24,,,0,85,,110530,24,,,0,85,,110535,24,,,0,45,,110540,24,,,0,85,,110546,24,,,0,85,,110531,24,,,0,85,,110536,24,,,0,45,,110541,24,,,0,85,,110548,24,,,0,85,,110532,24,,,0,85,,110537,24,,,0,45,,110542,24,,,0,85,,110547,24,,,0,85,,110533,24,,,0,85,,110538,24,,,0,45,,110543,24,,,0,85,,110549,24,,,0,85,,110534,24,,,0,85,,110539,24,,,0,38,,110544,24,,,0
9200,'STMPSu2-Sunday',740,,110565,24,,,0,85,,110550,24,,,0,85,,110555,24,,,0,45,,110560,24,,,0,85,,110566,24,,,0,85,,110551,24,,,0,85,,110556,24,,,0,45,,110561,24,,,0,85,,110568,24,,,0,85,,110552,24,,,0,85,,110557,24,,,0,45,,110562,24,,,0,85,,110567,24,,,0,85,,110553,24,,,0,85,,110558,24,,,0,45,,110563,24,,,0,85,,110569,24,,,0,85,,110554,24,,,0,85,,110559,24,,,0,38,,110564,24,,,0
9200,'STMPWeek-Weekday',441,,110578,24,,,0,69,,110583,24,,,0,31,,110592,24,,,0,71,,110579,24,,,0,32,,110584,24,,,0,73,,110601,24,,,0,31,,110588,24,,,0,71,,110570,24,,,0,31,,110593,24,,,0,68,,110580,24,,,0,31,,110585,24,,,0,71,,110602,24,,,0,31,,110589,24,,,0,71,,110598,24,,,0,31,,110594,24,,,0,71,,110581,24,,,0,31,,110586,24,,,0,71,,110603,24,,,0,31,,110590,24,,,0,71,,110576,24,,,0,31,,110595,24,,,0,73,,110582,24,,,0,71,,110587,24,,,0,31,,110604,24,,,0,71,,110591,24,,,0,31,,110574,24,,,0,67,,110571,24,,,0,43,,110596,24,,,0,85,,110572,24,,,0,85,,110575,24,,,0,85,,110599,24,,,0,45,,110597,24,,,0,85,,110573,24,,,0,85,,110577,24,,,0,43,,110600,24,,,0
9200,'STMPar-Weekday',441,,110613,24,,,0,69,,110618,24,,,0,31,,110627,24,,,0,71,,110614,24,,,0,32,,110619,24,,,0,73,,110636,24,,,0,31,,110623,24,,,0,71,,110605,24,,,0,31,,110628,24,,,0,68,,110615,24,,,0,31,,110620,24,,,0,71,,110637,24,,,0,31,,110624,24,,,0,71,,110633,24,,,0,31,,110629,24,,,0,71,,110616,24,,,0,31,,110621,24,,,0,71,,110638,24,,,0,31,,110625,24,,,0,71,,110611,24,,,0,31,,110630,24,,,0,73,,110617,24,,,0,71,,110622,24,,,0,31,,110639,24,,,0,71,,110626,24,,,0,31,,110609,24,,,0,67,,110606,24,,,0,43,,110631,24,,,0,85,,110607,24,,,0,85,,110610,24,,,0,85,,110634,24,,,0,45,,110632,24,,,0,85,,110608,24,,,0,85,,110612,24,,,0,43,,110635,24,,,0
11700,'Weekday',615,,119275,19,,,0
11700,'STMPSnea-Weekday',615,,119278,19,,,0
11700,'STMPWeek-Weekday',615,,119281,19,,,0
11700,'STMPar-Weekday',615,,119284,19,,,0
15100,'Weekday',609,,128405,28,,,0
15100,'STMPSnea-Weekday',609,,128407,28,,,0
15100,'STMPWeek-Weekday',609,,128409,28,,,0
15100,'STMPar-Weekday',609,,128411,28,,,0
