1901,'Saturday',643,,51041,,,0,75,,51033,,,0,35,,51049,,,0,75,,51057,,,0,75,,51042,,,0,35,,51034,,,0,75,,51050,,,0,35,,51058,,,0,75,,51043,,,0,35,,51035,,,0,75,,51051,,,0,74,,51059,,,0,35,,51044,,,0,68,,51036,,,0,24,,51064,,,0,68,,51053,,,0,28,,51060,,,0,28,,51045,,,0,68,,51037,,,0,28,,51065,,,0,68,,51052,,,0,28,,51061,,,0,68,,51046,,,0,28,,51038,,,0,68,,51066,,,0,23,,51055,,,0,73,,51063,,,0,35,,51047,,,0,75,,51039,,,0,35,,51056,,,0,75,,51062,,,0,75,,51048,,,0,35,,51040,,,0
1901,'Sunday',643,,51075,,,0,75,,51067,,,0,35,,51083,,,0,75,,51090,,,0,75,,51076,,,0,35,,51068,,,0,75,,51084,,,0,35,,51092,,,0,75,,51077,,,0,35,,51069,,,0,75,,51085,,,0,74,,51094,,,0,35,,51079,,,0,68,,51070,,,0,24,,51098,,,0,68,,51086,,,0,28,,51093,,,0,28,,51081,,,0,68,,51071,,,0,28,,51099,,,0,68,,51087,,,0,28,,51095,,,0,68,,51080,,,0,28,,51072,,,0,68,,51100,,,0,23,,51088,,,0,73,,51096,,,0,35,,51078,,,0,75,,51073,,,0,35,,51089,,,0,75,,51097,,,0,75,,51082,,,0,35,,51074,,,0
1901,'Weekday',520,,51137,,,0,24,,51104,,,0,74,,51112,,,0,24,,51120,,,0,72,,51128,,,0,32,,51138,,,0,67,,51105,,,0,36,,51113,,,0,69,,51121,,,0,34,,51129,,,0,73,,51139,,,0,32,,51106,,,0,72,,51114,,,0,72,,51122,,,0,8,,51101,,,0,24,,51130,,,0,72,,51140,,,0,32,,51107,,,0,72,,51115,,,0,27,,51103,,,0,3,,51102,,,0,5,,51123,,,0,72,,51132,,,0,32,,51141,,,0,72,,51108,,,0,31,,51116,,,0,72,,51124,,,0,32,,51131,,,0,66,,51142,,,0,29,,51109,,,0,70,,51117,,,0,30,,51125,,,0,70,,51133,,,0,30,,51144,,,0,70,,51110,,,0,30,,51118,,,0,67,,51126,,,0,28,,51134,,,0,70,,51143,,,0,30,,51111,,,0,70,,51119,,,0,30,,51127,,,0,70,,51135,,,0,30,,51136,,,0
1901,'Weekday0000100',1148,,51145,,,0
1901,'1CCSDCUT-Weekday',520,,51182,,,0,24,,51149,,,0,74,,51157,,,0,24,,51165,,,0,72,,51173,,,0,32,,51183,,,0,67,,51150,,,0,36,,51158,,,0,69,,51166,,,0,34,,51174,,,0,73,,51184,,,0,32,,51151,,,0,72,,51159,,,0,72,,51167,,,0,8,,51146,,,0,24,,51175,,,0,72,,51185,,,0,32,,51152,,,0,72,,51160,,,0,27,,51148,,,0,3,,51147,,,0,5,,51168,,,0,72,,51177,,,0,32,,51186,,,0,72,,51153,,,0,31,,51161,,,0,72,,51169,,,0,32,,51176,,,0,66,,51187,,,0,29,,51154,,,0,70,,51162,,,0,30,,51170,,,0,70,,51178,,,0,30,,51189,,,0,70,,51155,,,0,30,,51163,,,0,67,,51171,,,0,28,,51179,,,0,70,,51188,,,0,30,,51156,,,0,70,,51164,,,0,30,,51172,,,0,70,,51180,,,0,30,,51181,,,0
1901,'1CCSDCUT-Weekday0000100',1148,,51190,,,0
1901,'1PUBCUT-Weekday',520,,51227,,,0,24,,51194,,,0,74,,51202,,,0,24,,51210,,,0,72,,51218,,,0,32,,51228,,,0,67,,51195,,,0,36,,51203,,,0,69,,51211,,,0,34,,51219,,,0,73,,51229,,,0,32,,51196,,,0,72,,51204,,,0,72,,51212,,,0,8,,51191,,,0,24,,51220,,,0,72,,51230,,,0,32,,51197,,,0,72,,51205,,,0,27,,51193,,,0,3,,51192,,,0,5,,51213,,,0,72,,51222,,,0,32,,51231,,,0,72,,51198,,,0,31,,51206,,,0,72,,51214,,,0,32,,51221,,,0,66,,51232,,,0,29,,51199,,,0,70,,51207,,,0,30,,51215,,,0,70,,51223,,,0,30,,51234,,,0,70,,51200,,,0,30,,51208,,,0,67,,51216,,,0,28,,51224,,,0,70,,51233,,,0,30,,51201,,,0,70,,51209,,,0,30,,51217,,,0,70,,51225,,,0,30,,51226,,,0
4001,'Saturday',709,,56931,,,0,35,,56933,,,0,75,,56934,,,0,35,,56935,,,0,75,,56932,,,0,75,,56937,,,0,35,,56938,,,0,75,,56940,,,0,35,,56936,,,0,75,,56941,,,0,35,,56942,,,0,75,,56939,,,0,75,,56943,,,0,35,,56944,,,0,75,,56945,,,0,35,,56946,,,0,75,,56930,,,0,75,,56929,,,0,35,,56928,,,0,75,,56927,,,0
4001,'Sunday',709,,56951,,,0,35,,56952,,,0,75,,56953,,,0,35,,56954,,,0,75,,56956,,,0,75,,56957,,,0,35,,56949,,,0,75,,56958,,,0,35,,56955,,,0,75,,56959,,,0,35,,56960,,,0,75,,56961,,,0,75,,56962,,,0,35,,56963,,,0,75,,56964,,,0,35,,56965,,,0,75,,56966,,,0,75,,56948,,,0,35,,56947,,,0,75,,56950,,,0
4001,'Weekday',602,,56977,,,0,32,,56990,,,0,75,,56984,,,0,35,,56978,,,0,75,,56991,,,0,35,,56985,,,0,74,,56979,,,0,75,,56992,,,0,35,,56986,,,0,75,,56980,,,0,35,,56993,,,0,75,,56987,,,0,35,,56981,,,0,75,,56994,,,0,76,,56988,,,0,36,,56982,,,0,76,,56995,,,0,38,,56989,,,0,78,,56983,,,0,76,,56996,,,0,35,,56970,,,0,76,,56967,,,0,35,,56974,,,0,71,,56971,,,0,73,,56968,,,0,30,,56975,,,0,75,,56972,,,0,37,,56969,,,0,78,,56976,,,0,35,,56973,,,0
4001,'1CCSDCUT-Weekday',602,,57007,,,0,32,,57020,,,0,75,,57014,,,0,35,,57008,,,0,75,,57021,,,0,35,,57015,,,0,74,,57009,,,0,75,,57022,,,0,35,,57016,,,0,75,,57010,,,0,35,,57023,,,0,75,,57017,,,0,35,,57011,,,0,75,,57024,,,0,76,,57018,,,0,36,,57012,,,0,76,,57025,,,0,38,,57019,,,0,78,,57013,,,0,76,,57026,,,0,35,,57000,,,0,76,,56997,,,0,35,,57004,,,0,71,,57001,,,0,73,,56998,,,0,30,,57005,,,0,75,,57002,,,0,37,,56999,,,0,78,,57006,,,0,35,,57003,,,0
4001,'1PUBCUT-Weekday',602,,57037,,,0,32,,57050,,,0,75,,57044,,,0,35,,57038,,,0,75,,57051,,,0,35,,57045,,,0,74,,57039,,,0,75,,57052,,,0,35,,57046,,,0,75,,57040,,,0,35,,57053,,,0,75,,57047,,,0,35,,57041,,,0,75,,57054,,,0,76,,57048,,,0,36,,57042,,,0,76,,57055,,,0,38,,57049,,,0,78,,57043,,,0,76,,57056,,,0,35,,57030,,,0,76,,57027,,,0,35,,57034,,,0,71,,57031,,,0,73,,57028,,,0,30,,57035,,,0,75,,57032,,,0,37,,57029,,,0,78,,57036,,,0,35,,57033,,,0
9101,'Saturday',639,,68799,,,0,61,,68798,,,0,21,,68801,,,0,21,,68802,,,0,61,,68800,,,0,21,,68804,,,0,21,,68803,,,0,61,,68806,,,0,21,,68805,,,0,21,,68807,,,0,61,,68808,,,0,21,,68809,,,0,21,,68810,,,0,61,,68811,,,0,21,,68812,,,0,21,,68813,,,0,61,,68815,,,0,21,,68814,,,0,21,,68817,,,0,61,,68816,,,0,21,,68818,,,0,61,,68819,,,0,21,,68821,,,0,21,,68820,,,0,61,,68822,,,0,21,,68823,,,0,21,,68824,,,0,61,,68825,,,0,21,,68826,,,0,21,,68828,,,0,61,,68830,,,0,21,,68827,,,0,21,,68829,,,0,61,,68831,,,0,21,,68832,,,0,21,,68834,,,0,61,,68836,,,0,21,,68839,,,0,21,,68833,,,0,61,,68837,,,0,21,,68835,,,0,61,,68838,,,0,21,,68840,,,0,21,,68841,,,0,61,,68842,,,0,21,,68843,,,0,21,,68845,,,0,61,,68844,,,0,21,,68846,,,0,21,,68847,,,0
9101,'Sunday',639,,68849,,,0,61,,68848,,,0,21,,68850,,,0,21,,68851,,,0,61,,68852,,,0,21,,68853,,,0,21,,68854,,,0,61,,68856,,,0,21,,68855,,,0,21,,68858,,,0,61,,68857,,,0,21,,68859,,,0,21,,68860,,,0,61,,68863,,,0,21,,68861,,,0,21,,68864,,,0,61,,68862,,,0,21,,68865,,,0,21,,68866,,,0,61,,68867,,,0,21,,68868,,,0,61,,68869,,,0,21,,68870,,,0,21,,68871,,,0,61,,68873,,,0,21,,68872,,,0,21,,68875,,,0,61,,68876,,,0,21,,68874,,,0,21,,68878,,,0,61,,68877,,,0,21,,68879,,,0,21,,68880,,,0,61,,68881,,,0,21,,68882,,,0,21,,68883,,,0,61,,68884,,,0,21,,68885,,,0,21,,68887,,,0,61,,68886,,,0,21,,68888,,,0,61,,68890,,,0,21,,68889,,,0,21,,68891,,,0,61,,68892,,,0,21,,68893,,,0,21,,68895,,,0,61,,68894,,,0,21,,68896,,,0,21,,68897,,,0
9101,'Weekday',620,,68898,,,0,21,,68899,,,0,61,,68900,,,0,23,,68901,,,0,19,,68903,,,0,61,,68904,,,0,21,,68902,,,0,21,,68905,,,0,61,,68906,,,0,21,,68907,,,0,21,,68908,,,0,61,,68910,,,0,21,,68909,,,0,21,,68911,,,0,61,,68912,,,0,21,,68914,,,0,21,,68915,,,0,61,,68913,,,0,21,,68917,,,0,21,,68916,,,0,61,,68918,,,0,21,,68919,,,0,61,,68920,,,0,21,,68922,,,0,21,,68921,,,0,61,,68923,,,0,21,,68924,,,0,21,,68926,,,0,61,,68925,,,0,21,,68927,,,0,21,,68928,,,0,61,,68929,,,0,21,,68930,,,0,21,,68931,,,0,61,,68932,,,0,21,,68933,,,0,21,,68934,,,0,61,,68935,,,0,21,,68936,,,0,21,,68937,,,0,61,,68938,,,0,21,,68940,,,0,61,,68941,,,0,21,,68939,,,0,21,,68942,,,0,61,,68943,,,0,21,,68944,,,0,18,,68945,,,0,68,,68946,,,0,17,,68947,,,0,21,,68948,,,0,61,,68949,,,0
9101,'1CCSDCUT-Weekday',620,,68950,,,0,21,,68951,,,0,61,,68952,,,0,23,,68953,,,0,19,,68955,,,0,61,,68956,,,0,21,,68954,,,0,21,,68957,,,0,61,,68958,,,0,21,,68959,,,0,21,,68960,,,0,61,,68962,,,0,21,,68961,,,0,21,,68963,,,0,61,,68964,,,0,21,,68966,,,0,21,,68967,,,0,61,,68965,,,0,21,,68969,,,0,21,,68968,,,0,61,,68970,,,0,21,,68971,,,0,61,,68972,,,0,21,,68974,,,0,21,,68973,,,0,61,,68975,,,0,21,,68976,,,0,21,,68978,,,0,61,,68977,,,0,21,,68979,,,0,21,,68980,,,0,61,,68981,,,0,21,,68982,,,0,21,,68983,,,0,61,,68984,,,0,21,,68985,,,0,21,,68986,,,0,61,,68987,,,0,21,,68988,,,0,21,,68989,,,0,61,,68990,,,0,21,,68992,,,0,61,,68993,,,0,21,,68991,,,0,21,,68994,,,0,61,,68995,,,0,21,,68996,,,0,18,,68997,,,0,68,,68998,,,0,17,,68999,,,0,21,,69000,,,0,61,,69001,,,0
9101,'1PUBCUT-Weekday',620,,69002,,,0,21,,69003,,,0,61,,69004,,,0,23,,69005,,,0,19,,69007,,,0,61,,69008,,,0,21,,69006,,,0,21,,69009,,,0,61,,69010,,,0,21,,69011,,,0,21,,69012,,,0,61,,69014,,,0,21,,69013,,,0,21,,69015,,,0,61,,69016,,,0,21,,69018,,,0,21,,69019,,,0,61,,69017,,,0,21,,69021,,,0,21,,69020,,,0,61,,69022,,,0,21,,69023,,,0,61,,69024,,,0,21,,69026,,,0,21,,69025,,,0,61,,69027,,,0,21,,69028,,,0,21,,69030,,,0,61,,69029,,,0,21,,69031,,,0,21,,69032,,,0,61,,69033,,,0,21,,69034,,,0,21,,69035,,,0,61,,69036,,,0,21,,69037,,,0,21,,69038,,,0,61,,69039,,,0,21,,69040,,,0,21,,69041,,,0,61,,69042,,,0,21,,69044,,,0,61,,69045,,,0,21,,69043,,,0,21,,69046,,,0,61,,69047,,,0,21,,69048,,,0,18,,69049,,,0,68,,69050,,,0,17,,69051,,,0,21,,69052,,,0,61,,69053,,,0
