5300,'Saturday',544,,59577,,,0,74,,59603,,,0,31,,59578,,,0,71,,59606,,,0,31,,59579,,,0,71,,59583,,,0,31,,59594,,,0,71,,59584,,,0,31,,59596,,,0,71,,59585,,,0,31,,59595,,,0,71,,59586,,,0,31,,59597,,,0,71,,59587,,,0,71,,59599,,,0,31,,59589,,,0,71,,59598,,,0,31,,59588,,,0,71,,59600,,,0,31,,59590,,,0,71,,59601,,,0,31,,59592,,,0,71,,59602,,,0,31,,59591,,,0,72,,59604,,,0,30,,59593,,,0,71,,59605,,,0,31,,59580,,,0,71,,59607,,,0,31,,59582,,,0,71,,59608,,,0,31,,59581,,,0
5300,'Sunday',649,,59610,,,0,71,,59627,,,0,31,,59611,,,0,71,,59626,,,0,31,,59612,,,0,71,,59628,,,0,31,,59613,,,0,71,,59630,,,0,31,,59614,,,0,71,,59629,,,0,31,,59615,,,0,71,,59631,,,0,71,,59616,,,0,31,,59633,,,0,71,,59617,,,0,31,,59632,,,0,71,,59618,,,0,31,,59635,,,0,71,,59620,,,0,31,,59634,,,0,71,,59619,,,0,31,,59636,,,0,72,,59622,,,0,30,,59637,,,0,71,,59621,,,0,31,,59638,,,0,71,,59623,,,0,31,,59639,,,0,71,,59624,,,0,31,,59640,,,0
5300,'Weekday',528,,59652,,,0,76,,59653,,,0,36,,59654,,,0,77,,59655,,,0,38,,59656,,,0,76,,59657,,,0,76,,59658,,,0,33,,59659,,,0,76,,59660,,,0,36,,59661,,,0,77,,59662,,,0,76,,59663,,,0,36,,59664,,,0,77,,59665,,,0,35,,59666,,,0,76,,59667,,,0,76,,59668,,,0,38,,59669,,,0,76,,59670,,,0,36,,59671,,,0,76,,59672,,,0,76,,59673,,,0,36,,59674,,,0,76,,59675,,,0,32,,59642,,,0,75,,59643,,,0,76,,59644,,,0,36,,59645,,,0,76,,59646,,,0,36,,59648,,,0,76,,59649,,,0,76,,59650,,,0,40,,59647,,,0
5300,'1CCSDCUT-Weekday',528,,59687,,,0,76,,59688,,,0,36,,59689,,,0,77,,59690,,,0,38,,59691,,,0,76,,59692,,,0,76,,59693,,,0,33,,59694,,,0,76,,59695,,,0,36,,59696,,,0,77,,59697,,,0,76,,59698,,,0,36,,59699,,,0,77,,59700,,,0,35,,59701,,,0,76,,59702,,,0,76,,59703,,,0,38,,59704,,,0,76,,59705,,,0,36,,59706,,,0,76,,59707,,,0,76,,59708,,,0,36,,59709,,,0,76,,59710,,,0,32,,59677,,,0,75,,59678,,,0,76,,59679,,,0,36,,59680,,,0,76,,59681,,,0,36,,59683,,,0,76,,59684,,,0,76,,59685,,,0,40,,59682,,,0
5300,'1PUBCUT-Weekday',528,,59722,,,0,76,,59723,,,0,36,,59724,,,0,77,,59725,,,0,38,,59726,,,0,76,,59727,,,0,76,,59728,,,0,33,,59729,,,0,76,,59730,,,0,36,,59731,,,0,77,,59732,,,0,76,,59733,,,0,36,,59734,,,0,77,,59735,,,0,35,,59736,,,0,76,,59737,,,0,76,,59738,,,0,38,,59739,,,0,76,,59740,,,0,36,,59741,,,0,76,,59742,,,0,76,,59743,,,0,36,,59744,,,0,76,,59745,,,0,32,,59712,,,0,75,,59713,,,0,76,,59714,,,0,36,,59715,,,0,76,,59716,,,0,36,,59718,,,0,76,,59719,,,0,76,,59720,,,0,40,,59717,,,0
6501,'Saturday',646,,62431,,,0,83,,62444,,,0,80,,62433,,,0,40,,62445,,,0,80,,62432,,,0,80,,62447,,,0,40,,62434,,,0,80,,62446,,,0,80,,62436,,,0,40,,62448,,,0,80,,62435,,,0,80,,62449,,,0,40,,62437,,,0,80,,62450,,,0,80,,62438,,,0,40,,62452,,,0,80,,62439,,,0,80,,62453,,,0,40,,62440,,,0,80,,62451,,,0,80,,62441,,,0,40,,62455,,,0,80,,62442,,,0,80,,62454,,,0,40,,62443,,,0
6501,'Sunday',646,,62456,,,0,83,,62468,,,0,80,,62457,,,0,40,,62471,,,0,80,,62458,,,0,80,,62470,,,0,40,,62459,,,0,80,,62472,,,0,80,,62460,,,0,40,,62474,,,0,80,,62461,,,0,80,,62473,,,0,40,,62463,,,0,80,,62475,,,0,80,,62462,,,0,40,,62477,,,0,80,,62464,,,0,80,,62476,,,0,40,,62465,,,0,80,,62478,,,0,80,,62466,,,0,40,,62480,,,0,80,,62467,,,0,80,,62479,,,0,40,,62469,,,0
6501,'Weekday',513,,62506,,,0,18,,62481,,,0,24,,62494,,,0,64,,62484,,,0,26,,62508,,,0,64,,62482,,,0,24,,62495,,,0,24,,62486,,,0,64,,62507,,,0,23,,62483,,,0,62,,62496,,,0,43,,62509,,,0,83,,62497,,,0,83,,62510,,,0,43,,62498,,,0,83,,62511,,,0,59,,62487,,,0,24,,62499,,,0,27,,62490,,,0,56,,62512,,,0,30,,62485,,,0,63,,62500,,,0,25,,62491,,,0,24,,62513,,,0,64,,62488,,,0,24,,62501,,,0,64,,62492,,,0,24,,62515,,,0,24,,62489,,,0,62,,62502,,,0,24,,62493,,,0,24,,62514,,,0,83,,62504,,,0,83,,62516,,,0,83,,62503,,,0,43,,62517,,,0,83,,62505,,,0,83,,62518,,,0
6501,'1CCSDCUT-Weekday',513,,62544,,,0,18,,62519,,,0,24,,62532,,,0,64,,62522,,,0,26,,62546,,,0,64,,62520,,,0,24,,62533,,,0,24,,62524,,,0,64,,62545,,,0,23,,62521,,,0,62,,62534,,,0,43,,62547,,,0,83,,62535,,,0,83,,62548,,,0,43,,62536,,,0,83,,62549,,,0,59,,62525,,,0,24,,62537,,,0,27,,62528,,,0,56,,62550,,,0,30,,62523,,,0,63,,62538,,,0,25,,62529,,,0,24,,62551,,,0,64,,62526,,,0,24,,62539,,,0,64,,62530,,,0,24,,62553,,,0,24,,62527,,,0,62,,62540,,,0,24,,62531,,,0,24,,62552,,,0,83,,62542,,,0,83,,62554,,,0,83,,62541,,,0,43,,62555,,,0,83,,62543,,,0,83,,62556,,,0
6501,'1PUBCUT-Weekday',513,,62582,,,0,18,,62557,,,0,24,,62570,,,0,64,,62560,,,0,26,,62584,,,0,64,,62558,,,0,24,,62571,,,0,24,,62562,,,0,64,,62583,,,0,23,,62559,,,0,62,,62572,,,0,43,,62585,,,0,83,,62573,,,0,83,,62586,,,0,43,,62574,,,0,83,,62587,,,0,59,,62563,,,0,24,,62575,,,0,27,,62566,,,0,56,,62588,,,0,30,,62561,,,0,63,,62576,,,0,25,,62567,,,0,24,,62589,,,0,64,,62564,,,0,24,,62577,,,0,64,,62568,,,0,24,,62591,,,0,24,,62565,,,0,62,,62578,,,0,24,,62569,,,0,24,,62590,,,0,83,,62580,,,0,83,,62592,,,0,83,,62579,,,0,43,,62593,,,0,83,,62581,,,0,83,,62594,,,0
