1201,'Saturday',740,,77231,11,,,0,70,,77235,11,,,0,30,,77251,11,,,0,70,,77236,11,,,0,30,,77249,11,,,0,70,,77234,11,,,0,30,,77232,11,,,0,70,,77233,11,,,0,30,,77250,11,,,0,70,,77238,11,,,0,30,,77242,11,,,0,70,,77257,11,,,0,30,,77237,11,,,0,70,,77243,11,,,0,30,,77253,11,,,0,70,,77240,11,,,0,30,,77239,11,,,0,70,,77258,11,,,0,30,,77241,11,,,0,70,,77245,11,,,0,30,,77254,11,,,0,70,,77246,11,,,0,30,,77259,11,,,0,70,,77252,11,,,0,30,,77260,11,,,0,70,,77247,11,,,0,30,,77261,11,,,0,70,,77244,11,,,0,30,,77262,11,,,0,70,,77256,11,,,0,30,,77263,11,,,0,70,,77248,11,,,0
1201,'Sunday',810,,77266,11,,,0,30,,77288,11,,,0,70,,77267,11,,,0,30,,77264,11,,,0,70,,77284,11,,,0,30,,77269,11,,,0,70,,77271,11,,,0,30,,77290,11,,,0,70,,77268,11,,,0,30,,77272,11,,,0,70,,77274,11,,,0,30,,77287,11,,,0,70,,77275,11,,,0,30,,77270,11,,,0,70,,77285,11,,,0,30,,77273,11,,,0,70,,77276,11,,,0,30,,77291,11,,,0,70,,77277,11,,,0,30,,77278,11,,,0,70,,77286,11,,,0,30,,77279,11,,,0,70,,77280,11,,,0,30,,77289,11,,,0,70,,77281,11,,,0,30,,77282,11,,,0,70,,77294,11,,,0,30,,77283,11,,,0,70,,77296,11,,,0,30,,77292,11,,,0,70,,77295,11,,,0
1201,'Weekday',538,,77299,11,,,0,66,,77302,11,,,0,30,,77300,11,,,0,70,,77301,11,,,0,30,,77304,11,,,0,70,,77305,11,,,0,30,,77306,11,,,0,70,,77307,11,,,0,30,,77309,11,,,0,70,,77310,11,,,0,30,,77308,11,,,0,70,,77312,11,,,0,30,,77313,11,,,0,70,,77311,11,,,0,30,,77314,11,,,0,72,,77315,11,,,0,28,,77316,11,,,0,70,,77317,11,,,0,30,,77318,11,,,0,75,,77319,11,,,0,28,,77320,11,,,0,70,,77322,11,,,0,30,,77323,11,,,0,70,,77324,11,,,0,30,,77321,11,,,0,70,,77325,11,,,0,35,,77326,11,,,0,70,,77327,11,,,0,30,,77328,11,,,0,70,,77329,11,,,0,30,,77330,11,,,0,70,,77331,11,,,0,30,,77332,11,,,0,70,,77333,11,,,0,30,,77334,11,,,0,70,,77335,11,,,0
1201,'STMPSa-Saturday',740,,77337,11,,,0,70,,77341,11,,,0,30,,77358,11,,,0,70,,77342,11,,,0,30,,77355,11,,,0,70,,77340,11,,,0,30,,77338,11,,,0,70,,77339,11,,,0,30,,77356,11,,,0,70,,77344,11,,,0,30,,77348,11,,,0,70,,77363,11,,,0,30,,77343,11,,,0,70,,77349,11,,,0,30,,77357,11,,,0,70,,77346,11,,,0,30,,77345,11,,,0,70,,77364,11,,,0,30,,77347,11,,,0,70,,77351,11,,,0,30,,77360,11,,,0,70,,77352,11,,,0,30,,77365,11,,,0,70,,77359,11,,,0,30,,77367,11,,,0,70,,77353,11,,,0,30,,77368,11,,,0,70,,77350,11,,,0,30,,77366,11,,,0,70,,77362,11,,,0,30,,77369,11,,,0,70,,77354,11,,,0
1201,'STMPSnea-Weekday',538,,77372,11,,,0,66,,77375,11,,,0,30,,77373,11,,,0,70,,77374,11,,,0,30,,77377,11,,,0,70,,77378,11,,,0,30,,77379,11,,,0,70,,77380,11,,,0,30,,77382,11,,,0,70,,77383,11,,,0,30,,77381,11,,,0,70,,77385,11,,,0,30,,77386,11,,,0,70,,77384,11,,,0,30,,77387,11,,,0,72,,77388,11,,,0,28,,77389,11,,,0,70,,77390,11,,,0,30,,77391,11,,,0,75,,77392,11,,,0,28,,77393,11,,,0,70,,77395,11,,,0,30,,77396,11,,,0,70,,77397,11,,,0,30,,77394,11,,,0,70,,77398,11,,,0,35,,77399,11,,,0,70,,77400,11,,,0,30,,77401,11,,,0,70,,77402,11,,,0,30,,77403,11,,,0,70,,77404,11,,,0,30,,77405,11,,,0,70,,77406,11,,,0,30,,77407,11,,,0,70,,77408,11,,,0
1201,'STMPSu1-Sunday',810,,77411,11,,,0,30,,77433,11,,,0,70,,77412,11,,,0,30,,77409,11,,,0,70,,77429,11,,,0,30,,77414,11,,,0,70,,77416,11,,,0,30,,77435,11,,,0,70,,77413,11,,,0,30,,77417,11,,,0,70,,77420,11,,,0,30,,77432,11,,,0,70,,77421,11,,,0,30,,77415,11,,,0,70,,77430,11,,,0,30,,77419,11,,,0,70,,77418,11,,,0,30,,77436,11,,,0,70,,77422,11,,,0,30,,77423,11,,,0,70,,77431,11,,,0,30,,77424,11,,,0,70,,77425,11,,,0,30,,77434,11,,,0,70,,77426,11,,,0,30,,77427,11,,,0,70,,77439,11,,,0,30,,77428,11,,,0,70,,77441,11,,,0,30,,77437,11,,,0,70,,77440,11,,,0
1201,'STMPSu2-Sunday',810,,77444,11,,,0,30,,77466,11,,,0,70,,77445,11,,,0,30,,77442,11,,,0,70,,77462,11,,,0,30,,77447,11,,,0,70,,77449,11,,,0,30,,77468,11,,,0,70,,77446,11,,,0,30,,77450,11,,,0,70,,77452,11,,,0,30,,77465,11,,,0,70,,77453,11,,,0,30,,77448,11,,,0,70,,77463,11,,,0,30,,77451,11,,,0,70,,77454,11,,,0,30,,77469,11,,,0,70,,77455,11,,,0,30,,77456,11,,,0,70,,77464,11,,,0,30,,77457,11,,,0,70,,77458,11,,,0,30,,77467,11,,,0,70,,77459,11,,,0,30,,77460,11,,,0,70,,77472,11,,,0,30,,77461,11,,,0,70,,77474,11,,,0,30,,77470,11,,,0,70,,77473,11,,,0
1201,'STMPWeek-Weekday',538,,77477,11,,,0,66,,77480,11,,,0,30,,77478,11,,,0,70,,77479,11,,,0,30,,77482,11,,,0,70,,77483,11,,,0,30,,77484,11,,,0,70,,77485,11,,,0,30,,77487,11,,,0,70,,77488,11,,,0,30,,77486,11,,,0,70,,77490,11,,,0,30,,77491,11,,,0,70,,77489,11,,,0,30,,77492,11,,,0,72,,77493,11,,,0,28,,77494,11,,,0,70,,77495,11,,,0,30,,77496,11,,,0,75,,77497,11,,,0,28,,77498,11,,,0,70,,77500,11,,,0,30,,77501,11,,,0,70,,77502,11,,,0,30,,77499,11,,,0,70,,77503,11,,,0,35,,77504,11,,,0,70,,77505,11,,,0,30,,77506,11,,,0,70,,77507,11,,,0,30,,77508,11,,,0,70,,77509,11,,,0,30,,77510,11,,,0,70,,77511,11,,,0,30,,77512,11,,,0,70,,77513,11,,,0
1201,'STMPar-Weekday',538,,77517,11,,,0,66,,77519,11,,,0,30,,77518,11,,,0,70,,77515,11,,,0,30,,77521,11,,,0,70,,77522,11,,,0,30,,77523,11,,,0,70,,77524,11,,,0,30,,77526,11,,,0,70,,77527,11,,,0,30,,77525,11,,,0,70,,77529,11,,,0,30,,77530,11,,,0,70,,77528,11,,,0,30,,77531,11,,,0,72,,77532,11,,,0,28,,77533,11,,,0,70,,77534,11,,,0,30,,77535,11,,,0,75,,77536,11,,,0,28,,77537,11,,,0,70,,77539,11,,,0,30,,77540,11,,,0,70,,77541,11,,,0,30,,77538,11,,,0,70,,77542,11,,,0,35,,77543,11,,,0,70,,77544,11,,,0,30,,77545,11,,,0,70,,77546,11,,,0,30,,77547,11,,,0,70,,77548,11,,,0,30,,77549,11,,,0,70,,77550,11,,,0,30,,77551,11,,,0,70,,77552,11,,,0
6301,'Weekday',611,,98815,11,,,0,35,,98814,11,,,0,75,,98816,11,,,0,35,,98818,11,,,0,75,,98817,11,,,0,680,,98821,11,,,0,35,,98819,11,,,0,75,,98822,11,,,0,35,,98823,11,,,0,75,,98824,11,,,0,75,,98820,11,,,0
6301,'STMPSnea-Weekday',611,,98826,11,,,0,35,,98825,11,,,0,75,,98827,11,,,0,35,,98829,11,,,0,75,,98828,11,,,0,680,,98832,11,,,0,35,,98830,11,,,0,75,,98833,11,,,0,35,,98834,11,,,0,75,,98835,11,,,0,75,,98831,11,,,0
6301,'STMPWeek-Weekday',611,,98837,11,,,0,35,,98836,11,,,0,75,,98838,11,,,0,35,,98840,11,,,0,75,,98839,11,,,0,680,,98843,11,,,0,35,,98841,11,,,0,75,,98844,11,,,0,35,,98845,11,,,0,75,,98846,11,,,0,75,,98842,11,,,0
6301,'STMPar-Weekday',611,,98848,11,,,0,35,,98847,11,,,0,75,,98849,11,,,0,35,,98851,11,,,0,75,,98850,11,,,0,680,,98854,11,,,0,35,,98852,11,,,0,75,,98855,11,,,0,35,,98856,11,,,0,75,,98857,11,,,0,75,,98853,11,,,0
