11400,'Saturday',558,,53533,43,,,0,71,,53523,43,,,0,84,,53541,43,,,0,40,,53524,43,,,0,80,,53543,43,,,0,80,,53534,43,,,0,40,,53544,43,,,0,80,,53535,43,,,0,80,,53525,43,,,0,40,,53536,43,,,0,81,,53527,43,,,0,80,,53542,43,,,0,40,,53526,43,,,0,80,,53545,43,,,0,80,,53528,43,,,0,40,,53546,43,,,0,80,,53537,43,,,0,80,,53529,43,,,0,40,,53539,43,,,0,79,,53531,43,,,0,80,,53547,43,,,0,40,,53530,43,,,0,80,,53548,43,,,0,80,,53540,43,,,0,40,,53549,43,,,0,80,,53538,43,,,0,80,,53532,43,,,0,90,,53550,43,,,0
11400,'Sunday',558,,53564,43,,,0,71,,53551,43,,,0,84,,53565,43,,,0,40,,53552,43,,,0,80,,53566,43,,,0,80,,53553,43,,,0,40,,53567,43,,,0,80,,53554,43,,,0,80,,53568,43,,,0,40,,53555,43,,,0,81,,53569,43,,,0,80,,53556,43,,,0,40,,53570,43,,,0,80,,53557,43,,,0,80,,53571,43,,,0,40,,53558,43,,,0,80,,53572,43,,,0,80,,53559,43,,,0,40,,53573,43,,,0,79,,53560,43,,,0,80,,53574,43,,,0,40,,53561,43,,,0,80,,53575,43,,,0,80,,53562,43,,,0,40,,53576,43,,,0,80,,53563,43,,,0,80,,53578,43,,,0,90,,53577,43,,,0
11400,'Weekday',505,,53615,18,,,0,38,,53579,43,,,0,76,,53596,43,,,0,31,,53588,43,,,0,72,,53580,43,,,0,30,,53597,43,,,0,70,,53589,43,,,0,18,,53605,18,,,0,12,,53581,43,,,0,68,,53599,43,,,0,28,,53590,43,,,0,70,,53582,43,,,0,30,,53598,43,,,0,70,,53591,43,,,0,30,,53584,43,,,0,70,,53600,43,,,0,30,,53593,43,,,0,70,,53583,43,,,0,30,,53601,43,,,0,70,,53592,43,,,0,30,,53585,43,,,0,72,,53602,43,,,0,31,,53594,43,,,0,70,,53586,43,,,0,30,,53604,43,,,0,70,,53595,43,,,0,30,,53587,43,,,0,70,,53603,43,,,0,24,,53606,43,,,0,80,,53610,43,,,0,82,,53611,43,,,0,42,,53607,43,,,0,82,,53613,43,,,0,82,,53612,43,,,0,42,,53614,43,,,0,82,,53608,43,,,0,82,,53609,43,,,0
11400,'1CCSDCUT-Weekday',505,,53652,18,,,0,38,,53616,43,,,0,76,,53633,43,,,0,31,,53625,43,,,0,72,,53617,43,,,0,30,,53634,43,,,0,70,,53626,43,,,0,18,,53642,18,,,0,12,,53618,43,,,0,68,,53636,43,,,0,28,,53627,43,,,0,70,,53619,43,,,0,30,,53635,43,,,0,70,,53628,43,,,0,30,,53621,43,,,0,70,,53637,43,,,0,30,,53630,43,,,0,70,,53620,43,,,0,30,,53638,43,,,0,70,,53629,43,,,0,30,,53622,43,,,0,72,,53639,43,,,0,31,,53631,43,,,0,70,,53623,43,,,0,30,,53641,43,,,0,70,,53632,43,,,0,30,,53624,43,,,0,70,,53640,43,,,0,24,,53643,43,,,0,80,,53647,43,,,0,82,,53648,43,,,0,42,,53644,43,,,0,82,,53650,43,,,0,82,,53649,43,,,0,42,,53651,43,,,0,82,,53645,43,,,0,82,,53646,43,,,0
11400,'1PUBCUT-Weekday',505,,53688,18,,,0,38,,53653,43,,,0,76,,53670,43,,,0,31,,53662,43,,,0,72,,53654,43,,,0,30,,53671,43,,,0,70,,53663,43,,,0,30,,53655,43,,,0,68,,53673,43,,,0,28,,53664,43,,,0,70,,53656,43,,,0,30,,53672,43,,,0,70,,53665,43,,,0,30,,53658,43,,,0,70,,53674,43,,,0,30,,53667,43,,,0,70,,53657,43,,,0,30,,53675,43,,,0,70,,53666,43,,,0,30,,53659,43,,,0,72,,53676,43,,,0,31,,53668,43,,,0,70,,53660,43,,,0,30,,53678,43,,,0,70,,53669,43,,,0,30,,53661,43,,,0,70,,53677,43,,,0,24,,53679,43,,,0,80,,53683,43,,,0,82,,53684,43,,,0,42,,53680,43,,,0,82,,53686,43,,,0,82,,53685,43,,,0,42,,53687,43,,,0,82,,53681,43,,,0,82,,53682,43,,,0
14200,'Weekday',1655,,58149,28,,,0,65,,58151,28,,,0,35,,58150,28,,,0
14200,'1CCSDCUT-Weekday',1655,,58152,28,,,0,65,,58154,28,,,0,35,,58153,28,,,0
14200,'1PUBCUT-Weekday',1655,,58155,28,,,0,65,,58157,28,,,0,35,,58156,28,,,0
14201,'Weekday',613,,58158,9,,,0,25,,58159,9,,,0,66,,58160,9,,,0
14201,'1CCSDCUT-Weekday',613,,58161,9,,,0,25,,58162,9,,,0,66,,58163,9,,,0
14201,'1PUBCUT-Weekday',613,,58164,9,,,0,25,,58165,9,,,0,66,,58166,9,,,0
88701,'Weekday',747,,69150,10,0,12 89 28 1 90,0
88701,'1PUBCUT-Weekday',747,,69151,10,0,12 89 28 1 90,0
