12300,'Saturday',722,,54621,8,,,0,85,,54622,8,,,0,42,,54625,8,,,0,82,,54623,8,,,0,82,,54624,8,,,0,42,,54626,8,,,0,82,,54628,8,,,0,82,,54627,8,,,0,82,,54629,8,,,0,42,,54630,8,,,0,82,,54632,8,,,0,82,,54631,8,,,0,42,,54633,8,,,0,82,,54634,8,,,0,82,,54635,8,,,0,42,,54636,8,,,0,82,,54637,8,,,0,82,,54640,8,,,0,82,,54644,8,,,0,42,,54641,8,,,0,82,,54638,8,,,0,82,,54642,8,,,0,42,,54639,8,,,0,82,,54643,8,,,0
12300,'Sunday',722,,54645,8,,,0,85,,54646,8,,,0,42,,54649,8,,,0,82,,54647,8,,,0,82,,54648,8,,,0,42,,54650,8,,,0,82,,54652,8,,,0,82,,54651,8,,,0,82,,54653,8,,,0,42,,54654,8,,,0,82,,54656,8,,,0,82,,54655,8,,,0,42,,54657,8,,,0,82,,54658,8,,,0,82,,54659,8,,,0,42,,54660,8,,,0,82,,54661,8,,,0,82,,54664,8,,,0,82,,54668,8,,,0,42,,54665,8,,,0,82,,54662,8,,,0,82,,54666,8,,,0,42,,54663,8,,,0,82,,54667,8,,,0
12300,'Weekday',512,,54669,8,,,0,24,,54677,8,,,0,64,,54681,8,,,0,24,,54697,8,,,0,24,,54670,8,,,0,64,,54679,8,,,0,12,,54719,8,,,0,12,,54682,8,,,0,12,,54718,8,,,0,52,,54698,8,,,0,12,,54716,8,,,0,12,,54671,8,,,0,12,,54717,8,,,0,12,,54680,8,,,0,63,,54683,8,,,0,24,,54699,8,,,0,70,,54673,8,,,0,30,,54684,8,,,0,70,,54700,8,,,0,30,,54672,8,,,0,70,,54685,8,,,0,30,,54701,8,,,0,70,,54674,8,,,0,29,,54686,8,,,0,71,,54702,8,,,0,30,,54675,8,,,0,65,,54687,8,,,0,19,,54694,8,,,0,12,,54711,8,,,0,12,,54703,8,,,0,12,,54713,8,,,0,52,,54676,8,,,0,12,,54714,8,,,0,12,,54688,8,,,0,12,,54710,8,,,0,12,,54695,8,,,0,52,,54712,8,,,0,12,,54704,8,,,0,12,,54715,8,,,0,12,,54678,8,,,0,64,,54689,8,,,0,24,,54696,8,,,0,24,,54705,8,,,0,84,,54690,8,,,0,83,,54706,8,,,0,82,,54691,8,,,0,43,,54707,8,,,0,82,,54692,8,,,0,83,,54709,8,,,0,43,,54693,8,,,0,83,,54708,8,,,0
12300,'1CCSDCUT-Weekday',512,,54720,8,,,0,24,,54728,8,,,0,64,,54732,8,,,0,24,,54748,8,,,0,24,,54721,8,,,0,64,,54730,8,,,0,12,,54770,8,,,0,12,,54733,8,,,0,12,,54769,8,,,0,52,,54749,8,,,0,12,,54767,8,,,0,12,,54722,8,,,0,12,,54768,8,,,0,12,,54731,8,,,0,63,,54734,8,,,0,24,,54750,8,,,0,70,,54724,8,,,0,30,,54735,8,,,0,70,,54751,8,,,0,30,,54723,8,,,0,70,,54736,8,,,0,30,,54752,8,,,0,70,,54725,8,,,0,29,,54737,8,,,0,71,,54753,8,,,0,30,,54726,8,,,0,65,,54738,8,,,0,19,,54745,8,,,0,12,,54762,8,,,0,12,,54754,8,,,0,12,,54764,8,,,0,52,,54727,8,,,0,12,,54765,8,,,0,12,,54739,8,,,0,12,,54761,8,,,0,12,,54746,8,,,0,52,,54763,8,,,0,12,,54755,8,,,0,12,,54766,8,,,0,12,,54729,8,,,0,64,,54740,8,,,0,24,,54747,8,,,0,24,,54756,8,,,0,84,,54741,8,,,0,83,,54757,8,,,0,82,,54742,8,,,0,43,,54758,8,,,0,82,,54743,8,,,0,83,,54760,8,,,0,43,,54744,8,,,0,83,,54759,8,,,0
12300,'1PUBCUT-Weekday',512,,54771,8,,,0,24,,54779,8,,,0,64,,54783,8,,,0,24,,54799,8,,,0,24,,54772,8,,,0,64,,54781,8,,,0,12,,54821,8,,,0,12,,54784,8,,,0,12,,54820,8,,,0,52,,54800,8,,,0,12,,54818,8,,,0,12,,54773,8,,,0,12,,54819,8,,,0,12,,54782,8,,,0,63,,54785,8,,,0,24,,54801,8,,,0,70,,54775,8,,,0,30,,54786,8,,,0,70,,54802,8,,,0,30,,54774,8,,,0,70,,54787,8,,,0,30,,54803,8,,,0,70,,54776,8,,,0,29,,54788,8,,,0,71,,54804,8,,,0,30,,54777,8,,,0,65,,54789,8,,,0,19,,54796,8,,,0,12,,54813,8,,,0,12,,54805,8,,,0,12,,54815,8,,,0,52,,54778,8,,,0,12,,54816,8,,,0,12,,54790,8,,,0,12,,54812,8,,,0,12,,54797,8,,,0,52,,54814,8,,,0,12,,54806,8,,,0,12,,54817,8,,,0,12,,54780,8,,,0,64,,54791,8,,,0,24,,54798,8,,,0,24,,54807,8,,,0,84,,54792,8,,,0,83,,54808,8,,,0,82,,54793,8,,,0,43,,54809,8,,,0,82,,54794,8,,,0,83,,54811,8,,,0,43,,54795,8,,,0,83,,54810,8,,,0
73501,'Weekday',820,,68561,11,0,58 59 60,0
73501,'1CCSDCUT-Weekday',820,,68563,11,0,58 59 60,0
79500,'Weekday0000100',1241,,68828,3,4,,0
79500,'Weekday1111000',1521,,68830,3,4,,0
79500,'1CCSDCUT-Weekday0000100',1241,,68832,3,4,,0
79500,'1CCSDCUT-Weekday1111000',1521,,68834,3,4,,0
79501,'Weekday',729,,68836,13,0,55 53 56 1 57 8,0
79501,'1CCSDCUT-Weekday',729,,68838,13,0,55 53 56 1 57 8,0
