9901,'Saturday',604,,71170,,,0,30,,71173,,,0,70,,71201,,,0,30,,71171,,,0,70,,71174,,,0,30,,71204,,,0,70,,71177,,,0,30,,71178,,,0,70,,71195,,,0,30,,71175,,,0,70,,71176,,,0,30,,71203,,,0,70,,71180,,,0,30,,71181,,,0,70,,71194,,,0,30,,71182,,,0,70,,71183,,,0,30,,71196,,,0,70,,71185,,,0,30,,71179,,,0,70,,71197,,,0,30,,71187,,,0,70,,71184,,,0,30,,71198,,,0,70,,71186,,,0,30,,71188,,,0,70,,71199,,,0,30,,71189,,,0,70,,71190,,,0,30,,71200,,,0,70,,71191,,,0,30,,71192,,,0,70,,71202,,,0,30,,71193,,,0,70,,71172,,,0
9901,'Sunday',604,,71205,,,0,30,,71206,,,0,70,,71232,,,0,30,,71207,,,0,70,,71208,,,0,30,,71234,,,0,70,,71210,,,0,30,,71211,,,0,70,,71235,,,0,30,,71215,,,0,70,,71212,,,0,30,,71233,,,0,70,,71213,,,0,30,,71209,,,0,70,,71236,,,0,30,,71214,,,0,70,,71216,,,0,30,,71231,,,0,70,,71217,,,0,30,,71218,,,0,70,,71230,,,0,30,,71219,,,0,70,,71220,,,0,30,,71228,,,0,70,,71221,,,0,30,,71222,,,0,70,,71227,,,0,30,,71223,,,0,70,,71224,,,0,30,,71229,,,0,70,,71225,,,0,30,,71226,,,0
9901,'Weekday',440,,71247,,,0,70,,71248,,,0,30,,71249,,,0,70,,71250,,,0,33,,71251,,,0,70,,71252,,,0,30,,71253,,,0,70,,71256,,,0,30,,71257,,,0,70,,71258,,,0,30,,71254,,,0,70,,71255,,,0,30,,71260,,,0,70,,71261,,,0,30,,71262,,,0,70,,71259,,,0,30,,71263,,,0,70,,71264,,,0,30,,71265,,,0,70,,71266,,,0,30,,71267,,,0,70,,71268,,,0,30,,71269,,,0,70,,71270,,,0,30,,71272,,,0,70,,71273,,,0,30,,71274,,,0,70,,71271,,,0,30,,71246,,,0,70,,71245,,,0,30,,71275,,,0,70,,71244,,,0,30,,71238,,,0,70,,71240,,,0,30,,71239,,,0,70,,71243,,,0,30,,71237,,,0,70,,71241,,,0,30,,71242,,,0
9901,'1CCSDCUT-Weekday',440,,71286,,,0,70,,71287,,,0,30,,71288,,,0,70,,71289,,,0,33,,71290,,,0,70,,71291,,,0,30,,71292,,,0,70,,71295,,,0,30,,71296,,,0,70,,71297,,,0,30,,71293,,,0,70,,71294,,,0,30,,71299,,,0,70,,71300,,,0,30,,71301,,,0,70,,71298,,,0,30,,71302,,,0,70,,71303,,,0,30,,71304,,,0,70,,71305,,,0,30,,71306,,,0,70,,71307,,,0,30,,71308,,,0,70,,71309,,,0,30,,71311,,,0,70,,71312,,,0,30,,71313,,,0,70,,71310,,,0,30,,71285,,,0,70,,71284,,,0,30,,71314,,,0,70,,71283,,,0,30,,71277,,,0,70,,71279,,,0,30,,71278,,,0,70,,71282,,,0,30,,71276,,,0,70,,71280,,,0,30,,71281,,,0
9901,'1PUBCUT-Weekday',440,,71325,,,0,70,,71326,,,0,30,,71327,,,0,70,,71328,,,0,33,,71329,,,0,70,,71330,,,0,30,,71331,,,0,70,,71334,,,0,30,,71335,,,0,70,,71336,,,0,30,,71332,,,0,70,,71333,,,0,30,,71338,,,0,70,,71339,,,0,30,,71340,,,0,70,,71337,,,0,30,,71341,,,0,70,,71342,,,0,30,,71343,,,0,70,,71344,,,0,30,,71345,,,0,70,,71346,,,0,30,,71347,,,0,70,,71348,,,0,30,,71350,,,0,70,,71351,,,0,30,,71352,,,0,70,,71349,,,0,30,,71324,,,0,70,,71323,,,0,30,,71353,,,0,70,,71322,,,0,30,,71316,,,0,70,,71318,,,0,30,,71317,,,0,70,,71321,,,0,30,,71315,,,0,70,,71319,,,0,30,,71320,,,0
12501,'Weekday',521,,75903,,,0,35,,75906,,,0,70,,75907,,,0,30,,75908,,,0,70,,75904,,,0,30,,75905,,,0,70,,75884,,,0,30,,75885,,,0,70,,75886,,,0,30,,75883,,,0,70,,75887,,,0,30,,75889,,,0,70,,75890,,,0,30,,75892,,,0,70,,75888,,,0,30,,75893,,,0,70,,75894,,,0,30,,75891,,,0,70,,75895,,,0,31,,75896,,,0,70,,75897,,,0,30,,75898,,,0,70,,75899,,,0,30,,75900,,,0,70,,75901,,,0,30,,75902,,,0,70,,75878,,,0,30,,75879,,,0,69,,75877,,,0,30,,75880,,,0,70,,75881,,,0,32,,75882,,,0
12501,'1CCSDCUT-Weekday',521,,75935,,,0,35,,75938,,,0,70,,75939,,,0,30,,75940,,,0,70,,75936,,,0,30,,75937,,,0,70,,75916,,,0,30,,75917,,,0,70,,75918,,,0,30,,75915,,,0,70,,75919,,,0,30,,75921,,,0,70,,75922,,,0,30,,75924,,,0,70,,75920,,,0,30,,75925,,,0,70,,75926,,,0,30,,75923,,,0,70,,75927,,,0,31,,75928,,,0,70,,75929,,,0,30,,75930,,,0,70,,75931,,,0,30,,75932,,,0,70,,75933,,,0,30,,75934,,,0,70,,75910,,,0,30,,75911,,,0,69,,75909,,,0,30,,75912,,,0,70,,75913,,,0,32,,75914,,,0
12501,'1PUBCUT-Weekday',521,,75967,,,0,35,,75970,,,0,70,,75971,,,0,30,,75972,,,0,70,,75968,,,0,30,,75969,,,0,70,,75948,,,0,30,,75949,,,0,70,,75950,,,0,30,,75947,,,0,70,,75951,,,0,30,,75953,,,0,70,,75954,,,0,30,,75956,,,0,70,,75952,,,0,30,,75957,,,0,70,,75958,,,0,30,,75955,,,0,70,,75959,,,0,31,,75960,,,0,70,,75961,,,0,30,,75962,,,0,70,,75963,,,0,30,,75964,,,0,70,,75965,,,0,30,,75966,,,0,70,,75942,,,0,30,,75943,,,0,69,,75941,,,0,30,,75944,,,0,70,,75945,,,0,32,,75946,,,0
12600,'Saturday',523,,75973,,,0,30,,75975,,,0,70,,75976,,,0,30,,75974,,,0,70,,75977,,,0,30,,75978,,,0,70,,75980,,,0,30,,75981,,,0,70,,75982,,,0,30,,75979,,,0,70,,75983,,,0,30,,75985,,,0,70,,75986,,,0,30,,75988,,,0,70,,75984,,,0,30,,75989,,,0,70,,75987,,,0,30,,75991,,,0,70,,75992,,,0,30,,75990,,,0,70,,75996,,,0,30,,75993,,,0,70,,75997,,,0,30,,75998,,,0,70,,75999,,,0,30,,75994,,,0,70,,75995,,,0,30,,76000,,,0,70,,76001,,,0,30,,76002,,,0,70,,76003,,,0,30,,76004,,,0,70,,76005,,,0,30,,76006,,,0,70,,76007,,,0,30,,76008,,,0,70,,76009,,,0
12600,'Sunday',633,,76011,,,0,70,,76010,,,0,30,,76012,,,0,70,,76013,,,0,30,,76015,,,0,70,,76017,,,0,30,,76018,,,0,70,,76014,,,0,30,,76019,,,0,70,,76020,,,0,30,,76021,,,0,70,,76023,,,0,30,,76016,,,0,70,,76024,,,0,30,,76025,,,0,70,,76022,,,0,30,,76026,,,0,70,,76027,,,0,30,,76028,,,0,70,,76029,,,0,30,,76030,,,0,70,,76031,,,0,30,,76033,,,0,70,,76034,,,0,30,,76035,,,0,70,,76032,,,0,30,,76036,,,0,70,,76037,,,0,30,,76039,,,0,70,,76041,,,0,30,,76042,,,0,70,,76038,,,0,30,,76043,,,0,70,,76040,,,0,30,,76044,,,0
12600,'Weekday',611,,76047,,,0,30,,76048,,,0,70,,76045,,,0,30,,76049,,,0,70,,76050,,,0,30,,76051,,,0,70,,76060,,,0,30,,76065,,,0,70,,76066,,,0,30,,76064,,,0,70,,76067,,,0,30,,76068,,,0,70,,76069,,,0,30,,76070,,,0,70,,76071,,,0,30,,76073,,,0,70,,76074,,,0,30,,76072,,,0,71,,76077,,,0,30,,76079,,,0,70,,76078,,,0,30,,76076,,,0,70,,76080,,,0,30,,76081,,,0,70,,76075,,,0,30,,76052,,,0,69,,76053,,,0,30,,76054,,,0,70,,76055,,,0,30,,76057,,,0,70,,76058,,,0,30,,76059,,,0,70,,76056,,,0,30,,76061,,,0,70,,76062,,,0,35,,76063,,,0
12600,'1CCSDCUT-Weekday',611,,76084,,,0,30,,76085,,,0,70,,76082,,,0,30,,76086,,,0,70,,76087,,,0,30,,76088,,,0,70,,76097,,,0,30,,76102,,,0,70,,76103,,,0,30,,76101,,,0,70,,76104,,,0,30,,76105,,,0,70,,76106,,,0,30,,76107,,,0,70,,76108,,,0,30,,76110,,,0,70,,76111,,,0,30,,76109,,,0,71,,76114,,,0,30,,76116,,,0,70,,76115,,,0,30,,76113,,,0,70,,76117,,,0,30,,76118,,,0,70,,76112,,,0,30,,76089,,,0,69,,76090,,,0,30,,76091,,,0,70,,76092,,,0,30,,76094,,,0,70,,76095,,,0,30,,76096,,,0,70,,76093,,,0,30,,76098,,,0,70,,76099,,,0,35,,76100,,,0
12600,'1PUBCUT-Weekday',611,,76121,,,0,30,,76122,,,0,70,,76119,,,0,30,,76123,,,0,70,,76124,,,0,30,,76125,,,0,70,,76134,,,0,30,,76139,,,0,70,,76140,,,0,30,,76138,,,0,70,,76141,,,0,30,,76142,,,0,70,,76143,,,0,30,,76144,,,0,70,,76145,,,0,30,,76147,,,0,70,,76148,,,0,30,,76146,,,0,71,,76151,,,0,30,,76153,,,0,70,,76152,,,0,30,,76150,,,0,70,,76154,,,0,30,,76155,,,0,70,,76149,,,0,30,,76126,,,0,69,,76127,,,0,30,,76128,,,0,70,,76129,,,0,30,,76131,,,0,70,,76132,,,0,30,,76133,,,0,70,,76130,,,0,30,,76135,,,0,70,,76136,,,0,35,,76137,,,0
78000,'Weekday',820,,89070,0,95 96 156,0
78000,'1CCSDCUT-Weekday',820,,89071,0,95 96 156,0
78001,'Weekday0000100',1420,,89072,0,95 96 156,0
78001,'Weekday1111000',1552,,89073,0,95 96 156,0
78001,'1CCSDCUT-Weekday0000100',1420,,89074,0,95 96 156,0
78001,'1CCSDCUT-Weekday1111000',1552,,89075,0,95 96 156,0
