2600,'Saturday',614,,33244,16,,,0,45,,33254,16,,,0,85,,33246,16,,,0,85,,33255,16,,,0,86,,33245,16,,,0,85,,33256,16,,,0,45,,33247,16,,,0,85,,33257,16,,,0,85,,33248,16,,,0,85,,33258,16,,,0,45,,33249,16,,,0,86,,33259,16,,,0,85,,33250,16,,,0,85,,33260,16,,,0,45,,33251,16,,,0,85,,33261,16,,,0,85,,33252,16,,,0,85,,33262,16,,,0,44,,33253,16,,,0,85,,33263,16,,,0
2600,'Sunday',614,,33264,16,,,0,45,,33274,16,,,0,85,,33265,16,,,0,85,,33275,16,,,0,86,,33266,16,,,0,85,,33277,16,,,0,45,,33267,16,,,0,85,,33276,16,,,0,85,,33268,16,,,0,85,,33278,16,,,0,45,,33269,16,,,0,86,,33279,16,,,0,85,,33270,16,,,0,85,,33280,16,,,0,45,,33271,16,,,0,85,,33281,16,,,0,85,,33272,16,,,0,85,,33282,16,,,0,44,,33273,16,,,0,85,,33283,16,,,0
2600,'Weekday',535,,33284,16,,,0,72,,33285,16,,,0,32,,33286,16,,,0,73,,33287,16,,,0,33,,33288,16,,,0,72,,33289,16,,,0,32,,33290,16,,,0,68,,33291,16,,,0,26,,33293,16,,,0,70,,33294,16,,,0,30,,33295,16,,,0,70,,33292,16,,,0,30,,33296,16,,,0,70,,33297,16,,,0,30,,33298,16,,,0,70,,33299,16,,,0,30,,33300,16,,,0,70,,33302,16,,,0,30,,33303,16,,,0,71,,33304,16,,,0,32,,33301,16,,,0,74,,33305,16,,,0,32,,33306,16,,,0,72,,33307,16,,,0,32,,33308,16,,,0,70,,33310,16,,,0,28,,33311,16,,,0,70,,33312,16,,,0,30,,33313,16,,,0,70,,33315,16,,,0,30,,33317,16,,,0,69,,33316,16,,,0,30,,33314,16,,,0,70,,33309,16,,,0
2600,'Weekday0000100',1411,,33319,4,,,0,10,,33318,4,,,0
2600,'Weekday1111000',1549,,33321,4,,,0,52,,33320,16,,,0
2600,'1CCSDCUT-Weekday',535,,33322,16,,,0,72,,33323,16,,,0,32,,33324,16,,,0,73,,33325,16,,,0,33,,33326,16,,,0,72,,33327,16,,,0,32,,33328,16,,,0,68,,33329,16,,,0,26,,33331,16,,,0,70,,33332,16,,,0,30,,33333,16,,,0,70,,33330,16,,,0,30,,33334,16,,,0,70,,33335,16,,,0,30,,33336,16,,,0,70,,33337,16,,,0,30,,33338,16,,,0,70,,33340,16,,,0,30,,33341,16,,,0,71,,33342,16,,,0,32,,33339,16,,,0,74,,33343,16,,,0,32,,33344,16,,,0,72,,33345,16,,,0,32,,33346,16,,,0,70,,33348,16,,,0,28,,33349,16,,,0,70,,33350,16,,,0,30,,33351,16,,,0,70,,33353,16,,,0,30,,33355,16,,,0,69,,33354,16,,,0,30,,33352,16,,,0,70,,33347,16,,,0
2600,'1CCSDCUT-Weekday0000100',1411,,33357,4,,,0,10,,33356,4,,,0
2600,'1CCSDCUT-Weekday1111000',1549,,33359,4,,,0,52,,33358,16,,,0
2600,'1PUBCUT-Weekday',535,,33360,16,,,0,72,,33361,16,,,0,32,,33362,16,,,0,73,,33363,16,,,0,33,,33364,16,,,0,72,,33365,16,,,0,32,,33366,16,,,0,68,,33367,16,,,0,26,,33369,16,,,0,70,,33370,16,,,0,30,,33371,16,,,0,70,,33368,16,,,0,30,,33372,16,,,0,70,,33373,16,,,0,30,,33374,16,,,0,70,,33375,16,,,0,30,,33376,16,,,0,70,,33378,16,,,0,30,,33379,16,,,0,71,,33380,16,,,0,32,,33377,16,,,0,74,,33381,16,,,0,32,,33382,16,,,0,72,,33383,16,,,0,32,,33384,16,,,0,70,,33386,16,,,0,28,,33387,16,,,0,70,,33388,16,,,0,30,,33389,16,,,0,70,,33391,16,,,0,30,,33393,16,,,0,69,,33392,16,,,0,30,,33390,16,,,0,70,,33385,16,,,0
2600,'1PUBCUT-Weekday1111000',1549,,33395,4,,,0,52,,33394,16,,,0
4001,'Saturday',739,,36637,36,,,0,75,,36639,36,,,0,35,,36640,36,,,0,75,,36641,36,,,0,35,,36638,36,,,0,75,,36643,36,,,0,75,,36644,36,,,0,35,,36646,36,,,0,75,,36642,36,,,0,35,,36647,36,,,0,75,,36648,36,,,0,75,,36645,36,,,0,35,,36649,36,,,0,75,,36650,36,,,0,35,,36651,36,,,0,75,,36652,36,,,0,35,,36636,36,,,0,75,,36635,36,,,0,75,,36634,36,,,0,35,,36633,36,,,0
4001,'Sunday',739,,36657,36,,,0,75,,36658,36,,,0,35,,36659,36,,,0,75,,36660,36,,,0,35,,36662,36,,,0,75,,36663,36,,,0,75,,36655,36,,,0,35,,36664,36,,,0,75,,36661,36,,,0,35,,36665,36,,,0,75,,36666,36,,,0,75,,36667,36,,,0,35,,36668,36,,,0,75,,36669,36,,,0,35,,36670,36,,,0,75,,36671,36,,,0,35,,36672,36,,,0,75,,36654,36,,,0,75,,36653,36,,,0,35,,36656,36,,,0
4001,'Weekday',630,,36683,36,,,0,75,,36696,36,,,0,35,,36690,36,,,0,75,,36684,36,,,0,35,,36697,36,,,0,76,,36691,36,,,0,33,,36685,36,,,0,75,,36698,36,,,0,75,,36692,36,,,0,35,,36686,36,,,0,75,,36699,36,,,0,35,,36693,36,,,0,75,,36687,36,,,0,75,,36700,36,,,0,37,,36694,36,,,0,76,,36688,36,,,0,38,,36701,36,,,0,79,,36695,36,,,0,82,,36689,36,,,0,33,,36702,36,,,0,70,,36676,36,,,0,34,,36673,36,,,0,75,,36680,36,,,0,31,,36677,36,,,0,72,,36674,36,,,0,70,,36681,36,,,0,35,,36678,36,,,0,77,,36675,36,,,0,38,,36682,36,,,0,75,,36679,36,,,0
4001,'1CCSDCUT-Weekday',630,,36713,36,,,0,75,,36726,36,,,0,35,,36720,36,,,0,75,,36714,36,,,0,35,,36727,36,,,0,76,,36721,36,,,0,33,,36715,36,,,0,75,,36728,36,,,0,75,,36722,36,,,0,35,,36716,36,,,0,75,,36729,36,,,0,35,,36723,36,,,0,75,,36717,36,,,0,75,,36730,36,,,0,37,,36724,36,,,0,76,,36718,36,,,0,38,,36731,36,,,0,79,,36725,36,,,0,82,,36719,36,,,0,33,,36732,36,,,0,70,,36706,36,,,0,34,,36703,36,,,0,75,,36710,36,,,0,31,,36707,36,,,0,72,,36704,36,,,0,70,,36711,36,,,0,35,,36708,36,,,0,77,,36705,36,,,0,38,,36712,36,,,0,75,,36709,36,,,0
4001,'1PUBCUT-Weekday',630,,36743,36,,,0,75,,36756,36,,,0,35,,36750,36,,,0,75,,36744,36,,,0,35,,36757,36,,,0,76,,36751,36,,,0,33,,36745,36,,,0,75,,36758,36,,,0,75,,36752,36,,,0,35,,36746,36,,,0,75,,36759,36,,,0,35,,36753,36,,,0,75,,36747,36,,,0,75,,36760,36,,,0,37,,36754,36,,,0,76,,36748,36,,,0,38,,36761,36,,,0,79,,36755,36,,,0,82,,36749,36,,,0,33,,36762,36,,,0,70,,36736,36,,,0,34,,36733,36,,,0,75,,36740,36,,,0,31,,36737,36,,,0,72,,36734,36,,,0,70,,36741,36,,,0,35,,36738,36,,,0,77,,36735,36,,,0,38,,36742,36,,,0,75,,36739,36,,,0
