4001,'Saturday',746,,36637,41,,,0,75,,36639,41,,,0,35,,36640,41,,,0,75,,36641,41,,,0,75,,36638,41,,,0,35,,36643,41,,,0,75,,36644,41,,,0,35,,36646,41,,,0,75,,36642,41,,,0,75,,36647,41,,,0,35,,36648,41,,,0,75,,36645,41,,,0,35,,36649,41,,,0,75,,36650,41,,,0,35,,36651,41,,,0,75,,36652,41,,,0,75,,36636,41,,,0,35,,36635,41,,,0,75,,36634,41,,,0,35,,36633,41,,,0
4001,'Sunday',746,,36657,41,,,0,75,,36658,41,,,0,35,,36659,41,,,0,75,,36660,41,,,0,75,,36662,41,,,0,35,,36663,41,,,0,75,,36655,41,,,0,35,,36664,41,,,0,75,,36661,41,,,0,75,,36665,41,,,0,35,,36666,41,,,0,75,,36667,41,,,0,35,,36668,41,,,0,75,,36669,41,,,0,35,,36670,41,,,0,75,,36671,41,,,0,75,,36672,41,,,0,35,,36654,41,,,0,75,,36653,41,,,0,35,,36656,41,,,0
4001,'Weekday',637,,36683,41,,,0,75,,36696,41,,,0,35,,36690,41,,,0,75,,36684,41,,,0,35,,36697,41,,,0,76,,36691,41,,,0,73,,36685,41,,,0,35,,36698,41,,,0,75,,36692,41,,,0,35,,36686,41,,,0,75,,36699,41,,,0,75,,36693,41,,,0,35,,36687,41,,,0,76,,36700,41,,,0,37,,36694,41,,,0,76,,36688,41,,,0,78,,36701,41,,,0,39,,36695,41,,,0,82,,36689,41,,,0,33,,36702,41,,,0,70,,36676,41,,,0,32,,36673,41,,,0,75,,36680,41,,,0,71,,36677,41,,,0,32,,36674,41,,,0,70,,36681,41,,,0,35,,36678,41,,,0,77,,36675,41,,,0,38,,36682,41,,,0,75,,36679,41,,,0
4001,'1CCSDCUT-Weekday',637,,36713,41,,,0,75,,36726,41,,,0,35,,36720,41,,,0,75,,36714,41,,,0,35,,36727,41,,,0,76,,36721,41,,,0,73,,36715,41,,,0,35,,36728,41,,,0,75,,36722,41,,,0,35,,36716,41,,,0,75,,36729,41,,,0,75,,36723,41,,,0,35,,36717,41,,,0,76,,36730,41,,,0,37,,36724,41,,,0,76,,36718,41,,,0,78,,36731,41,,,0,39,,36725,41,,,0,82,,36719,41,,,0,33,,36732,41,,,0,70,,36706,41,,,0,32,,36703,41,,,0,75,,36710,41,,,0,71,,36707,41,,,0,32,,36704,41,,,0,70,,36711,41,,,0,35,,36708,41,,,0,77,,36705,41,,,0,38,,36712,41,,,0,75,,36709,41,,,0
4001,'1PUBCUT-Weekday',637,,36743,41,,,0,75,,36756,41,,,0,35,,36750,41,,,0,75,,36744,41,,,0,35,,36757,41,,,0,76,,36751,41,,,0,73,,36745,41,,,0,35,,36758,41,,,0,75,,36752,41,,,0,35,,36746,41,,,0,75,,36759,41,,,0,75,,36753,41,,,0,35,,36747,41,,,0,76,,36760,41,,,0,37,,36754,41,,,0,76,,36748,41,,,0,78,,36761,41,,,0,39,,36755,41,,,0,82,,36749,41,,,0,33,,36762,41,,,0,70,,36736,41,,,0,32,,36733,41,,,0,75,,36740,41,,,0,71,,36737,41,,,0,32,,36734,41,,,0,70,,36741,41,,,0,35,,36738,41,,,0,77,,36735,41,,,0,38,,36742,41,,,0,75,,36739,41,,,0
12001,'Saturday',643,,54479,16,,,0,86,,54480,16,,,0,86,,54481,16,,,0,86,,54482,16,,,0,46,,54483,16,,,0,86,,54484,16,,,0,86,,54485,16,,,0,86,,54486,16,,,0,46,,54488,16,,,0,86,,54489,16,,,0,86,,54487,16,,,0,86,,54490,16,,,0,46,,54491,16,,,0,86,,54492,16,,,0,86,,54493,16,,,0,85,,54494,16,,,0,46,,54495,16,,,0,86,,54496,16,,,0,86,,54498,16,,,0,86,,54497,16,,,0,86,,54499,16,,,0,46,,54500,16,,,0,86,,54501,16,,,0
12001,'Sunday',643,,54502,16,,,0,86,,54503,16,,,0,86,,54504,16,,,0,86,,54505,16,,,0,46,,54506,16,,,0,86,,54508,16,,,0,86,,54507,16,,,0,86,,54509,16,,,0,46,,54510,16,,,0,86,,54511,16,,,0,86,,54512,16,,,0,86,,54513,16,,,0,46,,54514,16,,,0,86,,54515,16,,,0,86,,54516,16,,,0,85,,54517,16,,,0,46,,54518,16,,,0,86,,54519,16,,,0,86,,54520,16,,,0,86,,54521,16,,,0,86,,54522,16,,,0,46,,54523,16,,,0,86,,54524,16,,,0
12001,'Weekday',554,,54525,16,,,0,63,,54552,16,,,0,22,,54527,16,,,0,63,,54551,16,,,0,22,,54530,16,,,0,23,,54553,16,,,0,62,,54531,16,,,0,45,,54532,16,,,0,85,,54533,16,,,0,85,,54534,16,,,0,85,,54535,16,,,0,45,,54536,16,,,0,85,,54537,16,,,0,85,,54538,16,,,0,85,,54539,16,,,0,45,,54540,16,,,0,86,,54541,16,,,0,63,,54556,16,,,0,22,,54542,16,,,0,23,,54555,16,,,0,62,,54543,16,,,0,23,,54554,16,,,0,22,,54544,16,,,0,84,,54545,16,,,0,85,,54546,16,,,0,85,,54547,16,,,0,45,,54548,16,,,0,84,,54549,16,,,0,84,,54550,16,,,0,85,,54529,16,,,0,45,,54528,16,,,0,85,,54526,16,,,0
12001,'1CCSDCUT-Weekday',554,,54557,16,,,0,63,,54584,16,,,0,22,,54559,16,,,0,63,,54583,16,,,0,22,,54562,16,,,0,23,,54585,16,,,0,62,,54563,16,,,0,45,,54564,16,,,0,85,,54565,16,,,0,85,,54566,16,,,0,85,,54567,16,,,0,45,,54568,16,,,0,85,,54569,16,,,0,85,,54570,16,,,0,85,,54571,16,,,0,45,,54572,16,,,0,86,,54573,16,,,0,63,,54588,16,,,0,22,,54574,16,,,0,23,,54587,16,,,0,62,,54575,16,,,0,23,,54586,16,,,0,22,,54576,16,,,0,84,,54577,16,,,0,85,,54578,16,,,0,85,,54579,16,,,0,45,,54580,16,,,0,84,,54581,16,,,0,84,,54582,16,,,0,85,,54561,16,,,0,45,,54560,16,,,0,85,,54558,16,,,0
12001,'1PUBCUT-Weekday',554,,54589,16,,,0,63,,54616,16,,,0,22,,54591,16,,,0,63,,54615,16,,,0,22,,54594,16,,,0,23,,54617,16,,,0,62,,54595,16,,,0,45,,54596,16,,,0,85,,54597,16,,,0,85,,54598,16,,,0,85,,54599,16,,,0,45,,54600,16,,,0,85,,54601,16,,,0,85,,54602,16,,,0,85,,54603,16,,,0,45,,54604,16,,,0,86,,54605,16,,,0,63,,54620,16,,,0,22,,54606,16,,,0,23,,54619,16,,,0,62,,54607,16,,,0,23,,54618,16,,,0,22,,54608,16,,,0,84,,54609,16,,,0,85,,54610,16,,,0,85,,54611,16,,,0,45,,54612,16,,,0,84,,54613,16,,,0,84,,54614,16,,,0,85,,54593,16,,,0,45,,54592,16,,,0,85,,54590,16,,,0
