801,'Saturday',717,,27659,42,,,0,27,,27660,42,,,0,67,,27661,42,,,0,27,,27662,42,,,0,67,,27663,42,,,0,27,,27664,42,,,0,27,,27665,42,,,0,67,,27666,42,,,0,27,,27667,42,,,0,67,,27668,42,,,0,27,,27669,42,,,0,67,,27670,42,,,0,27,,27671,42,,,0,67,,27672,42,,,0,27,,27673,42,,,0,67,,27674,42,,,0,27,,27676,42,,,0,27,,27677,42,,,0,67,,27678,42,,,0,27,,27675,42,,,0,67,,27679,42,,,0,27,,27680,42,,,0,67,,27681,42,,,0,27,,27682,42,,,0,67,,27683,42,,,0,27,,27685,42,,,0,27,,27686,42,,,0,67,,27687,42,,,0,27,,27684,42,,,0,67,,27688,42,,,0,27,,27689,42,,,0,70,,27690,42,,,0,35,,27691,42,,,0,75,,27692,42,,,0,75,,27693,42,,,0,35,,27694,42,,,0,75,,27695,42,,,0
801,'Sunday',717,,27697,42,,,0,27,,27696,42,,,0,67,,27698,42,,,0,27,,27699,42,,,0,67,,27700,42,,,0,27,,27701,42,,,0,27,,27703,42,,,0,67,,27702,42,,,0,27,,27704,42,,,0,67,,27705,42,,,0,27,,27706,42,,,0,67,,27707,42,,,0,27,,27708,42,,,0,67,,27709,42,,,0,27,,27710,42,,,0,67,,27711,42,,,0,27,,27712,42,,,0,27,,27713,42,,,0,67,,27714,42,,,0,27,,27715,42,,,0,67,,27716,42,,,0,27,,27717,42,,,0,67,,27719,42,,,0,27,,27721,42,,,0,67,,27720,42,,,0,27,,27722,42,,,0,27,,27718,42,,,0,67,,27725,42,,,0,27,,27723,42,,,0,67,,27724,42,,,0,27,,27726,42,,,0,70,,27727,42,,,0,35,,27728,42,,,0,75,,27729,42,,,0,75,,27730,42,,,0,35,,27731,42,,,0,75,,27732,42,,,0
801,'Weekday',548,,27794,42,,,0,58,,27757,42,,,0,19,,27736,42,,,0,18,,27738,42,,,0,57,,27748,42,,,0,16,,27765,42,,,0,18,,27773,42,,,0,6,,27781,42,,,0,5,,27782,42,,,0,7,,27795,42,,,0,5,,27783,42,,,0,45,,27784,42,,,0,7,,27758,42,,,0,5,,27785,42,,,0,5,,27786,42,,,0,7,,27737,42,,,0,5,,27787,42,,,0,5,,27788,42,,,0,7,,27740,42,,,0,4,,27789,42,,,0,12,,27749,42,,,0,56,,27766,42,,,0,16,,27774,42,,,0,13,,27796,42,,,0,61,,27759,42,,,0,21,,27739,42,,,0,21,,27750,42,,,0,61,,27767,42,,,0,21,,27797,42,,,0,21,,27760,42,,,0,61,,27741,42,,,0,21,,27751,42,,,0,21,,27769,42,,,0,61,,27798,42,,,0,21,,27761,42,,,0,21,,27742,42,,,0,61,,27752,42,,,0,21,,27768,42,,,0,65,,27799,42,,,0,12,,27790,42,,,0,10,,27762,42,,,0,10,,27791,42,,,0,10,,27743,42,,,0,5,,27792,42,,,0,9,,27776,42,,,0,60,,27753,42,,,0,5,,27793,42,,,0,7,,27779,42,,,0,5,,27770,42,,,0,5,,27778,42,,,0,5,,27780,42,,,0,5,,27775,42,,,0,57,,27800,42,,,0,17,,27763,42,,,0,17,,27744,42,,,0,17,,27777,42,,,0,57,,27734,42,,,0,21,,27771,42,,,0,19,,27801,42,,,0,61,,27764,42,,,0,21,,27745,42,,,0,21,,27754,42,,,0,61,,27772,42,,,0,20,,27802,42,,,0,75,,27735,42,,,0,29,,27755,42,,,0,75,,27804,42,,,0,31,,27746,42,,,0,73,,27756,42,,,0,33,,27803,42,,,0,73,,27747,42,,,0,73,,27733,42,,,0,45,,27805,42,,,0
801,'Weekday0000100',1427,,27806,42,,,0,79,,27807,42,,,0
801,'Weekday1111000',1610,,27808,42,,,0
801,'1CCSDCUT-Weekday',548,,27870,42,,,0,58,,27833,42,,,0,19,,27812,42,,,0,18,,27814,42,,,0,57,,27824,42,,,0,16,,27841,42,,,0,18,,27849,42,,,0,6,,27857,42,,,0,5,,27858,42,,,0,7,,27871,42,,,0,5,,27859,42,,,0,45,,27860,42,,,0,7,,27834,42,,,0,5,,27861,42,,,0,5,,27862,42,,,0,7,,27813,42,,,0,5,,27863,42,,,0,5,,27864,42,,,0,7,,27816,42,,,0,4,,27865,42,,,0,12,,27825,42,,,0,56,,27842,42,,,0,16,,27850,42,,,0,13,,27872,42,,,0,61,,27835,42,,,0,21,,27815,42,,,0,21,,27826,42,,,0,61,,27843,42,,,0,21,,27873,42,,,0,21,,27836,42,,,0,61,,27817,42,,,0,21,,27827,42,,,0,21,,27845,42,,,0,61,,27874,42,,,0,21,,27837,42,,,0,21,,27818,42,,,0,61,,27828,42,,,0,21,,27844,42,,,0,65,,27875,42,,,0,12,,27866,42,,,0,10,,27838,42,,,0,10,,27867,42,,,0,10,,27819,42,,,0,5,,27868,42,,,0,9,,27852,42,,,0,60,,27829,42,,,0,5,,27869,42,,,0,7,,27855,42,,,0,5,,27846,42,,,0,5,,27854,42,,,0,5,,27856,42,,,0,5,,27851,42,,,0,57,,27876,42,,,0,17,,27839,42,,,0,17,,27820,42,,,0,17,,27853,42,,,0,57,,27810,42,,,0,21,,27847,42,,,0,19,,27877,42,,,0,61,,27840,42,,,0,21,,27821,42,,,0,21,,27830,42,,,0,61,,27848,42,,,0,20,,27878,42,,,0,75,,27811,42,,,0,29,,27831,42,,,0,75,,27880,42,,,0,31,,27822,42,,,0,73,,27832,42,,,0,33,,27879,42,,,0,73,,27823,42,,,0,73,,27809,42,,,0,45,,27881,42,,,0
801,'1CCSDCUT-Weekday0000100',1427,,27882,42,,,0,79,,27883,42,,,0
801,'1CCSDCUT-Weekday1111000',1610,,27884,42,,,0
801,'1PUBCUT-Weekday',548,,27946,42,,,0,58,,27909,42,,,0,19,,27888,42,,,0,18,,27890,42,,,0,57,,27900,42,,,0,16,,27917,42,,,0,18,,27925,42,,,0,6,,27933,42,,,0,5,,27934,42,,,0,7,,27947,42,,,0,5,,27935,42,,,0,45,,27936,42,,,0,7,,27910,42,,,0,5,,27937,42,,,0,5,,27938,42,,,0,7,,27889,42,,,0,5,,27939,42,,,0,5,,27940,42,,,0,7,,27892,42,,,0,4,,27941,42,,,0,12,,27901,42,,,0,56,,27918,42,,,0,16,,27926,42,,,0,13,,27948,42,,,0,61,,27911,42,,,0,21,,27891,42,,,0,21,,27902,42,,,0,61,,27919,42,,,0,21,,27949,42,,,0,21,,27912,42,,,0,61,,27893,42,,,0,21,,27903,42,,,0,21,,27921,42,,,0,61,,27950,42,,,0,21,,27913,42,,,0,21,,27894,42,,,0,61,,27904,42,,,0,21,,27920,42,,,0,65,,27951,42,,,0,12,,27942,42,,,0,10,,27914,42,,,0,10,,27943,42,,,0,10,,27895,42,,,0,5,,27944,42,,,0,9,,27928,42,,,0,60,,27905,42,,,0,5,,27945,42,,,0,7,,27931,42,,,0,5,,27922,42,,,0,5,,27930,42,,,0,5,,27932,42,,,0,5,,27927,42,,,0,57,,27952,42,,,0,17,,27915,42,,,0,17,,27896,42,,,0,17,,27929,42,,,0,57,,27886,42,,,0,21,,27923,42,,,0,19,,27953,42,,,0,61,,27916,42,,,0,21,,27897,42,,,0,21,,27906,42,,,0,61,,27924,42,,,0,20,,27954,42,,,0,75,,27887,42,,,0,29,,27907,42,,,0,75,,27956,42,,,0,31,,27898,42,,,0,73,,27908,42,,,0,33,,27955,42,,,0,73,,27899,42,,,0,73,,27885,42,,,0,45,,27957,42,,,0
801,'1PUBCUT-Weekday0000100',1427,,27958,42,,,0,79,,27959,42,,,0
801,'1PUBCUT-Weekday1111000',1610,,27960,42,,,0
9000,'Saturday',630,,47924,9,,,0,72,,47904,9,,,0,32,,47913,9,,,0,72,,47926,9,,,0,32,,47905,9,,,0,72,,47914,9,,,0,32,,47925,9,,,0,72,,47906,9,,,0,32,,47916,9,,,0,72,,47927,9,,,0,33,,47908,9,,,0,72,,47917,9,,,0,32,,47928,9,,,0,72,,47909,9,,,0,32,,47915,9,,,0,72,,47931,9,,,0,72,,47907,9,,,0,32,,47918,9,,,0,72,,47929,9,,,0,31,,47910,9,,,0,73,,47919,9,,,0,31,,47932,9,,,0,72,,47911,9,,,0,32,,47921,9,,,0,72,,47930,9,,,0,32,,47912,9,,,0,72,,47920,9,,,0
9000,'Sunday',630,,47954,9,,,0,72,,47934,9,,,0,32,,47942,9,,,0,72,,47953,9,,,0,32,,47935,9,,,0,72,,47944,9,,,0,32,,47955,9,,,0,72,,47933,9,,,0,32,,47943,9,,,0,72,,47957,9,,,0,32,,47937,9,,,0,73,,47946,9,,,0,32,,47958,9,,,0,72,,47936,9,,,0,32,,47945,9,,,0,72,,47956,9,,,0,72,,47939,9,,,0,32,,47947,9,,,0,72,,47959,9,,,0,31,,47938,9,,,0,73,,47948,9,,,0,31,,47960,9,,,0,72,,47940,9,,,0,32,,47949,9,,,0,72,,47961,9,,,0,32,,47941,9,,,0,72,,47950,9,,,0
9000,'Weekday',609,,47982,9,,,0,30,,47992,9,,,0,69,,47963,9,,,0,30,,47973,9,,,0,70,,47983,9,,,0,30,,47993,9,,,0,69,,47964,9,,,0,30,,47974,9,,,0,70,,47984,9,,,0,30,,47994,9,,,0,70,,47965,9,,,0,30,,47975,9,,,0,70,,47985,9,,,0,30,,47995,9,,,0,70,,47968,9,,,0,30,,47976,9,,,0,70,,47986,9,,,0,30,,47996,9,,,0,71,,47966,9,,,0,30,,47977,9,,,0,70,,47987,9,,,0,30,,47997,9,,,0,70,,47967,9,,,0,28,,47978,9,,,0,70,,47988,9,,,0,30,,47998,9,,,0,20,,47969,9,,,0,70,,47979,9,,,0,30,,47989,9,,,0,70,,47999,9,,,0,16,,47970,9,,,0,70,,47980,9,,,0,30,,47990,9,,,0,70,,48000,9,,,0,10,,47971,9,,,0,30,,47981,9,,,0,65,,47991,9,,,0
9000,'1CCSDCUT-Weekday',609,,48021,9,,,0,30,,48031,9,,,0,69,,48002,9,,,0,30,,48012,9,,,0,70,,48022,9,,,0,30,,48032,9,,,0,69,,48003,9,,,0,30,,48013,9,,,0,70,,48023,9,,,0,30,,48033,9,,,0,70,,48004,9,,,0,30,,48014,9,,,0,70,,48024,9,,,0,30,,48034,9,,,0,70,,48007,9,,,0,30,,48015,9,,,0,70,,48025,9,,,0,30,,48035,9,,,0,71,,48005,9,,,0,30,,48016,9,,,0,70,,48026,9,,,0,30,,48036,9,,,0,70,,48006,9,,,0,28,,48017,9,,,0,70,,48027,9,,,0,30,,48037,9,,,0,20,,48008,9,,,0,70,,48018,9,,,0,30,,48028,9,,,0,70,,48038,9,,,0,16,,48009,9,,,0,70,,48019,9,,,0,30,,48029,9,,,0,70,,48039,9,,,0,10,,48010,9,,,0,30,,48020,9,,,0,65,,48030,9,,,0
9000,'1PUBCUT-Weekday',609,,48060,9,,,0,30,,48070,9,,,0,69,,48041,9,,,0,30,,48051,9,,,0,70,,48061,9,,,0,30,,48071,9,,,0,69,,48042,9,,,0,30,,48052,9,,,0,70,,48062,9,,,0,30,,48072,9,,,0,70,,48043,9,,,0,30,,48053,9,,,0,70,,48063,9,,,0,30,,48073,9,,,0,70,,48046,9,,,0,30,,48054,9,,,0,70,,48064,9,,,0,30,,48074,9,,,0,71,,48044,9,,,0,30,,48055,9,,,0,70,,48065,9,,,0,30,,48075,9,,,0,70,,48045,9,,,0,28,,48056,9,,,0,70,,48066,9,,,0,30,,48076,9,,,0,20,,48047,9,,,0,70,,48057,9,,,0,30,,48067,9,,,0,70,,48077,9,,,0,16,,48048,9,,,0,70,,48058,9,,,0,30,,48068,9,,,0,70,,48078,9,,,0,10,,48049,9,,,0,30,,48059,9,,,0,65,,48069,9,,,0
