1500,'Saturday',556,,79125,14,,,0,78,,79131,14,,,0,78,,79138,14,,,0,38,,79124,14,,,0,78,,79132,14,,,0,78,,79139,14,,,0,38,,79126,14,,,0,78,,79133,14,,,0,78,,79140,14,,,0,38,,79127,14,,,0,78,,79134,14,,,0,38,,79141,14,,,0,78,,79128,14,,,0,78,,79135,14,,,0,38,,79142,14,,,0,78,,79129,14,,,0,78,,79136,14,,,0,38,,79143,14,,,0,78,,79130,14,,,0,38,,79137,14,,,0
1500,'Sunday',556,,79145,14,,,0,97,,79151,14,,,0,97,,79144,14,,,0,97,,79152,14,,,0,97,,79146,14,,,0,97,,79153,14,,,0,97,,79147,14,,,0,97,,79154,14,,,0,97,,79148,14,,,0,97,,79155,14,,,0,97,,79149,14,,,0,97,,79156,14,,,0,97,,79150,14,,,0,97,,79157,14,,,0
1500,'Weekday',538,,79165,14,,,0,74,,79159,14,,,0,37,,79172,14,,,0,79,,79166,14,,,0,77,,79158,14,,,0,40,,79174,14,,,0,80,,79168,14,,,0,80,,79160,14,,,0,40,,79175,14,,,0,80,,79167,14,,,0,80,,79161,14,,,0,40,,79176,14,,,0,80,,79169,14,,,0,79,,79162,14,,,0,37,,79177,14,,,0,68,,79179,14,,,0,28,,79170,14,,,0,69,,79163,14,,,0,30,,79178,14,,,0,71,,79180,14,,,0,33,,79171,14,,,0,80,,79164,14,,,0,38,,79181,14,,,0,76,,79173,14,,,0
1500,'STMPSa-Saturday',556,,79183,14,,,0,78,,79189,14,,,0,78,,79196,14,,,0,38,,79182,14,,,0,78,,79190,14,,,0,78,,79197,14,,,0,38,,79184,14,,,0,78,,79191,14,,,0,78,,79198,14,,,0,38,,79185,14,,,0,78,,79192,14,,,0,38,,79199,14,,,0,78,,79186,14,,,0,78,,79193,14,,,0,38,,79200,14,,,0,78,,79187,14,,,0,78,,79194,14,,,0,38,,79201,14,,,0,78,,79188,14,,,0,38,,79195,14,,,0
1500,'STMPSnea-Weekday',538,,79209,14,,,0,74,,79203,14,,,0,37,,79216,14,,,0,79,,79210,14,,,0,77,,79202,14,,,0,40,,79218,14,,,0,80,,79212,14,,,0,80,,79204,14,,,0,40,,79219,14,,,0,80,,79211,14,,,0,80,,79205,14,,,0,40,,79220,14,,,0,80,,79213,14,,,0,79,,79206,14,,,0,37,,79221,14,,,0,68,,79223,14,,,0,28,,79214,14,,,0,69,,79207,14,,,0,30,,79222,14,,,0,71,,79224,14,,,0,33,,79215,14,,,0,80,,79208,14,,,0,38,,79225,14,,,0,76,,79217,14,,,0
1500,'STMPSu1-Sunday',556,,79227,14,,,0,97,,79233,14,,,0,97,,79226,14,,,0,97,,79234,14,,,0,97,,79228,14,,,0,97,,79235,14,,,0,97,,79229,14,,,0,97,,79236,14,,,0,97,,79230,14,,,0,97,,79237,14,,,0,97,,79231,14,,,0,97,,79238,14,,,0,97,,79232,14,,,0,97,,79239,14,,,0
1500,'STMPSu2-Sunday',556,,79241,14,,,0,97,,79247,14,,,0,97,,79240,14,,,0,97,,79248,14,,,0,97,,79242,14,,,0,97,,79249,14,,,0,97,,79243,14,,,0,97,,79250,14,,,0,97,,79244,14,,,0,97,,79251,14,,,0,97,,79245,14,,,0,97,,79252,14,,,0,97,,79246,14,,,0,97,,79253,14,,,0
1500,'STMPWeek-Weekday',538,,79261,14,,,0,74,,79255,14,,,0,37,,79268,14,,,0,79,,79262,14,,,0,77,,79254,14,,,0,40,,79270,14,,,0,80,,79264,14,,,0,80,,79256,14,,,0,40,,79271,14,,,0,80,,79263,14,,,0,80,,79257,14,,,0,40,,79272,14,,,0,80,,79265,14,,,0,79,,79258,14,,,0,37,,79273,14,,,0,68,,79275,14,,,0,28,,79266,14,,,0,69,,79259,14,,,0,30,,79274,14,,,0,71,,79276,14,,,0,33,,79267,14,,,0,80,,79260,14,,,0,38,,79277,14,,,0,76,,79269,14,,,0
1500,'STMPar-Weekday',538,,79285,14,,,0,74,,79279,14,,,0,37,,79291,14,,,0,79,,79286,14,,,0,77,,79278,14,,,0,40,,79294,14,,,0,80,,79288,14,,,0,80,,79280,14,,,0,40,,79295,14,,,0,80,,79287,14,,,0,80,,79281,14,,,0,40,,79296,14,,,0,80,,79289,14,,,0,79,,79282,14,,,0,37,,79297,14,,,0,68,,79299,14,,,0,28,,79290,14,,,0,69,,79283,14,,,0,30,,79298,14,,,0,71,,79300,14,,,0,33,,79292,14,,,0,80,,79284,14,,,0,38,,79301,14,,,0,76,,79293,14,,,0
4301,'Saturday',537,,91354,46,,,0,63,,91352,64,,,0,23,,91362,64,,,0,23,,91357,64,,,0,63,,91359,64,,,0,23,,91361,64,,,0,23,,91363,64,,,0,63,,91364,64,,,0,22,,91365,64,,,0,63,,91356,64,,,0,22,,91355,64,,,0,25,,91360,64,,,0,63,,91358,64,,,0,28,,91353,64,,,0,64,,91402,64,,,0,21,,91403,64,,,0,21,,91404,64,,,0,61,,91405,64,,,0,21,,91406,64,,,0,21,,91407,64,,,0,62,,91382,64,,,0,20,,91383,64,,,0,21,,91384,64,,,0,63,,91385,64,,,0,22,,91386,64,,,0,21,,91387,64,,,0,61,,91388,64,,,0,21,,91391,64,,,0,61,,91392,64,,,0,21,,91393,64,,,0,21,,91389,64,,,0,61,,91390,64,,,0,21,,91394,64,,,0,22,,91395,64,,,0,62,,91370,64,,,0,21,,91372,64,,,0,19,,91373,64,,,0,61,,91379,64,,,0,19,,91368,64,,,0,18,,91374,64,,,0,60,,91369,64,,,0,21,,91376,64,,,0,20,,91371,64,,,0,60,,91381,64,,,0,21,,91366,64,,,0,21,,91367,64,,,0,61,,91396,64,,,0,21,,91397,64,,,0,22,,91398,64,,,0,62,,91399,64,,,0,22,,91380,64,,,0,62,,91375,64,,,0,22,,91400,64,,,0,22,,91377,64,,,0,62,,91401,64,,,0,22,,91378,64,,,0
4301,'Sunday',537,,91414,46,,,0,63,,91408,64,,,0,23,,91431,64,,,0,23,,91420,64,,,0,63,,91438,64,,,0,23,,91449,64,,,0,23,,91425,64,,,0,63,,91443,64,,,0,22,,91415,64,,,0,63,,91409,64,,,0,22,,91432,64,,,0,25,,91421,64,,,0,63,,91437,64,,,0,28,,91450,64,,,0,64,,91426,64,,,0,21,,91459,64,,,0,21,,91444,64,,,0,61,,91416,64,,,0,21,,91410,64,,,0,21,,91433,64,,,0,62,,91455,64,,,0,20,,91422,64,,,0,21,,91440,64,,,0,63,,91451,64,,,0,22,,91427,64,,,0,21,,91460,64,,,0,61,,91445,64,,,0,21,,91417,64,,,0,61,,91411,64,,,0,21,,91434,64,,,0,21,,91456,64,,,0,61,,91423,64,,,0,21,,91439,64,,,0,22,,91452,64,,,0,62,,91429,64,,,0,21,,91461,64,,,0,19,,91446,64,,,0,61,,91418,64,,,0,19,,91412,64,,,0,18,,91435,64,,,0,60,,91457,64,,,0,21,,91424,64,,,0,20,,91441,64,,,0,60,,91453,64,,,0,21,,91428,64,,,0,21,,91462,64,,,0,61,,91447,64,,,0,21,,91419,64,,,0,22,,91413,64,,,0,62,,91436,64,,,0,22,,91458,64,,,0,62,,91442,64,,,0,22,,91454,64,,,0,22,,91430,64,,,0,62,,91463,64,,,0,22,,91448,64,,,0
4301,'Weekday',518,,91470,64,,,0,18,,91503,64,,,0,18,,91465,64,,,0,53,,91518,64,,,0,13,,91476,64,,,0,12,,91528,64,,,0,12,,91512,64,,,0,9,,91530,64,,,0,47,,91532,64,,,0,7,,91474,64,,,0,10,,91482,64,,,0,11,,91511,64,,,0,11,,91485,64,,,0,10,,91519,64,,,0,10,,91489,64,,,0,51,,91524,64,,,0,11,,91480,64,,,0,10,,91471,64,,,0,10,,91481,64,,,0,10,,91505,64,,,0,50,,91484,64,,,0,10,,91464,64,,,0,11,,91520,64,,,0,11,,91475,64,,,0,12,,91529,64,,,0,12,,91513,64,,,0,52,,91490,64,,,0,12,,91483,64,,,0,23,,91486,64,,,0,63,,91521,64,,,0,23,,91525,64,,,0,23,,91472,64,,,0,63,,91504,64,,,0,23,,91466,64,,,0,63,,91477,64,,,0,23,,91514,64,,,0,23,,91491,64,,,0,63,,91487,64,,,0,25,,91522,64,,,0,12,,91526,64,,,0,11,,91506,64,,,0,51,,91508,64,,,0,12,,91494,64,,,0,12,,91467,64,,,0,12,,91478,64,,,0,12,,91499,64,,,0,51,,91515,64,,,0,12,,91502,64,,,0,11,,91517,64,,,0,9,,91469,64,,,0,10,,91492,64,,,0,51,,91488,64,,,0,11,,91497,64,,,0,10,,91523,64,,,0,10,,91498,64,,,0,10,,91527,64,,,0,11,,91500,64,,,0,49,,91473,64,,,0,11,,91496,64,,,0,10,,91510,64,,,0,11,,91507,64,,,0,10,,91509,64,,,0,11,,91495,64,,,0,50,,91468,64,,,0,11,,91479,64,,,0,11,,91501,64,,,0,12,,91516,64,,,0,18,,91493,64,,,0,61,,91536,64,,,0,20,,91537,64,,,0,62,,91538,64,,,0,23,,91541,64,,,0,23,,91540,64,,,0,63,,91543,64,,,0,23,,91534,64,,,0,23,,91542,64,,,0,63,,91539,64,,,0,23,,91545,64,,,0,63,,91535,64,,,0,23,,91544,64,,,0,23,,91533,64,,,0,63,,91546,64,,,0,23,,91531,64,,,0
4301,'STMPSa-Saturday',537,,91549,46,,,0,63,,91547,64,,,0,23,,91557,64,,,0,23,,91553,64,,,0,63,,91551,64,,,0,23,,91556,64,,,0,23,,91558,64,,,0,63,,91559,64,,,0,22,,91560,64,,,0,63,,91552,64,,,0,22,,91550,64,,,0,25,,91555,64,,,0,63,,91554,64,,,0,28,,91548,64,,,0,64,,91597,64,,,0,21,,91598,64,,,0,21,,91599,64,,,0,61,,91600,64,,,0,21,,91601,64,,,0,21,,91602,64,,,0,62,,91577,64,,,0,20,,91578,64,,,0,21,,91579,64,,,0,63,,91580,64,,,0,22,,91581,64,,,0,21,,91582,64,,,0,61,,91583,64,,,0,21,,91586,64,,,0,61,,91587,64,,,0,21,,91588,64,,,0,21,,91584,64,,,0,61,,91585,64,,,0,21,,91589,64,,,0,22,,91590,64,,,0,62,,91565,64,,,0,21,,91567,64,,,0,19,,91568,64,,,0,61,,91574,64,,,0,19,,91563,64,,,0,18,,91569,64,,,0,60,,91564,64,,,0,21,,91571,64,,,0,20,,91566,64,,,0,60,,91576,64,,,0,21,,91561,64,,,0,21,,91562,64,,,0,61,,91591,64,,,0,21,,91592,64,,,0,22,,91593,64,,,0,62,,91594,64,,,0,22,,91575,64,,,0,62,,91570,64,,,0,22,,91595,64,,,0,22,,91572,64,,,0,62,,91596,64,,,0,22,,91573,64,,,0
4301,'STMPSnea-Weekday',518,,91609,64,,,0,18,,91642,64,,,0,18,,91604,64,,,0,53,,91657,64,,,0,13,,91615,64,,,0,12,,91667,64,,,0,12,,91651,64,,,0,9,,91669,64,,,0,47,,91671,64,,,0,7,,91613,64,,,0,10,,91621,64,,,0,11,,91650,64,,,0,11,,91624,64,,,0,10,,91658,64,,,0,10,,91628,64,,,0,51,,91663,64,,,0,11,,91619,64,,,0,10,,91610,64,,,0,10,,91620,64,,,0,10,,91644,64,,,0,50,,91623,64,,,0,10,,91603,64,,,0,11,,91659,64,,,0,11,,91614,64,,,0,12,,91668,64,,,0,12,,91652,64,,,0,52,,91629,64,,,0,12,,91622,64,,,0,23,,91625,64,,,0,63,,91660,64,,,0,23,,91664,64,,,0,23,,91611,64,,,0,63,,91643,64,,,0,23,,91605,64,,,0,63,,91616,64,,,0,23,,91653,64,,,0,23,,91630,64,,,0,63,,91626,64,,,0,25,,91661,64,,,0,12,,91665,64,,,0,11,,91645,64,,,0,51,,91647,64,,,0,12,,91633,64,,,0,12,,91606,64,,,0,12,,91617,64,,,0,12,,91638,64,,,0,51,,91654,64,,,0,12,,91641,64,,,0,11,,91656,64,,,0,9,,91608,64,,,0,10,,91631,64,,,0,51,,91627,64,,,0,11,,91636,64,,,0,10,,91662,64,,,0,10,,91637,64,,,0,10,,91666,64,,,0,11,,91639,64,,,0,49,,91612,64,,,0,11,,91635,64,,,0,10,,91649,64,,,0,11,,91646,64,,,0,10,,91648,64,,,0,11,,91634,64,,,0,50,,91607,64,,,0,11,,91618,64,,,0,11,,91640,64,,,0,12,,91655,64,,,0,18,,91632,64,,,0,61,,91675,64,,,0,20,,91676,64,,,0,62,,91677,64,,,0,23,,91680,64,,,0,23,,91679,64,,,0,63,,91682,64,,,0,23,,91673,64,,,0,23,,91681,64,,,0,63,,91678,64,,,0,23,,91684,64,,,0,63,,91674,64,,,0,23,,91683,64,,,0,23,,91672,64,,,0,63,,91685,64,,,0,23,,91670,64,,,0
4301,'STMPSu1-Sunday',537,,91692,46,,,0,63,,91686,64,,,0,23,,91709,64,,,0,23,,91698,64,,,0,63,,91716,64,,,0,23,,91728,64,,,0,23,,91703,64,,,0,63,,91721,64,,,0,22,,91694,64,,,0,63,,91687,64,,,0,22,,91710,64,,,0,25,,91699,64,,,0,63,,91715,64,,,0,28,,91727,64,,,0,64,,91704,64,,,0,21,,91737,64,,,0,21,,91722,64,,,0,61,,91693,64,,,0,21,,91688,64,,,0,21,,91711,64,,,0,62,,91733,64,,,0,20,,91700,64,,,0,21,,91718,64,,,0,63,,91729,64,,,0,22,,91705,64,,,0,21,,91738,64,,,0,61,,91723,64,,,0,21,,91695,64,,,0,61,,91689,64,,,0,21,,91712,64,,,0,21,,91734,64,,,0,61,,91701,64,,,0,21,,91717,64,,,0,22,,91730,64,,,0,62,,91707,64,,,0,21,,91739,64,,,0,19,,91724,64,,,0,61,,91696,64,,,0,19,,91690,64,,,0,18,,91713,64,,,0,60,,91735,64,,,0,21,,91702,64,,,0,20,,91719,64,,,0,60,,91731,64,,,0,21,,91706,64,,,0,21,,91740,64,,,0,61,,91725,64,,,0,21,,91697,64,,,0,22,,91691,64,,,0,62,,91714,64,,,0,22,,91736,64,,,0,62,,91720,64,,,0,22,,91732,64,,,0,22,,91708,64,,,0,62,,91741,64,,,0,22,,91726,64,,,0
4301,'STMPSu2-Sunday',537,,91748,46,,,0,63,,91742,64,,,0,23,,91765,64,,,0,23,,91754,64,,,0,63,,91772,64,,,0,23,,91783,64,,,0,23,,91759,64,,,0,63,,91777,64,,,0,22,,91749,64,,,0,63,,91743,64,,,0,22,,91766,64,,,0,25,,91755,64,,,0,63,,91771,64,,,0,28,,91784,64,,,0,64,,91760,64,,,0,21,,91793,64,,,0,21,,91778,64,,,0,61,,91750,64,,,0,21,,91744,64,,,0,21,,91767,64,,,0,62,,91789,64,,,0,20,,91756,64,,,0,21,,91774,64,,,0,63,,91785,64,,,0,22,,91761,64,,,0,21,,91794,64,,,0,61,,91779,64,,,0,21,,91751,64,,,0,61,,91745,64,,,0,21,,91768,64,,,0,21,,91790,64,,,0,61,,91757,64,,,0,21,,91773,64,,,0,22,,91786,64,,,0,62,,91763,64,,,0,21,,91795,64,,,0,19,,91780,64,,,0,61,,91752,64,,,0,19,,91746,64,,,0,18,,91769,64,,,0,60,,91791,64,,,0,21,,91758,64,,,0,20,,91775,64,,,0,60,,91787,64,,,0,21,,91762,64,,,0,21,,91796,64,,,0,61,,91781,64,,,0,21,,91753,64,,,0,22,,91747,64,,,0,62,,91770,64,,,0,22,,91792,64,,,0,62,,91776,64,,,0,22,,91788,64,,,0,22,,91764,64,,,0,62,,91797,64,,,0,22,,91782,64,,,0
4301,'STMPWeek-Weekday',518,,91804,64,,,0,18,,91837,64,,,0,18,,91799,64,,,0,53,,91852,64,,,0,13,,91810,64,,,0,12,,91862,64,,,0,12,,91846,64,,,0,9,,91864,64,,,0,47,,91866,64,,,0,7,,91808,64,,,0,10,,91816,64,,,0,11,,91845,64,,,0,11,,91819,64,,,0,10,,91853,64,,,0,10,,91823,64,,,0,51,,91858,64,,,0,11,,91814,64,,,0,10,,91805,64,,,0,10,,91815,64,,,0,10,,91839,64,,,0,50,,91818,64,,,0,10,,91798,64,,,0,11,,91854,64,,,0,11,,91809,64,,,0,12,,91863,64,,,0,12,,91847,64,,,0,52,,91824,64,,,0,12,,91817,64,,,0,23,,91820,64,,,0,63,,91855,64,,,0,23,,91859,64,,,0,23,,91806,64,,,0,63,,91838,64,,,0,23,,91800,64,,,0,63,,91811,64,,,0,23,,91848,64,,,0,23,,91825,64,,,0,63,,91821,64,,,0,25,,91856,64,,,0,12,,91860,64,,,0,11,,91840,64,,,0,51,,91842,64,,,0,12,,91828,64,,,0,12,,91801,64,,,0,12,,91812,64,,,0,12,,91833,64,,,0,51,,91849,64,,,0,12,,91836,64,,,0,11,,91851,64,,,0,9,,91803,64,,,0,10,,91826,64,,,0,51,,91822,64,,,0,11,,91831,64,,,0,10,,91857,64,,,0,10,,91832,64,,,0,10,,91861,64,,,0,11,,91834,64,,,0,49,,91807,64,,,0,11,,91830,64,,,0,10,,91844,64,,,0,11,,91841,64,,,0,10,,91843,64,,,0,11,,91829,64,,,0,50,,91802,64,,,0,11,,91813,64,,,0,11,,91835,64,,,0,12,,91850,64,,,0,18,,91827,64,,,0,61,,91870,64,,,0,20,,91871,64,,,0,62,,91872,64,,,0,23,,91875,64,,,0,23,,91874,64,,,0,63,,91877,64,,,0,23,,91868,64,,,0,23,,91876,64,,,0,63,,91873,64,,,0,23,,91879,64,,,0,63,,91869,64,,,0,23,,91878,64,,,0,23,,91867,64,,,0,63,,91880,64,,,0,23,,91865,64,,,0
4301,'STMPar-Weekday',518,,91887,64,,,0,18,,91920,64,,,0,18,,91882,64,,,0,53,,91935,64,,,0,13,,91893,64,,,0,12,,91945,64,,,0,12,,91929,64,,,0,9,,91947,64,,,0,47,,91949,64,,,0,7,,91891,64,,,0,10,,91899,64,,,0,11,,91928,64,,,0,11,,91902,64,,,0,10,,91936,64,,,0,10,,91906,64,,,0,51,,91941,64,,,0,11,,91897,64,,,0,10,,91888,64,,,0,10,,91898,64,,,0,10,,91922,64,,,0,50,,91901,64,,,0,10,,91881,64,,,0,11,,91937,64,,,0,11,,91892,64,,,0,12,,91946,64,,,0,12,,91930,64,,,0,52,,91907,64,,,0,12,,91900,64,,,0,23,,91903,64,,,0,63,,91938,64,,,0,23,,91942,64,,,0,23,,91889,64,,,0,63,,91921,64,,,0,23,,91883,64,,,0,63,,91894,64,,,0,23,,91931,64,,,0,23,,91908,64,,,0,63,,91904,64,,,0,25,,91939,64,,,0,12,,91943,64,,,0,11,,91923,64,,,0,51,,91925,64,,,0,12,,91911,64,,,0,12,,91884,64,,,0,12,,91895,64,,,0,12,,91916,64,,,0,51,,91932,64,,,0,12,,91919,64,,,0,11,,91934,64,,,0,9,,91886,64,,,0,10,,91909,64,,,0,51,,91905,64,,,0,11,,91914,64,,,0,10,,91940,64,,,0,10,,91915,64,,,0,10,,91944,64,,,0,11,,91917,64,,,0,49,,91890,64,,,0,11,,91913,64,,,0,10,,91927,64,,,0,11,,91924,64,,,0,10,,91926,64,,,0,11,,91912,64,,,0,50,,91885,64,,,0,11,,91896,64,,,0,11,,91918,64,,,0,12,,91933,64,,,0,18,,91910,64,,,0,61,,91953,64,,,0,20,,91954,64,,,0,62,,91955,64,,,0,23,,91958,64,,,0,23,,91957,64,,,0,63,,91960,64,,,0,23,,91951,64,,,0,23,,91959,64,,,0,63,,91956,64,,,0,23,,91962,64,,,0,63,,91952,64,,,0,23,,91961,64,,,0,23,,91950,64,,,0,63,,91963,64,,,0,23,,91948,64,,,0
