10800,'Saturday',712,,52711,6,,,0,44,,52721,6,,,0,85,,52712,6,,,0,85,,52722,6,,,0,85,,52713,6,,,0,45,,52723,6,,,0,85,,52715,6,,,0,77,,52724,6,,,0,85,,52714,6,,,0,45,,52725,6,,,0,85,,52717,6,,,0,85,,52727,6,,,0,85,,52716,6,,,0,45,,52726,6,,,0,85,,52719,6,,,0,85,,52728,6,,,0,85,,52718,6,,,0,45,,52729,6,,,0,85,,52720,6,,,0,85,,52730,6,,,0,85,,52731,6,,,0,45,,52710,6,,,0
10800,'Sunday',712,,52732,6,,,0,44,,52744,6,,,0,85,,52735,6,,,0,85,,52745,6,,,0,85,,52737,6,,,0,45,,52746,6,,,0,85,,52736,6,,,0,77,,52747,6,,,0,85,,52738,6,,,0,45,,52748,6,,,0,85,,52739,6,,,0,85,,52749,6,,,0,85,,52740,6,,,0,45,,52750,6,,,0,85,,52742,6,,,0,85,,52751,6,,,0,85,,52741,6,,,0,45,,52752,6,,,0,85,,52743,6,,,0,85,,52734,6,,,0,85,,52753,6,,,0,45,,52733,6,,,0
10800,'Weekday',529,,52754,6,,,0,30,,52759,6,,,0,70,,52757,6,,,0,30,,52760,6,,,0,71,,52761,6,,,0,70,,52762,6,,,0,29,,52763,6,,,0,30,,52764,6,,,0,70,,52766,6,,,0,30,,52767,6,,,0,70,,52768,6,,,0,30,,52765,6,,,0,70,,52769,6,,,0,30,,52770,6,,,0,70,,52771,6,,,0,30,,52772,6,,,0,70,,52775,6,,,0,30,,52776,6,,,0,70,,52773,6,,,0,30,,52774,6,,,0,71,,52777,6,,,0,70,,52778,6,,,0,30,,52779,6,,,0,70,,52780,6,,,0,30,,52781,6,,,0,70,,52782,6,,,0,29,,52783,6,,,0,30,,52784,6,,,0,70,,52785,6,,,0,30,,52786,6,,,0,70,,52787,6,,,0,30,,52788,6,,,0,70,,52789,6,,,0,30,,52790,6,,,0,70,,52791,6,,,0,30,,52758,6,,,0,70,,52756,6,,,0,30,,52755,6,,,0
10800,'1CCSDCUT-Weekday',529,,52792,6,,,0,30,,52797,6,,,0,70,,52795,6,,,0,30,,52798,6,,,0,71,,52799,6,,,0,70,,52800,6,,,0,29,,52801,6,,,0,30,,52802,6,,,0,70,,52804,6,,,0,30,,52805,6,,,0,70,,52806,6,,,0,30,,52803,6,,,0,70,,52807,6,,,0,30,,52808,6,,,0,70,,52809,6,,,0,30,,52810,6,,,0,70,,52813,6,,,0,30,,52814,6,,,0,70,,52811,6,,,0,30,,52812,6,,,0,71,,52815,6,,,0,70,,52816,6,,,0,30,,52817,6,,,0,70,,52818,6,,,0,30,,52819,6,,,0,70,,52820,6,,,0,29,,52821,6,,,0,30,,52822,6,,,0,70,,52823,6,,,0,30,,52824,6,,,0,70,,52825,6,,,0,30,,52826,6,,,0,70,,52827,6,,,0,30,,52828,6,,,0,70,,52829,6,,,0,30,,52796,6,,,0,70,,52794,6,,,0,30,,52793,6,,,0
10800,'1PUBCUT-Weekday',529,,52830,6,,,0,30,,52835,6,,,0,70,,52833,6,,,0,30,,52836,6,,,0,71,,52837,6,,,0,70,,52838,6,,,0,29,,52839,6,,,0,30,,52840,6,,,0,70,,52842,6,,,0,30,,52843,6,,,0,70,,52844,6,,,0,30,,52841,6,,,0,70,,52845,6,,,0,30,,52846,6,,,0,70,,52847,6,,,0,30,,52848,6,,,0,70,,52851,6,,,0,30,,52852,6,,,0,70,,52849,6,,,0,30,,52850,6,,,0,71,,52853,6,,,0,70,,52854,6,,,0,30,,52855,6,,,0,70,,52856,6,,,0,30,,52857,6,,,0,70,,52858,6,,,0,29,,52859,6,,,0,30,,52860,6,,,0,70,,52861,6,,,0,30,,52862,6,,,0,70,,52863,6,,,0,30,,52864,6,,,0,70,,52865,6,,,0,30,,52866,6,,,0,70,,52867,6,,,0,30,,52834,6,,,0,70,,52832,6,,,0,30,,52831,6,,,0
72100,'Weekday',823,,68486,6,0,140 1 165 31 1 166,0
72100,'1CCSDCUT-Weekday',823,,68487,6,0,140 1 165 31 1 166,0
89600,'Weekday',754,,69173,10,0,167 1 165 31 1 166,0
89600,'1PUBCUT-Weekday',754,,69174,10,0,167 1 165 31 1 166,0
89601,'Weekday',1530,,69175,16,0,167 1 165 31 1 166,0
89601,'1PUBCUT-Weekday',1530,,69176,16,0,167 1 165 31 1 166,0
