9900,'Saturday',620,,71014,,,0,30,,70989,,,0,70,,70990,,,0,30,,71023,,,0,70,,70994,,,0,30,,70997,,,0,70,,71019,,,0,30,,70993,,,0,70,,70998,,,0,30,,71020,,,0,70,,70996,,,0,30,,70995,,,0,70,,71021,,,0,30,,70999,,,0,70,,71001,,,0,30,,71013,,,0,70,,71002,,,0,30,,71003,,,0,70,,71017,,,0,30,,71000,,,0,70,,71004,,,0,30,,71015,,,0,70,,71006,,,0,30,,71007,,,0,70,,71016,,,0,30,,71008,,,0,70,,71005,,,0,30,,71018,,,0,70,,71009,,,0,30,,71010,,,0,70,,71022,,,0,30,,71011,,,0,70,,70991,,,0,30,,71012,,,0,70,,70992,,,0
9900,'Sunday',620,,71045,,,0,30,,71024,,,0,70,,71025,,,0,30,,71055,,,0,70,,71026,,,0,30,,71028,,,0,70,,71047,,,0,30,,71033,,,0,70,,71034,,,0,30,,71049,,,0,70,,71031,,,0,30,,71029,,,0,70,,71052,,,0,30,,71027,,,0,70,,71032,,,0,30,,71048,,,0,70,,71030,,,0,30,,71035,,,0,70,,71050,,,0,30,,71036,,,0,70,,71037,,,0,30,,71054,,,0,70,,71038,,,0,30,,71040,,,0,70,,71046,,,0,30,,71039,,,0,70,,71041,,,0,30,,71053,,,0,70,,71043,,,0,30,,71042,,,0,70,,71051,,,0,30,,71044,,,0
9900,'Weekday',535,,71064,,,0,23,,71073,,,0,73,,71067,,,0,70,,71069,,,0,30,,71071,,,0,70,,71066,,,0,30,,71065,,,0,24,,71068,,,0,75,,71070,,,0,70,,71074,,,0,30,,71075,,,0,70,,71072,,,0,30,,71076,,,0,70,,71077,,,0,30,,71078,,,0,70,,71079,,,0,30,,71080,,,0,70,,71081,,,0,30,,71082,,,0,71,,71083,,,0,30,,71084,,,0,70,,71085,,,0,30,,71086,,,0,70,,71088,,,0,30,,71089,,,0,70,,71090,,,0,30,,71091,,,0,69,,71092,,,0,28,,71093,,,0,30,,71087,,,0,70,,71061,,,0,30,,71059,,,0,69,,71057,,,0,30,,71060,,,0,70,,71062,,,0,30,,71056,,,0,70,,71058,,,0,73,,71063,,,0
9900,'1CCSDCUT-Weekday',535,,71102,,,0,23,,71111,,,0,73,,71105,,,0,70,,71107,,,0,30,,71109,,,0,70,,71104,,,0,30,,71103,,,0,24,,71106,,,0,75,,71108,,,0,70,,71112,,,0,30,,71113,,,0,70,,71110,,,0,30,,71114,,,0,70,,71115,,,0,30,,71116,,,0,70,,71117,,,0,30,,71118,,,0,70,,71119,,,0,30,,71120,,,0,71,,71121,,,0,30,,71122,,,0,70,,71123,,,0,30,,71124,,,0,70,,71126,,,0,30,,71127,,,0,70,,71128,,,0,30,,71129,,,0,69,,71130,,,0,28,,71131,,,0,30,,71125,,,0,70,,71099,,,0,30,,71097,,,0,69,,71095,,,0,30,,71098,,,0,70,,71100,,,0,30,,71094,,,0,70,,71096,,,0,73,,71101,,,0
9900,'1PUBCUT-Weekday',535,,71140,,,0,23,,71149,,,0,73,,71143,,,0,70,,71145,,,0,30,,71147,,,0,70,,71142,,,0,30,,71141,,,0,24,,71144,,,0,75,,71146,,,0,70,,71150,,,0,30,,71151,,,0,70,,71148,,,0,30,,71152,,,0,70,,71153,,,0,30,,71154,,,0,70,,71155,,,0,30,,71156,,,0,70,,71157,,,0,30,,71158,,,0,71,,71159,,,0,30,,71160,,,0,70,,71161,,,0,30,,71162,,,0,70,,71164,,,0,30,,71165,,,0,70,,71166,,,0,30,,71167,,,0,69,,71168,,,0,28,,71169,,,0,30,,71163,,,0,70,,71137,,,0,30,,71135,,,0,69,,71133,,,0,30,,71136,,,0,70,,71138,,,0,30,,71132,,,0,70,,71134,,,0,73,,71139,,,0
71100,'Weekday',849,,88692,4,,0
71100,'1CCSDCUT-Weekday',849,,88693,4,,0
71101,'Weekday0000100',1415,10,88694,0,29 159,0
71101,'Weekday1111000',1540,10,88695,0,29 159,0
71101,'1CCSDCUT-Weekday0000100',1415,10,88696,0,29 159,0
71101,'1CCSDCUT-Weekday1111000',1540,10,88697,0,29 159,0
71200,'Weekday',850,,88698,4,,0
71200,'1CCSDCUT-Weekday',850,,88699,4,,0
71201,'Weekday0000100',1415,10,88700,0,29 158,0
71201,'Weekday1111000',1540,10,88701,0,29 158,0
71201,'1CCSDCUT-Weekday0000100',1415,10,88702,0,29 158,0
71201,'1CCSDCUT-Weekday1111000',1540,10,88703,0,29 158,0
71300,'Weekday',850,,88704,4,,0
71300,'1CCSDCUT-Weekday',850,,88705,4,,0
71301,'Weekday0000100',1415,10,88706,0,29 160,0
71301,'Weekday1111000',1540,10,88707,0,29 160,0
71301,'1CCSDCUT-Weekday0000100',1415,10,88708,0,29 160,0
71301,'1CCSDCUT-Weekday1111000',1540,10,88709,0,29 160,0
71400,'Weekday',850,,88711,4,,0
71400,'1CCSDCUT-Weekday',850,,88713,4,,0
71500,'Weekday',850,,88727,4,,0
71500,'1CCSDCUT-Weekday',850,,88729,4,,0
71501,'Weekday0000100',1415,10,88731,0,29 161,0
71501,'Weekday1111000',1540,10,88732,0,29 161,0
71501,'1CCSDCUT-Weekday0000100',1415,10,88734,0,29 161,0
71501,'1CCSDCUT-Weekday1111000',1540,10,88735,0,29 161,0
71600,'Weekday',850,,88737,4,,0
71600,'1CCSDCUT-Weekday',850,,88739,4,,0
71700,'Weekday',850,,88748,4,,0
71700,'1CCSDCUT-Weekday',850,,88749,4,,0
71800,'Weekday',850,,88755,4,,0
71800,'1CCSDCUT-Weekday',850,,88757,4,,0
71801,'Weekday0000100',1415,10,88758,0,29 104,0
71801,'Weekday1111000',1540,10,88759,0,29 104,0
71801,'1CCSDCUT-Weekday0000100',1415,10,88760,0,29 104,0
71801,'1CCSDCUT-Weekday1111000',1540,10,88761,0,29 104,0
71900,'Weekday',850,,88763,4,,0
71900,'1CCSDCUT-Weekday',850,,88765,4,,0
72000,'Weekday',850,,88774,4,,0
72000,'1CCSDCUT-Weekday',850,,88775,4,,0
