7900,'Weekday',430,,45435,7,,,0,25,,45459,7,,,0,64,,45456,7,,,0,24,,45457,7,,,0,66,,45443,7,,,0,24,,45460,7,,,0,24,,45446,7,,,0,64,,45448,7,,,0,24,,45439,7,,,0,64,,45437,7,,,0,25,,45455,7,,,0,72,,45450,7,,,0,32,,45453,7,,,0,72,,45441,7,,,0,32,,45434,7,,,0,72,,45447,7,,,0,32,,45430,7,,,0,72,,45458,7,,,0,32,,45444,7,,,0,72,,45451,7,,,0,32,,45436,7,,,0,72,,45442,7,,,0,24,,45440,7,,,0,64,,45445,7,,,0,24,,45438,7,,,0,66,,45431,7,,,0,22,,45432,7,,,0,24,,45454,7,,,0,64,,45461,7,,,0,24,,45449,7,,,0,64,,45462,7,,,0,24,,45433,7,,,0,24,,45452,7,,,0
7900,'Weekday0000100',1348,,45463,7,,,0
7900,'1CCSDCUT-Weekday',430,,45469,7,,,0,25,,45493,7,,,0,64,,45490,7,,,0,24,,45491,7,,,0,66,,45477,7,,,0,24,,45494,7,,,0,24,,45480,7,,,0,64,,45482,7,,,0,24,,45473,7,,,0,64,,45471,7,,,0,25,,45489,7,,,0,72,,45484,7,,,0,32,,45487,7,,,0,72,,45475,7,,,0,32,,45468,7,,,0,72,,45481,7,,,0,32,,45464,7,,,0,72,,45492,7,,,0,32,,45478,7,,,0,72,,45485,7,,,0,32,,45470,7,,,0,72,,45476,7,,,0,24,,45474,7,,,0,64,,45479,7,,,0,24,,45472,7,,,0,66,,45465,7,,,0,22,,45466,7,,,0,24,,45488,7,,,0,64,,45495,7,,,0,24,,45483,7,,,0,64,,45496,7,,,0,24,,45467,7,,,0,24,,45486,7,,,0
7900,'1CCSDCUT-Weekday0000100',1348,,45497,7,,,0
7900,'1PUBCUT-Weekday',430,,45503,7,,,0,25,,45527,7,,,0,64,,45524,7,,,0,24,,45525,7,,,0,66,,45511,7,,,0,24,,45528,7,,,0,24,,45514,7,,,0,64,,45516,7,,,0,24,,45507,7,,,0,64,,45505,7,,,0,25,,45523,7,,,0,72,,45518,7,,,0,32,,45521,7,,,0,72,,45509,7,,,0,32,,45502,7,,,0,72,,45515,7,,,0,32,,45498,7,,,0,72,,45526,7,,,0,32,,45512,7,,,0,72,,45519,7,,,0,32,,45504,7,,,0,72,,45510,7,,,0,24,,45508,7,,,0,64,,45513,7,,,0,24,,45506,7,,,0,66,,45499,7,,,0,22,,45500,7,,,0,24,,45522,7,,,0,64,,45529,7,,,0,24,,45517,7,,,0,64,,45530,7,,,0,24,,45501,7,,,0,24,,45520,7,,,0
7900,'1PUBCUT-Weekday0000100',1348,,45531,7,,,0
86600,'Weekday0000100',1443,,69091,13,0,17 18 19 1 20,0
86600,'Weekday1111000',1559,,69093,13,0,17 18 19 1 20,0
86600,'1PUBCUT-Weekday0000100',1443,,69095,13,0,17 18 19 1 20,0
86600,'1PUBCUT-Weekday1111000',1559,,69097,13,0,17 18 19 1 20,0
86601,'Weekday',815,,69099,7,0,17 18 19 1 20,0
86601,'1PUBCUT-Weekday',815,,69101,7,0,17 18 19 1 20,0
87900,'Weekday',747,,69135,7,0,213 38 214 1 20,0
87900,'1PUBCUT-Weekday',747,,69137,7,0,213 38 214 1 20,0
87901,'Weekday',1459,,69139,8,0,213 38 214 1 20,0
87901,'1PUBCUT-Weekday',1459,,69141,8,0,213 38 214 1 20,0
