9000,'Saturday',606,,68217,4,,0,32,,68216,4,,0,68,,68218,4,,0,32,,68198,4,,0,72,,68207,4,,0,32,,68220,4,,0,72,,68199,4,,0,32,,68208,4,,0,72,,68219,4,,0,32,,68200,4,,0,72,,68210,4,,0,32,,68221,4,,0,75,,68202,4,,0,73,,68211,4,,0,32,,68222,4,,0,72,,68203,4,,0,32,,68209,4,,0,72,,68225,4,,0,32,,68201,4,,0,72,,68212,4,,0,32,,68223,4,,0,71,,68204,4,,0,33,,68213,4,,0,70,,68226,4,,0,30,,68205,4,,0,72,,68215,4,,0,32,,68224,4,,0,72,,68206,4,,0,32,,68214,4,,0
9000,'Sunday',600,,68245,4,,0,32,,68246,4,,0,74,,68248,4,,0,32,,68228,4,,0,72,,68236,4,,0,32,,68247,4,,0,72,,68229,4,,0,32,,68238,4,,0,72,,68249,4,,0,32,,68227,4,,0,72,,68237,4,,0,32,,68251,4,,0,74,,68231,4,,0,74,,68240,4,,0,32,,68252,4,,0,72,,68230,4,,0,32,,68239,4,,0,72,,68250,4,,0,32,,68233,4,,0,72,,68241,4,,0,32,,68253,4,,0,71,,68232,4,,0,33,,68242,4,,0,70,,68254,4,,0,30,,68234,4,,0,72,,68243,4,,0,32,,68255,4,,0,72,,68235,4,,0,32,,68244,4,,0
9000,'Weekday',600,,68256,4,,0,30,,68266,4,,0,20,,68276,4,,0,77,,68286,4,,0,29,,68257,4,,0,70,,68267,4,,0,30,,68277,4,,0,70,,68287,4,,0,29,,68258,4,,0,70,,68268,4,,0,30,,68278,4,,0,70,,68288,4,,0,30,,68259,4,,0,70,,68269,4,,0,30,,68279,4,,0,70,,68289,4,,0,30,,68262,4,,0,70,,68270,4,,0,30,,68280,4,,0,70,,68290,4,,0,31,,68260,4,,0,70,,68271,4,,0,30,,68281,4,,0,70,,68291,4,,0,30,,68261,4,,0,66,,68272,4,,0,30,,68282,4,,0,70,,68292,4,,0,20,,68263,4,,0,70,,68273,4,,0,26,,68283,4,,0,66,,68293,4,,0,16,,68264,4,,0,30,,68274,4,,0,70,,68284,4,,0,30,,68294,4,,0,50,,68265,4,,0,30,,68275,4,,0,25,,68285,4,,0
9000,'1CCSDCUT-Weekday',600,,68295,4,,0,30,,68305,4,,0,20,,68315,4,,0,77,,68325,4,,0,29,,68296,4,,0,70,,68306,4,,0,30,,68316,4,,0,70,,68326,4,,0,29,,68297,4,,0,70,,68307,4,,0,30,,68317,4,,0,70,,68327,4,,0,30,,68298,4,,0,70,,68308,4,,0,30,,68318,4,,0,70,,68328,4,,0,30,,68301,4,,0,70,,68309,4,,0,30,,68319,4,,0,70,,68329,4,,0,31,,68299,4,,0,70,,68310,4,,0,30,,68320,4,,0,70,,68330,4,,0,30,,68300,4,,0,66,,68311,4,,0,30,,68321,4,,0,70,,68331,4,,0,20,,68302,4,,0,70,,68312,4,,0,26,,68322,4,,0,66,,68332,4,,0,16,,68303,4,,0,30,,68313,4,,0,70,,68323,4,,0,30,,68333,4,,0,50,,68304,4,,0,30,,68314,4,,0,25,,68324,4,,0
9000,'1PUBCUT-Weekday',600,,68334,4,,0,30,,68344,4,,0,20,,68354,4,,0,77,,68364,4,,0,29,,68335,4,,0,70,,68345,4,,0,30,,68355,4,,0,70,,68365,4,,0,29,,68336,4,,0,70,,68346,4,,0,30,,68356,4,,0,70,,68366,4,,0,30,,68337,4,,0,70,,68347,4,,0,30,,68357,4,,0,70,,68367,4,,0,30,,68340,4,,0,70,,68348,4,,0,30,,68358,4,,0,70,,68368,4,,0,31,,68338,4,,0,70,,68349,4,,0,30,,68359,4,,0,70,,68369,4,,0,30,,68339,4,,0,66,,68350,4,,0,30,,68360,4,,0,70,,68370,4,,0,20,,68341,4,,0,70,,68351,4,,0,26,,68361,4,,0,66,,68371,4,,0,16,,68342,4,,0,30,,68352,4,,0,70,,68362,4,,0,30,,68372,4,,0,50,,68343,4,,0,30,,68353,4,,0,25,,68363,4,,0
9001,'Saturday',606,,68373,,,0,32,,68383,,,0,72,,68393,,,0,32,,68374,,,0,72,,68384,,,0,32,,68394,,,0,72,,68376,,,0,32,,68386,,,0,72,,68395,,,0,32,,68377,,,0,72,,68385,,,0,32,,68396,,,0,72,,68378,,,0,72,,68387,,,0,32,,68397,,,0,72,,68375,,,0,32,,68388,,,0,72,,68398,,,0,32,,68379,,,0,72,,68389,,,0,32,,68399,,,0,72,,68380,,,0,32,,68392,,,0,72,,68400,,,0,32,,68382,,,0,72,,68391,,,0,32,,68401,,,0,72,,68381,,,0,72,,68390,,,0
9001,'Sunday',600,,68402,,,0,32,,68412,,,0,78,,68423,,,0,32,,68403,,,0,72,,68413,,,0,32,,68422,,,0,72,,68405,,,0,32,,68415,,,0,72,,68425,,,0,32,,68404,,,0,72,,68414,,,0,32,,68424,,,0,72,,68406,,,0,72,,68416,,,0,32,,68426,,,0,72,,68407,,,0,32,,68417,,,0,72,,68428,,,0,32,,68408,,,0,72,,68418,,,0,32,,68427,,,0,72,,68409,,,0,32,,68419,,,0,72,,68429,,,0,32,,68410,,,0,72,,68420,,,0,32,,68430,,,0,72,,68411,,,0,72,,68421,,,0
9001,'Weekday',600,,68431,,,0,30,,68441,,,0,70,,68450,,,0,30,,68459,,,0,70,,68432,,,0,30,,68440,,,0,70,,68451,,,0,30,,68460,,,0,70,,68434,,,0,30,,68442,,,0,70,,68452,,,0,30,,68461,,,0,70,,68433,,,0,30,,68443,,,0,70,,68453,,,0,30,,68462,,,0,70,,68436,,,0,30,,68444,,,0,70,,68454,,,0,30,,68463,,,0,70,,68435,,,0,30,,68445,,,0,70,,68455,,,0,30,,68464,,,0,70,,68437,,,0,30,,68446,,,0,70,,68456,,,0,30,,68465,,,0,15,,68438,,,0,70,,68447,,,0,30,,68457,,,0,70,,68466,,,0,10,,68439,,,0,30,,68448,,,0,70,,68458,,,0,30,,68467,,,0,75,,68449,,,0
9001,'1CCSDCUT-Weekday',600,,68468,,,0,30,,68478,,,0,70,,68487,,,0,30,,68496,,,0,70,,68469,,,0,30,,68477,,,0,70,,68488,,,0,30,,68497,,,0,70,,68471,,,0,30,,68479,,,0,70,,68489,,,0,30,,68498,,,0,70,,68470,,,0,30,,68480,,,0,70,,68490,,,0,30,,68499,,,0,70,,68473,,,0,30,,68481,,,0,70,,68491,,,0,30,,68500,,,0,70,,68472,,,0,30,,68482,,,0,70,,68492,,,0,30,,68501,,,0,70,,68474,,,0,30,,68483,,,0,70,,68493,,,0,30,,68502,,,0,15,,68475,,,0,70,,68484,,,0,30,,68494,,,0,70,,68503,,,0,10,,68476,,,0,30,,68485,,,0,70,,68495,,,0,30,,68504,,,0,75,,68486,,,0
9001,'1PUBCUT-Weekday',600,,68505,,,0,30,,68515,,,0,70,,68524,,,0,30,,68533,,,0,70,,68506,,,0,30,,68514,,,0,70,,68525,,,0,30,,68534,,,0,70,,68508,,,0,30,,68516,,,0,70,,68526,,,0,30,,68535,,,0,70,,68507,,,0,30,,68517,,,0,70,,68527,,,0,30,,68536,,,0,70,,68510,,,0,30,,68518,,,0,70,,68528,,,0,30,,68537,,,0,70,,68509,,,0,30,,68519,,,0,70,,68529,,,0,30,,68538,,,0,70,,68511,,,0,30,,68520,,,0,70,,68530,,,0,30,,68539,,,0,15,,68512,,,0,70,,68521,,,0,30,,68531,,,0,70,,68540,,,0,10,,68513,,,0,30,,68522,,,0,70,,68532,,,0,30,,68541,,,0,75,,68523,,,0
