1301,'Saturday',646,,29308,32,,,0,73,,29317,32,,,0,30,,29328,32,,,0,72,,29307,32,,,0,34,,29319,32,,,0,75,,29329,32,,,0,74,,29309,32,,,0,34,,29318,32,,,0,74,,29330,32,,,0,34,,29311,32,,,0,74,,29320,32,,,0,34,,29312,32,,,0,74,,29321,32,,,0,74,,29331,32,,,0,34,,29310,32,,,0,75,,29322,32,,,0,37,,29332,32,,,0,74,,29314,32,,,0,34,,29324,32,,,0,74,,29333,32,,,0,74,,29315,32,,,0,31,,29325,32,,,0,74,,29336,32,,,0,32,,29313,32,,,0,73,,29323,32,,,0,34,,29334,32,,,0,74,,29326,32,,,0,34,,29335,32,,,0,74,,29316,32,,,0,74,,29327,32,,,0,34,,29337,32,,,0
1301,'Sunday',646,,29339,32,,,0,73,,29348,32,,,0,33,,29360,32,,,0,70,,29340,32,,,0,33,,29350,32,,,0,74,,29361,32,,,0,74,,29338,32,,,0,34,,29352,32,,,0,74,,29362,32,,,0,34,,29342,32,,,0,74,,29351,32,,,0,34,,29363,32,,,0,74,,29343,32,,,0,74,,29353,32,,,0,34,,29364,32,,,0,74,,29341,32,,,0,34,,29354,32,,,0,74,,29365,32,,,0,34,,29345,32,,,0,74,,29355,32,,,0,34,,29366,32,,,0,74,,29346,32,,,0,74,,29356,32,,,0,34,,29367,32,,,0,74,,29347,32,,,0,34,,29359,32,,,0,74,,29368,32,,,0,34,,29344,32,,,0,74,,29357,32,,,0,74,,29369,32,,,0,34,,29349,32,,,0,74,,29358,32,,,0,34,,29370,32,,,0
1301,'Weekday',633,,29389,32,,,0,72,,29372,32,,,0,30,,29380,32,,,0,70,,29399,32,,,0,30,,29390,32,,,0,70,,29371,32,,,0,29,,29382,32,,,0,70,,29398,32,,,0,30,,29391,32,,,0,70,,29373,32,,,0,30,,29381,32,,,0,70,,29400,32,,,0,30,,29392,32,,,0,70,,29374,32,,,0,30,,29383,32,,,0,70,,29401,32,,,0,30,,29393,32,,,0,70,,29375,32,,,0,31,,29384,32,,,0,70,,29402,32,,,0,30,,29394,32,,,0,70,,29377,32,,,0,30,,29385,32,,,0,70,,29403,32,,,0,30,,29395,32,,,0,70,,29376,32,,,0,28,,29386,32,,,0,70,,29404,32,,,0,30,,29396,32,,,0,70,,29378,32,,,0,30,,29387,32,,,0,70,,29405,32,,,0,30,,29397,32,,,0,70,,29379,32,,,0,33,,29388,32,,,0
1301,'1CCSDCUT-Weekday',633,,29424,32,,,0,72,,29407,32,,,0,30,,29415,32,,,0,70,,29434,32,,,0,30,,29425,32,,,0,70,,29406,32,,,0,29,,29417,32,,,0,70,,29433,32,,,0,30,,29426,32,,,0,70,,29408,32,,,0,30,,29416,32,,,0,70,,29435,32,,,0,30,,29427,32,,,0,70,,29409,32,,,0,30,,29418,32,,,0,70,,29436,32,,,0,30,,29428,32,,,0,70,,29410,32,,,0,31,,29419,32,,,0,70,,29437,32,,,0,30,,29429,32,,,0,70,,29412,32,,,0,30,,29420,32,,,0,70,,29438,32,,,0,30,,29430,32,,,0,70,,29411,32,,,0,28,,29421,32,,,0,70,,29439,32,,,0,30,,29431,32,,,0,70,,29413,32,,,0,30,,29422,32,,,0,70,,29440,32,,,0,30,,29432,32,,,0,70,,29414,32,,,0,33,,29423,32,,,0
1301,'1PUBCUT-Weekday',633,,29459,32,,,0,72,,29442,32,,,0,30,,29450,32,,,0,70,,29469,32,,,0,30,,29460,32,,,0,70,,29441,32,,,0,29,,29452,32,,,0,70,,29468,32,,,0,30,,29461,32,,,0,70,,29443,32,,,0,30,,29451,32,,,0,70,,29470,32,,,0,30,,29462,32,,,0,70,,29444,32,,,0,30,,29453,32,,,0,70,,29471,32,,,0,30,,29463,32,,,0,70,,29445,32,,,0,31,,29454,32,,,0,70,,29472,32,,,0,30,,29464,32,,,0,70,,29447,32,,,0,30,,29455,32,,,0,70,,29473,32,,,0,30,,29465,32,,,0,70,,29446,32,,,0,28,,29456,32,,,0,70,,29474,32,,,0,30,,29466,32,,,0,70,,29448,32,,,0,30,,29457,32,,,0,70,,29475,32,,,0,30,,29467,32,,,0,70,,29449,32,,,0,33,,29458,32,,,0
69900,'Weekday0000100',1345,,68339,1,0,115 116,0,80,,68338,1,0,115 116,0
69900,'Weekday1111000',1537,,68340,1,0,115 116,0
69900,'1CCSDCUT-Weekday0000100',1345,,68342,1,0,115 116,0,80,,68341,1,0,115 116,0
69900,'1CCSDCUT-Weekday1111000',1537,,68343,1,0,115 116,0
69900,'1PUBCUT-Weekday0000100',1345,,68345,1,0,115 116,0,80,,68344,1,0,115 116,0
69900,'1PUBCUT-Weekday1111000',1537,,68346,1,0,115 116,0
