400,'Saturday',607,,46322,,,0,24,,46336,,,0,24,,46353,,,0,64,,46323,,,0,26,,46337,,,0,65,,46354,,,0,24,,46324,,,0,24,,46339,,,0,64,,46355,,,0,24,,46325,,,0,64,,46340,,,0,25,,46351,,,0,67,,46326,,,0,25,,46341,,,0,26,,46357,,,0,66,,46327,,,0,26,,46338,,,0,66,,46358,,,0,26,,46328,,,0,66,,46342,,,0,26,,46352,,,0,26,,46329,,,0,66,,46343,,,0,26,,46356,,,0,66,,46330,,,0,25,,46345,,,0,65,,46359,,,0,25,,46331,,,0,25,,46346,,,0,65,,46360,,,0,25,,46332,,,0,65,,46348,,,0,25,,46361,,,0,25,,46333,,,0,65,,46344,,,0,25,,46362,,,0,65,,46365,,,0,25,,46334,,,0,65,,46347,,,0,25,,46363,,,0,19,,46335,,,0,66,,46349,,,0,27,,46364,,,0,75,,46350,,,0
400,'Sunday',607,,46367,,,0,24,,46366,,,0,24,,46368,,,0,64,,46369,,,0,26,,46370,,,0,65,,46371,,,0,24,,46373,,,0,24,,46372,,,0,64,,46375,,,0,24,,46376,,,0,64,,46377,,,0,25,,46374,,,0,67,,46378,,,0,25,,46379,,,0,26,,46383,,,0,66,,46380,,,0,26,,46382,,,0,66,,46384,,,0,26,,46381,,,0,66,,46385,,,0,26,,46386,,,0,26,,46387,,,0,66,,46388,,,0,26,,46389,,,0,66,,46390,,,0,25,,46391,,,0,65,,46392,,,0,25,,46393,,,0,25,,46394,,,0,65,,46395,,,0,25,,46396,,,0,65,,46397,,,0,25,,46398,,,0,25,,46399,,,0,65,,46400,,,0,25,,46401,,,0,65,,46402,,,0,25,,46403,,,0,65,,46405,,,0,25,,46406,,,0,19,,46407,,,0,66,,46404,,,0,27,,46408,,,0
400,'Weekday',554,,46410,,,0,61,,46411,,,0,19,,46413,,,0,19,,46414,,,0,60,,46409,,,0,23,,46415,,,0,20,,46412,,,0,60,,46416,,,0,21,,46418,,,0,20,,46419,,,0,59,,46420,,,0,20,,46417,,,0,21,,46422,,,0,61,,46423,,,0,20,,46424,,,0,20,,46421,,,0,61,,46425,,,0,21,,46426,,,0,60,,46427,,,0,20,,46428,,,0,20,,46430,,,0,61,,46431,,,0,21,,46432,,,0,21,,46429,,,0,61,,46433,,,0,21,,46434,,,0,22,,46435,,,0,62,,46436,,,0,22,,46437,,,0,22,,46438,,,0,62,,46439,,,0,22,,46440,,,0,22,,46442,,,0,62,,46443,,,0,22,,46444,,,0,60,,46441,,,0,19,,46445,,,0,21,,46446,,,0,62,,46447,,,0,24,,46448,,,0,28,,46449,,,0,63,,46450,,,0,24,,46451,,,0,62,,46452,,,0,23,,46453,,,0,22,,46454,,,0,61,,46455,,,0,22,,46456,,,0,22,,46457,,,0,61,,46460,,,0,23,,46458,,,0,75,,46459,,,0
400,'1CCSDCUT-Weekday',554,,46462,,,0,61,,46463,,,0,19,,46465,,,0,19,,46466,,,0,60,,46461,,,0,23,,46467,,,0,20,,46464,,,0,60,,46468,,,0,21,,46470,,,0,20,,46471,,,0,59,,46472,,,0,20,,46469,,,0,21,,46474,,,0,61,,46475,,,0,20,,46476,,,0,20,,46473,,,0,61,,46477,,,0,21,,46478,,,0,60,,46479,,,0,20,,46480,,,0,20,,46482,,,0,61,,46483,,,0,21,,46484,,,0,21,,46481,,,0,61,,46485,,,0,21,,46486,,,0,22,,46487,,,0,62,,46488,,,0,22,,46489,,,0,22,,46490,,,0,62,,46491,,,0,22,,46492,,,0,22,,46494,,,0,62,,46495,,,0,22,,46496,,,0,60,,46493,,,0,19,,46497,,,0,21,,46498,,,0,62,,46499,,,0,24,,46500,,,0,28,,46501,,,0,63,,46502,,,0,24,,46503,,,0,62,,46504,,,0,23,,46505,,,0,22,,46506,,,0,61,,46507,,,0,22,,46508,,,0,22,,46509,,,0,61,,46512,,,0,23,,46510,,,0,75,,46511,,,0
400,'1PUBCUT-Weekday',554,,46514,,,0,61,,46515,,,0,19,,46517,,,0,19,,46518,,,0,60,,46513,,,0,23,,46519,,,0,20,,46516,,,0,60,,46520,,,0,21,,46522,,,0,20,,46523,,,0,59,,46524,,,0,20,,46521,,,0,21,,46526,,,0,61,,46527,,,0,20,,46528,,,0,20,,46525,,,0,61,,46529,,,0,21,,46530,,,0,60,,46531,,,0,20,,46532,,,0,20,,46534,,,0,61,,46535,,,0,21,,46536,,,0,21,,46533,,,0,61,,46537,,,0,21,,46538,,,0,22,,46539,,,0,62,,46540,,,0,22,,46541,,,0,22,,46542,,,0,62,,46543,,,0,22,,46544,,,0,22,,46546,,,0,62,,46547,,,0,22,,46548,,,0,60,,46545,,,0,19,,46549,,,0,21,,46550,,,0,62,,46551,,,0,24,,46552,,,0,28,,46553,,,0,63,,46554,,,0,24,,46555,,,0,62,,46556,,,0,23,,46557,,,0,22,,46558,,,0,61,,46559,,,0,22,,46560,,,0,22,,46561,,,0,61,,46564,,,0,23,,46562,,,0,75,,46563,,,0
9001,'Saturday',616,,68373,,,0,32,,68383,,,0,72,,68393,,,0,32,,68374,,,0,72,,68384,,,0,32,,68394,,,0,72,,68376,,,0,72,,68386,,,0,32,,68395,,,0,72,,68377,,,0,32,,68385,,,0,74,,68396,,,0,32,,68378,,,0,72,,68387,,,0,32,,68397,,,0,72,,68375,,,0,32,,68388,,,0,72,,68398,,,0,32,,68379,,,0,72,,68389,,,0,32,,68399,,,0,72,,68380,,,0,71,,68392,,,0,31,,68400,,,0,72,,68382,,,0,32,,68391,,,0,72,,68401,,,0,32,,68381,,,0,72,,68390,,,0
9001,'Sunday',610,,68402,,,0,32,,68412,,,0,78,,68423,,,0,32,,68403,,,0,72,,68413,,,0,32,,68422,,,0,72,,68405,,,0,72,,68415,,,0,32,,68425,,,0,72,,68404,,,0,32,,68414,,,0,74,,68424,,,0,32,,68406,,,0,72,,68416,,,0,32,,68426,,,0,72,,68407,,,0,32,,68417,,,0,72,,68428,,,0,32,,68408,,,0,72,,68418,,,0,32,,68427,,,0,72,,68409,,,0,71,,68419,,,0,31,,68429,,,0,72,,68410,,,0,32,,68420,,,0,72,,68430,,,0,32,,68411,,,0,72,,68421,,,0
9001,'Weekday',612,,68431,,,0,34,,68441,,,0,70,,68450,,,0,30,,68459,,,0,70,,68432,,,0,30,,68440,,,0,70,,68451,,,0,30,,68460,,,0,70,,68434,,,0,30,,68442,,,0,70,,68452,,,0,30,,68461,,,0,70,,68433,,,0,30,,68443,,,0,70,,68453,,,0,30,,68462,,,0,70,,68436,,,0,30,,68444,,,0,69,,68454,,,0,30,,68463,,,0,70,,68435,,,0,30,,68445,,,0,70,,68455,,,0,30,,68464,,,0,70,,68437,,,0,26,,68446,,,0,70,,68456,,,0,30,,68465,,,0,15,,68438,,,0,70,,68447,,,0,30,,68457,,,0,70,,68466,,,0,10,,68439,,,0,70,,68448,,,0,30,,68458,,,0,70,,68467,,,0,35,,68449,,,0
9001,'1CCSDCUT-Weekday',612,,68468,,,0,34,,68478,,,0,70,,68487,,,0,30,,68496,,,0,70,,68469,,,0,30,,68477,,,0,70,,68488,,,0,30,,68497,,,0,70,,68471,,,0,30,,68479,,,0,70,,68489,,,0,30,,68498,,,0,70,,68470,,,0,30,,68480,,,0,70,,68490,,,0,30,,68499,,,0,70,,68473,,,0,30,,68481,,,0,69,,68491,,,0,30,,68500,,,0,70,,68472,,,0,30,,68482,,,0,70,,68492,,,0,30,,68501,,,0,70,,68474,,,0,26,,68483,,,0,70,,68493,,,0,30,,68502,,,0,15,,68475,,,0,70,,68484,,,0,30,,68494,,,0,70,,68503,,,0,10,,68476,,,0,70,,68485,,,0,30,,68495,,,0,70,,68504,,,0,35,,68486,,,0
9001,'1PUBCUT-Weekday',612,,68505,,,0,34,,68515,,,0,70,,68524,,,0,30,,68533,,,0,70,,68506,,,0,30,,68514,,,0,70,,68525,,,0,30,,68534,,,0,70,,68508,,,0,30,,68516,,,0,70,,68526,,,0,30,,68535,,,0,70,,68507,,,0,30,,68517,,,0,70,,68527,,,0,30,,68536,,,0,70,,68510,,,0,30,,68518,,,0,69,,68528,,,0,30,,68537,,,0,70,,68509,,,0,30,,68519,,,0,70,,68529,,,0,30,,68538,,,0,70,,68511,,,0,26,,68520,,,0,70,,68530,,,0,30,,68539,,,0,15,,68512,,,0,70,,68521,,,0,30,,68531,,,0,70,,68540,,,0,10,,68513,,,0,70,,68522,,,0,30,,68532,,,0,70,,68541,,,0,35,,68523,,,0
