75700,'Weekday0000100',1325,10,68638,1,0,32 33 1 84,0
75700,'Weekday1111000',1548,10,68639,1,0,32 33 1 84,0
75700,'1CCSDCUT-Weekday0000100',1325,10,68640,1,0,32 33 1 84,0
75700,'1CCSDCUT-Weekday1111000',1548,10,68641,1,0,32 33 1 84,0
75701,'Weekday',850,,68642,19,4,,0
75701,'1CCSDCUT-Weekday',850,,68643,19,4,,0
75800,'Weekday0000100',1325,10,68644,1,0,32 33 1 34 35,0
75800,'Weekday1111000',1548,10,68645,1,0,32 33 1 34 35,0
75800,'1CCSDCUT-Weekday0000100',1325,10,68646,1,0,32 33 1 34 35,0
75800,'1CCSDCUT-Weekday1111000',1548,10,68647,1,0,32 33 1 34 35,0
75801,'Weekday',850,,68648,22,4,,0
75801,'1CCSDCUT-Weekday',850,,68649,22,4,,0
