2601,'Saturday',617,,84745,22,,,0,85,,84735,22,,,0,45,,84743,22,,,0,85,,84738,22,,,0,87,,84746,22,,,0,86,,84734,22,,,0,45,,84747,22,,,0,85,,84740,22,,,0,85,,84748,22,,,0,85,,84736,22,,,0,45,,84749,22,,,0,83,,84737,22,,,0,85,,84750,22,,,0,85,,84739,22,,,0,45,,84751,22,,,0,85,,84741,22,,,0,85,,84753,22,,,0,85,,84742,22,,,0,46,,84752,22,,,0,85,,84744,22,,,0
2601,'Sunday',617,,84764,22,,,0,85,,84754,22,,,0,45,,84765,22,,,0,85,,84755,22,,,0,87,,84766,22,,,0,86,,84756,22,,,0,45,,84767,22,,,0,85,,84757,22,,,0,85,,84768,22,,,0,85,,84758,22,,,0,45,,84769,22,,,0,83,,84759,22,,,0,85,,84770,22,,,0,85,,84761,22,,,0,45,,84771,22,,,0,85,,84760,22,,,0,85,,84772,22,,,0,85,,84762,22,,,0,46,,84773,22,,,0,85,,84763,22,,,0
2601,'Weekday',629,,84774,22,,,0,76,,84775,22,,,0,29,,84776,22,,,0,72,,84777,22,,,0,32,,84778,22,,,0,69,,84780,22,,,0,28,,84781,22,,,0,70,,84782,22,,,0,30,,84779,22,,,0,70,,84783,22,,,0,30,,84784,22,,,0,70,,84785,22,,,0,30,,84786,22,,,0,70,,84787,22,,,0,30,,84788,22,,,0,70,,84789,22,,,0,30,,84790,22,,,0,73,,84791,22,,,0,32,,84792,22,,,0,72,,84793,22,,,0,32,,84794,22,,,0,72,,84795,22,,,0,32,,84796,22,,,0,70,,84797,22,,,0,30,,84798,22,,,0,69,,84803,22,,,0,30,,84801,22,,,0,70,,84804,22,,,0,30,,84805,22,,,0,68,,84802,22,,,0,29,,84799,22,,,0,70,,84800,22,,,0
2601,'STMPSa-Saturday',617,,84817,22,,,0,85,,84807,22,,,0,45,,84815,22,,,0,85,,84810,22,,,0,87,,84818,22,,,0,86,,84806,22,,,0,45,,84819,22,,,0,85,,84812,22,,,0,85,,84820,22,,,0,85,,84808,22,,,0,45,,84821,22,,,0,83,,84809,22,,,0,85,,84822,22,,,0,85,,84811,22,,,0,45,,84823,22,,,0,85,,84813,22,,,0,85,,84825,22,,,0,85,,84814,22,,,0,46,,84824,22,,,0,85,,84816,22,,,0
2601,'STMPSnea-Weekday',629,,84826,22,,,0,76,,84827,22,,,0,29,,84828,22,,,0,72,,84829,22,,,0,32,,84830,22,,,0,69,,84832,22,,,0,28,,84833,22,,,0,70,,84834,22,,,0,30,,84831,22,,,0,70,,84835,22,,,0,30,,84836,22,,,0,70,,84837,22,,,0,30,,84838,22,,,0,70,,84839,22,,,0,30,,84840,22,,,0,70,,84841,22,,,0,30,,84842,22,,,0,73,,84843,22,,,0,32,,84844,22,,,0,72,,84845,22,,,0,32,,84846,22,,,0,72,,84847,22,,,0,32,,84848,22,,,0,70,,84849,22,,,0,30,,84850,22,,,0,69,,84855,22,,,0,30,,84853,22,,,0,70,,84856,22,,,0,30,,84857,22,,,0,68,,84854,22,,,0,29,,84851,22,,,0,70,,84852,22,,,0
2601,'STMPSu1-Sunday',617,,84868,22,,,0,85,,84858,22,,,0,45,,84869,22,,,0,85,,84859,22,,,0,87,,84870,22,,,0,86,,84860,22,,,0,45,,84871,22,,,0,85,,84861,22,,,0,85,,84872,22,,,0,85,,84863,22,,,0,45,,84873,22,,,0,83,,84864,22,,,0,85,,84874,22,,,0,85,,84865,22,,,0,45,,84875,22,,,0,85,,84862,22,,,0,85,,84876,22,,,0,85,,84866,22,,,0,46,,84877,22,,,0,85,,84867,22,,,0
2601,'STMPSu2-Sunday',617,,84888,22,,,0,85,,84878,22,,,0,45,,84889,22,,,0,85,,84879,22,,,0,87,,84890,22,,,0,86,,84880,22,,,0,45,,84891,22,,,0,85,,84881,22,,,0,85,,84892,22,,,0,85,,84882,22,,,0,45,,84893,22,,,0,83,,84883,22,,,0,85,,84894,22,,,0,85,,84885,22,,,0,45,,84895,22,,,0,85,,84884,22,,,0,85,,84896,22,,,0,85,,84886,22,,,0,46,,84897,22,,,0,85,,84887,22,,,0
2601,'STMPWeek-Weekday',629,,84898,22,,,0,76,,84899,22,,,0,29,,84900,22,,,0,72,,84901,22,,,0,32,,84902,22,,,0,69,,84904,22,,,0,28,,84905,22,,,0,70,,84906,22,,,0,30,,84903,22,,,0,70,,84907,22,,,0,30,,84908,22,,,0,70,,84909,22,,,0,30,,84910,22,,,0,70,,84911,22,,,0,30,,84912,22,,,0,70,,84913,22,,,0,30,,84914,22,,,0,73,,84915,22,,,0,32,,84916,22,,,0,72,,84917,22,,,0,32,,84918,22,,,0,72,,84919,22,,,0,32,,84920,22,,,0,70,,84921,22,,,0,30,,84922,22,,,0,69,,84927,22,,,0,30,,84925,22,,,0,70,,84928,22,,,0,30,,84929,22,,,0,68,,84926,22,,,0,29,,84923,22,,,0,70,,84924,22,,,0
2601,'STMPar-Weekday',629,,84930,22,,,0,76,,84931,22,,,0,29,,84932,22,,,0,72,,84933,22,,,0,32,,84934,22,,,0,69,,84936,22,,,0,28,,84937,22,,,0,70,,84938,22,,,0,30,,84935,22,,,0,70,,84939,22,,,0,30,,84940,22,,,0,70,,84941,22,,,0,30,,84942,22,,,0,70,,84943,22,,,0,30,,84944,22,,,0,70,,84945,22,,,0,30,,84946,22,,,0,73,,84947,22,,,0,32,,84948,22,,,0,72,,84949,22,,,0,32,,84950,22,,,0,72,,84951,22,,,0,32,,84952,22,,,0,70,,84953,22,,,0,30,,84954,22,,,0,69,,84959,22,,,0,30,,84957,22,,,0,70,,84960,22,,,0,30,,84961,22,,,0,68,,84958,22,,,0,29,,84955,22,,,0,70,,84956,22,,,0
4000,'Saturday',817,,89771,20,,,0,35,,89772,20,,,0,75,,89770,20,,,0,75,,89773,20,,,0,35,,89774,20,,,0,75,,89775,20,,,0,35,,89776,20,,,0,75,,89777,20,,,0,35,,89780,20,,,0,75,,89781,20,,,0,75,,89778,20,,,0,35,,89779,20,,,0,75,,89782,20,,,0,35,,89783,20,,,0,75,,89784,20,,,0,75,,89785,20,,,0,35,,89786,20,,,0,75,,89787,20,,,0,35,,89788,20,,,0
4000,'Sunday',817,,89789,20,,,0,35,,89790,20,,,0,75,,89792,20,,,0,75,,89793,20,,,0,35,,89794,20,,,0,75,,89791,20,,,0,35,,89795,20,,,0,75,,89796,20,,,0,35,,89797,20,,,0,75,,89798,20,,,0,75,,89799,20,,,0,35,,89801,20,,,0,75,,89802,20,,,0,35,,89803,20,,,0,75,,89800,20,,,0,75,,89804,20,,,0,35,,89805,20,,,0,75,,89806,20,,,0,35,,89807,20,,,0
4000,'Weekday',628,,89824,20,,,0,75,,89818,20,,,0,35,,89831,20,,,0,75,,89825,20,,,0,35,,89819,20,,,0,75,,89832,20,,,0,35,,89826,20,,,0,75,,89820,20,,,0,75,,89833,20,,,0,35,,89827,20,,,0,75,,89821,20,,,0,35,,89834,20,,,0,75,,89828,20,,,0,75,,89822,20,,,0,37,,89835,20,,,0,76,,89829,20,,,0,39,,89823,20,,,0,78,,89836,20,,,0,77,,89830,20,,,0,38,,89808,20,,,0,73,,89815,20,,,0,33,,89812,20,,,0,72,,89809,20,,,0,32,,89816,20,,,0,73,,89813,20,,,0,74,,89810,20,,,0,35,,89817,20,,,0,75,,89814,20,,,0,31,,89811,20,,,0
4000,'STMPSa-Saturday',817,,89838,20,,,0,35,,89839,20,,,0,75,,89837,20,,,0,75,,89840,20,,,0,35,,89841,20,,,0,75,,89842,20,,,0,35,,89843,20,,,0,75,,89844,20,,,0,35,,89847,20,,,0,75,,89848,20,,,0,75,,89845,20,,,0,35,,89846,20,,,0,75,,89849,20,,,0,35,,89850,20,,,0,75,,89851,20,,,0,75,,89852,20,,,0,35,,89853,20,,,0,75,,89854,20,,,0,35,,89855,20,,,0
4000,'STMPSnea-Weekday',628,,89872,20,,,0,75,,89866,20,,,0,35,,89879,20,,,0,75,,89873,20,,,0,35,,89867,20,,,0,75,,89880,20,,,0,35,,89874,20,,,0,75,,89868,20,,,0,75,,89881,20,,,0,35,,89875,20,,,0,75,,89869,20,,,0,35,,89882,20,,,0,75,,89876,20,,,0,75,,89870,20,,,0,37,,89883,20,,,0,76,,89877,20,,,0,39,,89871,20,,,0,78,,89884,20,,,0,77,,89878,20,,,0,38,,89856,20,,,0,73,,89863,20,,,0,33,,89860,20,,,0,72,,89857,20,,,0,32,,89864,20,,,0,73,,89861,20,,,0,74,,89858,20,,,0,35,,89865,20,,,0,75,,89862,20,,,0,31,,89859,20,,,0
4000,'STMPSu1-Sunday',817,,89885,20,,,0,35,,89886,20,,,0,75,,89888,20,,,0,75,,89889,20,,,0,35,,89890,20,,,0,75,,89887,20,,,0,35,,89891,20,,,0,75,,89892,20,,,0,35,,89893,20,,,0,75,,89894,20,,,0,75,,89895,20,,,0,35,,89897,20,,,0,75,,89898,20,,,0,35,,89899,20,,,0,75,,89896,20,,,0,75,,89900,20,,,0,35,,89901,20,,,0,75,,89902,20,,,0,35,,89903,20,,,0
4000,'STMPSu2-Sunday',817,,89904,20,,,0,35,,89905,20,,,0,75,,89907,20,,,0,75,,89908,20,,,0,35,,89909,20,,,0,75,,89906,20,,,0,35,,89910,20,,,0,75,,89911,20,,,0,35,,89912,20,,,0,75,,89913,20,,,0,75,,89914,20,,,0,35,,89916,20,,,0,75,,89917,20,,,0,35,,89918,20,,,0,75,,89915,20,,,0,75,,89919,20,,,0,35,,89920,20,,,0,75,,89921,20,,,0,35,,89922,20,,,0
4000,'STMPWeek-Weekday',628,,89939,20,,,0,75,,89933,20,,,0,35,,89946,20,,,0,75,,89940,20,,,0,35,,89934,20,,,0,75,,89947,20,,,0,35,,89941,20,,,0,75,,89935,20,,,0,75,,89948,20,,,0,35,,89942,20,,,0,75,,89936,20,,,0,35,,89949,20,,,0,75,,89943,20,,,0,75,,89937,20,,,0,37,,89950,20,,,0,76,,89944,20,,,0,39,,89938,20,,,0,78,,89951,20,,,0,77,,89945,20,,,0,38,,89923,20,,,0,73,,89930,20,,,0,33,,89927,20,,,0,72,,89924,20,,,0,32,,89931,20,,,0,73,,89928,20,,,0,74,,89925,20,,,0,35,,89932,20,,,0,75,,89929,20,,,0,31,,89926,20,,,0
4000,'STMPar-Weekday',628,,89968,20,,,0,75,,89962,20,,,0,35,,89975,20,,,0,75,,89969,20,,,0,35,,89963,20,,,0,75,,89976,20,,,0,35,,89971,20,,,0,75,,89964,20,,,0,75,,89977,20,,,0,35,,89970,20,,,0,75,,89965,20,,,0,35,,89978,20,,,0,75,,89972,20,,,0,75,,89966,20,,,0,37,,89979,20,,,0,76,,89973,20,,,0,39,,89967,20,,,0,78,,89980,20,,,0,77,,89974,20,,,0,38,,89952,20,,,0,73,,89959,20,,,0,33,,89956,20,,,0,72,,89953,20,,,0,32,,89960,20,,,0,73,,89957,20,,,0,74,,89954,20,,,0,35,,89961,20,,,0,75,,89958,20,,,0,31,,89955,20,,,0
