1901,'Saturday',646,,30747,49,,,0,75,,30739,49,,,0,35,,30755,49,,,0,75,,30763,49,,,0,75,,30748,49,,,0,35,,30740,49,,,0,75,,30756,49,,,0,35,,30764,49,,,0,75,,30749,49,,,0,75,,30741,49,,,0,35,,30757,49,,,0,74,,30765,49,,,0,35,,30750,49,,,0,68,,30742,49,,,0,24,,30770,49,,,0,68,,30759,49,,,0,28,,30766,49,,,0,68,,30751,49,,,0,28,,30743,49,,,0,28,,30771,49,,,0,68,,30758,49,,,0,28,,30767,49,,,0,68,,30752,49,,,0,28,,30744,49,,,0,68,,30772,49,,,0,23,,30761,49,,,0,73,,30769,49,,,0,35,,30753,49,,,0,75,,30745,49,,,0,35,,30762,49,,,0,75,,30768,49,,,0,75,,30754,49,,,0,35,,30746,49,,,0
1901,'Sunday',646,,30781,49,,,0,75,,30773,49,,,0,35,,30789,49,,,0,75,,30796,49,,,0,75,,30782,49,,,0,35,,30774,49,,,0,75,,30790,49,,,0,35,,30798,49,,,0,75,,30783,49,,,0,75,,30775,49,,,0,35,,30791,49,,,0,74,,30800,49,,,0,35,,30785,49,,,0,68,,30776,49,,,0,24,,30804,49,,,0,68,,30792,49,,,0,28,,30799,49,,,0,68,,30787,49,,,0,28,,30777,49,,,0,28,,30805,49,,,0,68,,30793,49,,,0,28,,30801,49,,,0,68,,30786,49,,,0,28,,30778,49,,,0,68,,30806,49,,,0,23,,30794,49,,,0,73,,30802,49,,,0,35,,30784,49,,,0,75,,30779,49,,,0,35,,30795,49,,,0,75,,30803,49,,,0,75,,30788,49,,,0,35,,30780,49,,,0
1901,'Weekday',527,,30843,8,,,0,24,,30810,49,,,0,74,,30818,49,,,0,24,,30826,49,,,0,72,,30834,49,,,0,32,,30844,49,,,0,67,,30811,49,,,0,36,,30819,49,,,0,69,,30827,49,,,0,34,,30835,49,,,0,73,,30845,49,,,0,72,,30812,49,,,0,32,,30820,49,,,0,72,,30828,49,,,0,8,,30807,8,,,0,24,,30836,49,,,0,72,,30846,49,,,0,32,,30813,49,,,0,72,,30821,49,,,0,27,,30809,49,,,0,3,,30808,8,,,0,5,,30829,49,,,0,72,,30838,49,,,0,32,,30847,49,,,0,72,,30814,49,,,0,31,,30822,49,,,0,72,,30830,49,,,0,72,,30837,49,,,0,24,,30848,49,,,0,29,,30815,49,,,0,70,,30823,49,,,0,30,,30831,49,,,0,70,,30839,49,,,0,30,,30850,49,,,0,70,,30816,49,,,0,30,,30824,49,,,0,66,,30832,49,,,0,28,,30840,49,,,0,70,,30849,49,,,0,30,,30817,49,,,0,70,,30825,49,,,0,30,,30833,49,,,0,70,,30841,49,,,0,30,,30842,49,,,0
1901,'Weekday0000100',1155,,30851,8,,,0
1901,'1CCSDCUT-Weekday',527,,30888,8,,,0,24,,30855,49,,,0,74,,30863,49,,,0,24,,30871,49,,,0,72,,30879,49,,,0,32,,30889,49,,,0,67,,30856,49,,,0,36,,30864,49,,,0,69,,30872,49,,,0,34,,30880,49,,,0,73,,30890,49,,,0,72,,30857,49,,,0,32,,30865,49,,,0,72,,30873,49,,,0,8,,30852,8,,,0,24,,30881,49,,,0,72,,30891,49,,,0,32,,30858,49,,,0,72,,30866,49,,,0,27,,30854,49,,,0,3,,30853,8,,,0,5,,30874,49,,,0,72,,30883,49,,,0,32,,30892,49,,,0,72,,30859,49,,,0,31,,30867,49,,,0,72,,30875,49,,,0,72,,30882,49,,,0,24,,30893,49,,,0,29,,30860,49,,,0,70,,30868,49,,,0,30,,30876,49,,,0,70,,30884,49,,,0,30,,30895,49,,,0,70,,30861,49,,,0,30,,30869,49,,,0,66,,30877,49,,,0,28,,30885,49,,,0,70,,30894,49,,,0,30,,30862,49,,,0,70,,30870,49,,,0,30,,30878,49,,,0,70,,30886,49,,,0,30,,30887,49,,,0
1901,'1CCSDCUT-Weekday0000100',1155,,30896,8,,,0
1901,'1PUBCUT-Weekday',527,,30933,8,,,0,24,,30900,49,,,0,74,,30908,49,,,0,24,,30916,49,,,0,72,,30924,49,,,0,32,,30934,49,,,0,67,,30901,49,,,0,36,,30909,49,,,0,69,,30917,49,,,0,34,,30925,49,,,0,73,,30935,49,,,0,72,,30902,49,,,0,32,,30910,49,,,0,72,,30918,49,,,0,8,,30897,8,,,0,24,,30926,49,,,0,72,,30936,49,,,0,32,,30903,49,,,0,72,,30911,49,,,0,27,,30899,49,,,0,3,,30898,8,,,0,5,,30919,49,,,0,72,,30928,49,,,0,32,,30937,49,,,0,72,,30904,49,,,0,31,,30912,49,,,0,72,,30920,49,,,0,72,,30927,49,,,0,24,,30938,49,,,0,29,,30905,49,,,0,70,,30913,49,,,0,30,,30921,49,,,0,70,,30929,49,,,0,30,,30940,49,,,0,70,,30906,49,,,0,30,,30914,49,,,0,66,,30922,49,,,0,28,,30930,49,,,0,70,,30939,49,,,0,30,,30907,49,,,0,70,,30915,49,,,0,30,,30923,49,,,0,70,,30931,49,,,0,30,,30932,49,,,0
9000,'Saturday',623,,47924,1,,,0,32,,47904,1,,,0,72,,47913,1,,,0,32,,47926,1,,,0,72,,47905,1,,,0,72,,47914,1,,,0,32,,47925,1,,,0,72,,47906,1,,,0,32,,47916,1,,,0,72,,47927,1,,,0,33,,47908,1,,,0,72,,47917,1,,,0,32,,47928,1,,,0,72,,47909,1,,,0,32,,47915,1,,,0,72,,47931,1,,,0,32,,47907,1,,,0,72,,47918,1,,,0,72,,47929,1,,,0,31,,47910,1,,,0,73,,47919,1,,,0,31,,47932,1,,,0,72,,47911,1,,,0,32,,47921,1,,,0,72,,47930,1,,,0,32,,47912,1,,,0,72,,47920,1,,,0
9000,'Sunday',623,,47954,1,,,0,32,,47934,1,,,0,72,,47942,1,,,0,32,,47953,1,,,0,72,,47935,1,,,0,72,,47944,1,,,0,32,,47955,1,,,0,72,,47933,1,,,0,32,,47943,1,,,0,72,,47957,1,,,0,32,,47937,1,,,0,73,,47946,1,,,0,32,,47958,1,,,0,72,,47936,1,,,0,32,,47945,1,,,0,72,,47956,1,,,0,32,,47939,1,,,0,72,,47947,1,,,0,72,,47959,1,,,0,31,,47938,1,,,0,73,,47948,1,,,0,31,,47960,1,,,0,72,,47940,1,,,0,32,,47949,1,,,0,72,,47961,1,,,0,32,,47941,1,,,0,72,,47950,1,,,0
9000,'Weekday',600,,47982,1,,,0,30,,47992,1,,,0,70,,47963,1,,,0,30,,47973,1,,,0,70,,47983,1,,,0,30,,47993,1,,,0,70,,47964,1,,,0,30,,47974,1,,,0,70,,47984,1,,,0,30,,47994,1,,,0,70,,47965,1,,,0,30,,47975,1,,,0,70,,47985,1,,,0,30,,47995,1,,,0,70,,47968,1,,,0,30,,47976,1,,,0,70,,47986,1,,,0,30,,47996,1,,,0,70,,47966,1,,,0,30,,47977,1,,,0,70,,47987,1,,,0,30,,47997,1,,,0,70,,47967,1,,,0,30,,47978,1,,,0,70,,47988,1,,,0,30,,47998,1,,,0,20,,47969,1,,,0,70,,47979,1,,,0,30,,47989,1,,,0,70,,47999,1,,,0,15,,47970,1,,,0,70,,47980,1,,,0,30,,47990,1,,,0,70,,48000,1,,,0,10,,47971,1,,,0,30,,47981,1,,,0,65,,47991,1,,,0
9000,'1CCSDCUT-Weekday',600,,48021,1,,,0,30,,48031,1,,,0,70,,48002,1,,,0,30,,48012,1,,,0,70,,48022,1,,,0,30,,48032,1,,,0,70,,48003,1,,,0,30,,48013,1,,,0,70,,48023,1,,,0,30,,48033,1,,,0,70,,48004,1,,,0,30,,48014,1,,,0,70,,48024,1,,,0,30,,48034,1,,,0,70,,48007,1,,,0,30,,48015,1,,,0,70,,48025,1,,,0,30,,48035,1,,,0,70,,48005,1,,,0,30,,48016,1,,,0,70,,48026,1,,,0,30,,48036,1,,,0,70,,48006,1,,,0,30,,48017,1,,,0,70,,48027,1,,,0,30,,48037,1,,,0,20,,48008,1,,,0,70,,48018,1,,,0,30,,48028,1,,,0,70,,48038,1,,,0,15,,48009,1,,,0,70,,48019,1,,,0,30,,48029,1,,,0,70,,48039,1,,,0,10,,48010,1,,,0,30,,48020,1,,,0,65,,48030,1,,,0
9000,'1PUBCUT-Weekday',600,,48060,1,,,0,30,,48070,1,,,0,70,,48041,1,,,0,30,,48051,1,,,0,70,,48061,1,,,0,30,,48071,1,,,0,70,,48042,1,,,0,30,,48052,1,,,0,70,,48062,1,,,0,30,,48072,1,,,0,70,,48043,1,,,0,30,,48053,1,,,0,70,,48063,1,,,0,30,,48073,1,,,0,70,,48046,1,,,0,30,,48054,1,,,0,70,,48064,1,,,0,30,,48074,1,,,0,70,,48044,1,,,0,30,,48055,1,,,0,70,,48065,1,,,0,30,,48075,1,,,0,70,,48045,1,,,0,30,,48056,1,,,0,70,,48066,1,,,0,30,,48076,1,,,0,20,,48047,1,,,0,70,,48057,1,,,0,30,,48067,1,,,0,70,,48077,1,,,0,15,,48048,1,,,0,70,,48058,1,,,0,30,,48068,1,,,0,70,,48078,1,,,0,10,,48049,1,,,0,30,,48059,1,,,0,65,,48069,1,,,0
9001,'Saturday',645,,48079,36,4,,0,72,,48089,36,4,,0,32,,48099,36,4,,0,72,,48080,36,4,,0,32,,48090,36,4,,0,72,,48100,36,4,,0,32,,48082,36,4,,0,72,,48092,36,4,,0,72,,48101,36,4,,0,32,,48083,36,4,,0,72,,48091,36,4,,0,34,,48102,36,4,,0,72,,48084,36,4,,0,32,,48093,36,4,,0,72,,48103,36,4,,0,32,,48081,36,4,,0,72,,48094,36,4,,0,32,,48104,36,4,,0,72,,48085,36,4,,0,32,,48095,36,4,,0,72,,48105,36,4,,0,32,,48086,36,4,,0,69,,48098,36,4,,0,31,,48106,36,4,,0,72,,48088,36,4,,0,72,,48097,36,4,,0,32,,48107,36,4,,0,72,,48087,36,4,,0,32,,48096,36,4,,0
9001,'Sunday',639,,48108,36,4,,0,72,,48118,36,4,,0,38,,48129,36,4,,0,72,,48109,36,4,,0,32,,48119,36,4,,0,72,,48128,36,4,,0,32,,48111,36,4,,0,72,,48121,36,4,,0,72,,48131,36,4,,0,32,,48110,36,4,,0,72,,48120,36,4,,0,34,,48130,36,4,,0,72,,48112,36,4,,0,32,,48122,36,4,,0,72,,48132,36,4,,0,32,,48113,36,4,,0,72,,48123,36,4,,0,32,,48134,36,4,,0,72,,48114,36,4,,0,32,,48124,36,4,,0,72,,48133,36,4,,0,32,,48115,36,4,,0,69,,48125,36,4,,0,31,,48135,36,4,,0,72,,48116,36,4,,0,72,,48126,36,4,,0,32,,48136,36,4,,0,72,,48117,36,4,,0,32,,48127,36,4,,0
9001,'Weekday',643,,48137,36,4,,0,76,,48147,36,4,,0,30,,48156,36,4,,0,70,,48165,36,4,,0,30,,48138,36,4,,0,70,,48146,36,4,,0,29,,48157,36,4,,0,70,,48166,36,4,,0,30,,48140,36,4,,0,70,,48148,36,4,,0,30,,48158,36,4,,0,70,,48167,36,4,,0,30,,48139,36,4,,0,70,,48149,36,4,,0,30,,48159,36,4,,0,70,,48168,36,4,,0,30,,48142,36,4,,0,71,,48150,36,4,,0,30,,48160,36,4,,0,70,,48169,36,4,,0,30,,48141,36,4,,0,70,,48151,36,4,,0,30,,48161,36,4,,0,70,,48170,36,4,,0,29,,48143,36,4,,0,62,,48152,36,4,,0,30,,48162,36,4,,0,70,,48171,36,4,,0,15,,48144,36,4,,0,30,,48153,36,4,,0,70,,48163,36,4,,0,30,,48172,36,4,,0,50,,48145,36,4,,0,30,,48154,36,4,,0,70,,48164,36,4,,0,30,,48173,36,4,,0,75,,48155,36,4,,0
9001,'1CCSDCUT-Weekday',643,,48174,36,4,,0,76,,48184,36,4,,0,30,,48193,36,4,,0,70,,48202,36,4,,0,30,,48175,36,4,,0,70,,48183,36,4,,0,29,,48194,36,4,,0,70,,48203,36,4,,0,30,,48177,36,4,,0,70,,48185,36,4,,0,30,,48195,36,4,,0,70,,48204,36,4,,0,30,,48176,36,4,,0,70,,48186,36,4,,0,30,,48196,36,4,,0,70,,48205,36,4,,0,30,,48179,36,4,,0,71,,48187,36,4,,0,30,,48197,36,4,,0,70,,48206,36,4,,0,30,,48178,36,4,,0,70,,48188,36,4,,0,30,,48198,36,4,,0,70,,48207,36,4,,0,29,,48180,36,4,,0,62,,48189,36,4,,0,30,,48199,36,4,,0,70,,48208,36,4,,0,15,,48181,36,4,,0,30,,48190,36,4,,0,70,,48200,36,4,,0,30,,48209,36,4,,0,50,,48182,36,4,,0,30,,48191,36,4,,0,70,,48201,36,4,,0,30,,48210,36,4,,0,75,,48192,36,4,,0
9001,'1PUBCUT-Weekday',643,,48211,36,4,,0,76,,48221,36,4,,0,30,,48230,36,4,,0,70,,48239,36,4,,0,30,,48212,36,4,,0,70,,48220,36,4,,0,29,,48231,36,4,,0,70,,48240,36,4,,0,30,,48214,36,4,,0,70,,48222,36,4,,0,30,,48232,36,4,,0,70,,48241,36,4,,0,30,,48213,36,4,,0,70,,48223,36,4,,0,30,,48233,36,4,,0,70,,48242,36,4,,0,30,,48216,36,4,,0,71,,48224,36,4,,0,30,,48234,36,4,,0,70,,48243,36,4,,0,30,,48215,36,4,,0,70,,48225,36,4,,0,30,,48235,36,4,,0,70,,48244,36,4,,0,29,,48217,36,4,,0,62,,48226,36,4,,0,30,,48236,36,4,,0,70,,48245,36,4,,0,15,,48218,36,4,,0,30,,48227,36,4,,0,70,,48237,36,4,,0,30,,48246,36,4,,0,50,,48219,36,4,,0,30,,48228,36,4,,0,70,,48238,36,4,,0,30,,48247,36,4,,0,75,,48229,36,4,,0
10401,'Saturday',624,,52253,26,4,,0,32,,52241,26,4,,0,72,,52255,26,4,,0,72,,52240,26,4,,0,32,,52257,26,4,,0,72,,52243,26,4,,0,32,,52259,26,4,,0,72,,52242,26,4,,0,32,,52258,26,4,,0,72,,52244,26,4,,0,32,,52260,26,4,,0,72,,52245,26,4,,0,32,,52261,26,4,,0,72,,52246,26,4,,0,32,,52262,26,4,,0,72,,52248,26,4,,0,32,,52263,26,4,,0,72,,52247,26,4,,0,72,,52264,26,4,,0,32,,52249,26,4,,0,72,,52265,26,4,,0,32,,52250,26,4,,0,72,,52266,26,4,,0,31,,52251,26,4,,0,72,,52267,26,4,,0,32,,52252,26,4,,0,72,,52268,26,4,,0,32,,52256,26,4,,0,72,,52269,26,4,,0,34,,52254,26,4,,0
10401,'Sunday',624,,52284,26,4,,0,32,,52270,26,4,,0,72,,52287,26,4,,0,72,,52271,26,4,,0,32,,52286,26,4,,0,72,,52273,26,4,,0,32,,52288,26,4,,0,72,,52272,26,4,,0,32,,52289,26,4,,0,72,,52274,26,4,,0,32,,52290,26,4,,0,72,,52275,26,4,,0,32,,52291,26,4,,0,72,,52276,26,4,,0,32,,52292,26,4,,0,72,,52277,26,4,,0,32,,52293,26,4,,0,72,,52278,26,4,,0,72,,52294,26,4,,0,32,,52279,26,4,,0,72,,52295,26,4,,0,32,,52280,26,4,,0,72,,52296,26,4,,0,31,,52281,26,4,,0,72,,52298,26,4,,0,32,,52282,26,4,,0,72,,52297,26,4,,0,32,,52283,26,4,,0,72,,52299,26,4,,0,34,,52285,26,4,,0
10401,'Weekday',604,,52318,26,4,,0,35,,52301,26,4,,0,71,,52319,26,4,,0,36,,52300,26,4,,0,72,,52320,26,4,,0,31,,52302,26,4,,0,72,,52321,26,4,,0,31,,52303,26,4,,0,72,,52323,26,4,,0,32,,52304,26,4,,0,72,,52322,26,4,,0,72,,52305,26,4,,0,32,,52324,26,4,,0,72,,52306,26,4,,0,32,,52325,26,4,,0,72,,52307,26,4,,0,32,,52327,26,4,,0,75,,52308,26,4,,0,32,,52326,26,4,,0,73,,52309,26,4,,0,32,,52328,26,4,,0,73,,52310,26,4,,0,30,,52329,26,4,,0,72,,52311,26,4,,0,30,,52330,26,4,,0,69,,52312,26,4,,0,32,,52331,26,4,,0,72,,52313,26,4,,0,72,,52332,26,4,,0,32,,52314,26,4,,0,72,,52333,26,4,,0,32,,52315,26,4,,0,72,,52334,26,4,,0,32,,52316,26,4,,0,72,,52335,26,4,,0,37,,52317,26,4,,0
10401,'1CCSDCUT-Weekday',604,,52354,26,4,,0,35,,52337,26,4,,0,71,,52355,26,4,,0,36,,52336,26,4,,0,72,,52356,26,4,,0,31,,52338,26,4,,0,72,,52357,26,4,,0,31,,52339,26,4,,0,72,,52359,26,4,,0,32,,52340,26,4,,0,72,,52358,26,4,,0,72,,52341,26,4,,0,32,,52360,26,4,,0,72,,52342,26,4,,0,32,,52361,26,4,,0,72,,52343,26,4,,0,32,,52363,26,4,,0,75,,52344,26,4,,0,32,,52362,26,4,,0,73,,52345,26,4,,0,32,,52364,26,4,,0,73,,52346,26,4,,0,30,,52365,26,4,,0,72,,52347,26,4,,0,30,,52366,26,4,,0,69,,52348,26,4,,0,32,,52367,26,4,,0,72,,52349,26,4,,0,72,,52368,26,4,,0,32,,52350,26,4,,0,72,,52369,26,4,,0,32,,52351,26,4,,0,72,,52370,26,4,,0,32,,52352,26,4,,0,72,,52371,26,4,,0,37,,52353,26,4,,0
10401,'1PUBCUT-Weekday',604,,52390,26,4,,0,35,,52373,26,4,,0,71,,52391,26,4,,0,36,,52372,26,4,,0,72,,52392,26,4,,0,31,,52374,26,4,,0,72,,52393,26,4,,0,31,,52375,26,4,,0,72,,52395,26,4,,0,32,,52376,26,4,,0,72,,52394,26,4,,0,72,,52377,26,4,,0,32,,52396,26,4,,0,72,,52378,26,4,,0,32,,52397,26,4,,0,72,,52379,26,4,,0,32,,52399,26,4,,0,75,,52380,26,4,,0,32,,52398,26,4,,0,73,,52381,26,4,,0,32,,52400,26,4,,0,73,,52382,26,4,,0,30,,52401,26,4,,0,72,,52383,26,4,,0,30,,52402,26,4,,0,69,,52384,26,4,,0,32,,52403,26,4,,0,72,,52385,26,4,,0,72,,52404,26,4,,0,32,,52386,26,4,,0,72,,52405,26,4,,0,32,,52387,26,4,,0,72,,52406,26,4,,0,32,,52388,26,4,,0,72,,52407,26,4,,0,37,,52389,26,4,,0
