2600,'Saturday',631,,84498,33,4,,0,85,,84508,33,4,,0,85,,84500,33,4,,0,45,,84509,33,4,,0,88,,84499,33,4,,0,85,,84510,33,4,,0,85,,84501,33,4,,0,45,,84511,33,4,,0,85,,84502,33,4,,0,85,,84512,33,4,,0,85,,84503,33,4,,0,46,,84513,33,4,,0,85,,84504,33,4,,0,85,,84514,33,4,,0,85,,84505,33,4,,0,45,,84515,33,4,,0,85,,84506,33,4,,0,83,,84516,33,4,,0,84,,84507,33,4,,0,45,,84517,33,4,,0
2600,'Sunday',631,,84518,33,4,,0,85,,84528,33,4,,0,85,,84519,33,4,,0,45,,84529,33,4,,0,88,,84520,33,4,,0,85,,84531,33,4,,0,85,,84521,33,4,,0,45,,84530,33,4,,0,85,,84522,33,4,,0,85,,84532,33,4,,0,85,,84523,33,4,,0,46,,84533,33,4,,0,85,,84524,33,4,,0,85,,84534,33,4,,0,85,,84525,33,4,,0,45,,84535,33,4,,0,85,,84526,33,4,,0,83,,84536,33,4,,0,84,,84527,33,4,,0,45,,84537,33,4,,0
2600,'Weekday',555,,84538,33,4,,0,72,,84539,33,4,,0,32,,84540,33,4,,0,75,,84541,33,4,,0,73,,84542,33,4,,0,32,,84543,33,4,,0,71,,84544,33,4,,0,27,,84545,33,4,,0,66,,84547,33,4,,0,30,,84548,33,4,,0,70,,84549,33,4,,0,30,,84546,33,4,,0,70,,84550,33,4,,0,30,,84551,33,4,,0,70,,84552,33,4,,0,30,,84553,33,4,,0,70,,84554,33,4,,0,30,,84556,33,4,,0,72,,84557,33,4,,0,31,,84558,33,4,,0,72,,84555,33,4,,0,34,,84559,33,4,,0,72,,84560,33,4,,0,32,,84561,33,4,,0,72,,84562,33,4,,0,28,,84564,33,4,,0,68,,84565,33,4,,0,30,,84566,33,4,,0,70,,84567,33,4,,0,30,,84569,33,4,,0,70,,84571,33,4,,0,28,,84570,33,4,,0,70,,84568,33,4,,0,30,,84563,33,4,,0
2600,'STMPSa-Saturday',631,,84572,33,4,,0,85,,84582,33,4,,0,85,,84574,33,4,,0,45,,84583,33,4,,0,88,,84573,33,4,,0,85,,84584,33,4,,0,85,,84575,33,4,,0,45,,84585,33,4,,0,85,,84576,33,4,,0,85,,84586,33,4,,0,85,,84577,33,4,,0,46,,84587,33,4,,0,85,,84578,33,4,,0,85,,84588,33,4,,0,85,,84579,33,4,,0,45,,84589,33,4,,0,85,,84580,33,4,,0,83,,84590,33,4,,0,84,,84581,33,4,,0,45,,84591,33,4,,0
2600,'STMPSnea-Weekday',555,,84592,33,4,,0,72,,84593,33,4,,0,32,,84594,33,4,,0,75,,84595,33,4,,0,73,,84596,33,4,,0,32,,84597,33,4,,0,71,,84598,33,4,,0,27,,84599,33,4,,0,66,,84601,33,4,,0,30,,84602,33,4,,0,70,,84603,33,4,,0,30,,84600,33,4,,0,70,,84604,33,4,,0,30,,84605,33,4,,0,70,,84606,33,4,,0,30,,84607,33,4,,0,70,,84608,33,4,,0,30,,84610,33,4,,0,72,,84611,33,4,,0,31,,84612,33,4,,0,72,,84609,33,4,,0,34,,84613,33,4,,0,72,,84614,33,4,,0,32,,84615,33,4,,0,72,,84616,33,4,,0,28,,84618,33,4,,0,68,,84619,33,4,,0,30,,84620,33,4,,0,70,,84621,33,4,,0,30,,84623,33,4,,0,70,,84625,33,4,,0,28,,84624,33,4,,0,70,,84622,33,4,,0,30,,84617,33,4,,0
2600,'STMPSu1-Sunday',631,,84626,33,4,,0,85,,84636,33,4,,0,85,,84627,33,4,,0,45,,84637,33,4,,0,88,,84628,33,4,,0,85,,84639,33,4,,0,85,,84629,33,4,,0,45,,84638,33,4,,0,85,,84630,33,4,,0,85,,84640,33,4,,0,85,,84631,33,4,,0,46,,84641,33,4,,0,85,,84632,33,4,,0,85,,84642,33,4,,0,85,,84633,33,4,,0,45,,84643,33,4,,0,85,,84634,33,4,,0,83,,84644,33,4,,0,84,,84635,33,4,,0,45,,84645,33,4,,0
2600,'STMPSu2-Sunday',631,,84646,33,4,,0,85,,84656,33,4,,0,85,,84647,33,4,,0,45,,84657,33,4,,0,88,,84648,33,4,,0,85,,84659,33,4,,0,85,,84649,33,4,,0,45,,84658,33,4,,0,85,,84650,33,4,,0,85,,84660,33,4,,0,85,,84651,33,4,,0,46,,84661,33,4,,0,85,,84652,33,4,,0,85,,84662,33,4,,0,85,,84653,33,4,,0,45,,84663,33,4,,0,85,,84654,33,4,,0,83,,84664,33,4,,0,84,,84655,33,4,,0,45,,84665,33,4,,0
2600,'STMPWeek-Weekday',555,,84666,33,4,,0,72,,84667,33,4,,0,32,,84668,33,4,,0,75,,84669,33,4,,0,73,,84670,33,4,,0,32,,84671,33,4,,0,71,,84672,33,4,,0,27,,84673,33,4,,0,66,,84675,33,4,,0,30,,84676,33,4,,0,70,,84677,33,4,,0,30,,84674,33,4,,0,70,,84678,33,4,,0,30,,84679,33,4,,0,70,,84680,33,4,,0,30,,84681,33,4,,0,70,,84682,33,4,,0,30,,84684,33,4,,0,72,,84685,33,4,,0,31,,84686,33,4,,0,72,,84683,33,4,,0,34,,84687,33,4,,0,72,,84688,33,4,,0,32,,84689,33,4,,0,72,,84690,33,4,,0,28,,84692,33,4,,0,68,,84693,33,4,,0,30,,84694,33,4,,0,70,,84695,33,4,,0,30,,84697,33,4,,0,70,,84699,33,4,,0,28,,84698,33,4,,0,70,,84696,33,4,,0,30,,84691,33,4,,0
2600,'STMPar-Weekday',555,,84700,33,4,,0,72,,84701,33,4,,0,32,,84702,33,4,,0,75,,84703,33,4,,0,73,,84704,33,4,,0,32,,84705,33,4,,0,71,,84706,33,4,,0,27,,84707,33,4,,0,66,,84709,33,4,,0,30,,84710,33,4,,0,70,,84711,33,4,,0,30,,84708,33,4,,0,70,,84712,33,4,,0,30,,84713,33,4,,0,70,,84714,33,4,,0,30,,84715,33,4,,0,70,,84716,33,4,,0,30,,84718,33,4,,0,72,,84719,33,4,,0,31,,84720,33,4,,0,72,,84717,33,4,,0,34,,84721,33,4,,0,72,,84722,33,4,,0,32,,84723,33,4,,0,72,,84724,33,4,,0,28,,84726,33,4,,0,68,,84728,33,4,,0,30,,84729,33,4,,0,70,,84727,33,4,,0,30,,84731,33,4,,0,70,,84733,33,4,,0,28,,84732,33,4,,0,70,,84730,33,4,,0,30,,84725,33,4,,0
2601,'Saturday',555,,84745,1,,,0,85,,84735,1,,,0,85,,84743,1,,,0,85,,84738,1,,,0,45,,84746,1,,,0,85,,84734,1,,,0,85,,84747,1,,,0,85,,84740,1,,,0,45,,84748,1,,,0,85,,84736,1,,,0,85,,84749,1,,,0,85,,84737,1,,,0,45,,84750,1,,,0,85,,84739,1,,,0,85,,84751,1,,,0,85,,84741,1,,,0,45,,84753,1,,,0,85,,84742,1,,,0,85,,84752,1,,,0,85,,84744,1,,,0
2601,'Sunday',555,,84764,1,,,0,85,,84754,1,,,0,85,,84765,1,,,0,85,,84755,1,,,0,45,,84766,1,,,0,85,,84756,1,,,0,85,,84767,1,,,0,85,,84757,1,,,0,45,,84768,1,,,0,85,,84758,1,,,0,85,,84769,1,,,0,85,,84759,1,,,0,45,,84770,1,,,0,85,,84761,1,,,0,85,,84771,1,,,0,85,,84760,1,,,0,45,,84772,1,,,0,85,,84762,1,,,0,85,,84773,1,,,0,85,,84763,1,,,0
2601,'Weekday',606,,84774,1,,,0,32,,84775,1,,,0,69,,84776,1,,,0,32,,84777,1,,,0,72,,84778,1,,,0,30,,84780,1,,,0,70,,84781,1,,,0,30,,84782,1,,,0,70,,84779,1,,,0,30,,84783,1,,,0,70,,84784,1,,,0,30,,84785,1,,,0,70,,84786,1,,,0,30,,84787,1,,,0,70,,84788,1,,,0,30,,84789,1,,,0,70,,84790,1,,,0,30,,84791,1,,,0,72,,84792,1,,,0,32,,84793,1,,,0,72,,84794,1,,,0,32,,84795,1,,,0,72,,84796,1,,,0,30,,84797,1,,,0,72,,84798,1,,,0,30,,84803,1,,,0,70,,84801,1,,,0,30,,84804,1,,,0,70,,84805,1,,,0,30,,84802,1,,,0,70,,84799,1,,,0,30,,84800,1,,,0
2601,'STMPSa-Saturday',555,,84817,1,,,0,85,,84807,1,,,0,85,,84815,1,,,0,85,,84810,1,,,0,45,,84818,1,,,0,85,,84806,1,,,0,85,,84819,1,,,0,85,,84812,1,,,0,45,,84820,1,,,0,85,,84808,1,,,0,85,,84821,1,,,0,85,,84809,1,,,0,45,,84822,1,,,0,85,,84811,1,,,0,85,,84823,1,,,0,85,,84813,1,,,0,45,,84825,1,,,0,85,,84814,1,,,0,85,,84824,1,,,0,85,,84816,1,,,0
2601,'STMPSnea-Weekday',606,,84826,1,,,0,32,,84827,1,,,0,69,,84828,1,,,0,32,,84829,1,,,0,72,,84830,1,,,0,30,,84832,1,,,0,70,,84833,1,,,0,30,,84834,1,,,0,70,,84831,1,,,0,30,,84835,1,,,0,70,,84836,1,,,0,30,,84837,1,,,0,70,,84838,1,,,0,30,,84839,1,,,0,70,,84840,1,,,0,30,,84841,1,,,0,70,,84842,1,,,0,30,,84843,1,,,0,72,,84844,1,,,0,32,,84845,1,,,0,72,,84846,1,,,0,32,,84847,1,,,0,72,,84848,1,,,0,30,,84849,1,,,0,72,,84850,1,,,0,30,,84855,1,,,0,70,,84853,1,,,0,30,,84856,1,,,0,70,,84857,1,,,0,30,,84854,1,,,0,70,,84851,1,,,0,30,,84852,1,,,0
2601,'STMPSu1-Sunday',555,,84868,1,,,0,85,,84858,1,,,0,85,,84869,1,,,0,85,,84859,1,,,0,45,,84870,1,,,0,85,,84860,1,,,0,85,,84871,1,,,0,85,,84861,1,,,0,45,,84872,1,,,0,85,,84863,1,,,0,85,,84873,1,,,0,85,,84864,1,,,0,45,,84874,1,,,0,85,,84865,1,,,0,85,,84875,1,,,0,85,,84862,1,,,0,45,,84876,1,,,0,85,,84866,1,,,0,85,,84877,1,,,0,85,,84867,1,,,0
2601,'STMPSu2-Sunday',555,,84888,1,,,0,85,,84878,1,,,0,85,,84889,1,,,0,85,,84879,1,,,0,45,,84890,1,,,0,85,,84880,1,,,0,85,,84891,1,,,0,85,,84881,1,,,0,45,,84892,1,,,0,85,,84882,1,,,0,85,,84893,1,,,0,85,,84883,1,,,0,45,,84894,1,,,0,85,,84885,1,,,0,85,,84895,1,,,0,85,,84884,1,,,0,45,,84896,1,,,0,85,,84886,1,,,0,85,,84897,1,,,0,85,,84887,1,,,0
2601,'STMPWeek-Weekday',606,,84898,1,,,0,32,,84899,1,,,0,69,,84900,1,,,0,32,,84901,1,,,0,72,,84902,1,,,0,30,,84904,1,,,0,70,,84905,1,,,0,30,,84906,1,,,0,70,,84903,1,,,0,30,,84907,1,,,0,70,,84908,1,,,0,30,,84909,1,,,0,70,,84910,1,,,0,30,,84911,1,,,0,70,,84912,1,,,0,30,,84913,1,,,0,70,,84914,1,,,0,30,,84915,1,,,0,72,,84916,1,,,0,32,,84917,1,,,0,72,,84918,1,,,0,32,,84919,1,,,0,72,,84920,1,,,0,30,,84921,1,,,0,72,,84922,1,,,0,30,,84927,1,,,0,70,,84925,1,,,0,30,,84928,1,,,0,70,,84929,1,,,0,30,,84926,1,,,0,70,,84923,1,,,0,30,,84924,1,,,0
2601,'STMPar-Weekday',606,,84930,1,,,0,32,,84931,1,,,0,69,,84932,1,,,0,32,,84933,1,,,0,72,,84934,1,,,0,30,,84936,1,,,0,70,,84937,1,,,0,30,,84938,1,,,0,70,,84935,1,,,0,30,,84939,1,,,0,70,,84940,1,,,0,30,,84941,1,,,0,70,,84942,1,,,0,30,,84943,1,,,0,70,,84944,1,,,0,30,,84945,1,,,0,70,,84946,1,,,0,30,,84947,1,,,0,72,,84948,1,,,0,32,,84949,1,,,0,72,,84950,1,,,0,32,,84951,1,,,0,72,,84952,1,,,0,30,,84953,1,,,0,72,,84954,1,,,0,30,,84959,1,,,0,70,,84957,1,,,0,30,,84960,1,,,0,70,,84961,1,,,0,30,,84958,1,,,0,70,,84955,1,,,0,30,,84956,1,,,0
