12301,'Saturday',649,,75117,,,0,82,,75116,,,0,82,,75119,,,0,42,,75118,,,0,82,,75120,,,0,82,,75121,,,0,82,,75122,,,0,42,,75123,,,0,82,,75124,,,0,82,,75125,,,0,42,,75128,,,0,82,,75126,,,0,82,,75129,,,0,42,,75127,,,0,82,,75130,,,0,82,,75131,,,0,82,,75133,,,0,42,,75132,,,0,82,,75141,,,0,82,,75136,,,0,42,,75139,,,0,82,,75138,,,0,82,,75134,,,0,42,,75137,,,0,82,,75135,,,0,82,,75140,,,0
12301,'Sunday',649,,75142,,,0,82,,75143,,,0,82,,75144,,,0,42,,75145,,,0,82,,75146,,,0,82,,75147,,,0,82,,75148,,,0,42,,75149,,,0,82,,75150,,,0,82,,75151,,,0,42,,75154,,,0,82,,75152,,,0,82,,75155,,,0,42,,75153,,,0,82,,75156,,,0,82,,75157,,,0,82,,75159,,,0,42,,75158,,,0,82,,75166,,,0,82,,75162,,,0,42,,75167,,,0,82,,75164,,,0,82,,75160,,,0,42,,75163,,,0,82,,75161,,,0,82,,75165,,,0
12301,'Weekday',604,,75169,,,0,24,,75179,,,0,12,,75218,,,0,12,,75182,,,0,52,,75217,,,0,12,,75198,,,0,12,,75215,,,0,12,,75171,,,0,12,,75216,,,0,52,,75180,,,0,24,,75183,,,0,24,,75199,,,0,70,,75170,,,0,30,,75184,,,0,70,,75200,,,0,30,,75172,,,0,70,,75185,,,0,30,,75201,,,0,70,,75173,,,0,30,,75186,,,0,70,,75202,,,0,30,,75174,,,0,64,,75187,,,0,37,,75203,,,0,70,,75175,,,0,12,,75214,,,0,12,,75188,,,0,12,,75211,,,0,52,,75195,,,0,12,,75212,,,0,12,,75204,,,0,12,,75213,,,0,12,,75176,,,0,64,,75189,,,0,24,,75196,,,0,64,,75205,,,0,23,,75177,,,0,24,,75190,,,0,83,,75206,,,0,83,,75191,,,0,83,,75208,,,0,43,,75192,,,0,83,,75207,,,0,83,,75193,,,0,43,,75209,,,0,78,,75194,,,0,84,,75210,,,0
12301,'1CCSDCUT-Weekday',604,,75220,,,0,24,,75230,,,0,12,,75269,,,0,12,,75233,,,0,52,,75268,,,0,12,,75249,,,0,12,,75266,,,0,12,,75222,,,0,12,,75267,,,0,52,,75231,,,0,24,,75234,,,0,24,,75250,,,0,70,,75221,,,0,30,,75235,,,0,70,,75251,,,0,30,,75223,,,0,70,,75236,,,0,30,,75252,,,0,70,,75224,,,0,30,,75237,,,0,70,,75253,,,0,30,,75225,,,0,64,,75238,,,0,37,,75254,,,0,70,,75226,,,0,12,,75265,,,0,12,,75239,,,0,12,,75262,,,0,52,,75246,,,0,12,,75263,,,0,12,,75255,,,0,12,,75264,,,0,12,,75227,,,0,64,,75240,,,0,24,,75247,,,0,64,,75256,,,0,23,,75228,,,0,24,,75241,,,0,83,,75257,,,0,83,,75242,,,0,83,,75259,,,0,43,,75243,,,0,83,,75258,,,0,83,,75244,,,0,43,,75260,,,0,78,,75245,,,0,84,,75261,,,0
12301,'1PUBCUT-Weekday',604,,75271,,,0,24,,75281,,,0,12,,75320,,,0,12,,75284,,,0,52,,75319,,,0,12,,75300,,,0,12,,75317,,,0,12,,75273,,,0,12,,75318,,,0,52,,75282,,,0,24,,75285,,,0,24,,75301,,,0,70,,75272,,,0,30,,75286,,,0,70,,75302,,,0,30,,75274,,,0,70,,75287,,,0,30,,75303,,,0,70,,75275,,,0,30,,75288,,,0,70,,75304,,,0,30,,75276,,,0,64,,75289,,,0,37,,75305,,,0,70,,75277,,,0,12,,75316,,,0,12,,75290,,,0,12,,75313,,,0,52,,75297,,,0,12,,75314,,,0,12,,75306,,,0,12,,75315,,,0,12,,75278,,,0,64,,75291,,,0,24,,75298,,,0,64,,75307,,,0,23,,75279,,,0,24,,75292,,,0,83,,75308,,,0,83,,75293,,,0,83,,75310,,,0,43,,75294,,,0,83,,75309,,,0,83,,75295,,,0,43,,75311,,,0,78,,75296,,,0,84,,75312,,,0
42100,'Saturday',707,,88103,,,0,30,,88107,,,0,70,,88094,,,0,30,,88100,,,0,70,,88115,,,0,30,,88110,,,0,70,,88097,,,0,30,,88123,,,0,70,,88101,,,0,30,,88117,,,0,70,,88112,,,0,30,,88098,,,0,70,,88121,,,0,30,,88102,,,0,70,,88114,,,0,30,,88108,,,0,70,,88093,,,0,30,,88104,,,0,70,,88124,,,0,30,,88118,,,0,70,,88113,,,0,30,,88095,,,0,70,,88105,,,0,30,,88116,,,0,70,,88120,,,0,30,,88111,,,0,70,,88099,,,0,30,,88106,,,0,70,,88119,,,0,30,,88109,,,0,70,,88122,,,0,30,,88096,,,0,70,,88127,,,0,30,,88125,,,0,70,,88126,,,0
42100,'Sunday',706,,88142,,,0,30,,88141,,,0,70,,88129,,,0,30,,88135,,,0,70,,88149,,,0,30,,88157,,,0,70,,88144,,,0,30,,88130,,,0,70,,88136,,,0,30,,88150,,,0,71,,88145,,,0,30,,88131,,,0,70,,88158,,,0,30,,88139,,,0,70,,88153,,,0,30,,88146,,,0,70,,88128,,,0,30,,88159,,,0,70,,88140,,,0,30,,88151,,,0,70,,88143,,,0,30,,88132,,,0,70,,88137,,,0,29,,88154,,,0,70,,88155,,,0,30,,88147,,,0,70,,88133,,,0,30,,88138,,,0,70,,88152,,,0,30,,88148,,,0,70,,88156,,,0,30,,88134,,,0,70,,88161,,,0,30,,88160,,,0
42100,'Weekday',537,,88162,,,0,70,,88173,,,0,15,,88209,,,0,15,,88174,,,0,15,,88202,,,0,55,,88175,,,0,15,,88203,,,0,15,,88172,,,0,15,,88200,,,0,55,,88176,,,0,15,,88210,,,0,10,,88177,,,0,75,,88178,,,0,30,,88179,,,0,70,,88181,,,0,30,,88182,,,0,70,,88183,,,0,30,,88180,,,0,70,,88184,,,0,30,,88185,,,0,70,,88186,,,0,30,,88187,,,0,70,,88188,,,0,30,,88189,,,0,65,,88163,,,0,15,,88201,,,0,15,,88164,,,0,15,,88204,,,0,55,,88166,,,0,15,,88205,,,0,15,,88167,,,0,15,,88206,,,0,55,,88168,,,0,15,,88208,,,0,15,,88165,,,0,15,,88207,,,0,55,,88169,,,0,25,,88170,,,0,30,,88171,,,0,70,,88191,,,0,30,,88192,,,0,70,,88193,,,0,30,,88190,,,0,70,,88194,,,0,29,,88195,,,0,70,,88196,,,0,30,,88197,,,0,70,,88198,,,0,30,,88199,,,0
42100,'1CCSDCUT-Weekday',537,,88212,,,0,70,,88223,,,0,15,,88259,,,0,15,,88224,,,0,15,,88252,,,0,55,,88225,,,0,15,,88253,,,0,15,,88222,,,0,15,,88250,,,0,55,,88226,,,0,15,,88260,,,0,10,,88227,,,0,75,,88228,,,0,30,,88229,,,0,70,,88231,,,0,30,,88232,,,0,70,,88233,,,0,30,,88230,,,0,70,,88234,,,0,30,,88235,,,0,70,,88236,,,0,30,,88237,,,0,70,,88238,,,0,30,,88239,,,0,65,,88213,,,0,15,,88251,,,0,15,,88214,,,0,15,,88254,,,0,55,,88216,,,0,15,,88255,,,0,15,,88217,,,0,15,,88256,,,0,55,,88218,,,0,15,,88258,,,0,15,,88215,,,0,15,,88257,,,0,55,,88219,,,0,25,,88220,,,0,30,,88221,,,0,70,,88241,,,0,30,,88242,,,0,70,,88243,,,0,30,,88240,,,0,70,,88244,,,0,29,,88245,,,0,70,,88246,,,0,30,,88247,,,0,70,,88248,,,0,30,,88249,,,0
42100,'1PUBCUT-Weekday',537,,88262,,,0,70,,88273,,,0,15,,88309,,,0,15,,88274,,,0,15,,88302,,,0,55,,88275,,,0,15,,88303,,,0,15,,88272,,,0,15,,88300,,,0,55,,88276,,,0,15,,88310,,,0,10,,88277,,,0,75,,88278,,,0,30,,88279,,,0,70,,88281,,,0,30,,88282,,,0,70,,88283,,,0,30,,88280,,,0,70,,88284,,,0,30,,88285,,,0,70,,88286,,,0,30,,88287,,,0,70,,88288,,,0,30,,88289,,,0,65,,88263,,,0,15,,88301,,,0,15,,88264,,,0,15,,88304,,,0,55,,88266,,,0,15,,88305,,,0,15,,88267,,,0,15,,88306,,,0,55,,88268,,,0,15,,88308,,,0,15,,88265,,,0,15,,88307,,,0,55,,88269,,,0,25,,88270,,,0,30,,88271,,,0,70,,88291,,,0,30,,88292,,,0,70,,88293,,,0,30,,88290,,,0,70,,88294,,,0,29,,88295,,,0,70,,88296,,,0,30,,88297,,,0,70,,88298,,,0,30,,88299,,,0
88701,'Weekday',750,,89444,0,12 89 28 1 90,0
88701,'1PUBCUT-Weekday',750,,89445,0,12 89 28 1 90,0
