3300,'Weekday',551,,86328,25,,,0,72,,86329,25,,,0,32,,86330,25,,,0,75,,86327,25,,,0,74,,86331,25,,,0,34,,86332,25,,,0,73,,86334,25,,,0,35,,86333,25,,,0,75,,86335,25,,,0,35,,86336,25,,,0,75,,86338,25,,,0,75,,86339,25,,,0,35,,86337,25,,,0,75,,86340,25,,,0,35,,86341,25,,,0,76,,86342,25,,,0,77,,86343,25,,,0,36,,86344,25,,,0,76,,86346,25,,,0,36,,86345,25,,,0,76,,86347,25,,,0,74,,86348,25,,,0,32,,86349,25,,,0,75,,86350,25,,,0,34,,86351,25,,,0
3300,'STMPSnea-Weekday',551,,86390,25,,,0,72,,86391,25,,,0,32,,86392,25,,,0,75,,86389,25,,,0,74,,86393,25,,,0,34,,86394,25,,,0,73,,86396,25,,,0,35,,86395,25,,,0,75,,86397,25,,,0,35,,86398,25,,,0,75,,86400,25,,,0,75,,86401,25,,,0,35,,86399,25,,,0,75,,86402,25,,,0,35,,86403,25,,,0,76,,86404,25,,,0,77,,86405,25,,,0,36,,86406,25,,,0,76,,86408,25,,,0,36,,86407,25,,,0,76,,86409,25,,,0,74,,86410,25,,,0,32,,86411,25,,,0,75,,86412,25,,,0,34,,86413,25,,,0
3300,'STMPWeek-Weekday',551,,86455,25,,,0,72,,86456,25,,,0,32,,86457,25,,,0,75,,86454,25,,,0,74,,86458,25,,,0,34,,86459,25,,,0,73,,86461,25,,,0,35,,86460,25,,,0,75,,86462,25,,,0,35,,86463,25,,,0,75,,86465,25,,,0,75,,86466,25,,,0,35,,86464,25,,,0,75,,86467,25,,,0,35,,86468,25,,,0,76,,86469,25,,,0,77,,86470,25,,,0,36,,86471,25,,,0,76,,86473,25,,,0,36,,86472,25,,,0,76,,86474,25,,,0,74,,86475,25,,,0,32,,86476,25,,,0,75,,86477,25,,,0,34,,86478,25,,,0
3300,'STMPar-Weekday',551,,86484,25,,,0,72,,86485,25,,,0,32,,86486,25,,,0,75,,86483,25,,,0,74,,86487,25,,,0,34,,86488,25,,,0,73,,86490,25,,,0,35,,86489,25,,,0,75,,86491,25,,,0,35,,86492,25,,,0,75,,86494,25,,,0,75,,86495,25,,,0,35,,86493,25,,,0,75,,86496,25,,,0,35,,86497,25,,,0,76,,86498,25,,,0,77,,86499,25,,,0,36,,86500,25,,,0,76,,86502,25,,,0,36,,86501,25,,,0,76,,86503,25,,,0,74,,86504,25,,,0,32,,86505,25,,,0,75,,86506,25,,,0,34,,86507,25,,,0
5700,'Saturday',612,,96119,8,,,0,35,,96121,8,,,0,76,,96122,8,,,0,36,,96123,8,,,0,76,,96124,8,,,0,76,,96126,8,,,0,36,,96125,8,,,0,76,,96127,8,,,0,36,,96128,8,,,0,76,,96129,8,,,0,75,,96135,8,,,0,37,,96130,8,,,0,78,,96131,8,,,0,78,,96136,8,,,0,37,,96132,8,,,0,78,,96137,8,,,0,37,,96134,8,,,0,78,,96133,8,,,0,77,,96138,8,,,0,38,,96140,8,,,0,76,,96139,8,,,0,77,,96142,8,,,0,36,,96141,8,,,0,77,,96143,8,,,0,36,,96144,8,,,0,76,,96145,8,,,0,76,,96146,8,,,0,36,,96147,8,,,0,76,,96148,8,,,0,36,,96149,8,,,0,76,,96150,8,0,121 47,0
5700,'Sunday',612,,96151,8,,,0,35,,96168,8,,,0,76,,96152,8,,,0,36,,96169,8,,,0,76,,96153,8,,,0,76,,96171,8,,,0,36,,96154,8,,,0,76,,96170,8,,,0,36,,96155,8,,,0,76,,96173,8,,,0,75,,96156,8,,,0,37,,96172,8,,,0,78,,96157,8,,,0,78,,96174,8,,,0,37,,96158,8,,,0,78,,96175,8,,,0,37,,96159,8,,,0,78,,96176,8,,,0,77,,96161,8,,,0,38,,96177,8,,,0,76,,96160,8,,,0,77,,96178,8,,,0,36,,96162,8,,,0,77,,96179,8,,,0,36,,96163,8,,,0,76,,96180,8,,,0,76,,96164,8,,,0,36,,96181,8,,,0,76,,96165,8,,,0,36,,96182,8,,,0,76,,96166,8,0,121 47,0
5700,'Weekday',540,,96184,8,,,0,62,,96189,8,,,0,28,,96186,8,,,0,22,,96187,8,,,0,60,,96188,8,,,0,22,,96190,8,,,0,20,,96211,8,,,0,58,,96191,8,,,0,19,,96195,8,,,0,19,,96193,8,,,0,60,,96212,8,,,0,19,,96192,8,,,0,19,,96196,8,,,0,66,,96194,8,,,0,26,,96197,8,,,0,66,,96214,8,,,0,26,,96215,8,,,0,26,,96216,8,,,0,66,,96217,8,,,0,26,,96218,8,,,0,66,,96219,8,,,0,26,,96220,8,,,0,66,,96221,8,,,0,26,,96222,8,,,0,66,,96224,8,,,0,26,,96225,8,,,0,26,,96226,8,,,0,66,,96223,8,,,0,26,,96227,8,,,0,66,,96228,8,,,0,26,,96229,8,,,0,66,,96230,8,,,0,26,,96231,8,,,0,24,,96233,8,,,0,67,,96213,8,,,0,25,,96198,8,,,0,66,,96199,8,,,0,26,,96201,8,,,0,66,,96200,8,,,0,26,,96234,8,,,0,26,,96202,8,,,0,65,,96204,8,,,0,27,,96203,8,,,0,71,,96205,8,,,0,34,,96206,8,,,0,74,,96207,8,,,0,34,,96208,8,0,121 47,0,74,,96209,8,0,121 47,0
5700,'STMPSa-Saturday',612,,96235,8,,,0,35,,96237,8,,,0,76,,96238,8,,,0,36,,96239,8,,,0,76,,96240,8,,,0,76,,96242,8,,,0,36,,96241,8,,,0,76,,96243,8,,,0,36,,96244,8,,,0,76,,96245,8,,,0,75,,96251,8,,,0,37,,96246,8,,,0,78,,96247,8,,,0,78,,96252,8,,,0,37,,96248,8,,,0,78,,96253,8,,,0,37,,96250,8,,,0,78,,96249,8,,,0,77,,96254,8,,,0,38,,96257,8,,,0,76,,96255,8,,,0,77,,96258,8,,,0,36,,96256,8,,,0,77,,96259,8,,,0,36,,96260,8,,,0,76,,96261,8,,,0,76,,96262,8,,,0,36,,96263,8,,,0,76,,96264,8,,,0,36,,96265,8,,,0,76,,96266,8,0,121 47,0
5700,'STMPSnea-Weekday',540,,96268,8,,,0,62,,96273,8,,,0,28,,96270,8,,,0,22,,96271,8,,,0,60,,96272,8,,,0,22,,96274,8,,,0,20,,96295,8,,,0,58,,96275,8,,,0,19,,96279,8,,,0,19,,96277,8,,,0,60,,96296,8,,,0,19,,96276,8,,,0,19,,96280,8,,,0,66,,96278,8,,,0,26,,96281,8,,,0,66,,96298,8,,,0,26,,96299,8,,,0,26,,96300,8,,,0,66,,96301,8,,,0,26,,96302,8,,,0,66,,96303,8,,,0,26,,96304,8,,,0,66,,96305,8,,,0,26,,96306,8,,,0,66,,96308,8,,,0,26,,96309,8,,,0,26,,96310,8,,,0,66,,96307,8,,,0,26,,96311,8,,,0,66,,96312,8,,,0,26,,96313,8,,,0,66,,96314,8,,,0,26,,96315,8,,,0,24,,96317,8,,,0,67,,96297,8,,,0,25,,96282,8,,,0,66,,96283,8,,,0,26,,96285,8,,,0,66,,96284,8,,,0,26,,96318,8,,,0,26,,96286,8,,,0,65,,96288,8,,,0,27,,96287,8,,,0,71,,96289,8,,,0,34,,96290,8,,,0,74,,96291,8,,,0,34,,96292,8,0,121 47,0,74,,96293,8,0,121 47,0
5700,'STMPSu1-Sunday',612,,96320,8,,,0,35,,96336,8,,,0,76,,96319,8,,,0,36,,96337,8,,,0,76,,96321,8,,,0,76,,96339,8,,,0,36,,96322,8,,,0,76,,96338,8,,,0,36,,96323,8,,,0,76,,96341,8,,,0,75,,96324,8,,,0,37,,96340,8,,,0,78,,96325,8,,,0,78,,96342,8,,,0,37,,96326,8,,,0,78,,96343,8,,,0,37,,96327,8,,,0,78,,96344,8,,,0,77,,96329,8,,,0,38,,96345,8,,,0,76,,96328,8,,,0,77,,96346,8,,,0,36,,96330,8,,,0,77,,96347,8,,,0,36,,96331,8,,,0,76,,96348,8,,,0,76,,96332,8,,,0,36,,96349,8,,,0,76,,96333,8,,,0,36,,96350,8,,,0,76,,96334,8,0,121 47,0
5700,'STMPSu2-Sunday',612,,96351,8,,,0,35,,96368,8,,,0,76,,96352,8,,,0,36,,96369,8,,,0,76,,96353,8,,,0,76,,96371,8,,,0,36,,96354,8,,,0,76,,96370,8,,,0,36,,96355,8,,,0,76,,96373,8,,,0,75,,96356,8,,,0,37,,96372,8,,,0,78,,96357,8,,,0,78,,96374,8,,,0,37,,96358,8,,,0,78,,96375,8,,,0,37,,96359,8,,,0,78,,96376,8,,,0,77,,96361,8,,,0,38,,96377,8,,,0,76,,96360,8,,,0,77,,96378,8,,,0,36,,96362,8,,,0,77,,96379,8,,,0,36,,96363,8,,,0,76,,96380,8,,,0,76,,96364,8,,,0,36,,96381,8,,,0,76,,96365,8,,,0,36,,96382,8,,,0,76,,96366,8,0,121 47,0
5700,'STMPWeek-Weekday',540,,96384,8,,,0,62,,96389,8,,,0,28,,96386,8,,,0,22,,96387,8,,,0,60,,96388,8,,,0,22,,96390,8,,,0,20,,96411,8,,,0,58,,96391,8,,,0,19,,96395,8,,,0,19,,96393,8,,,0,60,,96412,8,,,0,19,,96392,8,,,0,19,,96396,8,,,0,66,,96394,8,,,0,26,,96397,8,,,0,66,,96414,8,,,0,26,,96415,8,,,0,26,,96416,8,,,0,66,,96417,8,,,0,26,,96418,8,,,0,66,,96419,8,,,0,26,,96420,8,,,0,66,,96421,8,,,0,26,,96422,8,,,0,66,,96424,8,,,0,26,,96425,8,,,0,26,,96426,8,,,0,66,,96423,8,,,0,26,,96427,8,,,0,66,,96428,8,,,0,26,,96429,8,,,0,66,,96430,8,,,0,26,,96431,8,,,0,24,,96433,8,,,0,67,,96413,8,,,0,25,,96398,8,,,0,66,,96399,8,,,0,26,,96401,8,,,0,66,,96400,8,,,0,26,,96434,8,,,0,26,,96402,8,,,0,65,,96404,8,,,0,27,,96403,8,,,0,71,,96405,8,,,0,34,,96406,8,,,0,74,,96407,8,,,0,34,,96408,8,0,121 47,0,74,,96409,8,0,121 47,0
5700,'STMPar-Weekday',540,,96436,8,,,0,62,,96441,8,,,0,28,,96438,8,,,0,22,,96439,8,,,0,60,,96440,8,,,0,22,,96442,8,,,0,20,,96463,8,,,0,58,,96443,8,,,0,19,,96447,8,,,0,19,,96446,8,,,0,60,,96464,8,,,0,19,,96445,8,,,0,19,,96448,8,,,0,66,,96444,8,,,0,26,,96449,8,,,0,66,,96466,8,,,0,26,,96467,8,,,0,26,,96468,8,,,0,66,,96469,8,,,0,26,,96470,8,,,0,66,,96471,8,,,0,26,,96472,8,,,0,66,,96473,8,,,0,26,,96474,8,,,0,66,,96476,8,,,0,26,,96477,8,,,0,26,,96478,8,,,0,66,,96475,8,,,0,26,,96479,8,,,0,66,,96480,8,,,0,26,,96481,8,,,0,66,,96482,8,,,0,26,,96483,8,,,0,24,,96485,8,,,0,67,,96465,8,,,0,25,,96450,8,,,0,66,,96451,8,,,0,26,,96453,8,,,0,66,,96452,8,,,0,26,,96486,8,,,0,26,,96454,8,,,0,65,,96456,8,,,0,27,,96455,8,,,0,71,,96457,8,,,0,34,,96458,8,,,0,74,,96459,8,,,0,34,,96460,8,0,121 47,0,74,,96461,8,0,121 47,0
