9201,'Saturday',707,,110655,31,,,0,45,,110641,31,,,0,85,,110645,31,,,0,86,,110650,31,,,0,87,,110656,31,,,0,45,,110640,31,,,0,85,,110646,31,,,0,85,,110651,31,,,0,85,,110657,31,,,0,45,,110642,31,,,0,85,,110647,31,,,0,85,,110652,31,,,0,85,,110658,31,,,0,46,,110643,31,,,0,83,,110649,31,,,0,85,,110653,31,,,0,85,,110659,31,,,0,45,,110644,31,,,0,85,,110648,31,,,0,83,,110654,31,,,0,82,,110660,31,,,0,45,,110661,31,,,0
9201,'Sunday',708,,110677,31,,,0,45,,110662,31,,,0,85,,110667,31,,,0,85,,110672,31,,,0,85,,110678,31,,,0,45,,110663,31,,,0,87,,110668,31,,,0,85,,110674,31,,,0,85,,110679,31,,,0,45,,110665,31,,,0,85,,110669,31,,,0,85,,110673,31,,,0,85,,110680,31,,,0,45,,110664,31,,,0,85,,110670,31,,,0,84,,110675,31,,,0,84,,110681,31,,,0,45,,110666,31,,,0,85,,110671,31,,,0,85,,110676,31,,,0,82,,110682,31,,,0
9201,'Weekday',543,,110688,31,,,0,71,,110694,31,,,0,32,,110712,31,,,0,73,,110700,31,,,0,30,,110716,31,,,0,70,,110704,31,,,0,31,,110689,31,,,0,73,,110695,31,,,0,30,,110713,31,,,0,71,,110701,31,,,0,31,,110708,31,,,0,71,,110705,31,,,0,31,,110690,31,,,0,71,,110696,31,,,0,31,,110714,31,,,0,71,,110702,31,,,0,71,,110699,31,,,0,31,,110706,31,,,0,72,,110691,31,,,0,31,,110697,31,,,0,70,,110715,31,,,0,31,,110703,31,,,0,71,,110693,31,,,0,31,,110707,31,,,0,71,,110692,31,,,0,31,,110698,31,,,0,68,,110683,31,,,0,43,,110685,31,,,0,85,,110710,31,,,0,84,,110709,31,,,0,84,,110684,31,,,0,45,,110686,31,,,0,85,,110711,31,,,0,81,,110687,31,,,0
9201,'STMPSa-Saturday',707,,110732,31,,,0,45,,110718,31,,,0,85,,110722,31,,,0,86,,110727,31,,,0,87,,110733,31,,,0,45,,110717,31,,,0,85,,110723,31,,,0,85,,110728,31,,,0,85,,110734,31,,,0,45,,110719,31,,,0,85,,110724,31,,,0,85,,110729,31,,,0,85,,110735,31,,,0,46,,110720,31,,,0,83,,110726,31,,,0,85,,110730,31,,,0,85,,110736,31,,,0,45,,110721,31,,,0,85,,110725,31,,,0,83,,110731,31,,,0,82,,110737,31,,,0,45,,110738,31,,,0
9201,'STMPSnea-Weekday',543,,110744,31,,,0,71,,110750,31,,,0,32,,110768,31,,,0,73,,110756,31,,,0,30,,110772,31,,,0,70,,110760,31,,,0,31,,110745,31,,,0,73,,110751,31,,,0,30,,110769,31,,,0,71,,110757,31,,,0,31,,110764,31,,,0,71,,110761,31,,,0,31,,110746,31,,,0,71,,110752,31,,,0,31,,110770,31,,,0,71,,110758,31,,,0,71,,110755,31,,,0,31,,110762,31,,,0,72,,110747,31,,,0,31,,110753,31,,,0,70,,110771,31,,,0,31,,110759,31,,,0,71,,110749,31,,,0,31,,110763,31,,,0,71,,110748,31,,,0,31,,110754,31,,,0,68,,110739,31,,,0,43,,110741,31,,,0,85,,110766,31,,,0,84,,110765,31,,,0,84,,110740,31,,,0,45,,110742,31,,,0,85,,110767,31,,,0,81,,110743,31,,,0
9201,'STMPSu1-Sunday',708,,110788,31,,,0,45,,110773,31,,,0,85,,110778,31,,,0,85,,110783,31,,,0,85,,110789,31,,,0,45,,110774,31,,,0,87,,110779,31,,,0,85,,110785,31,,,0,85,,110790,31,,,0,45,,110776,31,,,0,85,,110780,31,,,0,85,,110784,31,,,0,85,,110791,31,,,0,45,,110775,31,,,0,85,,110781,31,,,0,84,,110786,31,,,0,84,,110792,31,,,0,45,,110777,31,,,0,85,,110782,31,,,0,85,,110787,31,,,0,82,,110793,31,,,0
9201,'STMPSu2-Sunday',708,,110809,31,,,0,45,,110794,31,,,0,85,,110799,31,,,0,85,,110804,31,,,0,85,,110810,31,,,0,45,,110795,31,,,0,87,,110800,31,,,0,85,,110806,31,,,0,85,,110811,31,,,0,45,,110797,31,,,0,85,,110801,31,,,0,85,,110805,31,,,0,85,,110812,31,,,0,45,,110796,31,,,0,85,,110802,31,,,0,84,,110807,31,,,0,84,,110813,31,,,0,45,,110798,31,,,0,85,,110803,31,,,0,85,,110808,31,,,0,82,,110814,31,,,0
9201,'STMPWeek-Weekday',543,,110820,31,,,0,71,,110826,31,,,0,32,,110844,31,,,0,73,,110832,31,,,0,30,,110848,31,,,0,70,,110836,31,,,0,31,,110821,31,,,0,73,,110827,31,,,0,30,,110845,31,,,0,71,,110833,31,,,0,31,,110840,31,,,0,71,,110837,31,,,0,31,,110822,31,,,0,71,,110828,31,,,0,31,,110846,31,,,0,71,,110834,31,,,0,71,,110831,31,,,0,31,,110838,31,,,0,72,,110823,31,,,0,31,,110829,31,,,0,70,,110847,31,,,0,31,,110835,31,,,0,71,,110825,31,,,0,31,,110839,31,,,0,71,,110824,31,,,0,31,,110830,31,,,0,68,,110815,31,,,0,43,,110817,31,,,0,85,,110842,31,,,0,84,,110841,31,,,0,84,,110816,31,,,0,45,,110818,31,,,0,85,,110843,31,,,0,81,,110819,31,,,0
9201,'STMPar-Weekday',543,,110854,31,,,0,71,,110860,31,,,0,32,,110878,31,,,0,73,,110866,31,,,0,30,,110882,31,,,0,70,,110870,31,,,0,31,,110855,31,,,0,73,,110861,31,,,0,30,,110879,31,,,0,71,,110867,31,,,0,31,,110874,31,,,0,71,,110871,31,,,0,31,,110856,31,,,0,71,,110862,31,,,0,31,,110880,31,,,0,71,,110868,31,,,0,71,,110865,31,,,0,31,,110872,31,,,0,72,,110857,31,,,0,31,,110863,31,,,0,70,,110881,31,,,0,31,,110869,31,,,0,71,,110859,31,,,0,31,,110873,31,,,0,71,,110858,31,,,0,31,,110864,31,,,0,68,,110849,31,,,0,43,,110851,31,,,0,85,,110876,31,,,0,84,,110875,31,,,0,84,,110850,31,,,0,45,,110852,31,,,0,85,,110877,31,,,0,81,,110853,31,,,0
11701,'Weekday',1659,,119288,20,,,0,82,,119286,22,,,0,69,,119287,22,,,0
11701,'STMPSnea-Weekday',1659,,119291,20,,,0,82,,119289,22,,,0,69,,119290,22,,,0
11701,'STMPWeek-Weekday',1659,,119294,20,,,0,82,,119292,22,,,0,69,,119293,22,,,0
11701,'STMPar-Weekday',1659,,119297,20,,,0,82,,119295,22,,,0,69,,119296,22,,,0
