1100,'Saturday',757,,76967,51,,,0,70,,76977,51,,,0,30,,76963,51,,,0,70,,76978,51,,,0,30,,76966,51,,,0,70,,76979,51,,,0,30,,76974,51,,,0,70,,76980,51,,,0,30,,76965,51,,,0,70,,76981,51,,,0,30,,76964,51,,,0,70,,76982,51,,,0,30,,76962,51,,,0,70,,76983,51,,,0,30,,76968,51,,,0,70,,76986,51,,,0,30,,76975,51,,,0,70,,76987,51,,,0,30,,76969,51,,,0,70,,76984,51,,,0,30,,76970,51,,,0,70,,76985,51,,,0,30,,76973,51,,,0,70,,76988,51,,,0,30,,76971,51,,,0,70,,76989,51,,,0,30,,76972,51,,,0,70,,76976,51,,,0,30,,76991,51,,,0,70,,76993,51,,,0,30,,76992,51,,,0,70,,76990,51,,,0
1100,'Sunday',1138,,76994,51,,,0,70,,77009,51,,,0,30,,76996,51,,,0,70,,77008,51,,,0,30,,76997,51,,,0,70,,77007,51,,,0,30,,76995,51,,,0,70,,77006,51,,,0,30,,77000,51,,,0,70,,77003,51,,,0,30,,76998,51,,,0,70,,77005,51,,,0,30,,76999,51,,,0,70,,77002,51,,,0,30,,77001,51,,,0,70,,77004,51,,,0,30,,77014,51,,,0,70,,77015,51,,,0,30,,77016,51,,,0,70,,77011,51,,,0,30,,77010,51,,,0,70,,77013,51,,,0,30,,77012,51,,,0,70,,77017,51,,,0
1100,'Weekday',554,,77018,26,,,0,68,,77019,51,,,0,30,,77021,51,,,0,70,,77022,51,,,0,31,,77023,51,,,0,67,,77020,51,,,0,32,,77024,51,,,0,65,,77025,51,,,0,35,,77026,51,,,0,70,,77027,51,,,0,30,,77028,51,,,0,70,,77029,51,,,0,30,,77030,51,,,0,70,,77031,51,,,0,30,,77032,51,,,0,70,,77033,51,,,0,30,,77035,51,,,0,75,,77036,51,,,0,28,,77037,51,,,0,68,,77034,51,,,0,30,,77038,51,,,0,70,,77039,51,,,0,30,,77040,51,,,0,70,,77041,51,,,0,30,,77042,51,,,0,72,,77043,51,,,0,27,,77044,51,,,0,70,,77045,51,,,0,30,,77046,51,,,0,70,,77047,51,,,0,30,,77048,51,,,0,70,,77049,51,,,0,30,,77050,51,,,0
1100,'STMPSa-Saturday',757,,77056,51,,,0,70,,77066,51,,,0,30,,77052,51,,,0,70,,77067,51,,,0,30,,77055,51,,,0,70,,77068,51,,,0,30,,77063,51,,,0,70,,77069,51,,,0,30,,77054,51,,,0,70,,77070,51,,,0,30,,77053,51,,,0,70,,77071,51,,,0,30,,77051,51,,,0,70,,77072,51,,,0,30,,77057,51,,,0,70,,77075,51,,,0,30,,77064,51,,,0,70,,77076,51,,,0,30,,77058,51,,,0,70,,77073,51,,,0,30,,77059,51,,,0,70,,77074,51,,,0,30,,77062,51,,,0,70,,77077,51,,,0,30,,77060,51,,,0,70,,77078,51,,,0,30,,77061,51,,,0,70,,77065,51,,,0,30,,77080,51,,,0,70,,77082,51,,,0,30,,77081,51,,,0,70,,77079,51,,,0
1100,'STMPSnea-Weekday',554,,77083,26,,,0,68,,77084,51,,,0,30,,77086,51,,,0,70,,77087,51,,,0,31,,77088,51,,,0,67,,77085,51,,,0,32,,77089,51,,,0,65,,77090,51,,,0,35,,77091,51,,,0,70,,77092,51,,,0,30,,77093,51,,,0,70,,77094,51,,,0,30,,77095,51,,,0,70,,77096,51,,,0,30,,77097,51,,,0,70,,77098,51,,,0,30,,77100,51,,,0,75,,77101,51,,,0,28,,77102,51,,,0,68,,77099,51,,,0,30,,77103,51,,,0,70,,77104,51,,,0,30,,77105,51,,,0,70,,77106,51,,,0,30,,77107,51,,,0,72,,77108,51,,,0,27,,77109,51,,,0,70,,77110,51,,,0,30,,77111,51,,,0,70,,77112,51,,,0,30,,77113,51,,,0,70,,77114,51,,,0,30,,77115,51,,,0
1100,'STMPSu1-Sunday',1138,,77116,51,,,0,70,,77131,51,,,0,30,,77118,51,,,0,70,,77130,51,,,0,30,,77119,51,,,0,70,,77129,51,,,0,30,,77117,51,,,0,70,,77128,51,,,0,30,,77122,51,,,0,70,,77125,51,,,0,30,,77120,51,,,0,70,,77127,51,,,0,30,,77121,51,,,0,70,,77124,51,,,0,30,,77123,51,,,0,70,,77126,51,,,0,30,,77136,51,,,0,70,,77137,51,,,0,30,,77138,51,,,0,70,,77133,51,,,0,30,,77132,51,,,0,70,,77135,51,,,0,30,,77134,51,,,0,70,,77139,51,,,0
1100,'STMPSu2-Sunday',1138,,77140,51,,,0,70,,77155,51,,,0,30,,77142,51,,,0,70,,77154,51,,,0,30,,77143,51,,,0,70,,77153,51,,,0,30,,77141,51,,,0,70,,77152,51,,,0,30,,77146,51,,,0,70,,77149,51,,,0,30,,77144,51,,,0,70,,77151,51,,,0,30,,77145,51,,,0,70,,77148,51,,,0,30,,77147,51,,,0,70,,77150,51,,,0,30,,77160,51,,,0,70,,77161,51,,,0,30,,77162,51,,,0,70,,77157,51,,,0,30,,77156,51,,,0,70,,77159,51,,,0,30,,77158,51,,,0,70,,77163,51,,,0
1100,'STMPWeek-Weekday',554,,77164,26,,,0,68,,77165,51,,,0,30,,77167,51,,,0,70,,77168,51,,,0,31,,77169,51,,,0,67,,77166,51,,,0,32,,77170,51,,,0,65,,77171,51,,,0,35,,77172,51,,,0,70,,77173,51,,,0,30,,77174,51,,,0,70,,77175,51,,,0,30,,77176,51,,,0,70,,77177,51,,,0,30,,77178,51,,,0,70,,77179,51,,,0,30,,77181,51,,,0,75,,77182,51,,,0,28,,77183,51,,,0,68,,77180,51,,,0,30,,77184,51,,,0,70,,77185,51,,,0,30,,77186,51,,,0,70,,77187,51,,,0,30,,77188,51,,,0,72,,77189,51,,,0,27,,77190,51,,,0,70,,77191,51,,,0,30,,77192,51,,,0,70,,77193,51,,,0,30,,77194,51,,,0,70,,77195,51,,,0,30,,77196,51,,,0
1100,'STMPar-Weekday',554,,77197,26,,,0,68,,77198,51,,,0,30,,77200,51,,,0,70,,77201,51,,,0,31,,77202,51,,,0,67,,77199,51,,,0,32,,77203,51,,,0,65,,77204,51,,,0,35,,77205,51,,,0,70,,77206,51,,,0,30,,77207,51,,,0,70,,77208,51,,,0,30,,77209,51,,,0,70,,77210,51,,,0,30,,77211,51,,,0,70,,77212,51,,,0,30,,77214,51,,,0,75,,77215,51,,,0,28,,77216,51,,,0,68,,77213,51,,,0,30,,77217,51,,,0,70,,77218,51,,,0,30,,77219,51,,,0,70,,77220,51,,,0,30,,77221,51,,,0,72,,77222,51,,,0,27,,77223,51,,,0,70,,77224,51,,,0,30,,77225,51,,,0,70,,77226,51,,,0,30,,77227,51,,,0,70,,77228,51,,,0,30,,77229,51,,,0
6300,'Weekday',630,,98771,10,,,0,75,,98772,10,,,0,35,,98773,10,,,0,75,,98774,10,,,0,35,,98775,10,,,0,679,,98777,10,,,0,75,,98778,10,,,0,35,,98779,10,,,0,75,,98780,10,,,0,35,,98770,10,,,0,75,,98776,10,,,0
6300,'STMPSnea-Weekday',630,,98782,10,,,0,75,,98783,10,,,0,35,,98784,10,,,0,75,,98785,10,,,0,35,,98786,10,,,0,679,,98788,10,,,0,75,,98789,10,,,0,35,,98790,10,,,0,75,,98791,10,,,0,35,,98781,10,,,0,75,,98787,10,,,0
6300,'STMPWeek-Weekday',630,,98793,10,,,0,75,,98794,10,,,0,35,,98795,10,,,0,75,,98796,10,,,0,35,,98797,10,,,0,679,,98799,10,,,0,75,,98800,10,,,0,35,,98801,10,,,0,75,,98802,10,,,0,35,,98792,10,,,0,75,,98798,10,,,0
6300,'STMPar-Weekday',630,,98804,10,,,0,75,,98805,10,,,0,35,,98806,10,,,0,75,,98807,10,,,0,35,,98808,10,,,0,679,,98810,10,,,0,75,,98811,10,,,0,35,,98812,10,,,0,75,,98813,10,,,0,35,,98803,10,,,0,75,,98809,10,,,0
