70601,'Weekday',732,,88683,0,130 184 64,0
70601,'1CCSDCUT-Weekday',732,,88685,0,130 184 64,0
79700,'Weekday',825,,89139,,,0
79700,'1CCSDCUT-Weekday',825,,89142,,,0
80501,'Weekday',823,,89173,0,127 15 16,0
80501,'1CCSDCUT-Weekday',823,,89174,0,127 15 16,0
80501,'1PUBCUT-Weekday',823,,89175,0,127 15 16,0
81800,'Weekday0000100',1451,,89234,0,12 13 14 15 16,0
81800,'Weekday1111000',1551,,89235,0,12 13 14 15 16,0
81800,'1PUBCUT-Weekday0000100',1451,,89236,0,12 13 14 15 16,0
81800,'1PUBCUT-Weekday1111000',1551,,89237,0,12 13 14 15 16,0
