3600,'Saturday',610,,87432,21,,,0,45,,87436,21,,,0,85,,87439,21,,,0,85,,87441,21,,,0,85,,87433,21,,,0,45,,87437,21,,,0,85,,87438,21,,,0,85,,87440,21,,,0,85,,87420,21,,,0,45,,87421,21,,,0,85,,87422,21,,,0,85,,87423,21,,,0,85,,87424,21,,,0,45,,87425,21,,,0,85,,87426,21,,,0,85,,87427,21,,,0,85,,87428,21,,,0,45,,87429,21,,,0,85,,87434,21,,,0,85,,87430,21,,,0,85,,87431,21,,,0,45,,87435,21,,,0,85,,87443,21,,,0,85,,87442,21,,,0
3600,'Sunday',740,,87457,21,,,0,85,,87459,21,,,0,85,,87455,21,,,0,45,,87454,21,,,0,85,,87456,21,,,0,85,,87458,21,,,0,85,,87445,21,,,0,45,,87444,21,,,0,85,,87446,21,,,0,85,,87447,21,,,0,85,,87448,21,,,0,45,,87449,21,,,0,85,,87450,21,,,0,85,,87451,21,,,0,85,,87452,21,,,0,45,,87453,21,,,0,85,,87460,21,,,0,85,,87462,21,,,0,85,,87463,21,,,0,45,,87465,21,,,0,85,,87464,21,,,0,85,,87461,21,,,0
3600,'Weekday',523,,87466,18,,,0,112,,87477,21,,,0,75,,87478,21,,,0,35,,87479,21,,,0,75,,87480,21,,,0,35,,87481,21,,,0,74,,87483,21,,,0,75,,87482,21,,,0,35,,87487,21,,,0,75,,87484,21,,,0,35,,87485,21,,,0,75,,87486,21,,,0,35,,87488,21,,,0,75,,87489,21,,,0,75,,87490,21,,,0,35,,87491,21,,,0,75,,87492,21,,,0,37,,87493,21,,,0,75,,87494,21,,,0,75,,87495,21,,,0,34,,87496,21,,,0,73,,87468,21,,,0,35,,87469,21,,,0,73,,87467,21,,,0,32,,87470,21,,,0,81,,87471,21,,,0,81,,87472,21,,,0,41,,87473,21,,,0,81,,87474,21,,,0,81,,87475,21,,,0,41,,87476,21,0,88,0
3600,'STMPSa-Saturday',610,,87509,21,,,0,45,,87513,21,,,0,85,,87516,21,,,0,85,,87518,21,,,0,85,,87510,21,,,0,45,,87514,21,,,0,85,,87515,21,,,0,85,,87517,21,,,0,85,,87497,21,,,0,45,,87498,21,,,0,85,,87499,21,,,0,85,,87500,21,,,0,85,,87501,21,,,0,45,,87502,21,,,0,85,,87503,21,,,0,85,,87504,21,,,0,85,,87505,21,,,0,45,,87506,21,,,0,85,,87511,21,,,0,85,,87507,21,,,0,85,,87508,21,,,0,45,,87512,21,,,0,85,,87520,21,,,0,85,,87519,21,,,0
3600,'STMPSnea-Weekday',523,,87521,18,,,0,112,,87532,21,,,0,75,,87533,21,,,0,35,,87534,21,,,0,75,,87535,21,,,0,35,,87536,21,,,0,74,,87538,21,,,0,75,,87537,21,,,0,35,,87542,21,,,0,75,,87539,21,,,0,35,,87540,21,,,0,75,,87541,21,,,0,35,,87543,21,,,0,75,,87544,21,,,0,75,,87545,21,,,0,35,,87546,21,,,0,75,,87547,21,,,0,37,,87548,21,,,0,75,,87549,21,,,0,75,,87550,21,,,0,34,,87551,21,,,0,73,,87523,21,,,0,35,,87524,21,,,0,73,,87522,21,,,0,32,,87525,21,,,0,81,,87526,21,,,0,81,,87527,21,,,0,41,,87528,21,,,0,81,,87529,21,,,0,81,,87530,21,,,0,41,,87531,21,0,88,0
3600,'STMPSu1-Sunday',740,,87565,21,,,0,85,,87567,21,,,0,85,,87563,21,,,0,45,,87562,21,,,0,85,,87564,21,,,0,85,,87566,21,,,0,85,,87553,21,,,0,45,,87552,21,,,0,85,,87554,21,,,0,85,,87555,21,,,0,85,,87556,21,,,0,45,,87557,21,,,0,85,,87558,21,,,0,85,,87559,21,,,0,85,,87560,21,,,0,45,,87561,21,,,0,85,,87568,21,,,0,85,,87570,21,,,0,85,,87571,21,,,0,45,,87573,21,,,0,85,,87572,21,,,0,85,,87569,21,,,0
3600,'STMPSu2-Sunday',740,,87587,21,,,0,85,,87589,21,,,0,85,,87585,21,,,0,45,,87584,21,,,0,85,,87586,21,,,0,85,,87588,21,,,0,85,,87575,21,,,0,45,,87574,21,,,0,85,,87576,21,,,0,85,,87577,21,,,0,85,,87578,21,,,0,45,,87579,21,,,0,85,,87580,21,,,0,85,,87581,21,,,0,85,,87582,21,,,0,45,,87583,21,,,0,85,,87590,21,,,0,85,,87592,21,,,0,85,,87593,21,,,0,45,,87595,21,,,0,85,,87594,21,,,0,85,,87591,21,,,0
3600,'STMPWeek-Weekday',523,,87596,18,,,0,112,,87607,21,,,0,75,,87608,21,,,0,35,,87609,21,,,0,75,,87610,21,,,0,35,,87611,21,,,0,74,,87613,21,,,0,75,,87612,21,,,0,35,,87617,21,,,0,75,,87614,21,,,0,35,,87615,21,,,0,75,,87616,21,,,0,35,,87618,21,,,0,75,,87619,21,,,0,75,,87620,21,,,0,35,,87621,21,,,0,75,,87622,21,,,0,37,,87623,21,,,0,75,,87624,21,,,0,75,,87625,21,,,0,34,,87626,21,,,0,73,,87598,21,,,0,35,,87599,21,,,0,73,,87597,21,,,0,32,,87600,21,,,0,81,,87601,21,,,0,81,,87602,21,,,0,41,,87603,21,,,0,81,,87604,21,,,0,81,,87605,21,,,0,41,,87606,21,0,88,0
3600,'STMPar-Weekday',523,,87627,18,,,0,112,,87638,21,,,0,75,,87639,21,,,0,35,,87640,21,,,0,75,,87641,21,,,0,35,,87642,21,,,0,74,,87644,21,,,0,75,,87643,21,,,0,35,,87648,21,,,0,75,,87645,21,,,0,35,,87646,21,,,0,75,,87647,21,,,0,35,,87649,21,,,0,75,,87650,21,,,0,75,,87651,21,,,0,35,,87652,21,,,0,75,,87653,21,,,0,37,,87654,21,,,0,75,,87655,21,,,0,75,,87656,21,,,0,34,,87657,21,,,0,73,,87629,21,,,0,35,,87630,21,,,0,73,,87628,21,,,0,32,,87631,21,,,0,81,,87632,21,,,0,81,,87633,21,,,0,41,,87634,21,,,0,81,,87635,21,,,0,81,,87636,21,,,0,41,,87637,21,0,88,0
4100,'Saturday',604,,90219,18,,,0,43,,90218,44,,,0,85,,90216,44,,,0,85,,90201,44,,,0,85,,90202,44,,,0,45,,90203,44,,,0,85,,90204,44,,,0,85,,90205,44,,,0,87,,90206,44,,,0,45,,90207,44,,,0,85,,90208,44,,,0,85,,90209,44,,,0,85,,90210,44,,,0,45,,90212,44,,,0,85,,90213,44,,,0,85,,90214,44,,,0,85,,90211,44,,,0,45,,90215,44,,,0,83,,90217,44,,,0
4100,'Weekday',559,,90220,18,,,0,77,,90223,44,,,0,76,,90224,44,,,0,35,,90225,44,,,0,75,,90226,44,,,0,37,,90227,44,,,0,71,,90231,44,,,0,75,,90229,44,,,0,35,,90232,44,,,0,75,,90230,44,,,0,35,,90228,44,,,0,75,,90234,44,,,0,75,,90233,44,,,0,35,,90237,44,,,0,75,,90235,44,,,0,35,,90236,44,,,0,77,,90238,44,,,0,36,,90239,44,,,0,74,,90240,44,,,0,73,,90241,44,,,0,32,,90242,44,,,0,75,,90243,44,,,0,36,,90221,44,,,0,72,,90222,44,,,0
4100,'STMPSa-Saturday',604,,90262,18,,,0,43,,90261,44,,,0,85,,90259,44,,,0,85,,90244,44,,,0,85,,90245,44,,,0,45,,90246,44,,,0,85,,90247,44,,,0,85,,90248,44,,,0,87,,90249,44,,,0,45,,90250,44,,,0,85,,90251,44,,,0,85,,90252,44,,,0,85,,90253,44,,,0,45,,90255,44,,,0,85,,90256,44,,,0,85,,90257,44,,,0,85,,90254,44,,,0,45,,90258,44,,,0,83,,90260,44,,,0
4100,'STMPSnea-Weekday',559,,90263,18,,,0,77,,90266,44,,,0,76,,90267,44,,,0,35,,90268,44,,,0,75,,90269,44,,,0,37,,90270,44,,,0,71,,90274,44,,,0,75,,90272,44,,,0,35,,90275,44,,,0,75,,90273,44,,,0,35,,90271,44,,,0,75,,90277,44,,,0,75,,90276,44,,,0,35,,90280,44,,,0,75,,90278,44,,,0,35,,90279,44,,,0,77,,90281,44,,,0,36,,90282,44,,,0,74,,90283,44,,,0,73,,90284,44,,,0,32,,90285,44,,,0,75,,90286,44,,,0,36,,90264,44,,,0,72,,90265,44,,,0
4100,'STMPWeek-Weekday',559,,90287,18,,,0,77,,90290,44,,,0,76,,90291,44,,,0,35,,90292,44,,,0,75,,90293,44,,,0,37,,90294,44,,,0,71,,90298,44,,,0,75,,90296,44,,,0,35,,90299,44,,,0,75,,90297,44,,,0,35,,90295,44,,,0,75,,90301,44,,,0,75,,90300,44,,,0,35,,90304,44,,,0,75,,90302,44,,,0,35,,90303,44,,,0,77,,90305,44,,,0,36,,90306,44,,,0,74,,90307,44,,,0,73,,90308,44,,,0,32,,90309,44,,,0,75,,90310,44,,,0,36,,90288,44,,,0,72,,90289,44,,,0
4100,'STMPar-Weekday',559,,90311,18,,,0,77,,90314,44,,,0,76,,90315,44,,,0,35,,90316,44,,,0,75,,90317,44,,,0,37,,90318,44,,,0,71,,90322,44,,,0,75,,90320,44,,,0,35,,90323,44,,,0,75,,90321,44,,,0,35,,90319,44,,,0,75,,90325,44,,,0,75,,90324,44,,,0,35,,90328,44,,,0,75,,90326,44,,,0,35,,90327,44,,,0,77,,90329,44,,,0,36,,90330,44,,,0,74,,90331,44,,,0,73,,90332,44,,,0,32,,90333,44,,,0,75,,90334,44,,,0,36,,90312,44,,,0,72,,90313,44,,,0
