15100,'Weekday',551,,128405,8,,,0,91,,128404,9,,,0
15100,'STMPSnea-Weekday',551,,128407,8,,,0,91,,128406,9,,,0
15100,'STMPWeek-Weekday',551,,128409,8,,,0,91,,128408,9,,,0
15100,'STMPar-Weekday',551,,128411,8,,,0,91,,128410,9,,,0
15101,'Weekday',1720,,128413,30,,,0,86,,128412,35,,,0
15101,'STMPSnea-Weekday',1720,,128415,30,,,0,86,,128414,35,,,0
15101,'STMPWeek-Weekday',1720,,128417,30,,,0,86,,128416,35,,,0
15101,'STMPar-Weekday',1720,,128419,30,,,0,86,,128418,35,,,0
15301,'Saturday',631,,128865,5,,,0,77,,128863,5,,,0,37,,128866,5,,,0,77,,128864,5,,,0,37,,128871,5,,,0,77,,128874,5,,,0,77,,128875,5,,,0,37,,128876,5,,,0,77,,128877,5,,,0,77,,128878,5,,,0,37,,128879,5,,,0,77,,128880,5,,,0,37,,128881,5,,,0,77,,128882,5,,,0,77,,128883,5,,,0,37,,128884,5,,,0,77,,128885,5,,,0,77,,128886,5,,,0,37,,128887,5,,,0,77,,128888,5,,,0,37,,128889,5,,,0,77,,128868,5,,,0,77,,128869,5,,,0,37,,128870,5,,,0,77,,128872,5,,,0,37,,128873,5,,,0,77,,128867,5,,,0
15301,'Sunday',900,,128891,5,,,0,37,,128896,5,,,0,77,,128899,5,,,0,37,,128897,5,,,0,77,,128900,5,,,0,77,,128902,5,,,0,37,,128903,5,,,0,77,,128904,5,,,0,37,,128901,5,,,0,77,,128898,5,,,0,77,,128906,5,,,0,37,,128907,5,,,0,77,,128908,5,,,0,77,,128910,5,,,0,37,,128911,5,,,0,77,,128905,5,,,0,36,,128909,5,,,0,77,,128912,5,,,0,77,,128892,5,,,0,37,,128894,5,,,0,76,,128895,5,,,0,35,,128893,5,,,0,72,,128890,5,,,0
15301,'Weekday',550,,128913,5,,,0,65,,128914,5,,,0,25,,128915,5,,,0,65,,128916,5,,,0,25,,128917,5,,,0,25,,128918,5,,,0,65,,128919,5,,,0,25,,128920,5,,,0,65,,128921,5,,,0,25,,128923,5,,,0,65,,128924,5,,,0,25,,128925,5,,,0,25,,128922,5,,,0,65,,128926,5,,,0,25,,128927,5,,,0,65,,128928,5,,,0,25,,128929,5,,,0,25,,128930,5,,,0,65,,128931,5,,,0,25,,128932,5,,,0,65,,128933,5,,,0,25,,128934,5,,,0,20,,128950,5,,,0,60,,128951,5,,,0,20,,128952,5,,,0,20,,128953,5,,,0,60,,128954,5,,,0,20,,128944,5,,,0,20,,128946,5,,,0,60,,128949,5,,,0,20,,128947,5,,,0,20,,128945,5,,,0,64,,128948,5,,,0,36,,128936,5,,,0,76,,128938,5,,,0,76,,128935,5,,,0,36,,128939,5,,,0,76,,128937,5,,,0,36,,128940,5,,,0,76,,128941,5,,,0,76,,128942,5,,,0,36,,128943,5,,,0
15301,'STMPSa-Saturday',631,,128957,5,,,0,77,,128955,5,,,0,37,,128958,5,,,0,77,,128956,5,,,0,37,,128963,5,,,0,77,,128966,5,,,0,77,,128967,5,,,0,37,,128968,5,,,0,77,,128969,5,,,0,77,,128970,5,,,0,37,,128971,5,,,0,77,,128972,5,,,0,37,,128973,5,,,0,77,,128974,5,,,0,77,,128975,5,,,0,37,,128976,5,,,0,77,,128977,5,,,0,77,,128978,5,,,0,37,,128979,5,,,0,77,,128980,5,,,0,37,,128981,5,,,0,77,,128960,5,,,0,77,,128961,5,,,0,37,,128962,5,,,0,77,,128964,5,,,0,37,,128965,5,,,0,77,,128959,5,,,0
15301,'STMPSnea-Weekday',550,,128982,5,,,0,65,,128983,5,,,0,25,,128984,5,,,0,65,,128985,5,,,0,25,,128986,5,,,0,25,,128987,5,,,0,65,,128988,5,,,0,25,,128989,5,,,0,65,,128990,5,,,0,25,,128992,5,,,0,65,,128993,5,,,0,25,,128994,5,,,0,25,,128991,5,,,0,65,,128995,5,,,0,25,,128996,5,,,0,65,,128997,5,,,0,25,,128998,5,,,0,25,,128999,5,,,0,65,,129000,5,,,0,25,,129001,5,,,0,65,,129002,5,,,0,25,,129003,5,,,0,20,,129019,5,,,0,60,,129020,5,,,0,20,,129021,5,,,0,20,,129022,5,,,0,60,,129023,5,,,0,20,,129013,5,,,0,20,,129015,5,,,0,60,,129018,5,,,0,20,,129016,5,,,0,20,,129014,5,,,0,64,,129017,5,,,0,36,,129005,5,,,0,76,,129007,5,,,0,76,,129004,5,,,0,36,,129008,5,,,0,76,,129006,5,,,0,36,,129009,5,,,0,76,,129010,5,,,0,76,,129011,5,,,0,36,,129012,5,,,0
15301,'STMPSu1-Sunday',900,,129025,5,,,0,37,,129030,5,,,0,77,,129033,5,,,0,37,,129031,5,,,0,77,,129034,5,,,0,77,,129036,5,,,0,37,,129037,5,,,0,77,,129038,5,,,0,37,,129035,5,,,0,77,,129032,5,,,0,77,,129040,5,,,0,37,,129041,5,,,0,77,,129042,5,,,0,77,,129044,5,,,0,37,,129045,5,,,0,77,,129039,5,,,0,36,,129043,5,,,0,77,,129046,5,,,0,77,,129026,5,,,0,37,,129028,5,,,0,76,,129029,5,,,0,35,,129027,5,,,0,72,,129024,5,,,0
15301,'STMPSu2-Sunday',900,,129048,5,,,0,37,,129053,5,,,0,77,,129056,5,,,0,37,,129054,5,,,0,77,,129057,5,,,0,77,,129059,5,,,0,37,,129060,5,,,0,77,,129061,5,,,0,37,,129058,5,,,0,77,,129055,5,,,0,77,,129063,5,,,0,37,,129064,5,,,0,77,,129065,5,,,0,77,,129067,5,,,0,37,,129068,5,,,0,77,,129062,5,,,0,36,,129066,5,,,0,77,,129069,5,,,0,77,,129049,5,,,0,37,,129051,5,,,0,76,,129052,5,,,0,35,,129050,5,,,0,72,,129047,5,,,0
15301,'STMPWeek-Weekday',550,,129070,5,,,0,65,,129071,5,,,0,25,,129072,5,,,0,65,,129073,5,,,0,25,,129074,5,,,0,25,,129075,5,,,0,65,,129076,5,,,0,25,,129077,5,,,0,65,,129078,5,,,0,25,,129080,5,,,0,65,,129081,5,,,0,25,,129082,5,,,0,25,,129079,5,,,0,65,,129083,5,,,0,25,,129084,5,,,0,65,,129085,5,,,0,25,,129086,5,,,0,25,,129087,5,,,0,65,,129088,5,,,0,25,,129089,5,,,0,65,,129090,5,,,0,25,,129091,5,,,0,20,,129107,5,,,0,60,,129108,5,,,0,20,,129109,5,,,0,20,,129110,5,,,0,60,,129111,5,,,0,20,,129101,5,,,0,20,,129103,5,,,0,60,,129106,5,,,0,20,,129104,5,,,0,20,,129102,5,,,0,64,,129105,5,,,0,36,,129093,5,,,0,76,,129095,5,,,0,76,,129092,5,,,0,36,,129096,5,,,0,76,,129094,5,,,0,36,,129097,5,,,0,76,,129098,5,,,0,76,,129099,5,,,0,36,,129100,5,,,0
15301,'STMPar-Weekday',550,,129112,5,,,0,65,,129113,5,,,0,25,,129114,5,,,0,65,,129115,5,,,0,25,,129116,5,,,0,25,,129117,5,,,0,65,,129118,5,,,0,25,,129119,5,,,0,65,,129120,5,,,0,25,,129122,5,,,0,65,,129123,5,,,0,25,,129124,5,,,0,25,,129121,5,,,0,65,,129125,5,,,0,25,,129126,5,,,0,65,,129127,5,,,0,25,,129128,5,,,0,25,,129129,5,,,0,65,,129130,5,,,0,25,,129131,5,,,0,65,,129132,5,,,0,25,,129133,5,,,0,20,,129149,5,,,0,60,,129150,5,,,0,20,,129151,5,,,0,20,,129152,5,,,0,60,,129153,5,,,0,20,,129143,5,,,0,20,,129145,5,,,0,60,,129148,5,,,0,20,,129146,5,,,0,20,,129144,5,,,0,64,,129147,5,,,0,36,,129135,5,,,0,76,,129137,5,,,0,76,,129134,5,,,0,36,,129138,5,,,0,76,,129136,5,,,0,36,,129139,5,,,0,76,,129140,5,,,0,76,,129141,5,,,0,36,,129142,5,,,0
