800,'Saturday',745,,47651,4,,0,67,,47648,4,,0,27,,47649,4,,0,67,,47652,4,,0,27,,47653,4,,0,67,,47654,4,,0,27,,47655,4,,0,27,,47656,4,,0,67,,47658,4,,0,27,,47659,4,,0,67,,47660,4,,0,27,,47657,4,,0,67,,47661,4,,0,27,,47662,4,,0,67,,47663,4,,0,27,,47664,4,,0,27,,47665,4,,0,67,,47666,4,,0,27,,47667,4,,0,67,,47668,4,,0,27,,47650,4,,0,67,,47669,4,,0,27,,47670,4,,0,67,,47671,4,,0,27,,47672,4,,0,67,,47673,4,,0,27,,47674,4,,0,27,,47675,4,,0,67,,47676,4,,0,37,,47677,4,,0,77,,47678,4,,0,75,,47679,4,,0,35,,47680,4,,0,75,,47681,4,,0,35,,47682,4,,0,75,,47683,4,,0,75,,47684,4,,0
800,'Sunday',745,,47686,4,,0,67,,47685,4,,0,27,,47688,4,,0,67,,47687,4,,0,27,,47689,4,,0,67,,47690,4,,0,27,,47691,4,,0,27,,47693,4,,0,67,,47692,4,,0,27,,47694,4,,0,67,,47695,4,,0,27,,47696,4,,0,67,,47698,4,,0,27,,47700,4,,0,67,,47699,4,,0,27,,47697,4,,0,27,,47702,4,,0,67,,47701,4,,0,27,,47703,4,,0,67,,47705,4,,0,27,,47707,4,,0,67,,47706,4,,0,27,,47708,4,,0,67,,47709,4,,0,27,,47704,4,,0,67,,47710,4,,0,27,,47712,4,,0,27,,47711,4,,0,67,,47713,4,,0,37,,47714,4,,0,77,,47715,4,,0,75,,47716,4,,0,35,,47717,4,,0,75,,47719,4,,0,35,,47718,4,,0,75,,47720,4,,0,75,,47721,4,,0
800,'Weekday',529,,47722,4,,0,17,,47725,4,,0,57,,47737,4,,0,17,,47757,4,,0,17,,47767,4,,0,17,,47786,4,,0,57,,47749,4,,0,17,,47723,4,,0,17,,47726,4,,0,57,,47738,4,,0,17,,47758,4,,0,17,,47765,4,,0,5,,47780,4,,0,6,,47781,4,,0,6,,47787,4,,0,49,,47782,4,,0,7,,47750,4,,0,14,,47724,4,,0,15,,47727,4,,0,16,,47739,4,,0,61,,47759,4,,0,21,,47788,4,,0,21,,47751,4,,0,61,,47728,4,,0,21,,47740,4,,0,61,,47760,4,,0,21,,47789,4,,0,21,,47752,4,,0,61,,47729,4,,0,21,,47741,4,,0,23,,47762,4,,0,64,,47790,4,,0,22,,47754,4,,0,20,,47797,4,,0,1,,47730,4,,0,64,,47742,4,,0,17,,47761,4,,0,5,,47772,4,,0,5,,47774,4,,0,7,,47768,4,,0,5,,47775,4,,0,45,,47771,4,,0,7,,47791,4,,0,5,,47783,4,,0,5,,47776,4,,0,7,,47753,4,,0,5,,47784,4,,0,5,,47777,4,,0,7,,47731,4,,0,5,,47785,4,,0,5,,47778,4,,0,47,,47770,4,,0,5,,47779,4,,0,5,,47773,4,,0,7,,47743,4,,0,17,,47763,4,,0,17,,47769,4,,0,57,,47792,4,,0,17,,47755,4,,0,24,,47732,4,,0,60,,47744,4,,0,21,,47764,4,,0,19,,47793,4,,0,59,,47756,4,,0,21,,47733,4,,0,19,,47745,4,,0,61,,47766,4,,0,21,,47796,4,,0,72,,47734,4,,0,34,,47746,4,,0,73,,47794,4,,0,33,,47735,4,,0,73,,47747,4,,0,33,,47795,4,,0,73,,47736,4,,0,26,,47748,4,,0
800,'Weekday1111000',1458,,47798,4,,0
800,'1CCSDCUT-Weekday',529,,47799,4,,0,17,,47802,4,,0,57,,47814,4,,0,17,,47834,4,,0,17,,47844,4,,0,17,,47863,4,,0,57,,47826,4,,0,17,,47800,4,,0,17,,47803,4,,0,57,,47815,4,,0,17,,47835,4,,0,17,,47842,4,,0,5,,47857,4,,0,6,,47858,4,,0,6,,47864,4,,0,49,,47859,4,,0,7,,47827,4,,0,14,,47801,4,,0,15,,47804,4,,0,16,,47816,4,,0,61,,47836,4,,0,21,,47865,4,,0,21,,47828,4,,0,61,,47805,4,,0,21,,47817,4,,0,61,,47837,4,,0,21,,47866,4,,0,21,,47829,4,,0,61,,47806,4,,0,21,,47818,4,,0,23,,47839,4,,0,64,,47867,4,,0,22,,47831,4,,0,20,,47874,4,,0,1,,47807,4,,0,64,,47819,4,,0,17,,47838,4,,0,5,,47849,4,,0,5,,47851,4,,0,7,,47845,4,,0,5,,47852,4,,0,45,,47848,4,,0,7,,47868,4,,0,5,,47860,4,,0,5,,47853,4,,0,7,,47830,4,,0,5,,47861,4,,0,5,,47854,4,,0,7,,47808,4,,0,5,,47862,4,,0,5,,47855,4,,0,47,,47847,4,,0,5,,47856,4,,0,5,,47850,4,,0,7,,47820,4,,0,17,,47840,4,,0,17,,47846,4,,0,57,,47869,4,,0,17,,47832,4,,0,24,,47809,4,,0,60,,47821,4,,0,21,,47841,4,,0,19,,47870,4,,0,59,,47833,4,,0,21,,47810,4,,0,19,,47822,4,,0,61,,47843,4,,0,21,,47873,4,,0,72,,47811,4,,0,34,,47823,4,,0,73,,47871,4,,0,33,,47812,4,,0,73,,47824,4,,0,33,,47872,4,,0,73,,47813,4,,0,26,,47825,4,,0
800,'1CCSDCUT-Weekday1111000',1458,,47875,4,,0
800,'1PUBCUT-Weekday',529,,47876,4,,0,17,,47879,4,,0,57,,47891,4,,0,17,,47911,4,,0,17,,47921,4,,0,17,,47940,4,,0,57,,47903,4,,0,17,,47877,4,,0,17,,47880,4,,0,57,,47892,4,,0,17,,47912,4,,0,17,,47919,4,,0,5,,47934,4,,0,6,,47935,4,,0,6,,47941,4,,0,49,,47936,4,,0,7,,47904,4,,0,14,,47878,4,,0,15,,47881,4,,0,16,,47893,4,,0,61,,47913,4,,0,21,,47942,4,,0,21,,47905,4,,0,61,,47882,4,,0,21,,47894,4,,0,61,,47914,4,,0,21,,47943,4,,0,21,,47906,4,,0,61,,47883,4,,0,21,,47895,4,,0,23,,47916,4,,0,64,,47944,4,,0,22,,47908,4,,0,20,,47951,4,,0,1,,47884,4,,0,64,,47896,4,,0,17,,47915,4,,0,5,,47926,4,,0,5,,47928,4,,0,7,,47922,4,,0,5,,47929,4,,0,45,,47925,4,,0,7,,47945,4,,0,5,,47937,4,,0,5,,47930,4,,0,7,,47907,4,,0,5,,47938,4,,0,5,,47931,4,,0,7,,47885,4,,0,5,,47939,4,,0,5,,47932,4,,0,47,,47924,4,,0,5,,47933,4,,0,5,,47927,4,,0,7,,47897,4,,0,17,,47917,4,,0,17,,47923,4,,0,57,,47946,4,,0,17,,47909,4,,0,24,,47886,4,,0,60,,47898,4,,0,21,,47918,4,,0,19,,47947,4,,0,59,,47910,4,,0,21,,47887,4,,0,19,,47899,4,,0,61,,47920,4,,0,21,,47950,4,,0,72,,47888,4,,0,34,,47900,4,,0,73,,47948,4,,0,33,,47889,4,,0,73,,47901,4,,0,33,,47949,4,,0,73,,47890,4,,0,26,,47902,4,,0
800,'1PUBCUT-Weekday1111000',1458,,47952,4,,0
801,'Saturday',635,,47953,,,0,67,,47954,,,0,27,,47955,,,0,27,,47956,,,0,67,,47957,,,0,27,,47958,,,0,67,,47959,,,0,27,,47960,,,0,67,,47961,,,0,27,,47962,,,0,67,,47963,,,0,27,,47964,,,0,27,,47965,,,0,67,,47966,,,0,27,,47967,,,0,67,,47968,,,0,27,,47970,,,0,67,,47971,,,0,27,,47972,,,0,67,,47969,,,0,27,,47973,,,0,67,,47974,,,0,27,,47975,,,0,27,,47976,,,0,67,,47977,,,0,27,,47979,,,0,67,,47980,,,0,27,,47981,,,0,67,,47978,,,0,27,,47982,,,0,67,,47983,,,0,30,,47984,,,0,75,,47985,,,0,35,,47986,,,0,75,,47987,,,0,35,,47988,,,0,75,,47989,,,0
801,'Sunday',635,,47991,,,0,67,,47990,,,0,27,,47992,,,0,27,,47993,,,0,67,,47994,,,0,27,,47995,,,0,67,,47997,,,0,27,,47996,,,0,67,,47998,,,0,27,,47999,,,0,67,,48000,,,0,27,,48001,,,0,27,,48002,,,0,67,,48003,,,0,27,,48004,,,0,67,,48005,,,0,27,,48006,,,0,67,,48007,,,0,27,,48008,,,0,67,,48009,,,0,27,,48010,,,0,67,,48011,,,0,27,,48013,,,0,27,,48015,,,0,67,,48014,,,0,27,,48016,,,0,67,,48012,,,0,27,,48019,,,0,67,,48017,,,0,27,,48018,,,0,67,,48020,,,0,30,,48021,,,0,75,,48022,,,0,35,,48023,,,0,75,,48024,,,0,35,,48025,,,0,75,,48026,,,0
801,'Weekday',502,,48088,,,0,18,,48051,,,0,17,,48030,,,0,17,,48032,,,0,57,,48042,,,0,17,,48059,,,0,17,,48067,,,0,5,,48075,,,0,5,,48076,,,0,47,,48089,,,0,5,,48077,,,0,5,,48078,,,0,7,,48052,,,0,5,,48079,,,0,5,,48080,,,0,7,,48031,,,0,5,,48081,,,0,5,,48082,,,0,7,,48034,,,0,5,,48083,,,0,52,,48043,,,0,17,,48060,,,0,17,,48068,,,0,13,,48090,,,0,61,,48053,,,0,21,,48033,,,0,61,,48044,,,0,21,,48061,,,0,21,,48091,,,0,61,,48054,,,0,21,,48035,,,0,21,,48045,,,0,61,,48063,,,0,21,,48092,,,0,21,,48055,,,0,61,,48036,,,0,21,,48046,,,0,21,,48062,,,0,63,,48093,,,0,12,,48084,,,0,10,,48056,,,0,10,,48085,,,0,10,,48037,,,0,45,,48086,,,0,9,,48070,,,0,17,,48047,,,0,5,,48087,,,0,8,,48073,,,0,5,,48064,,,0,5,,48072,,,0,5,,48074,,,0,46,,48069,,,0,17,,48094,,,0,17,,48057,,,0,17,,48038,,,0,57,,48071,,,0,17,,48028,,,0,22,,48065,,,0,63,,48095,,,0,21,,48058,,,0,21,,48039,,,0,61,,48048,,,0,21,,48066,,,0,21,,48096,,,0,75,,48029,,,0,69,,48049,,,0,35,,48098,,,0,71,,48040,,,0,33,,48050,,,0,73,,48097,,,0,33,,48041,,,0,73,,48027,,,0,85,,48099,,,0
801,'Weekday0000100',1340,,48100,,,0,77,,48101,,,0
801,'Weekday1111000',1520,,48102,,,0
801,'1CCSDCUT-Weekday',502,,48164,,,0,18,,48127,,,0,17,,48106,,,0,17,,48108,,,0,57,,48118,,,0,17,,48135,,,0,17,,48143,,,0,5,,48151,,,0,5,,48152,,,0,47,,48165,,,0,5,,48153,,,0,5,,48154,,,0,7,,48128,,,0,5,,48155,,,0,5,,48156,,,0,7,,48107,,,0,5,,48157,,,0,5,,48158,,,0,7,,48110,,,0,5,,48159,,,0,52,,48119,,,0,17,,48136,,,0,17,,48144,,,0,13,,48166,,,0,61,,48129,,,0,21,,48109,,,0,61,,48120,,,0,21,,48137,,,0,21,,48167,,,0,61,,48130,,,0,21,,48111,,,0,21,,48121,,,0,61,,48139,,,0,21,,48168,,,0,21,,48131,,,0,61,,48112,,,0,21,,48122,,,0,21,,48138,,,0,63,,48169,,,0,12,,48160,,,0,10,,48132,,,0,10,,48161,,,0,10,,48113,,,0,45,,48162,,,0,9,,48146,,,0,17,,48123,,,0,5,,48163,,,0,8,,48149,,,0,5,,48140,,,0,5,,48148,,,0,5,,48150,,,0,46,,48145,,,0,17,,48170,,,0,17,,48133,,,0,17,,48114,,,0,57,,48147,,,0,17,,48104,,,0,22,,48141,,,0,63,,48171,,,0,21,,48134,,,0,21,,48115,,,0,61,,48124,,,0,21,,48142,,,0,21,,48172,,,0,75,,48105,,,0,69,,48125,,,0,35,,48174,,,0,71,,48116,,,0,33,,48126,,,0,73,,48173,,,0,33,,48117,,,0,73,,48103,,,0,85,,48175,,,0
801,'1CCSDCUT-Weekday0000100',1340,,48176,,,0,77,,48177,,,0
801,'1CCSDCUT-Weekday1111000',1520,,48178,,,0
801,'1PUBCUT-Weekday',502,,48240,,,0,18,,48203,,,0,17,,48182,,,0,17,,48184,,,0,57,,48194,,,0,17,,48211,,,0,17,,48219,,,0,5,,48227,,,0,5,,48228,,,0,47,,48241,,,0,5,,48229,,,0,5,,48230,,,0,7,,48204,,,0,5,,48231,,,0,5,,48232,,,0,7,,48183,,,0,5,,48233,,,0,5,,48234,,,0,7,,48186,,,0,5,,48235,,,0,52,,48195,,,0,17,,48212,,,0,17,,48220,,,0,13,,48242,,,0,61,,48205,,,0,21,,48185,,,0,61,,48196,,,0,21,,48213,,,0,21,,48243,,,0,61,,48206,,,0,21,,48187,,,0,21,,48197,,,0,61,,48215,,,0,21,,48244,,,0,21,,48207,,,0,61,,48188,,,0,21,,48198,,,0,21,,48214,,,0,63,,48245,,,0,12,,48236,,,0,10,,48208,,,0,10,,48237,,,0,10,,48189,,,0,45,,48238,,,0,9,,48222,,,0,17,,48199,,,0,5,,48239,,,0,8,,48225,,,0,5,,48216,,,0,5,,48224,,,0,5,,48226,,,0,46,,48221,,,0,17,,48246,,,0,17,,48209,,,0,17,,48190,,,0,57,,48223,,,0,17,,48180,,,0,22,,48217,,,0,63,,48247,,,0,21,,48210,,,0,21,,48191,,,0,61,,48200,,,0,21,,48218,,,0,21,,48248,,,0,75,,48181,,,0,69,,48201,,,0,35,,48250,,,0,71,,48192,,,0,33,,48202,,,0,73,,48249,,,0,33,,48193,,,0,73,,48179,,,0,85,,48251,,,0
801,'1PUBCUT-Weekday0000100',1340,,48252,,,0,77,,48253,,,0
801,'1PUBCUT-Weekday1111000',1520,,48254,,,0
