1500,'Saturday',539,,79125,2,,,0,78,,79131,2,,,0,38,,79138,2,,,0,78,,79124,2,,,0,78,,79132,2,,,0,38,,79139,2,,,0,78,,79126,2,,,0,78,,79133,2,,,0,38,,79140,2,,,0,78,,79127,2,,,0,38,,79134,2,,,0,78,,79141,2,,,0,78,,79128,2,,,0,38,,79135,2,,,0,78,,79142,2,,,0,78,,79129,2,,,0,38,,79136,2,,,0,78,,79143,2,,,0,78,,79130,2,,,0,38,,79137,2,,,0
1500,'Sunday',539,,79145,2,,,0,97,,79151,2,,,0,97,,79144,2,,,0,97,,79152,2,,,0,97,,79146,2,,,0,97,,79153,2,,,0,97,,79147,2,,,0,97,,79154,2,,,0,97,,79148,2,,,0,97,,79155,2,,,0,97,,79149,2,,,0,97,,79156,2,,,0,97,,79150,2,,,0,97,,79157,2,,,0
1500,'Weekday',521,,79165,2,,,0,34,,79159,2,,,0,77,,79172,2,,,0,79,,79166,2,,,0,37,,79158,2,,,0,80,,79174,2,,,0,80,,79168,2,,,0,40,,79160,2,,,0,80,,79175,2,,,0,80,,79167,2,,,0,40,,79161,2,,,0,80,,79176,2,,,0,80,,79169,2,,,0,39,,79162,2,,,0,77,,79177,2,,,0,28,,79179,2,,,0,68,,79170,2,,,0,29,,79163,2,,,0,70,,79178,2,,,0,31,,79180,2,,,0,73,,79171,2,,,0,80,,79164,2,,,0,40,,79181,2,,,0,76,,79173,2,,,0
1500,'STMPSa-Saturday',539,,79183,2,,,0,78,,79189,2,,,0,38,,79196,2,,,0,78,,79182,2,,,0,78,,79190,2,,,0,38,,79197,2,,,0,78,,79184,2,,,0,78,,79191,2,,,0,38,,79198,2,,,0,78,,79185,2,,,0,38,,79192,2,,,0,78,,79199,2,,,0,78,,79186,2,,,0,38,,79193,2,,,0,78,,79200,2,,,0,78,,79187,2,,,0,38,,79194,2,,,0,78,,79201,2,,,0,78,,79188,2,,,0,38,,79195,2,,,0
1500,'STMPSnea-Weekday',521,,79209,2,,,0,34,,79203,2,,,0,77,,79216,2,,,0,79,,79210,2,,,0,37,,79202,2,,,0,80,,79218,2,,,0,80,,79212,2,,,0,40,,79204,2,,,0,80,,79219,2,,,0,80,,79211,2,,,0,40,,79205,2,,,0,80,,79220,2,,,0,80,,79213,2,,,0,39,,79206,2,,,0,77,,79221,2,,,0,28,,79223,2,,,0,68,,79214,2,,,0,29,,79207,2,,,0,70,,79222,2,,,0,31,,79224,2,,,0,73,,79215,2,,,0,80,,79208,2,,,0,40,,79225,2,,,0,76,,79217,2,,,0
1500,'STMPSu1-Sunday',539,,79227,2,,,0,97,,79233,2,,,0,97,,79226,2,,,0,97,,79234,2,,,0,97,,79228,2,,,0,97,,79235,2,,,0,97,,79229,2,,,0,97,,79236,2,,,0,97,,79230,2,,,0,97,,79237,2,,,0,97,,79231,2,,,0,97,,79238,2,,,0,97,,79232,2,,,0,97,,79239,2,,,0
1500,'STMPSu2-Sunday',539,,79241,2,,,0,97,,79247,2,,,0,97,,79240,2,,,0,97,,79248,2,,,0,97,,79242,2,,,0,97,,79249,2,,,0,97,,79243,2,,,0,97,,79250,2,,,0,97,,79244,2,,,0,97,,79251,2,,,0,97,,79245,2,,,0,97,,79252,2,,,0,97,,79246,2,,,0,97,,79253,2,,,0
1500,'STMPWeek-Weekday',521,,79261,2,,,0,34,,79255,2,,,0,77,,79268,2,,,0,79,,79262,2,,,0,37,,79254,2,,,0,80,,79270,2,,,0,80,,79264,2,,,0,40,,79256,2,,,0,80,,79271,2,,,0,80,,79263,2,,,0,40,,79257,2,,,0,80,,79272,2,,,0,80,,79265,2,,,0,39,,79258,2,,,0,77,,79273,2,,,0,28,,79275,2,,,0,68,,79266,2,,,0,29,,79259,2,,,0,70,,79274,2,,,0,31,,79276,2,,,0,73,,79267,2,,,0,80,,79260,2,,,0,40,,79277,2,,,0,76,,79269,2,,,0
1500,'STMPar-Weekday',521,,79285,2,,,0,34,,79279,2,,,0,77,,79291,2,,,0,79,,79286,2,,,0,37,,79278,2,,,0,80,,79294,2,,,0,80,,79288,2,,,0,40,,79280,2,,,0,80,,79295,2,,,0,80,,79287,2,,,0,40,,79281,2,,,0,80,,79296,2,,,0,80,,79289,2,,,0,39,,79282,2,,,0,77,,79297,2,,,0,28,,79299,2,,,0,68,,79290,2,,,0,29,,79283,2,,,0,70,,79298,2,,,0,31,,79300,2,,,0,73,,79292,2,,,0,80,,79284,2,,,0,40,,79301,2,,,0,76,,79293,2,,,0
9900,'Saturday',602,,113658,2,,,0,30,,113633,2,,,0,70,,113634,2,,,0,30,,113667,2,,,0,70,,113638,2,,,0,30,,113641,2,,,0,70,,113663,2,,,0,30,,113637,2,,,0,70,,113642,2,,,0,30,,113664,2,,,0,70,,113640,2,,,0,30,,113639,2,,,0,70,,113665,2,,,0,30,,113643,2,,,0,70,,113645,2,,,0,30,,113657,2,,,0,70,,113646,2,,,0,30,,113647,2,,,0,70,,113661,2,,,0,30,,113644,2,,,0,70,,113648,2,,,0,30,,113659,2,,,0,70,,113650,2,,,0,30,,113651,2,,,0,70,,113660,2,,,0,30,,113652,2,,,0,70,,113649,2,,,0,30,,113662,2,,,0,70,,113653,2,,,0,30,,113654,2,,,0,70,,113666,2,,,0,30,,113655,2,,,0,70,,113635,2,,,0,30,,113656,2,,,0,70,,113636,2,,,0
9900,'Sunday',602,,113689,2,,,0,30,,113668,2,,,0,70,,113669,2,,,0,30,,113699,2,,,0,70,,113670,2,,,0,30,,113672,2,,,0,70,,113691,2,,,0,30,,113677,2,,,0,70,,113678,2,,,0,30,,113693,2,,,0,70,,113675,2,,,0,30,,113673,2,,,0,70,,113696,2,,,0,30,,113671,2,,,0,70,,113676,2,,,0,30,,113692,2,,,0,70,,113674,2,,,0,30,,113679,2,,,0,70,,113694,2,,,0,30,,113680,2,,,0,70,,113681,2,,,0,30,,113698,2,,,0,70,,113682,2,,,0,30,,113684,2,,,0,70,,113690,2,,,0,30,,113683,2,,,0,70,,113685,2,,,0,30,,113697,2,,,0,70,,113687,2,,,0,30,,113686,2,,,0,70,,113695,2,,,0,30,,113688,2,,,0
9900,'Weekday',518,,113708,2,,,0,23,,113717,2,,,0,71,,113711,2,,,0,30,,113713,2,,,0,70,,113715,2,,,0,30,,113710,2,,,0,70,,113709,2,,,0,24,,113712,2,,,0,76,,113714,2,,,0,30,,113718,2,,,0,70,,113719,2,,,0,30,,113716,2,,,0,70,,113720,2,,,0,30,,113721,2,,,0,70,,113722,2,,,0,30,,113723,2,,,0,70,,113724,2,,,0,30,,113725,2,,,0,70,,113726,2,,,0,30,,113727,2,,,0,70,,113728,2,,,0,30,,113729,2,,,0,70,,113730,2,,,0,30,,113732,2,,,0,70,,113733,2,,,0,30,,113734,2,,,0,70,,113735,2,,,0,30,,113736,2,,,0,69,,113737,2,,,0,30,,113731,2,,,0,70,,113705,2,,,0,30,,113703,2,,,0,70,,113701,2,,,0,30,,113704,2,,,0,70,,113706,2,,,0,30,,113700,2,,,0,70,,113702,2,,,0,33,,113707,2,,,0
9900,'STMPSa-Saturday',602,,113763,2,,,0,30,,113738,2,,,0,70,,113739,2,,,0,30,,113772,2,,,0,70,,113743,2,,,0,30,,113746,2,,,0,70,,113768,2,,,0,30,,113742,2,,,0,70,,113747,2,,,0,30,,113769,2,,,0,70,,113745,2,,,0,30,,113744,2,,,0,70,,113770,2,,,0,30,,113748,2,,,0,70,,113750,2,,,0,30,,113762,2,,,0,70,,113751,2,,,0,30,,113752,2,,,0,70,,113766,2,,,0,30,,113749,2,,,0,70,,113753,2,,,0,30,,113764,2,,,0,70,,113755,2,,,0,30,,113756,2,,,0,70,,113765,2,,,0,30,,113757,2,,,0,70,,113754,2,,,0,30,,113767,2,,,0,70,,113758,2,,,0,30,,113759,2,,,0,70,,113771,2,,,0,30,,113760,2,,,0,70,,113740,2,,,0,30,,113761,2,,,0,70,,113741,2,,,0
9900,'STMPSnea-Weekday',518,,113781,2,,,0,23,,113790,2,,,0,71,,113784,2,,,0,30,,113786,2,,,0,70,,113788,2,,,0,30,,113783,2,,,0,70,,113782,2,,,0,24,,113785,2,,,0,76,,113787,2,,,0,30,,113791,2,,,0,70,,113792,2,,,0,30,,113789,2,,,0,70,,113793,2,,,0,30,,113794,2,,,0,70,,113795,2,,,0,30,,113796,2,,,0,70,,113797,2,,,0,30,,113798,2,,,0,70,,113799,2,,,0,30,,113800,2,,,0,70,,113801,2,,,0,30,,113802,2,,,0,70,,113803,2,,,0,30,,113805,2,,,0,70,,113806,2,,,0,30,,113807,2,,,0,70,,113808,2,,,0,30,,113809,2,,,0,69,,113810,2,,,0,30,,113804,2,,,0,70,,113778,2,,,0,30,,113776,2,,,0,70,,113774,2,,,0,30,,113777,2,,,0,70,,113779,2,,,0,30,,113773,2,,,0,70,,113775,2,,,0,33,,113780,2,,,0
9900,'STMPSu1-Sunday',602,,113832,2,,,0,30,,113811,2,,,0,70,,113812,2,,,0,30,,113842,2,,,0,70,,113813,2,,,0,30,,113815,2,,,0,70,,113834,2,,,0,30,,113821,2,,,0,70,,113818,2,,,0,30,,113836,2,,,0,70,,113819,2,,,0,30,,113816,2,,,0,70,,113839,2,,,0,30,,113814,2,,,0,70,,113820,2,,,0,30,,113835,2,,,0,70,,113817,2,,,0,30,,113822,2,,,0,70,,113837,2,,,0,30,,113823,2,,,0,70,,113824,2,,,0,30,,113841,2,,,0,70,,113825,2,,,0,30,,113827,2,,,0,70,,113833,2,,,0,30,,113826,2,,,0,70,,113828,2,,,0,30,,113840,2,,,0,70,,113830,2,,,0,30,,113829,2,,,0,70,,113838,2,,,0,30,,113831,2,,,0
9900,'STMPSu2-Sunday',602,,113864,2,,,0,30,,113843,2,,,0,70,,113844,2,,,0,30,,113874,2,,,0,70,,113845,2,,,0,30,,113847,2,,,0,70,,113866,2,,,0,30,,113852,2,,,0,70,,113853,2,,,0,30,,113868,2,,,0,70,,113850,2,,,0,30,,113848,2,,,0,70,,113871,2,,,0,30,,113846,2,,,0,70,,113851,2,,,0,30,,113867,2,,,0,70,,113849,2,,,0,30,,113854,2,,,0,70,,113869,2,,,0,30,,113855,2,,,0,70,,113856,2,,,0,30,,113873,2,,,0,70,,113857,2,,,0,30,,113859,2,,,0,70,,113865,2,,,0,30,,113858,2,,,0,70,,113860,2,,,0,30,,113872,2,,,0,70,,113862,2,,,0,30,,113861,2,,,0,70,,113870,2,,,0,30,,113863,2,,,0
9900,'STMPWeek-Weekday',518,,113883,2,,,0,23,,113892,2,,,0,71,,113886,2,,,0,30,,113888,2,,,0,70,,113890,2,,,0,30,,113885,2,,,0,70,,113884,2,,,0,24,,113887,2,,,0,76,,113889,2,,,0,30,,113893,2,,,0,70,,113894,2,,,0,30,,113891,2,,,0,70,,113895,2,,,0,30,,113896,2,,,0,70,,113897,2,,,0,30,,113898,2,,,0,70,,113899,2,,,0,30,,113900,2,,,0,70,,113901,2,,,0,30,,113902,2,,,0,70,,113903,2,,,0,30,,113904,2,,,0,70,,113905,2,,,0,30,,113907,2,,,0,70,,113908,2,,,0,30,,113909,2,,,0,70,,113910,2,,,0,30,,113911,2,,,0,69,,113912,2,,,0,30,,113906,2,,,0,70,,113880,2,,,0,30,,113878,2,,,0,70,,113876,2,,,0,30,,113879,2,,,0,70,,113881,2,,,0,30,,113875,2,,,0,70,,113877,2,,,0,33,,113882,2,,,0
9900,'STMPar-Weekday',518,,113921,2,,,0,23,,113930,2,,,0,71,,113924,2,,,0,30,,113926,2,,,0,70,,113928,2,,,0,30,,113923,2,,,0,70,,113922,2,,,0,24,,113925,2,,,0,76,,113927,2,,,0,30,,113931,2,,,0,70,,113932,2,,,0,30,,113929,2,,,0,70,,113933,2,,,0,30,,113934,2,,,0,70,,113935,2,,,0,30,,113936,2,,,0,70,,113937,2,,,0,30,,113938,2,,,0,70,,113939,2,,,0,30,,113940,2,,,0,70,,113941,2,,,0,30,,113942,2,,,0,70,,113943,2,,,0,30,,113945,2,,,0,70,,113946,2,,,0,30,,113947,2,,,0,70,,113948,2,,,0,30,,113949,2,,,0,69,,113950,2,,,0,30,,113944,2,,,0,70,,113918,2,,,0,30,,113916,2,,,0,70,,113915,2,,,0,30,,113917,2,,,0,70,,113919,2,,,0,30,,113914,2,,,0,70,,113913,2,,,0,33,,113920,2,,,0
