1700,'Saturday',620,,50558,,,0,85,,50560,,,0,45,,50562,,,0,85,,50563,,,0,85,,50564,,,0,85,,50559,,,0,45,,50561,,,0,85,,50565,,,0,85,,50566,,,0,85,,50568,,,0,45,,50569,,,0,85,,50570,,,0,85,,50567,,,0,85,,50573,,,0,45,,50574,,,0,85,,50571,,,0,85,,50572,0,43 44,0,85,,50575,0,43 44,0
1700,'Sunday',750,,50580,,,0,85,,50582,,,0,85,,50583,,,0,85,,50578,,,0,45,,50579,,,0,85,,50581,,,0,85,,50584,,,0,85,,50586,,,0,45,,50587,,,0,85,,50588,,,0,85,,50585,,,0,85,,50589,,,0,45,,50590,,,0,85,,50591,,,0,85,,50592,0,43 44,0,85,,50593,0,43 44,0
1700,'Weekday',549,,50622,,,0,72,,50598,,,0,32,,50610,,,0,72,,50620,,,0,32,,50599,,,0,72,,50611,,,0,72,,50623,,,0,32,,50600,,,0,72,,50612,,,0,32,,50624,,,0,72,,50602,,,0,32,,50613,,,0,72,,50625,,,0,32,,50601,,,0,72,,50614,,,0,32,,50626,,,0,72,,50603,,,0,32,,50615,,,0,72,,50627,,,0,32,,50604,,,0,72,,50616,,,0,72,,50628,,,0,32,,50605,,,0,72,,50617,,,0,32,,50629,,,0,72,,50606,,,0,32,,50618,,,0,72,,50631,,,0,32,,50607,,,0,72,,50619,,,0,32,,50630,,,0,72,,50608,,,0,32,,50621,,,0,72,,50597,,,0
1700,'1CCSDCUT-Weekday',549,,50658,,,0,72,,50634,,,0,32,,50646,,,0,72,,50656,,,0,32,,50635,,,0,72,,50647,,,0,72,,50659,,,0,32,,50636,,,0,72,,50648,,,0,32,,50660,,,0,72,,50638,,,0,32,,50649,,,0,72,,50661,,,0,32,,50637,,,0,72,,50650,,,0,32,,50662,,,0,72,,50639,,,0,32,,50651,,,0,72,,50663,,,0,32,,50640,,,0,72,,50652,,,0,72,,50664,,,0,32,,50641,,,0,72,,50653,,,0,32,,50665,,,0,72,,50642,,,0,32,,50654,,,0,72,,50667,,,0,32,,50643,,,0,72,,50655,,,0,32,,50666,,,0,72,,50644,,,0,32,,50657,,,0,72,,50633,,,0
1700,'1PUBCUT-Weekday',549,,50694,,,0,72,,50670,,,0,32,,50682,,,0,72,,50692,,,0,32,,50671,,,0,72,,50683,,,0,72,,50695,,,0,32,,50672,,,0,72,,50684,,,0,32,,50696,,,0,72,,50674,,,0,32,,50685,,,0,72,,50697,,,0,32,,50673,,,0,72,,50686,,,0,32,,50698,,,0,72,,50675,,,0,32,,50687,,,0,72,,50699,,,0,32,,50676,,,0,72,,50688,,,0,72,,50700,,,0,32,,50677,,,0,72,,50689,,,0,32,,50701,,,0,72,,50678,,,0,32,,50690,,,0,72,,50703,,,0,32,,50679,,,0,72,,50691,,,0,32,,50702,,,0,72,,50680,,,0,32,,50693,,,0,72,,50669,,,0
2401,'Saturday',637,,53361,,,0,70,,53372,,,0,30,,53381,,,0,70,,53363,,,0,30,,53371,,,0,70,,53383,,,0,30,,53362,,,0,70,,53373,,,0,30,,53384,,,0,70,,53360,,,0,30,,53375,,,0,70,,53386,,,0,30,,53364,,,0,70,,53376,,,0,30,,53387,,,0,70,,53365,,,0,30,,53374,,,0,70,,53385,,,0,30,,53366,,,0,70,,53377,,,0,30,,53389,,,0,70,,53367,,,0,30,,53379,,,0,70,,53388,,,0,30,,53368,,,0,70,,53378,,,0,30,,53390,,,0,70,,53369,,,0,30,,53380,,,0,70,,53391,,,0,30,,53370,,,0,70,,53382,,,0
2401,'Sunday',637,,53392,,,0,70,,53402,,,0,30,,53413,,,0,70,,53393,,,0,30,,53404,,,0,70,,53415,,,0,30,,53394,,,0,70,,53406,,,0,30,,53416,,,0,70,,53395,,,0,30,,53405,,,0,70,,53417,,,0,30,,53396,,,0,70,,53407,,,0,30,,53418,,,0,70,,53397,,,0,30,,53408,,,0,70,,53419,,,0,30,,53400,,,0,70,,53409,,,0,30,,53420,,,0,70,,53398,,,0,30,,53410,,,0,70,,53422,,,0,30,,53401,,,0,70,,53412,,,0,30,,53421,,,0,70,,53399,,,0,30,,53411,,,0,70,,53423,,,0,30,,53403,,,0,70,,53414,,,0
2401,'Weekday',550,,53445,,,0,80,,53454,,,0,73,,53424,,,0,30,,53446,,,0,70,,53456,,,0,30,,53425,,,0,69,,53447,,,0,28,,53457,,,0,70,,53426,,,0,30,,53449,,,0,70,,53458,,,0,30,,53427,,,0,70,,53448,,,0,30,,53455,,,0,70,,53428,,,0,30,,53451,,,0,70,,53459,,,0,30,,53430,,,0,70,,53450,,,0,34,,53460,,,0,70,,53429,,,0,30,,53452,,,0,70,,53461,,,0,29,,53431,,,0,70,,53453,,,0,30,,53436,,,0,67,,53432,,,0,30,,53440,,,0,70,,53437,,,0,30,,53433,,,0,70,,53442,,,0,30,,53438,,,0,70,,53434,,,0,30,,53443,,,0,28,,53439,,,0,70,,53435,,,0,30,,53444,,,0,75,,53441,,,0
2401,'1CCSDCUT-Weekday',550,,53483,,,0,80,,53492,,,0,73,,53462,,,0,30,,53484,,,0,70,,53494,,,0,30,,53463,,,0,69,,53485,,,0,28,,53495,,,0,70,,53464,,,0,30,,53487,,,0,70,,53496,,,0,30,,53465,,,0,70,,53486,,,0,30,,53493,,,0,70,,53466,,,0,30,,53489,,,0,70,,53497,,,0,30,,53468,,,0,70,,53488,,,0,34,,53498,,,0,70,,53467,,,0,30,,53490,,,0,70,,53499,,,0,29,,53469,,,0,70,,53491,,,0,30,,53474,,,0,67,,53470,,,0,30,,53478,,,0,70,,53475,,,0,30,,53471,,,0,70,,53480,,,0,30,,53476,,,0,70,,53472,,,0,30,,53481,,,0,28,,53477,,,0,70,,53473,,,0,30,,53482,,,0,75,,53479,,,0
2401,'1PUBCUT-Weekday',550,,53521,,,0,80,,53530,,,0,73,,53500,,,0,30,,53522,,,0,70,,53532,,,0,30,,53501,,,0,69,,53523,,,0,28,,53533,,,0,70,,53502,,,0,30,,53525,,,0,70,,53534,,,0,30,,53503,,,0,70,,53524,,,0,30,,53531,,,0,70,,53504,,,0,30,,53527,,,0,70,,53535,,,0,30,,53506,,,0,70,,53526,,,0,34,,53536,,,0,70,,53505,,,0,30,,53528,,,0,70,,53537,,,0,29,,53507,,,0,70,,53529,,,0,30,,53512,,,0,67,,53508,,,0,30,,53516,,,0,70,,53513,,,0,30,,53509,,,0,70,,53518,,,0,30,,53514,,,0,70,,53510,,,0,30,,53519,,,0,28,,53515,,,0,70,,53511,,,0,30,,53520,,,0,75,,53517,,,0
