10001,'Saturday',527,,51298,12,,,0,30,,51277,12,,,0,70,,51273,12,,,0,30,,51289,12,,,0,70,,51280,12,,,0,30,,51272,12,,,0,70,,51291,12,,,0,30,,51278,12,,,0,70,,51271,12,,,0,30,,51293,12,,,0,70,,51281,12,,,0,30,,51270,12,,,0,71,,51292,12,,,0,30,,51282,12,,,0,70,,51266,12,,,0,30,,51295,12,,,0,70,,51279,12,,,0,30,,51269,12,,,0,70,,51296,12,,,0,30,,51283,12,,,0,70,,51268,12,,,0,30,,51294,12,,,0,70,,51284,12,,,0,30,,51267,12,,,0,70,,51297,12,,,0,30,,51285,12,,,0,70,,51265,12,,,0,30,,51261,12,,,0,70,,51286,12,,,0,30,,51264,12,,,0,69,,51275,12,,,0,30,,51287,12,,,0,70,,51263,12,,,0,30,,51276,12,,,0,70,,51290,12,,,0,30,,51262,12,,,0,70,,51274,12,,,0,30,,51288,12,,,0,70,,51299,12,,,0,30,,51300,12,,,0
10001,'Sunday',527,,51301,12,,,0,30,,51302,12,,,0,70,,51303,12,,,0,30,,51304,12,,,0,70,,51305,12,,,0,30,,51306,12,,,0,70,,51307,12,,,0,30,,51308,12,,,0,70,,51309,12,,,0,30,,51310,12,,,0,70,,51311,12,,,0,30,,51312,12,,,0,71,,51313,12,,,0,30,,51314,12,,,0,70,,51315,12,,,0,30,,51316,12,,,0,70,,51317,12,,,0,30,,51318,12,,,0,70,,51319,12,,,0,30,,51321,12,,,0,70,,51320,12,,,0,30,,51322,12,,,0,70,,51323,12,,,0,30,,51324,12,,,0,70,,51325,12,,,0,30,,51326,12,,,0,70,,51328,12,,,0,30,,51327,12,,,0,70,,51330,12,,,0,30,,51329,12,,,0,69,,51332,12,,,0,30,,51333,12,,,0,70,,51331,12,,,0,30,,51335,12,,,0,70,,51336,12,,,0,30,,51334,12,,,0,70,,51337,12,,,0,30,,51338,12,,,0,70,,51339,12,,,0,30,,51340,12,,,0
10001,'Weekday',527,,51341,12,,,0,30,,51342,12,,,0,70,,51343,12,,,0,30,,51344,12,,,0,70,,51345,12,,,0,30,,51346,12,,,0,70,,51347,12,,,0,30,,51349,12,,,0,70,,51350,12,,,0,30,,51348,12,,,0,70,,51351,12,,,0,30,,51352,12,,,0,70,,51355,12,,,0,30,,51353,12,,,0,70,,51354,12,,,0,30,,51356,12,,,0,70,,51357,12,,,0,30,,51358,12,,,0,70,,51360,12,,,0,73,,51361,12,,,0,30,,51359,12,,,0,70,,51362,12,,,0,34,,51363,12,,,0,71,,51364,12,,,0,31,,51365,12,,,0,69,,51366,12,,,0,31,,51367,12,,,0,70,,51368,12,,,0,30,,51369,12,,,0,70,,51370,12,,,0,28,,51371,12,,,0,70,,51372,12,,,0,30,,51373,12,,,0,70,,51374,12,,,0,30,,51376,12,,,0,70,,51375,12,,,0,30,,51378,12,,,0,70,,51380,12,,,0,30,,51379,12,,,0,70,,51377,12,,,0,30,,51381,12,,,0,70,,51382,12,,,0
10001,'1CCSDCUT-Weekday',527,,51383,12,,,0,30,,51384,12,,,0,70,,51385,12,,,0,30,,51386,12,,,0,70,,51387,12,,,0,30,,51388,12,,,0,70,,51389,12,,,0,30,,51391,12,,,0,70,,51392,12,,,0,30,,51390,12,,,0,70,,51393,12,,,0,30,,51394,12,,,0,70,,51397,12,,,0,30,,51395,12,,,0,70,,51396,12,,,0,30,,51398,12,,,0,70,,51399,12,,,0,30,,51400,12,,,0,70,,51402,12,,,0,73,,51403,12,,,0,30,,51401,12,,,0,70,,51404,12,,,0,34,,51405,12,,,0,71,,51406,12,,,0,31,,51407,12,,,0,69,,51408,12,,,0,31,,51409,12,,,0,70,,51410,12,,,0,30,,51411,12,,,0,70,,51412,12,,,0,28,,51413,12,,,0,70,,51414,12,,,0,30,,51415,12,,,0,70,,51416,12,,,0,30,,51418,12,,,0,70,,51417,12,,,0,30,,51420,12,,,0,70,,51422,12,,,0,30,,51421,12,,,0,70,,51419,12,,,0,30,,51423,12,,,0,70,,51424,12,,,0
10001,'1PUBCUT-Weekday',527,,51425,12,,,0,30,,51426,12,,,0,70,,51427,12,,,0,30,,51428,12,,,0,70,,51429,12,,,0,30,,51430,12,,,0,70,,51431,12,,,0,30,,51433,12,,,0,70,,51434,12,,,0,30,,51432,12,,,0,70,,51435,12,,,0,30,,51436,12,,,0,70,,51439,12,,,0,30,,51437,12,,,0,70,,51438,12,,,0,30,,51440,12,,,0,70,,51441,12,,,0,30,,51442,12,,,0,70,,51444,12,,,0,73,,51445,12,,,0,30,,51443,12,,,0,70,,51446,12,,,0,34,,51447,12,,,0,71,,51448,12,,,0,31,,51449,12,,,0,69,,51450,12,,,0,31,,51451,12,,,0,70,,51452,12,,,0,30,,51453,12,,,0,70,,51454,12,,,0,28,,51455,12,,,0,70,,51456,12,,,0,30,,51457,12,,,0,70,,51458,12,,,0,30,,51460,12,,,0,70,,51459,12,,,0,30,,51462,12,,,0,70,,51464,12,,,0,30,,51463,12,,,0,70,,51461,12,,,0,30,,51465,12,,,0,70,,51466,12,,,0
11900,'Saturday',1311,,54232,17,,,0,100,,54233,17,,,0,100,,54234,17,,,0,96,,54235,17,,,0,99,,54236,17,,,0,98,,54237,17,,,0,96,,54238,17,,,0,53,,54239,17,,,0,93,,54240,17,,,0,94,,54241,17,,,0,94,,54242,17,,,0,94,,54243,17,,,0,94,,54244,17,,,0
11900,'Sunday',1311,,54245,17,,,0,100,,54246,17,,,0,100,,54247,17,,,0,96,,54249,17,,,0,99,,54250,17,,,0,98,,54251,17,,,0,96,,54248,17,,,0,53,,54252,17,,,0,93,,54253,17,,,0,94,,54254,17,,,0,94,,54255,17,,,0,94,,54256,17,,,0,94,,54257,17,,,0
11900,'Weekday',1311,,54261,17,,,0,100,,54258,17,,,0,100,,54260,17,,,0,96,,54259,17,,,0,98,,54262,17,,,0,98,,54263,17,,,0,97,,54264,17,,,0,53,,54265,17,,,0,93,,54266,17,,,0,94,,54267,17,,,0,94,,54268,17,,,0,94,,54269,17,,,0,94,,54270,17,,,0
11900,'1CCSDCUT-Weekday',1311,,54274,17,,,0,100,,54271,17,,,0,100,,54273,17,,,0,96,,54272,17,,,0,98,,54275,17,,,0,98,,54276,17,,,0,97,,54277,17,,,0,53,,54278,17,,,0,93,,54279,17,,,0,94,,54280,17,,,0,94,,54281,17,,,0,94,,54282,17,,,0,94,,54283,17,,,0
11900,'1PUBCUT-Weekday',1311,,54287,17,,,0,100,,54284,17,,,0,100,,54286,17,,,0,96,,54285,17,,,0,98,,54288,17,,,0,98,,54289,17,,,0,97,,54290,17,,,0,53,,54291,17,,,0,93,,54292,17,,,0,94,,54293,17,,,0,94,,54294,17,,,0,94,,54295,17,,,0,94,,54296,17,,,0
