15100,'Weekday',549,,128405,5,,,0,90,,128404,6,,,0
15100,'STMPSnea-Weekday',549,,128407,5,,,0,90,,128406,6,,,0
15100,'STMPWeek-Weekday',549,,128409,5,,,0,90,,128408,6,,,0
15100,'STMPar-Weekday',549,,128411,5,,,0,90,,128410,6,,,0
15101,'Weekday',1718,,128413,27,,,0,85,,128412,32,,,0
15101,'STMPSnea-Weekday',1718,,128415,27,,,0,85,,128414,32,,,0
15101,'STMPWeek-Weekday',1718,,128417,27,,,0,85,,128416,32,,,0
15101,'STMPar-Weekday',1718,,128419,27,,,0,85,,128418,32,,,0
15301,'Saturday',628,,128865,2,,,0,77,,128863,2,,,0,37,,128866,2,,,0,77,,128864,2,,,0,37,,128871,2,,,0,77,,128874,2,,,0,77,,128875,2,,,0,37,,128876,2,,,0,77,,128877,2,,,0,77,,128878,2,,,0,37,,128879,2,,,0,77,,128880,2,,,0,37,,128881,2,,,0,77,,128882,2,,,0,77,,128883,2,,,0,37,,128884,2,,,0,77,,128885,2,,,0,37,,128886,2,,,0,77,,128887,2,,,0,77,,128888,2,,,0,37,,128889,2,,,0,77,,128868,2,,,0,77,,128869,2,,,0,37,,128870,2,,,0,77,,128872,2,,,0,37,,128873,2,,,0,77,,128867,2,,,0
15301,'Sunday',857,,128891,2,,,0,77,,128896,2,,,0,77,,128899,2,,,0,37,,128897,2,,,0,77,,128900,2,,,0,77,,128902,2,,,0,37,,128903,2,,,0,77,,128904,2,,,0,37,,128901,2,,,0,77,,128898,2,,,0,77,,128906,2,,,0,37,,128907,2,,,0,77,,128908,2,,,0,37,,128910,2,,,0,77,,128911,2,,,0,77,,128905,2,,,0,37,,128909,2,,,0,77,,128912,2,,,0,77,,128892,2,,,0,37,,128894,2,,,0,76,,128895,2,,,0,35,,128893,2,,,0,72,,128890,2,,,0
15301,'Weekday',547,,128913,2,,,0,65,,128914,2,,,0,25,,128915,2,,,0,65,,128916,2,,,0,25,,128917,2,,,0,25,,128918,2,,,0,65,,128919,2,,,0,25,,128920,2,,,0,65,,128921,2,,,0,25,,128923,2,,,0,25,,128924,2,,,0,65,,128925,2,,,0,25,,128922,2,,,0,65,,128926,2,,,0,25,,128927,2,,,0,65,,128928,2,,,0,25,,128929,2,,,0,25,,128930,2,,,0,65,,128931,2,,,0,25,,128932,2,,,0,65,,128933,2,,,0,25,,128934,2,,,0,20,,128950,2,,,0,60,,128951,2,,,0,20,,128952,2,,,0,20,,128953,2,,,0,60,,128954,2,,,0,20,,128944,2,,,0,20,,128946,2,,,0,60,,128949,2,,,0,20,,128947,2,,,0,20,,128945,2,,,0,64,,128948,2,,,0,36,,128936,2,,,0,76,,128938,2,,,0,76,,128935,2,,,0,36,,128939,2,,,0,76,,128937,2,,,0,36,,128940,2,,,0,76,,128941,2,,,0,76,,128942,2,,,0,36,,128943,2,,,0
15301,'STMPSa-Saturday',628,,128957,2,,,0,77,,128955,2,,,0,37,,128958,2,,,0,77,,128956,2,,,0,37,,128963,2,,,0,77,,128966,2,,,0,77,,128967,2,,,0,37,,128968,2,,,0,77,,128969,2,,,0,77,,128970,2,,,0,37,,128971,2,,,0,77,,128972,2,,,0,37,,128973,2,,,0,77,,128974,2,,,0,77,,128975,2,,,0,37,,128976,2,,,0,77,,128977,2,,,0,37,,128978,2,,,0,77,,128979,2,,,0,77,,128980,2,,,0,37,,128981,2,,,0,77,,128960,2,,,0,77,,128961,2,,,0,37,,128962,2,,,0,77,,128964,2,,,0,37,,128965,2,,,0,77,,128959,2,,,0
15301,'STMPSnea-Weekday',547,,128982,2,,,0,65,,128983,2,,,0,25,,128984,2,,,0,65,,128985,2,,,0,25,,128986,2,,,0,25,,128987,2,,,0,65,,128988,2,,,0,25,,128989,2,,,0,65,,128990,2,,,0,25,,128992,2,,,0,25,,128993,2,,,0,65,,128994,2,,,0,25,,128991,2,,,0,65,,128995,2,,,0,25,,128996,2,,,0,65,,128997,2,,,0,25,,128998,2,,,0,25,,128999,2,,,0,65,,129000,2,,,0,25,,129001,2,,,0,65,,129002,2,,,0,25,,129003,2,,,0,20,,129019,2,,,0,60,,129020,2,,,0,20,,129021,2,,,0,20,,129022,2,,,0,60,,129023,2,,,0,20,,129013,2,,,0,20,,129015,2,,,0,60,,129018,2,,,0,20,,129016,2,,,0,20,,129014,2,,,0,64,,129017,2,,,0,36,,129005,2,,,0,76,,129007,2,,,0,76,,129004,2,,,0,36,,129008,2,,,0,76,,129006,2,,,0,36,,129009,2,,,0,76,,129010,2,,,0,76,,129011,2,,,0,36,,129012,2,,,0
15301,'STMPSu1-Sunday',857,,129025,2,,,0,77,,129030,2,,,0,77,,129033,2,,,0,37,,129031,2,,,0,77,,129034,2,,,0,77,,129036,2,,,0,37,,129037,2,,,0,77,,129038,2,,,0,37,,129035,2,,,0,77,,129032,2,,,0,77,,129040,2,,,0,37,,129041,2,,,0,77,,129042,2,,,0,37,,129044,2,,,0,77,,129045,2,,,0,77,,129039,2,,,0,37,,129043,2,,,0,77,,129046,2,,,0,77,,129026,2,,,0,37,,129028,2,,,0,76,,129029,2,,,0,35,,129027,2,,,0,72,,129024,2,,,0
15301,'STMPSu2-Sunday',857,,129048,2,,,0,77,,129053,2,,,0,77,,129056,2,,,0,37,,129054,2,,,0,77,,129057,2,,,0,77,,129059,2,,,0,37,,129060,2,,,0,77,,129061,2,,,0,37,,129058,2,,,0,77,,129055,2,,,0,77,,129063,2,,,0,37,,129064,2,,,0,77,,129065,2,,,0,37,,129067,2,,,0,77,,129068,2,,,0,77,,129062,2,,,0,37,,129066,2,,,0,77,,129069,2,,,0,77,,129049,2,,,0,37,,129051,2,,,0,76,,129052,2,,,0,35,,129050,2,,,0,72,,129047,2,,,0
15301,'STMPWeek-Weekday',547,,129070,2,,,0,65,,129071,2,,,0,25,,129072,2,,,0,65,,129073,2,,,0,25,,129074,2,,,0,25,,129075,2,,,0,65,,129076,2,,,0,25,,129077,2,,,0,65,,129078,2,,,0,25,,129080,2,,,0,25,,129081,2,,,0,65,,129082,2,,,0,25,,129079,2,,,0,65,,129083,2,,,0,25,,129084,2,,,0,65,,129085,2,,,0,25,,129086,2,,,0,25,,129087,2,,,0,65,,129088,2,,,0,25,,129089,2,,,0,65,,129090,2,,,0,25,,129091,2,,,0,20,,129107,2,,,0,60,,129108,2,,,0,20,,129109,2,,,0,20,,129110,2,,,0,60,,129111,2,,,0,20,,129101,2,,,0,20,,129103,2,,,0,60,,129106,2,,,0,20,,129104,2,,,0,20,,129102,2,,,0,64,,129105,2,,,0,36,,129093,2,,,0,76,,129095,2,,,0,76,,129092,2,,,0,36,,129096,2,,,0,76,,129094,2,,,0,36,,129097,2,,,0,76,,129098,2,,,0,76,,129099,2,,,0,36,,129100,2,,,0
15301,'STMPar-Weekday',547,,129112,2,,,0,65,,129113,2,,,0,25,,129114,2,,,0,65,,129115,2,,,0,25,,129116,2,,,0,25,,129117,2,,,0,65,,129118,2,,,0,25,,129119,2,,,0,65,,129120,2,,,0,25,,129122,2,,,0,25,,129123,2,,,0,65,,129124,2,,,0,25,,129121,2,,,0,65,,129125,2,,,0,25,,129126,2,,,0,65,,129127,2,,,0,25,,129128,2,,,0,25,,129129,2,,,0,65,,129130,2,,,0,25,,129131,2,,,0,65,,129132,2,,,0,25,,129133,2,,,0,20,,129149,2,,,0,60,,129150,2,,,0,20,,129151,2,,,0,20,,129152,2,,,0,60,,129153,2,,,0,20,,129143,2,,,0,20,,129145,2,,,0,60,,129148,2,,,0,20,,129146,2,,,0,20,,129144,2,,,0,64,,129147,2,,,0,36,,129135,2,,,0,76,,129137,2,,,0,76,,129134,2,,,0,36,,129138,2,,,0,76,,129136,2,,,0,36,,129139,2,,,0,76,,129140,2,,,0,76,,129141,2,,,0,36,,129142,2,,,0
