2600,'Saturday',622,,33244,22,,,0,85,,33254,22,,,0,45,,33246,22,,,0,85,,33255,22,,,0,88,,33245,22,,,0,85,,33256,22,,,0,45,,33247,22,,,0,85,,33257,22,,,0,85,,33248,22,,,0,85,,33258,22,,,0,45,,33249,22,,,0,85,,33259,22,,,0,85,,33250,22,,,0,85,,33260,22,,,0,45,,33251,22,,,0,85,,33261,22,,,0,85,,33252,22,,,0,84,,33262,22,,,0,44,,33253,22,,,0,85,,33263,22,,,0
2600,'Sunday',622,,33264,22,,,0,85,,33274,22,,,0,45,,33265,22,,,0,85,,33275,22,,,0,88,,33266,22,,,0,85,,33277,22,,,0,45,,33267,22,,,0,85,,33276,22,,,0,85,,33268,22,,,0,85,,33278,22,,,0,45,,33269,22,,,0,85,,33279,22,,,0,85,,33270,22,,,0,85,,33280,22,,,0,45,,33271,22,,,0,85,,33281,22,,,0,85,,33272,22,,,0,84,,33282,22,,,0,44,,33273,22,,,0,85,,33283,22,,,0
2600,'Weekday',545,,33284,22,,,0,72,,33285,22,,,0,32,,33286,22,,,0,74,,33287,22,,,0,33,,33288,22,,,0,72,,33289,22,,,0,72,,33290,22,,,0,27,,33291,22,,,0,26,,33293,22,,,0,70,,33294,22,,,0,30,,33295,22,,,0,70,,33292,22,,,0,30,,33296,22,,,0,70,,33297,22,,,0,30,,33298,22,,,0,70,,33299,22,,,0,30,,33300,22,,,0,70,,33302,22,,,0,31,,33303,22,,,0,71,,33304,22,,,0,32,,33301,22,,,0,74,,33305,22,,,0,72,,33306,22,,,0,32,,33307,22,,,0,72,,33308,22,,,0,29,,33310,22,,,0,68,,33311,22,,,0,30,,33312,22,,,0,70,,33313,22,,,0,30,,33315,22,,,0,70,,33317,22,,,0,28,,33316,22,,,0,70,,33314,22,,,0,30,,33309,22,,,0
2600,'Weekday0000100',1421,,33319,10,,,0,10,,33318,10,,,0
2600,'Weekday1111000',1600,,33321,10,,,0,12,,33320,22,,,0
2600,'1CCSDCUT-Weekday',545,,33322,22,,,0,72,,33323,22,,,0,32,,33324,22,,,0,74,,33325,22,,,0,33,,33326,22,,,0,72,,33327,22,,,0,72,,33328,22,,,0,27,,33329,22,,,0,26,,33331,22,,,0,70,,33332,22,,,0,30,,33333,22,,,0,70,,33330,22,,,0,30,,33334,22,,,0,70,,33335,22,,,0,30,,33336,22,,,0,70,,33337,22,,,0,30,,33338,22,,,0,70,,33340,22,,,0,31,,33341,22,,,0,71,,33342,22,,,0,32,,33339,22,,,0,74,,33343,22,,,0,72,,33344,22,,,0,32,,33345,22,,,0,72,,33346,22,,,0,29,,33348,22,,,0,68,,33349,22,,,0,30,,33350,22,,,0,70,,33351,22,,,0,30,,33353,22,,,0,70,,33355,22,,,0,28,,33354,22,,,0,70,,33352,22,,,0,30,,33347,22,,,0
2600,'1CCSDCUT-Weekday0000100',1421,,33357,10,,,0,10,,33356,10,,,0
2600,'1CCSDCUT-Weekday1111000',1600,,33359,10,,,0,12,,33358,22,,,0
2600,'1PUBCUT-Weekday',545,,33360,22,,,0,72,,33361,22,,,0,32,,33362,22,,,0,74,,33363,22,,,0,33,,33364,22,,,0,72,,33365,22,,,0,72,,33366,22,,,0,27,,33367,22,,,0,26,,33369,22,,,0,70,,33370,22,,,0,30,,33371,22,,,0,70,,33368,22,,,0,30,,33372,22,,,0,70,,33373,22,,,0,30,,33374,22,,,0,70,,33375,22,,,0,30,,33376,22,,,0,70,,33378,22,,,0,31,,33379,22,,,0,71,,33380,22,,,0,32,,33377,22,,,0,74,,33381,22,,,0,72,,33382,22,,,0,32,,33383,22,,,0,72,,33384,22,,,0,29,,33386,22,,,0,68,,33387,22,,,0,30,,33388,22,,,0,70,,33389,22,,,0,30,,33391,22,,,0,70,,33393,22,,,0,28,,33392,22,,,0,70,,33390,22,,,0,30,,33385,22,,,0
2600,'1PUBCUT-Weekday1111000',1600,,33395,10,,,0,12,,33394,22,,,0
