10400,'Saturday',623,,52069,26,4,,0,32,,52084,26,4,,0,72,,52070,26,4,,0,32,,52085,26,4,,0,72,,52072,26,4,,0,72,,52086,26,4,,0,32,,52074,26,4,,0,72,,52087,26,4,,0,32,,52073,26,4,,0,72,,52088,26,4,,0,32,,52071,26,4,,0,72,,52089,26,4,,0,32,,52075,26,4,,0,72,,52090,26,4,,0,32,,52077,26,4,,0,72,,52091,26,4,,0,32,,52076,26,4,,0,72,,52092,26,4,,0,32,,52078,26,4,,0,72,,52095,26,4,,0,72,,52080,26,4,,0,32,,52093,26,4,,0,71,,52079,26,4,,0,32,,52094,26,4,,0,72,,52081,26,4,,0,32,,52096,26,4,,0,72,,52083,26,4,,0,32,,52097,26,4,,0,72,,52082,26,4,,0,34,,52098,26,4,,0
10400,'Sunday',623,,52099,26,4,,0,32,,52114,26,4,,0,72,,52100,26,4,,0,32,,52115,26,4,,0,72,,52102,26,4,,0,72,,52116,26,4,,0,32,,52101,26,4,,0,72,,52117,26,4,,0,32,,52104,26,4,,0,72,,52118,26,4,,0,32,,52105,26,4,,0,72,,52119,26,4,,0,32,,52103,26,4,,0,72,,52120,26,4,,0,32,,52106,26,4,,0,72,,52121,26,4,,0,32,,52108,26,4,,0,72,,52122,26,4,,0,32,,52107,26,4,,0,72,,52124,26,4,,0,72,,52109,26,4,,0,32,,52123,26,4,,0,71,,52110,26,4,,0,32,,52125,26,4,,0,72,,52111,26,4,,0,32,,52126,26,4,,0,72,,52113,26,4,,0,32,,52127,26,4,,0,72,,52112,26,4,,0,34,,52128,26,4,,0
10400,'Weekday',607,,52129,26,4,,0,32,,52147,26,4,,0,76,,52130,26,4,,0,32,,52149,26,4,,0,74,,52131,26,4,,0,33,,52150,26,4,,0,70,,52132,26,4,,0,32,,52151,26,4,,0,72,,52133,26,4,,0,72,,52152,26,4,,0,32,,52134,26,4,,0,72,,52153,26,4,,0,32,,52135,26,4,,0,72,,52154,26,4,,0,32,,52136,26,4,,0,72,,52155,26,4,,0,32,,52137,26,4,,0,72,,52156,26,4,,0,34,,52138,26,4,,0,72,,52157,26,4,,0,33,,52139,26,4,,0,68,,52159,26,4,,0,32,,52140,26,4,,0,70,,52158,26,4,,0,29,,52141,26,4,,0,72,,52160,26,4,,0,32,,52142,26,4,,0,72,,52161,26,4,,0,72,,52143,26,4,,0,32,,52162,26,4,,0,72,,52144,26,4,,0,32,,52163,26,4,,0,72,,52145,26,4,,0,32,,52164,26,4,,0,72,,52146,26,4,,0,32,,52165,26,4,,0
10400,'1CCSDCUT-Weekday',607,,52166,26,4,,0,32,,52184,26,4,,0,76,,52167,26,4,,0,32,,52186,26,4,,0,74,,52168,26,4,,0,33,,52187,26,4,,0,70,,52169,26,4,,0,32,,52188,26,4,,0,72,,52170,26,4,,0,72,,52189,26,4,,0,32,,52171,26,4,,0,72,,52190,26,4,,0,32,,52172,26,4,,0,72,,52191,26,4,,0,32,,52173,26,4,,0,72,,52192,26,4,,0,32,,52174,26,4,,0,72,,52193,26,4,,0,34,,52175,26,4,,0,72,,52194,26,4,,0,33,,52176,26,4,,0,68,,52196,26,4,,0,32,,52177,26,4,,0,70,,52195,26,4,,0,29,,52178,26,4,,0,72,,52197,26,4,,0,32,,52179,26,4,,0,72,,52198,26,4,,0,72,,52180,26,4,,0,32,,52199,26,4,,0,72,,52181,26,4,,0,32,,52200,26,4,,0,72,,52182,26,4,,0,32,,52201,26,4,,0,72,,52183,26,4,,0,32,,52202,26,4,,0
10400,'1PUBCUT-Weekday',607,,52203,26,4,,0,32,,52221,26,4,,0,76,,52204,26,4,,0,32,,52223,26,4,,0,74,,52205,26,4,,0,33,,52224,26,4,,0,70,,52206,26,4,,0,32,,52225,26,4,,0,72,,52207,26,4,,0,72,,52226,26,4,,0,32,,52208,26,4,,0,72,,52227,26,4,,0,32,,52209,26,4,,0,72,,52228,26,4,,0,32,,52210,26,4,,0,72,,52229,26,4,,0,32,,52211,26,4,,0,72,,52230,26,4,,0,34,,52212,26,4,,0,72,,52231,26,4,,0,33,,52213,26,4,,0,68,,52233,26,4,,0,32,,52214,26,4,,0,70,,52232,26,4,,0,29,,52215,26,4,,0,72,,52234,26,4,,0,32,,52216,26,4,,0,72,,52235,26,4,,0,72,,52217,26,4,,0,32,,52236,26,4,,0,72,,52218,26,4,,0,32,,52237,26,4,,0,72,,52219,26,4,,0,32,,52238,26,4,,0,72,,52220,26,4,,0,32,,52239,26,4,,0
10401,'Saturday',555,,52253,1,,,0,72,,52241,1,,,0,32,,52255,1,,,0,72,,52240,1,,,0,72,,52257,1,,,0,32,,52243,1,,,0,72,,52259,1,,,0,32,,52242,1,,,0,72,,52258,1,,,0,32,,52244,1,,,0,72,,52260,1,,,0,32,,52245,1,,,0,72,,52261,1,,,0,32,,52246,1,,,0,72,,52262,1,,,0,32,,52248,1,,,0,72,,52263,1,,,0,32,,52247,1,,,0,72,,52264,1,,,0,72,,52249,1,,,0,32,,52265,1,,,0,72,,52250,1,,,0,32,,52266,1,,,0,72,,52251,1,,,0,32,,52267,1,,,0,72,,52252,1,,,0,32,,52268,1,,,0,72,,52256,1,,,0,32,,52269,1,,,0,74,,52254,1,,,0
10401,'Sunday',555,,52284,1,,,0,72,,52270,1,,,0,32,,52287,1,,,0,72,,52271,1,,,0,72,,52286,1,,,0,32,,52273,1,,,0,72,,52288,1,,,0,32,,52272,1,,,0,72,,52289,1,,,0,32,,52274,1,,,0,72,,52290,1,,,0,32,,52275,1,,,0,72,,52291,1,,,0,32,,52276,1,,,0,72,,52292,1,,,0,32,,52277,1,,,0,72,,52293,1,,,0,32,,52278,1,,,0,72,,52294,1,,,0,72,,52279,1,,,0,32,,52295,1,,,0,72,,52280,1,,,0,32,,52296,1,,,0,72,,52281,1,,,0,32,,52298,1,,,0,72,,52282,1,,,0,32,,52297,1,,,0,72,,52283,1,,,0,32,,52299,1,,,0,74,,52285,1,,,0
10401,'Weekday',537,,52318,1,,,0,72,,52301,1,,,0,30,,52319,1,,,0,76,,52300,1,,,0,32,,52320,1,,,0,74,,52302,1,,,0,33,,52321,1,,,0,71,,52303,1,,,0,32,,52323,1,,,0,72,,52304,1,,,0,72,,52322,1,,,0,32,,52305,1,,,0,72,,52324,1,,,0,32,,52306,1,,,0,72,,52325,1,,,0,32,,52307,1,,,0,72,,52327,1,,,0,32,,52308,1,,,0,72,,52326,1,,,0,33,,52309,1,,,0,72,,52328,1,,,0,33,,52310,1,,,0,70,,52329,1,,,0,32,,52311,1,,,0,72,,52330,1,,,0,72,,52312,1,,,0,32,,52331,1,,,0,72,,52313,1,,,0,32,,52332,1,,,0,72,,52314,1,,,0,32,,52333,1,,,0,72,,52315,1,,,0,32,,52334,1,,,0,72,,52316,1,,,0,32,,52335,1,,,0,77,,52317,1,,,0
10401,'1CCSDCUT-Weekday',537,,52354,1,,,0,72,,52337,1,,,0,30,,52355,1,,,0,76,,52336,1,,,0,32,,52356,1,,,0,74,,52338,1,,,0,33,,52357,1,,,0,71,,52339,1,,,0,32,,52359,1,,,0,72,,52340,1,,,0,72,,52358,1,,,0,32,,52341,1,,,0,72,,52360,1,,,0,32,,52342,1,,,0,72,,52361,1,,,0,32,,52343,1,,,0,72,,52363,1,,,0,32,,52344,1,,,0,72,,52362,1,,,0,33,,52345,1,,,0,72,,52364,1,,,0,33,,52346,1,,,0,70,,52365,1,,,0,32,,52347,1,,,0,72,,52366,1,,,0,72,,52348,1,,,0,32,,52367,1,,,0,72,,52349,1,,,0,32,,52368,1,,,0,72,,52350,1,,,0,32,,52369,1,,,0,72,,52351,1,,,0,32,,52370,1,,,0,72,,52352,1,,,0,32,,52371,1,,,0,77,,52353,1,,,0
10401,'1PUBCUT-Weekday',537,,52390,1,,,0,72,,52373,1,,,0,30,,52391,1,,,0,76,,52372,1,,,0,32,,52392,1,,,0,74,,52374,1,,,0,33,,52393,1,,,0,71,,52375,1,,,0,32,,52395,1,,,0,72,,52376,1,,,0,72,,52394,1,,,0,32,,52377,1,,,0,72,,52396,1,,,0,32,,52378,1,,,0,72,,52397,1,,,0,32,,52379,1,,,0,72,,52399,1,,,0,32,,52380,1,,,0,72,,52398,1,,,0,33,,52381,1,,,0,72,,52400,1,,,0,33,,52382,1,,,0,70,,52401,1,,,0,32,,52383,1,,,0,72,,52402,1,,,0,72,,52384,1,,,0,32,,52403,1,,,0,72,,52385,1,,,0,32,,52404,1,,,0,72,,52386,1,,,0,32,,52405,1,,,0,72,,52387,1,,,0,32,,52406,1,,,0,72,,52388,1,,,0,32,,52407,1,,,0,77,,52389,1,,,0
