3800,'Saturday',513,,35804,42,,,0,28,,35814,42,,,0,68,,35825,42,,,0,23,,35834,42,,,0,22,,35841,42,,,0,61,,35805,42,,,0,22,,35815,42,,,0,64,,35824,42,,,0,23,,35836,42,,,0,21,,35842,42,,,0,61,,35806,42,,,0,22,,35816,42,,,0,16,,35858,7,,,0,58,,35826,42,,,0,22,,35835,42,,,0,21,,35843,42,,,0,61,,35807,42,,,0,22,,35817,42,,,0,20,,35851,42,,,0,60,,35827,42,,,0,22,,35837,42,,,0,23,,35845,42,,,0,63,,35809,42,,,0,23,,35818,42,,,0,62,,35852,42,,,0,21,,35828,42,,,0,22,,35838,42,,,0,63,,35844,42,,,0,23,,35808,42,,,0,23,,35819,42,,,0,61,,35853,42,,,0,21,,35829,42,,,0,22,,35839,42,,,0,62,,35846,42,,,0,22,,35810,42,,,0,62,,35820,42,,,0,22,,35854,42,,,0,21,,35830,42,,,0,61,,35840,42,,,0,20,,35847,42,,,0,20,,35811,42,,,0,63,,35821,42,,,0,24,,35855,42,,,0,24,,35831,42,,,0,64,,35848,42,,,0,24,,35812,42,,,0,64,,35822,42,,,0,24,,35856,42,,,0,24,,35832,42,,,0,64,,35849,42,,,0,24,,35813,42,,,0,64,,35823,42,,,0,24,,35857,42,,,0,24,,35833,42,,,0,64,,35850,42,,,0
3800,'Sunday',513,,35859,42,,,0,28,,35886,42,,,0,68,,35869,42,,,0,23,,35879,42,,,0,22,,35896,42,,,0,61,,35860,42,,,0,22,,35887,42,,,0,64,,35870,42,,,0,23,,35880,42,,,0,21,,35897,42,,,0,61,,35861,42,,,0,22,,35888,42,,,0,16,,35906,7,,,0,58,,35871,42,,,0,22,,35881,42,,,0,21,,35899,42,,,0,61,,35862,42,,,0,22,,35889,42,,,0,20,,35907,42,,,0,60,,35872,42,,,0,22,,35883,42,,,0,23,,35898,42,,,0,63,,35863,42,,,0,23,,35891,42,,,0,62,,35908,42,,,0,21,,35873,42,,,0,22,,35882,42,,,0,63,,35900,42,,,0,23,,35864,42,,,0,23,,35890,42,,,0,61,,35909,42,,,0,21,,35874,42,,,0,22,,35884,42,,,0,62,,35901,42,,,0,22,,35866,42,,,0,62,,35892,42,,,0,22,,35910,42,,,0,21,,35875,42,,,0,61,,35885,42,,,0,20,,35902,42,,,0,20,,35865,42,,,0,63,,35893,42,,,0,24,,35911,42,,,0,24,,35876,42,,,0,64,,35903,42,,,0,24,,35867,42,,,0,64,,35894,42,,,0,24,,35912,42,,,0,24,,35877,42,,,0,64,,35904,42,,,0,24,,35868,42,,,0,64,,35895,42,,,0,24,,35913,42,,,0,24,,35878,42,,,0,64,,35905,42,,,0
3800,'Weekday',459,,35927,42,,,0,54,,35934,42,,,0,14,,35935,42,,,0,13,,35936,42,,,0,14,,35937,42,,,0,55,,35939,42,,,0,14,,35941,42,,,0,14,,35942,42,,,0,14,,35938,42,,,0,54,,35943,42,,,0,14,,35940,42,,,0,15,,35944,42,,,0,15,,35945,42,,,0,52,,35947,42,,,0,14,,35948,42,,,0,14,,35949,42,,,0,14,,35946,42,,,0,15,,35950,42,,,0,55,,35951,42,,,0,16,,35952,42,,,0,17,,35954,42,,,0,59,,35922,42,,,0,15,,35919,42,,,0,18,,35916,42,,,0,18,,35932,42,,,0,58,,35928,42,,,0,17,,35914,42,,,0,20,,35925,42,,,0,58,,35923,42,,,0,17,,35920,42,,,0,16,,35917,42,,,0,60,,35929,42,,,0,18,,35933,42,,,0,17,,35915,42,,,0,18,,35926,42,,,0,58,,35924,42,,,0,16,,35921,42,,,0,16,,35918,42,,,0,13,,35930,42,,,0,57,,35955,42,,,0,16,,35970,42,,,0,16,,35956,42,,,0,55,,35953,42,,,0,15,,35959,42,,,0,15,,35958,42,,,0,13,,35960,42,,,0,55,,35957,42,,,0,15,,35962,42,,,0,15,,35961,42,,,0,15,,35963,42,,,0,55,,35964,42,,,0,14,,35966,42,,,0,15,,35965,42,,,0,14,,35968,42,,,0,14,,35967,42,,,0,55,,35969,42,,,0,24,,35971,42,,,0,64,,35972,42,,,0,24,,35973,42,,,0,22,,35974,42,,,0,62,,35975,42,,,0,23,,35976,42,,,0,24,,35977,42,,,0,64,,35978,42,,,0,24,,35979,42,,,0,63,,35980,42,,,0,23,,35981,42,,,0,23,,35982,42,,,0,64,,35983,42,,,0,24,,35984,42,,,0,63,,35985,42,,,0,22,,35986,42,,,0,22,,35987,42,,,0
3800,'Weekday0000100',1424,,35988,29,,,0,84,,35989,42,,,0
3800,'Weekday1111000',1607,,35994,42,,,0,5,,35992,29,,,0,2,,35991,42,,,0
3800,'1CCSDCUT-Weekday',459,,36008,42,,,0,54,,36015,42,,,0,14,,36016,42,,,0,13,,36017,42,,,0,14,,36018,42,,,0,55,,36020,42,,,0,14,,36022,42,,,0,14,,36023,42,,,0,14,,36019,42,,,0,54,,36024,42,,,0,14,,36021,42,,,0,15,,36025,42,,,0,15,,36026,42,,,0,52,,36028,42,,,0,14,,36029,42,,,0,14,,36030,42,,,0,14,,36027,42,,,0,15,,36031,42,,,0,55,,36032,42,,,0,16,,36033,42,,,0,17,,36035,42,,,0,59,,36003,42,,,0,15,,36000,42,,,0,18,,35997,42,,,0,18,,36013,42,,,0,58,,36009,42,,,0,17,,35995,42,,,0,20,,36006,42,,,0,58,,36004,42,,,0,17,,36001,42,,,0,16,,35998,42,,,0,60,,36010,42,,,0,18,,36014,42,,,0,17,,35996,42,,,0,18,,36007,42,,,0,58,,36005,42,,,0,16,,36002,42,,,0,16,,35999,42,,,0,13,,36011,42,,,0,57,,36036,42,,,0,16,,36051,42,,,0,16,,36037,42,,,0,55,,36034,42,,,0,15,,36040,42,,,0,15,,36039,42,,,0,13,,36041,42,,,0,55,,36038,42,,,0,15,,36043,42,,,0,15,,36042,42,,,0,15,,36044,42,,,0,55,,36045,42,,,0,14,,36047,42,,,0,15,,36046,42,,,0,14,,36049,42,,,0,14,,36048,42,,,0,55,,36050,42,,,0,24,,36052,42,,,0,64,,36053,42,,,0,24,,36054,42,,,0,22,,36055,42,,,0,62,,36056,42,,,0,23,,36057,42,,,0,24,,36058,42,,,0,64,,36059,42,,,0,24,,36060,42,,,0,63,,36061,42,,,0,23,,36062,42,,,0,23,,36063,42,,,0,64,,36064,42,,,0,24,,36065,42,,,0,63,,36066,42,,,0,22,,36067,42,,,0,22,,36068,42,,,0
3800,'1CCSDCUT-Weekday0000100',1424,,36069,29,,,0
3800,'1CCSDCUT-Weekday1111000',1607,,36073,42,,,0,5,,36071,29,,,0,2,,36070,42,,,0
3800,'1PUBCUT-Weekday',459,,36087,42,,,0,54,,36094,42,,,0,14,,36095,42,,,0,13,,36096,42,,,0,14,,36097,42,,,0,55,,36099,42,,,0,14,,36101,42,,,0,14,,36102,42,,,0,14,,36098,42,,,0,54,,36103,42,,,0,14,,36100,42,,,0,15,,36104,42,,,0,15,,36105,42,,,0,52,,36107,42,,,0,14,,36108,42,,,0,14,,36109,42,,,0,14,,36106,42,,,0,15,,36110,42,,,0,55,,36111,42,,,0,16,,36112,42,,,0,17,,36114,42,,,0,59,,36082,42,,,0,15,,36079,42,,,0,18,,36076,42,,,0,18,,36092,42,,,0,58,,36088,42,,,0,17,,36074,42,,,0,20,,36085,42,,,0,58,,36083,42,,,0,17,,36080,42,,,0,16,,36077,42,,,0,60,,36089,42,,,0,18,,36093,42,,,0,17,,36075,42,,,0,18,,36086,42,,,0,58,,36084,42,,,0,16,,36081,42,,,0,16,,36078,42,,,0,13,,36090,42,,,0,57,,36115,42,,,0,16,,36130,42,,,0,16,,36116,42,,,0,55,,36113,42,,,0,15,,36119,42,,,0,15,,36118,42,,,0,13,,36120,42,,,0,55,,36117,42,,,0,15,,36122,42,,,0,15,,36121,42,,,0,15,,36123,42,,,0,55,,36124,42,,,0,14,,36126,42,,,0,15,,36125,42,,,0,14,,36128,42,,,0,14,,36127,42,,,0,55,,36129,42,,,0,24,,36131,42,,,0,64,,36132,42,,,0,24,,36133,42,,,0,22,,36134,42,,,0,62,,36135,42,,,0,23,,36136,42,,,0,24,,36137,42,,,0,64,,36138,42,,,0,24,,36139,42,,,0,63,,36140,42,,,0,23,,36141,42,,,0,23,,36142,42,,,0,64,,36143,42,,,0,24,,36144,42,,,0,63,,36145,42,,,0,22,,36146,42,,,0,22,,36147,42,,,0
3800,'1PUBCUT-Weekday0000100',1508,,36148,42,,,0
3800,'1PUBCUT-Weekday1111000',1607,,36151,42,,,0
4300,'Saturday',512,,37128,14,,,0,22,,37130,14,,,0,22,,37127,14,,,0,65,,37129,68,,,0,22,,37125,68,,,0,62,,37126,68,,,0,23,,37124,68,,,0,23,,37134,68,,,0,63,,37131,68,,,0,23,,37135,68,,,0,63,,37132,68,,,0,23,,37133,68,,,0,28,,37136,68,,,0,67,,37137,68,,,0,23,,37138,68,,,0,62,,37150,68,,,0,21,,37151,68,,,0,21,,37152,68,,,0,61,,37153,68,,,0,21,,37154,68,,,0,21,,37155,68,,,0,61,,37156,68,,,0,21,,37157,68,,,0,21,,37158,68,,,0,61,,37160,68,,,0,21,,37161,68,,,0,21,,37162,68,,,0,61,,37159,68,,,0,21,,37163,68,,,0,22,,37165,68,,,0,62,,37166,68,,,0,21,,37167,68,,,0,61,,37164,68,,,0,21,,37168,68,,,0,21,,37169,68,,,0,61,,37170,68,,,0,21,,37171,68,,,0,21,,37172,68,,,0,61,,37173,68,,,0,17,,37174,68,,,0,21,,37175,68,,,0,59,,37176,68,,,0,19,,37177,68,,,0,22,,37178,68,,,0,62,,37179,68,,,0,22,,37180,68,,,0,23,,37143,68,,,0,63,,37141,68,,,0,22,,37140,68,,,0,21,,37149,68,,,0,62,,37145,68,,,0,22,,37148,68,,,0,62,,37147,68,,,0,22,,37146,68,,,0,22,,37144,68,,,0,62,,37139,68,,,0,22,,37142,68,,,0
4300,'Sunday',512,,37193,14,,,0,22,,37210,14,,,0,22,,37224,14,,,0,65,,37198,68,,,0,22,,37217,68,,,0,62,,37187,68,,,0,23,,37181,68,,,0,23,,37204,68,,,0,63,,37194,68,,,0,23,,37212,68,,,0,63,,37223,68,,,0,23,,37199,68,,,0,28,,37218,68,,,0,67,,37188,68,,,0,23,,37182,68,,,0,62,,37205,68,,,0,21,,37229,68,,,0,21,,37195,68,,,0,61,,37211,68,,,0,21,,37225,68,,,0,21,,37200,68,,,0,61,,37234,68,,,0,21,,37219,68,,,0,21,,37189,68,,,0,61,,37183,68,,,0,21,,37206,68,,,0,21,,37230,68,,,0,61,,37196,68,,,0,21,,37213,68,,,0,22,,37226,68,,,0,62,,37201,68,,,0,21,,37236,68,,,0,61,,37220,68,,,0,21,,37190,68,,,0,21,,37184,68,,,0,61,,37207,68,,,0,21,,37231,68,,,0,21,,37197,68,,,0,61,,37214,68,,,0,17,,37227,68,,,0,21,,37202,68,,,0,59,,37235,68,,,0,19,,37221,68,,,0,22,,37191,68,,,0,62,,37186,68,,,0,22,,37208,68,,,0,23,,37232,68,,,0,63,,37215,68,,,0,22,,37228,68,,,0,21,,37203,68,,,0,62,,37237,68,,,0,22,,37222,68,,,0,62,,37192,68,,,0,22,,37185,68,,,0,22,,37209,68,,,0,62,,37233,68,,,0,22,,37216,68,,,0
4300,'Weekday',447,,37248,20,,,0,66,,37289,20,,,0,20,,37247,68,,,0,20,,37287,68,,,0,60,,37298,68,,,0,12,,37303,68,,,0,12,,37253,68,,,0,11,,37242,68,,,0,10,,37254,68,,,0,50,,37279,68,,,0,13,,37258,68,,,0,10,,37238,68,,,0,11,,37297,68,,,0,12,,37249,68,,,0,52,,37307,68,,,0,12,,37290,68,,,0,12,,37308,68,,,0,11,,37256,68,,,0,11,,37288,68,,,0,51,,37257,68,,,0,11,,37262,68,,,0,12,,37299,68,,,0,11,,37263,68,,,0,11,,37304,68,,,0,11,,37252,68,,,0,51,,37243,68,,,0,11,,37255,68,,,0,11,,37280,68,,,0,25,,37250,68,,,0,62,,37291,68,,,0,24,,37264,68,,,0,61,,37259,68,,,0,22,,37300,68,,,0,22,,37306,68,,,0,63,,37245,68,,,0,23,,37282,68,,,0,22,,37239,68,,,0,62,,37292,68,,,0,17,,37295,68,,,0,12,,37265,68,,,0,12,,37260,68,,,0,51,,37270,68,,,0,12,,37301,68,,,0,11,,37272,68,,,0,11,,37309,68,,,0,11,,37305,68,,,0,52,,37275,68,,,0,12,,37246,68,,,0,12,,37269,68,,,0,11,,37285,68,,,0,11,,37281,68,,,0,51,,37283,68,,,0,10,,37268,68,,,0,10,,37240,68,,,0,11,,37251,68,,,0,11,,37273,68,,,0,10,,37293,68,,,0,50,,37277,68,,,0,10,,37296,68,,,0,11,,37244,68,,,0,11,,37266,68,,,0,11,,37261,68,,,0,52,,37271,68,,,0,12,,37302,68,,,0,10,,37276,68,,,0,11,,37286,68,,,0,21,,37284,68,,,0,60,,37241,68,,,0,23,,37294,68,,,0,63,,37278,68,,,0,23,,37267,68,,,0,23,,37311,68,,,0,62,,37312,68,,,0,22,,37313,68,,,0,23,,37314,68,,,0,63,,37315,68,,,0,23,,37316,68,,,0,63,,37317,68,,,0,23,,37318,68,,,0,23,,37310,68,,,0,63,,37274,68,,,0,23,,37319,68,,,0
4300,'Weekday0000100',1427,,37320,20,,,0
4300,'1CCSDCUT-Weekday',447,,37331,20,,,0,66,,37372,20,,,0,20,,37330,68,,,0,20,,37370,68,,,0,60,,37381,68,,,0,12,,37386,68,,,0,12,,37336,68,,,0,11,,37325,68,,,0,10,,37337,68,,,0,50,,37362,68,,,0,13,,37341,68,,,0,10,,37321,68,,,0,11,,37380,68,,,0,12,,37332,68,,,0,52,,37390,68,,,0,12,,37373,68,,,0,12,,37391,68,,,0,11,,37339,68,,,0,11,,37371,68,,,0,51,,37340,68,,,0,11,,37345,68,,,0,12,,37382,68,,,0,11,,37346,68,,,0,11,,37387,68,,,0,11,,37335,68,,,0,51,,37326,68,,,0,11,,37338,68,,,0,11,,37363,68,,,0,25,,37333,68,,,0,62,,37374,68,,,0,24,,37347,68,,,0,61,,37342,68,,,0,22,,37383,68,,,0,22,,37389,68,,,0,63,,37328,68,,,0,23,,37365,68,,,0,22,,37322,68,,,0,62,,37375,68,,,0,17,,37378,68,,,0,12,,37348,68,,,0,12,,37343,68,,,0,51,,37353,68,,,0,12,,37384,68,,,0,11,,37355,68,,,0,11,,37392,68,,,0,11,,37388,68,,,0,52,,37358,68,,,0,12,,37329,68,,,0,12,,37352,68,,,0,11,,37368,68,,,0,11,,37364,68,,,0,51,,37366,68,,,0,10,,37351,68,,,0,10,,37323,68,,,0,11,,37334,68,,,0,11,,37356,68,,,0,10,,37376,68,,,0,50,,37360,68,,,0,10,,37379,68,,,0,11,,37327,68,,,0,11,,37349,68,,,0,11,,37344,68,,,0,52,,37354,68,,,0,12,,37385,68,,,0,10,,37359,68,,,0,11,,37369,68,,,0,21,,37367,68,,,0,60,,37324,68,,,0,23,,37377,68,,,0,63,,37361,68,,,0,23,,37350,68,,,0,23,,37394,68,,,0,62,,37395,68,,,0,22,,37396,68,,,0,23,,37397,68,,,0,63,,37398,68,,,0,23,,37399,68,,,0,63,,37400,68,,,0,23,,37401,68,,,0,23,,37393,68,,,0,63,,37357,68,,,0,23,,37402,68,,,0
4300,'1CCSDCUT-Weekday0000100',1427,,37403,20,,,0
4300,'1PUBCUT-Weekday',447,,37414,20,,,0,66,,37455,20,,,0,20,,37413,68,,,0,20,,37453,68,,,0,60,,37464,68,,,0,12,,37469,68,,,0,12,,37419,68,,,0,11,,37408,68,,,0,10,,37420,68,,,0,50,,37445,68,,,0,13,,37424,68,,,0,10,,37404,68,,,0,11,,37463,68,,,0,12,,37415,68,,,0,52,,37473,68,,,0,12,,37456,68,,,0,12,,37474,68,,,0,11,,37422,68,,,0,11,,37454,68,,,0,51,,37423,68,,,0,11,,37428,68,,,0,12,,37465,68,,,0,11,,37429,68,,,0,11,,37470,68,,,0,11,,37418,68,,,0,51,,37409,68,,,0,11,,37421,68,,,0,11,,37446,68,,,0,25,,37416,68,,,0,62,,37457,68,,,0,24,,37430,68,,,0,61,,37425,68,,,0,22,,37466,68,,,0,22,,37472,68,,,0,63,,37411,68,,,0,23,,37448,68,,,0,22,,37405,68,,,0,62,,37458,68,,,0,17,,37461,68,,,0,12,,37431,68,,,0,12,,37426,68,,,0,51,,37436,68,,,0,12,,37467,68,,,0,11,,37438,68,,,0,11,,37475,68,,,0,11,,37471,68,,,0,52,,37441,68,,,0,12,,37412,68,,,0,12,,37435,68,,,0,11,,37451,68,,,0,11,,37447,68,,,0,51,,37449,68,,,0,10,,37434,68,,,0,10,,37406,68,,,0,11,,37417,68,,,0,11,,37439,68,,,0,10,,37459,68,,,0,50,,37443,68,,,0,10,,37462,68,,,0,11,,37410,68,,,0,11,,37432,68,,,0,11,,37427,68,,,0,52,,37437,68,,,0,12,,37468,68,,,0,10,,37442,68,,,0,11,,37452,68,,,0,21,,37450,68,,,0,60,,37407,68,,,0,23,,37460,68,,,0,63,,37444,68,,,0,23,,37433,68,,,0,23,,37477,68,,,0,62,,37478,68,,,0,22,,37479,68,,,0,23,,37480,68,,,0,63,,37481,68,,,0,23,,37482,68,,,0,63,,37483,68,,,0,23,,37484,68,,,0,23,,37476,68,,,0,63,,37440,68,,,0,23,,37485,68,,,0
4300,'1PUBCUT-Weekday0000100',1427,,37486,20,,,0
