12000,'Saturday',705,,74632,,,0,46,,74631,,,0,86,,74633,,,0,86,,74634,,,0,86,,74635,,,0,46,,74636,,,0,86,,74637,,,0,88,,74638,,,0,86,,74640,,,0,86,,74639,,,0,46,,74641,,,0,86,,74642,,,0,86,,74643,,,0,86,,74644,,,0,46,,74645,,,0,86,,74646,,,0,86,,74647,,,0,86,,74648,,,0,46,,74649,,,0,83,,74650,,,0,86,,74651,,,0,86,,74652,,,0,46,,74653,,,0
12000,'Sunday',705,,74654,,,0,46,,74655,,,0,86,,74656,,,0,86,,74657,,,0,86,,74658,,,0,46,,74659,,,0,86,,74660,,,0,88,,74661,,,0,86,,74662,,,0,86,,74664,,,0,46,,74663,,,0,86,,74665,,,0,86,,74666,,,0,86,,74667,,,0,46,,74668,,,0,86,,74669,,,0,86,,74670,,,0,86,,74672,,,0,46,,74671,,,0,83,,74673,,,0,86,,74674,,,0,86,,74675,,,0,46,,74676,,,0
12000,'Weekday',530,,74677,,,0,85,,74678,,,0,23,,74703,,,0,62,,74681,,,0,23,,74704,,,0,22,,74680,,,0,63,,74705,,,0,22,,74682,,,0,85,,74683,,,0,85,,74684,,,0,45,,74685,,,0,85,,74686,,,0,85,,74687,,,0,85,,74688,,,0,45,,74689,,,0,85,,74690,,,0,86,,74691,,,0,23,,74708,,,0,62,,74693,,,0,23,,74707,,,0,22,,74694,,,0,63,,74706,,,0,22,,74695,,,0,85,,74692,,,0,84,,74696,,,0,45,,74697,,,0,85,,74698,,,0,85,,74699,,,0,43,,74700,,,0,85,,74701,,,0,85,,74702,,,0,85,,74679,,,0
12000,'1CCSDCUT-Weekday',530,,74709,,,0,85,,74710,,,0,23,,74735,,,0,62,,74713,,,0,23,,74736,,,0,22,,74712,,,0,63,,74737,,,0,22,,74714,,,0,85,,74715,,,0,85,,74716,,,0,45,,74717,,,0,85,,74718,,,0,85,,74719,,,0,85,,74720,,,0,45,,74721,,,0,85,,74722,,,0,86,,74723,,,0,23,,74740,,,0,62,,74725,,,0,23,,74739,,,0,22,,74726,,,0,63,,74738,,,0,22,,74727,,,0,85,,74724,,,0,84,,74728,,,0,45,,74729,,,0,85,,74730,,,0,85,,74731,,,0,43,,74732,,,0,85,,74733,,,0,85,,74734,,,0,85,,74711,,,0
12000,'1PUBCUT-Weekday',530,,74741,,,0,85,,74742,,,0,23,,74767,,,0,62,,74745,,,0,23,,74768,,,0,22,,74744,,,0,63,,74769,,,0,22,,74746,,,0,85,,74747,,,0,85,,74748,,,0,45,,74749,,,0,85,,74750,,,0,85,,74751,,,0,85,,74752,,,0,45,,74753,,,0,85,,74754,,,0,86,,74755,,,0,23,,74772,,,0,62,,74757,,,0,23,,74771,,,0,22,,74758,,,0,63,,74770,,,0,22,,74759,,,0,85,,74756,,,0,84,,74760,,,0,45,,74761,,,0,85,,74762,,,0,85,,74763,,,0,43,,74764,,,0,85,,74765,,,0,85,,74766,,,0,85,,74743,,,0
72500,'Weekday0000100',1432,,88798,4,,0
72500,'Weekday1111000',1615,,88799,4,,0
72500,'1CCSDCUT-Weekday0000100',1432,,88800,4,,0
72500,'1CCSDCUT-Weekday1111000',1615,,88801,4,,0
79400,'Weekday',747,,89110,0,210 56 1 193 79,0
79400,'1CCSDCUT-Weekday',747,,89111,0,210 56 1 193 79,0
79400,'1PUBCUT-Weekday',747,,89112,0,210 56 1 193 79,0
79401,'Weekday0000100',1237,,89114,4,,0
79401,'Weekday1111000',1517,,89116,4,,0
79401,'1CCSDCUT-Weekday0000100',1237,,89118,4,,0
79401,'1CCSDCUT-Weekday1111000',1517,,89120,4,,0
82000,'Weekday',825,,89246,0,12 13 1 199 145 119,0
82000,'1PUBCUT-Weekday',825,,89247,0,12 13 1 199 145 119,0
83600,'Weekday',800,,89298,0,12 196 197 198 199 145,0
83600,'1PUBCUT-Weekday',800,,89299,0,12 196 197 198 199 145,0
