8601,'Saturday',619,,67395,,,0,40,,67377,,,0,80,,67396,,,0,80,,67385,,,0,40,,67393,,,0,80,,67386,,,0,76,,67397,,,0,44,,67389,,,0,80,,67378,,,0,80,,67388,,,0,40,,67379,,,0,80,,67399,,,0,80,,67381,,,0,40,,67400,,,0,80,,67380,,,0,80,,67398,,,0,40,,67390,,,0,80,,67382,,,0,80,,67391,,,0,40,,67383,,,0,80,,67401,,,0,80,,67384,,,0,40,,67402,,,0,80,,67392,,,0,80,,67403,,,0,40,,67394,,,0,80,,67387,,,0
8601,'Sunday',619,,67419,,,0,40,,67404,,,0,80,,67418,,,0,80,,67405,,,0,40,,67421,,,0,80,,67406,,,0,76,,67420,,,0,44,,67413,,,0,80,,67423,,,0,80,,67408,,,0,40,,67424,,,0,80,,67407,,,0,80,,67425,,,0,40,,67409,,,0,80,,67422,,,0,80,,67410,,,0,40,,67426,,,0,80,,67411,,,0,80,,67427,,,0,40,,67415,,,0,80,,67428,,,0,80,,67412,,,0,40,,67430,,,0,80,,67414,,,0,80,,67429,,,0,40,,67417,,,0,80,,67416,,,0
8601,'Weekday',518,,67450,,,0,30,,67440,,,0,70,,67431,,,0,30,,67449,,,0,70,,67441,,,0,15,,67469,,,0,15,,67432,,,0,55,,67470,,,0,15,,67451,,,0,25,,67471,,,0,5,,67442,,,0,69,,67434,,,0,30,,67452,,,0,70,,67443,,,0,30,,67435,,,0,70,,67453,,,0,30,,67444,,,0,70,,67433,,,0,30,,67454,,,0,70,,67445,,,0,30,,67436,,,0,70,,67455,,,0,30,,67446,,,0,71,,67437,,,0,30,,67456,,,0,70,,67447,,,0,30,,67438,,,0,70,,67458,,,0,30,,67448,,,0,70,,67439,,,0,35,,67457,,,0,78,,67459,,,0,78,,67460,,,0,38,,67461,,,0,78,,67462,,,0,78,,67463,,,0,38,,67464,,,0,78,,67465,,,0,38,,67466,,,0,78,,67467,,,0,84,,67468,,,0
8601,'1CCSDCUT-Weekday',518,,67491,,,0,30,,67481,,,0,70,,67472,,,0,30,,67490,,,0,70,,67482,,,0,15,,67510,,,0,15,,67473,,,0,55,,67511,,,0,15,,67492,,,0,25,,67512,,,0,5,,67483,,,0,69,,67475,,,0,30,,67493,,,0,70,,67484,,,0,30,,67476,,,0,70,,67494,,,0,30,,67485,,,0,70,,67474,,,0,30,,67495,,,0,70,,67486,,,0,30,,67477,,,0,70,,67496,,,0,30,,67487,,,0,71,,67478,,,0,30,,67497,,,0,70,,67488,,,0,30,,67479,,,0,70,,67499,,,0,30,,67489,,,0,70,,67480,,,0,35,,67498,,,0,78,,67500,,,0,78,,67501,,,0,38,,67502,,,0,78,,67503,,,0,78,,67504,,,0,38,,67505,,,0,78,,67506,,,0,38,,67507,,,0,78,,67508,,,0,84,,67509,,,0
8601,'1PUBCUT-Weekday',518,,67532,,,0,30,,67522,,,0,70,,67513,,,0,30,,67531,,,0,70,,67523,,,0,15,,67551,,,0,15,,67514,,,0,55,,67552,,,0,15,,67533,,,0,25,,67553,,,0,5,,67524,,,0,69,,67516,,,0,30,,67534,,,0,70,,67525,,,0,30,,67517,,,0,70,,67535,,,0,30,,67526,,,0,70,,67515,,,0,30,,67536,,,0,70,,67527,,,0,30,,67518,,,0,70,,67537,,,0,30,,67528,,,0,71,,67519,,,0,30,,67538,,,0,70,,67529,,,0,30,,67520,,,0,70,,67540,,,0,30,,67530,,,0,70,,67521,,,0,35,,67539,,,0,78,,67541,,,0,78,,67542,,,0,38,,67543,,,0,78,,67544,,,0,78,,67545,,,0,38,,67546,,,0,78,,67547,,,0,38,,67548,,,0,78,,67549,,,0,84,,67550,,,0
10001,'Saturday',537,,71592,,,0,70,,71571,,,0,30,,71567,,,0,70,,71583,,,0,30,,71574,,,0,70,,71566,,,0,30,,71585,,,0,70,,71572,,,0,30,,71565,,,0,70,,71587,,,0,30,,71575,,,0,70,,71564,,,0,31,,71586,,,0,70,,71576,,,0,30,,71560,,,0,70,,71589,,,0,30,,71573,,,0,70,,71563,,,0,30,,71590,,,0,70,,71577,,,0,30,,71562,,,0,70,,71588,,,0,30,,71578,,,0,70,,71561,,,0,30,,71591,,,0,70,,71579,,,0,30,,71559,,,0,70,,71555,,,0,30,,71580,,,0,70,,71558,,,0,29,,71569,,,0,70,,71581,,,0,30,,71557,,,0,70,,71570,,,0,30,,71584,,,0,70,,71556,,,0,30,,71568,,,0,70,,71582,,,0,30,,71593,,,0,70,,71594,,,0
10001,'Sunday',537,,71595,,,0,70,,71596,,,0,30,,71597,,,0,70,,71598,,,0,30,,71599,,,0,70,,71600,,,0,30,,71601,,,0,70,,71602,,,0,30,,71603,,,0,70,,71604,,,0,30,,71605,,,0,70,,71606,,,0,31,,71607,,,0,70,,71608,,,0,30,,71609,,,0,70,,71610,,,0,30,,71611,,,0,70,,71612,,,0,30,,71613,,,0,70,,71615,,,0,30,,71614,,,0,70,,71616,,,0,30,,71617,,,0,70,,71618,,,0,30,,71619,,,0,70,,71620,,,0,30,,71622,,,0,70,,71621,,,0,30,,71624,,,0,70,,71623,,,0,29,,71626,,,0,70,,71627,,,0,30,,71625,,,0,70,,71629,,,0,30,,71630,,,0,70,,71628,,,0,30,,71631,,,0,70,,71632,,,0,30,,71633,,,0,70,,71634,,,0
10001,'Weekday',536,,71635,,,0,71,,71636,,,0,31,,71637,,,0,70,,71638,,,0,30,,71639,,,0,70,,71640,,,0,30,,71641,,,0,70,,71643,,,0,30,,71644,,,0,70,,71642,,,0,30,,71645,,,0,70,,71646,,,0,30,,71649,,,0,70,,71647,,,0,30,,71648,,,0,70,,71650,,,0,30,,71651,,,0,70,,71652,,,0,31,,71654,,,0,73,,71655,,,0,30,,71653,,,0,71,,71656,,,0,34,,71657,,,0,71,,71658,,,0,29,,71659,,,0,69,,71660,,,0,31,,71661,,,0,70,,71662,,,0,30,,71663,,,0,69,,71664,,,0,28,,71665,,,0,70,,71666,,,0,30,,71667,,,0,70,,71668,,,0,30,,71670,,,0,70,,71669,,,0,29,,71672,,,0,70,,71674,,,0,30,,71673,,,0,70,,71671,,,0,30,,71675,,,0,70,,71676,,,0
10001,'1CCSDCUT-Weekday',536,,71677,,,0,71,,71678,,,0,31,,71679,,,0,70,,71680,,,0,30,,71681,,,0,70,,71682,,,0,30,,71683,,,0,70,,71685,,,0,30,,71686,,,0,70,,71684,,,0,30,,71687,,,0,70,,71688,,,0,30,,71691,,,0,70,,71689,,,0,30,,71690,,,0,70,,71692,,,0,30,,71693,,,0,70,,71694,,,0,31,,71696,,,0,73,,71697,,,0,30,,71695,,,0,71,,71698,,,0,34,,71699,,,0,71,,71700,,,0,29,,71701,,,0,69,,71702,,,0,31,,71703,,,0,70,,71704,,,0,30,,71705,,,0,69,,71706,,,0,28,,71707,,,0,70,,71708,,,0,30,,71709,,,0,70,,71710,,,0,30,,71712,,,0,70,,71711,,,0,29,,71714,,,0,70,,71716,,,0,30,,71715,,,0,70,,71713,,,0,30,,71717,,,0,70,,71718,,,0
10001,'1PUBCUT-Weekday',536,,71719,,,0,71,,71720,,,0,31,,71721,,,0,70,,71722,,,0,30,,71723,,,0,70,,71724,,,0,30,,71725,,,0,70,,71727,,,0,30,,71728,,,0,70,,71726,,,0,30,,71729,,,0,70,,71730,,,0,30,,71733,,,0,70,,71731,,,0,30,,71732,,,0,70,,71734,,,0,30,,71735,,,0,70,,71736,,,0,31,,71738,,,0,73,,71739,,,0,30,,71737,,,0,71,,71740,,,0,34,,71741,,,0,71,,71742,,,0,29,,71743,,,0,69,,71744,,,0,31,,71745,,,0,70,,71746,,,0,30,,71747,,,0,69,,71748,,,0,28,,71749,,,0,70,,71750,,,0,30,,71751,,,0,70,,71752,,,0,30,,71754,,,0,70,,71753,,,0,29,,71756,,,0,70,,71758,,,0,30,,71757,,,0,70,,71755,,,0,30,,71759,,,0,70,,71760,,,0
15701,'Saturday',501,,81485,,,0,28,,81486,,,0,30,,81487,,,0,68,,81488,,,0,29,,81490,,,0,68,,81491,,,0,28,,81492,,,0,68,,81489,,,0,28,,81493,,,0,68,,81494,,,0,28,,81495,,,0,68,,81496,,,0,28,,81497,,,0,68,,81498,,,0,28,,81499,,,0,68,,81501,,,0,28,,81502,,,0,68,,81503,,,0,28,,81500,,,0,28,,81504,,,0,68,,81505,,,0,28,,81506,,,0,68,,81507,,,0,28,,81508,,,0,68,,81509,,,0,28,,81510,,,0,68,,81511,,,0,28,,81512,,,0,68,,81513,,,0,27,,81514,,,0,68,,81515,,,0,28,,81516,,,0,28,,81517,,,0,68,,81518,,,0,28,,81519,,,0,68,,81520,,,0,28,,81521,,,0,68,,81522,,,0,28,,81523,,,0,68,,81524,,,0,28,,81525,,,0,68,,81526,,,0,28,,81484,,,0
15701,'Sunday',501,,81527,,,0,28,,81556,,,0,30,,81542,,,0,68,,81528,,,0,29,,81557,,,0,68,,81543,,,0,28,,81529,,,0,68,,81558,,,0,28,,81544,,,0,68,,81530,,,0,28,,81559,,,0,68,,81546,,,0,28,,81531,,,0,68,,81560,,,0,28,,81545,,,0,68,,81532,,,0,28,,81562,,,0,68,,81547,,,0,28,,81533,,,0,28,,81561,,,0,68,,81548,,,0,28,,81534,,,0,68,,81563,,,0,28,,81549,,,0,68,,81535,,,0,28,,81564,,,0,68,,81550,,,0,28,,81536,,,0,68,,81565,,,0,27,,81551,,,0,68,,81537,,,0,28,,81566,,,0,28,,81552,,,0,68,,81538,,,0,28,,81567,,,0,68,,81553,,,0,28,,81539,,,0,68,,81568,,,0,28,,81554,,,0,68,,81540,,,0,28,,81569,,,0,68,,81555,,,0,28,,81541,,,0
15701,'Weekday',431,,81620,,,0,71,,81570,,,0,24,,81612,,,0,24,,81613,,,0,62,,81592,,,0,23,,81617,,,0,23,,81589,,,0,61,,81593,,,0,22,,81588,,,0,62,,81616,,,0,22,,81594,,,0,22,,81585,,,0,62,,81595,,,0,25,,81586,,,0,67,,81596,,,0,28,,81584,,,0,27,,81597,,,0,67,,81583,,,0,27,,81599,,,0,67,,81582,,,0,27,,81598,,,0,67,,81581,,,0,27,,81600,,,0,66,,81580,,,0,20,,81602,,,0,20,,81576,,,0,63,,81618,,,0,23,,81603,,,0,22,,81579,,,0,62,,81601,,,0,22,,81619,,,0,22,,81578,,,0,62,,81604,,,0,22,,81577,,,0,68,,81605,,,0,27,,81575,,,0,68,,81606,,,0,27,,81574,,,0,24,,81607,,,0,66,,81571,,,0,27,,81608,,,0,67,,81573,,,0,27,,81609,,,0,67,,81591,,,0,27,,81610,,,0,67,,81587,,,0,27,,81611,,,0,27,,81590,,,0,67,,81572,,,0,27,,81614,,,0,66,,81615,,,0
15701,'1CCSDCUT-Weekday',431,,81671,,,0,71,,81621,,,0,24,,81663,,,0,24,,81664,,,0,62,,81643,,,0,23,,81668,,,0,23,,81640,,,0,61,,81644,,,0,22,,81639,,,0,62,,81667,,,0,22,,81645,,,0,22,,81636,,,0,62,,81646,,,0,25,,81637,,,0,67,,81647,,,0,28,,81635,,,0,27,,81648,,,0,67,,81634,,,0,27,,81650,,,0,67,,81633,,,0,27,,81649,,,0,67,,81632,,,0,27,,81651,,,0,66,,81631,,,0,20,,81653,,,0,20,,81627,,,0,63,,81669,,,0,23,,81654,,,0,22,,81630,,,0,62,,81652,,,0,22,,81670,,,0,22,,81629,,,0,62,,81655,,,0,22,,81628,,,0,68,,81656,,,0,27,,81626,,,0,68,,81657,,,0,27,,81625,,,0,24,,81658,,,0,66,,81622,,,0,27,,81659,,,0,67,,81624,,,0,27,,81660,,,0,67,,81642,,,0,27,,81661,,,0,67,,81638,,,0,27,,81662,,,0,27,,81641,,,0,67,,81623,,,0,27,,81665,,,0,66,,81666,,,0
15701,'1PUBCUT-Weekday',431,,81722,,,0,71,,81672,,,0,24,,81714,,,0,24,,81715,,,0,62,,81694,,,0,23,,81719,,,0,23,,81691,,,0,61,,81695,,,0,22,,81690,,,0,62,,81718,,,0,22,,81696,,,0,22,,81687,,,0,62,,81697,,,0,25,,81688,,,0,67,,81698,,,0,28,,81686,,,0,27,,81699,,,0,67,,81685,,,0,27,,81701,,,0,67,,81684,,,0,27,,81700,,,0,67,,81683,,,0,27,,81702,,,0,66,,81682,,,0,20,,81704,,,0,20,,81678,,,0,63,,81720,,,0,23,,81705,,,0,22,,81681,,,0,62,,81703,,,0,22,,81721,,,0,22,,81680,,,0,62,,81706,,,0,22,,81679,,,0,68,,81707,,,0,27,,81677,,,0,68,,81708,,,0,27,,81676,,,0,24,,81709,,,0,66,,81673,,,0,27,,81710,,,0,67,,81675,,,0,27,,81711,,,0,67,,81693,,,0,27,,81712,,,0,67,,81689,,,0,27,,81713,,,0,27,,81692,,,0,67,,81674,,,0,27,,81716,,,0,66,,81717,,,0
