6800,'Saturday',717,,63377,0,52 12 53,0,40,,63378,0,52 12 53,0,80,,63379,0,52 12 53,0,80,,63380,0,52 12 53,0,40,,63381,0,52 12 53,0,80,,63382,0,52 12 53,0,80,,63383,0,52 12 53,0,40,,63384,0,52 12 53,0,80,,63386,0,52 12 53,0,80,,63387,0,52 12 53,0,40,,63388,0,52 12 53,0,80,,63385,0,52 12 53,0,80,,63389,0,52 12 53,0,40,,63390,0,52 12 53,0,80,,63391,0,52 12 53,0,80,,63392,0,52 12 53,0,40,,63393,0,52 12 53,0,80,,63394,0,52 12 53,0,80,,63395,0,52 12 53,0,40,,63396,0,52 12 53,0,80,,63397,0,52 12 53,0,80,,63398,0,52 12 53,0,40,,63399,0,52 12 53,0
6800,'Sunday',717,,63411,0,52 12 53,0,40,,63400,0,52 12 53,0,80,,63412,0,52 12 53,0,80,,63401,0,52 12 53,0,40,,63413,0,52 12 53,0,80,,63402,0,52 12 53,0,80,,63414,0,52 12 53,0,40,,63403,0,52 12 53,0,80,,63415,0,52 12 53,0,80,,63404,0,52 12 53,0,40,,63416,0,52 12 53,0,80,,63405,0,52 12 53,0,80,,63417,0,52 12 53,0,40,,63406,0,52 12 53,0,80,,63418,0,52 12 53,0,80,,63407,0,52 12 53,0,40,,63419,0,52 12 53,0,80,,63408,0,52 12 53,0,80,,63420,0,52 12 53,0,40,,63409,0,52 12 53,0,80,,63421,0,52 12 53,0,80,,63410,0,52 12 53,0,40,,63422,0,52 12 53,0
6800,'Weekday',541,,63450,0,52 12 53,0,68,,63426,0,52 12 53,0,25,,63433,0,52 12 53,0,66,,63428,0,52 12 53,0,27,,63448,0,52 12 53,0,27,,63434,0,52 12 53,0,67,,63431,0,52 12 53,0,27,,63424,0,52 12 53,0,68,,63449,0,52 12 53,0,28,,63436,0,52 12 53,0,80,,63435,0,52 12 53,0,80,,63439,0,52 12 53,0,40,,63437,0,52 12 53,0,80,,63438,0,52 12 53,0,80,,63440,0,52 12 53,0,40,,63441,0,52 12 53,0,80,,63430,0,52 12 53,0,28,,63453,0,52 12 53,0,65,,63425,0,52 12 53,0,27,,63429,0,52 12 53,0,67,,63432,0,52 12 53,0,27,,63451,0,52 12 53,0,67,,63427,0,52 12 53,0,27,,63423,0,52 12 53,0,80,,63452,0,52 12 53,0,41,,63442,0,52 12 53,0,80,,63443,0,52 12 53,0,81,,63444,0,52 12 53,0,40,,63445,0,52 12 53,0,81,,63446,0,52 12 53,0,80,,63447,0,52 12 53,0,40,,63454,0,52 12 53,0
6800,'1CCSDCUT-Weekday',541,,63482,0,52 12 53,0,68,,63458,0,52 12 53,0,25,,63465,0,52 12 53,0,66,,63460,0,52 12 53,0,27,,63480,0,52 12 53,0,27,,63466,0,52 12 53,0,67,,63463,0,52 12 53,0,27,,63456,0,52 12 53,0,68,,63481,0,52 12 53,0,28,,63468,0,52 12 53,0,80,,63467,0,52 12 53,0,80,,63471,0,52 12 53,0,40,,63469,0,52 12 53,0,80,,63470,0,52 12 53,0,80,,63472,0,52 12 53,0,40,,63473,0,52 12 53,0,80,,63462,0,52 12 53,0,28,,63485,0,52 12 53,0,65,,63457,0,52 12 53,0,27,,63461,0,52 12 53,0,67,,63464,0,52 12 53,0,27,,63483,0,52 12 53,0,67,,63459,0,52 12 53,0,27,,63455,0,52 12 53,0,80,,63484,0,52 12 53,0,41,,63474,0,52 12 53,0,80,,63475,0,52 12 53,0,81,,63476,0,52 12 53,0,40,,63477,0,52 12 53,0,81,,63478,0,52 12 53,0,80,,63479,0,52 12 53,0,40,,63486,0,52 12 53,0
6800,'1PUBCUT-Weekday',541,,63514,0,52 12 53,0,68,,63490,0,52 12 53,0,25,,63497,0,52 12 53,0,66,,63492,0,52 12 53,0,27,,63512,0,52 12 53,0,27,,63498,0,52 12 53,0,67,,63495,0,52 12 53,0,27,,63488,0,52 12 53,0,68,,63513,0,52 12 53,0,28,,63500,0,52 12 53,0,80,,63499,0,52 12 53,0,80,,63503,0,52 12 53,0,40,,63501,0,52 12 53,0,80,,63502,0,52 12 53,0,80,,63504,0,52 12 53,0,40,,63505,0,52 12 53,0,80,,63494,0,52 12 53,0,28,,63517,0,52 12 53,0,65,,63489,0,52 12 53,0,27,,63493,0,52 12 53,0,67,,63496,0,52 12 53,0,27,,63515,0,52 12 53,0,67,,63491,0,52 12 53,0,27,,63487,0,52 12 53,0,80,,63516,0,52 12 53,0,41,,63506,0,52 12 53,0,80,,63507,0,52 12 53,0,81,,63508,0,52 12 53,0,40,,63509,0,52 12 53,0,81,,63510,0,52 12 53,0,80,,63511,0,52 12 53,0,40,,63518,0,52 12 53,0
6801,'Saturday',655,,63542,4,,0,95,,63519,4,,0,80,,63520,4,,0,80,,63525,4,,0,40,,63526,4,,0,80,,63521,4,,0,80,,63522,4,,0,40,,63523,4,,0,80,,63527,4,,0,80,,63524,4,,0,40,,63528,4,,0,80,,63530,4,,0,80,,63532,4,,0,40,,63529,4,,0,80,,63533,4,,0,80,,63531,4,,0,40,,63534,4,,0,80,,63535,4,,0,80,,63536,4,,0,40,,63537,4,,0,80,,63538,4,,0,80,,63539,4,,0,40,,63540,4,,0,80,,63541,4,,0
6801,'Sunday',655,,63566,4,,0,95,,63543,4,,0,80,,63555,4,,0,80,,63544,4,,0,40,,63557,4,,0,80,,63545,4,,0,80,,63556,4,,0,40,,63546,4,,0,80,,63558,4,,0,80,,63547,4,,0,40,,63559,4,,0,80,,63548,4,,0,80,,63560,4,,0,40,,63549,4,,0,80,,63561,4,,0,80,,63550,4,,0,40,,63562,4,,0,80,,63551,4,,0,80,,63563,4,,0,40,,63552,4,,0,80,,63564,4,,0,80,,63553,4,,0,40,,63565,4,,0,80,,63554,4,,0
6801,'Weekday',626,,63574,4,,0,27,,63569,4,,0,67,,63592,4,,0,26,,63570,4,,0,69,,63572,4,,0,28,,63568,4,,0,67,,63593,4,,0,25,,63567,4,,0,80,,63578,4,,0,40,,63579,4,,0,80,,63580,4,,0,80,,63581,4,,0,41,,63582,4,,0,81,,63583,4,,0,80,,63584,4,,0,41,,63585,4,,0,80,,63576,4,,0,68,,63594,4,,0,27,,63577,4,,0,67,,63571,4,,0,27,,63595,4,,0,27,,63575,4,,0,65,,63573,4,,0,27,,63596,4,,0,80,,63587,4,,0,80,,63588,4,,0,40,,63589,4,,0,80,,63586,4,,0,80,,63590,4,,0,40,,63591,4,,0
6801,'1CCSDCUT-Weekday',626,,63604,4,,0,27,,63599,4,,0,67,,63622,4,,0,26,,63600,4,,0,69,,63602,4,,0,28,,63598,4,,0,67,,63623,4,,0,25,,63597,4,,0,80,,63608,4,,0,40,,63609,4,,0,80,,63610,4,,0,80,,63611,4,,0,41,,63612,4,,0,81,,63613,4,,0,80,,63614,4,,0,41,,63615,4,,0,80,,63606,4,,0,68,,63624,4,,0,27,,63607,4,,0,67,,63601,4,,0,27,,63625,4,,0,27,,63605,4,,0,65,,63603,4,,0,27,,63626,4,,0,80,,63617,4,,0,80,,63618,4,,0,40,,63619,4,,0,80,,63616,4,,0,80,,63620,4,,0,40,,63621,4,,0
6801,'1PUBCUT-Weekday',626,,63634,4,,0,27,,63629,4,,0,67,,63652,4,,0,26,,63630,4,,0,69,,63632,4,,0,28,,63628,4,,0,67,,63653,4,,0,25,,63627,4,,0,80,,63638,4,,0,40,,63639,4,,0,80,,63640,4,,0,80,,63641,4,,0,41,,63642,4,,0,81,,63643,4,,0,80,,63644,4,,0,41,,63645,4,,0,80,,63636,4,,0,68,,63654,4,,0,27,,63637,4,,0,67,,63631,4,,0,27,,63655,4,,0,27,,63635,4,,0,65,,63633,4,,0,27,,63656,4,,0,80,,63647,4,,0,80,,63648,4,,0,40,,63649,4,,0,80,,63646,4,,0,80,,63650,4,,0,40,,63651,4,,0
30700,'Saturday',647,,87269,4,,0,60,,87282,4,,0,20,,87295,4,,0,20,,87308,4,,0,60,,87270,4,,0,20,,87284,4,,0,20,,87296,4,,0,60,,87309,4,,0,21,,87271,4,,0,20,,87283,4,,0,60,,87297,4,,0,20,,87310,4,,0,20,,87272,4,,0,60,,87285,4,,0,20,,87298,4,,0,20,,87312,4,,0,60,,87273,4,,0,20,,87286,4,,0,20,,87299,4,,0,61,,87311,4,,0,23,,87274,4,,0,21,,87287,4,,0,60,,87300,4,,0,20,,87313,4,,0,20,,87275,4,,0,60,,87289,4,,0,20,,87301,4,,0,20,,87314,4,,0,60,,87276,4,,0,20,,87288,4,,0,20,,87302,4,,0,60,,87315,4,,0,20,,87277,4,,0,20,,87290,4,,0,60,,87303,4,,0,20,,87316,4,,0,20,,87278,4,,0,60,,87291,4,,0,20,,87304,4,,0,19,,87317,4,,0,59,,87279,4,,0,20,,87293,4,,0,20,,87305,4,,0,59,,87318,4,,0,17,,87280,4,,0,20,,87292,4,,0,70,,87306,4,,0,20,,87319,4,,0,20,,87281,4,,0,60,,87294,4,,0,20,,87307,4,,0
30700,'Sunday',647,,87322,4,,0,60,,87334,4,,0,20,,87346,4,,0,20,,87358,4,,0,60,,87320,4,,0,20,,87333,4,,0,20,,87347,4,,0,60,,87359,4,,0,21,,87321,4,,0,20,,87335,4,,0,60,,87348,4,,0,20,,87361,4,,0,20,,87323,4,,0,60,,87336,4,,0,20,,87350,4,,0,20,,87362,4,,0,60,,87324,4,,0,20,,87337,4,,0,20,,87349,4,,0,61,,87363,4,,0,23,,87326,4,,0,21,,87338,4,,0,60,,87351,4,,0,20,,87364,4,,0,20,,87325,4,,0,60,,87339,4,,0,20,,87352,4,,0,20,,87365,4,,0,60,,87327,4,,0,20,,87340,4,,0,20,,87353,4,,0,60,,87366,4,,0,20,,87328,4,,0,20,,87341,4,,0,60,,87354,4,,0,20,,87367,4,,0,20,,87329,4,,0,60,,87342,4,,0,20,,87355,4,,0,19,,87368,4,,0,59,,87330,4,,0,20,,87343,4,,0,20,,87356,4,,0,59,,87369,4,,0,17,,87331,4,,0,20,,87344,4,,0,70,,87357,4,,0,20,,87370,4,,0,20,,87332,4,,0,60,,87345,4,,0,20,,87360,4,,0
30700,'Weekday',531,2,87404,,,0,81,,87384,4,,0,19,2,87373,,,0,22,,87383,4,,0,71,,87405,4,,0,20,,87385,4,,0,60,,87394,4,,0,20,,87374,4,,0,20,,87406,4,,0,60,,87386,4,,0,20,,87395,4,,0,20,,87375,4,,0,60,,87407,4,,0,20,,87387,4,,0,20,,87396,4,,0,60,,87376,4,,0,20,,87408,4,,0,20,,87389,4,,0,60,,87397,4,,0,21,,87377,4,,0,20,,87409,4,,0,60,,87388,4,,0,20,,87398,4,,0,20,,87378,4,,0,60,,87410,4,,0,20,,87390,4,,0,20,,87399,4,,0,60,,87379,4,,0,21,,87411,4,,0,20,,87392,4,,0,60,,87400,4,,0,20,,87380,4,,0,17,,87412,,,0,64,,87391,4,,0,20,,87401,4,,0,16,,87381,,,0,63,,87402,4,,0,20,,87393,4,,0,20,,87413,4,,0,59,,87371,4,,0,20,,87403,4,,0,20,,87382,4,,0,60,,87414,4,,0,20,,87372,4,,0,15,,87416,4,,0,65,,87424,4,,0,25,,87423,4,,0,25,,87422,4,,0,65,,87421,4,,0,24,,87420,4,,0,64,,87419,4,,0,30,,87418,4,,0,79,,87417,4,,0,36,,87415,4,,0
30700,'1CCSDCUT-Weekday',531,2,87458,,,0,81,,87438,4,,0,19,2,87427,,,0,22,,87437,4,,0,71,,87459,4,,0,20,,87439,4,,0,60,,87448,4,,0,20,,87428,4,,0,20,,87460,4,,0,60,,87440,4,,0,20,,87449,4,,0,20,,87429,4,,0,60,,87461,4,,0,20,,87441,4,,0,20,,87450,4,,0,60,,87430,4,,0,20,,87462,4,,0,20,,87443,4,,0,60,,87451,4,,0,21,,87431,4,,0,20,,87463,4,,0,60,,87442,4,,0,20,,87452,4,,0,20,,87432,4,,0,60,,87464,4,,0,20,,87444,4,,0,20,,87453,4,,0,60,,87433,4,,0,21,,87465,4,,0,20,,87446,4,,0,60,,87454,4,,0,20,,87434,4,,0,17,,87466,,,0,64,,87445,4,,0,20,,87455,4,,0,16,,87435,,,0,63,,87456,4,,0,20,,87447,4,,0,20,,87467,4,,0,59,,87425,4,,0,20,,87457,4,,0,20,,87436,4,,0,60,,87468,4,,0,20,,87426,4,,0,15,,87470,4,,0,65,,87478,4,,0,25,,87477,4,,0,25,,87476,4,,0,65,,87475,4,,0,24,,87474,4,,0,64,,87473,4,,0,30,,87472,4,,0,79,,87471,4,,0,36,,87469,4,,0
30700,'1PUBCUT-Weekday',531,2,87512,,,0,81,,87492,4,,0,19,2,87481,,,0,22,,87491,4,,0,71,,87513,4,,0,20,,87493,4,,0,60,,87502,4,,0,20,,87482,4,,0,20,,87514,4,,0,60,,87494,4,,0,20,,87503,4,,0,20,,87483,4,,0,60,,87515,4,,0,20,,87495,4,,0,20,,87504,4,,0,60,,87484,4,,0,20,,87516,4,,0,20,,87497,4,,0,60,,87505,4,,0,21,,87485,4,,0,20,,87517,4,,0,60,,87496,4,,0,20,,87506,4,,0,20,,87486,4,,0,60,,87518,4,,0,20,,87498,4,,0,20,,87507,4,,0,60,,87487,4,,0,21,,87519,4,,0,20,,87500,4,,0,60,,87508,4,,0,20,,87488,4,,0,17,,87520,,,0,64,,87499,4,,0,20,,87509,4,,0,16,,87489,,,0,63,,87510,4,,0,20,,87501,4,,0,20,,87521,4,,0,59,,87479,4,,0,20,,87511,4,,0,20,,87490,4,,0,60,,87522,4,,0,20,,87480,4,,0,15,,87524,4,,0,65,,87532,4,,0,25,,87531,4,,0,25,,87530,4,,0,65,,87529,4,,0,24,,87528,4,,0,64,,87527,4,,0,30,,87526,4,,0,79,,87525,4,,0,36,,87523,4,,0
30701,'Saturday',538,,87533,,,0,20,,87548,,,0,60,,87560,,,0,20,,87573,,,0,20,,87534,,,0,60,,87547,,,0,20,,87561,,,0,20,,87574,,,0,60,,87535,,,0,20,,87549,,,0,20,,87562,,,0,60,,87575,,,0,20,,87536,,,0,20,,87550,,,0,60,,87563,,,0,20,,87577,,,0,20,,87538,,,0,60,,87551,,,0,20,,87564,,,0,20,,87576,,,0,60,,87537,,,0,20,,87552,,,0,20,,87566,,,0,60,,87578,,,0,20,,87539,,,0,20,,87553,,,0,60,,87565,,,0,20,,87579,,,0,20,,87540,,,0,60,,87554,,,0,20,,87567,,,0,20,,87580,,,0,60,,87541,,,0,20,,87555,,,0,20,,87568,,,0,60,,87581,,,0,20,,87542,,,0,20,,87556,,,0,60,,87569,,,0,20,,87582,,,0,20,,87543,,,0,60,,87557,,,0,20,,87570,,,0,20,,87583,,,0,60,,87544,,,0,20,,87558,,,0,20,,87571,,,0,60,,87584,,,0,20,,87545,,,0,20,,87559,,,0,60,,87572,,,0,20,,87585,,,0,20,,87546,,,0
30701,'Sunday',538,,87586,,,0,20,,87600,,,0,60,,87614,,,0,20,,87626,,,0,20,,87587,,,0,60,,87601,,,0,20,,87613,,,0,20,,87627,,,0,60,,87588,,,0,20,,87602,,,0,20,,87615,,,0,60,,87628,,,0,20,,87589,,,0,20,,87603,,,0,60,,87616,,,0,20,,87629,,,0,20,,87590,,,0,60,,87604,,,0,20,,87617,,,0,20,,87630,,,0,60,,87591,,,0,20,,87605,,,0,20,,87618,,,0,60,,87631,,,0,20,,87592,,,0,20,,87606,,,0,60,,87619,,,0,20,,87632,,,0,20,,87593,,,0,60,,87607,,,0,20,,87620,,,0,20,,87633,,,0,60,,87594,,,0,20,,87608,,,0,20,,87621,,,0,60,,87635,,,0,20,,87596,,,0,20,,87609,,,0,60,,87622,,,0,20,,87636,,,0,20,,87597,,,0,60,,87610,,,0,20,,87623,,,0,20,,87637,,,0,60,,87598,,,0,20,,87611,,,0,20,,87624,,,0,60,,87634,,,0,20,,87595,,,0,20,,87612,,,0,60,,87625,,,0,20,,87638,,,0,20,,87599,,,0
30701,'Weekday',520,,87641,,,0,20,,87654,,,0,68,,87674,4,,0,2,,87676,,,0,20,,87655,,,0,20,,87665,,,0,60,,87642,4,,0,20,,87677,,,0,20,,87656,,,0,60,,87664,,,0,20,,87644,,,0,20,,87678,,,0,60,,87657,,,0,20,,87666,,,0,20,,87645,,,0,60,,87679,,,0,20,,87658,,,0,20,,87668,,,0,60,,87646,,,0,20,,87680,,,0,20,,87659,,,0,60,,87667,,,0,20,,87648,,,0,20,,87681,,,0,60,,87660,,,0,20,,87669,,,0,20,,87647,,,0,60,,87682,,,0,20,,87661,,,0,20,,87670,,,0,60,,87649,,,0,20,,87683,,,0,20,,87662,,,0,60,,87671,,,0,20,,87650,,,0,20,,87672,,,0,60,,87663,,,0,15,,87684,4,,0,5,,87685,,,0,20,,87639,,,0,60,,87673,,,0,15,,87651,4,,0,5,,87652,,,0,20,,87686,,,0,60,,87640,,,0,20,,87675,,,0,20,,87653,,,0,70,,87689,,,0,25,,87695,,,0,65,,87694,,,0,25,,87692,,,0,65,,87693,,,0,25,,87691,,,0,25,,87690,,,0,62,,87688,,,0,35,,87687,,,0
30701,'1CCSDCUT-Weekday',520,,87698,,,0,20,,87711,,,0,68,,87731,4,,0,2,,87733,,,0,20,,87712,,,0,20,,87722,,,0,60,,87699,4,,0,20,,87734,,,0,20,,87713,,,0,60,,87721,,,0,20,,87701,,,0,20,,87735,,,0,60,,87714,,,0,20,,87723,,,0,20,,87702,,,0,60,,87736,,,0,20,,87715,,,0,20,,87725,,,0,60,,87703,,,0,20,,87737,,,0,20,,87716,,,0,60,,87724,,,0,20,,87705,,,0,20,,87738,,,0,60,,87717,,,0,20,,87726,,,0,20,,87704,,,0,60,,87739,,,0,20,,87718,,,0,20,,87727,,,0,60,,87706,,,0,20,,87740,,,0,20,,87719,,,0,60,,87728,,,0,20,,87707,,,0,20,,87729,,,0,60,,87720,,,0,15,,87741,4,,0,5,,87742,,,0,20,,87696,,,0,60,,87730,,,0,15,,87708,4,,0,5,,87709,,,0,20,,87743,,,0,60,,87697,,,0,20,,87732,,,0,20,,87710,,,0,70,,87746,,,0,25,,87752,,,0,65,,87751,,,0,25,,87749,,,0,65,,87750,,,0,25,,87748,,,0,25,,87747,,,0,62,,87745,,,0,35,,87744,,,0
30701,'1PUBCUT-Weekday',520,,87755,,,0,20,,87768,,,0,68,,87788,4,,0,2,,87790,,,0,20,,87769,,,0,20,,87779,,,0,60,,87756,4,,0,20,,87791,,,0,20,,87770,,,0,60,,87778,,,0,20,,87758,,,0,20,,87792,,,0,60,,87771,,,0,20,,87780,,,0,20,,87759,,,0,60,,87793,,,0,20,,87772,,,0,20,,87782,,,0,60,,87760,,,0,20,,87794,,,0,20,,87773,,,0,60,,87781,,,0,20,,87762,,,0,20,,87795,,,0,60,,87774,,,0,20,,87783,,,0,20,,87761,,,0,60,,87796,,,0,20,,87775,,,0,20,,87784,,,0,60,,87763,,,0,20,,87797,,,0,20,,87776,,,0,60,,87785,,,0,20,,87764,,,0,20,,87786,,,0,60,,87777,,,0,15,,87798,4,,0,5,,87799,,,0,20,,87753,,,0,60,,87787,,,0,15,,87765,4,,0,5,,87766,,,0,20,,87800,,,0,60,,87754,,,0,20,,87789,,,0,20,,87767,,,0,70,,87803,,,0,25,,87809,,,0,65,,87808,,,0,25,,87806,,,0,65,,87807,,,0,25,,87805,,,0,25,,87804,,,0,62,,87802,,,0,35,,87801,,,0
