7901,'Weekday',503,,45562,29,,,0,24,,45547,29,,,0,24,,45549,29,,,0,66,,45548,29,,,0,26,,45564,29,,,0,64,,45546,29,,,0,24,,45543,29,,,0,24,,45540,29,,,0,64,,45565,29,,,0,24,,45563,29,,,0,62,,45554,29,,,0,25,,45560,29,,,0,70,,45556,29,,,0,32,,45557,29,,,0,72,,45555,29,,,0,32,,45550,29,,,0,72,,45536,29,,,0,32,,45552,29,,,0,72,,45551,29,,,0,32,,45532,29,,,0,72,,45542,29,,,0,32,,45558,29,,,0,74,,45538,29,,,0,31,,45559,29,,,0,58,,45561,29,,,0,24,,45544,29,,,0,66,,45533,29,,,0,22,,45534,29,,,0,24,,45553,29,,,0,64,,45541,29,,,0,24,,45537,29,,,0,24,,45545,29,,,0,63,,45535,29,,,0,23,,45539,29,,,0
7901,'Weekday0000100',1338,,45566,16,,,0
7901,'1CCSDCUT-Weekday',503,,45597,29,,,0,24,,45582,29,,,0,24,,45584,29,,,0,66,,45583,29,,,0,26,,45599,29,,,0,64,,45581,29,,,0,24,,45578,29,,,0,24,,45575,29,,,0,64,,45600,29,,,0,24,,45598,29,,,0,62,,45589,29,,,0,25,,45595,29,,,0,70,,45591,29,,,0,32,,45592,29,,,0,72,,45590,29,,,0,32,,45585,29,,,0,72,,45571,29,,,0,32,,45587,29,,,0,72,,45586,29,,,0,32,,45567,29,,,0,72,,45577,29,,,0,32,,45593,29,,,0,74,,45573,29,,,0,31,,45594,29,,,0,58,,45596,29,,,0,24,,45579,29,,,0,66,,45568,29,,,0,22,,45569,29,,,0,24,,45588,29,,,0,64,,45576,29,,,0,24,,45572,29,,,0,24,,45580,29,,,0,63,,45570,29,,,0,23,,45574,29,,,0
7901,'1CCSDCUT-Weekday0000100',1338,,45601,16,,,0
7901,'1PUBCUT-Weekday',503,,45632,29,,,0,24,,45617,29,,,0,24,,45619,29,,,0,66,,45618,29,,,0,26,,45634,29,,,0,64,,45616,29,,,0,24,,45613,29,,,0,24,,45610,29,,,0,64,,45635,29,,,0,24,,45633,29,,,0,62,,45624,29,,,0,25,,45630,29,,,0,70,,45626,29,,,0,32,,45627,29,,,0,72,,45625,29,,,0,32,,45620,29,,,0,72,,45606,29,,,0,32,,45622,29,,,0,72,,45621,29,,,0,32,,45602,29,,,0,72,,45612,29,,,0,32,,45628,29,,,0,74,,45608,29,,,0,31,,45629,29,,,0,58,,45631,29,,,0,24,,45614,29,,,0,66,,45603,29,,,0,22,,45604,29,,,0,24,,45623,29,,,0,64,,45611,29,,,0,24,,45607,29,,,0,24,,45615,29,,,0,63,,45605,29,,,0,23,,45609,29,,,0
7901,'1PUBCUT-Weekday0000100',1338,,45636,16,,,0
86600,'Weekday0000100',1447,,69091,18,0,17 18 19 1 20,0
86600,'Weekday1111000',1603,,69093,18,0,17 18 19 1 20,0
86600,'1PUBCUT-Weekday0000100',1447,,69095,18,0,17 18 19 1 20,0
86600,'1PUBCUT-Weekday1111000',1603,,69097,18,0,17 18 19 1 20,0
86601,'Weekday',819,,69099,12,0,17 18 19 1 20,0
86601,'1PUBCUT-Weekday',819,,69101,12,0,17 18 19 1 20,0
87900,'Weekday',753,,69135,12,0,213 38 214 1 20,0
87900,'1PUBCUT-Weekday',753,,69137,12,0,213 38 214 1 20,0
87901,'Weekday',1504,,69139,13,0,213 38 214 1 20,0
87901,'1PUBCUT-Weekday',1504,,69141,13,0,213 38 214 1 20,0
