1000,'Saturday',853,,76419,3,,,0,70,,76429,3,,,0,30,,76407,3,,,0,70,,76420,3,,,0,30,,76430,3,,,0,70,,76409,3,,,0,30,,76421,3,,,0,70,,76431,3,,,0,30,,76408,3,,,0,70,,76422,3,,,0,30,,76433,3,,,0,70,,76410,3,,,0,30,,76423,3,,,0,70,,76432,3,,,0,30,,76411,3,,,0,70,,76424,3,,,0,30,,76434,3,,,0,70,,76412,3,,,0,30,,76425,3,,,0,70,,76435,3,,,0,30,,76414,3,,,0,70,,76426,3,,,0,30,,76436,3,,,0,70,,76413,3,,,0,30,,76427,3,,,0,70,,76418,3,,,0,30,,76416,3,,,0,70,,76428,3,,,0,30,,76415,3,,,0,70,,76417,3,,,0
1000,'Sunday',853,,76442,3,,,0,70,,76450,3,,,0,30,,76458,3,,,0,70,,76441,3,,,0,30,,76452,3,,,0,70,,76459,3,,,0,30,,76443,3,,,0,70,,76451,3,,,0,30,,76460,3,,,0,70,,76444,3,,,0,30,,76454,3,,,0,70,,76462,3,,,0,30,,76445,3,,,0,70,,76456,3,,,0,30,,76461,3,,,0,70,,76447,3,,,0,30,,76453,3,,,0,70,,76463,3,,,0,30,,76446,3,,,0,70,,76455,3,,,0,30,,76465,3,,,0,70,,76448,3,,,0,30,,76439,3,,,0,70,,76464,3,,,0,30,,76440,3,,,0,70,,76437,3,,,0,30,,76466,3,,,0,70,,76449,3,,,0,30,,76438,3,,,0,70,,76457,3,,,0
1000,'Weekday',543,,76467,3,,,0,73,,76472,3,,,0,33,,76473,3,,,0,73,,76474,3,,,0,33,,76475,3,,,0,73,,76476,3,,,0,73,,76477,3,,,0,33,,76478,3,,,0,73,,76479,3,,,0,33,,76480,3,,,0,73,,76481,3,,,0,33,,76482,3,,,0,73,,76483,3,,,0,33,,76484,3,,,0,73,,76485,3,,,0,33,,76486,3,,,0,73,,76487,3,,,0,73,,76488,3,,,0,33,,76489,3,,,0,73,,76490,3,,,0,33,,76491,3,,,0,73,,76492,3,,,0,33,,76493,3,,,0,73,,76494,3,,,0,33,,76495,3,,,0,73,,76496,3,,,0,73,,76497,3,,,0,33,,76498,3,,,0,73,,76499,3,,,0,33,,76500,3,,,0,73,,76470,3,,,0,33,,76469,3,,,0,73,,76471,3,,,0,29,,76468,3,,,0
1000,'STMPSa-Saturday',853,,76513,3,,,0,70,,76523,3,,,0,30,,76501,3,,,0,70,,76514,3,,,0,30,,76524,3,,,0,70,,76503,3,,,0,30,,76515,3,,,0,70,,76525,3,,,0,30,,76502,3,,,0,70,,76516,3,,,0,30,,76527,3,,,0,70,,76504,3,,,0,30,,76517,3,,,0,70,,76526,3,,,0,30,,76506,3,,,0,70,,76518,3,,,0,30,,76528,3,,,0,70,,76505,3,,,0,30,,76519,3,,,0,70,,76529,3,,,0,30,,76508,3,,,0,70,,76520,3,,,0,30,,76530,3,,,0,70,,76507,3,,,0,30,,76521,3,,,0,70,,76512,3,,,0,30,,76510,3,,,0,70,,76522,3,,,0,30,,76509,3,,,0,70,,76511,3,,,0
1000,'STMPSnea-Weekday',543,,76531,3,,,0,73,,76536,3,,,0,33,,76537,3,,,0,73,,76538,3,,,0,33,,76539,3,,,0,73,,76540,3,,,0,73,,76541,3,,,0,33,,76542,3,,,0,73,,76543,3,,,0,33,,76544,3,,,0,73,,76545,3,,,0,33,,76546,3,,,0,73,,76547,3,,,0,33,,76548,3,,,0,73,,76549,3,,,0,33,,76550,3,,,0,73,,76551,3,,,0,73,,76552,3,,,0,33,,76553,3,,,0,73,,76554,3,,,0,33,,76555,3,,,0,73,,76556,3,,,0,33,,76557,3,,,0,73,,76558,3,,,0,33,,76559,3,,,0,73,,76560,3,,,0,73,,76561,3,,,0,33,,76562,3,,,0,73,,76563,3,,,0,33,,76564,3,,,0,73,,76534,3,,,0,33,,76533,3,,,0,73,,76535,3,,,0,29,,76532,3,,,0
1000,'STMPSu1-Sunday',853,,76570,3,,,0,70,,76578,3,,,0,30,,76586,3,,,0,70,,76569,3,,,0,30,,76580,3,,,0,70,,76587,3,,,0,30,,76571,3,,,0,70,,76579,3,,,0,30,,76588,3,,,0,70,,76572,3,,,0,30,,76582,3,,,0,70,,76590,3,,,0,30,,76573,3,,,0,70,,76584,3,,,0,30,,76589,3,,,0,70,,76575,3,,,0,30,,76581,3,,,0,70,,76591,3,,,0,30,,76574,3,,,0,70,,76583,3,,,0,30,,76593,3,,,0,70,,76576,3,,,0,30,,76567,3,,,0,70,,76592,3,,,0,30,,76568,3,,,0,70,,76565,3,,,0,30,,76594,3,,,0,70,,76577,3,,,0,30,,76566,3,,,0,70,,76585,3,,,0
1000,'STMPSu2-Sunday',853,,76600,3,,,0,70,,76608,3,,,0,30,,76616,3,,,0,70,,76599,3,,,0,30,,76610,3,,,0,70,,76617,3,,,0,30,,76601,3,,,0,70,,76609,3,,,0,30,,76618,3,,,0,70,,76602,3,,,0,30,,76612,3,,,0,70,,76620,3,,,0,30,,76603,3,,,0,70,,76614,3,,,0,30,,76619,3,,,0,70,,76605,3,,,0,30,,76611,3,,,0,70,,76621,3,,,0,30,,76604,3,,,0,70,,76613,3,,,0,30,,76623,3,,,0,70,,76606,3,,,0,30,,76597,3,,,0,70,,76622,3,,,0,30,,76598,3,,,0,70,,76595,3,,,0,30,,76624,3,,,0,70,,76607,3,,,0,30,,76596,3,,,0,70,,76615,3,,,0
1000,'STMPWeek-Weekday',543,,76625,3,,,0,73,,76630,3,,,0,33,,76631,3,,,0,73,,76632,3,,,0,33,,76633,3,,,0,73,,76634,3,,,0,73,,76635,3,,,0,33,,76636,3,,,0,73,,76637,3,,,0,33,,76638,3,,,0,73,,76639,3,,,0,33,,76640,3,,,0,73,,76641,3,,,0,33,,76642,3,,,0,73,,76643,3,,,0,33,,76644,3,,,0,73,,76645,3,,,0,73,,76646,3,,,0,33,,76647,3,,,0,73,,76648,3,,,0,33,,76649,3,,,0,73,,76650,3,,,0,33,,76651,3,,,0,73,,76652,3,,,0,33,,76653,3,,,0,73,,76654,3,,,0,73,,76655,3,,,0,33,,76656,3,,,0,73,,76657,3,,,0,33,,76658,3,,,0,73,,76628,3,,,0,33,,76627,3,,,0,73,,76629,3,,,0,29,,76626,3,,,0
1000,'STMPar-Weekday',543,,76659,3,,,0,73,,76665,3,,,0,33,,76664,3,,,0,73,,76666,3,,,0,16,,76693,3,0,43 44,0,17,,76667,3,,,0,73,,76668,3,,,0,73,,76669,3,,,0,33,,76670,3,,,0,73,,76671,3,,,0,33,,76672,3,,,0,73,,76673,3,,,0,33,,76674,3,,,0,73,,76675,3,,,0,33,,76676,3,,,0,73,,76677,3,,,0,33,,76678,3,,,0,73,,76679,3,,,0,73,,76680,3,,,0,33,,76681,3,,,0,73,,76682,3,,,0,33,,76683,3,,,0,73,,76684,3,,,0,33,,76685,3,,,0,73,,76686,3,,,0,33,,76687,3,,,0,73,,76688,3,,,0,73,,76689,3,,,0,33,,76690,3,,,0,73,,76691,3,,,0,33,,76692,3,,,0,73,,76662,3,,,0,33,,76661,3,,,0,73,,76663,3,,,0,29,,76660,3,,,0
3500,'Saturday',627,,87082,3,,,0,100,,87096,3,,,0,100,,87095,3,,,0,100,,87093,3,,,0,100,,87094,3,,,0,100,,87092,3,,,0,100,,87091,3,,,0,100,,87090,3,,,0,100,,87089,3,,,0,100,,87088,3,,,0,100,,87087,3,,,0,100,,87086,3,,,0,100,,87085,3,,,0,100,,87084,3,,,0,100,,87083,3,,,0
3500,'Sunday',727,,87109,3,,,0,100,,87108,3,,,0,100,,87107,3,,,0,100,,87106,3,,,0,100,,87105,3,,,0,100,,87104,3,,,0,100,,87103,3,,,0,100,,87102,3,,,0,100,,87101,3,,,0,100,,87100,3,,,0,100,,87099,3,,,0,100,,87097,3,,,0,100,,87098,3,,,0
3500,'Weekday',552,,87110,3,,,0,70,,87130,3,,,0,30,,87111,3,,,0,70,,87131,3,,,0,27,,87112,3,,,0,70,,87129,3,,,0,33,,87113,3,,,0,101,,87114,3,,,0,100,,87115,3,,,0,100,,87116,3,,,0,100,,87117,3,,,0,100,,87118,3,,,0,100,,87119,3,,,0,70,,87132,3,,,0,30,,87120,3,,,0,70,,87133,3,,,0,30,,87121,3,,,0,70,,87134,3,,,0,30,,87123,3,,,0,100,,87124,3,,,0,99,,87125,3,,,0,100,,87126,3,,,0,100,,87127,3,,,0,100,,87128,3,,,0,100,,87122,3,,,0
3500,'STMPSa-Saturday',627,,87135,3,,,0,100,,87149,3,,,0,100,,87148,3,,,0,100,,87146,3,,,0,100,,87147,3,,,0,100,,87145,3,,,0,100,,87144,3,,,0,100,,87143,3,,,0,100,,87142,3,,,0,100,,87141,3,,,0,100,,87140,3,,,0,100,,87139,3,,,0,100,,87138,3,,,0,100,,87137,3,,,0,100,,87136,3,,,0
3500,'STMPSnea-Weekday',552,,87150,3,,,0,70,,87170,3,,,0,30,,87151,3,,,0,70,,87171,3,,,0,27,,87152,3,,,0,70,,87169,3,,,0,33,,87153,3,,,0,101,,87154,3,,,0,100,,87155,3,,,0,100,,87156,3,,,0,100,,87157,3,,,0,100,,87158,3,,,0,100,,87159,3,,,0,70,,87172,3,,,0,30,,87160,3,,,0,70,,87173,3,,,0,30,,87161,3,,,0,70,,87174,3,,,0,30,,87163,3,,,0,100,,87164,3,,,0,99,,87165,3,,,0,100,,87166,3,,,0,100,,87167,3,,,0,100,,87168,3,,,0,100,,87162,3,,,0
3500,'STMPSu1-Sunday',727,,87187,3,,,0,100,,87186,3,,,0,100,,87185,3,,,0,100,,87184,3,,,0,100,,87183,3,,,0,100,,87182,3,,,0,100,,87181,3,,,0,100,,87180,3,,,0,100,,87179,3,,,0,100,,87178,3,,,0,100,,87177,3,,,0,100,,87175,3,,,0,100,,87176,3,,,0
3500,'STMPSu2-Sunday',727,,87200,3,,,0,100,,87199,3,,,0,100,,87198,3,,,0,100,,87197,3,,,0,100,,87196,3,,,0,100,,87195,3,,,0,100,,87194,3,,,0,100,,87193,3,,,0,100,,87192,3,,,0,100,,87191,3,,,0,100,,87190,3,,,0,100,,87188,3,,,0,100,,87189,3,,,0
3500,'STMPWeek-Weekday',552,,87201,3,,,0,70,,87221,3,,,0,30,,87202,3,,,0,70,,87222,3,,,0,27,,87203,3,,,0,70,,87220,3,,,0,33,,87204,3,,,0,101,,87205,3,,,0,100,,87206,3,,,0,100,,87207,3,,,0,100,,87208,3,,,0,100,,87209,3,,,0,100,,87210,3,,,0,70,,87223,3,,,0,30,,87211,3,,,0,70,,87224,3,,,0,30,,87212,3,,,0,70,,87225,3,,,0,30,,87214,3,,,0,100,,87215,3,,,0,99,,87216,3,,,0,100,,87217,3,,,0,100,,87218,3,,,0,100,,87219,3,,,0,100,,87213,3,,,0
3500,'STMPar-Weekday',552,,87226,3,,,0,70,,87246,3,,,0,30,,87227,3,,,0,70,,87247,3,,,0,27,,87228,3,,,0,70,,87245,3,,,0,33,,87229,3,,,0,101,,87230,3,,,0,100,,87231,3,,,0,100,,87232,3,,,0,100,,87233,3,,,0,100,,87234,3,,,0,100,,87235,3,,,0,70,,87248,3,,,0,30,,87237,3,,,0,70,,87249,3,,,0,30,,87238,3,,,0,70,,87250,3,,,0,30,,87236,3,,,0,100,,87240,3,,,0,99,,87241,3,,,0,100,,87242,3,,,0,100,,87243,3,,,0,100,,87244,3,,,0,100,,87239,3,,,0
9900,'Saturday',605,,113658,6,,,0,30,,113633,6,,,0,70,,113634,6,,,0,30,,113667,6,,,0,70,,113638,6,,,0,30,,113641,6,,,0,70,,113663,6,,,0,30,,113637,6,,,0,70,,113642,6,,,0,30,,113664,6,,,0,70,,113640,6,,,0,30,,113639,6,,,0,70,,113665,6,,,0,30,,113643,6,,,0,70,,113645,6,,,0,30,,113657,6,,,0,70,,113646,6,,,0,30,,113647,6,,,0,70,,113661,6,,,0,30,,113644,6,,,0,70,,113648,6,,,0,30,,113659,6,,,0,70,,113650,6,,,0,30,,113651,6,,,0,70,,113660,6,,,0,30,,113652,6,,,0,70,,113649,6,,,0,30,,113662,6,,,0,70,,113653,6,,,0,30,,113654,6,,,0,70,,113666,6,,,0,30,,113655,6,,,0,70,,113635,6,,,0,30,,113656,6,,,0,70,,113636,6,,,0
9900,'Sunday',605,,113689,6,,,0,30,,113668,6,,,0,70,,113669,6,,,0,30,,113699,6,,,0,70,,113670,6,,,0,30,,113672,6,,,0,70,,113691,6,,,0,30,,113677,6,,,0,70,,113678,6,,,0,30,,113693,6,,,0,70,,113675,6,,,0,30,,113673,6,,,0,70,,113696,6,,,0,30,,113671,6,,,0,70,,113676,6,,,0,30,,113692,6,,,0,70,,113674,6,,,0,30,,113679,6,,,0,70,,113694,6,,,0,30,,113680,6,,,0,70,,113681,6,,,0,30,,113698,6,,,0,70,,113682,6,,,0,30,,113684,6,,,0,70,,113690,6,,,0,30,,113683,6,,,0,70,,113685,6,,,0,30,,113697,6,,,0,70,,113687,6,,,0,30,,113686,6,,,0,70,,113695,6,,,0,30,,113688,6,,,0
9900,'Weekday',521,,113708,6,,,0,23,,113717,6,,,0,71,,113711,6,,,0,30,,113713,6,,,0,70,,113715,6,,,0,30,,113710,6,,,0,70,,113709,6,,,0,24,,113712,6,,,0,76,,113714,6,,,0,30,,113718,6,,,0,70,,113719,6,,,0,30,,113716,6,,,0,70,,113720,6,,,0,30,,113721,6,,,0,70,,113722,6,,,0,30,,113723,6,,,0,70,,113724,6,,,0,30,,113725,6,,,0,70,,113726,6,,,0,30,,113727,6,,,0,70,,113728,6,,,0,30,,113729,6,,,0,70,,113730,6,,,0,30,,113732,6,,,0,70,,113733,6,,,0,30,,113734,6,,,0,70,,113735,6,,,0,30,,113736,6,,,0,69,,113737,6,,,0,30,,113731,6,,,0,70,,113705,6,,,0,30,,113703,6,,,0,70,,113701,6,,,0,30,,113704,6,,,0,70,,113706,6,,,0,30,,113700,6,,,0,70,,113702,6,,,0,33,,113707,6,,,0
9900,'STMPSa-Saturday',605,,113763,6,,,0,30,,113738,6,,,0,70,,113739,6,,,0,30,,113772,6,,,0,70,,113743,6,,,0,30,,113746,6,,,0,70,,113768,6,,,0,30,,113742,6,,,0,70,,113747,6,,,0,30,,113769,6,,,0,70,,113745,6,,,0,30,,113744,6,,,0,70,,113770,6,,,0,30,,113748,6,,,0,70,,113750,6,,,0,30,,113762,6,,,0,70,,113751,6,,,0,30,,113752,6,,,0,70,,113766,6,,,0,30,,113749,6,,,0,70,,113753,6,,,0,30,,113764,6,,,0,70,,113755,6,,,0,30,,113756,6,,,0,70,,113765,6,,,0,30,,113757,6,,,0,70,,113754,6,,,0,30,,113767,6,,,0,70,,113758,6,,,0,30,,113759,6,,,0,70,,113771,6,,,0,30,,113760,6,,,0,70,,113740,6,,,0,30,,113761,6,,,0,70,,113741,6,,,0
9900,'STMPSnea-Weekday',521,,113781,6,,,0,23,,113790,6,,,0,71,,113784,6,,,0,30,,113786,6,,,0,70,,113788,6,,,0,30,,113783,6,,,0,70,,113782,6,,,0,24,,113785,6,,,0,76,,113787,6,,,0,30,,113791,6,,,0,70,,113792,6,,,0,30,,113789,6,,,0,70,,113793,6,,,0,30,,113794,6,,,0,70,,113795,6,,,0,30,,113796,6,,,0,70,,113797,6,,,0,30,,113798,6,,,0,70,,113799,6,,,0,30,,113800,6,,,0,70,,113801,6,,,0,30,,113802,6,,,0,70,,113803,6,,,0,30,,113805,6,,,0,70,,113806,6,,,0,30,,113807,6,,,0,70,,113808,6,,,0,30,,113809,6,,,0,69,,113810,6,,,0,30,,113804,6,,,0,70,,113778,6,,,0,30,,113776,6,,,0,70,,113774,6,,,0,30,,113777,6,,,0,70,,113779,6,,,0,30,,113773,6,,,0,70,,113775,6,,,0,33,,113780,6,,,0
9900,'STMPSu1-Sunday',605,,113832,6,,,0,30,,113811,6,,,0,70,,113812,6,,,0,30,,113842,6,,,0,70,,113813,6,,,0,30,,113815,6,,,0,70,,113834,6,,,0,30,,113821,6,,,0,70,,113818,6,,,0,30,,113836,6,,,0,70,,113819,6,,,0,30,,113816,6,,,0,70,,113839,6,,,0,30,,113814,6,,,0,70,,113820,6,,,0,30,,113835,6,,,0,70,,113817,6,,,0,30,,113822,6,,,0,70,,113837,6,,,0,30,,113823,6,,,0,70,,113824,6,,,0,30,,113841,6,,,0,70,,113825,6,,,0,30,,113827,6,,,0,70,,113833,6,,,0,30,,113826,6,,,0,70,,113828,6,,,0,30,,113840,6,,,0,70,,113830,6,,,0,30,,113829,6,,,0,70,,113838,6,,,0,30,,113831,6,,,0
9900,'STMPSu2-Sunday',605,,113864,6,,,0,30,,113843,6,,,0,70,,113844,6,,,0,30,,113874,6,,,0,70,,113845,6,,,0,30,,113847,6,,,0,70,,113866,6,,,0,30,,113852,6,,,0,70,,113853,6,,,0,30,,113868,6,,,0,70,,113850,6,,,0,30,,113848,6,,,0,70,,113871,6,,,0,30,,113846,6,,,0,70,,113851,6,,,0,30,,113867,6,,,0,70,,113849,6,,,0,30,,113854,6,,,0,70,,113869,6,,,0,30,,113855,6,,,0,70,,113856,6,,,0,30,,113873,6,,,0,70,,113857,6,,,0,30,,113859,6,,,0,70,,113865,6,,,0,30,,113858,6,,,0,70,,113860,6,,,0,30,,113872,6,,,0,70,,113862,6,,,0,30,,113861,6,,,0,70,,113870,6,,,0,30,,113863,6,,,0
9900,'STMPWeek-Weekday',521,,113883,6,,,0,23,,113892,6,,,0,71,,113886,6,,,0,30,,113888,6,,,0,70,,113890,6,,,0,30,,113885,6,,,0,70,,113884,6,,,0,24,,113887,6,,,0,76,,113889,6,,,0,30,,113893,6,,,0,70,,113894,6,,,0,30,,113891,6,,,0,70,,113895,6,,,0,30,,113896,6,,,0,70,,113897,6,,,0,30,,113898,6,,,0,70,,113899,6,,,0,30,,113900,6,,,0,70,,113901,6,,,0,30,,113902,6,,,0,70,,113903,6,,,0,30,,113904,6,,,0,70,,113905,6,,,0,30,,113907,6,,,0,70,,113908,6,,,0,30,,113909,6,,,0,70,,113910,6,,,0,30,,113911,6,,,0,69,,113912,6,,,0,30,,113906,6,,,0,70,,113880,6,,,0,30,,113878,6,,,0,70,,113876,6,,,0,30,,113879,6,,,0,70,,113881,6,,,0,30,,113875,6,,,0,70,,113877,6,,,0,33,,113882,6,,,0
9900,'STMPar-Weekday',521,,113921,6,,,0,23,,113930,6,,,0,71,,113924,6,,,0,30,,113926,6,,,0,70,,113928,6,,,0,30,,113923,6,,,0,70,,113922,6,,,0,24,,113925,6,,,0,76,,113927,6,,,0,30,,113931,6,,,0,70,,113932,6,,,0,30,,113929,6,,,0,70,,113933,6,,,0,30,,113934,6,,,0,70,,113935,6,,,0,30,,113936,6,,,0,70,,113937,6,,,0,30,,113938,6,,,0,70,,113939,6,,,0,30,,113940,6,,,0,70,,113941,6,,,0,30,,113942,6,,,0,70,,113943,6,,,0,30,,113945,6,,,0,70,,113946,6,,,0,30,,113947,6,,,0,70,,113948,6,,,0,30,,113949,6,,,0,69,,113950,6,,,0,30,,113944,6,,,0,70,,113918,6,,,0,30,,113916,6,,,0,70,,113915,6,,,0,30,,113917,6,,,0,70,,113919,6,,,0,30,,113914,6,,,0,70,,113913,6,,,0,33,,113920,6,,,0
