6101,'Saturday',503,,98457,13,,,0,32,,98456,13,,,0,72,,98422,13,,,0,32,,98424,13,,,0,73,,98425,13,,,0,34,,98426,13,,,0,74,,98423,13,,,0,34,,98428,13,,,0,74,,98430,13,,,0,75,,98427,13,,,0,36,,98431,13,,,0,76,,98429,13,,,0,36,,98433,13,,,0,76,,98434,13,,,0,76,,98435,13,,,0,36,,98432,13,,,0,76,,98436,13,,,0,36,,98438,13,,,0,76,,98440,13,,,0,76,,98441,13,,,0,36,,98437,13,,,0,76,,98439,13,,,0,36,,98443,13,,,0,76,,98446,13,,,0,76,,98447,13,,,0,36,,98449,13,,,0,76,,98445,13,,,0,36,,98442,13,,,0,76,,98450,13,,,0,73,,98444,13,,,0,33,,98448,13,,,0,73,,98452,13,,,0,33,,98451,13,,,0,73,,98453,13,,,0,33,,98454,13,,,0,73,,98455,13,,,0
6101,'Sunday',503,,98463,13,,,0,32,,98461,13,,,0,72,,98458,13,,,0,32,,98460,13,,,0,73,,98459,13,,,0,34,,98464,13,,,0,74,,98465,13,,,0,34,,98462,13,,,0,74,,98466,13,,,0,75,,98468,13,,,0,36,,98469,13,,,0,76,,98470,13,,,0,36,,98467,13,,,0,76,,98473,13,,,0,76,,98475,13,,,0,36,,98471,13,,,0,76,,98474,13,,,0,36,,98472,13,,,0,76,,98476,13,,,0,76,,98477,13,,,0,36,,98478,13,,,0,76,,98479,13,,,0,36,,98480,13,,,0,76,,98481,13,,,0,76,,98482,13,,,0,36,,98483,13,,,0,76,,98485,13,,,0,36,,98484,13,,,0,76,,98486,13,,,0,73,,98487,13,,,0,33,,98488,13,,,0,73,,98489,13,,,0,33,,98491,13,,,0,73,,98492,13,,,0,33,,98490,13,,,0,73,,98493,13,,,0
6101,'Weekday',443,,98494,13,,,0,72,,98515,13,,,0,32,,98504,13,,,0,72,,98500,13,,,0,35,,98506,13,,,0,77,,98498,13,,,0,77,,98499,13,,,0,37,,98507,13,,,0,77,,98495,13,,,0,37,,98519,13,,,0,77,,98521,13,,,0,77,,98522,13,,,0,37,,98523,13,,,0,77,,98520,13,,,0,77,,98524,13,,,0,37,,98525,13,,,0,77,,98526,13,,,0,37,,98527,13,,,0,79,,98528,13,,,0,78,,98518,13,,,0,36,,98505,13,,,0,76,,98509,13,,,0,76,,98513,13,,,0,36,,98501,13,,,0,76,,98497,13,,,0,36,,98496,13,,,0,76,,98502,13,,,0,76,,98503,13,,,0,32,,98510,13,,,0,72,,98508,13,,,0,32,,98512,13,,,0,70,,98529,13,,,0,30,,98517,13,,,0,70,,98514,13,,,0,30,,98511,13,,,0,70,,98516,13,,,0
6101,'STMPSa-Saturday',503,,98565,13,,,0,32,,98564,13,,,0,72,,98530,13,,,0,32,,98532,13,,,0,73,,98533,13,,,0,34,,98534,13,,,0,74,,98531,13,,,0,34,,98536,13,,,0,74,,98538,13,,,0,75,,98535,13,,,0,36,,98539,13,,,0,76,,98537,13,,,0,36,,98541,13,,,0,76,,98542,13,,,0,76,,98543,13,,,0,36,,98540,13,,,0,76,,98544,13,,,0,36,,98546,13,,,0,76,,98548,13,,,0,76,,98549,13,,,0,36,,98545,13,,,0,76,,98547,13,,,0,36,,98551,13,,,0,76,,98554,13,,,0,76,,98555,13,,,0,36,,98557,13,,,0,76,,98553,13,,,0,36,,98550,13,,,0,76,,98558,13,,,0,73,,98552,13,,,0,33,,98556,13,,,0,73,,98560,13,,,0,33,,98559,13,,,0,73,,98561,13,,,0,33,,98562,13,,,0,73,,98563,13,,,0
6101,'STMPSnea-Weekday',443,,98566,13,,,0,72,,98587,13,,,0,32,,98576,13,,,0,72,,98572,13,,,0,35,,98578,13,,,0,77,,98570,13,,,0,77,,98571,13,,,0,37,,98579,13,,,0,77,,98567,13,,,0,37,,98591,13,,,0,77,,98593,13,,,0,77,,98594,13,,,0,37,,98595,13,,,0,77,,98592,13,,,0,77,,98596,13,,,0,37,,98597,13,,,0,77,,98598,13,,,0,37,,98599,13,,,0,79,,98600,13,,,0,78,,98590,13,,,0,36,,98577,13,,,0,76,,98581,13,,,0,76,,98585,13,,,0,36,,98573,13,,,0,76,,98569,13,,,0,36,,98568,13,,,0,76,,98574,13,,,0,76,,98575,13,,,0,32,,98582,13,,,0,72,,98580,13,,,0,32,,98584,13,,,0,70,,98601,13,,,0,30,,98589,13,,,0,70,,98586,13,,,0,30,,98583,13,,,0,70,,98588,13,,,0
6101,'STMPSu1-Sunday',503,,98607,13,,,0,32,,98605,13,,,0,72,,98602,13,,,0,32,,98604,13,,,0,73,,98603,13,,,0,34,,98608,13,,,0,74,,98610,13,,,0,34,,98606,13,,,0,74,,98611,13,,,0,75,,98609,13,,,0,36,,98613,13,,,0,76,,98614,13,,,0,36,,98612,13,,,0,76,,98617,13,,,0,76,,98619,13,,,0,36,,98615,13,,,0,76,,98618,13,,,0,36,,98616,13,,,0,76,,98620,13,,,0,76,,98621,13,,,0,36,,98622,13,,,0,76,,98623,13,,,0,36,,98624,13,,,0,76,,98625,13,,,0,76,,98626,13,,,0,36,,98627,13,,,0,76,,98630,13,,,0,36,,98629,13,,,0,76,,98631,13,,,0,73,,98628,13,,,0,33,,98632,13,,,0,73,,98633,13,,,0,33,,98635,13,,,0,73,,98636,13,,,0,33,,98634,13,,,0,73,,98637,13,,,0
6101,'STMPSu2-Sunday',503,,98643,13,,,0,32,,98641,13,,,0,72,,98638,13,,,0,32,,98640,13,,,0,73,,98639,13,,,0,34,,98644,13,,,0,74,,98645,13,,,0,34,,98642,13,,,0,74,,98646,13,,,0,75,,98648,13,,,0,36,,98649,13,,,0,76,,98650,13,,,0,36,,98647,13,,,0,76,,98653,13,,,0,76,,98655,13,,,0,36,,98651,13,,,0,76,,98654,13,,,0,36,,98652,13,,,0,76,,98656,13,,,0,76,,98657,13,,,0,36,,98658,13,,,0,76,,98659,13,,,0,36,,98660,13,,,0,76,,98661,13,,,0,76,,98662,13,,,0,36,,98663,13,,,0,76,,98665,13,,,0,36,,98664,13,,,0,76,,98666,13,,,0,73,,98667,13,,,0,33,,98668,13,,,0,73,,98669,13,,,0,33,,98671,13,,,0,73,,98672,13,,,0,33,,98670,13,,,0,73,,98673,13,,,0
6101,'STMPWeek-Weekday',443,,98674,13,,,0,72,,98695,13,,,0,32,,98684,13,,,0,72,,98680,13,,,0,35,,98686,13,,,0,77,,98678,13,,,0,77,,98679,13,,,0,37,,98687,13,,,0,77,,98675,13,,,0,37,,98699,13,,,0,77,,98701,13,,,0,77,,98702,13,,,0,37,,98703,13,,,0,77,,98700,13,,,0,77,,98704,13,,,0,37,,98705,13,,,0,77,,98706,13,,,0,37,,98707,13,,,0,79,,98708,13,,,0,78,,98698,13,,,0,36,,98685,13,,,0,76,,98689,13,,,0,76,,98693,13,,,0,36,,98681,13,,,0,76,,98677,13,,,0,36,,98676,13,,,0,76,,98682,13,,,0,76,,98683,13,,,0,32,,98690,13,,,0,72,,98688,13,,,0,32,,98692,13,,,0,70,,98709,13,,,0,30,,98697,13,,,0,70,,98694,13,,,0,30,,98691,13,,,0,70,,98696,13,,,0
6101,'STMPar-Weekday',443,,98710,13,,,0,72,,98731,13,,,0,32,,98720,13,,,0,72,,98716,13,,,0,35,,98722,13,,,0,77,,98711,13,,,0,77,,98715,13,,,0,37,,98723,13,,,0,77,,98712,13,,,0,37,,98735,13,,,0,77,,98737,13,,,0,77,,98738,13,,,0,37,,98739,13,,,0,77,,98736,13,,,0,77,,98740,13,,,0,37,,98741,13,,,0,77,,98742,13,,,0,37,,98743,13,,,0,79,,98744,13,,,0,78,,98734,13,,,0,36,,98721,13,,,0,76,,98725,13,,,0,76,,98729,13,,,0,36,,98717,13,,,0,76,,98714,13,,,0,36,,98713,13,,,0,76,,98718,13,,,0,76,,98719,13,,,0,32,,98726,13,,,0,72,,98724,13,,,0,32,,98728,13,,,0,70,,98745,13,,,0,30,,98733,13,,,0,70,,98730,13,,,0,30,,98727,13,,,0,70,,98732,13,,,0
55500,'Sunday',758,,145258,54,,,0,100,,145259,54,,,0,100,,145260,54,,,0,100,,145261,54,,,0,100,,145262,54,,,0,100,,145263,54,,,0,101,,145264,54,,,0,100,,145265,54,,,0,100,,145266,54,,,0,100,,145267,54,,,0
55500,'STMPSu1-Sunday',758,,145269,54,,,0,100,,145270,54,,,0,100,,145271,54,,,0,100,,145272,54,,,0,100,,145273,54,,,0,100,,145274,54,,,0,101,,145275,54,,,0,100,,145276,54,,,0,100,,145277,54,,,0,100,,145278,54,,,0
55500,'STMPSu2-Sunday',758,,145280,54,,,0,100,,145281,54,,,0,100,,145282,54,,,0,100,,145283,54,,,0,100,,145284,54,,,0,100,,145285,54,,,0,101,,145286,54,,,0,100,,145287,54,,,0,100,,145288,54,,,0,100,,145289,54,,,0
