901,'Saturday',533,,48505,,,0,90,,48516,,,0,31,,48528,,,0,71,,48533,,,0,32,,48509,,,0,71,,48522,,,0,31,,48506,,,0,72,,48517,,,0,71,,48526,,,0,32,,48534,,,0,71,,48511,,,0,31,,48524,,,0,71,,48508,,,0,33,,48518,,,0,71,,48530,,,0,31,,48535,,,0,71,,48513,,,0,31,,48523,,,0,71,,48504,,,0,31,,48519,,,0,71,,48529,,,0,31,,48536,,,0,71,,48514,,,0,31,,48525,,,0,71,,48507,,,0,30,,48520,,,0,69,,48531,,,0,31,,48537,,,0,71,,48512,,,0,30,,48527,,,0,71,,48510,,,0,31,,48521,,,0,71,,48532,,,0,31,,48538,,,0,71,,48515,,,0
901,'Sunday',533,,48541,,,0,90,,48551,,,0,31,,48570,,,0,71,,48560,,,0,32,,48540,,,0,71,,48547,,,0,31,,48555,,,0,72,,48568,,,0,71,,48563,,,0,32,,48542,,,0,71,,48549,,,0,31,,48557,,,0,71,,48571,,,0,33,,48562,,,0,71,,48539,,,0,31,,48548,,,0,71,,48556,,,0,31,,48572,,,0,71,,48565,,,0,31,,48543,,,0,71,,48550,,,0,31,,48558,,,0,71,,48573,,,0,31,,48564,,,0,71,,48544,,,0,30,,48552,,,0,69,,48559,,,0,31,,48569,,,0,71,,48566,,,0,30,,48545,,,0,71,,48553,,,0,31,,48561,,,0,71,,48554,,,0,31,,48567,,,0,71,,48546,,,0
901,'Weekday',454,,48574,,,0,62,,48589,,,0,22,,48600,,,0,62,,48615,,,0,22,,48582,,,0,23,,48595,,,0,67,,48607,,,0,22,,48575,,,0,22,,48590,,,0,51,,48627,,,0,11,,48601,,,0,11,,48628,,,0,11,,48616,,,0,11,,48629,,,0,51,,48623,,,0,11,,48630,,,0,11,,48583,,,0,11,,48633,,,0,10,,48596,,,0,61,,48608,,,0,22,,48576,,,0,22,,48591,,,0,62,,48602,,,0,22,,48617,,,0,22,,48624,,,0,62,,48584,,,0,22,,48597,,,0,62,,48610,,,0,22,,48577,,,0,22,,48592,,,0,62,,48603,,,0,22,,48618,,,0,22,,48625,,,0,63,,48585,,,0,24,,48598,,,0,62,,48611,,,0,11,,48634,,,0,11,,48578,,,0,11,,48631,,,0,11,,48593,,,0,11,,48632,,,0,51,,48604,,,0,22,,48619,,,0,22,,48626,,,0,62,,48586,,,0,21,,48599,,,0,19,,48612,,,0,59,,48579,,,0,22,,48594,,,0,22,,48605,,,0,70,,48620,,,0,30,,48587,,,0,70,,48613,,,0,28,,48580,,,0,70,,48606,,,0,30,,48621,,,0,70,,48588,,,0,30,,48614,,,0,70,,48581,,,0,30,,48609,,,0,70,,48622,,,0
901,'1CCSDCUT-Weekday',454,,48635,,,0,62,,48650,,,0,22,,48661,,,0,62,,48676,,,0,22,,48643,,,0,23,,48656,,,0,67,,48668,,,0,22,,48636,,,0,22,,48651,,,0,51,,48688,,,0,11,,48662,,,0,11,,48689,,,0,11,,48677,,,0,11,,48690,,,0,51,,48684,,,0,11,,48691,,,0,11,,48644,,,0,11,,48694,,,0,10,,48657,,,0,61,,48669,,,0,22,,48637,,,0,22,,48652,,,0,62,,48663,,,0,22,,48678,,,0,22,,48685,,,0,62,,48645,,,0,22,,48658,,,0,62,,48671,,,0,22,,48638,,,0,22,,48653,,,0,62,,48664,,,0,22,,48679,,,0,22,,48686,,,0,63,,48646,,,0,24,,48659,,,0,62,,48672,,,0,11,,48695,,,0,11,,48639,,,0,11,,48692,,,0,11,,48654,,,0,11,,48693,,,0,51,,48665,,,0,22,,48680,,,0,22,,48687,,,0,62,,48647,,,0,21,,48660,,,0,19,,48673,,,0,59,,48640,,,0,22,,48655,,,0,22,,48666,,,0,70,,48681,,,0,30,,48648,,,0,70,,48674,,,0,28,,48641,,,0,70,,48667,,,0,30,,48682,,,0,70,,48649,,,0,30,,48675,,,0,70,,48642,,,0,30,,48670,,,0,70,,48683,,,0
901,'1PUBCUT-Weekday',454,,48696,,,0,62,,48711,,,0,22,,48722,,,0,62,,48737,,,0,22,,48704,,,0,23,,48717,,,0,67,,48729,,,0,22,,48697,,,0,22,,48712,,,0,51,,48749,,,0,11,,48723,,,0,11,,48750,,,0,11,,48738,,,0,11,,48751,,,0,51,,48745,,,0,11,,48752,,,0,11,,48705,,,0,11,,48755,,,0,10,,48718,,,0,61,,48730,,,0,22,,48698,,,0,22,,48713,,,0,62,,48724,,,0,22,,48739,,,0,22,,48746,,,0,62,,48706,,,0,22,,48719,,,0,62,,48732,,,0,22,,48699,,,0,22,,48714,,,0,62,,48725,,,0,22,,48740,,,0,22,,48747,,,0,63,,48707,,,0,24,,48720,,,0,62,,48733,,,0,11,,48756,,,0,11,,48700,,,0,11,,48753,,,0,11,,48715,,,0,11,,48754,,,0,51,,48726,,,0,22,,48741,,,0,22,,48748,,,0,62,,48708,,,0,21,,48721,,,0,19,,48734,,,0,59,,48701,,,0,22,,48716,,,0,22,,48727,,,0,70,,48742,,,0,30,,48709,,,0,70,,48735,,,0,28,,48702,,,0,70,,48728,,,0,30,,48743,,,0,70,,48710,,,0,30,,48736,,,0,70,,48703,,,0,30,,48731,,,0,70,,48744,,,0
11101,'Saturday',650,,73471,,,0,85,,73474,,,0,85,,73473,,,0,85,,73472,,,0,45,,73475,,,0,85,,73476,,,0,85,,73480,,,0,85,,73477,,,0,45,,73478,,,0,85,,73479,,,0,85,,73481,,,0,85,,73484,,,0,45,,73482,,,0,85,,73485,,,0,85,,73483,,,0,85,,73486,,,0,45,,73488,,,0,85,,73487,,,0,85,,73490,,,0,85,,73489,,,0
11101,'Sunday',650,,73491,,,0,85,,73496,,,0,85,,73498,,,0,85,,73499,,,0,45,,73501,,,0,85,,73497,,,0,85,,73495,,,0,85,,73502,,,0,45,,73500,,,0,85,,73503,,,0,85,,73505,,,0,85,,73506,,,0,45,,73507,,,0,85,,73504,,,0,85,,73508,,,0,85,,73509,,,0,45,,73510,,,0,85,,73493,,,0,85,,73494,,,0,85,,73492,,,0
11101,'Weekday',553,,73518,,,0,68,,73512,,,0,30,,73519,,,0,70,,73511,,,0,30,,73520,,,0,70,,73538,,,0,30,,73521,,,0,70,,73539,,,0,30,,73522,,,0,70,,73540,,,0,30,,73523,,,0,70,,73541,,,0,30,,73525,,,0,70,,73542,,,0,30,,73524,,,0,70,,73543,,,0,30,,73526,,,0,70,,73513,,,0,30,,73527,,,0,70,,73515,,,0,30,,73528,,,0,55,,73537,,,0,15,,73514,,,0,30,,73529,,,0,70,,73516,,,0,30,,73530,,,0,70,,73517,,,0,30,,73531,,,0,92,,73533,,,0,90,,73532,,,0,90,,73534,,,0,90,,73535,,,0,90,,73536,,,0
11101,'1CCSDCUT-Weekday',553,,73551,,,0,68,,73545,,,0,30,,73552,,,0,70,,73544,,,0,30,,73553,,,0,70,,73571,,,0,30,,73554,,,0,70,,73572,,,0,30,,73555,,,0,70,,73573,,,0,30,,73556,,,0,70,,73574,,,0,30,,73558,,,0,70,,73575,,,0,30,,73557,,,0,70,,73576,,,0,30,,73559,,,0,70,,73546,,,0,30,,73560,,,0,70,,73548,,,0,30,,73561,,,0,55,,73570,,,0,15,,73547,,,0,30,,73562,,,0,70,,73549,,,0,30,,73563,,,0,70,,73550,,,0,30,,73564,,,0,92,,73566,,,0,90,,73565,,,0,90,,73567,,,0,90,,73568,,,0,90,,73569,,,0
11101,'1PUBCUT-Weekday',553,,73584,,,0,68,,73578,,,0,30,,73585,,,0,70,,73577,,,0,30,,73586,,,0,70,,73604,,,0,30,,73587,,,0,70,,73605,,,0,30,,73588,,,0,70,,73606,,,0,30,,73589,,,0,70,,73607,,,0,30,,73591,,,0,70,,73608,,,0,30,,73590,,,0,70,,73609,,,0,30,,73592,,,0,70,,73579,,,0,30,,73593,,,0,70,,73581,,,0,30,,73594,,,0,55,,73603,,,0,15,,73580,,,0,30,,73595,,,0,70,,73582,,,0,30,,73596,,,0,70,,73583,,,0,30,,73597,,,0,92,,73599,,,0,90,,73598,,,0,90,,73600,,,0,90,,73601,,,0,90,,73602,,,0
