6400,'Weekday',1633,,98860,22,,,0,18,,98862,22,,,0,59,,98861,22,,,0,20,,98859,22,,,0,19,,98863,22,,,0,58,,98858,22,,,0
6400,'STMPSnea-Weekday',1633,,98866,22,,,0,18,,98868,22,,,0,59,,98867,22,,,0,20,,98865,22,,,0,19,,98869,22,,,0,58,,98864,22,,,0
6400,'STMPWeek-Weekday',1633,,98872,22,,,0,18,,98874,22,,,0,59,,98873,22,,,0,20,,98871,22,,,0,19,,98875,22,,,0,58,,98870,22,,,0
6400,'STMPar-Weekday',1633,,98878,22,,,0,18,,98880,22,,,0,59,,98879,22,,,0,20,,98877,22,,,0,19,,98881,22,,,0,58,,98876,22,,,0
6401,'Weekday',611,,98883,5,,,0,22,,98884,5,,,0,20,,98885,5,,,0,58,,98886,5,,,0,19,,98882,5,,,0
6401,'STMPSnea-Weekday',611,,98888,5,,,0,22,,98889,5,,,0,20,,98890,5,,,0,58,,98891,5,,,0,19,,98887,5,,,0
6401,'STMPWeek-Weekday',611,,98893,5,,,0,22,,98894,5,,,0,20,,98895,5,,,0,58,,98896,5,,,0,19,,98892,5,,,0
6401,'STMPar-Weekday',611,,98898,5,,,0,22,,98899,5,,,0,20,,98900,5,,,0,58,,98901,5,,,0,19,,98897,5,,,0
8901,'Weekday',613,,108858,12,,,0,40,,108861,12,,,0,84,,108859,12,,,0,85,,108865,12,,,0,79,,108860,12,,,0,736,,108862,12,,,0,78,,108864,12,,,0,42,,108863,12,,,0
8901,'STMPSnea-Weekday',613,,108866,12,,,0,40,,108869,12,,,0,84,,108867,12,,,0,85,,108873,12,,,0,79,,108868,12,,,0,736,,108870,12,,,0,78,,108872,12,,,0,42,,108871,12,,,0
8901,'STMPWeek-Weekday',613,,108874,12,,,0,40,,108877,12,,,0,84,,108875,12,,,0,85,,108881,12,,,0,79,,108876,12,,,0,736,,108878,12,,,0,78,,108880,12,,,0,42,,108879,12,,,0
8901,'STMPar-Weekday',613,,108882,12,,,0,40,,108885,12,,,0,84,,108883,12,,,0,85,,108889,12,,,0,79,,108884,12,,,0,736,,108886,12,,,0,78,,108888,12,,,0,42,,108887,12,,,0
