11900,'Saturday',1255,,119598,7,,,0,100,,119599,7,,,0,100,,119600,7,,,0,96,,119601,7,,,0,98,,119602,7,,,0,98,,119603,7,,,0,97,,119604,7,,,0,93,,119605,7,,,0,93,,119606,7,,,0,94,,119607,7,,,0,94,,119608,7,,,0,94,,119609,7,,,0,94,,119610,7,,,0
11900,'Sunday',1255,,119611,7,,,0,100,,119612,7,,,0,100,,119613,7,,,0,96,,119615,7,,,0,98,,119616,7,,,0,98,,119617,7,,,0,97,,119614,7,,,0,93,,119618,7,,,0,93,,119619,7,,,0,94,,119620,7,,,0,94,,119621,7,,,0,94,,119622,7,,,0,94,,119623,7,,,0
11900,'Weekday',1255,,119627,7,,,0,100,,119624,7,,,0,100,,119626,7,,,0,96,,119625,7,,,0,98,,119628,7,,,0,98,,119629,7,,,0,97,,119630,7,,,0,93,,119631,7,,,0,93,,119632,7,,,0,94,,119633,7,,,0,94,,119634,7,,,0,94,,119635,7,,,0,94,,119636,7,,,0
11900,'STMPSa-Saturday',1255,,119637,7,,,0,100,,119638,7,,,0,100,,119639,7,,,0,96,,119640,7,,,0,98,,119641,7,,,0,98,,119642,7,,,0,97,,119643,7,,,0,93,,119644,7,,,0,93,,119645,7,,,0,94,,119646,7,,,0,94,,119647,7,,,0,94,,119648,7,,,0,94,,119649,7,,,0
11900,'STMPSnea-Weekday',1255,,119653,7,,,0,100,,119650,7,,,0,100,,119652,7,,,0,96,,119651,7,,,0,98,,119654,7,,,0,98,,119655,7,,,0,97,,119656,7,,,0,93,,119657,7,,,0,93,,119658,7,,,0,94,,119659,7,,,0,94,,119660,7,,,0,94,,119661,7,,,0,94,,119662,7,,,0
11900,'STMPSu1-Sunday',1255,,119663,7,,,0,100,,119664,7,,,0,100,,119665,7,,,0,96,,119667,7,,,0,98,,119668,7,,,0,98,,119669,7,,,0,97,,119666,7,,,0,93,,119670,7,,,0,93,,119671,7,,,0,94,,119672,7,,,0,94,,119673,7,,,0,94,,119674,7,,,0,94,,119675,7,,,0
11900,'STMPSu2-Sunday',1255,,119676,7,,,0,100,,119677,7,,,0,100,,119678,7,,,0,96,,119680,7,,,0,98,,119681,7,,,0,98,,119682,7,,,0,97,,119679,7,,,0,93,,119683,7,,,0,93,,119684,7,,,0,94,,119685,7,,,0,94,,119686,7,,,0,94,,119687,7,,,0,94,,119688,7,,,0
11900,'STMPWeek-Weekday',1255,,119692,7,,,0,100,,119689,7,,,0,100,,119691,7,,,0,96,,119690,7,,,0,98,,119693,7,,,0,98,,119694,7,,,0,97,,119695,7,,,0,93,,119696,7,,,0,93,,119697,7,,,0,94,,119698,7,,,0,94,,119699,7,,,0,94,,119700,7,,,0,94,,119701,7,,,0
11900,'STMPar-Weekday',1255,,119705,7,,,0,100,,119702,7,,,0,100,,119704,7,,,0,96,,119703,7,,,0,98,,119706,7,,,0,98,,119707,7,,,0,97,,119708,7,,,0,93,,119709,7,,,0,93,,119710,7,,,0,94,,119711,7,,,0,94,,119712,7,,,0,94,,119713,7,,,0,94,,119714,7,,,0
11901,'Saturday',554,,119715,17,,,0,93,,119716,17,,,0,93,,119717,17,,,0,93,,119719,17,,,0,93,,119720,17,,,0,93,,119721,17,,,0,93,,119718,17,,,0,93,,119722,17,,,0
11901,'Sunday',554,,119724,17,,,0,93,,119725,17,,,0,93,,119726,17,,,0,93,,119723,17,,,0,93,,119728,17,,,0,93,,119729,17,,,0,93,,119730,17,,,0,93,,119727,17,,,0
11901,'Weekday',554,,119731,17,,,0,92,,119732,17,,,0,93,,119733,17,,,0,93,,119735,17,,,0,93,,119736,17,,,0,93,,119737,17,,,0,93,,119734,17,,,0,93,,119738,17,,,0
11901,'STMPSa-Saturday',554,,119739,17,,,0,93,,119740,17,,,0,93,,119741,17,,,0,93,,119743,17,,,0,93,,119744,17,,,0,93,,119745,17,,,0,93,,119742,17,,,0,93,,119746,17,,,0
11901,'STMPSnea-Weekday',554,,119747,17,,,0,92,,119748,17,,,0,93,,119749,17,,,0,93,,119751,17,,,0,93,,119752,17,,,0,93,,119753,17,,,0,93,,119750,17,,,0,93,,119754,17,,,0
11901,'STMPSu1-Sunday',554,,119756,17,,,0,93,,119757,17,,,0,93,,119758,17,,,0,93,,119755,17,,,0,93,,119760,17,,,0,93,,119761,17,,,0,93,,119762,17,,,0,93,,119759,17,,,0
11901,'STMPSu2-Sunday',554,,119764,17,,,0,93,,119765,17,,,0,93,,119766,17,,,0,93,,119763,17,,,0,93,,119768,17,,,0,93,,119769,17,,,0,93,,119770,17,,,0,93,,119767,17,,,0
11901,'STMPWeek-Weekday',554,,119771,17,,,0,92,,119772,17,,,0,93,,119773,17,,,0,93,,119775,17,,,0,93,,119776,17,,,0,93,,119777,17,,,0,93,,119774,17,,,0,93,,119778,17,,,0
11901,'STMPar-Weekday',554,,119780,17,,,0,92,,119779,17,,,0,93,,119781,17,,,0,93,,119783,17,,,0,93,,119784,17,,,0,93,,119785,17,,,0,93,,119782,17,,,0,93,,119786,17,,,0
