8601,'Saturday',608,,107536,6,,,0,40,,107518,6,,,0,80,,107537,6,,,0,80,,107526,6,,,0,40,,107534,6,,,0,80,,107527,6,,,0,76,,107538,6,,,0,44,,107530,6,,,0,80,,107519,6,,,0,80,,107529,6,,,0,40,,107520,6,,,0,80,,107540,6,,,0,80,,107522,6,,,0,40,,107541,6,,,0,80,,107521,6,,,0,80,,107539,6,,,0,40,,107531,6,,,0,80,,107523,6,,,0,80,,107532,6,,,0,40,,107524,6,,,0,80,,107542,6,,,0,80,,107525,6,,,0,40,,107543,6,,,0,80,,107533,6,,,0,80,,107544,6,,,0,40,,107535,6,,,0,80,,107528,6,,,0
8601,'Sunday',608,,107560,6,,,0,40,,107545,6,,,0,80,,107559,6,,,0,80,,107546,6,,,0,40,,107562,6,,,0,80,,107547,6,,,0,76,,107561,6,,,0,44,,107554,6,,,0,80,,107564,6,,,0,80,,107549,6,,,0,40,,107565,6,,,0,80,,107548,6,,,0,80,,107566,6,,,0,40,,107550,6,,,0,80,,107563,6,,,0,80,,107551,6,,,0,40,,107567,6,,,0,80,,107552,6,,,0,80,,107568,6,,,0,40,,107556,6,,,0,80,,107569,6,,,0,80,,107553,6,,,0,40,,107571,6,,,0,80,,107555,6,,,0,80,,107570,6,,,0,40,,107558,6,,,0,80,,107557,6,,,0
8601,'Weekday',504,,107591,6,,,0,30,,107581,6,,,0,70,,107572,6,,,0,30,,107590,6,,,0,70,,107582,6,,,0,15,,107610,6,,,0,15,,107573,6,,,0,15,,107611,6,,,0,55,,107592,6,,,0,25,,107612,6,,,0,5,,107583,6,,,0,70,,107575,6,,,0,30,,107593,6,,,0,70,,107584,6,,,0,30,,107576,6,,,0,70,,107594,6,,,0,30,,107585,6,,,0,70,,107574,6,,,0,30,,107595,6,,,0,70,,107586,6,,,0,30,,107577,6,,,0,70,,107596,6,,,0,30,,107587,6,,,0,70,,107578,6,,,0,30,,107597,6,,,0,70,,107588,6,,,0,30,,107579,6,,,0,70,,107599,6,,,0,30,,107589,6,,,0,70,,107580,6,,,0,38,,107598,6,,,0,78,,107600,6,,,0,38,,107601,6,,,0,78,,107602,6,,,0,78,,107603,6,,,0,38,,107604,6,,,0,78,,107605,6,,,0,78,,107606,6,,,0,38,,107607,6,,,0,78,,107608,6,,,0,84,,107609,6,,,0
8601,'STMPSa-Saturday',608,,107631,6,,,0,40,,107613,6,,,0,80,,107632,6,,,0,80,,107621,6,,,0,40,,107629,6,,,0,80,,107622,6,,,0,76,,107633,6,,,0,44,,107625,6,,,0,80,,107614,6,,,0,80,,107624,6,,,0,40,,107615,6,,,0,80,,107635,6,,,0,80,,107617,6,,,0,40,,107636,6,,,0,80,,107616,6,,,0,80,,107634,6,,,0,40,,107626,6,,,0,80,,107618,6,,,0,80,,107627,6,,,0,40,,107619,6,,,0,80,,107637,6,,,0,80,,107620,6,,,0,40,,107638,6,,,0,80,,107628,6,,,0,80,,107639,6,,,0,40,,107630,6,,,0,80,,107623,6,,,0
8601,'STMPSnea-Weekday',504,,107659,6,,,0,30,,107649,6,,,0,70,,107640,6,,,0,30,,107658,6,,,0,70,,107650,6,,,0,15,,107678,6,,,0,15,,107641,6,,,0,15,,107679,6,,,0,55,,107660,6,,,0,25,,107680,6,,,0,5,,107651,6,,,0,70,,107643,6,,,0,30,,107661,6,,,0,70,,107652,6,,,0,30,,107644,6,,,0,70,,107662,6,,,0,30,,107653,6,,,0,70,,107642,6,,,0,30,,107663,6,,,0,70,,107654,6,,,0,30,,107645,6,,,0,70,,107664,6,,,0,30,,107655,6,,,0,70,,107646,6,,,0,30,,107665,6,,,0,70,,107656,6,,,0,30,,107647,6,,,0,70,,107667,6,,,0,30,,107657,6,,,0,70,,107648,6,,,0,38,,107666,6,,,0,78,,107668,6,,,0,38,,107669,6,,,0,78,,107670,6,,,0,78,,107671,6,,,0,38,,107672,6,,,0,78,,107673,6,,,0,78,,107674,6,,,0,38,,107675,6,,,0,78,,107676,6,,,0,84,,107677,6,,,0
8601,'STMPSu1-Sunday',608,,107696,6,,,0,40,,107681,6,,,0,80,,107695,6,,,0,80,,107682,6,,,0,40,,107698,6,,,0,80,,107683,6,,,0,76,,107697,6,,,0,44,,107690,6,,,0,80,,107700,6,,,0,80,,107685,6,,,0,40,,107701,6,,,0,80,,107684,6,,,0,80,,107702,6,,,0,40,,107686,6,,,0,80,,107699,6,,,0,80,,107687,6,,,0,40,,107703,6,,,0,80,,107688,6,,,0,80,,107704,6,,,0,40,,107692,6,,,0,80,,107705,6,,,0,80,,107689,6,,,0,40,,107707,6,,,0,80,,107691,6,,,0,80,,107706,6,,,0,40,,107694,6,,,0,80,,107693,6,,,0
8601,'STMPSu2-Sunday',608,,107723,6,,,0,40,,107708,6,,,0,80,,107722,6,,,0,80,,107709,6,,,0,40,,107725,6,,,0,80,,107710,6,,,0,76,,107724,6,,,0,44,,107717,6,,,0,80,,107727,6,,,0,80,,107712,6,,,0,40,,107728,6,,,0,80,,107711,6,,,0,80,,107729,6,,,0,40,,107713,6,,,0,80,,107726,6,,,0,80,,107714,6,,,0,40,,107730,6,,,0,80,,107715,6,,,0,80,,107731,6,,,0,40,,107719,6,,,0,80,,107732,6,,,0,80,,107716,6,,,0,40,,107734,6,,,0,80,,107718,6,,,0,80,,107733,6,,,0,40,,107721,6,,,0,80,,107720,6,,,0
8601,'STMPWeek-Weekday',504,,107754,6,,,0,30,,107744,6,,,0,70,,107735,6,,,0,30,,107753,6,,,0,70,,107745,6,,,0,15,,107773,6,,,0,15,,107736,6,,,0,15,,107774,6,,,0,55,,107755,6,,,0,25,,107775,6,,,0,5,,107746,6,,,0,70,,107738,6,,,0,30,,107756,6,,,0,70,,107747,6,,,0,30,,107739,6,,,0,70,,107757,6,,,0,30,,107748,6,,,0,70,,107737,6,,,0,30,,107758,6,,,0,70,,107749,6,,,0,30,,107740,6,,,0,70,,107759,6,,,0,30,,107750,6,,,0,70,,107741,6,,,0,30,,107760,6,,,0,70,,107751,6,,,0,30,,107742,6,,,0,70,,107762,6,,,0,30,,107752,6,,,0,70,,107743,6,,,0,38,,107761,6,,,0,78,,107763,6,,,0,38,,107764,6,,,0,78,,107765,6,,,0,78,,107766,6,,,0,38,,107767,6,,,0,78,,107768,6,,,0,78,,107769,6,,,0,38,,107770,6,,,0,78,,107771,6,,,0,84,,107772,6,,,0
8601,'STMPar-Weekday',504,,107795,6,,,0,30,,107785,6,,,0,70,,107776,6,,,0,30,,107794,6,,,0,70,,107786,6,,,0,15,,107814,6,,,0,15,,107777,6,,,0,15,,107815,6,,,0,55,,107796,6,,,0,25,,107816,6,,,0,5,,107787,6,,,0,70,,107779,6,,,0,30,,107797,6,,,0,70,,107788,6,,,0,30,,107780,6,,,0,70,,107798,6,,,0,30,,107789,6,,,0,70,,107778,6,,,0,30,,107799,6,,,0,70,,107790,6,,,0,30,,107781,6,,,0,70,,107800,6,,,0,30,,107791,6,,,0,70,,107782,6,,,0,30,,107801,6,,,0,70,,107792,6,,,0,30,,107783,6,,,0,70,,107803,6,,,0,30,,107793,6,,,0,70,,107784,6,,,0,38,,107802,6,,,0,78,,107804,6,,,0,38,,107805,6,,,0,78,,107806,6,,,0,78,,107807,6,,,0,38,,107808,6,,,0,78,,107809,6,,,0,78,,107810,6,,,0,38,,107811,6,,,0,78,,107812,6,,,0,84,,107813,6,,,0
10000,'Saturday',518,,114309,5,,,0,30,,114290,5,,,0,70,,114288,5,,,0,30,,114284,5,,,0,70,,114303,5,,,0,30,,114291,5,,,0,70,,114283,5,,,0,30,,114304,5,,,0,70,,114292,5,,,0,30,,114282,5,,,0,70,,114306,5,,,0,30,,114294,5,,,0,70,,114281,5,,,0,30,,114302,5,,,0,70,,114295,5,,,0,30,,114280,5,,,0,70,,114305,5,,,0,30,,114293,5,,,0,70,,114279,5,,,0,30,,114307,5,,,0,70,,114296,5,,,0,30,,114278,5,,,0,70,,114308,5,,,0,30,,114297,5,,,0,70,,114277,5,,,0,30,,114289,5,,,0,70,,114298,5,,,0,30,,114275,5,,,0,70,,114287,5,,,0,30,,114299,5,,,0,70,,114276,5,,,0,30,,114286,5,,,0,70,,114300,5,,,0,30,,114273,5,,,0,70,,114285,5,,,0,30,,114301,5,,,0,70,,114274,5,,,0,30,,114311,5,,,0,70,,114310,5,,,0
10000,'Sunday',518,,114350,5,,,0,30,,114313,5,,,0,70,,114312,5,,,0,30,,114314,5,,,0,70,,114315,5,,,0,30,,114316,5,,,0,70,,114318,5,,,0,30,,114317,5,,,0,70,,114319,5,,,0,30,,114320,5,,,0,70,,114322,5,,,0,30,,114321,5,,,0,70,,114323,5,,,0,30,,114327,5,,,0,70,,114324,5,,,0,30,,114325,5,,,0,70,,114326,5,,,0,30,,114328,5,,,0,70,,114329,5,,,0,30,,114330,5,,,0,70,,114331,5,,,0,30,,114332,5,,,0,70,,114333,5,,,0,30,,114334,5,,,0,70,,114335,5,,,0,30,,114336,5,,,0,70,,114338,5,,,0,30,,114339,5,,,0,70,,114337,5,,,0,30,,114342,5,,,0,70,,114340,5,,,0,30,,114341,5,,,0,70,,114343,5,,,0,30,,114344,5,,,0,70,,114345,5,,,0,30,,114346,5,,,0,70,,114348,5,,,0,30,,114347,5,,,0,70,,114349,5,,,0
10000,'Weekday',519,,114352,5,,,0,30,,114351,5,,,0,70,,114353,5,,,0,30,,114354,5,,,0,70,,114356,5,,,0,30,,114355,5,,,0,70,,114357,5,,,0,30,,114358,5,,,0,70,,114359,5,,,0,30,,114360,5,,,0,70,,114361,5,,,0,30,,114362,5,,,0,70,,114363,5,,,0,30,,114364,5,,,0,70,,114365,5,,,0,31,,114366,5,,,0,70,,114368,5,,,0,30,,114367,5,,,0,70,,114371,5,,,0,30,,114370,5,,,0,71,,114372,5,,,0,31,,114369,5,,,0,71,,114373,5,,,0,33,,114375,5,,,0,71,,114376,5,,,0,29,,114374,5,,,0,69,,114377,5,,,0,30,,114379,5,,,0,70,,114380,5,,,0,30,,114378,5,,,0,70,,114381,5,,,0,30,,114383,5,,,0,70,,114384,5,,,0,30,,114382,5,,,0,70,,114386,5,,,0,30,,114385,5,,,0,70,,114387,5,,,0,30,,114388,5,,,0,70,,114389,5,,,0,30,,114390,5,,,0,70,,114391,5,,,0
10000,'STMPSa-Saturday',518,,114428,5,,,0,30,,114409,5,,,0,70,,114407,5,,,0,30,,114403,5,,,0,70,,114422,5,,,0,30,,114410,5,,,0,70,,114402,5,,,0,30,,114423,5,,,0,70,,114411,5,,,0,30,,114401,5,,,0,70,,114425,5,,,0,30,,114413,5,,,0,70,,114400,5,,,0,30,,114419,5,,,0,70,,114414,5,,,0,30,,114399,5,,,0,70,,114424,5,,,0,30,,114412,5,,,0,70,,114398,5,,,0,30,,114426,5,,,0,70,,114415,5,,,0,30,,114397,5,,,0,70,,114427,5,,,0,30,,114416,5,,,0,70,,114396,5,,,0,30,,114408,5,,,0,70,,114417,5,,,0,30,,114394,5,,,0,70,,114406,5,,,0,30,,114418,5,,,0,70,,114395,5,,,0,30,,114405,5,,,0,70,,114420,5,,,0,30,,114392,5,,,0,70,,114404,5,,,0,30,,114421,5,,,0,70,,114393,5,,,0,30,,114430,5,,,0,70,,114429,5,,,0
10000,'STMPSnea-Weekday',519,,114432,5,,,0,30,,114431,5,,,0,70,,114433,5,,,0,30,,114434,5,,,0,70,,114436,5,,,0,30,,114435,5,,,0,70,,114437,5,,,0,30,,114438,5,,,0,70,,114439,5,,,0,30,,114440,5,,,0,70,,114441,5,,,0,30,,114442,5,,,0,70,,114443,5,,,0,30,,114444,5,,,0,70,,114445,5,,,0,31,,114446,5,,,0,70,,114448,5,,,0,30,,114447,5,,,0,70,,114451,5,,,0,30,,114450,5,,,0,71,,114452,5,,,0,31,,114449,5,,,0,71,,114453,5,,,0,33,,114455,5,,,0,71,,114456,5,,,0,29,,114454,5,,,0,69,,114457,5,,,0,30,,114459,5,,,0,70,,114460,5,,,0,30,,114458,5,,,0,70,,114461,5,,,0,30,,114463,5,,,0,70,,114464,5,,,0,30,,114462,5,,,0,70,,114466,5,,,0,30,,114465,5,,,0,70,,114467,5,,,0,30,,114468,5,,,0,70,,114469,5,,,0,30,,114470,5,,,0,70,,114471,5,,,0
10000,'STMPSu1-Sunday',518,,114510,5,,,0,30,,114473,5,,,0,70,,114472,5,,,0,30,,114474,5,,,0,70,,114476,5,,,0,30,,114475,5,,,0,70,,114478,5,,,0,30,,114477,5,,,0,70,,114479,5,,,0,30,,114480,5,,,0,70,,114482,5,,,0,30,,114481,5,,,0,70,,114483,5,,,0,30,,114487,5,,,0,70,,114484,5,,,0,30,,114485,5,,,0,70,,114486,5,,,0,30,,114488,5,,,0,70,,114489,5,,,0,30,,114490,5,,,0,70,,114491,5,,,0,30,,114492,5,,,0,70,,114493,5,,,0,30,,114494,5,,,0,70,,114495,5,,,0,30,,114496,5,,,0,70,,114498,5,,,0,30,,114499,5,,,0,70,,114497,5,,,0,30,,114502,5,,,0,70,,114500,5,,,0,30,,114501,5,,,0,70,,114503,5,,,0,30,,114504,5,,,0,70,,114505,5,,,0,30,,114506,5,,,0,70,,114508,5,,,0,30,,114507,5,,,0,70,,114509,5,,,0
10000,'STMPSu2-Sunday',518,,114549,5,,,0,30,,114512,5,,,0,70,,114511,5,,,0,30,,114513,5,,,0,70,,114514,5,,,0,30,,114515,5,,,0,70,,114517,5,,,0,30,,114516,5,,,0,70,,114518,5,,,0,30,,114519,5,,,0,70,,114521,5,,,0,30,,114520,5,,,0,70,,114522,5,,,0,30,,114526,5,,,0,70,,114523,5,,,0,30,,114524,5,,,0,70,,114525,5,,,0,30,,114527,5,,,0,70,,114528,5,,,0,30,,114529,5,,,0,70,,114530,5,,,0,30,,114531,5,,,0,70,,114532,5,,,0,30,,114533,5,,,0,70,,114534,5,,,0,30,,114535,5,,,0,70,,114537,5,,,0,30,,114538,5,,,0,70,,114536,5,,,0,30,,114541,5,,,0,70,,114539,5,,,0,30,,114540,5,,,0,70,,114542,5,,,0,30,,114543,5,,,0,70,,114544,5,,,0,30,,114545,5,,,0,70,,114547,5,,,0,30,,114546,5,,,0,70,,114548,5,,,0
10000,'STMPWeek-Weekday',519,,114551,5,,,0,30,,114550,5,,,0,70,,114552,5,,,0,30,,114553,5,,,0,70,,114555,5,,,0,30,,114554,5,,,0,70,,114556,5,,,0,30,,114557,5,,,0,70,,114558,5,,,0,30,,114559,5,,,0,70,,114560,5,,,0,30,,114561,5,,,0,70,,114562,5,,,0,30,,114563,5,,,0,70,,114564,5,,,0,31,,114565,5,,,0,70,,114567,5,,,0,30,,114566,5,,,0,70,,114570,5,,,0,30,,114569,5,,,0,71,,114571,5,,,0,31,,114568,5,,,0,71,,114572,5,,,0,33,,114574,5,,,0,71,,114575,5,,,0,29,,114573,5,,,0,69,,114576,5,,,0,30,,114578,5,,,0,70,,114579,5,,,0,30,,114577,5,,,0,70,,114580,5,,,0,30,,114582,5,,,0,70,,114583,5,,,0,30,,114581,5,,,0,70,,114585,5,,,0,30,,114584,5,,,0,70,,114586,5,,,0,30,,114587,5,,,0,70,,114588,5,,,0,30,,114589,5,,,0,70,,114590,5,,,0
10000,'STMPar-Weekday',519,,114592,5,,,0,30,,114591,5,,,0,70,,114593,5,,,0,30,,114594,5,,,0,70,,114596,5,,,0,30,,114595,5,,,0,70,,114597,5,,,0,30,,114598,5,,,0,70,,114599,5,,,0,30,,114600,5,,,0,70,,114601,5,,,0,30,,114602,5,,,0,70,,114603,5,,,0,30,,114604,5,,,0,70,,114605,5,,,0,31,,114606,5,,,0,70,,114608,5,,,0,30,,114607,5,,,0,70,,114611,5,,,0,30,,114610,5,,,0,71,,114612,5,,,0,31,,114609,5,,,0,71,,114613,5,,,0,33,,114615,5,,,0,71,,114616,5,,,0,29,,114614,5,,,0,69,,114617,5,,,0,30,,114619,5,,,0,70,,114620,5,,,0,30,,114618,5,,,0,70,,114621,5,,,0,30,,114623,5,,,0,70,,114624,5,,,0,30,,114622,5,,,0,70,,114626,5,,,0,30,,114625,5,,,0,70,,114627,5,,,0,30,,114628,5,,,0,70,,114629,5,,,0,30,,114630,5,,,0,70,,114631,5,,,0
11600,'Weekday',1643,,119242,17,,,0,60,,119243,17,,,0,20,,119244,17,,,0,30,,119245,17,,,0
11600,'STMPSnea-Weekday',1643,,119246,17,,,0,60,,119247,17,,,0,20,,119248,17,,,0,30,,119249,17,,,0
11600,'STMPWeek-Weekday',1643,,119250,17,,,0,60,,119251,17,,,0,20,,119252,17,,,0,30,,119253,17,,,0
11600,'STMPar-Weekday',1643,,119254,17,,,0,60,,119255,17,,,0,20,,119256,17,,,0,30,,119257,17,,,0
15700,'Saturday',446,,130591,5,,,0,68,,130596,5,,,0,28,,130597,5,,,0,68,,130598,5,,,0,28,,130599,5,,,0,68,,130600,5,,,0,28,,130601,5,,,0,68,,130602,5,,,0,28,,130603,5,,,0,28,,130604,5,,,0,68,,130605,5,,,0,28,,130606,5,,,0,68,,130607,5,,,0,28,,130608,5,,,0,68,,130609,5,,,0,28,,130610,5,,,0,68,,130612,5,,,0,28,,130613,5,,,0,68,,130614,5,,,0,28,,130611,5,,,0,68,,130615,5,,,0,28,,130616,5,,,0,68,,130618,5,,,0,28,,130619,5,,,0,28,,130620,5,,,0,68,,130617,5,,,0,28,,130622,5,,,0,68,,130623,5,,,0,28,,130624,5,,,0,68,,130621,5,,,0,28,,130625,5,,,0,68,,130626,5,,,0,28,,130627,5,,,0,68,,130628,5,,,0,28,,130630,5,,,0,68,,130631,5,,,0,28,,130632,5,,,0,68,,130629,5,,,0,28,,130593,5,,,0,28,,130592,5,,,0,68,,130594,5,,,0,27,,130595,5,,,0,68,,130590,5,,,0
15700,'Sunday',446,,130647,5,,,0,68,,130633,5,,,0,28,,130659,5,,,0,68,,130648,5,,,0,28,,130634,5,,,0,68,,130663,5,,,0,28,,130649,5,,,0,68,,130635,5,,,0,28,,130664,5,,,0,28,,130650,5,,,0,68,,130636,5,,,0,28,,130665,5,,,0,68,,130651,5,,,0,28,,130637,5,,,0,68,,130666,5,,,0,28,,130652,5,,,0,68,,130638,5,,,0,28,,130667,5,,,0,68,,130653,5,,,0,28,,130639,5,,,0,68,,130668,5,,,0,28,,130654,5,,,0,68,,130641,5,,,0,28,,130669,5,,,0,28,,130655,5,,,0,68,,130640,5,,,0,28,,130671,5,,,0,68,,130656,5,,,0,28,,130642,5,,,0,68,,130670,5,,,0,28,,130658,5,,,0,68,,130643,5,,,0,28,,130672,5,,,0,68,,130657,5,,,0,28,,130644,5,,,0,68,,130673,5,,,0,28,,130660,5,,,0,68,,130645,5,,,0,28,,130674,5,,,0,28,,130661,5,,,0,68,,130646,5,,,0,27,,130675,5,,,0,68,,130662,5,,,0
15700,'Weekday',413,,130726,5,,,0,30,,130719,5,,,0,67,,130676,5,,,0,26,,130686,5,,,0,65,,130687,5,,,0,23,,130688,5,,,0,22,,130722,5,,,0,62,,130685,5,,,0,22,,130689,5,,,0,22,,130690,5,,,0,62,,130691,5,,,0,22,,130723,5,,,0,22,,130692,5,,,0,62,,130693,5,,,0,25,,130694,5,,,0,67,,130696,5,,,0,27,,130698,5,,,0,67,,130699,5,,,0,27,,130695,5,,,0,67,,130697,5,,,0,27,,130701,5,,,0,27,,130702,5,,,0,68,,130700,5,,,0,27,,130703,5,,,0,64,,130704,5,,,0,21,,130705,5,,,0,21,,130706,5,,,0,62,,130724,5,,,0,22,,130707,5,,,0,62,,130708,5,,,0,22,,130709,5,,,0,22,,130725,5,,,0,62,,130710,5,,,0,22,,130711,5,,,0,22,,130712,5,,,0,68,,130713,5,,,0,27,,130715,5,,,0,67,,130716,5,,,0,27,,130717,5,,,0,67,,130714,5,,,0,27,,130718,5,,,0,67,,130679,5,,,0,27,,130684,5,,,0,27,,130683,5,,,0,67,,130681,5,,,0,27,,130678,5,,,0,67,,130682,5,,,0,27,,130677,5,,,0,67,,130680,5,,,0,26,,130721,5,,,0,66,,130720,5,,,0
15700,'STMPSa-Saturday',446,,130728,5,,,0,68,,130733,5,,,0,28,,130734,5,,,0,68,,130735,5,,,0,28,,130736,5,,,0,68,,130737,5,,,0,28,,130738,5,,,0,68,,130739,5,,,0,28,,130740,5,,,0,28,,130741,5,,,0,68,,130742,5,,,0,28,,130743,5,,,0,68,,130744,5,,,0,28,,130745,5,,,0,68,,130746,5,,,0,28,,130747,5,,,0,68,,130749,5,,,0,28,,130750,5,,,0,68,,130751,5,,,0,28,,130748,5,,,0,68,,130752,5,,,0,28,,130753,5,,,0,68,,130755,5,,,0,28,,130756,5,,,0,28,,130757,5,,,0,68,,130754,5,,,0,28,,130759,5,,,0,68,,130760,5,,,0,28,,130761,5,,,0,68,,130758,5,,,0,28,,130762,5,,,0,68,,130763,5,,,0,28,,130764,5,,,0,68,,130765,5,,,0,28,,130768,5,,,0,68,,130769,5,,,0,28,,130766,5,,,0,68,,130767,5,,,0,28,,130730,5,,,0,28,,130729,5,,,0,68,,130731,5,,,0,27,,130732,5,,,0,68,,130727,5,,,0
15700,'STMPSnea-Weekday',413,,130820,5,,,0,30,,130813,5,,,0,67,,130770,5,,,0,26,,130780,5,,,0,65,,130781,5,,,0,23,,130782,5,,,0,22,,130816,5,,,0,62,,130779,5,,,0,22,,130783,5,,,0,22,,130784,5,,,0,62,,130785,5,,,0,22,,130817,5,,,0,22,,130786,5,,,0,62,,130787,5,,,0,25,,130788,5,,,0,67,,130790,5,,,0,27,,130792,5,,,0,67,,130793,5,,,0,27,,130789,5,,,0,67,,130791,5,,,0,27,,130795,5,,,0,27,,130796,5,,,0,68,,130794,5,,,0,27,,130797,5,,,0,64,,130798,5,,,0,21,,130799,5,,,0,21,,130800,5,,,0,62,,130818,5,,,0,22,,130801,5,,,0,62,,130802,5,,,0,22,,130803,5,,,0,22,,130819,5,,,0,62,,130804,5,,,0,22,,130805,5,,,0,22,,130806,5,,,0,68,,130807,5,,,0,27,,130809,5,,,0,67,,130810,5,,,0,27,,130811,5,,,0,67,,130808,5,,,0,27,,130812,5,,,0,67,,130773,5,,,0,27,,130778,5,,,0,27,,130777,5,,,0,67,,130775,5,,,0,27,,130772,5,,,0,67,,130776,5,,,0,27,,130771,5,,,0,67,,130774,5,,,0,26,,130815,5,,,0,66,,130814,5,,,0
15700,'STMPSu1-Sunday',446,,130835,5,,,0,68,,130821,5,,,0,28,,130847,5,,,0,68,,130836,5,,,0,28,,130822,5,,,0,68,,130851,5,,,0,28,,130837,5,,,0,68,,130823,5,,,0,28,,130852,5,,,0,28,,130838,5,,,0,68,,130824,5,,,0,28,,130853,5,,,0,68,,130839,5,,,0,28,,130825,5,,,0,68,,130854,5,,,0,28,,130840,5,,,0,68,,130826,5,,,0,28,,130855,5,,,0,68,,130841,5,,,0,28,,130827,5,,,0,68,,130856,5,,,0,28,,130842,5,,,0,68,,130829,5,,,0,28,,130857,5,,,0,28,,130843,5,,,0,68,,130828,5,,,0,28,,130859,5,,,0,68,,130844,5,,,0,28,,130830,5,,,0,68,,130858,5,,,0,28,,130846,5,,,0,68,,130831,5,,,0,28,,130860,5,,,0,68,,130845,5,,,0,28,,130832,5,,,0,68,,130861,5,,,0,28,,130848,5,,,0,68,,130833,5,,,0,28,,130862,5,,,0,28,,130849,5,,,0,68,,130834,5,,,0,27,,130863,5,,,0,68,,130850,5,,,0
15700,'STMPSu2-Sunday',446,,130878,5,,,0,68,,130864,5,,,0,28,,130890,5,,,0,68,,130879,5,,,0,28,,130865,5,,,0,68,,130894,5,,,0,28,,130880,5,,,0,68,,130866,5,,,0,28,,130895,5,,,0,28,,130881,5,,,0,68,,130867,5,,,0,28,,130896,5,,,0,68,,130882,5,,,0,28,,130868,5,,,0,68,,130897,5,,,0,28,,130883,5,,,0,68,,130869,5,,,0,28,,130898,5,,,0,68,,130884,5,,,0,28,,130870,5,,,0,68,,130899,5,,,0,28,,130885,5,,,0,68,,130872,5,,,0,28,,130900,5,,,0,28,,130886,5,,,0,68,,130871,5,,,0,28,,130902,5,,,0,68,,130887,5,,,0,28,,130873,5,,,0,68,,130901,5,,,0,28,,130889,5,,,0,68,,130874,5,,,0,28,,130903,5,,,0,68,,130888,5,,,0,28,,130875,5,,,0,68,,130904,5,,,0,28,,130891,5,,,0,68,,130876,5,,,0,28,,130905,5,,,0,28,,130892,5,,,0,68,,130877,5,,,0,27,,130906,5,,,0,68,,130893,5,,,0
15700,'STMPWeek-Weekday',413,,130957,5,,,0,30,,130950,5,,,0,67,,130907,5,,,0,26,,130917,5,,,0,65,,130918,5,,,0,23,,130919,5,,,0,22,,130953,5,,,0,62,,130916,5,,,0,22,,130920,5,,,0,22,,130921,5,,,0,62,,130922,5,,,0,22,,130954,5,,,0,22,,130923,5,,,0,62,,130924,5,,,0,25,,130925,5,,,0,67,,130927,5,,,0,27,,130929,5,,,0,67,,130930,5,,,0,27,,130926,5,,,0,67,,130928,5,,,0,27,,130932,5,,,0,27,,130933,5,,,0,68,,130931,5,,,0,27,,130934,5,,,0,64,,130935,5,,,0,21,,130936,5,,,0,21,,130937,5,,,0,62,,130955,5,,,0,22,,130938,5,,,0,62,,130939,5,,,0,22,,130940,5,,,0,22,,130956,5,,,0,62,,130941,5,,,0,22,,130942,5,,,0,22,,130943,5,,,0,68,,130944,5,,,0,27,,130946,5,,,0,67,,130947,5,,,0,27,,130948,5,,,0,67,,130945,5,,,0,27,,130949,5,,,0,67,,130910,5,,,0,27,,130915,5,,,0,27,,130914,5,,,0,67,,130912,5,,,0,27,,130909,5,,,0,67,,130913,5,,,0,27,,130908,5,,,0,67,,130911,5,,,0,26,,130952,5,,,0,66,,130951,5,,,0
15700,'STMPar-Weekday',413,,131008,5,,,0,30,,131001,5,,,0,67,,130958,5,,,0,26,,130969,5,,,0,65,,130970,5,,,0,23,,130967,5,,,0,22,,131004,5,,,0,62,,130968,5,,,0,22,,130971,5,,,0,22,,130972,5,,,0,62,,130973,5,,,0,22,,131005,5,,,0,22,,130974,5,,,0,62,,130975,5,,,0,25,,130976,5,,,0,67,,130978,5,,,0,27,,130980,5,,,0,67,,130981,5,,,0,27,,130977,5,,,0,67,,130979,5,,,0,27,,130983,5,,,0,27,,130984,5,,,0,68,,130982,5,,,0,27,,130985,5,,,0,64,,130986,5,,,0,21,,130987,5,,,0,21,,130988,5,,,0,62,,131006,5,,,0,22,,130989,5,,,0,62,,130990,5,,,0,22,,130991,5,,,0,22,,131007,5,,,0,62,,130992,5,,,0,22,,130993,5,,,0,22,,130994,5,,,0,68,,130995,5,,,0,27,,130997,5,,,0,67,,130998,5,,,0,27,,130999,5,,,0,67,,130996,5,,,0,27,,131000,5,,,0,67,,130961,5,,,0,27,,130966,5,,,0,27,,130965,5,,,0,67,,130963,5,,,0,27,,130960,5,,,0,67,,130964,5,,,0,27,,130959,5,,,0,67,,130962,5,,,0,26,,131003,5,,,0,66,,131002,5,,,0
