9200,'Saturday',746,,110416,30,,,0,85,,110400,30,,,0,85,,110405,30,,,0,85,,110410,30,,,0,45,,110415,30,,,0,85,,110401,30,,,0,85,,110406,30,,,0,85,,110411,30,,,0,45,,110417,30,,,0,85,,110403,30,,,0,85,,110407,30,,,0,85,,110412,30,,,0,45,,110418,30,,,0,85,,110402,30,,,0,85,,110408,30,,,0,85,,110413,30,,,0,43,,110419,30,,,0,85,,110404,30,,,0,85,,110409,30,,,0,38,,110414,30,,,0
9200,'Sunday',745,,110435,30,,,0,85,,110420,30,,,0,85,,110425,30,,,0,85,,110430,30,,,0,45,,110436,30,,,0,85,,110421,30,,,0,85,,110426,30,,,0,85,,110431,30,,,0,45,,110438,30,,,0,85,,110422,30,,,0,85,,110427,30,,,0,85,,110432,30,,,0,45,,110437,30,,,0,85,,110423,30,,,0,85,,110428,30,,,0,85,,110433,30,,,0,45,,110439,30,,,0,85,,110424,30,,,0,85,,110429,30,,,0,38,,110434,30,,,0
9200,'Weekday',446,,110448,30,,,0,69,,110453,30,,,0,31,,110462,30,,,0,71,,110449,30,,,0,32,,110454,30,,,0,73,,110471,30,,,0,31,,110458,30,,,0,71,,110440,30,,,0,31,,110463,30,,,0,68,,110450,30,,,0,31,,110455,30,,,0,71,,110472,30,,,0,31,,110459,30,,,0,71,,110468,30,,,0,31,,110464,30,,,0,71,,110451,30,,,0,71,,110456,30,,,0,31,,110473,30,,,0,71,,110460,30,,,0,31,,110446,30,,,0,71,,110465,30,,,0,33,,110452,30,,,0,71,,110457,30,,,0,31,,110474,30,,,0,71,,110461,30,,,0,31,,110444,30,,,0,67,,110441,30,,,0,43,,110466,30,,,0,85,,110442,30,,,0,85,,110445,30,,,0,85,,110469,30,,,0,45,,110467,30,,,0,85,,110443,30,,,0,85,,110447,30,,,0,83,,110470,30,,,0
9200,'STMPSa-Saturday',746,,110491,30,,,0,85,,110475,30,,,0,85,,110480,30,,,0,85,,110485,30,,,0,45,,110490,30,,,0,85,,110476,30,,,0,85,,110481,30,,,0,85,,110486,30,,,0,45,,110492,30,,,0,85,,110478,30,,,0,85,,110482,30,,,0,85,,110487,30,,,0,45,,110493,30,,,0,85,,110477,30,,,0,85,,110483,30,,,0,85,,110488,30,,,0,43,,110494,30,,,0,85,,110479,30,,,0,85,,110484,30,,,0,38,,110489,30,,,0
9200,'STMPSnea-Weekday',446,,110503,30,,,0,69,,110508,30,,,0,31,,110517,30,,,0,71,,110504,30,,,0,32,,110509,30,,,0,73,,110526,30,,,0,31,,110513,30,,,0,71,,110495,30,,,0,31,,110518,30,,,0,68,,110505,30,,,0,31,,110510,30,,,0,71,,110527,30,,,0,31,,110514,30,,,0,71,,110523,30,,,0,31,,110519,30,,,0,71,,110506,30,,,0,71,,110511,30,,,0,31,,110528,30,,,0,71,,110515,30,,,0,31,,110501,30,,,0,71,,110520,30,,,0,33,,110507,30,,,0,71,,110512,30,,,0,31,,110529,30,,,0,71,,110516,30,,,0,31,,110499,30,,,0,67,,110496,30,,,0,43,,110521,30,,,0,85,,110497,30,,,0,85,,110500,30,,,0,85,,110524,30,,,0,45,,110522,30,,,0,85,,110498,30,,,0,85,,110502,30,,,0,83,,110525,30,,,0
9200,'STMPSu1-Sunday',745,,110545,30,,,0,85,,110530,30,,,0,85,,110535,30,,,0,85,,110540,30,,,0,45,,110546,30,,,0,85,,110531,30,,,0,85,,110536,30,,,0,85,,110541,30,,,0,45,,110548,30,,,0,85,,110532,30,,,0,85,,110537,30,,,0,85,,110542,30,,,0,45,,110547,30,,,0,85,,110533,30,,,0,85,,110538,30,,,0,85,,110543,30,,,0,45,,110549,30,,,0,85,,110534,30,,,0,85,,110539,30,,,0,38,,110544,30,,,0
9200,'STMPSu2-Sunday',745,,110565,30,,,0,85,,110550,30,,,0,85,,110555,30,,,0,85,,110560,30,,,0,45,,110566,30,,,0,85,,110551,30,,,0,85,,110556,30,,,0,85,,110561,30,,,0,45,,110568,30,,,0,85,,110552,30,,,0,85,,110557,30,,,0,85,,110562,30,,,0,45,,110567,30,,,0,85,,110553,30,,,0,85,,110558,30,,,0,85,,110563,30,,,0,45,,110569,30,,,0,85,,110554,30,,,0,85,,110559,30,,,0,38,,110564,30,,,0
9200,'STMPWeek-Weekday',446,,110578,30,,,0,69,,110583,30,,,0,31,,110592,30,,,0,71,,110579,30,,,0,32,,110584,30,,,0,73,,110601,30,,,0,31,,110588,30,,,0,71,,110570,30,,,0,31,,110593,30,,,0,68,,110580,30,,,0,31,,110585,30,,,0,71,,110602,30,,,0,31,,110589,30,,,0,71,,110598,30,,,0,31,,110594,30,,,0,71,,110581,30,,,0,71,,110586,30,,,0,31,,110603,30,,,0,71,,110590,30,,,0,31,,110576,30,,,0,71,,110595,30,,,0,33,,110582,30,,,0,71,,110587,30,,,0,31,,110604,30,,,0,71,,110591,30,,,0,31,,110574,30,,,0,67,,110571,30,,,0,43,,110596,30,,,0,85,,110572,30,,,0,85,,110575,30,,,0,85,,110599,30,,,0,45,,110597,30,,,0,85,,110573,30,,,0,85,,110577,30,,,0,83,,110600,30,,,0
9200,'STMPar-Weekday',446,,110613,30,,,0,69,,110618,30,,,0,31,,110627,30,,,0,71,,110614,30,,,0,32,,110619,30,,,0,73,,110636,30,,,0,31,,110623,30,,,0,71,,110605,30,,,0,31,,110628,30,,,0,68,,110615,30,,,0,31,,110620,30,,,0,71,,110637,30,,,0,31,,110624,30,,,0,71,,110633,30,,,0,31,,110629,30,,,0,71,,110616,30,,,0,71,,110621,30,,,0,31,,110638,30,,,0,71,,110625,30,,,0,31,,110611,30,,,0,71,,110630,30,,,0,33,,110617,30,,,0,71,,110622,30,,,0,31,,110639,30,,,0,71,,110626,30,,,0,31,,110609,30,,,0,67,,110606,30,,,0,43,,110631,30,,,0,85,,110607,30,,,0,85,,110610,30,,,0,85,,110634,30,,,0,45,,110632,30,,,0,85,,110608,30,,,0,85,,110612,30,,,0,83,,110635,30,,,0
13100,'Weekday',610,,124056,32,,,0,20,,124055,32,,,0,20,,124054,32,,,0,60,,124057,32,,,0
13100,'STMPSnea-Weekday',610,,124060,32,,,0,20,,124059,32,,,0,20,,124058,32,,,0,60,,124061,32,,,0
13100,'STMPWeek-Weekday',610,,124064,32,,,0,20,,124063,32,,,0,20,,124062,32,,,0,60,,124065,32,,,0
13100,'STMPar-Weekday',610,,124068,32,,,0,20,,124067,32,,,0,20,,124066,32,,,0,60,,124069,32,,,0
