6400,'Weekday',1635,,98860,26,,,0,18,,98862,26,,,0,59,,98861,26,,,0,20,,98859,26,,,0,19,,98863,26,,,0,58,,98858,26,,,0
6400,'STMPSnea-Weekday',1635,,98866,26,,,0,18,,98868,26,,,0,59,,98867,26,,,0,20,,98865,26,,,0,19,,98869,26,,,0,58,,98864,26,,,0
6400,'STMPWeek-Weekday',1635,,98872,26,,,0,18,,98874,26,,,0,59,,98873,26,,,0,20,,98871,26,,,0,19,,98875,26,,,0,58,,98870,26,,,0
6400,'STMPar-Weekday',1635,,98878,26,,,0,18,,98880,26,,,0,59,,98879,26,,,0,20,,98877,26,,,0,19,,98881,26,,,0,58,,98876,26,,,0
6401,'Weekday',614,,98883,9,,,0,21,,98884,9,,,0,20,,98885,9,,,0,59,,98886,9,,,0,19,,98882,9,,,0
6401,'STMPSnea-Weekday',614,,98888,9,,,0,21,,98889,9,,,0,20,,98890,9,,,0,59,,98891,9,,,0,19,,98887,9,,,0
6401,'STMPWeek-Weekday',614,,98893,9,,,0,21,,98894,9,,,0,20,,98895,9,,,0,59,,98896,9,,,0,19,,98892,9,,,0
6401,'STMPar-Weekday',614,,98898,9,,,0,21,,98899,9,,,0,20,,98900,9,,,0,59,,98901,9,,,0,19,,98897,9,,,0
8901,'Weekday',615,,108858,16,,,0,40,,108861,16,,,0,84,,108859,16,,,0,85,,108865,16,,,0,79,,108860,16,,,0,736,,108862,16,,,0,78,,108864,16,,,0,42,,108863,16,,,0
8901,'STMPSnea-Weekday',615,,108866,16,,,0,40,,108869,16,,,0,84,,108867,16,,,0,85,,108873,16,,,0,79,,108868,16,,,0,736,,108870,16,,,0,78,,108872,16,,,0,42,,108871,16,,,0
8901,'STMPWeek-Weekday',615,,108874,16,,,0,40,,108877,16,,,0,84,,108875,16,,,0,85,,108881,16,,,0,79,,108876,16,,,0,736,,108878,16,,,0,78,,108880,16,,,0,42,,108879,16,,,0
8901,'STMPar-Weekday',615,,108882,16,,,0,40,,108885,16,,,0,84,,108883,16,,,0,85,,108889,16,,,0,79,,108884,16,,,0,736,,108886,16,,,0,78,,108888,16,,,0,42,,108887,16,,,0
