8101,'Saturday',735,,105343,30,,,0,85,,105335,30,,,0,85,,105344,30,,,0,45,,105336,30,,,0,85,,105345,30,,,0,85,,105338,30,,,0,85,,105346,30,,,0,45,,105337,30,,,0,85,,105348,30,,,0,85,,105339,30,,,0,85,,105347,30,,,0,45,,105340,30,,,0,85,,105350,30,,,0,85,,105341,30,,,0,85,,105349,30,,,0,45,,105342,30,,,0,85,,105351,30,,,0
8101,'Weekday',554,,105352,15,,,0,75,,105353,30,,,0,72,,105354,30,,,0,34,,105355,30,,,0,73,,105356,30,,,0,31,,105357,30,,,0,74,,105358,30,,,0,31,,105359,30,,,0,72,,105360,30,,,0,29,,105361,30,,,0,72,,105363,30,,,0,32,,105364,30,,,0,72,,105362,30,,,0,32,,105366,30,,,0,72,,105367,30,,,0,32,,105365,30,,,0,72,,105368,30,,,0,72,,105369,30,,,0,33,,105370,30,,,0,72,,105373,30,,,0,32,,105371,30,,,0,72,,105372,30,,,0,32,,105374,30,,,0,72,,105376,30,,,0,32,,105375,30,,,0,71,,105377,30,,,0,32,,105378,30,,,0
8101,'STMPSa-Saturday',735,,105387,30,,,0,85,,105379,30,,,0,85,,105388,30,,,0,45,,105380,30,,,0,85,,105389,30,,,0,85,,105382,30,,,0,85,,105390,30,,,0,45,,105381,30,,,0,85,,105392,30,,,0,85,,105383,30,,,0,85,,105391,30,,,0,45,,105384,30,,,0,85,,105394,30,,,0,85,,105385,30,,,0,85,,105393,30,,,0,45,,105386,30,,,0,85,,105395,30,,,0
8101,'STMPSnea-Weekday',554,,105396,15,,,0,75,,105397,30,,,0,72,,105398,30,,,0,34,,105399,30,,,0,73,,105400,30,,,0,31,,105401,30,,,0,74,,105402,30,,,0,31,,105403,30,,,0,72,,105404,30,,,0,29,,105405,30,,,0,72,,105407,30,,,0,32,,105408,30,,,0,72,,105406,30,,,0,32,,105410,30,,,0,72,,105411,30,,,0,32,,105409,30,,,0,72,,105412,30,,,0,72,,105413,30,,,0,33,,105414,30,,,0,72,,105417,30,,,0,32,,105415,30,,,0,72,,105416,30,,,0,32,,105418,30,,,0,72,,105420,30,,,0,32,,105419,30,,,0,71,,105421,30,,,0,32,,105422,30,,,0
8101,'STMPWeek-Weekday',554,,105423,15,,,0,75,,105424,30,,,0,72,,105425,30,,,0,34,,105426,30,,,0,73,,105427,30,,,0,31,,105428,30,,,0,74,,105429,30,,,0,31,,105430,30,,,0,72,,105431,30,,,0,29,,105432,30,,,0,72,,105434,30,,,0,32,,105435,30,,,0,72,,105433,30,,,0,32,,105437,30,,,0,72,,105438,30,,,0,32,,105436,30,,,0,72,,105439,30,,,0,72,,105440,30,,,0,33,,105441,30,,,0,72,,105444,30,,,0,32,,105442,30,,,0,72,,105443,30,,,0,32,,105445,30,,,0,72,,105447,30,,,0,32,,105446,30,,,0,71,,105448,30,,,0,32,,105449,30,,,0
8101,'STMPar-Weekday',554,,105450,15,,,0,75,,105451,30,,,0,72,,105452,30,,,0,34,,105453,30,,,0,73,,105454,30,,,0,31,,105455,30,,,0,74,,105456,30,,,0,31,,105457,30,,,0,72,,105458,30,,,0,29,,105459,30,,,0,72,,105461,30,,,0,32,,105462,30,,,0,72,,105460,30,,,0,32,,105464,30,,,0,72,,105465,30,,,0,32,,105463,30,,,0,72,,105466,30,,,0,72,,105467,30,,,0,33,,105468,30,,,0,72,,105471,30,,,0,32,,105469,30,,,0,72,,105470,30,,,0,32,,105472,30,,,0,72,,105474,30,,,0,32,,105473,30,,,0,71,,105475,30,,,0,32,,105476,30,,,0
14801,'Saturday',653,,127279,25,,,0,70,,127294,25,,,0,30,,127289,25,,,0,70,,127293,25,,,0,30,,127288,25,,,0,70,,127295,25,,,0,30,,127285,25,,,0,70,,127298,25,,,0,30,,127284,25,,,0,70,,127296,25,,,0,30,,127282,25,,,0,70,,127292,25,,,0,30,,127278,25,,,0,70,,127297,25,,,0,30,,127276,25,,,0,70,,127300,25,,,0,30,,127290,25,,,0,70,,127291,25,,,0,30,,127287,25,,,0,70,,127299,25,,,0,30,,127286,25,,,0,70,,127302,25,,,0,30,,127281,25,,,0,70,,127303,25,,,0,30,,127283,25,,,0,70,,127304,25,,,0,30,,127280,25,,,0,70,,127301,25,,,0,30,,127277,25,,,0,70,,127305,25,,,0,30,,127275,25,,,0
14801,'Sunday',652,,127307,25,,,0,70,,127326,25,,,0,31,,127306,25,,,0,70,,127327,25,,,0,30,,127308,25,,,0,70,,127322,25,,,0,30,,127309,25,,,0,70,,127325,25,,,0,30,,127311,25,,,0,70,,127329,25,,,0,30,,127310,25,,,0,70,,127323,25,,,0,30,,127313,25,,,0,70,,127328,25,,,0,30,,127314,25,,,0,70,,127330,25,,,0,30,,127312,25,,,0,70,,127324,25,,,0,30,,127315,25,,,0,70,,127332,25,,,0,30,,127316,25,,,0,70,,127331,25,,,0,30,,127317,25,,,0,70,,127336,25,,,0,30,,127318,25,,,0,70,,127334,25,,,0,30,,127319,25,,,0,70,,127333,25,,,0,30,,127320,25,,,0,70,,127335,25,,,0,30,,127321,25,,,0
14801,'Weekday',553,,127338,25,,,0,67,,127380,25,,,0,19,,127361,25,,,0,17,,127339,25,,,0,57,,127343,25,,,0,17,,127381,25,,,0,17,,127362,25,,,0,57,,127340,25,,,0,17,,127344,25,,,0,17,,127382,25,,,0,17,,127363,25,,,0,55,,127341,25,,,0,16,,127345,25,,,0,16,,127383,25,,,0,16,,127364,25,,,0,70,,127346,25,,,0,30,,127365,25,,,0,70,,127347,25,,,0,30,,127366,25,,,0,70,,127349,25,,,0,30,,127367,25,,,0,70,,127348,25,,,0,30,,127369,25,,,0,70,,127350,25,,,0,30,,127368,25,,,0,71,,127351,25,,,0,18,,127385,25,,,0,57,,127370,25,,,0,17,,127337,25,,,0,17,,127352,25,,,0,17,,127360,25,,,0,57,,127371,25,,,0,17,,127342,25,,,0,17,,127353,25,,,0,56,,127384,25,,,0,14,,127372,25,,,0,15,,127379,25,,,0,19,,127354,25,,,0,70,,127373,25,,,0,30,,127355,25,,,0,70,,127374,25,,,0,30,,127356,25,,,0,70,,127375,25,,,0,30,,127358,25,,,0,70,,127376,25,,,0,30,,127357,25,,,0,70,,127377,25,,,0,30,,127359,25,,,0,73,,127378,25,,,0
14801,'STMPSa-Saturday',653,,127390,25,,,0,70,,127405,25,,,0,30,,127400,25,,,0,70,,127404,25,,,0,30,,127399,25,,,0,70,,127406,25,,,0,30,,127396,25,,,0,70,,127409,25,,,0,30,,127395,25,,,0,70,,127407,25,,,0,30,,127393,25,,,0,70,,127403,25,,,0,30,,127389,25,,,0,70,,127408,25,,,0,30,,127388,25,,,0,70,,127411,25,,,0,30,,127401,25,,,0,70,,127402,25,,,0,30,,127398,25,,,0,70,,127410,25,,,0,30,,127397,25,,,0,70,,127413,25,,,0,30,,127392,25,,,0,70,,127414,25,,,0,30,,127394,25,,,0,70,,127415,25,,,0,30,,127391,25,,,0,70,,127412,25,,,0,30,,127387,25,,,0,70,,127416,25,,,0,30,,127386,25,,,0
14801,'STMPSnea-Weekday',553,,127418,25,,,0,67,,127460,25,,,0,19,,127441,25,,,0,17,,127419,25,,,0,57,,127423,25,,,0,17,,127461,25,,,0,17,,127442,25,,,0,57,,127420,25,,,0,17,,127424,25,,,0,17,,127462,25,,,0,17,,127443,25,,,0,55,,127421,25,,,0,16,,127425,25,,,0,16,,127463,25,,,0,16,,127444,25,,,0,70,,127426,25,,,0,30,,127445,25,,,0,70,,127427,25,,,0,30,,127446,25,,,0,70,,127429,25,,,0,30,,127447,25,,,0,70,,127428,25,,,0,30,,127449,25,,,0,70,,127430,25,,,0,30,,127448,25,,,0,71,,127431,25,,,0,18,,127465,25,,,0,57,,127450,25,,,0,17,,127417,25,,,0,17,,127432,25,,,0,17,,127440,25,,,0,57,,127451,25,,,0,17,,127422,25,,,0,17,,127433,25,,,0,56,,127464,25,,,0,14,,127452,25,,,0,15,,127459,25,,,0,19,,127434,25,,,0,70,,127453,25,,,0,30,,127435,25,,,0,70,,127454,25,,,0,30,,127436,25,,,0,70,,127455,25,,,0,30,,127438,25,,,0,70,,127456,25,,,0,30,,127437,25,,,0,70,,127457,25,,,0,30,,127439,25,,,0,73,,127458,25,,,0
14801,'STMPSu1-Sunday',652,,127467,25,,,0,70,,127486,25,,,0,31,,127466,25,,,0,70,,127487,25,,,0,30,,127468,25,,,0,70,,127482,25,,,0,30,,127469,25,,,0,70,,127485,25,,,0,30,,127471,25,,,0,70,,127489,25,,,0,30,,127470,25,,,0,70,,127483,25,,,0,30,,127473,25,,,0,70,,127488,25,,,0,30,,127474,25,,,0,70,,127490,25,,,0,30,,127472,25,,,0,70,,127484,25,,,0,30,,127475,25,,,0,70,,127492,25,,,0,30,,127476,25,,,0,70,,127491,25,,,0,30,,127477,25,,,0,70,,127496,25,,,0,30,,127478,25,,,0,70,,127494,25,,,0,30,,127479,25,,,0,70,,127493,25,,,0,30,,127480,25,,,0,70,,127495,25,,,0,30,,127481,25,,,0
14801,'STMPSu2-Sunday',652,,127498,25,,,0,70,,127517,25,,,0,31,,127497,25,,,0,70,,127518,25,,,0,30,,127499,25,,,0,70,,127513,25,,,0,30,,127500,25,,,0,70,,127516,25,,,0,30,,127502,25,,,0,70,,127520,25,,,0,30,,127501,25,,,0,70,,127514,25,,,0,30,,127504,25,,,0,70,,127519,25,,,0,30,,127505,25,,,0,70,,127521,25,,,0,30,,127503,25,,,0,70,,127515,25,,,0,30,,127506,25,,,0,70,,127523,25,,,0,30,,127507,25,,,0,70,,127522,25,,,0,30,,127508,25,,,0,70,,127527,25,,,0,30,,127509,25,,,0,70,,127525,25,,,0,30,,127510,25,,,0,70,,127524,25,,,0,30,,127511,25,,,0,70,,127526,25,,,0,30,,127512,25,,,0
14801,'STMPWeek-Weekday',553,,127529,25,,,0,67,,127571,25,,,0,19,,127552,25,,,0,17,,127530,25,,,0,57,,127534,25,,,0,17,,127572,25,,,0,17,,127553,25,,,0,57,,127531,25,,,0,17,,127535,25,,,0,17,,127573,25,,,0,17,,127554,25,,,0,55,,127532,25,,,0,16,,127536,25,,,0,16,,127574,25,,,0,16,,127555,25,,,0,70,,127537,25,,,0,30,,127556,25,,,0,70,,127538,25,,,0,30,,127557,25,,,0,70,,127540,25,,,0,30,,127558,25,,,0,70,,127539,25,,,0,30,,127560,25,,,0,70,,127541,25,,,0,30,,127559,25,,,0,71,,127542,25,,,0,18,,127576,25,,,0,57,,127561,25,,,0,17,,127528,25,,,0,17,,127543,25,,,0,17,,127551,25,,,0,57,,127562,25,,,0,17,,127533,25,,,0,17,,127544,25,,,0,56,,127575,25,,,0,14,,127563,25,,,0,15,,127570,25,,,0,19,,127545,25,,,0,70,,127564,25,,,0,30,,127546,25,,,0,70,,127565,25,,,0,30,,127547,25,,,0,70,,127566,25,,,0,30,,127549,25,,,0,70,,127567,25,,,0,30,,127548,25,,,0,70,,127568,25,,,0,30,,127550,25,,,0,73,,127569,25,,,0
14801,'STMPar-Weekday',553,,127578,25,,,0,67,,127620,25,,,0,19,,127601,25,,,0,17,,127579,25,,,0,57,,127583,25,,,0,17,,127621,25,,,0,17,,127602,25,,,0,57,,127580,25,,,0,17,,127584,25,,,0,17,,127622,25,,,0,17,,127603,25,,,0,55,,127581,25,,,0,16,,127585,25,,,0,16,,127623,25,,,0,16,,127604,25,,,0,70,,127586,25,,,0,30,,127605,25,,,0,70,,127587,25,,,0,30,,127606,25,,,0,70,,127589,25,,,0,30,,127607,25,,,0,70,,127588,25,,,0,30,,127609,25,,,0,70,,127590,25,,,0,30,,127608,25,,,0,71,,127591,25,,,0,18,,127625,25,,,0,57,,127610,25,,,0,17,,127577,25,,,0,17,,127592,25,,,0,17,,127600,25,,,0,57,,127611,25,,,0,17,,127582,25,,,0,17,,127593,25,,,0,56,,127624,25,,,0,14,,127612,25,,,0,15,,127619,25,,,0,19,,127594,25,,,0,70,,127613,25,,,0,30,,127596,25,,,0,70,,127614,25,,,0,30,,127595,25,,,0,70,,127615,25,,,0,30,,127598,25,,,0,70,,127616,25,,,0,30,,127597,25,,,0,70,,127617,25,,,0,30,,127599,25,,,0,73,,127618,25,,,0
