801,'Saturday',701,,47953,,,0,27,,47954,,,0,27,,47955,,,0,67,,47956,,,0,27,,47957,,,0,67,,47958,,,0,27,,47959,,,0,67,,47960,,,0,27,,47961,,,0,67,,47962,,,0,27,,47963,,,0,27,,47964,,,0,67,,47965,,,0,27,,47966,,,0,67,,47967,,,0,27,,47968,,,0,67,,47970,,,0,27,,47971,,,0,67,,47972,,,0,27,,47969,,,0,67,,47973,,,0,27,,47974,,,0,27,,47975,,,0,67,,47976,,,0,27,,47977,,,0,67,,47979,,,0,27,,47980,,,0,67,,47981,,,0,27,,47978,,,0,67,,47982,,,0,27,,47983,,,0,70,,47984,,,0,35,,47985,,,0,75,,47986,,,0,35,,47987,,,0,75,,47988,,,0,35,,47989,,,0
801,'Sunday',701,,47991,,,0,27,,47990,,,0,27,,47992,,,0,67,,47993,,,0,27,,47994,,,0,67,,47995,,,0,27,,47997,,,0,67,,47996,,,0,27,,47998,,,0,67,,47999,,,0,27,,48000,,,0,27,,48001,,,0,67,,48002,,,0,27,,48003,,,0,67,,48004,,,0,27,,48005,,,0,67,,48006,,,0,27,,48007,,,0,67,,48008,,,0,27,,48009,,,0,67,,48010,,,0,27,,48011,,,0,27,,48013,,,0,67,,48015,,,0,27,,48014,,,0,67,,48016,,,0,27,,48012,,,0,67,,48019,,,0,27,,48017,,,0,67,,48018,,,0,27,,48020,,,0,70,,48021,,,0,35,,48022,,,0,75,,48023,,,0,35,,48024,,,0,75,,48025,,,0,35,,48026,,,0
801,'Weekday',529,,48088,,,0,18,,48051,,,0,58,,48030,,,0,18,,48032,,,0,17,,48042,,,0,17,,48059,,,0,57,,48067,,,0,6,,48075,,,0,5,,48076,,,0,7,,48089,,,0,5,,48077,,,0,5,,48078,,,0,7,,48052,,,0,5,,48079,,,0,5,,48080,,,0,47,,48031,,,0,5,,48081,,,0,5,,48082,,,0,7,,48034,,,0,5,,48083,,,0,12,,48043,,,0,16,,48060,,,0,57,,48068,,,0,13,,48090,,,0,21,,48053,,,0,61,,48033,,,0,21,,48044,,,0,21,,48061,,,0,61,,48091,,,0,21,,48054,,,0,21,,48035,,,0,61,,48045,,,0,21,,48063,,,0,21,,48092,,,0,61,,48055,,,0,21,,48036,,,0,21,,48046,,,0,61,,48062,,,0,23,,48093,,,0,12,,48084,,,0,50,,48056,,,0,10,,48085,,,0,10,,48037,,,0,5,,48086,,,0,9,,48070,,,0,17,,48047,,,0,45,,48087,,,0,8,,48073,,,0,5,,48064,,,0,5,,48072,,,0,5,,48074,,,0,5,,48069,,,0,17,,48094,,,0,57,,48057,,,0,17,,48038,,,0,17,,48071,,,0,17,,48028,,,0,62,,48065,,,0,22,,48095,,,0,21,,48058,,,0,61,,48039,,,0,21,,48048,,,0,61,,48066,,,0,20,,48096,,,0,35,,48029,,,0,69,,48049,,,0,75,,48098,,,0,31,,48040,,,0,73,,48050,,,0,33,,48097,,,0,73,,48041,,,0,33,,48027,,,0,85,,48099,,,0
801,'Weekday0000100',1409,,48100,,,0,37,,48101,,,0
801,'Weekday1111000',1549,,48102,,,0
801,'1CCSDCUT-Weekday',529,,48164,,,0,18,,48127,,,0,58,,48106,,,0,18,,48108,,,0,17,,48118,,,0,17,,48135,,,0,57,,48143,,,0,6,,48151,,,0,5,,48152,,,0,7,,48165,,,0,5,,48153,,,0,5,,48154,,,0,7,,48128,,,0,5,,48155,,,0,5,,48156,,,0,47,,48107,,,0,5,,48157,,,0,5,,48158,,,0,7,,48110,,,0,5,,48159,,,0,12,,48119,,,0,16,,48136,,,0,57,,48144,,,0,13,,48166,,,0,21,,48129,,,0,61,,48109,,,0,21,,48120,,,0,21,,48137,,,0,61,,48167,,,0,21,,48130,,,0,21,,48111,,,0,61,,48121,,,0,21,,48139,,,0,21,,48168,,,0,61,,48131,,,0,21,,48112,,,0,21,,48122,,,0,61,,48138,,,0,23,,48169,,,0,12,,48160,,,0,50,,48132,,,0,10,,48161,,,0,10,,48113,,,0,5,,48162,,,0,9,,48146,,,0,17,,48123,,,0,45,,48163,,,0,8,,48149,,,0,5,,48140,,,0,5,,48148,,,0,5,,48150,,,0,5,,48145,,,0,17,,48170,,,0,57,,48133,,,0,17,,48114,,,0,17,,48147,,,0,17,,48104,,,0,62,,48141,,,0,22,,48171,,,0,21,,48134,,,0,61,,48115,,,0,21,,48124,,,0,61,,48142,,,0,20,,48172,,,0,35,,48105,,,0,69,,48125,,,0,75,,48174,,,0,31,,48116,,,0,73,,48126,,,0,33,,48173,,,0,73,,48117,,,0,33,,48103,,,0,85,,48175,,,0
801,'1CCSDCUT-Weekday0000100',1409,,48176,,,0,37,,48177,,,0
801,'1CCSDCUT-Weekday1111000',1549,,48178,,,0
801,'1PUBCUT-Weekday',529,,48240,,,0,18,,48203,,,0,58,,48182,,,0,18,,48184,,,0,17,,48194,,,0,17,,48211,,,0,57,,48219,,,0,6,,48227,,,0,5,,48228,,,0,7,,48241,,,0,5,,48229,,,0,5,,48230,,,0,7,,48204,,,0,5,,48231,,,0,5,,48232,,,0,47,,48183,,,0,5,,48233,,,0,5,,48234,,,0,7,,48186,,,0,5,,48235,,,0,12,,48195,,,0,16,,48212,,,0,57,,48220,,,0,13,,48242,,,0,21,,48205,,,0,61,,48185,,,0,21,,48196,,,0,21,,48213,,,0,61,,48243,,,0,21,,48206,,,0,21,,48187,,,0,61,,48197,,,0,21,,48215,,,0,21,,48244,,,0,61,,48207,,,0,21,,48188,,,0,21,,48198,,,0,61,,48214,,,0,23,,48245,,,0,12,,48236,,,0,50,,48208,,,0,10,,48237,,,0,10,,48189,,,0,5,,48238,,,0,9,,48222,,,0,17,,48199,,,0,45,,48239,,,0,8,,48225,,,0,5,,48216,,,0,5,,48224,,,0,5,,48226,,,0,5,,48221,,,0,17,,48246,,,0,57,,48209,,,0,17,,48190,,,0,17,,48223,,,0,17,,48180,,,0,62,,48217,,,0,22,,48247,,,0,21,,48210,,,0,61,,48191,,,0,21,,48200,,,0,61,,48218,,,0,20,,48248,,,0,35,,48181,,,0,69,,48201,,,0,75,,48250,,,0,31,,48192,,,0,73,,48202,,,0,33,,48249,,,0,73,,48193,,,0,33,,48179,,,0,85,,48251,,,0
801,'1PUBCUT-Weekday0000100',1409,,48252,,,0,37,,48253,,,0
801,'1PUBCUT-Weekday1111000',1549,,48254,,,0
8201,'Saturday',614,,66430,,,0,30,,66431,,,0,70,,66424,,,0,30,,66403,,,0,70,,66404,,,0,30,,66405,,,0,70,,66409,,,0,30,,66410,,,0,70,,66406,,,0,30,,66407,,,0,70,,66423,,,0,30,,66427,,,0,70,,66408,,,0,30,,66425,,,0,70,,66428,,,0,30,,66411,,,0,70,,66421,,,0,30,,66416,,,0,70,,66412,,,0,30,,66422,,,0,70,,66429,,,0,30,,66413,,,0,70,,66420,,,0,30,,66426,,,0,70,,66414,,,0,30,,66419,,,0,70,,66417,,,0,30,,66415,,,0,70,,66418,,,0,30,,66432,,,0,70,,66433,,,0,30,,66434,,,0,70,,66435,,,0,30,,66436,,,0,70,,66437,,,0,30,,66438,,,0,70,,66439,,,0
8201,'Sunday',614,,66440,,,0,30,,66453,,,0,70,,66465,,,0,30,,66441,,,0,70,,66454,,,0,30,,66466,,,0,70,,66442,,,0,30,,66455,,,0,70,,66467,,,0,30,,66443,,,0,70,,66456,,,0,30,,66468,,,0,70,,66444,,,0,30,,66457,,,0,70,,66469,,,0,30,,66445,,,0,70,,66458,,,0,30,,66470,,,0,70,,66447,,,0,30,,66460,,,0,70,,66471,,,0,30,,66446,,,0,70,,66459,,,0,30,,66472,,,0,70,,66448,,,0,30,,66461,,,0,70,,66475,,,0,30,,66450,,,0,70,,66462,,,0,30,,66476,,,0,70,,66449,,,0,30,,66463,,,0,70,,66473,,,0,30,,66451,,,0,70,,66464,,,0,30,,66474,,,0,70,,66452,,,0
8201,'Weekday',609,,66480,,,0,35,,66491,,,0,75,,66502,,,0,16,,66513,,,0,17,,66481,,,0,56,,66512,,,0,17,,66492,,,0,16,,66479,,,0,17,,66503,,,0,54,,66514,,,0,15,,66482,,,0,32,,66493,,,0,73,,66504,,,0,73,,66483,,,0,33,,66494,,,0,73,,66505,,,0,33,,66484,,,0,73,,66495,,,0,33,,66506,,,0,74,,66485,,,0,33,,66496,,,0,73,,66507,,,0,73,,66486,,,0,33,,66497,,,0,16,,66477,,,0,57,,66508,,,0,33,,66487,,,0,15,,66478,,,0,56,,66498,,,0,16,,66501,,,0,17,,66509,,,0,73,,66488,,,0,33,,66499,,,0,73,,66510,,,0,33,,66489,,,0,73,,66500,,,0,73,,66511,,,0,33,,66490,,,0,73,,66515,,,0,33,,66516,,,0,73,,66517,,,0,33,,66518,,,0
8201,'1CCSDCUT-Weekday',609,,66522,,,0,35,,66533,,,0,75,,66544,,,0,16,,66555,,,0,17,,66523,,,0,56,,66554,,,0,17,,66534,,,0,16,,66521,,,0,17,,66545,,,0,54,,66556,,,0,15,,66524,,,0,32,,66535,,,0,73,,66546,,,0,73,,66525,,,0,33,,66536,,,0,73,,66547,,,0,33,,66526,,,0,73,,66537,,,0,33,,66548,,,0,74,,66527,,,0,33,,66538,,,0,73,,66549,,,0,73,,66528,,,0,33,,66539,,,0,16,,66519,,,0,57,,66550,,,0,33,,66529,,,0,15,,66520,,,0,56,,66540,,,0,16,,66543,,,0,17,,66551,,,0,73,,66530,,,0,33,,66541,,,0,73,,66552,,,0,33,,66531,,,0,73,,66542,,,0,73,,66553,,,0,33,,66532,,,0,73,,66557,,,0,33,,66558,,,0,73,,66559,,,0,33,,66560,,,0
8201,'1PUBCUT-Weekday',609,,66564,,,0,35,,66575,,,0,75,,66586,,,0,16,,66597,,,0,17,,66565,,,0,56,,66596,,,0,17,,66576,,,0,16,,66563,,,0,17,,66587,,,0,54,,66598,,,0,15,,66566,,,0,32,,66577,,,0,73,,66588,,,0,73,,66567,,,0,33,,66578,,,0,73,,66589,,,0,33,,66568,,,0,73,,66579,,,0,33,,66590,,,0,74,,66569,,,0,33,,66580,,,0,73,,66591,,,0,73,,66570,,,0,33,,66581,,,0,16,,66561,,,0,57,,66592,,,0,33,,66571,,,0,15,,66562,,,0,56,,66582,,,0,16,,66585,,,0,17,,66593,,,0,73,,66572,,,0,33,,66583,,,0,73,,66594,,,0,33,,66573,,,0,73,,66584,,,0,73,,66595,,,0,33,,66574,,,0,73,,66599,,,0,33,,66600,,,0,73,,66601,,,0,33,,66602,,,0
10501,'Saturday',623,,72855,,,0,35,,72865,,,0,80,,72862,,,0,80,,72864,,,0,40,,72867,,,0,80,,72863,,,0,80,,72866,,,0,40,,72869,,,0,80,,72870,,,0,80,,72872,,,0,40,,72868,,,0,80,,72873,,,0,80,,72874,,,0,40,,72871,,,0,80,,72875,,,0,80,,72876,,,0,40,,72860,,,0,80,,72859,,,0,79,,72861,,,0,40,,72857,,,0,80,,72858,,,0,80,,72856,,,0
10501,'Sunday',623,,72877,,,0,35,,72884,,,0,80,,72891,,,0,80,,72878,,,0,40,,72885,,,0,80,,72892,,,0,80,,72879,,,0,40,,72886,,,0,80,,72893,,,0,80,,72880,,,0,40,,72887,,,0,80,,72894,,,0,80,,72881,,,0,40,,72888,,,0,80,,72895,,,0,80,,72882,,,0,40,,72889,,,0,80,,72896,,,0,79,,72883,,,0,40,,72890,,,0,80,,72898,,,0,80,,72897,,,0
10501,'Weekday',515,,72924,,,0,30,,72915,,,0,69,,72907,,,0,31,,72899,,,0,70,,72925,,,0,30,,72918,,,0,70,,72908,,,0,15,,72933,,,0,15,,72900,,,0,70,,72926,,,0,30,,72916,,,0,70,,72909,,,0,30,,72901,,,0,70,,72927,,,0,30,,72917,,,0,70,,72910,,,0,30,,72902,,,0,70,,72928,,,0,30,,72919,,,0,70,,72911,,,0,30,,72903,,,0,70,,72929,,,0,30,,72920,,,0,70,,72912,,,0,30,,72904,,,0,70,,72930,,,0,30,,72921,,,0,70,,72914,,,0,30,,72905,,,0,69,,72931,,,0,30,,72922,,,0,70,,72913,,,0,30,,72906,,,0,70,,72932,,,0,43,,72923,,,0
10501,'1CCSDCUT-Weekday',515,,72959,,,0,30,,72950,,,0,69,,72942,,,0,31,,72934,,,0,70,,72960,,,0,30,,72953,,,0,70,,72943,,,0,15,,72968,,,0,15,,72935,,,0,70,,72961,,,0,30,,72951,,,0,70,,72944,,,0,30,,72936,,,0,70,,72962,,,0,30,,72952,,,0,70,,72945,,,0,30,,72937,,,0,70,,72963,,,0,30,,72954,,,0,70,,72946,,,0,30,,72938,,,0,70,,72964,,,0,30,,72955,,,0,70,,72947,,,0,30,,72939,,,0,70,,72965,,,0,30,,72956,,,0,70,,72949,,,0,30,,72940,,,0,69,,72966,,,0,30,,72957,,,0,70,,72948,,,0,30,,72941,,,0,70,,72967,,,0,43,,72958,,,0
10501,'1PUBCUT-Weekday',515,,72994,,,0,30,,72985,,,0,69,,72977,,,0,31,,72969,,,0,70,,72995,,,0,30,,72988,,,0,70,,72978,,,0,15,,73003,,,0,15,,72970,,,0,70,,72996,,,0,30,,72986,,,0,70,,72979,,,0,30,,72971,,,0,70,,72997,,,0,30,,72987,,,0,70,,72980,,,0,30,,72972,,,0,70,,72998,,,0,30,,72989,,,0,70,,72981,,,0,30,,72973,,,0,70,,72999,,,0,30,,72990,,,0,70,,72982,,,0,30,,72974,,,0,70,,73000,,,0,30,,72991,,,0,70,,72984,,,0,30,,72975,,,0,69,,73001,,,0,30,,72992,,,0,70,,72983,,,0,30,,72976,,,0,70,,73002,,,0,43,,72993,,,0
70301,'Weekday',800,,88653,4,,0
70301,'1CCSDCUT-Weekday',800,,88655,4,,0
70401,'Weekday',800,,88665,4,,0
70401,'1CCSDCUT-Weekday',800,,88667,4,,0
70501,'Weekday',800,,88672,4,,0
70501,'1CCSDCUT-Weekday',800,,88673,4,,0
70601,'Weekday',800,,88683,4,,0
70601,'1CCSDCUT-Weekday',800,,88685,4,,0
