8701,'Saturday',616,,67746,,,0,30,,67767,,,0,70,,67755,,,0,30,,67747,,,0,70,,67768,,,0,31,,67756,,,0,70,,67748,,,0,30,,67769,,,0,70,,67757,,,0,30,,67749,,,0,70,,67770,,,0,30,,67758,,,0,70,,67750,,,0,30,,67771,,,0,70,,67759,,,0,30,,67751,,,0,70,,67772,,,0,30,,67761,,,0,70,,67752,,,0,30,,67773,,,0,70,,67760,,,0,30,,67753,,,0,70,,67774,,,0,30,,67763,,,0,70,,67754,,,0,30,,67762,,,0,70,,67775,,,0,30,,67780,,,0,70,,67764,,,0,30,,67776,,,0,70,,67779,,,0,30,,67765,,,0,70,,67777,,,0,30,,67781,,,0,70,,67766,,,0,30,,67778,,,0,70,,67782,,,0
8701,'Sunday',616,,67783,,,0,30,,67808,,,0,70,,67796,,,0,30,,67784,,,0,70,,67809,,,0,31,,67797,,,0,70,,67785,,,0,30,,67810,,,0,70,,67798,,,0,30,,67786,,,0,70,,67811,,,0,30,,67799,,,0,70,,67787,,,0,30,,67812,,,0,70,,67801,,,0,30,,67788,,,0,70,,67813,,,0,30,,67800,,,0,70,,67789,,,0,30,,67814,,,0,70,,67802,,,0,30,,67790,,,0,70,,67815,,,0,30,,67803,,,0,70,,67791,,,0,30,,67816,,,0,70,,67804,,,0,30,,67792,,,0,70,,67817,,,0,30,,67805,,,0,70,,67793,,,0,30,,67818,,,0,70,,67806,,,0,30,,67794,,,0,70,,67819,,,0,30,,67807,,,0,70,,67795,,,0
8701,'Weekday',516,,67843,,,0,30,,67820,,,0,70,,67844,,,0,30,,67821,,,0,70,,67845,,,0,30,,67847,,,0,72,,67822,,,0,12,,67859,,,0,17,,67846,,,0,70,,67848,,,0,30,,67823,,,0,70,,67833,,,0,30,,67849,,,0,70,,67825,,,0,30,,67834,,,0,70,,67850,,,0,30,,67826,,,0,70,,67835,,,0,30,,67851,,,0,70,,67824,,,0,30,,67836,,,0,74,,67852,,,0,31,,67827,,,0,71,,67837,,,0,31,,67853,,,0,72,,67828,,,0,30,,67838,,,0,71,,67854,,,0,32,,67829,,,0,69,,67839,,,0,30,,67856,,,0,70,,67830,,,0,30,,67840,,,0,69,,67855,,,0,28,,67831,,,0,68,,67841,,,0,28,,67857,,,0,69,,67832,,,0,28,,67842,,,0,69,,67858,,,0
8701,'Weekday0000100',1500,,67860,,,0
8701,'Weekday1111000',1613,,67861,,,0
8701,'1CCSDCUT-Weekday',516,,67885,,,0,30,,67862,,,0,70,,67886,,,0,30,,67863,,,0,70,,67887,,,0,30,,67889,,,0,72,,67864,,,0,12,,67901,,,0,17,,67888,,,0,70,,67890,,,0,30,,67865,,,0,70,,67875,,,0,30,,67891,,,0,70,,67867,,,0,30,,67876,,,0,70,,67892,,,0,30,,67868,,,0,70,,67877,,,0,30,,67893,,,0,70,,67866,,,0,30,,67878,,,0,74,,67894,,,0,31,,67869,,,0,71,,67879,,,0,31,,67895,,,0,72,,67870,,,0,30,,67880,,,0,71,,67896,,,0,32,,67871,,,0,69,,67881,,,0,30,,67898,,,0,70,,67872,,,0,30,,67882,,,0,69,,67897,,,0,28,,67873,,,0,68,,67883,,,0,28,,67899,,,0,69,,67874,,,0,28,,67884,,,0,69,,67900,,,0
8701,'1CCSDCUT-Weekday0000100',1500,,67902,,,0
8701,'1CCSDCUT-Weekday1111000',1613,,67903,,,0
8701,'1PUBCUT-Weekday',516,,67927,,,0,30,,67904,,,0,70,,67928,,,0,30,,67905,,,0,70,,67929,,,0,30,,67931,,,0,72,,67906,,,0,12,,67943,,,0,17,,67930,,,0,70,,67932,,,0,30,,67907,,,0,70,,67917,,,0,30,,67933,,,0,70,,67909,,,0,30,,67918,,,0,70,,67934,,,0,30,,67910,,,0,70,,67919,,,0,30,,67935,,,0,70,,67908,,,0,30,,67920,,,0,74,,67936,,,0,31,,67911,,,0,71,,67921,,,0,31,,67937,,,0,72,,67912,,,0,30,,67922,,,0,71,,67938,,,0,32,,67913,,,0,69,,67923,,,0,30,,67940,,,0,70,,67914,,,0,30,,67924,,,0,69,,67939,,,0,28,,67915,,,0,68,,67925,,,0,28,,67941,,,0,69,,67916,,,0,28,,67926,,,0,69,,67942,,,0
8701,'1PUBCUT-Weekday0000100',1500,,67944,,,0
8701,'1PUBCUT-Weekday1111000',1613,,67945,,,0
44001,'Weekday',536,,88567,,,0,91,,88568,,,0,93,,88566,,,0,94,,88569,,,0,94,,88570,,,0,94,,88572,,,0,448,,88571,,,0,104,,88573,,,0,100,,88574,,,0,98,,88575,,,0,100,,88576,,,0,100,,88577,,,0
44001,'1CCSDCUT-Weekday',536,,88579,,,0,91,,88580,,,0,93,,88578,,,0,94,,88581,,,0,94,,88582,,,0,94,,88584,,,0,448,,88583,,,0,104,,88585,,,0,100,,88586,,,0,98,,88587,,,0,100,,88588,,,0,100,,88589,,,0
44001,'1PUBCUT-Weekday',536,,88591,,,0,91,,88592,,,0,93,,88590,,,0,94,,88593,,,0,94,,88594,,,0,94,,88596,,,0,448,,88595,,,0,104,,88597,,,0,100,,88598,,,0,98,,88599,,,0,100,,88600,,,0,100,,88601,,,0
