8100,'Saturday',703,,105185,7,,,0,45,,105194,7,,,0,85,,105186,7,,,0,85,,105195,7,,,0,85,,105188,7,,,0,45,,105196,7,,,0,85,,105189,7,,,0,85,,105198,7,,,0,85,,105187,7,,,0,45,,105199,7,,,0,85,,105191,7,,,0,85,,105197,7,,,0,85,,105190,7,,,0,45,,105200,7,,,0,85,,105193,7,,,0,85,,105201,7,,,0,85,,105192,7,,,0
8100,'Weekday',541,,105203,7,,,0,73,,105204,7,,,0,32,,105205,7,,,0,72,,105206,7,,,0,32,,105207,7,,,0,72,,105209,7,,,0,32,,105208,7,,,0,72,,105210,7,,,0,32,,105211,7,,,0,72,,105213,7,,,0,72,,105214,7,,,0,32,,105212,7,,,0,72,,105215,7,,,0,32,,105217,7,,,0,72,,105216,7,,,0,32,,105219,7,,,0,72,,105218,7,,,0,32,,105220,7,,,0,72,,105222,7,,,0,32,,105223,7,,,0,72,,105221,7,,,0,32,,105224,7,,,0,72,,105226,7,,,0,32,,105225,7,,,0,72,,105228,7,,,0,72,,105202,7,,,0,36,,105227,7,,,0,68,,105229,7,,,0,33,,105230,7,,,0
8100,'STMPSa-Saturday',703,,105231,7,,,0,45,,105240,7,,,0,85,,105232,7,,,0,85,,105241,7,,,0,85,,105234,7,,,0,45,,105242,7,,,0,85,,105235,7,,,0,85,,105244,7,,,0,85,,105233,7,,,0,45,,105245,7,,,0,85,,105237,7,,,0,85,,105243,7,,,0,85,,105236,7,,,0,45,,105246,7,,,0,85,,105239,7,,,0,85,,105247,7,,,0,85,,105238,7,,,0
8100,'STMPSnea-Weekday',541,,105249,7,,,0,73,,105250,7,,,0,32,,105251,7,,,0,72,,105252,7,,,0,32,,105253,7,,,0,72,,105255,7,,,0,32,,105254,7,,,0,72,,105256,7,,,0,32,,105257,7,,,0,72,,105259,7,,,0,72,,105260,7,,,0,32,,105258,7,,,0,72,,105261,7,,,0,32,,105263,7,,,0,72,,105262,7,,,0,32,,105265,7,,,0,72,,105264,7,,,0,32,,105266,7,,,0,72,,105268,7,,,0,32,,105269,7,,,0,72,,105267,7,,,0,32,,105270,7,,,0,72,,105272,7,,,0,32,,105271,7,,,0,72,,105274,7,,,0,72,,105248,7,,,0,36,,105273,7,,,0,68,,105275,7,,,0,33,,105276,7,,,0
8100,'STMPWeek-Weekday',541,,105278,7,,,0,73,,105279,7,,,0,32,,105280,7,,,0,72,,105281,7,,,0,32,,105282,7,,,0,72,,105284,7,,,0,32,,105283,7,,,0,72,,105285,7,,,0,32,,105286,7,,,0,72,,105288,7,,,0,72,,105289,7,,,0,32,,105287,7,,,0,72,,105290,7,,,0,32,,105292,7,,,0,72,,105291,7,,,0,32,,105294,7,,,0,72,,105293,7,,,0,32,,105295,7,,,0,72,,105297,7,,,0,32,,105298,7,,,0,72,,105296,7,,,0,32,,105299,7,,,0,72,,105301,7,,,0,32,,105300,7,,,0,72,,105303,7,,,0,72,,105277,7,,,0,36,,105302,7,,,0,68,,105304,7,,,0,33,,105305,7,,,0
8100,'STMPar-Weekday',541,,105307,7,,,0,73,,105308,7,,,0,32,,105309,7,,,0,72,,105310,7,,,0,32,,105311,7,,,0,72,,105313,7,,,0,32,,105312,7,,,0,72,,105314,7,,,0,32,,105315,7,,,0,72,,105317,7,,,0,72,,105318,7,,,0,32,,105316,7,,,0,72,,105319,7,,,0,32,,105321,7,,,0,72,,105320,7,,,0,32,,105323,7,,,0,72,,105322,7,,,0,32,,105324,7,,,0,72,,105326,7,,,0,32,,105327,7,,,0,72,,105325,7,,,0,32,,105328,7,,,0,72,,105330,7,,,0,32,,105329,7,,,0,72,,105332,7,,,0,72,,105306,7,,,0,36,,105331,7,,,0,68,,105333,7,,,0,33,,105334,7,,,0
14700,'Weekday',533,,126736,3,,,0,72,,126740,3,,,0,32,,126737,3,,,0,72,,126741,3,,,0,32,,126738,3,,,0,72,,126742,3,,,0,32,,126739,3,,,0,72,,126750,3,,,0,32,,126756,3,,,0,72,,126751,3,,,0,32,,126757,3,,,0,72,,126752,3,,,0,32,,126758,3,,,0,72,,126753,3,,,0,72,,126759,3,,,0,32,,126754,3,,,0,72,,126760,3,,,0,32,,126755,3,,,0,72,,126746,3,,,0,32,,126743,3,,,0,72,,126747,3,,,0,32,,126744,3,,,0,72,,126748,3,,,0,32,,126745,3,,,0,72,,126749,3,,,0
14700,'STMPSnea-Weekday',533,,126761,3,,,0,72,,126765,3,,,0,32,,126762,3,,,0,72,,126766,3,,,0,32,,126763,3,,,0,72,,126767,3,,,0,32,,126764,3,,,0,72,,126775,3,,,0,32,,126781,3,,,0,72,,126776,3,,,0,32,,126782,3,,,0,72,,126777,3,,,0,32,,126783,3,,,0,72,,126778,3,,,0,72,,126784,3,,,0,32,,126779,3,,,0,72,,126785,3,,,0,32,,126780,3,,,0,72,,126771,3,,,0,32,,126768,3,,,0,72,,126772,3,,,0,32,,126769,3,,,0,72,,126773,3,,,0,32,,126770,3,,,0,72,,126774,3,,,0
14700,'STMPWeek-Weekday',533,,126786,3,,,0,72,,126790,3,,,0,32,,126787,3,,,0,72,,126791,3,,,0,32,,126788,3,,,0,72,,126792,3,,,0,32,,126789,3,,,0,72,,126800,3,,,0,32,,126806,3,,,0,72,,126801,3,,,0,32,,126807,3,,,0,72,,126802,3,,,0,32,,126808,3,,,0,72,,126803,3,,,0,72,,126809,3,,,0,32,,126804,3,,,0,72,,126810,3,,,0,32,,126805,3,,,0,72,,126796,3,,,0,32,,126793,3,,,0,72,,126797,3,,,0,32,,126794,3,,,0,72,,126798,3,,,0,32,,126795,3,,,0,72,,126799,3,,,0
14700,'STMPar-Weekday',533,,126811,3,,,0,72,,126815,3,,,0,32,,126812,3,,,0,72,,126816,3,,,0,32,,126813,3,,,0,72,,126817,3,,,0,32,,126814,3,,,0,72,,126825,3,,,0,32,,126831,3,,,0,72,,126826,3,,,0,32,,126832,3,,,0,72,,126827,3,,,0,32,,126833,3,,,0,72,,126828,3,,,0,72,,126834,3,,,0,32,,126829,3,,,0,72,,126835,3,,,0,32,,126830,3,,,0,72,,126821,3,,,0,32,,126818,3,,,0,72,,126822,3,,,0,32,,126819,3,,,0,72,,126823,3,,,0,32,,126820,3,,,0,72,,126824,3,,,0
