4001,'Saturday',747,,89985,43,,,0,75,,89987,43,,,0,35,,89988,43,,,0,75,,89989,43,,,0,75,,89986,43,,,0,35,,89991,43,,,0,75,,89992,43,,,0,35,,89994,43,,,0,75,,89990,43,,,0,75,,89995,43,,,0,35,,89996,43,,,0,75,,89993,43,,,0,35,,89997,43,,,0,75,,89998,43,,,0,35,,89999,43,,,0,75,,90000,43,,,0,75,,89984,43,,,0,35,,89983,43,,,0,75,,89982,43,,,0,35,,89981,43,,,0
4001,'Sunday',747,,90005,43,,,0,75,,90006,43,,,0,35,,90007,43,,,0,75,,90008,43,,,0,75,,90010,43,,,0,35,,90011,43,,,0,75,,90003,43,,,0,35,,90012,43,,,0,75,,90009,43,,,0,75,,90013,43,,,0,35,,90014,43,,,0,75,,90015,43,,,0,35,,90016,43,,,0,75,,90017,43,,,0,35,,90018,43,,,0,75,,90019,43,,,0,75,,90020,43,,,0,35,,90002,43,,,0,75,,90001,43,,,0,35,,90004,43,,,0
4001,'Weekday',638,,90031,43,,,0,75,,90044,43,,,0,35,,90038,43,,,0,75,,90032,43,,,0,35,,90045,43,,,0,76,,90039,43,,,0,73,,90033,43,,,0,35,,90046,43,,,0,75,,90040,43,,,0,35,,90034,43,,,0,75,,90047,43,,,0,75,,90041,43,,,0,35,,90035,43,,,0,76,,90048,43,,,0,37,,90042,43,,,0,76,,90036,43,,,0,78,,90049,43,,,0,39,,90043,43,,,0,82,,90037,43,,,0,33,,90050,43,,,0,70,,90024,43,,,0,72,,90021,43,,,0,35,,90028,43,,,0,71,,90025,43,,,0,32,,90022,43,,,0,70,,90029,43,,,0,35,,90026,43,,,0,77,,90023,43,,,0,38,,90030,43,,,0,75,,90027,43,,,0
4001,'STMPSa-Saturday',747,,90055,43,,,0,75,,90057,43,,,0,35,,90058,43,,,0,75,,90059,43,,,0,75,,90056,43,,,0,35,,90061,43,,,0,75,,90062,43,,,0,35,,90064,43,,,0,75,,90060,43,,,0,75,,90065,43,,,0,35,,90066,43,,,0,75,,90063,43,,,0,35,,90067,43,,,0,75,,90068,43,,,0,35,,90069,43,,,0,75,,90070,43,,,0,75,,90054,43,,,0,35,,90053,43,,,0,75,,90052,43,,,0,35,,90051,43,,,0
4001,'STMPSnea-Weekday',638,,90081,43,,,0,75,,90094,43,,,0,35,,90088,43,,,0,75,,90082,43,,,0,35,,90095,43,,,0,76,,90089,43,,,0,73,,90083,43,,,0,35,,90096,43,,,0,75,,90090,43,,,0,35,,90084,43,,,0,75,,90097,43,,,0,75,,90091,43,,,0,35,,90085,43,,,0,76,,90098,43,,,0,37,,90092,43,,,0,76,,90086,43,,,0,78,,90099,43,,,0,39,,90093,43,,,0,82,,90087,43,,,0,33,,90100,43,,,0,70,,90074,43,,,0,72,,90071,43,,,0,35,,90078,43,,,0,71,,90075,43,,,0,32,,90072,43,,,0,70,,90079,43,,,0,35,,90076,43,,,0,77,,90073,43,,,0,38,,90080,43,,,0,75,,90077,43,,,0
4001,'STMPSu1-Sunday',747,,90105,43,,,0,75,,90106,43,,,0,35,,90107,43,,,0,75,,90108,43,,,0,75,,90110,43,,,0,35,,90111,43,,,0,75,,90103,43,,,0,35,,90112,43,,,0,75,,90109,43,,,0,75,,90113,43,,,0,35,,90114,43,,,0,75,,90115,43,,,0,35,,90116,43,,,0,75,,90117,43,,,0,35,,90118,43,,,0,75,,90119,43,,,0,75,,90120,43,,,0,35,,90102,43,,,0,75,,90101,43,,,0,35,,90104,43,,,0
4001,'STMPSu2-Sunday',747,,90125,43,,,0,75,,90126,43,,,0,35,,90127,43,,,0,75,,90128,43,,,0,75,,90130,43,,,0,35,,90131,43,,,0,75,,90123,43,,,0,35,,90132,43,,,0,75,,90129,43,,,0,75,,90133,43,,,0,35,,90134,43,,,0,75,,90135,43,,,0,35,,90136,43,,,0,75,,90137,43,,,0,35,,90138,43,,,0,75,,90139,43,,,0,75,,90140,43,,,0,35,,90122,43,,,0,75,,90121,43,,,0,35,,90124,43,,,0
4001,'STMPWeek-Weekday',638,,90151,43,,,0,75,,90164,43,,,0,35,,90158,43,,,0,75,,90152,43,,,0,35,,90165,43,,,0,76,,90159,43,,,0,73,,90153,43,,,0,35,,90166,43,,,0,75,,90160,43,,,0,35,,90154,43,,,0,75,,90167,43,,,0,75,,90161,43,,,0,35,,90155,43,,,0,76,,90168,43,,,0,37,,90162,43,,,0,76,,90156,43,,,0,78,,90169,43,,,0,39,,90163,43,,,0,82,,90157,43,,,0,33,,90170,43,,,0,70,,90144,43,,,0,72,,90141,43,,,0,35,,90148,43,,,0,71,,90145,43,,,0,32,,90142,43,,,0,70,,90149,43,,,0,35,,90146,43,,,0,77,,90143,43,,,0,38,,90150,43,,,0,75,,90147,43,,,0
4001,'STMPar-Weekday',638,,90181,43,,,0,75,,90194,43,,,0,35,,90188,43,,,0,75,,90182,43,,,0,35,,90195,43,,,0,76,,90189,43,,,0,73,,90183,43,,,0,35,,90196,43,,,0,75,,90190,43,,,0,35,,90184,43,,,0,75,,90197,43,,,0,75,,90191,43,,,0,35,,90185,43,,,0,76,,90198,43,,,0,37,,90192,43,,,0,76,,90186,43,,,0,78,,90199,43,,,0,39,,90193,43,,,0,82,,90187,43,,,0,33,,90200,43,,,0,70,,90174,43,,,0,72,,90171,43,,,0,35,,90178,43,,,0,71,,90175,43,,,0,32,,90172,43,,,0,70,,90179,43,,,0,35,,90176,43,,,0,77,,90173,43,,,0,38,,90180,43,,,0,75,,90177,43,,,0
11301,'Weekday',552,,118251,16,,,0,79,,118260,40,,,0,76,,118252,40,,,0,32,,118261,40,,,0,72,,118253,40,,,0,34,,118262,40,,,0,72,,118254,40,,,0,32,,118263,40,,,0,72,,118255,40,,,0,32,,118265,40,,,0,72,,118256,40,,,0,32,,118264,40,,,0,72,,118257,40,,,0,30,,118266,40,,,0,72,,118258,40,,,0,72,,118267,40,,,0,32,,118259,40,,,0,72,,118268,40,,,0,34,,118277,40,,,0,72,,118269,40,,,0,32,,118278,40,,,0,73,,118270,40,,,0,30,,118279,40,,,0,72,,118271,40,,,0,31,,118280,40,,,0,72,,118272,40,,,0,32,,118281,40,,,0,70,,118273,40,,,0,30,,118282,40,,,0,72,,118274,40,,,0,32,,118284,40,,,0,72,,118275,40,,,0,72,,118283,40,,,0,32,,118276,40,,,0,72,,118285,40,,,0
11301,'STMPSnea-Weekday',552,,118286,16,,,0,79,,118295,40,,,0,76,,118287,40,,,0,32,,118296,40,,,0,72,,118288,40,,,0,34,,118297,40,,,0,72,,118289,40,,,0,32,,118298,40,,,0,72,,118290,40,,,0,32,,118300,40,,,0,72,,118291,40,,,0,32,,118299,40,,,0,72,,118292,40,,,0,30,,118301,40,,,0,72,,118293,40,,,0,72,,118302,40,,,0,32,,118294,40,,,0,72,,118303,40,,,0,34,,118312,40,,,0,72,,118304,40,,,0,32,,118313,40,,,0,73,,118305,40,,,0,30,,118314,40,,,0,72,,118306,40,,,0,31,,118315,40,,,0,72,,118307,40,,,0,32,,118316,40,,,0,70,,118308,40,,,0,30,,118317,40,,,0,72,,118309,40,,,0,32,,118319,40,,,0,72,,118310,40,,,0,72,,118318,40,,,0,32,,118311,40,,,0,72,,118320,40,,,0
11301,'STMPWeek-Weekday',552,,118321,16,,,0,79,,118330,40,,,0,76,,118322,40,,,0,32,,118331,40,,,0,72,,118323,40,,,0,34,,118332,40,,,0,72,,118324,40,,,0,32,,118333,40,,,0,72,,118325,40,,,0,32,,118335,40,,,0,72,,118326,40,,,0,32,,118334,40,,,0,72,,118327,40,,,0,30,,118336,40,,,0,72,,118328,40,,,0,72,,118337,40,,,0,32,,118329,40,,,0,72,,118338,40,,,0,34,,118347,40,,,0,72,,118339,40,,,0,32,,118348,40,,,0,73,,118340,40,,,0,30,,118349,40,,,0,72,,118341,40,,,0,31,,118350,40,,,0,72,,118342,40,,,0,32,,118351,40,,,0,70,,118343,40,,,0,30,,118352,40,,,0,72,,118344,40,,,0,32,,118354,40,,,0,72,,118345,40,,,0,72,,118353,40,,,0,32,,118346,40,,,0,72,,118355,40,,,0
11301,'STMPar-Weekday',552,,118356,16,,,0,79,,118365,40,,,0,76,,118357,40,,,0,32,,118366,40,,,0,72,,118358,40,,,0,34,,118367,40,,,0,72,,118359,40,,,0,32,,118368,40,,,0,72,,118360,40,,,0,32,,118370,40,,,0,72,,118361,40,,,0,32,,118369,40,,,0,72,,118362,40,,,0,30,,118371,40,,,0,72,,118363,40,,,0,72,,118372,40,,,0,32,,118364,40,,,0,72,,118373,40,,,0,34,,118382,40,,,0,72,,118374,40,,,0,32,,118383,40,,,0,73,,118375,40,,,0,30,,118385,40,,,0,72,,118376,40,,,0,31,,118384,40,,,0,72,,118377,40,,,0,32,,118386,40,,,0,70,,118378,40,,,0,30,,118387,40,,,0,72,,118379,40,,,0,32,,118389,40,,,0,72,,118380,40,,,0,72,,118388,40,,,0,32,,118381,40,,,0,72,,118390,40,,,0
12001,'Saturday',644,,120030,17,,,0,86,,120031,17,,,0,86,,120032,17,,,0,86,,120033,17,,,0,46,,120034,17,,,0,86,,120035,17,,,0,86,,120036,17,,,0,86,,120037,17,,,0,46,,120039,17,,,0,86,,120040,17,,,0,86,,120038,17,,,0,86,,120041,17,,,0,46,,120042,17,,,0,86,,120043,17,,,0,86,,120044,17,,,0,85,,120045,17,,,0,46,,120046,17,,,0,86,,120047,17,,,0,86,,120049,17,,,0,86,,120048,17,,,0,86,,120050,17,,,0,46,,120051,17,,,0,86,,120052,17,,,0
12001,'Sunday',644,,120053,17,,,0,86,,120054,17,,,0,86,,120055,17,,,0,86,,120056,17,,,0,46,,120057,17,,,0,86,,120059,17,,,0,86,,120058,17,,,0,86,,120060,17,,,0,46,,120061,17,,,0,86,,120062,17,,,0,86,,120063,17,,,0,86,,120064,17,,,0,46,,120065,17,,,0,86,,120066,17,,,0,86,,120067,17,,,0,85,,120068,17,,,0,46,,120069,17,,,0,86,,120070,17,,,0,86,,120071,17,,,0,86,,120072,17,,,0,86,,120073,17,,,0,46,,120074,17,,,0,86,,120075,17,,,0
12001,'Weekday',556,,120076,17,,,0,63,,120103,17,,,0,22,,120078,17,,,0,63,,120102,17,,,0,22,,120081,17,,,0,23,,120104,17,,,0,62,,120082,17,,,0,45,,120083,17,,,0,85,,120084,17,,,0,85,,120085,17,,,0,85,,120086,17,,,0,45,,120087,17,,,0,85,,120088,17,,,0,85,,120089,17,,,0,85,,120090,17,,,0,45,,120091,17,,,0,86,,120092,17,,,0,63,,120107,17,,,0,22,,120093,17,,,0,23,,120106,17,,,0,62,,120094,17,,,0,23,,120105,17,,,0,22,,120095,17,,,0,84,,120096,17,,,0,85,,120097,17,,,0,85,,120098,17,,,0,45,,120099,17,,,0,84,,120100,17,,,0,84,,120101,17,,,0,85,,120080,17,,,0,45,,120079,17,,,0,85,,120077,17,,,0
12001,'STMPSa-Saturday',644,,120108,17,,,0,86,,120109,17,,,0,86,,120110,17,,,0,86,,120111,17,,,0,46,,120112,17,,,0,86,,120113,17,,,0,86,,120114,17,,,0,86,,120115,17,,,0,46,,120117,17,,,0,86,,120118,17,,,0,86,,120116,17,,,0,86,,120119,17,,,0,46,,120120,17,,,0,86,,120121,17,,,0,86,,120122,17,,,0,85,,120123,17,,,0,46,,120124,17,,,0,86,,120125,17,,,0,86,,120127,17,,,0,86,,120126,17,,,0,86,,120128,17,,,0,46,,120129,17,,,0,86,,120130,17,,,0
12001,'STMPSnea-Weekday',556,,120131,17,,,0,63,,120158,17,,,0,22,,120133,17,,,0,63,,120157,17,,,0,22,,120136,17,,,0,23,,120159,17,,,0,62,,120137,17,,,0,45,,120138,17,,,0,85,,120139,17,,,0,85,,120140,17,,,0,85,,120141,17,,,0,45,,120142,17,,,0,85,,120143,17,,,0,85,,120144,17,,,0,85,,120145,17,,,0,45,,120146,17,,,0,86,,120147,17,,,0,63,,120162,17,,,0,22,,120148,17,,,0,23,,120161,17,,,0,62,,120149,17,,,0,23,,120160,17,,,0,22,,120150,17,,,0,84,,120151,17,,,0,85,,120152,17,,,0,85,,120153,17,,,0,45,,120154,17,,,0,84,,120155,17,,,0,84,,120156,17,,,0,85,,120135,17,,,0,45,,120134,17,,,0,85,,120132,17,,,0
12001,'STMPSu1-Sunday',644,,120163,17,,,0,86,,120164,17,,,0,86,,120165,17,,,0,86,,120166,17,,,0,46,,120167,17,,,0,86,,120169,17,,,0,86,,120168,17,,,0,86,,120170,17,,,0,46,,120171,17,,,0,86,,120172,17,,,0,86,,120173,17,,,0,86,,120174,17,,,0,46,,120175,17,,,0,86,,120176,17,,,0,86,,120177,17,,,0,85,,120178,17,,,0,46,,120179,17,,,0,86,,120180,17,,,0,86,,120181,17,,,0,86,,120182,17,,,0,86,,120183,17,,,0,46,,120184,17,,,0,86,,120185,17,,,0
12001,'STMPSu2-Sunday',644,,120186,17,,,0,86,,120187,17,,,0,86,,120188,17,,,0,86,,120189,17,,,0,46,,120190,17,,,0,86,,120192,17,,,0,86,,120191,17,,,0,86,,120193,17,,,0,46,,120194,17,,,0,86,,120195,17,,,0,86,,120196,17,,,0,86,,120197,17,,,0,46,,120198,17,,,0,86,,120199,17,,,0,86,,120200,17,,,0,85,,120201,17,,,0,46,,120202,17,,,0,86,,120203,17,,,0,86,,120204,17,,,0,86,,120205,17,,,0,86,,120206,17,,,0,46,,120207,17,,,0,86,,120208,17,,,0
12001,'STMPWeek-Weekday',556,,120209,17,,,0,63,,120236,17,,,0,22,,120211,17,,,0,63,,120235,17,,,0,22,,120214,17,,,0,23,,120237,17,,,0,62,,120215,17,,,0,45,,120216,17,,,0,85,,120217,17,,,0,85,,120218,17,,,0,85,,120219,17,,,0,45,,120220,17,,,0,85,,120221,17,,,0,85,,120222,17,,,0,85,,120223,17,,,0,45,,120224,17,,,0,86,,120225,17,,,0,63,,120240,17,,,0,22,,120226,17,,,0,23,,120239,17,,,0,62,,120227,17,,,0,23,,120238,17,,,0,22,,120228,17,,,0,84,,120229,17,,,0,85,,120230,17,,,0,85,,120231,17,,,0,45,,120232,17,,,0,84,,120233,17,,,0,84,,120234,17,,,0,85,,120213,17,,,0,45,,120212,17,,,0,85,,120210,17,,,0
12001,'STMPar-Weekday',556,,120241,17,,,0,63,,120268,17,,,0,22,,120243,17,,,0,63,,120267,17,,,0,22,,120246,17,,,0,23,,120269,17,,,0,62,,120247,17,,,0,45,,120248,17,,,0,85,,120249,17,,,0,85,,120250,17,,,0,85,,120251,17,,,0,45,,120252,17,,,0,85,,120253,17,,,0,85,,120254,17,,,0,85,,120255,17,,,0,45,,120256,17,,,0,86,,120257,17,,,0,63,,120272,17,,,0,22,,120258,17,,,0,23,,120271,17,,,0,62,,120259,17,,,0,23,,120270,17,,,0,22,,120260,17,,,0,84,,120261,17,,,0,85,,120262,17,,,0,85,,120263,17,,,0,45,,120264,17,,,0,84,,120265,17,,,0,84,,120266,17,,,0,85,,120245,17,,,0,45,,120244,17,,,0,85,,120242,17,,,0
