7601,'Saturday',554,,103539,9,,,0,80,,103548,9,,,0,80,,103549,9,,,0,40,,103547,9,,,0,80,,103550,9,,,0,80,,103551,9,,,0,40,,103552,9,,,0,80,,103553,9,,,0,80,,103554,9,,,0,40,,103555,9,,,0,80,,103556,9,,,0,80,,103557,9,,,0,40,,103558,9,,,0,80,,103560,9,,,0,80,,103561,9,,,0,40,,103562,9,,,0,80,,103559,9,,,0,80,,103563,9,,,0,40,,103564,9,,,0,80,,103565,9,,,0,80,,103545,9,,,0,40,,103542,9,,,0,80,,103544,9,,,0,80,,103540,9,,,0,40,,103546,9,,,0,80,,103543,9,,,0,80,,103541,9,,,0,40,,103566,9,,,0
7601,'Sunday',554,,103576,9,,,0,80,,103587,9,,,0,80,,103569,9,,,0,40,,103577,9,,,0,80,,103586,9,,,0,80,,103570,9,,,0,40,,103578,9,,,0,80,,103588,9,,,0,80,,103572,9,,,0,40,,103579,9,,,0,80,,103589,9,,,0,80,,103571,9,,,0,40,,103580,9,,,0,80,,103590,9,,,0,80,,103573,9,,,0,40,,103581,9,,,0,80,,103591,9,,,0,80,,103575,9,,,0,40,,103582,9,,,0,80,,103592,9,,,0,80,,103574,9,,,0,40,,103583,9,,,0,80,,103567,9,,,0,80,,103593,9,,,0,40,,103584,9,,,0,80,,103568,9,,,0,80,,103594,9,,,0,40,,103585,9,,,0
7601,'Weekday',507,,103606,9,,,0,35,,103595,9,,,0,70,,103623,9,,,0,30,,103615,9,,,0,70,,103607,9,,,0,30,,103596,9,,,0,64,,103624,9,,,0,36,,103616,9,,,0,70,,103608,9,,,0,30,,103597,9,,,0,70,,103625,9,,,0,30,,103617,9,,,0,70,,103610,9,,,0,30,,103598,9,,,0,70,,103626,9,,,0,30,,103618,9,,,0,70,,103609,9,,,0,30,,103599,9,,,0,70,,103627,9,,,0,31,,103619,9,,,0,14,,103634,9,,,0,56,,103611,9,,,0,16,,103635,9,,,0,11,,103600,9,,,0,72,,103628,9,,,0,30,,103620,9,,,0,70,,103612,9,,,0,30,,103601,9,,,0,70,,103629,9,,,0,29,,103621,9,,,0,70,,103613,9,,,0,30,,103602,9,,,0,70,,103630,9,,,0,30,,103622,9,,,0,70,,103614,9,,,0,30,,103603,9,,,0,70,,103631,9,,,0,30,,103604,9,,,0,70,,103633,9,,,0,30,,103605,9,,,0,80,,103632,9,,,0
7601,'STMPSa-Saturday',554,,103636,9,,,0,80,,103645,9,,,0,80,,103646,9,,,0,40,,103644,9,,,0,80,,103647,9,,,0,80,,103648,9,,,0,40,,103649,9,,,0,80,,103650,9,,,0,80,,103651,9,,,0,40,,103652,9,,,0,80,,103653,9,,,0,80,,103654,9,,,0,40,,103655,9,,,0,80,,103657,9,,,0,80,,103658,9,,,0,40,,103659,9,,,0,80,,103656,9,,,0,80,,103660,9,,,0,40,,103661,9,,,0,80,,103662,9,,,0,80,,103642,9,,,0,40,,103639,9,,,0,80,,103641,9,,,0,80,,103637,9,,,0,40,,103643,9,,,0,80,,103640,9,,,0,80,,103638,9,,,0,40,,103663,9,,,0
7601,'STMPSnea-Weekday',507,,103675,9,,,0,35,,103664,9,,,0,70,,103692,9,,,0,30,,103684,9,,,0,70,,103676,9,,,0,30,,103665,9,,,0,64,,103693,9,,,0,36,,103685,9,,,0,70,,103677,9,,,0,30,,103666,9,,,0,70,,103694,9,,,0,30,,103686,9,,,0,70,,103679,9,,,0,30,,103667,9,,,0,70,,103695,9,,,0,30,,103687,9,,,0,70,,103678,9,,,0,30,,103668,9,,,0,70,,103696,9,,,0,31,,103688,9,,,0,14,,103703,9,,,0,56,,103680,9,,,0,16,,103704,9,,,0,11,,103669,9,,,0,72,,103697,9,,,0,30,,103689,9,,,0,70,,103681,9,,,0,30,,103670,9,,,0,70,,103698,9,,,0,29,,103690,9,,,0,70,,103682,9,,,0,30,,103671,9,,,0,70,,103699,9,,,0,30,,103691,9,,,0,70,,103683,9,,,0,30,,103672,9,,,0,70,,103700,9,,,0,30,,103673,9,,,0,70,,103702,9,,,0,30,,103674,9,,,0,80,,103701,9,,,0
7601,'STMPSu1-Sunday',554,,103714,9,,,0,80,,103725,9,,,0,80,,103707,9,,,0,40,,103715,9,,,0,80,,103724,9,,,0,80,,103708,9,,,0,40,,103716,9,,,0,80,,103726,9,,,0,80,,103710,9,,,0,40,,103717,9,,,0,80,,103727,9,,,0,80,,103709,9,,,0,40,,103718,9,,,0,80,,103728,9,,,0,80,,103711,9,,,0,40,,103719,9,,,0,80,,103729,9,,,0,80,,103713,9,,,0,40,,103720,9,,,0,80,,103730,9,,,0,80,,103712,9,,,0,40,,103721,9,,,0,80,,103705,9,,,0,80,,103731,9,,,0,40,,103722,9,,,0,80,,103706,9,,,0,80,,103732,9,,,0,40,,103723,9,,,0
7601,'STMPSu2-Sunday',554,,103742,9,,,0,80,,103753,9,,,0,80,,103735,9,,,0,40,,103743,9,,,0,80,,103752,9,,,0,80,,103736,9,,,0,40,,103744,9,,,0,80,,103754,9,,,0,80,,103738,9,,,0,40,,103745,9,,,0,80,,103755,9,,,0,80,,103737,9,,,0,40,,103746,9,,,0,80,,103756,9,,,0,80,,103739,9,,,0,40,,103747,9,,,0,80,,103757,9,,,0,80,,103741,9,,,0,40,,103748,9,,,0,80,,103758,9,,,0,80,,103740,9,,,0,40,,103749,9,,,0,80,,103733,9,,,0,80,,103759,9,,,0,40,,103750,9,,,0,80,,103734,9,,,0,80,,103760,9,,,0,40,,103751,9,,,0
7601,'STMPWeek-Weekday',507,,103772,9,,,0,35,,103761,9,,,0,70,,103789,9,,,0,30,,103781,9,,,0,70,,103773,9,,,0,30,,103762,9,,,0,64,,103790,9,,,0,36,,103782,9,,,0,70,,103774,9,,,0,30,,103763,9,,,0,70,,103791,9,,,0,30,,103783,9,,,0,70,,103776,9,,,0,30,,103764,9,,,0,70,,103792,9,,,0,30,,103784,9,,,0,70,,103775,9,,,0,30,,103765,9,,,0,70,,103793,9,,,0,31,,103785,9,,,0,14,,103800,9,,,0,56,,103777,9,,,0,16,,103801,9,,,0,11,,103766,9,,,0,72,,103794,9,,,0,30,,103786,9,,,0,70,,103778,9,,,0,30,,103767,9,,,0,70,,103795,9,,,0,29,,103787,9,,,0,70,,103779,9,,,0,30,,103768,9,,,0,70,,103796,9,,,0,30,,103788,9,,,0,70,,103780,9,,,0,30,,103769,9,,,0,70,,103797,9,,,0,30,,103770,9,,,0,70,,103799,9,,,0,30,,103771,9,,,0,80,,103798,9,,,0
7601,'STMPar-Weekday',507,,103813,9,,,0,35,,103802,9,,,0,70,,103830,9,,,0,30,,103822,9,,,0,70,,103814,9,,,0,30,,103803,9,,,0,64,,103831,9,,,0,36,,103823,9,,,0,70,,103815,9,,,0,30,,103804,9,,,0,70,,103832,9,,,0,30,,103824,9,,,0,70,,103817,9,,,0,30,,103805,9,,,0,70,,103833,9,,,0,30,,103825,9,,,0,70,,103816,9,,,0,30,,103806,9,,,0,70,,103834,9,,,0,31,,103826,9,,,0,14,,103841,9,,,0,56,,103818,9,,,0,16,,103842,9,,,0,11,,103807,9,,,0,72,,103835,9,,,0,30,,103827,9,,,0,70,,103819,9,,,0,30,,103808,9,,,0,70,,103836,9,,,0,29,,103828,9,,,0,70,,103820,9,,,0,30,,103809,9,,,0,70,,103837,9,,,0,30,,103829,9,,,0,70,,103821,9,,,0,30,,103810,9,,,0,70,,103839,9,,,0,30,,103811,9,,,0,70,,103840,9,,,0,30,,103812,9,,,0,80,,103838,9,,,0
11301,'Weekday',607,,118260,10,,,0,33,,118252,10,,,0,72,,118261,10,,,0,32,,118253,10,,,0,72,,118262,10,,,0,32,,118254,10,,,0,72,,118263,10,,,0,32,,118255,10,,,0,72,,118265,10,,,0,32,,118256,10,,,0,72,,118264,10,,,0,72,,118257,10,,,0,32,,118266,10,,,0,72,,118258,10,,,0,32,,118267,10,,,0,72,,118259,10,,,0,32,,118268,10,,,0,72,,118277,10,,,0,32,,118269,10,,,0,72,,118278,10,,,0,32,,118270,10,,,0,72,,118279,10,,,0,32,,118271,10,,,0,72,,118280,10,,,0,32,,118272,10,,,0,72,,118281,10,,,0,72,,118273,10,,,0,31,,118282,10,,,0,72,,118274,10,,,0,32,,118284,10,,,0,72,,118275,10,,,0,32,,118283,10,,,0,72,,118276,10,,,0,32,,118285,10,,,0
11301,'STMPSnea-Weekday',607,,118295,10,,,0,33,,118287,10,,,0,72,,118296,10,,,0,32,,118288,10,,,0,72,,118297,10,,,0,32,,118289,10,,,0,72,,118298,10,,,0,32,,118290,10,,,0,72,,118300,10,,,0,32,,118291,10,,,0,72,,118299,10,,,0,72,,118292,10,,,0,32,,118301,10,,,0,72,,118293,10,,,0,32,,118302,10,,,0,72,,118294,10,,,0,32,,118303,10,,,0,72,,118312,10,,,0,32,,118304,10,,,0,72,,118313,10,,,0,32,,118305,10,,,0,72,,118314,10,,,0,32,,118306,10,,,0,72,,118315,10,,,0,32,,118307,10,,,0,72,,118316,10,,,0,72,,118308,10,,,0,31,,118317,10,,,0,72,,118309,10,,,0,32,,118319,10,,,0,72,,118310,10,,,0,32,,118318,10,,,0,72,,118311,10,,,0,32,,118320,10,,,0
11301,'STMPWeek-Weekday',607,,118330,10,,,0,33,,118322,10,,,0,72,,118331,10,,,0,32,,118323,10,,,0,72,,118332,10,,,0,32,,118324,10,,,0,72,,118333,10,,,0,32,,118325,10,,,0,72,,118335,10,,,0,32,,118326,10,,,0,72,,118334,10,,,0,72,,118327,10,,,0,32,,118336,10,,,0,72,,118328,10,,,0,32,,118337,10,,,0,72,,118329,10,,,0,32,,118338,10,,,0,72,,118347,10,,,0,32,,118339,10,,,0,72,,118348,10,,,0,32,,118340,10,,,0,72,,118349,10,,,0,32,,118341,10,,,0,72,,118350,10,,,0,32,,118342,10,,,0,72,,118351,10,,,0,72,,118343,10,,,0,31,,118352,10,,,0,72,,118344,10,,,0,32,,118354,10,,,0,72,,118345,10,,,0,32,,118353,10,,,0,72,,118346,10,,,0,32,,118355,10,,,0
11301,'STMPar-Weekday',607,,118365,10,,,0,33,,118357,10,,,0,72,,118366,10,,,0,32,,118358,10,,,0,72,,118367,10,,,0,32,,118359,10,,,0,72,,118368,10,,,0,32,,118360,10,,,0,72,,118370,10,,,0,32,,118361,10,,,0,72,,118369,10,,,0,72,,118362,10,,,0,32,,118371,10,,,0,72,,118363,10,,,0,32,,118372,10,,,0,72,,118364,10,,,0,32,,118373,10,,,0,72,,118382,10,,,0,32,,118374,10,,,0,72,,118383,10,,,0,32,,118375,10,,,0,72,,118385,10,,,0,32,,118376,10,,,0,72,,118384,10,,,0,32,,118377,10,,,0,72,,118386,10,,,0,72,,118378,10,,,0,31,,118387,10,,,0,72,,118379,10,,,0,32,,118389,10,,,0,72,,118380,10,,,0,32,,118388,10,,,0,72,,118381,10,,,0,32,,118390,10,,,0
