7900,'Weekday',439,2,65729,,,0,65,2,65753,,,0,24,2,65750,,,0,24,2,65751,,,0,67,2,65737,,,0,24,2,65754,,,0,64,2,65740,,,0,24,2,65742,,,0,24,2,65733,,,0,64,2,65731,,,0,25,2,65749,,,0,71,2,65744,,,0,32,2,65747,,,0,72,2,65735,,,0,32,2,65728,,,0,72,2,65741,,,0,32,2,65724,,,0,72,2,65752,,,0,32,2,65738,,,0,72,2,65745,,,0,72,2,65730,,,0,32,2,65736,,,0,24,2,65734,,,0,64,2,65739,,,0,24,2,65732,,,0,66,2,65725,,,0,22,2,65726,,,0,24,2,65748,,,0,64,2,65755,,,0,24,2,65743,,,0,64,2,65756,,,0,24,2,65727,,,0,24,2,65746,,,0
7900,'Weekday0000100',1357,2,65757,,,0
7900,'1CCSDCUT-Weekday',439,2,65763,,,0,65,2,65787,,,0,24,2,65784,,,0,24,2,65785,,,0,67,2,65771,,,0,24,2,65788,,,0,64,2,65774,,,0,24,2,65776,,,0,24,2,65767,,,0,64,2,65765,,,0,25,2,65783,,,0,71,2,65778,,,0,32,2,65781,,,0,72,2,65769,,,0,32,2,65762,,,0,72,2,65775,,,0,32,2,65758,,,0,72,2,65786,,,0,32,2,65772,,,0,72,2,65779,,,0,72,2,65764,,,0,32,2,65770,,,0,24,2,65768,,,0,64,2,65773,,,0,24,2,65766,,,0,66,2,65759,,,0,22,2,65760,,,0,24,2,65782,,,0,64,2,65789,,,0,24,2,65777,,,0,64,2,65790,,,0,24,2,65761,,,0,24,2,65780,,,0
7900,'1CCSDCUT-Weekday0000100',1357,2,65791,,,0
7900,'1PUBCUT-Weekday',439,2,65797,,,0,65,2,65821,,,0,24,2,65818,,,0,24,2,65819,,,0,67,2,65805,,,0,24,2,65822,,,0,64,2,65808,,,0,24,2,65810,,,0,24,2,65801,,,0,64,2,65799,,,0,25,2,65817,,,0,71,2,65812,,,0,32,2,65815,,,0,72,2,65803,,,0,32,2,65796,,,0,72,2,65809,,,0,32,2,65792,,,0,72,2,65820,,,0,32,2,65806,,,0,72,2,65813,,,0,72,2,65798,,,0,32,2,65804,,,0,24,2,65802,,,0,64,2,65807,,,0,24,2,65800,,,0,66,2,65793,,,0,22,2,65794,,,0,24,2,65816,,,0,64,2,65823,,,0,24,2,65811,,,0,64,2,65824,,,0,24,2,65795,,,0,24,2,65814,,,0
7900,'1PUBCUT-Weekday0000100',1357,2,65825,,,0
86200,'Weekday',808,,89342,0,17 18 1 28,0
86200,'1PUBCUT-Weekday',808,,89343,0,17 18 1 28,0
89000,'Weekday',743,,89447,0,12 91 92 1 28,0
89000,'1CCSDCUT-Weekday',743,,89448,,,0
89000,'1PUBCUT-Weekday',743,,89450,0,12 91 92 1 28,0
