2601,'Saturday',618,,84745,23,,,0,85,,84735,23,,,0,45,,84743,23,,,0,85,,84738,23,,,0,87,,84746,23,,,0,86,,84734,23,,,0,45,,84747,23,,,0,85,,84740,23,,,0,85,,84748,23,,,0,85,,84736,23,,,0,45,,84749,23,,,0,83,,84737,23,,,0,85,,84750,23,,,0,85,,84739,23,,,0,45,,84751,23,,,0,85,,84741,23,,,0,85,,84753,23,,,0,85,,84742,23,,,0,46,,84752,23,,,0,85,,84744,23,,,0
2601,'Sunday',618,,84764,23,,,0,85,,84754,23,,,0,45,,84765,23,,,0,85,,84755,23,,,0,87,,84766,23,,,0,86,,84756,23,,,0,45,,84767,23,,,0,85,,84757,23,,,0,85,,84768,23,,,0,85,,84758,23,,,0,45,,84769,23,,,0,83,,84759,23,,,0,85,,84770,23,,,0,85,,84761,23,,,0,45,,84771,23,,,0,85,,84760,23,,,0,85,,84772,23,,,0,85,,84762,23,,,0,46,,84773,23,,,0,85,,84763,23,,,0
2601,'Weekday',629,,84774,23,,,0,76,,84775,23,,,0,29,,84776,23,,,0,72,,84777,23,,,0,32,,84778,23,,,0,69,,84780,23,,,0,28,,84781,23,,,0,70,,84782,23,,,0,30,,84779,23,,,0,70,,84783,23,,,0,30,,84784,23,,,0,70,,84785,23,,,0,30,,84786,23,,,0,70,,84787,23,,,0,30,,84788,23,,,0,70,,84789,23,,,0,30,,84790,23,,,0,73,,84791,23,,,0,32,,84792,23,,,0,72,,84793,23,,,0,32,,84794,23,,,0,72,,84795,23,,,0,32,,84796,23,,,0,70,,84797,23,,,0,30,,84798,23,,,0,69,,84803,23,,,0,30,,84801,23,,,0,70,,84804,23,,,0,30,,84805,23,,,0,69,,84802,23,,,0,29,,84799,23,,,0,70,,84800,23,,,0
2601,'STMPSa-Saturday',618,,84817,23,,,0,85,,84807,23,,,0,45,,84815,23,,,0,85,,84810,23,,,0,87,,84818,23,,,0,86,,84806,23,,,0,45,,84819,23,,,0,85,,84812,23,,,0,85,,84820,23,,,0,85,,84808,23,,,0,45,,84821,23,,,0,83,,84809,23,,,0,85,,84822,23,,,0,85,,84811,23,,,0,45,,84823,23,,,0,85,,84813,23,,,0,85,,84825,23,,,0,85,,84814,23,,,0,46,,84824,23,,,0,85,,84816,23,,,0
2601,'STMPSnea-Weekday',629,,84826,23,,,0,76,,84827,23,,,0,29,,84828,23,,,0,72,,84829,23,,,0,32,,84830,23,,,0,69,,84832,23,,,0,28,,84833,23,,,0,70,,84834,23,,,0,30,,84831,23,,,0,70,,84835,23,,,0,30,,84836,23,,,0,70,,84837,23,,,0,30,,84838,23,,,0,70,,84839,23,,,0,30,,84840,23,,,0,70,,84841,23,,,0,30,,84842,23,,,0,73,,84843,23,,,0,32,,84844,23,,,0,72,,84845,23,,,0,32,,84846,23,,,0,72,,84847,23,,,0,32,,84848,23,,,0,70,,84849,23,,,0,30,,84850,23,,,0,69,,84855,23,,,0,30,,84853,23,,,0,70,,84856,23,,,0,30,,84857,23,,,0,69,,84854,23,,,0,29,,84851,23,,,0,70,,84852,23,,,0
2601,'STMPSu1-Sunday',618,,84868,23,,,0,85,,84858,23,,,0,45,,84869,23,,,0,85,,84859,23,,,0,87,,84870,23,,,0,86,,84860,23,,,0,45,,84871,23,,,0,85,,84861,23,,,0,85,,84872,23,,,0,85,,84863,23,,,0,45,,84873,23,,,0,83,,84864,23,,,0,85,,84874,23,,,0,85,,84865,23,,,0,45,,84875,23,,,0,85,,84862,23,,,0,85,,84876,23,,,0,85,,84866,23,,,0,46,,84877,23,,,0,85,,84867,23,,,0
2601,'STMPSu2-Sunday',618,,84888,23,,,0,85,,84878,23,,,0,45,,84889,23,,,0,85,,84879,23,,,0,87,,84890,23,,,0,86,,84880,23,,,0,45,,84891,23,,,0,85,,84881,23,,,0,85,,84892,23,,,0,85,,84882,23,,,0,45,,84893,23,,,0,83,,84883,23,,,0,85,,84894,23,,,0,85,,84885,23,,,0,45,,84895,23,,,0,85,,84884,23,,,0,85,,84896,23,,,0,85,,84886,23,,,0,46,,84897,23,,,0,85,,84887,23,,,0
2601,'STMPWeek-Weekday',629,,84898,23,,,0,76,,84899,23,,,0,29,,84900,23,,,0,72,,84901,23,,,0,32,,84902,23,,,0,69,,84904,23,,,0,28,,84905,23,,,0,70,,84906,23,,,0,30,,84903,23,,,0,70,,84907,23,,,0,30,,84908,23,,,0,70,,84909,23,,,0,30,,84910,23,,,0,70,,84911,23,,,0,30,,84912,23,,,0,70,,84913,23,,,0,30,,84914,23,,,0,73,,84915,23,,,0,32,,84916,23,,,0,72,,84917,23,,,0,32,,84918,23,,,0,72,,84919,23,,,0,32,,84920,23,,,0,70,,84921,23,,,0,30,,84922,23,,,0,69,,84927,23,,,0,30,,84925,23,,,0,70,,84928,23,,,0,30,,84929,23,,,0,69,,84926,23,,,0,29,,84923,23,,,0,70,,84924,23,,,0
2601,'STMPar-Weekday',629,,84930,23,,,0,76,,84931,23,,,0,29,,84932,23,,,0,72,,84933,23,,,0,32,,84934,23,,,0,69,,84936,23,,,0,28,,84937,23,,,0,70,,84938,23,,,0,30,,84935,23,,,0,70,,84939,23,,,0,30,,84940,23,,,0,70,,84941,23,,,0,30,,84942,23,,,0,70,,84943,23,,,0,30,,84944,23,,,0,70,,84945,23,,,0,30,,84946,23,,,0,73,,84947,23,,,0,32,,84948,23,,,0,72,,84949,23,,,0,32,,84950,23,,,0,72,,84951,23,,,0,32,,84952,23,,,0,70,,84953,23,,,0,30,,84954,23,,,0,69,,84959,23,,,0,30,,84957,23,,,0,70,,84960,23,,,0,30,,84961,23,,,0,69,,84958,23,,,0,29,,84955,23,,,0,70,,84956,23,,,0
4000,'Saturday',818,,89771,21,,,0,35,,89772,21,,,0,75,,89770,21,,,0,75,,89773,21,,,0,35,,89774,21,,,0,75,,89775,21,,,0,35,,89776,21,,,0,75,,89777,21,,,0,35,,89780,21,,,0,75,,89781,21,,,0,75,,89778,21,,,0,35,,89779,21,,,0,75,,89782,21,,,0,35,,89783,21,,,0,75,,89784,21,,,0,75,,89785,21,,,0,35,,89786,21,,,0,75,,89787,21,,,0,35,,89788,21,,,0
4000,'Sunday',818,,89789,21,,,0,35,,89790,21,,,0,75,,89792,21,,,0,75,,89793,21,,,0,35,,89794,21,,,0,75,,89791,21,,,0,35,,89795,21,,,0,75,,89796,21,,,0,35,,89797,21,,,0,75,,89798,21,,,0,75,,89799,21,,,0,35,,89801,21,,,0,75,,89802,21,,,0,35,,89803,21,,,0,75,,89800,21,,,0,75,,89804,21,,,0,35,,89805,21,,,0,75,,89806,21,,,0,35,,89807,21,,,0
4000,'Weekday',628,,89824,21,,,0,75,,89818,21,,,0,35,,89831,21,,,0,75,,89825,21,,,0,35,,89819,21,,,0,75,,89832,21,,,0,35,,89826,21,,,0,75,,89820,21,,,0,75,,89833,21,,,0,35,,89827,21,,,0,75,,89821,21,,,0,35,,89834,21,,,0,75,,89828,21,,,0,76,,89822,21,,,0,37,,89835,21,,,0,76,,89829,21,,,0,39,,89823,21,,,0,77,,89836,21,,,0,77,,89830,21,,,0,39,,89808,21,,,0,73,,89815,21,,,0,32,,89812,21,,,0,72,,89809,21,,,0,32,,89816,21,,,0,73,,89813,21,,,0,74,,89810,21,,,0,35,,89817,21,,,0,75,,89814,21,,,0,31,,89811,21,,,0
4000,'STMPSa-Saturday',818,,89838,21,,,0,35,,89839,21,,,0,75,,89837,21,,,0,75,,89840,21,,,0,35,,89841,21,,,0,75,,89842,21,,,0,35,,89843,21,,,0,75,,89844,21,,,0,35,,89847,21,,,0,75,,89848,21,,,0,75,,89845,21,,,0,35,,89846,21,,,0,75,,89849,21,,,0,35,,89850,21,,,0,75,,89851,21,,,0,75,,89852,21,,,0,35,,89853,21,,,0,75,,89854,21,,,0,35,,89855,21,,,0
4000,'STMPSnea-Weekday',628,,89872,21,,,0,75,,89866,21,,,0,35,,89879,21,,,0,75,,89873,21,,,0,35,,89867,21,,,0,75,,89880,21,,,0,35,,89874,21,,,0,75,,89868,21,,,0,75,,89881,21,,,0,35,,89875,21,,,0,75,,89869,21,,,0,35,,89882,21,,,0,75,,89876,21,,,0,76,,89870,21,,,0,37,,89883,21,,,0,76,,89877,21,,,0,39,,89871,21,,,0,77,,89884,21,,,0,77,,89878,21,,,0,39,,89856,21,,,0,73,,89863,21,,,0,32,,89860,21,,,0,72,,89857,21,,,0,32,,89864,21,,,0,73,,89861,21,,,0,74,,89858,21,,,0,35,,89865,21,,,0,75,,89862,21,,,0,31,,89859,21,,,0
4000,'STMPSu1-Sunday',818,,89885,21,,,0,35,,89886,21,,,0,75,,89888,21,,,0,75,,89889,21,,,0,35,,89890,21,,,0,75,,89887,21,,,0,35,,89891,21,,,0,75,,89892,21,,,0,35,,89893,21,,,0,75,,89894,21,,,0,75,,89895,21,,,0,35,,89897,21,,,0,75,,89898,21,,,0,35,,89899,21,,,0,75,,89896,21,,,0,75,,89900,21,,,0,35,,89901,21,,,0,75,,89902,21,,,0,35,,89903,21,,,0
4000,'STMPSu2-Sunday',818,,89904,21,,,0,35,,89905,21,,,0,75,,89907,21,,,0,75,,89908,21,,,0,35,,89909,21,,,0,75,,89906,21,,,0,35,,89910,21,,,0,75,,89911,21,,,0,35,,89912,21,,,0,75,,89913,21,,,0,75,,89914,21,,,0,35,,89916,21,,,0,75,,89917,21,,,0,35,,89918,21,,,0,75,,89915,21,,,0,75,,89919,21,,,0,35,,89920,21,,,0,75,,89921,21,,,0,35,,89922,21,,,0
4000,'STMPWeek-Weekday',628,,89939,21,,,0,75,,89933,21,,,0,35,,89946,21,,,0,75,,89940,21,,,0,35,,89934,21,,,0,75,,89947,21,,,0,35,,89941,21,,,0,75,,89935,21,,,0,75,,89948,21,,,0,35,,89942,21,,,0,75,,89936,21,,,0,35,,89949,21,,,0,75,,89943,21,,,0,76,,89937,21,,,0,37,,89950,21,,,0,76,,89944,21,,,0,39,,89938,21,,,0,77,,89951,21,,,0,77,,89945,21,,,0,39,,89923,21,,,0,73,,89930,21,,,0,32,,89927,21,,,0,72,,89924,21,,,0,32,,89931,21,,,0,73,,89928,21,,,0,74,,89925,21,,,0,35,,89932,21,,,0,75,,89929,21,,,0,31,,89926,21,,,0
4000,'STMPar-Weekday',628,,89968,21,,,0,75,,89962,21,,,0,35,,89975,21,,,0,75,,89969,21,,,0,35,,89963,21,,,0,75,,89976,21,,,0,35,,89971,21,,,0,75,,89964,21,,,0,75,,89977,21,,,0,35,,89970,21,,,0,75,,89965,21,,,0,35,,89978,21,,,0,75,,89972,21,,,0,76,,89966,21,,,0,37,,89979,21,,,0,76,,89973,21,,,0,39,,89967,21,,,0,77,,89980,21,,,0,77,,89974,21,,,0,39,,89952,21,,,0,73,,89959,21,,,0,32,,89956,21,,,0,72,,89953,21,,,0,32,,89960,21,,,0,73,,89957,21,,,0,74,,89954,21,,,0,35,,89961,21,,,0,75,,89958,21,,,0,31,,89955,21,,,0
