2800,'Saturday',604,,84974,39,,,0,30,,84980,39,,,0,70,,84972,39,,,0,30,,84988,39,,,0,70,,84978,39,,,0,30,,84986,39,,,0,70,,84971,39,,,0,30,,84993,39,,,0,70,,84973,39,,,0,30,,84990,39,,,0,70,,84975,39,,,0,30,,84989,39,,,0,70,,84976,39,,,0,30,,84991,39,,,0,70,,84977,39,,,0,30,,84992,39,,,0,70,,84962,39,,,0,30,,84981,39,,,0,70,,84963,39,,,0,30,,84985,39,,,0,70,,84964,39,,,0,30,,84979,39,,,0,70,,84965,39,,,0,30,,84984,39,,,0,70,,84966,39,,,0,30,,84982,39,,,0,70,,84967,39,,,0,30,,84983,39,,,0,70,,84968,39,,,0,30,,84987,39,,,0,70,,84969,39,,,0,30,,84994,39,,,0,72,,84970,39,,,0
2800,'Sunday',734,,84999,39,,,0,70,,85010,39,,,0,30,,85004,39,,,0,70,,85011,39,,,0,30,,85005,39,,,0,70,,85012,39,,,0,30,,85006,39,,,0,70,,85013,39,,,0,30,,85002,39,,,0,70,,85014,39,,,0,30,,84995,39,,,0,70,,85015,39,,,0,30,,84996,39,,,0,70,,85016,39,,,0,30,,84997,39,,,0,70,,85017,39,,,0,30,,84998,39,,,0,70,,85018,39,,,0,30,,85000,39,,,0,70,,85019,39,,,0,30,,85003,39,,,0,70,,85020,39,,,0,30,,85001,39,,,0,70,,85021,39,,,0,30,,85008,39,,,0,70,,85022,39,,,0,30,,85009,39,,,0,70,,85023,39,,,0,32,,85007,39,,,0,70,,85024,39,,,0
2800,'Weekday',533,,85026,22,,,0,72,,85027,39,,,0,38,,85028,39,,,0,70,,85044,39,,,0,30,,85029,39,,,0,70,,85045,39,,,0,30,,85030,39,,,0,70,,85047,39,,,0,30,,85031,39,,,0,70,,85046,39,,,0,30,,85032,39,,,0,70,,85048,39,,,0,30,,85034,39,,,0,70,,85049,39,,,0,30,,85033,39,,,0,70,,85051,39,,,0,30,,85035,39,,,0,70,,85050,39,,,0,30,,85036,39,,,0,70,,85053,39,,,0,30,,85037,39,,,0,70,,85054,39,,,0,30,,85038,39,,,0,70,,85052,39,,,0,30,,85039,39,,,0,70,,85055,39,,,0,30,,85040,39,,,0,65,,85056,39,,,0,28,,85025,39,,,0,69,,85058,39,,,0,30,,85041,39,,,0,70,,85059,39,,,0,30,,85042,39,,,0,70,,85060,39,,,0,30,,85043,39,,,0,70,,85057,39,,,0,30,,85062,39,,,0,70,,85061,39,,,0
2800,'STMPSa-Saturday',604,,85075,39,,,0,30,,85081,39,,,0,70,,85073,39,,,0,30,,85089,39,,,0,70,,85079,39,,,0,30,,85087,39,,,0,70,,85072,39,,,0,30,,85094,39,,,0,70,,85074,39,,,0,30,,85091,39,,,0,70,,85076,39,,,0,30,,85090,39,,,0,70,,85077,39,,,0,30,,85092,39,,,0,70,,85078,39,,,0,30,,85093,39,,,0,70,,85063,39,,,0,30,,85082,39,,,0,70,,85064,39,,,0,30,,85086,39,,,0,70,,85065,39,,,0,30,,85080,39,,,0,70,,85066,39,,,0,30,,85085,39,,,0,70,,85067,39,,,0,30,,85083,39,,,0,70,,85068,39,,,0,30,,85084,39,,,0,70,,85069,39,,,0,30,,85088,39,,,0,70,,85070,39,,,0,30,,85095,39,,,0,72,,85071,39,,,0
2800,'STMPSnea-Weekday',533,,85097,22,,,0,72,,85098,39,,,0,38,,85099,39,,,0,70,,85115,39,,,0,30,,85100,39,,,0,70,,85116,39,,,0,30,,85101,39,,,0,70,,85118,39,,,0,30,,85102,39,,,0,70,,85117,39,,,0,30,,85103,39,,,0,70,,85119,39,,,0,30,,85105,39,,,0,70,,85120,39,,,0,30,,85104,39,,,0,70,,85122,39,,,0,30,,85106,39,,,0,70,,85121,39,,,0,30,,85107,39,,,0,70,,85124,39,,,0,30,,85108,39,,,0,70,,85125,39,,,0,30,,85109,39,,,0,70,,85123,39,,,0,30,,85110,39,,,0,70,,85126,39,,,0,30,,85111,39,,,0,65,,85127,39,,,0,28,,85096,39,,,0,69,,85129,39,,,0,30,,85112,39,,,0,70,,85130,39,,,0,30,,85113,39,,,0,70,,85131,39,,,0,30,,85114,39,,,0,70,,85128,39,,,0,30,,85133,39,,,0,70,,85132,39,,,0
2800,'STMPSu1-Sunday',734,,85138,39,,,0,70,,85149,39,,,0,30,,85143,39,,,0,70,,85150,39,,,0,30,,85144,39,,,0,70,,85151,39,,,0,30,,85145,39,,,0,70,,85152,39,,,0,30,,85141,39,,,0,70,,85153,39,,,0,30,,85134,39,,,0,70,,85154,39,,,0,30,,85135,39,,,0,70,,85156,39,,,0,30,,85136,39,,,0,70,,85155,39,,,0,30,,85137,39,,,0,70,,85157,39,,,0,30,,85139,39,,,0,70,,85158,39,,,0,30,,85142,39,,,0,70,,85159,39,,,0,30,,85140,39,,,0,70,,85160,39,,,0,30,,85147,39,,,0,70,,85161,39,,,0,30,,85148,39,,,0,70,,85162,39,,,0,32,,85146,39,,,0,70,,85163,39,,,0
2800,'STMPSu2-Sunday',734,,85168,39,,,0,70,,85179,39,,,0,30,,85173,39,,,0,70,,85180,39,,,0,30,,85174,39,,,0,70,,85181,39,,,0,30,,85175,39,,,0,70,,85182,39,,,0,30,,85171,39,,,0,70,,85183,39,,,0,30,,85164,39,,,0,70,,85184,39,,,0,30,,85165,39,,,0,70,,85185,39,,,0,30,,85166,39,,,0,70,,85186,39,,,0,30,,85167,39,,,0,70,,85187,39,,,0,30,,85169,39,,,0,70,,85188,39,,,0,30,,85172,39,,,0,70,,85189,39,,,0,30,,85170,39,,,0,70,,85190,39,,,0,30,,85177,39,,,0,70,,85191,39,,,0,30,,85178,39,,,0,70,,85192,39,,,0,32,,85176,39,,,0,70,,85193,39,,,0
2800,'STMPWeek-Weekday',533,,85195,22,,,0,72,,85196,39,,,0,38,,85197,39,,,0,70,,85213,39,,,0,30,,85198,39,,,0,70,,85214,39,,,0,30,,85199,39,,,0,70,,85216,39,,,0,30,,85200,39,,,0,70,,85215,39,,,0,30,,85201,39,,,0,70,,85217,39,,,0,30,,85203,39,,,0,70,,85218,39,,,0,30,,85202,39,,,0,70,,85220,39,,,0,30,,85204,39,,,0,70,,85219,39,,,0,30,,85205,39,,,0,70,,85222,39,,,0,30,,85206,39,,,0,70,,85223,39,,,0,30,,85207,39,,,0,70,,85221,39,,,0,30,,85208,39,,,0,70,,85224,39,,,0,30,,85209,39,,,0,65,,85225,39,,,0,28,,85194,39,,,0,69,,85227,39,,,0,30,,85210,39,,,0,70,,85228,39,,,0,30,,85211,39,,,0,70,,85229,39,,,0,30,,85212,39,,,0,70,,85226,39,,,0,30,,85231,39,,,0,70,,85230,39,,,0
2800,'STMPar-Weekday',533,,85233,22,,,0,72,,85234,39,,,0,38,,85235,39,,,0,70,,85251,39,,,0,30,,85236,39,,,0,70,,85252,39,,,0,30,,85237,39,,,0,70,,85254,39,,,0,30,,85238,39,,,0,70,,85253,39,,,0,30,,85239,39,,,0,70,,85255,39,,,0,30,,85241,39,,,0,70,,85256,39,,,0,30,,85240,39,,,0,70,,85258,39,,,0,30,,85242,39,,,0,70,,85257,39,,,0,30,,85243,39,,,0,70,,85260,39,,,0,30,,85244,39,,,0,70,,85261,39,,,0,30,,85245,39,,,0,70,,85259,39,,,0,30,,85246,39,,,0,70,,85262,39,,,0,30,,85247,39,,,0,65,,85263,39,,,0,28,,85232,39,,,0,69,,85265,39,,,0,30,,85248,39,,,0,70,,85266,39,,,0,30,,85249,39,,,0,70,,85267,39,,,0,30,,85250,39,,,0,70,,85264,39,,,0,30,,85269,39,,,0,70,,85268,39,,,0
4400,'Saturday',704,,91964,36,,,0,40,,91965,36,,,0,80,,91966,36,,,0,80,,91967,36,,,0,40,,91968,36,,,0,80,,91969,36,,,0,80,,91970,36,,,0,40,,91972,36,,,0,80,,91974,36,,,0,80,,91973,36,,,0,40,,91975,36,,,0,80,,91971,36,,,0,80,,91976,36,,,0,40,,91977,36,,,0,80,,91978,36,,,0,80,,91979,36,,,0,40,,91980,36,,,0,80,,91981,36,,,0,80,,91982,36,,,0,42,,91983,36,,,0
4400,'Weekday',546,,91984,36,,,0,80,,91985,36,,,0,80,,91986,36,,,0,38,,91987,36,,,0,73,,91988,36,,,0,40,,91990,36,,,0,89,,91991,36,,,0,80,,91989,36,,,0,80,,91993,36,,,0,40,,91994,36,,,0,80,,91992,36,,,0,80,,91995,36,,,0,40,,91996,36,,,0,80,,91997,36,,,0,88,,91999,36,,,0,34,,92000,36,,,0,78,,92001,36,,,0,80,,91998,36,,,0,40,,92002,36,,,0,80,,92003,36,,,0,80,,92004,36,,,0,40,,92005,36,,,0
4400,'STMPSa-Saturday',704,,92006,36,,,0,40,,92007,36,,,0,80,,92008,36,,,0,80,,92009,36,,,0,40,,92011,36,,,0,80,,92010,36,,,0,80,,92012,36,,,0,40,,92014,36,,,0,80,,92016,36,,,0,80,,92015,36,,,0,40,,92017,36,,,0,80,,92013,36,,,0,80,,92018,36,,,0,40,,92019,36,,,0,80,,92020,36,,,0,80,,92021,36,,,0,40,,92022,36,,,0,80,,92023,36,,,0,80,,92024,36,,,0,42,,92025,36,,,0
4400,'STMPSnea-Weekday',546,,92026,36,,,0,80,,92027,36,,,0,80,,92028,36,,,0,38,,92029,36,,,0,73,,92030,36,,,0,40,,92032,36,,,0,89,,92033,36,,,0,80,,92031,36,,,0,80,,92035,36,,,0,40,,92036,36,,,0,80,,92034,36,,,0,80,,92037,36,,,0,40,,92038,36,,,0,80,,92039,36,,,0,88,,92041,36,,,0,34,,92042,36,,,0,78,,92043,36,,,0,80,,92040,36,,,0,40,,92044,36,,,0,80,,92045,36,,,0,80,,92046,36,,,0,40,,92047,36,,,0
4400,'STMPWeek-Weekday',546,,92048,36,,,0,80,,92049,36,,,0,80,,92050,36,,,0,38,,92051,36,,,0,73,,92052,36,,,0,40,,92054,36,,,0,89,,92055,36,,,0,80,,92053,36,,,0,80,,92057,36,,,0,40,,92058,36,,,0,80,,92056,36,,,0,80,,92059,36,,,0,40,,92060,36,,,0,80,,92061,36,,,0,88,,92063,36,,,0,34,,92064,36,,,0,78,,92065,36,,,0,80,,92062,36,,,0,40,,92066,36,,,0,80,,92067,36,,,0,80,,92068,36,,,0,40,,92069,36,,,0
4400,'STMPar-Weekday',546,,92070,36,,,0,80,,92071,36,,,0,80,,92072,36,,,0,38,,92073,36,,,0,73,,92074,36,,,0,40,,92076,36,,,0,89,,92077,36,,,0,80,,92075,36,,,0,80,,92079,36,,,0,40,,92080,36,,,0,80,,92078,36,,,0,80,,92081,36,,,0,40,,92082,36,,,0,80,,92083,36,,,0,88,,92085,36,,,0,34,,92086,36,,,0,78,,92087,36,,,0,80,,92084,36,,,0,40,,92088,36,,,0,80,,92089,36,,,0,80,,92090,36,,,0,40,,92091,36,,,0
8300,'Saturday',625,,106173,28,,,0,30,,106187,28,,,0,70,,106172,28,,,0,30,,106184,28,,,0,70,,106166,28,,,0,30,,106182,28,,,0,70,,106168,28,,,0,30,,106183,28,,,0,70,,106167,28,,,0,30,,106186,28,,,0,70,,106169,28,,,0,30,,106185,28,,,0,70,,106170,28,,,0,30,,106188,28,,,0,70,,106171,28,,,0,30,,106181,28,,,0,70,,106158,28,,,0,30,,106175,28,,,0,70,,106159,28,,,0,30,,106177,28,,,0,70,,106161,28,,,0,30,,106179,28,,,0,70,,106162,28,,,0,30,,106176,28,,,0,70,,106163,28,,,0,30,,106180,28,,,0,70,,106164,28,,,0,30,,106178,28,,,0,70,,106165,28,,,0,30,,106174,28,,,0,70,,106160,28,,,0,30,,106189,28,,,0
8300,'Sunday',755,,106199,28,,,0,70,,106206,28,,,0,30,,106200,28,,,0,70,,106205,28,,,0,30,,106197,28,,,0,70,,106208,28,,,0,30,,106198,28,,,0,70,,106207,28,,,0,30,,106201,28,,,0,70,,106209,28,,,0,30,,106190,28,,,0,70,,106211,28,,,0,30,,106191,28,,,0,70,,106210,28,,,0,30,,106192,28,,,0,70,,106213,28,,,0,30,,106193,28,,,0,70,,106212,28,,,0,30,,106194,28,,,0,70,,106214,28,,,0,30,,106195,28,,,0,70,,106215,28,,,0,30,,106202,28,,,0,70,,106216,28,,,0,30,,106203,28,,,0,70,,106217,28,,,0,30,,106204,28,,,0,70,,106218,28,,,0,32,,106196,28,,,0,70,,106219,28,,,0
8300,'Weekday',553,,106237,13,,,0,61,,106238,28,,,0,22,,106239,28,,,0,70,,106221,28,,,0,30,,106241,28,,,0,70,,106222,28,,,0,30,,106240,28,,,0,70,,106223,28,,,0,30,,106243,28,,,0,70,,106224,28,,,0,30,,106242,28,,,0,70,,106225,28,,,0,30,,106244,28,,,0,70,,106226,28,,,0,30,,106245,28,,,0,70,,106227,28,,,0,30,,106246,28,,,0,70,,106228,28,,,0,30,,106248,28,,,0,75,,106229,28,,,0,26,,106247,28,,,0,70,,106230,28,,,0,30,,106249,28,,,0,70,,106232,28,,,0,30,,106250,28,,,0,70,,106231,28,,,0,30,,106251,28,,,0,68,,106220,28,,,0,25,,106252,28,,,0,70,,106233,28,,,0,30,,106253,28,,,0,70,,106234,28,,,0,30,,106254,28,,,0,70,,106235,28,,,0,30,,106255,28,,,0,70,,106236,28,,,0,30,,106256,28,,,0
8300,'STMPSa-Saturday',625,,106272,28,,,0,30,,106286,28,,,0,70,,106271,28,,,0,30,,106283,28,,,0,70,,106265,28,,,0,30,,106281,28,,,0,70,,106267,28,,,0,30,,106282,28,,,0,70,,106266,28,,,0,30,,106285,28,,,0,70,,106268,28,,,0,30,,106284,28,,,0,70,,106269,28,,,0,30,,106287,28,,,0,70,,106270,28,,,0,30,,106279,28,,,0,70,,106257,28,,,0,30,,106274,28,,,0,70,,106258,28,,,0,30,,106276,28,,,0,70,,106260,28,,,0,30,,106278,28,,,0,70,,106261,28,,,0,30,,106275,28,,,0,70,,106262,28,,,0,30,,106280,28,,,0,70,,106263,28,,,0,30,,106277,28,,,0,70,,106264,28,,,0,30,,106273,28,,,0,70,,106259,28,,,0,30,,106288,28,,,0
8300,'STMPSnea-Weekday',553,,106306,13,,,0,61,,106307,28,,,0,22,,106308,28,,,0,70,,106290,28,,,0,30,,106310,28,,,0,70,,106291,28,,,0,30,,106309,28,,,0,70,,106292,28,,,0,30,,106312,28,,,0,70,,106293,28,,,0,30,,106311,28,,,0,70,,106294,28,,,0,30,,106313,28,,,0,70,,106295,28,,,0,30,,106314,28,,,0,70,,106296,28,,,0,30,,106315,28,,,0,70,,106297,28,,,0,30,,106317,28,,,0,75,,106298,28,,,0,26,,106316,28,,,0,70,,106299,28,,,0,30,,106318,28,,,0,70,,106301,28,,,0,30,,106319,28,,,0,70,,106300,28,,,0,30,,106320,28,,,0,68,,106289,28,,,0,25,,106321,28,,,0,70,,106302,28,,,0,30,,106322,28,,,0,70,,106303,28,,,0,30,,106323,28,,,0,70,,106304,28,,,0,30,,106324,28,,,0,70,,106305,28,,,0,30,,106325,28,,,0
8300,'STMPSu1-Sunday',755,,106335,28,,,0,70,,106342,28,,,0,30,,106336,28,,,0,70,,106341,28,,,0,30,,106333,28,,,0,70,,106344,28,,,0,30,,106334,28,,,0,70,,106343,28,,,0,30,,106337,28,,,0,70,,106345,28,,,0,30,,106326,28,,,0,70,,106347,28,,,0,30,,106327,28,,,0,70,,106346,28,,,0,30,,106328,28,,,0,70,,106349,28,,,0,30,,106329,28,,,0,70,,106348,28,,,0,30,,106330,28,,,0,70,,106350,28,,,0,30,,106331,28,,,0,70,,106351,28,,,0,30,,106338,28,,,0,70,,106352,28,,,0,30,,106339,28,,,0,70,,106353,28,,,0,30,,106340,28,,,0,70,,106354,28,,,0,32,,106332,28,,,0,70,,106355,28,,,0
8300,'STMPSu2-Sunday',755,,106365,28,,,0,70,,106372,28,,,0,30,,106366,28,,,0,70,,106371,28,,,0,30,,106363,28,,,0,70,,106374,28,,,0,30,,106364,28,,,0,70,,106373,28,,,0,30,,106367,28,,,0,70,,106375,28,,,0,30,,106356,28,,,0,70,,106377,28,,,0,30,,106357,28,,,0,70,,106376,28,,,0,30,,106358,28,,,0,70,,106379,28,,,0,30,,106359,28,,,0,70,,106378,28,,,0,30,,106360,28,,,0,70,,106380,28,,,0,30,,106361,28,,,0,70,,106381,28,,,0,30,,106368,28,,,0,70,,106382,28,,,0,30,,106369,28,,,0,70,,106383,28,,,0,30,,106370,28,,,0,70,,106384,28,,,0,32,,106362,28,,,0,70,,106385,28,,,0
8300,'STMPWeek-Weekday',553,,106403,13,,,0,61,,106404,28,,,0,22,,106405,28,,,0,70,,106387,28,,,0,30,,106407,28,,,0,70,,106388,28,,,0,30,,106406,28,,,0,70,,106389,28,,,0,30,,106409,28,,,0,70,,106390,28,,,0,30,,106408,28,,,0,70,,106391,28,,,0,30,,106410,28,,,0,70,,106392,28,,,0,30,,106411,28,,,0,70,,106393,28,,,0,30,,106412,28,,,0,70,,106394,28,,,0,30,,106414,28,,,0,75,,106395,28,,,0,26,,106413,28,,,0,70,,106396,28,,,0,30,,106415,28,,,0,70,,106398,28,,,0,30,,106416,28,,,0,70,,106397,28,,,0,30,,106417,28,,,0,68,,106386,28,,,0,25,,106418,28,,,0,70,,106399,28,,,0,30,,106419,28,,,0,70,,106400,28,,,0,30,,106420,28,,,0,70,,106401,28,,,0,30,,106421,28,,,0,70,,106402,28,,,0,30,,106422,28,,,0
8300,'STMPar-Weekday',553,,106440,13,,,0,61,,106441,28,,,0,22,,106442,28,,,0,70,,106424,28,,,0,30,,106444,28,,,0,70,,106425,28,,,0,30,,106443,28,,,0,70,,106426,28,,,0,30,,106446,28,,,0,70,,106427,28,,,0,30,,106445,28,,,0,70,,106428,28,,,0,30,,106447,28,,,0,70,,106429,28,,,0,30,,106448,28,,,0,70,,106430,28,,,0,30,,106449,28,,,0,70,,106431,28,,,0,30,,106451,28,,,0,75,,106432,28,,,0,26,,106450,28,,,0,70,,106433,28,,,0,30,,106452,28,,,0,70,,106435,28,,,0,30,,106453,28,,,0,70,,106434,28,,,0,30,,106454,28,,,0,68,,106423,28,,,0,25,,106455,28,,,0,70,,106436,28,,,0,30,,106456,28,,,0,70,,106437,28,,,0,30,,106458,28,,,0,70,,106438,28,,,0,30,,106457,28,,,0,70,,106439,28,,,0,30,,106459,28,,,0
