7500,'Saturday',542,,64398,,,0,75,,64410,,,0,35,,64419,,,0,75,,64399,,,0,75,,64408,,,0,36,,64418,,,0,75,,64400,,,0,35,,64409,,,0,75,,64421,,,0,35,,64402,,,0,75,,64412,,,0,75,,64420,,,0,35,,64403,,,0,75,,64411,,,0,35,,64422,,,0,75,,64404,,,0,75,,64413,,,0,35,,64423,,,0,75,,64401,,,0,35,,64414,,,0,75,,64424,,,0,35,,64405,,,0,75,,64415,,,0,75,,64425,,,0,35,,64406,,,0,75,,64416,,,0,35,,64426,,,0,74,,64407,,,0,75,,64417,,,0,25,,64427,,,0,75,,64428,,,0,35,,64429,,,0,75,,64430,,,0
7500,'Sunday',542,,64431,,,0,75,,64441,,,0,35,,64451,,,0,75,,64433,,,0,75,,64443,,,0,36,,64452,,,0,75,,64432,,,0,35,,64444,,,0,75,,64453,,,0,35,,64434,,,0,75,,64442,,,0,75,,64454,,,0,35,,64435,,,0,75,,64445,,,0,35,,64455,,,0,75,,64436,,,0,75,,64447,,,0,35,,64456,,,0,75,,64437,,,0,35,,64446,,,0,75,,64458,,,0,35,,64438,,,0,75,,64448,,,0,75,,64457,,,0,35,,64439,,,0,75,,64449,,,0,35,,64459,,,0,74,,64440,,,0,75,,64450,,,0,35,,64460,,,0,75,,64461,,,0,35,,64462,,,0,75,,64463,,,0
7500,'Weekday',556,,64464,,,0,72,,64482,,,0,23,,64484,,,0,63,,64496,,,0,23,,64491,,,0,22,,64473,,,0,64,,64467,,,0,23,,64503,,,0,62,,64505,,,0,23,,64471,,,0,74,,64499,,,0,34,,64490,,,0,74,,64493,,,0,34,,64481,,,0,74,,64504,,,0,34,,64502,,,0,74,,64466,,,0,74,,64465,,,0,34,,64492,,,0,74,,64500,,,0,26,,64485,,,0,10,,64497,,,0,62,,64474,,,0,19,,64478,,,0,19,,64476,,,0,59,,64475,,,0,19,,64479,,,0,19,,64468,,,0,59,,64488,,,0,17,,64483,,,0,19,,64469,,,0,19,,64486,,,0,59,,64480,,,0,18,,64498,,,0,73,,64487,,,0,34,,64495,,,0,73,,64470,,,0,32,,64472,,,0,74,,64494,,,0,34,,64501,,,0,74,,64506,,,0,74,,64489,,,0,31,,64477,,,0
7500,'1CCSDCUT-Weekday',556,,64507,,,0,72,,64525,,,0,23,,64527,,,0,63,,64539,,,0,23,,64534,,,0,22,,64516,,,0,64,,64510,,,0,23,,64546,,,0,62,,64548,,,0,23,,64514,,,0,74,,64542,,,0,34,,64533,,,0,74,,64536,,,0,34,,64524,,,0,74,,64547,,,0,34,,64545,,,0,74,,64509,,,0,74,,64508,,,0,34,,64535,,,0,74,,64543,,,0,26,,64528,,,0,10,,64540,,,0,62,,64517,,,0,19,,64521,,,0,19,,64519,,,0,59,,64518,,,0,19,,64522,,,0,19,,64511,,,0,59,,64531,,,0,17,,64526,,,0,19,,64512,,,0,19,,64529,,,0,59,,64523,,,0,18,,64541,,,0,73,,64530,,,0,34,,64538,,,0,73,,64513,,,0,32,,64515,,,0,74,,64537,,,0,34,,64544,,,0,74,,64549,,,0,74,,64532,,,0,31,,64520,,,0
7500,'1PUBCUT-Weekday',556,,64550,,,0,72,,64568,,,0,23,,64570,,,0,63,,64582,,,0,23,,64577,,,0,22,,64559,,,0,64,,64553,,,0,23,,64589,,,0,62,,64591,,,0,23,,64557,,,0,74,,64585,,,0,34,,64576,,,0,74,,64579,,,0,34,,64567,,,0,74,,64590,,,0,34,,64588,,,0,74,,64552,,,0,74,,64551,,,0,34,,64578,,,0,74,,64586,,,0,26,,64571,,,0,10,,64583,,,0,62,,64560,,,0,19,,64564,,,0,19,,64562,,,0,59,,64561,,,0,19,,64565,,,0,19,,64554,,,0,59,,64574,,,0,17,,64569,,,0,19,,64555,,,0,19,,64572,,,0,59,,64566,,,0,18,,64584,,,0,73,,64573,,,0,34,,64581,,,0,73,,64556,,,0,32,,64558,,,0,74,,64580,,,0,34,,64587,,,0,74,,64592,,,0,74,,64575,,,0,31,,64563,,,0
7900,'Weekday',440,,65729,,,0,65,,65753,,,0,24,,65750,,,0,24,,65751,,,0,67,,65737,,,0,24,,65754,,,0,64,,65740,,,0,24,,65742,,,0,24,,65733,,,0,64,,65731,,,0,25,,65749,,,0,71,,65744,,,0,32,,65747,,,0,72,,65735,,,0,32,,65728,,,0,72,,65741,,,0,32,,65724,,,0,72,,65752,,,0,72,,65738,,,0,32,,65745,,,0,72,,65730,,,0,32,,65736,,,0,64,,65734,,,0,24,,65739,,,0,24,,65732,,,0,66,,65725,,,0,22,,65726,,,0,64,,65748,,,0,24,,65755,,,0,24,,65743,,,0,64,,65756,,,0,24,,65727,,,0,64,,65746,,,0
7900,'Weekday0000100',1358,,65757,,,0
7900,'1CCSDCUT-Weekday',440,,65763,,,0,65,,65787,,,0,24,,65784,,,0,24,,65785,,,0,67,,65771,,,0,24,,65788,,,0,64,,65774,,,0,24,,65776,,,0,24,,65767,,,0,64,,65765,,,0,25,,65783,,,0,71,,65778,,,0,32,,65781,,,0,72,,65769,,,0,32,,65762,,,0,72,,65775,,,0,32,,65758,,,0,72,,65786,,,0,72,,65772,,,0,32,,65779,,,0,72,,65764,,,0,32,,65770,,,0,64,,65768,,,0,24,,65773,,,0,24,,65766,,,0,66,,65759,,,0,22,,65760,,,0,64,,65782,,,0,24,,65789,,,0,24,,65777,,,0,64,,65790,,,0,24,,65761,,,0,64,,65780,,,0
7900,'1CCSDCUT-Weekday0000100',1358,,65791,,,0
7900,'1PUBCUT-Weekday',440,,65797,,,0,65,,65821,,,0,24,,65818,,,0,24,,65819,,,0,67,,65805,,,0,24,,65822,,,0,64,,65808,,,0,24,,65810,,,0,24,,65801,,,0,64,,65799,,,0,25,,65817,,,0,71,,65812,,,0,32,,65815,,,0,72,,65803,,,0,32,,65796,,,0,72,,65809,,,0,32,,65792,,,0,72,,65820,,,0,72,,65806,,,0,32,,65813,,,0,72,,65798,,,0,32,,65804,,,0,64,,65802,,,0,24,,65807,,,0,24,,65800,,,0,66,,65793,,,0,22,,65794,,,0,64,,65816,,,0,24,,65823,,,0,24,,65811,,,0,64,,65824,,,0,24,,65795,,,0,64,,65814,,,0
7900,'1PUBCUT-Weekday0000100',1358,,65825,,,0
