4600,'Saturday',710,,58315,,,0,30,,58328,,,0,70,,58322,,,0,21,,58334,,,0,70,,58316,,,0,31,,58329,,,0,70,,58323,,,0,30,,58335,,,0,70,,58317,,,0,30,,58330,,,0,70,,58324,,,0,30,,58336,,,0,70,,58318,,,0,30,,58331,,,0,70,,58325,,,0,30,,58338,,,0,70,,58320,,,0,30,,58332,,,0,70,,58326,,,0,30,,58339,,,0,70,,58319,,,0,30,,58333,,,0,70,,58327,,,0,30,,58337,,,0,70,,58321,,,0,32,,58345,,,0,70,,58347,,,0,30,,58343,,,0,70,,58342,,,0,30,,58344,,,0,70,,58341,,,0,30,,58346,,,0,70,,58348,,,0,30,,58340,,,0
4600,'Sunday',710,,58349,,,0,30,,58350,,,0,70,,58351,,,0,21,,58352,,,0,70,,58353,,,0,31,,58354,,,0,70,,58355,,,0,30,,58357,,,0,70,,58356,,,0,30,,58359,,,0,70,,58358,,,0,30,,58360,,,0,70,,58361,,,0,30,,58362,,,0,70,,58364,,,0,30,,58365,,,0,70,,58363,,,0,30,,58366,,,0,70,,58367,,,0,30,,58370,,,0,70,,58368,,,0,30,,58369,,,0,70,,58371,,,0,30,,58372,,,0,70,,58373,,,0,32,,58375,,,0,70,,58374,,,0,30,,58376,,,0,70,,58377,,,0,30,,58378,,,0,70,,58381,,,0,30,,58380,,,0,70,,58379,,,0,30,,58382,,,0
4600,'Weekday',542,,58389,,,0,74,,58387,,,0,15,,58423,,,0,15,,58397,,,0,55,,58424,,,0,16,,58421,,,0,16,,58425,,,0,16,,58402,,,0,57,,58426,,,0,15,,58390,,,0,15,,58427,,,0,15,,58396,,,0,57,,58428,,,0,16,,58383,,,0,30,,58403,,,0,69,,58391,,,0,29,,58398,,,0,70,,58384,,,0,30,,58405,,,0,70,,58392,,,0,30,,58399,,,0,70,,58386,,,0,30,,58406,,,0,70,,58393,,,0,30,,58400,,,0,70,,58385,,,0,17,,58429,,,0,17,,58404,,,0,57,,58422,,,0,17,,58394,,,0,17,,58430,,,0,58,,58401,,,0,16,,58431,,,0,13,,58388,,,0,15,,58432,,,0,55,,58407,,,0,15,,58433,,,0,15,,58395,,,0,70,,58416,,,0,29,,58409,,,0,68,,58412,,,0,28,,58414,,,0,28,,58417,,,0,67,,58408,,,0,28,,58413,,,0,68,,58415,,,0,28,,58419,,,0,72,,58420,,,0,32,,58418,,,0,72,,58410,,,0,32,,58411,,,0
4600,'1CCSDCUT-Weekday',542,,58440,,,0,74,,58438,,,0,15,,58474,,,0,15,,58448,,,0,55,,58475,,,0,16,,58472,,,0,16,,58476,,,0,16,,58453,,,0,57,,58477,,,0,15,,58441,,,0,15,,58478,,,0,15,,58447,,,0,57,,58479,,,0,16,,58434,,,0,30,,58454,,,0,69,,58442,,,0,29,,58449,,,0,70,,58435,,,0,30,,58456,,,0,70,,58443,,,0,30,,58450,,,0,70,,58437,,,0,30,,58457,,,0,70,,58444,,,0,30,,58451,,,0,70,,58436,,,0,17,,58480,,,0,17,,58455,,,0,57,,58473,,,0,17,,58445,,,0,17,,58481,,,0,58,,58452,,,0,16,,58482,,,0,13,,58439,,,0,15,,58483,,,0,55,,58458,,,0,15,,58484,,,0,15,,58446,,,0,70,,58467,,,0,29,,58460,,,0,68,,58463,,,0,28,,58465,,,0,28,,58468,,,0,67,,58459,,,0,28,,58464,,,0,68,,58466,,,0,28,,58470,,,0,72,,58471,,,0,32,,58469,,,0,72,,58461,,,0,32,,58462,,,0
4600,'1PUBCUT-Weekday',542,,58491,,,0,74,,58489,,,0,15,,58525,,,0,15,,58499,,,0,55,,58526,,,0,16,,58523,,,0,16,,58527,,,0,16,,58504,,,0,57,,58528,,,0,15,,58492,,,0,15,,58529,,,0,15,,58498,,,0,57,,58530,,,0,16,,58485,,,0,30,,58505,,,0,69,,58493,,,0,29,,58500,,,0,70,,58486,,,0,30,,58507,,,0,70,,58494,,,0,30,,58501,,,0,70,,58488,,,0,30,,58508,,,0,70,,58495,,,0,30,,58502,,,0,70,,58487,,,0,17,,58531,,,0,17,,58506,,,0,57,,58524,,,0,17,,58496,,,0,17,,58532,,,0,58,,58503,,,0,16,,58533,,,0,13,,58490,,,0,15,,58534,,,0,55,,58509,,,0,15,,58535,,,0,15,,58497,,,0,70,,58518,,,0,29,,58511,,,0,68,,58514,,,0,28,,58516,,,0,28,,58519,,,0,67,,58510,,,0,28,,58515,,,0,68,,58517,,,0,28,,58521,,,0,72,,58522,,,0,32,,58520,,,0,72,,58512,,,0,32,,58513,,,0
8800,'Saturday',621,,67946,,,0,30,,67947,,,0,70,,67948,,,0,30,,67949,,,0,70,,67950,,,0,30,,67951,,,0,70,,67952,,,0,30,,67953,,,0,70,,67955,,,0,30,,67957,,,0,70,,67958,,,0,30,,67954,,,0,70,,67959,,,0,30,,67956,,,0,70,,67960,,,0,30,,67962,,,0,70,,67963,,,0,30,,67964,,,0,70,,67961,,,0,30,,67965,,,0,70,,67968,,,0,30,,67966,,,0,70,,67967,,,0,30,,67970,,,0,70,,67969,,,0,30,,67971,,,0,70,,67972,,,0,30,,67973,,,0,70,,67974,,,0,30,,67977,,,0,70,,67975,,,0,30,,67976,,,0
8800,'Sunday',621,,67978,,,0,30,,67982,,,0,70,,67979,,,0,30,,67984,,,0,70,,67981,,,0,30,,67985,,,0,70,,67980,,,0,30,,67983,,,0,70,,67987,,,0,30,,67988,,,0,70,,67986,,,0,30,,67989,,,0,70,,67991,,,0,30,,67992,,,0,70,,67993,,,0,30,,67990,,,0,70,,67996,,,0,30,,67997,,,0,70,,67998,,,0,30,,67994,,,0,70,,67999,,,0,30,,68000,,,0,70,,68001,,,0,30,,67995,,,0,70,,68003,,,0,30,,68004,,,0,70,,68007,,,0,30,,68005,,,0,70,,68008,,,0,30,,68002,,,0,70,,68009,,,0,30,,68006,,,0
8800,'Weekday',516,,68018,,,0,35,,68019,,,0,70,,68020,,,0,35,,68021,,,0,70,,68024,,,0,30,,68010,,,0,55,,68048,,,0,15,,68011,,,0,15,,68050,,,0,15,,68012,,,0,68,,68026,,,0,30,,68027,,,0,70,,68022,,,0,30,,68028,,,0,70,,68029,,,0,30,,68023,,,0,70,,68030,,,0,30,,68025,,,0,70,,68031,,,0,30,,68032,,,0,70,,68033,,,0,28,,68034,,,0,74,,68013,,,0,30,,68014,,,0,55,,68051,,,0,15,,68015,,,0,15,,68049,,,0,15,,68016,,,0,70,,68017,,,0,30,,68036,,,0,70,,68035,,,0,27,,68037,,,0,70,,68038,,,0,30,,68039,,,0,70,,68040,,,0,30,,68041,,,0,70,,68043,,,0,30,,68044,,,0,70,,68046,,,0,30,,68047,,,0,70,,68045,,,0,30,,68042,,,0
8800,'1CCSDCUT-Weekday',516,,68060,,,0,35,,68061,,,0,70,,68062,,,0,35,,68063,,,0,70,,68066,,,0,30,,68052,,,0,55,,68090,,,0,15,,68053,,,0,15,,68092,,,0,15,,68054,,,0,68,,68068,,,0,30,,68069,,,0,70,,68064,,,0,30,,68070,,,0,70,,68071,,,0,30,,68065,,,0,70,,68072,,,0,30,,68067,,,0,70,,68073,,,0,30,,68074,,,0,70,,68075,,,0,28,,68076,,,0,74,,68055,,,0,30,,68056,,,0,55,,68093,,,0,15,,68057,,,0,15,,68091,,,0,15,,68058,,,0,70,,68059,,,0,30,,68078,,,0,70,,68077,,,0,27,,68079,,,0,70,,68080,,,0,30,,68081,,,0,70,,68082,,,0,30,,68083,,,0,70,,68085,,,0,30,,68086,,,0,70,,68088,,,0,30,,68089,,,0,70,,68087,,,0,30,,68084,,,0
8800,'1PUBCUT-Weekday',516,,68102,,,0,35,,68103,,,0,70,,68104,,,0,35,,68105,,,0,70,,68108,,,0,30,,68094,,,0,55,,68132,,,0,15,,68095,,,0,15,,68134,,,0,15,,68096,,,0,68,,68110,,,0,30,,68111,,,0,70,,68106,,,0,30,,68112,,,0,70,,68113,,,0,30,,68107,,,0,70,,68114,,,0,30,,68109,,,0,70,,68115,,,0,30,,68116,,,0,70,,68117,,,0,28,,68118,,,0,74,,68097,,,0,30,,68098,,,0,55,,68135,,,0,15,,68099,,,0,15,,68133,,,0,15,,68100,,,0,70,,68101,,,0,30,,68120,,,0,70,,68119,,,0,27,,68121,,,0,70,,68122,,,0,30,,68123,,,0,70,,68124,,,0,30,,68125,,,0,70,,68127,,,0,30,,68128,,,0,70,,68130,,,0,30,,68131,,,0,70,,68129,,,0,30,,68126,,,0
