13800,'Saturday',548,,78119,,,0,80,,78095,,,0,80,,78093,,,0,40,,78096,,,0,80,,78098,,,0,80,,78099,,,0,40,,78094,,,0,80,,78097,,,0,80,,78101,,,0,40,,78102,,,0,79,,78100,,,0,81,,78103,,,0,40,,78104,,,0,80,,78105,,,0,80,,78106,,,0,40,,78107,,,0,80,,78109,,,0,80,,78110,,,0,40,,78111,,,0,80,,78108,,,0,80,,78112,,,0,40,,78113,,,0,80,,78114,,,0,80,,78115,,,0,40,,78116,,,0,80,,78117,,,0,80,,78118,,,0,40,,78120,,,0
13800,'Sunday',548,,78139,,,0,80,,78121,,,0,80,,78130,,,0,40,,78140,,,0,80,,78122,,,0,80,,78131,,,0,40,,78141,,,0,80,,78123,,,0,80,,78132,,,0,40,,78142,,,0,79,,78125,,,0,81,,78133,,,0,40,,78143,,,0,80,,78124,,,0,80,,78134,,,0,40,,78144,,,0,80,,78126,,,0,80,,78135,,,0,40,,78145,,,0,80,,78127,,,0,80,,78137,,,0,40,,78146,,,0,80,,78128,,,0,80,,78136,,,0,40,,78147,,,0,80,,78129,,,0,80,,78138,,,0
13800,'Weekday',443,,78154,,,0,76,,78165,,,0,30,,78172,,,0,70,,78148,,,0,31,,78155,,,0,70,,78166,,,0,30,,78173,,,0,72,,78150,,,0,30,,78156,,,0,70,,78167,,,0,30,,78174,,,0,68,,78149,,,0,30,,78157,,,0,70,,78168,,,0,30,,78175,,,0,70,,78151,,,0,30,,78158,,,0,70,,78169,,,0,30,,78176,,,0,72,,78152,,,0,30,,78159,,,0,55,,78187,,,0,15,,78170,,,0,32,,78177,,,0,72,,78153,,,0,30,,78160,,,0,70,,78171,,,0,32,,78178,,,0,67,,78161,,,0,25,,78179,,,0,70,,78182,,,0,30,,78162,,,0,70,,78185,,,0,30,,78180,,,0,70,,78183,,,0,30,,78163,,,0,70,,78186,,,0,30,,78181,,,0,70,,78184,,,0,30,,78164,,,0
13800,'1CCSDCUT-Weekday',443,,78194,,,0,76,,78205,,,0,30,,78212,,,0,70,,78188,,,0,31,,78195,,,0,70,,78206,,,0,30,,78213,,,0,72,,78190,,,0,30,,78196,,,0,70,,78207,,,0,30,,78214,,,0,68,,78189,,,0,30,,78197,,,0,70,,78208,,,0,30,,78215,,,0,70,,78191,,,0,30,,78198,,,0,70,,78209,,,0,30,,78216,,,0,72,,78192,,,0,30,,78199,,,0,55,,78227,,,0,15,,78210,,,0,32,,78217,,,0,72,,78193,,,0,30,,78200,,,0,70,,78211,,,0,32,,78218,,,0,67,,78201,,,0,25,,78219,,,0,70,,78222,,,0,30,,78202,,,0,70,,78225,,,0,30,,78220,,,0,70,,78223,,,0,30,,78203,,,0,70,,78226,,,0,30,,78221,,,0,70,,78224,,,0,30,,78204,,,0
13800,'1PUBCUT-Weekday',443,,78234,,,0,76,,78245,,,0,30,,78252,,,0,70,,78228,,,0,31,,78235,,,0,70,,78246,,,0,30,,78253,,,0,72,,78230,,,0,30,,78236,,,0,70,,78247,,,0,30,,78254,,,0,68,,78229,,,0,30,,78237,,,0,70,,78248,,,0,30,,78255,,,0,70,,78231,,,0,30,,78238,,,0,70,,78249,,,0,30,,78256,,,0,72,,78232,,,0,30,,78239,,,0,55,,78267,,,0,15,,78250,,,0,32,,78257,,,0,72,,78233,,,0,30,,78240,,,0,70,,78251,,,0,32,,78258,,,0,67,,78241,,,0,25,,78259,,,0,70,,78262,,,0,30,,78242,,,0,70,,78265,,,0,30,,78260,,,0,70,,78263,,,0,30,,78243,,,0,70,,78266,,,0,30,,78261,,,0,70,,78264,,,0,30,,78244,,,0
13801,'Saturday',628,,78294,4,,0,74,,78269,4,,0,40,,78268,4,,0,80,,78270,4,,0,80,,78273,4,,0,40,,78274,4,,0,80,,78275,4,,0,80,,78272,4,,0,40,,78276,4,,0,80,,78271,4,,0,80,,78278,4,,0,40,,78279,4,,0,80,,78280,4,,0,80,,78277,4,,0,40,,78281,4,,0,80,,78282,4,,0,80,,78283,4,,0,40,,78284,4,,0,80,,78285,4,,0,80,,78286,4,,0,40,,78287,4,,0,80,,78288,4,,0,80,,78289,4,,0,40,,78291,4,,0,80,,78290,4,,0,80,,78293,4,,0,40,,78292,4,,0,80,,78295,4,,0
13801,'Sunday',628,,78296,4,,0,74,,78305,4,,0,40,,78315,4,,0,80,,78297,4,,0,80,,78306,4,,0,40,,78316,4,,0,80,,78298,4,,0,80,,78307,4,,0,40,,78317,4,,0,80,,78299,4,,0,80,,78308,4,,0,40,,78318,4,,0,80,,78300,4,,0,80,,78309,4,,0,40,,78319,4,,0,80,,78301,4,,0,80,,78310,4,,0,40,,78320,4,,0,80,,78302,4,,0,80,,78311,4,,0,40,,78321,4,,0,80,,78303,4,,0,80,,78312,4,,0,40,,78322,4,,0,80,,78304,4,,0,80,,78313,4,,0,40,,78314,4,,0
13801,'Weekday',516,,78339,4,,0,30,,78347,4,,0,73,,78323,4,,0,31,,78329,4,,0,70,,78340,4,,0,30,,78348,4,,0,56,,78361,4,,0,15,,78324,4,,0,30,,78330,4,,0,68,,78341,4,,0,29,,78349,4,,0,72,,78325,4,,0,30,,78331,4,,0,70,,78342,4,,0,30,,78350,4,,0,70,,78326,4,,0,30,,78332,4,,0,70,,78343,4,,0,30,,78351,4,,0,70,,78327,4,,0,30,,78333,4,,0,71,,78344,4,,0,33,,78352,4,,0,72,,78328,4,,0,30,,78334,4,,0,70,,78345,4,,0,32,,78353,4,,0,65,,78335,4,,0,27,,78346,4,,0,69,,78356,4,,0,30,,78336,4,,0,70,,78359,4,,0,30,,78354,4,,0,70,,78357,4,,0,29,,78337,4,,0,70,,78360,4,,0,30,,78355,4,,0,70,,78358,4,,0,30,,78338,4,,0,70,,78362,4,,0
13801,'1CCSDCUT-Weekday',516,,78379,4,,0,30,,78387,4,,0,73,,78363,4,,0,31,,78369,4,,0,70,,78380,4,,0,30,,78388,4,,0,56,,78401,4,,0,15,,78364,4,,0,30,,78370,4,,0,68,,78381,4,,0,29,,78389,4,,0,72,,78365,4,,0,30,,78371,4,,0,70,,78382,4,,0,30,,78390,4,,0,70,,78366,4,,0,30,,78372,4,,0,70,,78383,4,,0,30,,78391,4,,0,70,,78367,4,,0,30,,78373,4,,0,71,,78384,4,,0,33,,78392,4,,0,72,,78368,4,,0,30,,78374,4,,0,70,,78385,4,,0,32,,78393,4,,0,65,,78375,4,,0,27,,78386,4,,0,69,,78396,4,,0,30,,78376,4,,0,70,,78399,4,,0,30,,78394,4,,0,70,,78397,4,,0,29,,78377,4,,0,70,,78400,4,,0,30,,78395,4,,0,70,,78398,4,,0,30,,78378,4,,0,70,,78402,4,,0
13801,'1PUBCUT-Weekday',516,,78419,4,,0,30,,78427,4,,0,73,,78403,4,,0,31,,78409,4,,0,70,,78420,4,,0,30,,78428,4,,0,56,,78441,4,,0,15,,78404,4,,0,30,,78410,4,,0,68,,78421,4,,0,29,,78429,4,,0,72,,78405,4,,0,30,,78411,4,,0,70,,78422,4,,0,30,,78430,4,,0,70,,78406,4,,0,30,,78412,4,,0,70,,78423,4,,0,30,,78431,4,,0,70,,78407,4,,0,30,,78413,4,,0,71,,78424,4,,0,33,,78432,4,,0,72,,78408,4,,0,30,,78414,4,,0,70,,78425,4,,0,32,,78433,4,,0,65,,78415,4,,0,27,,78426,4,,0,69,,78436,4,,0,30,,78416,4,,0,70,,78439,4,,0,30,,78434,4,,0,70,,78437,4,,0,29,,78417,4,,0,70,,78440,4,,0,30,,78435,4,,0,70,,78438,4,,0,30,,78418,4,,0,70,,78442,4,,0
