400,'Saturday',629,,26028,54,,,0,24,,26042,54,,,0,64,,26059,54,,,0,24,,26029,54,,,0,66,,26043,54,,,0,25,,26060,54,,,0,24,,26030,54,,,0,64,,26045,54,,,0,24,,26061,54,,,0,64,,26031,54,,,0,24,,26046,54,,,0,27,,26057,54,,,0,67,,26032,54,,,0,25,,26047,54,,,0,66,,26063,54,,,0,26,,26033,54,,,0,66,,26044,54,,,0,26,,26064,54,,,0,66,,26034,54,,,0,26,,26048,54,,,0,26,,26058,54,,,0,66,,26035,54,,,0,26,,26049,54,,,0,66,,26062,54,,,0,25,,26036,54,,,0,65,,26051,54,,,0,25,,26065,54,,,0,25,,26037,54,,,0,65,,26052,54,,,0,25,,26066,54,,,0,65,,26038,54,,,0,25,,26054,54,,,0,25,,26067,54,,,0,65,,26039,54,,,0,25,,26050,54,,,0,65,,26068,54,,,0,25,,26071,54,,,0,65,,26040,54,,,0,25,,26053,54,,,0,22,,26069,54,,,0,58,,26041,54,,,0,26,,26055,54,,,0,27,,26070,54,,,0,75,,26056,54,,,0
400,'Sunday',629,,26073,54,,,0,24,,26072,54,,,0,64,,26074,54,,,0,24,,26075,54,,,0,66,,26076,54,,,0,25,,26077,54,,,0,24,,26079,54,,,0,64,,26078,54,,,0,24,,26081,54,,,0,64,,26082,54,,,0,24,,26083,54,,,0,27,,26080,54,,,0,67,,26084,54,,,0,25,,26085,54,,,0,66,,26089,54,,,0,26,,26086,54,,,0,66,,26088,54,,,0,26,,26090,54,,,0,66,,26087,54,,,0,26,,26091,54,,,0,26,,26092,54,,,0,66,,26093,54,,,0,26,,26094,54,,,0,66,,26095,54,,,0,25,,26096,54,,,0,65,,26097,54,,,0,25,,26098,54,,,0,25,,26099,54,,,0,65,,26100,54,,,0,25,,26101,54,,,0,65,,26102,54,,,0,25,,26103,54,,,0,25,,26104,54,,,0,65,,26105,54,,,0,25,,26106,54,,,0,65,,26107,54,,,0,25,,26108,54,,,0,65,,26109,54,,,0,25,,26111,54,,,0,22,,26112,54,,,0,58,,26113,54,,,0,26,,26110,54,,,0,27,,26114,54,,,0
400,'Weekday',618,,26116,54,,,0,21,,26117,54,,,0,19,,26119,54,,,0,60,,26120,54,,,0,20,,26115,54,,,0,63,,26121,54,,,0,20,,26118,54,,,0,20,,26122,54,,,0,62,,26124,54,,,0,20,,26125,54,,,0,19,,26126,54,,,0,60,,26123,54,,,0,21,,26128,54,,,0,21,,26129,54,,,0,60,,26130,54,,,0,20,,26127,54,,,0,21,,26131,54,,,0,61,,26132,54,,,0,20,,26133,54,,,0,20,,26134,54,,,0,60,,26136,54,,,0,21,,26137,54,,,0,21,,26138,54,,,0,61,,26135,54,,,0,21,,26139,54,,,0,21,,26140,54,,,0,65,,26141,54,,,0,22,,26142,54,,,0,62,,26143,54,,,0,22,,26144,54,,,0,22,,26145,54,,,0,62,,26146,54,,,0,22,,26148,54,,,0,21,,26149,54,,,0,57,,26150,54,,,0,20,,26147,54,,,0,19,,26151,54,,,0,61,,26152,54,,,0,22,,26153,54,,,0,24,,26154,54,,,0,68,,26155,54,,,0,23,,26156,54,,,0,63,,26157,54,,,0,21,,26158,54,,,0,23,,26159,54,,,0,62,,26160,54,,,0,21,,26161,54,,,0,22,,26162,54,,,0,62,,26163,54,,,0,19,,26166,54,,,0,66,,26164,54,,,0,34,,26165,54,,,0
400,'1CCSDCUT-Weekday',618,,26168,54,,,0,21,,26169,54,,,0,19,,26171,54,,,0,60,,26172,54,,,0,20,,26167,54,,,0,63,,26173,54,,,0,20,,26170,54,,,0,20,,26174,54,,,0,62,,26176,54,,,0,20,,26177,54,,,0,19,,26178,54,,,0,60,,26175,54,,,0,21,,26180,54,,,0,21,,26181,54,,,0,60,,26182,54,,,0,20,,26179,54,,,0,21,,26183,54,,,0,61,,26184,54,,,0,20,,26185,54,,,0,20,,26186,54,,,0,60,,26188,54,,,0,21,,26189,54,,,0,21,,26190,54,,,0,61,,26187,54,,,0,21,,26191,54,,,0,21,,26192,54,,,0,65,,26193,54,,,0,22,,26194,54,,,0,62,,26195,54,,,0,22,,26196,54,,,0,22,,26197,54,,,0,62,,26198,54,,,0,22,,26200,54,,,0,21,,26201,54,,,0,57,,26202,54,,,0,20,,26199,54,,,0,19,,26203,54,,,0,61,,26204,54,,,0,22,,26205,54,,,0,24,,26206,54,,,0,68,,26207,54,,,0,23,,26208,54,,,0,63,,26209,54,,,0,21,,26210,54,,,0,23,,26211,54,,,0,62,,26212,54,,,0,21,,26213,54,,,0,22,,26214,54,,,0,62,,26215,54,,,0,19,,26218,54,,,0,66,,26216,54,,,0,34,,26217,54,,,0
400,'1PUBCUT-Weekday',618,,26220,54,,,0,21,,26221,54,,,0,19,,26223,54,,,0,60,,26224,54,,,0,20,,26219,54,,,0,63,,26225,54,,,0,20,,26222,54,,,0,20,,26226,54,,,0,62,,26228,54,,,0,20,,26229,54,,,0,19,,26230,54,,,0,60,,26227,54,,,0,21,,26232,54,,,0,21,,26233,54,,,0,60,,26234,54,,,0,20,,26231,54,,,0,21,,26235,54,,,0,61,,26236,54,,,0,20,,26237,54,,,0,20,,26238,54,,,0,60,,26240,54,,,0,21,,26241,54,,,0,21,,26242,54,,,0,61,,26239,54,,,0,21,,26243,54,,,0,21,,26244,54,,,0,65,,26245,54,,,0,22,,26246,54,,,0,62,,26247,54,,,0,22,,26248,54,,,0,22,,26249,54,,,0,62,,26250,54,,,0,22,,26252,54,,,0,21,,26253,54,,,0,57,,26254,54,,,0,20,,26251,54,,,0,19,,26255,54,,,0,61,,26256,54,,,0,22,,26257,54,,,0,24,,26258,54,,,0,68,,26259,54,,,0,23,,26260,54,,,0,63,,26261,54,,,0,21,,26262,54,,,0,23,,26263,54,,,0,62,,26264,54,,,0,21,,26265,54,,,0,22,,26266,54,,,0,62,,26267,54,,,0,19,,26270,54,,,0,66,,26268,54,,,0,34,,26269,54,,,0
8900,'Weekday',652,,47844,4,,,0,82,,47846,4,,,0,82,,47843,4,,,0,811,,47849,4,,,0,85,,47848,4,,,0,39,,47850,4,,,0,82,,47851,4,,,0
8900,'1CCSDCUT-Weekday',652,,47856,4,,,0,82,,47858,4,,,0,82,,47855,4,,,0,811,,47861,4,,,0,85,,47860,4,,,0,39,,47862,4,,,0,82,,47863,4,,,0
8900,'1PUBCUT-Weekday',652,,47867,4,,,0,82,,47869,4,,,0,82,,47866,4,,,0,811,,47872,4,,,0,85,,47871,4,,,0,39,,47873,4,,,0,82,,47874,4,,,0
41400,'Saturday',829,,67656,27,0,194 12 119,0,100,,67651,27,0,194 12 119,0,100,,67655,27,0,194 12 119,0,100,,67646,27,0,194 12 119,0,100,,67647,27,0,194 12 119,0,100,,67652,27,0,194 12 119,0,100,,67654,27,0,194 12 119,0,100,,67648,27,0,194 12 119,0,100,,67650,27,0,194 12 119,0,100,,67649,27,0,194 12 119,0,100,,67653,27,0,194 12 119,0
41400,'Sunday',929,,67661,27,0,194 12 119,0,100,,67659,27,0,194 12 119,0,100,,67660,27,0,194 12 119,0,100,,67658,27,0,194 12 119,0,100,,67657,27,0,194 12 119,0,100,,67662,27,0,194 12 119,0,100,,67663,27,0,194 12 119,0,100,,67664,27,0,194 12 119,0,100,,67665,27,0,194 12 119,0,100,,67666,27,0,194 12 119,0
41400,'Weekday',630,,67667,27,0,194 12 119,0,70,,67680,27,0,194 12 119,0,30,,67669,27,0,194 12 119,0,70,,67681,27,0,194 12 119,0,30,,67671,27,0,194 12 119,0,70,,67682,27,0,194 12 119,0,30,,67668,27,0,194 12 119,0,100,,67670,27,0,194 12 119,0,100,,67672,27,0,194 12 119,0,100,,67673,27,0,194 12 119,0,100,,67674,27,0,194 12 119,0,100,,67675,27,0,194 12 119,0,70,,67683,27,0,194 12 119,0,31,,67676,27,0,194 12 119,0,76,,67684,27,0,194 12 119,0,27,,67677,27,0,194 12 119,0,86,,67685,27,0,194 12 119,0,28,,67678,27,0,194 12 119,0,111,,67679,27,0,194 12 119,0
41400,'1CCSDCUT-Weekday',630,,67686,27,0,194 12 119,0,70,,67699,27,0,194 12 119,0,30,,67688,27,0,194 12 119,0,70,,67700,27,0,194 12 119,0,30,,67690,27,0,194 12 119,0,70,,67701,27,0,194 12 119,0,30,,67687,27,0,194 12 119,0,100,,67689,27,0,194 12 119,0,100,,67691,27,0,194 12 119,0,100,,67692,27,0,194 12 119,0,100,,67693,27,0,194 12 119,0,100,,67694,27,0,194 12 119,0,70,,67702,27,0,194 12 119,0,31,,67695,27,0,194 12 119,0,76,,67703,27,0,194 12 119,0,27,,67696,27,0,194 12 119,0,86,,67704,27,0,194 12 119,0,28,,67697,27,0,194 12 119,0,111,,67698,27,0,194 12 119,0
41400,'1PUBCUT-Weekday',630,,67705,27,0,194 12 119,0,70,,67718,27,0,194 12 119,0,30,,67707,27,0,194 12 119,0,70,,67719,27,0,194 12 119,0,30,,67709,27,0,194 12 119,0,70,,67720,27,0,194 12 119,0,30,,67706,27,0,194 12 119,0,100,,67708,27,0,194 12 119,0,100,,67710,27,0,194 12 119,0,100,,67711,27,0,194 12 119,0,100,,67712,27,0,194 12 119,0,100,,67713,27,0,194 12 119,0,70,,67721,27,0,194 12 119,0,31,,67714,27,0,194 12 119,0,76,,67722,27,0,194 12 119,0,27,,67715,27,0,194 12 119,0,86,,67723,27,0,194 12 119,0,28,,67716,27,0,194 12 119,0,111,,67717,27,0,194 12 119,0
