13600,'Saturday',515,,57321,9,,,0,30,,57322,9,,,0,70,,57319,9,,,0,30,,57320,9,,,0,70,,57288,9,,,0,30,,57289,9,,,0,70,,57291,9,,,0,30,,57292,9,,,0,70,,57293,9,,,0,30,,57290,9,,,0,70,,57294,9,,,0,30,,57295,9,,,0,70,,57296,9,,,0,30,,57297,9,,,0,70,,57298,9,,,0,30,,57299,9,,,0,70,,57300,9,,,0,30,,57301,9,,,0,70,,57303,9,,,0,30,,57304,9,,,0,70,,57305,9,,,0,30,,57302,9,,,0,70,,57306,9,,,0,30,,57307,9,,,0,70,,57308,9,,,0,30,,57309,9,,,0,70,,57310,9,,,0,30,,57311,9,,,0,70,,57312,9,,,0,30,,57313,9,,,0,70,,57315,9,,,0,30,,57316,9,,,0,70,,57317,9,,,0,30,,57314,9,,,0,70,,57318,9,,,0,30,,57325,9,,,0,70,,57326,9,,,0,30,,57323,9,,,0,70,,57324,9,,,0
13600,'Sunday',515,,57327,9,,,0,30,,57328,9,,,0,70,,57329,9,,,0,30,,57330,9,,,0,70,,57331,9,,,0,30,,57332,9,,,0,70,,57333,9,,,0,30,,57334,9,,,0,70,,57335,9,,,0,30,,57337,9,,,0,70,,57339,9,,,0,30,,57340,9,,,0,70,,57336,9,,,0,30,,57341,9,,,0,70,,57338,9,,,0,30,,57342,9,,,0,70,,57343,9,,,0,30,,57344,9,,,0,70,,57346,9,,,0,30,,57347,9,,,0,70,,57345,9,,,0,30,,57349,9,,,0,70,,57350,9,,,0,30,,57348,9,,,0,70,,57351,9,,,0,30,,57352,9,,,0,70,,57353,9,,,0,30,,57354,9,,,0,70,,57355,9,,,0,30,,57357,9,,,0,70,,57358,9,,,0,30,,57359,9,,,0,70,,57356,9,,,0,30,,57360,9,,,0,70,,57364,9,,,0,30,,57361,9,,,0,70,,57362,9,,,0,30,,57365,9,,,0,70,,57363,9,,,0
13600,'Weekday',514,,57406,9,,,0,30,,57373,9,,,0,70,,57366,9,,,0,30,,57367,9,,,0,15,,57404,9,,,0,56,,57368,9,,,0,15,,57405,9,,,0,15,,57369,9,,,0,70,,57370,9,,,0,29,,57371,9,,,0,70,,57372,9,,,0,30,,57384,9,,,0,71,,57385,9,,,0,30,,57386,9,,,0,70,,57387,9,,,0,30,,57388,9,,,0,70,,57389,9,,,0,30,,57391,9,,,0,70,,57392,9,,,0,30,,57390,9,,,0,71,,57375,9,,,0,30,,57376,9,,,0,70,,57374,9,,,0,30,,57377,9,,,0,72,,57378,9,,,0,32,,57379,9,,,0,71,,57380,9,,,0,32,,57381,9,,,0,71,,57382,9,,,0,28,,57383,9,,,0,69,,57394,9,,,0,29,,57395,9,,,0,69,,57393,9,,,0,30,,57396,9,,,0,70,,57397,9,,,0,30,,57398,9,,,0,70,,57399,9,,,0,30,,57400,9,,,0,70,,57401,9,,,0,30,,57402,9,,,0,70,,57403,9,,,0
13600,'1CCSDCUT-Weekday',514,,57447,9,,,0,30,,57414,9,,,0,70,,57407,9,,,0,30,,57408,9,,,0,15,,57445,9,,,0,56,,57409,9,,,0,15,,57446,9,,,0,15,,57410,9,,,0,70,,57411,9,,,0,29,,57412,9,,,0,70,,57413,9,,,0,30,,57425,9,,,0,71,,57426,9,,,0,30,,57427,9,,,0,70,,57428,9,,,0,30,,57429,9,,,0,70,,57430,9,,,0,30,,57432,9,,,0,70,,57433,9,,,0,30,,57431,9,,,0,71,,57416,9,,,0,30,,57417,9,,,0,70,,57415,9,,,0,30,,57418,9,,,0,72,,57419,9,,,0,32,,57420,9,,,0,71,,57421,9,,,0,32,,57422,9,,,0,71,,57423,9,,,0,28,,57424,9,,,0,69,,57435,9,,,0,29,,57436,9,,,0,69,,57434,9,,,0,30,,57437,9,,,0,70,,57438,9,,,0,30,,57439,9,,,0,70,,57440,9,,,0,30,,57441,9,,,0,70,,57442,9,,,0,30,,57443,9,,,0,70,,57444,9,,,0
13600,'1PUBCUT-Weekday',514,,57488,9,,,0,30,,57455,9,,,0,70,,57448,9,,,0,30,,57449,9,,,0,15,,57486,9,,,0,56,,57450,9,,,0,15,,57487,9,,,0,15,,57451,9,,,0,70,,57452,9,,,0,29,,57453,9,,,0,70,,57454,9,,,0,30,,57466,9,,,0,71,,57467,9,,,0,30,,57468,9,,,0,70,,57469,9,,,0,30,,57470,9,,,0,70,,57471,9,,,0,30,,57473,9,,,0,70,,57474,9,,,0,30,,57472,9,,,0,71,,57457,9,,,0,30,,57458,9,,,0,70,,57456,9,,,0,30,,57459,9,,,0,72,,57460,9,,,0,32,,57461,9,,,0,71,,57462,9,,,0,32,,57463,9,,,0,71,,57464,9,,,0,28,,57465,9,,,0,69,,57476,9,,,0,29,,57477,9,,,0,69,,57475,9,,,0,30,,57478,9,,,0,70,,57479,9,,,0,30,,57480,9,,,0,70,,57481,9,,,0,30,,57482,9,,,0,70,,57483,9,,,0,30,,57484,9,,,0,70,,57485,9,,,0
75600,'Weekday0000100',1429,,68632,3,0,71 1 73,0
75600,'Weekday1111000',1614,,68633,3,0,71 1 73,0
75600,'1CCSDCUT-Weekday0000100',1429,,68634,3,0,71 1 73,0
75600,'1CCSDCUT-Weekday1111000',1614,,68635,3,0,71 1 73,0
75601,'Weekday',800,,68636,2,0,71 1 73,0
75601,'1CCSDCUT-Weekday',800,,68637,2,0,71 1 73,0
