13400,'Weekday',535,,56934,10,,,0,90,,56935,10,,,0,25,,56968,10,,,0,65,,56936,10,,,0,25,,56967,10,,,0,65,,56937,10,,,0,22,,56966,10,,,0,28,,56938,10,,,0,64,,56969,10,,,0,25,,56939,10,,,0,65,,56971,10,,,0,25,,56940,10,,,0,25,,56959,10,,,0,65,,56941,10,,,0,25,,56960,10,,,0,65,,56942,10,,,0,25,,56961,10,,,0,65,,56943,10,,,0,25,,56970,10,,,0,25,,56944,10,,,0,65,,56958,10,,,0,25,,56945,10,,,0,66,,56963,10,,,0,25,,56946,10,,,0,65,,56962,10,,,0,25,,56947,10,,,0,25,,56964,10,,,0,65,,56948,10,,,0,25,,56965,10,,,0,65,,56949,10,,,0,49,,56950,10,,,0,90,,56951,10,,,0,90,,56952,10,,,0,90,,56953,10,,,0,90,,56954,10,,,0,90,,56955,10,,,0,50,,56956,10,,,0,90,,56957,10,,,0
13400,'1CCSDCUT-Weekday',535,,56972,10,,,0,90,,56973,10,,,0,25,,57006,10,,,0,65,,56974,10,,,0,25,,57005,10,,,0,65,,56975,10,,,0,22,,57004,10,,,0,28,,56976,10,,,0,64,,57007,10,,,0,25,,56977,10,,,0,65,,57009,10,,,0,25,,56978,10,,,0,25,,56997,10,,,0,65,,56979,10,,,0,25,,56998,10,,,0,65,,56980,10,,,0,25,,56999,10,,,0,65,,56981,10,,,0,25,,57008,10,,,0,25,,56982,10,,,0,65,,56996,10,,,0,25,,56983,10,,,0,66,,57001,10,,,0,25,,56984,10,,,0,65,,57000,10,,,0,25,,56985,10,,,0,25,,57002,10,,,0,65,,56986,10,,,0,25,,57003,10,,,0,65,,56987,10,,,0,49,,56988,10,,,0,90,,56989,10,,,0,90,,56990,10,,,0,90,,56991,10,,,0,90,,56992,10,,,0,90,,56993,10,,,0,50,,56994,10,,,0,90,,56995,10,,,0
13400,'1PUBCUT-Weekday',535,,57010,10,,,0,90,,57011,10,,,0,25,,57044,10,,,0,65,,57012,10,,,0,25,,57043,10,,,0,65,,57013,10,,,0,22,,57042,10,,,0,28,,57014,10,,,0,64,,57045,10,,,0,25,,57015,10,,,0,65,,57047,10,,,0,25,,57016,10,,,0,25,,57035,10,,,0,65,,57017,10,,,0,25,,57036,10,,,0,65,,57018,10,,,0,25,,57037,10,,,0,65,,57019,10,,,0,25,,57046,10,,,0,25,,57020,10,,,0,65,,57034,10,,,0,25,,57021,10,,,0,66,,57039,10,,,0,25,,57022,10,,,0,65,,57038,10,,,0,25,,57023,10,,,0,25,,57040,10,,,0,65,,57024,10,,,0,25,,57041,10,,,0,65,,57025,10,,,0,49,,57026,10,,,0,90,,57027,10,,,0,90,,57028,10,,,0,90,,57029,10,,,0,90,,57030,10,,,0,90,,57031,10,,,0,50,,57032,10,,,0,90,,57033,10,,,0
79400,'Weekday',741,,68816,17,0,210 56 1 193 79,0
79400,'1CCSDCUT-Weekday',741,,68817,17,0,210 56 1 193 79,0
79400,'1PUBCUT-Weekday',741,,68818,17,0,210 56 1 193 79,0
82000,'Weekday',821,,68952,16,0,12 13 1 199 145 119,0
82000,'1PUBCUT-Weekday',821,,68953,16,0,12 13 1 199 145 119,0
83600,'Weekday',757,,69004,24,0,12 196 197 198 199 145,0
83600,'1PUBCUT-Weekday',757,,69005,24,0,12 196 197 198 199 145,0
