9900,'Saturday',600,,71014,,,0,30,,70989,,,0,70,,70990,,,0,30,,71023,,,0,70,,70994,,,0,30,,70997,,,0,70,,71019,,,0,30,,70993,,,0,70,,70998,,,0,30,,71020,,,0,70,,70996,,,0,30,,70995,,,0,70,,71021,,,0,30,,70999,,,0,70,,71001,,,0,30,,71013,,,0,70,,71002,,,0,30,,71003,,,0,70,,71017,,,0,30,,71000,,,0,70,,71004,,,0,30,,71015,,,0,70,,71006,,,0,30,,71007,,,0,70,,71016,,,0,30,,71008,,,0,70,,71005,,,0,30,,71018,,,0,70,,71009,,,0,30,,71010,,,0,70,,71022,,,0,30,,71011,,,0,70,,70991,,,0,30,,71012,,,0,70,,70992,,,0
9900,'Sunday',600,,71045,,,0,30,,71024,,,0,70,,71025,,,0,30,,71055,,,0,70,,71026,,,0,30,,71028,,,0,70,,71047,,,0,30,,71033,,,0,70,,71034,,,0,30,,71049,,,0,70,,71031,,,0,30,,71029,,,0,70,,71052,,,0,30,,71027,,,0,70,,71032,,,0,30,,71048,,,0,70,,71030,,,0,30,,71035,,,0,70,,71050,,,0,30,,71036,,,0,70,,71037,,,0,30,,71054,,,0,70,,71038,,,0,30,,71040,,,0,70,,71046,,,0,30,,71039,,,0,70,,71041,,,0,30,,71053,,,0,70,,71043,,,0,30,,71042,,,0,70,,71051,,,0,30,,71044,,,0
9900,'Weekday',517,,71064,,,0,23,,71073,,,0,70,,71067,,,0,30,,71069,,,0,70,,71071,,,0,30,,71066,,,0,70,,71065,,,0,24,,71068,,,0,76,,71070,,,0,30,,71074,,,0,70,,71075,,,0,30,,71072,,,0,70,,71076,,,0,30,,71077,,,0,70,,71078,,,0,30,,71079,,,0,70,,71080,,,0,30,,71081,,,0,70,,71082,,,0,30,,71083,,,0,70,,71084,,,0,30,,71085,,,0,70,,71086,,,0,30,,71088,,,0,70,,71089,,,0,30,,71090,,,0,70,,71091,,,0,30,,71092,,,0,70,,71093,,,0,30,,71087,,,0,70,,71061,,,0,30,,71059,,,0,70,,71057,,,0,30,,71060,,,0,70,,71062,,,0,30,,71056,,,0,70,,71058,,,0,33,,71063,,,0
9900,'1CCSDCUT-Weekday',517,,71102,,,0,23,,71111,,,0,70,,71105,,,0,30,,71107,,,0,70,,71109,,,0,30,,71104,,,0,70,,71103,,,0,24,,71106,,,0,76,,71108,,,0,30,,71112,,,0,70,,71113,,,0,30,,71110,,,0,70,,71114,,,0,30,,71115,,,0,70,,71116,,,0,30,,71117,,,0,70,,71118,,,0,30,,71119,,,0,70,,71120,,,0,30,,71121,,,0,70,,71122,,,0,30,,71123,,,0,70,,71124,,,0,30,,71126,,,0,70,,71127,,,0,30,,71128,,,0,70,,71129,,,0,30,,71130,,,0,70,,71131,,,0,30,,71125,,,0,70,,71099,,,0,30,,71097,,,0,70,,71095,,,0,30,,71098,,,0,70,,71100,,,0,30,,71094,,,0,70,,71096,,,0,33,,71101,,,0
9900,'1PUBCUT-Weekday',517,,71140,,,0,23,,71149,,,0,70,,71143,,,0,30,,71145,,,0,70,,71147,,,0,30,,71142,,,0,70,,71141,,,0,24,,71144,,,0,76,,71146,,,0,30,,71150,,,0,70,,71151,,,0,30,,71148,,,0,70,,71152,,,0,30,,71153,,,0,70,,71154,,,0,30,,71155,,,0,70,,71156,,,0,30,,71157,,,0,70,,71158,,,0,30,,71159,,,0,70,,71160,,,0,30,,71161,,,0,70,,71162,,,0,30,,71164,,,0,70,,71165,,,0,30,,71166,,,0,70,,71167,,,0,30,,71168,,,0,70,,71169,,,0,30,,71163,,,0,70,,71137,,,0,30,,71135,,,0,70,,71133,,,0,30,,71136,,,0,70,,71138,,,0,30,,71132,,,0,70,,71134,,,0,33,,71139,,,0
9901,'Saturday',625,,71170,4,,0,30,,71173,4,,0,70,,71201,4,,0,30,,71171,4,,0,70,,71174,4,,0,30,,71204,4,,0,70,,71177,4,,0,30,,71178,4,,0,70,,71195,4,,0,30,,71175,4,,0,70,,71176,4,,0,30,,71203,4,,0,70,,71180,4,,0,30,,71181,4,,0,70,,71194,4,,0,30,,71182,4,,0,70,,71183,4,,0,30,,71196,4,,0,70,,71185,4,,0,30,,71179,4,,0,70,,71197,4,,0,30,,71187,4,,0,70,,71184,4,,0,30,,71198,4,,0,70,,71186,4,,0,30,,71188,4,,0,70,,71199,4,,0,30,,71189,4,,0,70,,71190,4,,0,30,,71200,4,,0,70,,71191,4,,0,30,,71192,4,,0,70,,71202,4,,0,30,,71193,4,,0,70,,71172,4,,0
9901,'Sunday',625,,71205,4,,0,30,,71206,4,,0,70,,71232,4,,0,30,,71207,4,,0,70,,71208,4,,0,30,,71234,4,,0,70,,71210,4,,0,30,,71211,4,,0,70,,71235,4,,0,30,,71215,4,,0,70,,71212,4,,0,30,,71233,4,,0,70,,71213,4,,0,30,,71209,4,,0,70,,71236,4,,0,30,,71214,4,,0,70,,71216,4,,0,30,,71231,4,,0,70,,71217,4,,0,30,,71218,4,,0,70,,71230,4,,0,30,,71219,4,,0,70,,71220,4,,0,30,,71228,4,,0,70,,71221,4,,0,30,,71222,4,,0,70,,71227,4,,0,30,,71223,4,,0,70,,71224,4,,0,30,,71229,4,,0,70,,71225,4,,0,30,,71226,4,,0
9901,'Weekday',459,,71247,4,,0,70,,71248,4,,0,30,,71249,4,,0,72,,71250,4,,0,73,,71251,4,,0,30,,71252,4,,0,70,,71253,4,,0,30,,71256,4,,0,70,,71257,4,,0,30,,71258,4,,0,70,,71254,4,,0,30,,71255,4,,0,70,,71260,4,,0,30,,71261,4,,0,70,,71262,4,,0,30,,71259,4,,0,70,,71263,4,,0,30,,71264,4,,0,70,,71265,4,,0,30,,71266,4,,0,68,,71267,4,,0,30,,71268,4,,0,70,,71269,4,,0,30,,71270,4,,0,70,,71272,4,,0,30,,71273,4,,0,70,,71274,4,,0,30,,71271,4,,0,70,,71246,4,,0,30,,71245,4,,0,70,,71275,4,,0,30,,71244,4,,0,70,,71238,4,,0,30,,71240,4,,0,70,,71239,4,,0,30,,71243,4,,0,70,,71237,4,,0,30,,71241,4,,0,70,,71242,4,,0
9901,'1CCSDCUT-Weekday',459,,71286,4,,0,70,,71287,4,,0,30,,71288,4,,0,72,,71289,4,,0,73,,71290,4,,0,30,,71291,4,,0,70,,71292,4,,0,30,,71295,4,,0,70,,71296,4,,0,30,,71297,4,,0,70,,71293,4,,0,30,,71294,4,,0,70,,71299,4,,0,30,,71300,4,,0,70,,71301,4,,0,30,,71298,4,,0,70,,71302,4,,0,30,,71303,4,,0,70,,71304,4,,0,30,,71305,4,,0,68,,71306,4,,0,30,,71307,4,,0,70,,71308,4,,0,30,,71309,4,,0,70,,71311,4,,0,30,,71312,4,,0,70,,71313,4,,0,30,,71310,4,,0,70,,71285,4,,0,30,,71284,4,,0,70,,71314,4,,0,30,,71283,4,,0,70,,71277,4,,0,30,,71279,4,,0,70,,71278,4,,0,30,,71282,4,,0,70,,71276,4,,0,30,,71280,4,,0,70,,71281,4,,0
9901,'1PUBCUT-Weekday',459,,71325,4,,0,70,,71326,4,,0,30,,71327,4,,0,72,,71328,4,,0,73,,71329,4,,0,30,,71330,4,,0,70,,71331,4,,0,30,,71334,4,,0,70,,71335,4,,0,30,,71336,4,,0,70,,71332,4,,0,30,,71333,4,,0,70,,71338,4,,0,30,,71339,4,,0,70,,71340,4,,0,30,,71337,4,,0,70,,71341,4,,0,30,,71342,4,,0,70,,71343,4,,0,30,,71344,4,,0,68,,71345,4,,0,30,,71346,4,,0,70,,71347,4,,0,30,,71348,4,,0,70,,71350,4,,0,30,,71351,4,,0,70,,71352,4,,0,30,,71349,4,,0,70,,71324,4,,0,30,,71323,4,,0,70,,71353,4,,0,30,,71322,4,,0,70,,71316,4,,0,30,,71318,4,,0,70,,71317,4,,0,30,,71321,4,,0,70,,71315,4,,0,30,,71319,4,,0,70,,71320,4,,0
