15400,'Saturday',648,,60102,20,,,0,85,,60106,20,,,0,85,,60104,20,,,0,85,,60105,20,,,0,45,,60107,20,,,0,85,,60108,20,,,0,85,,60110,20,,,0,85,,60112,20,,,0,46,,60113,20,,,0,85,,60114,20,,,0,85,,60111,20,,,0,85,,60116,20,,,0,45,,60117,20,,,0,85,,60118,20,,,0,85,,60119,20,,,0,85,,60109,20,,,0,45,,60120,20,,,0,85,,60121,20,,,0,85,,60115,20,,,0
15400,'Sunday',648,,60123,20,,,0,85,,60124,20,,,0,85,,60125,20,,,0,85,,60126,20,,,0,45,,60127,20,,,0,85,,60128,20,,,0,85,,60129,20,,,0,85,,60131,20,,,0,46,,60132,20,,,0,85,,60133,20,,,0,85,,60130,20,,,0,85,,60134,20,,,0,45,,60135,20,,,0,85,,60136,20,,,0,85,,60137,20,,,0,85,,60138,20,,,0,45,,60139,20,,,0,85,,60140,20,,,0,85,,60141,20,,,0
15400,'Weekday',546,,60142,20,,,0,70,,60161,20,,,0,30,,60170,20,,,0,70,,60152,20,,,0,30,,60144,20,,,0,70,,60163,20,,,0,30,,60173,20,,,0,70,,60153,20,,,0,30,,60143,20,,,0,70,,60162,20,,,0,30,,60174,20,,,0,70,,60154,20,,,0,30,,60145,20,,,0,70,,60164,20,,,0,30,,60175,20,,,0,70,,60155,20,,,0,30,,60146,20,,,0,70,,60166,20,,,0,30,,60176,20,,,0,71,,60156,20,,,0,34,,60147,20,,,0,68,,60165,20,,,0,30,,60177,20,,,0,72,,60157,20,,,0,30,,60148,20,,,0,69,,60167,20,,,0,29,,60178,20,,,0,68,,60158,20,,,0,30,,60149,20,,,0,70,,60169,20,,,0,30,,60179,20,,,0,72,,60159,20,,,0,30,,60150,20,,,0,70,,60168,20,,,0,30,,60180,20,,,0,68,,60160,20,,,0,30,,60151,20,,,0,70,,60171,20,,,0,30,,60181,20,,,0
15400,'1CCSDCUT-Weekday',546,,60182,20,,,0,70,,60201,20,,,0,30,,60210,20,,,0,70,,60192,20,,,0,30,,60184,20,,,0,70,,60203,20,,,0,30,,60213,20,,,0,70,,60193,20,,,0,30,,60183,20,,,0,70,,60202,20,,,0,30,,60214,20,,,0,70,,60194,20,,,0,30,,60185,20,,,0,70,,60204,20,,,0,30,,60215,20,,,0,70,,60195,20,,,0,30,,60186,20,,,0,70,,60206,20,,,0,30,,60216,20,,,0,71,,60196,20,,,0,34,,60187,20,,,0,68,,60205,20,,,0,30,,60217,20,,,0,72,,60197,20,,,0,30,,60188,20,,,0,69,,60207,20,,,0,29,,60218,20,,,0,68,,60198,20,,,0,30,,60189,20,,,0,70,,60209,20,,,0,30,,60219,20,,,0,72,,60199,20,,,0,30,,60190,20,,,0,70,,60208,20,,,0,30,,60220,20,,,0,68,,60200,20,,,0,30,,60191,20,,,0,70,,60211,20,,,0,30,,60221,20,,,0
15400,'1PUBCUT-Weekday',546,,60222,20,,,0,70,,60241,20,,,0,30,,60250,20,,,0,70,,60232,20,,,0,30,,60224,20,,,0,70,,60243,20,,,0,30,,60253,20,,,0,70,,60233,20,,,0,30,,60223,20,,,0,70,,60242,20,,,0,30,,60254,20,,,0,70,,60234,20,,,0,30,,60225,20,,,0,70,,60244,20,,,0,30,,60255,20,,,0,70,,60235,20,,,0,30,,60226,20,,,0,70,,60246,20,,,0,30,,60256,20,,,0,71,,60236,20,,,0,34,,60227,20,,,0,68,,60245,20,,,0,30,,60257,20,,,0,72,,60237,20,,,0,30,,60228,20,,,0,69,,60247,20,,,0,29,,60258,20,,,0,68,,60238,20,,,0,30,,60229,20,,,0,70,,60249,20,,,0,30,,60259,20,,,0,72,,60239,20,,,0,30,,60230,20,,,0,70,,60248,20,,,0,30,,60260,20,,,0,68,,60240,20,,,0,30,,60231,20,,,0,70,,60251,20,,,0,30,,60261,20,,,0
70600,'Weekday0000100',1337,,68381,28,0,130 184 64,0
70600,'Weekday1111000',1547,,68383,28,0,130 184 64,0
70600,'1CCSDCUT-Weekday0000100',1337,,68385,28,0,130 184 64,0
70600,'1CCSDCUT-Weekday1111000',1547,,68387,28,0,130 184 64,0
80501,'Weekday',820,,68879,8,0,127 15 16,0
80501,'1CCSDCUT-Weekday',820,,68880,8,0,127 15 16,0
80501,'1PUBCUT-Weekday',820,,68881,8,0,127 15 16,0
81800,'Weekday0000100',1448,,68940,19,0,12 13 14 15 16,0
81800,'Weekday1111000',1548,,68941,19,0,12 13 14 15 16,0
81800,'1PUBCUT-Weekday0000100',1448,,68942,19,0,12 13 14 15 16,0
81800,'1PUBCUT-Weekday1111000',1548,,68943,19,0,12 13 14 15 16,0
81801,'Weekday',816,,68944,20,0,12 13 14 15 16,0
81801,'1PUBCUT-Weekday',816,,68945,20,0,12 13 14 15 16,0
