86200,'Weekday',850,,89342,4,,0
86200,'1PUBCUT-Weekday',850,,89343,4,,0
86201,'Weekday0000100',1424,10,89344,0,17 18 1 28,0
86201,'Weekday1111000',1540,10,89345,0,17 18 1 28,0
86201,'1PUBCUT-Weekday0000100',1424,10,89346,0,17 18 1 28,0
86201,'1PUBCUT-Weekday1111000',1540,10,89347,0,17 18 1 28,0
86300,'Weekday0000100',1424,10,89349,0,17 18 19 1 23,0
86300,'Weekday1111000',1540,10,89351,0,17 18 19 1 23,0
86300,'1PUBCUT-Weekday0000100',1424,10,89353,0,17 18 19 1 23,0
86300,'1PUBCUT-Weekday1111000',1540,10,89355,0,17 18 19 1 23,0
86301,'Weekday',850,,89357,4,,0
86301,'1PUBCUT-Weekday',850,,89359,4,,0
86400,'Weekday0000100',1424,10,89361,0,17 18 19 1 21 22,0
86400,'Weekday1111000',1540,10,89363,0,17 18 19 1 21 22,0
86400,'1PUBCUT-Weekday0000100',1424,10,89365,0,17 18 19 1 21 22,0
86400,'1PUBCUT-Weekday1111000',1540,10,89367,0,17 18 19 1 21 22,0
86401,'Weekday',850,,89369,4,,0
86401,'1PUBCUT-Weekday',850,,89371,4,,0
86500,'Weekday',850,,89373,4,,0
86500,'1PUBCUT-Weekday',850,,89375,4,,0
86501,'Weekday0000100',1424,10,89377,0,17 18 19 1 51,0
86501,'Weekday1111000',1540,10,89379,0,17 18 19 1 51,0
86501,'1PUBCUT-Weekday0000100',1424,10,89381,0,17 18 19 1 51,0
86501,'1PUBCUT-Weekday1111000',1540,10,89383,0,17 18 19 1 51,0
86600,'Weekday0000100',1424,10,89385,0,17 18 19 1 20,0
86600,'Weekday1111000',1540,10,89387,0,17 18 19 1 20,0
86600,'1PUBCUT-Weekday0000100',1424,10,89389,0,17 18 19 1 20,0
86600,'1PUBCUT-Weekday1111000',1540,10,89391,0,17 18 19 1 20,0
86601,'Weekday',850,,89393,4,,0
86601,'1PUBCUT-Weekday',850,,89395,4,,0
86700,'Weekday0000100',1424,10,89396,0,17 18 19 1 61,0
86700,'Weekday1111000',1540,10,89397,0,17 18 19 1 61,0
86700,'1PUBCUT-Weekday0000100',1424,10,89398,0,17 18 19 1 61,0
86700,'1PUBCUT-Weekday1111000',1540,10,89399,0,17 18 19 1 61,0
86701,'Weekday',850,,89400,4,,0
86701,'1PUBCUT-Weekday',850,,89401,4,,0
86900,'Weekday0000100',1424,10,89402,,,0
86900,'Weekday1111000',1540,10,89403,,,0
86900,'1PUBCUT-Weekday0000100',1424,10,89404,,,0
86900,'1PUBCUT-Weekday1111000',1540,10,89405,,,0
