6400,'Weekday',1630,,98860,19,,,0,18,,98862,19,,,0,59,,98861,19,,,0,20,,98859,19,,,0,19,,98863,19,,,0,59,,98858,19,,,0
6400,'STMPSnea-Weekday',1630,,98866,19,,,0,18,,98868,19,,,0,59,,98867,19,,,0,20,,98865,19,,,0,19,,98869,19,,,0,59,,98864,19,,,0
6400,'STMPWeek-Weekday',1630,,98872,19,,,0,18,,98874,19,,,0,59,,98873,19,,,0,20,,98871,19,,,0,19,,98875,19,,,0,59,,98870,19,,,0
6400,'STMPar-Weekday',1630,,98878,19,,,0,18,,98880,19,,,0,59,,98879,19,,,0,20,,98877,19,,,0,19,,98881,19,,,0,59,,98876,19,,,0
6401,'Weekday',609,,98883,2,,,0,22,,98884,2,,,0,20,,98885,2,,,0,57,,98886,2,,,0,19,,98882,2,,,0
6401,'STMPSnea-Weekday',609,,98888,2,,,0,22,,98889,2,,,0,20,,98890,2,,,0,57,,98891,2,,,0,19,,98887,2,,,0
6401,'STMPWeek-Weekday',609,,98893,2,,,0,22,,98894,2,,,0,20,,98895,2,,,0,57,,98896,2,,,0,19,,98892,2,,,0
6401,'STMPar-Weekday',609,,98898,2,,,0,22,,98899,2,,,0,20,,98900,2,,,0,57,,98901,2,,,0,19,,98897,2,,,0
8901,'Weekday',611,,108858,9,,,0,40,,108861,9,,,0,84,,108859,9,,,0,85,,108865,9,,,0,39,,108860,9,,,0,776,,108862,9,,,0,78,,108864,9,,,0,42,,108863,9,,,0
8901,'STMPSnea-Weekday',611,,108866,9,,,0,40,,108869,9,,,0,84,,108867,9,,,0,85,,108873,9,,,0,39,,108868,9,,,0,776,,108870,9,,,0,78,,108872,9,,,0,42,,108871,9,,,0
8901,'STMPWeek-Weekday',611,,108874,9,,,0,40,,108877,9,,,0,84,,108875,9,,,0,85,,108881,9,,,0,39,,108876,9,,,0,776,,108878,9,,,0,78,,108880,9,,,0,42,,108879,9,,,0
8901,'STMPar-Weekday',611,,108882,9,,,0,40,,108885,9,,,0,84,,108883,9,,,0,85,,108889,9,,,0,39,,108884,9,,,0,776,,108886,9,,,0,78,,108888,9,,,0,42,,108887,9,,,0
