1501,'Saturday',722,,30160,33,,,0,78,,30167,33,,,0,38,,30173,33,,,0,78,,30161,33,,,0,38,,30168,33,,,0,78,,30175,33,,,0,78,,30162,33,,,0,38,,30169,33,,,0,78,,30174,33,,,0,78,,30163,33,,,0,38,,30170,33,,,0,78,,30176,33,,,0,38,,30164,33,,,0,78,,30171,33,,,0,78,,30177,33,,,0,38,,30165,33,,,0,78,,30172,33,,,0,78,,30178,33,,,0,38,,30166,33,,,0
1501,'Sunday',722,,30179,33,,,0,97,,30186,33,,,0,97,,30180,33,,,0,97,,30187,33,,,0,97,,30181,33,,,0,97,,30188,33,,,0,97,,30182,33,,,0,97,,30189,33,,,0,57,,30183,33,,,0,97,,30190,33,,,0,97,,30184,33,,,0,97,,30191,33,,,0,97,,30185,33,,,0
1501,'Weekday',619,,30206,21,,,0,40,,30199,33,,,0,79,,30192,33,,,0,77,,30207,33,,,0,40,,30200,33,,,0,79,,30193,33,,,0,80,,30208,33,,,0,40,,30201,33,,,0,80,,30194,33,,,0,80,,30209,33,,,0,40,,30202,33,,,0,80,,30195,33,,,0,80,,30210,33,,,0,40,,30203,33,,,0,80,,30196,33,,,0,75,,30211,33,,,0,31,,30213,33,,,0,70,,30204,33,,,0,30,,30197,33,,,0,69,,30212,33,,,0,28,,30214,33,,,0,68,,30205,33,,,0,39,,30198,33,,,0,78,,30215,33,,,0
1501,'1CCSDCUT-Weekday',619,,30230,21,,,0,40,,30223,33,,,0,79,,30216,33,,,0,77,,30231,33,,,0,40,,30224,33,,,0,79,,30217,33,,,0,80,,30232,33,,,0,40,,30225,33,,,0,80,,30218,33,,,0,80,,30233,33,,,0,40,,30226,33,,,0,80,,30219,33,,,0,80,,30234,33,,,0,40,,30227,33,,,0,80,,30220,33,,,0,75,,30235,33,,,0,31,,30237,33,,,0,70,,30228,33,,,0,30,,30221,33,,,0,69,,30236,33,,,0,28,,30238,33,,,0,68,,30229,33,,,0,39,,30222,33,,,0,78,,30239,33,,,0
1501,'1PUBCUT-Weekday',619,,30254,21,,,0,40,,30247,33,,,0,79,,30240,33,,,0,77,,30255,33,,,0,40,,30248,33,,,0,79,,30241,33,,,0,80,,30256,33,,,0,40,,30249,33,,,0,80,,30242,33,,,0,80,,30257,33,,,0,40,,30250,33,,,0,80,,30243,33,,,0,80,,30258,33,,,0,40,,30251,33,,,0,80,,30244,33,,,0,75,,30259,33,,,0,31,,30261,33,,,0,70,,30252,33,,,0,30,,30245,33,,,0,69,,30260,33,,,0,28,,30262,33,,,0,68,,30253,33,,,0,39,,30246,33,,,0,78,,30263,33,,,0
9900,'Saturday',655,,50720,52,,,0,70,,50695,52,,,0,30,,50696,52,,,0,70,,50729,52,,,0,30,,50700,52,,,0,70,,50703,52,,,0,30,,50725,52,,,0,70,,50699,52,,,0,30,,50704,52,,,0,70,,50726,52,,,0,30,,50702,52,,,0,70,,50701,52,,,0,30,,50727,52,,,0,70,,50705,52,,,0,30,,50707,52,,,0,70,,50719,52,,,0,30,,50708,52,,,0,70,,50709,52,,,0,30,,50723,52,,,0,70,,50706,52,,,0,30,,50710,52,,,0,70,,50721,52,,,0,30,,50712,52,,,0,70,,50713,52,,,0,30,,50722,52,,,0,70,,50714,52,,,0,30,,50711,52,,,0,70,,50724,52,,,0,30,,50715,52,,,0,70,,50716,52,,,0,30,,50728,52,,,0,70,,50717,52,,,0,30,,50697,52,,,0,70,,50718,52,,,0,30,,50698,52,,,0
9900,'Sunday',654,,50751,52,,,0,70,,50730,52,,,0,30,,50731,52,,,0,70,,50761,52,,,0,30,,50732,52,,,0,70,,50734,52,,,0,30,,50753,52,,,0,70,,50739,52,,,0,30,,50740,52,,,0,70,,50755,52,,,0,30,,50737,52,,,0,70,,50735,52,,,0,30,,50758,52,,,0,70,,50733,52,,,0,30,,50738,52,,,0,70,,50754,52,,,0,30,,50736,52,,,0,70,,50741,52,,,0,30,,50756,52,,,0,70,,50742,52,,,0,30,,50743,52,,,0,70,,50760,52,,,0,30,,50744,52,,,0,70,,50746,52,,,0,30,,50752,52,,,0,70,,50745,52,,,0,30,,50747,52,,,0,70,,50759,52,,,0,30,,50749,52,,,0,70,,50748,52,,,0,30,,50757,52,,,0,70,,50750,52,,,0
9900,'Weekday',633,,50779,52,,,0,73,,50773,52,,,0,30,,50775,52,,,0,70,,50777,52,,,0,30,,50772,52,,,0,70,,50771,52,,,0,24,,50774,52,,,0,75,,50776,52,,,0,30,,50780,52,,,0,70,,50781,52,,,0,30,,50778,52,,,0,70,,50782,52,,,0,30,,50783,52,,,0,70,,50784,52,,,0,30,,50785,52,,,0,70,,50786,52,,,0,30,,50787,52,,,0,71,,50788,52,,,0,31,,50789,52,,,0,70,,50790,52,,,0,30,,50791,52,,,0,70,,50792,52,,,0,30,,50794,52,,,0,70,,50795,52,,,0,30,,50796,52,,,0,70,,50797,52,,,0,28,,50798,52,,,0,68,,50799,52,,,0,30,,50793,52,,,0,70,,50767,52,,,0,28,,50765,52,,,0,69,,50763,52,,,0,30,,50766,52,,,0,70,,50768,52,,,0,30,,50762,52,,,0,70,,50764,52,,,0,33,,50769,52,,,0
9900,'1CCSDCUT-Weekday',633,,50817,52,,,0,73,,50811,52,,,0,30,,50813,52,,,0,70,,50815,52,,,0,30,,50810,52,,,0,70,,50809,52,,,0,24,,50812,52,,,0,75,,50814,52,,,0,30,,50818,52,,,0,70,,50819,52,,,0,30,,50816,52,,,0,70,,50820,52,,,0,30,,50821,52,,,0,70,,50822,52,,,0,30,,50823,52,,,0,70,,50824,52,,,0,30,,50825,52,,,0,71,,50826,52,,,0,31,,50827,52,,,0,70,,50828,52,,,0,30,,50829,52,,,0,70,,50830,52,,,0,30,,50832,52,,,0,70,,50833,52,,,0,30,,50834,52,,,0,70,,50835,52,,,0,28,,50836,52,,,0,68,,50837,52,,,0,30,,50831,52,,,0,70,,50805,52,,,0,28,,50803,52,,,0,69,,50801,52,,,0,30,,50804,52,,,0,70,,50806,52,,,0,30,,50800,52,,,0,70,,50802,52,,,0,33,,50807,52,,,0
9900,'1PUBCUT-Weekday',633,,50855,52,,,0,73,,50849,52,,,0,30,,50851,52,,,0,70,,50853,52,,,0,30,,50848,52,,,0,70,,50847,52,,,0,24,,50850,52,,,0,75,,50852,52,,,0,30,,50856,52,,,0,70,,50857,52,,,0,30,,50854,52,,,0,70,,50858,52,,,0,30,,50859,52,,,0,70,,50860,52,,,0,30,,50861,52,,,0,70,,50862,52,,,0,30,,50863,52,,,0,71,,50864,52,,,0,31,,50865,52,,,0,70,,50866,52,,,0,30,,50867,52,,,0,70,,50868,52,,,0,30,,50870,52,,,0,70,,50871,52,,,0,30,,50872,52,,,0,70,,50873,52,,,0,28,,50874,52,,,0,68,,50875,52,,,0,30,,50869,52,,,0,70,,50843,52,,,0,28,,50841,52,,,0,69,,50839,52,,,0,30,,50842,52,,,0,70,,50844,52,,,0,30,,50838,52,,,0,70,,50840,52,,,0,33,,50845,52,,,0
