11400,'Saturday',553,,118401,35,,,0,71,,118391,35,,,0,84,,118409,35,,,0,40,,118392,35,,,0,80,,118411,35,,,0,80,,118402,35,,,0,40,,118412,35,,,0,80,,118403,35,,,0,80,,118393,35,,,0,40,,118404,35,,,0,81,,118395,35,,,0,80,,118410,35,,,0,40,,118394,35,,,0,80,,118413,35,,,0,80,,118396,35,,,0,40,,118414,35,,,0,80,,118405,35,,,0,80,,118397,35,,,0,40,,118407,35,,,0,79,,118399,35,,,0,80,,118415,35,,,0,40,,118398,35,,,0,80,,118416,35,,,0,80,,118408,35,,,0,40,,118417,35,,,0,80,,118406,35,,,0,80,,118400,35,,,0,50,,118418,35,,,0
11400,'Sunday',553,,118432,35,,,0,71,,118419,35,,,0,84,,118433,35,,,0,40,,118420,35,,,0,80,,118434,35,,,0,80,,118421,35,,,0,40,,118435,35,,,0,80,,118422,35,,,0,80,,118436,35,,,0,40,,118423,35,,,0,81,,118437,35,,,0,80,,118424,35,,,0,40,,118438,35,,,0,80,,118425,35,,,0,80,,118439,35,,,0,40,,118426,35,,,0,80,,118440,35,,,0,80,,118427,35,,,0,40,,118441,35,,,0,79,,118428,35,,,0,80,,118442,35,,,0,40,,118429,35,,,0,80,,118443,35,,,0,80,,118430,35,,,0,40,,118444,35,,,0,80,,118431,35,,,0,80,,118446,35,,,0,50,,118445,35,,,0
11400,'Weekday',500,,118482,10,,,0,38,,118447,35,,,0,76,,118464,35,,,0,31,,118456,35,,,0,72,,118448,35,,,0,30,,118465,35,,,0,70,,118457,35,,,0,30,,118449,35,,,0,68,,118467,35,,,0,28,,118458,35,,,0,70,,118450,35,,,0,30,,118466,35,,,0,70,,118459,35,,,0,30,,118452,35,,,0,70,,118468,35,,,0,30,,118461,35,,,0,70,,118451,35,,,0,30,,118469,35,,,0,70,,118460,35,,,0,30,,118453,35,,,0,71,,118470,35,,,0,31,,118462,35,,,0,70,,118454,35,,,0,30,,118472,35,,,0,70,,118463,35,,,0,30,,118455,35,,,0,70,,118471,35,,,0,26,,118473,35,,,0,80,,118477,35,,,0,82,,118478,35,,,0,42,,118474,35,,,0,82,,118480,35,,,0,82,,118479,35,,,0,42,,118481,35,,,0,82,,118475,35,,,0,82,,118476,35,,,0
11400,'STMPSa-Saturday',553,,118494,35,,,0,71,,118483,35,,,0,84,,118501,35,,,0,40,,118484,35,,,0,80,,118503,35,,,0,80,,118492,35,,,0,40,,118504,35,,,0,80,,118495,35,,,0,80,,118485,35,,,0,40,,118496,35,,,0,81,,118487,35,,,0,80,,118502,35,,,0,40,,118486,35,,,0,80,,118505,35,,,0,80,,118488,35,,,0,40,,118506,35,,,0,80,,118497,35,,,0,80,,118489,35,,,0,40,,118499,35,,,0,79,,118491,35,,,0,80,,118507,35,,,0,40,,118490,35,,,0,80,,118508,35,,,0,80,,118500,35,,,0,40,,118509,35,,,0,80,,118498,35,,,0,80,,118493,35,,,0,50,,118510,35,,,0
11400,'STMPSnea-Weekday',500,,118546,10,,,0,38,,118511,35,,,0,76,,118528,35,,,0,31,,118520,35,,,0,72,,118512,35,,,0,30,,118529,35,,,0,70,,118521,35,,,0,30,,118513,35,,,0,68,,118531,35,,,0,28,,118522,35,,,0,70,,118514,35,,,0,30,,118530,35,,,0,70,,118523,35,,,0,30,,118516,35,,,0,70,,118532,35,,,0,30,,118525,35,,,0,70,,118515,35,,,0,30,,118533,35,,,0,70,,118524,35,,,0,30,,118517,35,,,0,71,,118534,35,,,0,31,,118526,35,,,0,70,,118518,35,,,0,30,,118536,35,,,0,70,,118527,35,,,0,30,,118519,35,,,0,70,,118535,35,,,0,26,,118537,35,,,0,80,,118541,35,,,0,82,,118542,35,,,0,42,,118538,35,,,0,82,,118544,35,,,0,82,,118543,35,,,0,42,,118545,35,,,0,82,,118539,35,,,0,82,,118540,35,,,0
11400,'STMPSu1-Sunday',553,,118560,35,,,0,71,,118547,35,,,0,84,,118561,35,,,0,40,,118548,35,,,0,80,,118562,35,,,0,80,,118549,35,,,0,40,,118563,35,,,0,80,,118550,35,,,0,80,,118564,35,,,0,40,,118551,35,,,0,81,,118565,35,,,0,80,,118552,35,,,0,40,,118566,35,,,0,80,,118553,35,,,0,80,,118567,35,,,0,40,,118554,35,,,0,80,,118568,35,,,0,80,,118555,35,,,0,40,,118569,35,,,0,79,,118556,35,,,0,80,,118570,35,,,0,40,,118557,35,,,0,80,,118571,35,,,0,80,,118558,35,,,0,40,,118572,35,,,0,80,,118559,35,,,0,80,,118574,35,,,0,50,,118573,35,,,0
11400,'STMPSu2-Sunday',553,,118588,35,,,0,71,,118575,35,,,0,84,,118589,35,,,0,40,,118576,35,,,0,80,,118590,35,,,0,80,,118577,35,,,0,40,,118591,35,,,0,80,,118578,35,,,0,80,,118592,35,,,0,40,,118579,35,,,0,81,,118593,35,,,0,80,,118580,35,,,0,40,,118594,35,,,0,80,,118581,35,,,0,80,,118595,35,,,0,40,,118582,35,,,0,80,,118596,35,,,0,80,,118583,35,,,0,40,,118597,35,,,0,79,,118584,35,,,0,80,,118598,35,,,0,40,,118585,35,,,0,80,,118599,35,,,0,80,,118586,35,,,0,40,,118600,35,,,0,80,,118587,35,,,0,80,,118602,35,,,0,50,,118601,35,,,0
11400,'STMPWeek-Weekday',500,,118638,10,,,0,38,,118603,35,,,0,76,,118620,35,,,0,31,,118612,35,,,0,72,,118604,35,,,0,30,,118621,35,,,0,70,,118613,35,,,0,30,,118605,35,,,0,68,,118623,35,,,0,28,,118614,35,,,0,70,,118606,35,,,0,30,,118622,35,,,0,70,,118615,35,,,0,30,,118608,35,,,0,70,,118624,35,,,0,30,,118617,35,,,0,70,,118607,35,,,0,30,,118625,35,,,0,70,,118616,35,,,0,30,,118609,35,,,0,71,,118626,35,,,0,31,,118618,35,,,0,70,,118610,35,,,0,30,,118628,35,,,0,70,,118619,35,,,0,30,,118611,35,,,0,70,,118627,35,,,0,26,,118629,35,,,0,80,,118633,35,,,0,82,,118634,35,,,0,42,,118630,35,,,0,82,,118636,35,,,0,82,,118635,35,,,0,42,,118637,35,,,0,82,,118631,35,,,0,82,,118632,35,,,0
11400,'STMPar-Weekday',500,,118674,10,,,0,38,,118639,35,,,0,76,,118656,35,,,0,31,,118648,35,,,0,72,,118640,35,,,0,30,,118657,35,,,0,70,,118649,35,,,0,30,,118641,35,,,0,68,,118659,35,,,0,28,,118650,35,,,0,70,,118642,35,,,0,30,,118658,35,,,0,70,,118651,35,,,0,30,,118644,35,,,0,70,,118660,35,,,0,30,,118653,35,,,0,70,,118643,35,,,0,30,,118661,35,,,0,70,,118652,35,,,0,30,,118645,35,,,0,71,,118662,35,,,0,31,,118654,35,,,0,70,,118646,35,,,0,30,,118664,35,,,0,70,,118655,35,,,0,30,,118647,35,,,0,70,,118663,35,,,0,26,,118665,35,,,0,80,,118669,35,,,0,82,,118670,35,,,0,42,,118666,35,,,0,82,,118672,35,,,0,82,,118671,35,,,0,42,,118673,35,,,0,82,,118667,35,,,0,82,,118668,35,,,0
14200,'Weekday',1649,,126065,20,,,0,65,,126067,20,,,0,35,,126066,20,,,0
14200,'STMPSnea-Weekday',1649,,126068,20,,,0,65,,126070,20,,,0,35,,126069,20,,,0
14200,'STMPWeek-Weekday',1649,,126071,20,,,0,65,,126073,20,,,0,35,,126072,20,,,0
14200,'STMPar-Weekday',1649,,126074,20,,,0,65,,126076,20,,,0,35,,126075,20,,,0
14201,'Weekday',607,,126077,1,,,0,25,,126078,1,,,0,25,,126079,1,,,0
14201,'STMPSnea-Weekday',607,,126080,1,,,0,25,,126081,1,,,0,25,,126082,1,,,0
14201,'STMPWeek-Weekday',607,,126083,1,,,0,25,,126084,1,,,0,25,,126085,1,,,0
14201,'STMPar-Weekday',607,,126086,1,,,0,25,,126087,1,,,0,25,,126088,1,,,0
