11400,'Saturday',556,,53533,39,,,0,71,,53523,39,,,0,84,,53541,39,,,0,40,,53524,39,,,0,80,,53543,39,,,0,80,,53534,39,,,0,40,,53544,39,,,0,80,,53535,39,,,0,80,,53525,39,,,0,40,,53536,39,,,0,80,,53527,39,,,0,80,,53542,39,,,0,40,,53526,39,,,0,80,,53545,39,,,0,80,,53528,39,,,0,40,,53546,39,,,0,80,,53537,39,,,0,80,,53529,39,,,0,40,,53539,39,,,0,80,,53531,39,,,0,80,,53547,39,,,0,40,,53530,39,,,0,80,,53548,39,,,0,80,,53540,39,,,0,40,,53549,39,,,0,80,,53538,39,,,0,80,,53532,39,,,0,90,,53550,39,,,0
11400,'Sunday',556,,53564,39,,,0,71,,53551,39,,,0,84,,53565,39,,,0,40,,53552,39,,,0,80,,53566,39,,,0,80,,53553,39,,,0,40,,53567,39,,,0,80,,53554,39,,,0,80,,53568,39,,,0,40,,53555,39,,,0,80,,53569,39,,,0,80,,53556,39,,,0,40,,53570,39,,,0,80,,53557,39,,,0,80,,53571,39,,,0,40,,53558,39,,,0,80,,53572,39,,,0,80,,53559,39,,,0,40,,53573,39,,,0,80,,53560,39,,,0,80,,53574,39,,,0,40,,53561,39,,,0,80,,53575,39,,,0,80,,53562,39,,,0,40,,53576,39,,,0,80,,53563,39,,,0,80,,53578,39,,,0,90,,53577,39,,,0
11400,'Weekday',502,,53615,14,,,0,38,,53579,39,,,0,76,,53596,39,,,0,32,,53588,39,,,0,72,,53580,39,,,0,30,,53597,39,,,0,70,,53589,39,,,0,18,,53605,14,,,0,12,,53581,39,,,0,67,,53599,39,,,0,28,,53590,39,,,0,70,,53582,39,,,0,30,,53598,39,,,0,70,,53591,39,,,0,30,,53584,39,,,0,70,,53600,39,,,0,30,,53593,39,,,0,70,,53583,39,,,0,30,,53601,39,,,0,70,,53592,39,,,0,30,,53585,39,,,0,73,,53602,39,,,0,31,,53594,39,,,0,70,,53586,39,,,0,30,,53604,39,,,0,70,,53595,39,,,0,30,,53587,39,,,0,70,,53603,39,,,0,24,,53606,39,,,0,80,,53610,39,,,0,82,,53611,39,,,0,42,,53607,39,,,0,82,,53613,39,,,0,82,,53612,39,,,0,42,,53614,39,,,0,82,,53608,39,,,0,82,,53609,39,,,0
11400,'1CCSDCUT-Weekday',502,,53652,14,,,0,38,,53616,39,,,0,76,,53633,39,,,0,32,,53625,39,,,0,72,,53617,39,,,0,30,,53634,39,,,0,70,,53626,39,,,0,18,,53642,14,,,0,12,,53618,39,,,0,67,,53636,39,,,0,28,,53627,39,,,0,70,,53619,39,,,0,30,,53635,39,,,0,70,,53628,39,,,0,30,,53621,39,,,0,70,,53637,39,,,0,30,,53630,39,,,0,70,,53620,39,,,0,30,,53638,39,,,0,70,,53629,39,,,0,30,,53622,39,,,0,73,,53639,39,,,0,31,,53631,39,,,0,70,,53623,39,,,0,30,,53641,39,,,0,70,,53632,39,,,0,30,,53624,39,,,0,70,,53640,39,,,0,24,,53643,39,,,0,80,,53647,39,,,0,82,,53648,39,,,0,42,,53644,39,,,0,82,,53650,39,,,0,82,,53649,39,,,0,42,,53651,39,,,0,82,,53645,39,,,0,82,,53646,39,,,0
11400,'1PUBCUT-Weekday',502,,53688,14,,,0,38,,53653,39,,,0,76,,53670,39,,,0,32,,53662,39,,,0,72,,53654,39,,,0,30,,53671,39,,,0,70,,53663,39,,,0,30,,53655,39,,,0,67,,53673,39,,,0,28,,53664,39,,,0,70,,53656,39,,,0,30,,53672,39,,,0,70,,53665,39,,,0,30,,53658,39,,,0,70,,53674,39,,,0,30,,53667,39,,,0,70,,53657,39,,,0,30,,53675,39,,,0,70,,53666,39,,,0,30,,53659,39,,,0,73,,53676,39,,,0,31,,53668,39,,,0,70,,53660,39,,,0,30,,53678,39,,,0,70,,53669,39,,,0,30,,53661,39,,,0,70,,53677,39,,,0,24,,53679,39,,,0,80,,53683,39,,,0,82,,53684,39,,,0,42,,53680,39,,,0,82,,53686,39,,,0,82,,53685,39,,,0,42,,53687,39,,,0,82,,53681,39,,,0,82,,53682,39,,,0
14200,'Weekday',1652,,58149,24,,,0,65,,58151,24,,,0,35,,58150,24,,,0
14200,'1CCSDCUT-Weekday',1652,,58152,24,,,0,65,,58154,24,,,0,35,,58153,24,,,0
14200,'1PUBCUT-Weekday',1652,,58155,24,,,0,65,,58157,24,,,0,35,,58156,24,,,0
14201,'Weekday',610,,58158,5,,,0,25,,58159,5,,,0,66,,58160,5,,,0
14201,'1CCSDCUT-Weekday',610,,58161,5,,,0,25,,58162,5,,,0,66,,58163,5,,,0
14201,'1PUBCUT-Weekday',610,,58164,5,,,0,25,,58165,5,,,0,66,,58166,5,,,0
88701,'Weekday',744,,69150,6,0,12 89 28 1 90,0
88701,'1PUBCUT-Weekday',744,,69151,6,0,12 89 28 1 90,0
