2800,'Saturday',603,,84974,38,,,0,30,,84980,38,,,0,70,,84972,38,,,0,30,,84988,38,,,0,70,,84978,38,,,0,30,,84986,38,,,0,70,,84971,38,,,0,30,,84993,38,,,0,70,,84973,38,,,0,30,,84990,38,,,0,70,,84975,38,,,0,30,,84989,38,,,0,70,,84976,38,,,0,30,,84991,38,,,0,70,,84977,38,,,0,30,,84992,38,,,0,70,,84962,38,,,0,30,,84981,38,,,0,70,,84963,38,,,0,30,,84985,38,,,0,70,,84964,38,,,0,30,,84979,38,,,0,70,,84965,38,,,0,30,,84984,38,,,0,70,,84966,38,,,0,30,,84982,38,,,0,70,,84967,38,,,0,30,,84983,38,,,0,70,,84968,38,,,0,30,,84987,38,,,0,70,,84969,38,,,0,30,,84994,38,,,0,72,,84970,38,,,0
2800,'Sunday',733,,84999,38,,,0,70,,85010,38,,,0,30,,85004,38,,,0,70,,85011,38,,,0,30,,85005,38,,,0,70,,85012,38,,,0,30,,85006,38,,,0,70,,85013,38,,,0,30,,85002,38,,,0,70,,85014,38,,,0,30,,84995,38,,,0,70,,85015,38,,,0,30,,84996,38,,,0,70,,85016,38,,,0,30,,84997,38,,,0,70,,85017,38,,,0,30,,84998,38,,,0,70,,85018,38,,,0,30,,85000,38,,,0,70,,85019,38,,,0,30,,85003,38,,,0,70,,85020,38,,,0,30,,85001,38,,,0,70,,85021,38,,,0,30,,85008,38,,,0,70,,85022,38,,,0,30,,85009,38,,,0,70,,85023,38,,,0,32,,85007,38,,,0,70,,85024,38,,,0
2800,'Weekday',532,,85026,21,,,0,72,,85027,38,,,0,38,,85028,38,,,0,70,,85044,38,,,0,30,,85029,38,,,0,70,,85045,38,,,0,30,,85030,38,,,0,70,,85047,38,,,0,30,,85031,38,,,0,70,,85046,38,,,0,30,,85032,38,,,0,70,,85048,38,,,0,30,,85034,38,,,0,70,,85049,38,,,0,30,,85033,38,,,0,70,,85051,38,,,0,30,,85035,38,,,0,70,,85050,38,,,0,30,,85036,38,,,0,70,,85053,38,,,0,30,,85037,38,,,0,70,,85054,38,,,0,30,,85038,38,,,0,70,,85052,38,,,0,30,,85039,38,,,0,70,,85055,38,,,0,30,,85040,38,,,0,65,,85056,38,,,0,28,,85025,38,,,0,69,,85058,38,,,0,30,,85041,38,,,0,70,,85059,38,,,0,30,,85042,38,,,0,70,,85060,38,,,0,30,,85043,38,,,0,70,,85057,38,,,0,30,,85062,38,,,0,70,,85061,38,,,0
2800,'STMPSa-Saturday',603,,85075,38,,,0,30,,85081,38,,,0,70,,85073,38,,,0,30,,85089,38,,,0,70,,85079,38,,,0,30,,85087,38,,,0,70,,85072,38,,,0,30,,85094,38,,,0,70,,85074,38,,,0,30,,85091,38,,,0,70,,85076,38,,,0,30,,85090,38,,,0,70,,85077,38,,,0,30,,85092,38,,,0,70,,85078,38,,,0,30,,85093,38,,,0,70,,85063,38,,,0,30,,85082,38,,,0,70,,85064,38,,,0,30,,85086,38,,,0,70,,85065,38,,,0,30,,85080,38,,,0,70,,85066,38,,,0,30,,85085,38,,,0,70,,85067,38,,,0,30,,85083,38,,,0,70,,85068,38,,,0,30,,85084,38,,,0,70,,85069,38,,,0,30,,85088,38,,,0,70,,85070,38,,,0,30,,85095,38,,,0,72,,85071,38,,,0
2800,'STMPSnea-Weekday',532,,85097,21,,,0,72,,85098,38,,,0,38,,85099,38,,,0,70,,85115,38,,,0,30,,85100,38,,,0,70,,85116,38,,,0,30,,85101,38,,,0,70,,85118,38,,,0,30,,85102,38,,,0,70,,85117,38,,,0,30,,85103,38,,,0,70,,85119,38,,,0,30,,85105,38,,,0,70,,85120,38,,,0,30,,85104,38,,,0,70,,85122,38,,,0,30,,85106,38,,,0,70,,85121,38,,,0,30,,85107,38,,,0,70,,85124,38,,,0,30,,85108,38,,,0,70,,85125,38,,,0,30,,85109,38,,,0,70,,85123,38,,,0,30,,85110,38,,,0,70,,85126,38,,,0,30,,85111,38,,,0,65,,85127,38,,,0,28,,85096,38,,,0,69,,85129,38,,,0,30,,85112,38,,,0,70,,85130,38,,,0,30,,85113,38,,,0,70,,85131,38,,,0,30,,85114,38,,,0,70,,85128,38,,,0,30,,85133,38,,,0,70,,85132,38,,,0
2800,'STMPSu1-Sunday',733,,85138,38,,,0,70,,85149,38,,,0,30,,85143,38,,,0,70,,85150,38,,,0,30,,85144,38,,,0,70,,85151,38,,,0,30,,85145,38,,,0,70,,85152,38,,,0,30,,85141,38,,,0,70,,85153,38,,,0,30,,85134,38,,,0,70,,85154,38,,,0,30,,85135,38,,,0,70,,85156,38,,,0,30,,85136,38,,,0,70,,85155,38,,,0,30,,85137,38,,,0,70,,85157,38,,,0,30,,85139,38,,,0,70,,85158,38,,,0,30,,85142,38,,,0,70,,85159,38,,,0,30,,85140,38,,,0,70,,85160,38,,,0,30,,85147,38,,,0,70,,85161,38,,,0,30,,85148,38,,,0,70,,85162,38,,,0,32,,85146,38,,,0,70,,85163,38,,,0
2800,'STMPSu2-Sunday',733,,85168,38,,,0,70,,85179,38,,,0,30,,85173,38,,,0,70,,85180,38,,,0,30,,85174,38,,,0,70,,85181,38,,,0,30,,85175,38,,,0,70,,85182,38,,,0,30,,85171,38,,,0,70,,85183,38,,,0,30,,85164,38,,,0,70,,85184,38,,,0,30,,85165,38,,,0,70,,85185,38,,,0,30,,85166,38,,,0,70,,85186,38,,,0,30,,85167,38,,,0,70,,85187,38,,,0,30,,85169,38,,,0,70,,85188,38,,,0,30,,85172,38,,,0,70,,85189,38,,,0,30,,85170,38,,,0,70,,85190,38,,,0,30,,85177,38,,,0,70,,85191,38,,,0,30,,85178,38,,,0,70,,85192,38,,,0,32,,85176,38,,,0,70,,85193,38,,,0
2800,'STMPWeek-Weekday',532,,85195,21,,,0,72,,85196,38,,,0,38,,85197,38,,,0,70,,85213,38,,,0,30,,85198,38,,,0,70,,85214,38,,,0,30,,85199,38,,,0,70,,85216,38,,,0,30,,85200,38,,,0,70,,85215,38,,,0,30,,85201,38,,,0,70,,85217,38,,,0,30,,85203,38,,,0,70,,85218,38,,,0,30,,85202,38,,,0,70,,85220,38,,,0,30,,85204,38,,,0,70,,85219,38,,,0,30,,85205,38,,,0,70,,85222,38,,,0,30,,85206,38,,,0,70,,85223,38,,,0,30,,85207,38,,,0,70,,85221,38,,,0,30,,85208,38,,,0,70,,85224,38,,,0,30,,85209,38,,,0,65,,85225,38,,,0,28,,85194,38,,,0,69,,85227,38,,,0,30,,85210,38,,,0,70,,85228,38,,,0,30,,85211,38,,,0,70,,85229,38,,,0,30,,85212,38,,,0,70,,85226,38,,,0,30,,85231,38,,,0,70,,85230,38,,,0
2800,'STMPar-Weekday',532,,85233,21,,,0,72,,85234,38,,,0,38,,85235,38,,,0,70,,85251,38,,,0,30,,85236,38,,,0,70,,85252,38,,,0,30,,85237,38,,,0,70,,85254,38,,,0,30,,85238,38,,,0,70,,85253,38,,,0,30,,85239,38,,,0,70,,85255,38,,,0,30,,85241,38,,,0,70,,85256,38,,,0,30,,85240,38,,,0,70,,85258,38,,,0,30,,85242,38,,,0,70,,85257,38,,,0,30,,85243,38,,,0,70,,85260,38,,,0,30,,85244,38,,,0,70,,85261,38,,,0,30,,85245,38,,,0,70,,85259,38,,,0,30,,85246,38,,,0,70,,85262,38,,,0,30,,85247,38,,,0,65,,85263,38,,,0,28,,85232,38,,,0,69,,85265,38,,,0,30,,85248,38,,,0,70,,85266,38,,,0,30,,85249,38,,,0,70,,85267,38,,,0,30,,85250,38,,,0,70,,85264,38,,,0,30,,85269,38,,,0,70,,85268,38,,,0
4400,'Saturday',703,,91964,35,,,0,40,,91965,35,,,0,80,,91966,35,,,0,80,,91967,35,,,0,40,,91968,35,,,0,80,,91969,35,,,0,80,,91970,35,,,0,40,,91972,35,,,0,80,,91974,35,,,0,80,,91973,35,,,0,40,,91975,35,,,0,80,,91971,35,,,0,80,,91976,35,,,0,40,,91977,35,,,0,80,,91978,35,,,0,80,,91979,35,,,0,40,,91980,35,,,0,80,,91981,35,,,0,80,,91982,35,,,0,42,,91983,35,,,0
4400,'Weekday',545,,91984,35,,,0,80,,91985,35,,,0,80,,91986,35,,,0,38,,91987,35,,,0,73,,91988,35,,,0,40,,91990,35,,,0,89,,91991,35,,,0,80,,91989,35,,,0,80,,91993,35,,,0,40,,91994,35,,,0,80,,91992,35,,,0,80,,91995,35,,,0,40,,91996,35,,,0,80,,91997,35,,,0,88,,91999,35,,,0,34,,92000,35,,,0,78,,92001,35,,,0,80,,91998,35,,,0,40,,92002,35,,,0,80,,92003,35,,,0,80,,92004,35,,,0,40,,92005,35,,,0
4400,'STMPSa-Saturday',703,,92006,35,,,0,40,,92007,35,,,0,80,,92008,35,,,0,80,,92009,35,,,0,40,,92011,35,,,0,80,,92010,35,,,0,80,,92012,35,,,0,40,,92014,35,,,0,80,,92016,35,,,0,80,,92015,35,,,0,40,,92017,35,,,0,80,,92013,35,,,0,80,,92018,35,,,0,40,,92019,35,,,0,80,,92020,35,,,0,80,,92021,35,,,0,40,,92022,35,,,0,80,,92023,35,,,0,80,,92024,35,,,0,42,,92025,35,,,0
4400,'STMPSnea-Weekday',545,,92026,35,,,0,80,,92027,35,,,0,80,,92028,35,,,0,38,,92029,35,,,0,73,,92030,35,,,0,40,,92032,35,,,0,89,,92033,35,,,0,80,,92031,35,,,0,80,,92035,35,,,0,40,,92036,35,,,0,80,,92034,35,,,0,80,,92037,35,,,0,40,,92038,35,,,0,80,,92039,35,,,0,88,,92041,35,,,0,34,,92042,35,,,0,78,,92043,35,,,0,80,,92040,35,,,0,40,,92044,35,,,0,80,,92045,35,,,0,80,,92046,35,,,0,40,,92047,35,,,0
4400,'STMPWeek-Weekday',545,,92048,35,,,0,80,,92049,35,,,0,80,,92050,35,,,0,38,,92051,35,,,0,73,,92052,35,,,0,40,,92054,35,,,0,89,,92055,35,,,0,80,,92053,35,,,0,80,,92057,35,,,0,40,,92058,35,,,0,80,,92056,35,,,0,80,,92059,35,,,0,40,,92060,35,,,0,80,,92061,35,,,0,88,,92063,35,,,0,34,,92064,35,,,0,78,,92065,35,,,0,80,,92062,35,,,0,40,,92066,35,,,0,80,,92067,35,,,0,80,,92068,35,,,0,40,,92069,35,,,0
4400,'STMPar-Weekday',545,,92070,35,,,0,80,,92071,35,,,0,80,,92072,35,,,0,38,,92073,35,,,0,73,,92074,35,,,0,40,,92076,35,,,0,89,,92077,35,,,0,80,,92075,35,,,0,80,,92079,35,,,0,40,,92080,35,,,0,80,,92078,35,,,0,80,,92081,35,,,0,40,,92082,35,,,0,80,,92083,35,,,0,88,,92085,35,,,0,34,,92086,35,,,0,78,,92087,35,,,0,80,,92084,35,,,0,40,,92088,35,,,0,80,,92089,35,,,0,80,,92090,35,,,0,40,,92091,35,,,0
8300,'Saturday',624,,106173,27,,,0,30,,106187,27,,,0,70,,106172,27,,,0,30,,106184,27,,,0,70,,106166,27,,,0,30,,106182,27,,,0,70,,106168,27,,,0,30,,106183,27,,,0,70,,106167,27,,,0,30,,106186,27,,,0,70,,106169,27,,,0,30,,106185,27,,,0,70,,106170,27,,,0,30,,106188,27,,,0,70,,106171,27,,,0,30,,106181,27,,,0,70,,106158,27,,,0,30,,106175,27,,,0,70,,106159,27,,,0,30,,106177,27,,,0,70,,106161,27,,,0,30,,106179,27,,,0,70,,106162,27,,,0,30,,106176,27,,,0,70,,106163,27,,,0,30,,106180,27,,,0,70,,106164,27,,,0,30,,106178,27,,,0,70,,106165,27,,,0,30,,106174,27,,,0,70,,106160,27,,,0,30,,106189,27,,,0
8300,'Sunday',754,,106199,27,,,0,70,,106206,27,,,0,30,,106200,27,,,0,70,,106205,27,,,0,30,,106197,27,,,0,70,,106208,27,,,0,30,,106198,27,,,0,70,,106207,27,,,0,30,,106201,27,,,0,70,,106209,27,,,0,30,,106190,27,,,0,70,,106211,27,,,0,30,,106191,27,,,0,70,,106210,27,,,0,30,,106192,27,,,0,70,,106213,27,,,0,30,,106193,27,,,0,70,,106212,27,,,0,30,,106194,27,,,0,70,,106214,27,,,0,30,,106195,27,,,0,70,,106215,27,,,0,30,,106202,27,,,0,70,,106216,27,,,0,30,,106203,27,,,0,70,,106217,27,,,0,30,,106204,27,,,0,70,,106218,27,,,0,32,,106196,27,,,0,70,,106219,27,,,0
8300,'Weekday',552,,106237,12,,,0,61,,106238,27,,,0,22,,106239,27,,,0,70,,106221,27,,,0,30,,106241,27,,,0,70,,106222,27,,,0,30,,106240,27,,,0,70,,106223,27,,,0,30,,106243,27,,,0,70,,106224,27,,,0,30,,106242,27,,,0,70,,106225,27,,,0,30,,106244,27,,,0,70,,106226,27,,,0,30,,106245,27,,,0,70,,106227,27,,,0,30,,106246,27,,,0,70,,106228,27,,,0,30,,106248,27,,,0,75,,106229,27,,,0,26,,106247,27,,,0,70,,106230,27,,,0,30,,106249,27,,,0,70,,106232,27,,,0,30,,106250,27,,,0,70,,106231,27,,,0,30,,106251,27,,,0,68,,106220,27,,,0,25,,106252,27,,,0,30,,106233,27,,,0,70,,106253,27,,,0,30,,106234,27,,,0,70,,106254,27,,,0,30,,106235,27,,,0,70,,106255,27,,,0,30,,106236,27,,,0,70,,106256,27,,,0
8300,'STMPSa-Saturday',624,,106272,27,,,0,30,,106286,27,,,0,70,,106271,27,,,0,30,,106283,27,,,0,70,,106265,27,,,0,30,,106281,27,,,0,70,,106267,27,,,0,30,,106282,27,,,0,70,,106266,27,,,0,30,,106285,27,,,0,70,,106268,27,,,0,30,,106284,27,,,0,70,,106269,27,,,0,30,,106287,27,,,0,70,,106270,27,,,0,30,,106279,27,,,0,70,,106257,27,,,0,30,,106274,27,,,0,70,,106258,27,,,0,30,,106276,27,,,0,70,,106260,27,,,0,30,,106278,27,,,0,70,,106261,27,,,0,30,,106275,27,,,0,70,,106262,27,,,0,30,,106280,27,,,0,70,,106263,27,,,0,30,,106277,27,,,0,70,,106264,27,,,0,30,,106273,27,,,0,70,,106259,27,,,0,30,,106288,27,,,0
8300,'STMPSnea-Weekday',552,,106306,12,,,0,61,,106307,27,,,0,22,,106308,27,,,0,70,,106290,27,,,0,30,,106310,27,,,0,70,,106291,27,,,0,30,,106309,27,,,0,70,,106292,27,,,0,30,,106312,27,,,0,70,,106293,27,,,0,30,,106311,27,,,0,70,,106294,27,,,0,30,,106313,27,,,0,70,,106295,27,,,0,30,,106314,27,,,0,70,,106296,27,,,0,30,,106315,27,,,0,70,,106297,27,,,0,30,,106317,27,,,0,75,,106298,27,,,0,26,,106316,27,,,0,70,,106299,27,,,0,30,,106318,27,,,0,70,,106301,27,,,0,30,,106319,27,,,0,70,,106300,27,,,0,30,,106320,27,,,0,68,,106289,27,,,0,25,,106321,27,,,0,30,,106302,27,,,0,70,,106322,27,,,0,30,,106303,27,,,0,70,,106323,27,,,0,30,,106304,27,,,0,70,,106324,27,,,0,30,,106305,27,,,0,70,,106325,27,,,0
8300,'STMPSu1-Sunday',754,,106335,27,,,0,70,,106342,27,,,0,30,,106336,27,,,0,70,,106341,27,,,0,30,,106333,27,,,0,70,,106344,27,,,0,30,,106334,27,,,0,70,,106343,27,,,0,30,,106337,27,,,0,70,,106345,27,,,0,30,,106326,27,,,0,70,,106347,27,,,0,30,,106327,27,,,0,70,,106346,27,,,0,30,,106328,27,,,0,70,,106349,27,,,0,30,,106329,27,,,0,70,,106348,27,,,0,30,,106330,27,,,0,70,,106350,27,,,0,30,,106331,27,,,0,70,,106351,27,,,0,30,,106338,27,,,0,70,,106352,27,,,0,30,,106339,27,,,0,70,,106353,27,,,0,30,,106340,27,,,0,70,,106354,27,,,0,32,,106332,27,,,0,70,,106355,27,,,0
8300,'STMPSu2-Sunday',754,,106365,27,,,0,70,,106372,27,,,0,30,,106366,27,,,0,70,,106371,27,,,0,30,,106363,27,,,0,70,,106374,27,,,0,30,,106364,27,,,0,70,,106373,27,,,0,30,,106367,27,,,0,70,,106375,27,,,0,30,,106356,27,,,0,70,,106377,27,,,0,30,,106357,27,,,0,70,,106376,27,,,0,30,,106358,27,,,0,70,,106379,27,,,0,30,,106359,27,,,0,70,,106378,27,,,0,30,,106360,27,,,0,70,,106380,27,,,0,30,,106361,27,,,0,70,,106381,27,,,0,30,,106368,27,,,0,70,,106382,27,,,0,30,,106369,27,,,0,70,,106383,27,,,0,30,,106370,27,,,0,70,,106384,27,,,0,32,,106362,27,,,0,70,,106385,27,,,0
8300,'STMPWeek-Weekday',552,,106403,12,,,0,61,,106404,27,,,0,22,,106405,27,,,0,70,,106387,27,,,0,30,,106407,27,,,0,70,,106388,27,,,0,30,,106406,27,,,0,70,,106389,27,,,0,30,,106409,27,,,0,70,,106390,27,,,0,30,,106408,27,,,0,70,,106391,27,,,0,30,,106410,27,,,0,70,,106392,27,,,0,30,,106411,27,,,0,70,,106393,27,,,0,30,,106412,27,,,0,70,,106394,27,,,0,30,,106414,27,,,0,75,,106395,27,,,0,26,,106413,27,,,0,70,,106396,27,,,0,30,,106415,27,,,0,70,,106398,27,,,0,30,,106416,27,,,0,70,,106397,27,,,0,30,,106417,27,,,0,68,,106386,27,,,0,25,,106418,27,,,0,30,,106399,27,,,0,70,,106419,27,,,0,30,,106400,27,,,0,70,,106420,27,,,0,30,,106401,27,,,0,70,,106421,27,,,0,30,,106402,27,,,0,70,,106422,27,,,0
8300,'STMPar-Weekday',552,,106440,12,,,0,61,,106441,27,,,0,22,,106442,27,,,0,70,,106424,27,,,0,30,,106444,27,,,0,70,,106425,27,,,0,30,,106443,27,,,0,70,,106426,27,,,0,30,,106446,27,,,0,70,,106427,27,,,0,30,,106445,27,,,0,70,,106428,27,,,0,30,,106447,27,,,0,70,,106429,27,,,0,30,,106448,27,,,0,70,,106430,27,,,0,30,,106449,27,,,0,70,,106431,27,,,0,30,,106451,27,,,0,75,,106432,27,,,0,26,,106450,27,,,0,70,,106433,27,,,0,30,,106452,27,,,0,70,,106435,27,,,0,30,,106453,27,,,0,70,,106434,27,,,0,30,,106454,27,,,0,68,,106423,27,,,0,25,,106455,27,,,0,30,,106436,27,,,0,70,,106456,27,,,0,30,,106437,27,,,0,70,,106458,27,,,0,30,,106438,27,,,0,70,,106457,27,,,0,30,,106439,27,,,0,70,,106459,27,,,0
