79400,'Weekday',755,,89110,4,,0
79400,'1CCSDCUT-Weekday',755,,89111,4,,0
79400,'1PUBCUT-Weekday',755,,89112,4,,0
79401,'Weekday0000100',1210,10,89114,0,210 56 1 193 79,0
79401,'Weekday1111000',1450,10,89116,0,210 56 1 193 79,0
79401,'1CCSDCUT-Weekday0000100',1210,10,89118,0,210 56 1 193 79,0
79401,'1CCSDCUT-Weekday1111000',1450,10,89120,0,210 56 1 193 79,0
79500,'Weekday0000100',1210,10,89122,0,55 53 56 1 57 8,0
79500,'Weekday1111000',1450,10,89124,0,55 53 56 1 57 8,0
79500,'1CCSDCUT-Weekday0000100',1210,10,89126,0,55 53 56 1 57 8,0
79500,'1CCSDCUT-Weekday1111000',1450,10,89128,0,55 53 56 1 57 8,0
79501,'Weekday',755,,89130,4,,0
79501,'1CCSDCUT-Weekday',755,,89132,4,,0
