1900,'Saturday',642,,148703,10,,,0,75,,148688,10,,,0,35,,148682,10,,,0,75,,148696,10,,,0,75,,148704,10,,,0,35,,148690,10,,,0,75,,148681,10,,,0,35,,148698,10,,,0,75,,148705,10,,,0,35,,148689,10,,,0,71,,148683,10,,,0,20,,148710,10,,,0,68,,148697,10,,,0,28,,148706,10,,,0,68,,148691,10,,,0,28,,148684,10,,,0,68,,148712,10,,,0,28,,148700,10,,,0,68,,148707,10,,,0,28,,148692,10,,,0,68,,148685,10,,,0,28,,148713,10,,,0,28,,148699,10,,,0,68,,148709,10,,,0,35,,148693,10,,,0,75,,148686,10,,,0,75,,148702,10,,,0,35,,148708,10,,,0,75,,148695,10,,,0,35,,148687,10,,,0,75,,148701,10,,,0,75,,148711,10,,,0
1900,'Sunday',642,,148737,10,,,0,75,,148722,10,,,0,35,,148715,10,,,0,75,,148729,10,,,0,75,,148738,10,,,0,35,,148723,10,,,0,75,,148716,10,,,0,35,,148732,10,,,0,75,,148739,10,,,0,35,,148724,10,,,0,71,,148717,10,,,0,20,,148745,10,,,0,68,,148731,10,,,0,28,,148741,10,,,0,68,,148725,10,,,0,28,,148718,10,,,0,68,,148746,10,,,0,28,,148733,10,,,0,68,,148740,10,,,0,28,,148726,10,,,0,68,,148719,10,,,0,28,,148747,10,,,0,28,,148734,10,,,0,68,,148742,10,,,0,35,,148727,10,,,0,75,,148720,10,,,0,75,,148735,10,,,0,35,,148743,10,,,0,75,,148728,10,,,0,35,,148721,10,,,0,75,,148736,10,,,0,75,,148744,10,,,0
1900,'Weekday',521,,148772,10,,,0,30,,148780,10,,,0,65,,148748,10,,,0,34,,148756,10,,,0,64,,148765,10,,,0,35,,148773,10,,,0,78,,148781,10,,,0,31,,148750,10,,,0,72,,148757,10,,,0,72,,148766,10,,,0,32,,148774,10,,,0,72,,148782,10,,,0,32,,148749,10,,,0,72,,148758,10,,,0,32,,148767,10,,,0,72,,148775,10,,,0,32,,148783,10,,,0,72,,148751,10,,,0,33,,148759,10,,,0,72,,148768,10,,,0,32,,148776,10,,,0,71,,148784,10,,,0,32,,148752,10,,,0,72,,148760,10,,,0,72,,148769,10,,,0,29,,148777,10,,,0,26,,148785,10,,,0,70,,148753,10,,,0,30,,148761,10,,,0,70,,148770,10,,,0,30,,148778,10,,,0,70,,148786,10,,,0,30,,148754,10,,,0,70,,148762,10,,,0,29,,148771,10,,,0,70,,148779,10,,,0,30,,148787,10,,,0,70,,148755,10,,,0,30,,148763,10,,,0
5301,'Saturday',606,,153388,8,,,0,30,,153416,8,,,0,71,,153389,8,,,0,31,,153393,8,,,0,71,,153404,8,,,0,31,,153394,8,,,0,71,,153405,8,,,0,31,,153395,8,,,0,71,,153406,8,,,0,31,,153396,8,,,0,71,,153407,8,,,0,31,,153397,8,,,0,71,,153408,8,,,0,31,,153398,8,,,0,71,,153409,8,,,0,31,,153399,8,,,0,71,,153410,8,,,0,31,,153400,8,,,0,71,,153412,8,,,0,31,,153401,8,,,0,71,,153411,8,,,0,31,,153402,8,,,0,71,,153413,8,,,0,31,,153403,8,,,0,71,,153414,8,,,0,71,,153390,8,,,0,31,,153415,8,,,0,71,,153391,8,,,0,31,,153417,8,,,0,71,,153392,8,,,0,37,,153418,8,,,0
5301,'Sunday',606,,153419,8,,,0,30,,153435,8,,,0,71,,153420,8,,,0,31,,153436,8,,,0,71,,153421,8,,,0,31,,153437,8,,,0,71,,153422,8,,,0,31,,153438,8,,,0,71,,153423,8,,,0,31,,153439,8,,,0,71,,153424,8,,,0,31,,153441,8,,,0,71,,153425,8,,,0,31,,153440,8,,,0,71,,153426,8,,,0,31,,153442,8,,,0,71,,153427,8,,,0,31,,153443,8,,,0,71,,153428,8,,,0,31,,153444,8,,,0,71,,153429,8,,,0,31,,153445,8,,,0,71,,153430,8,,,0,31,,153446,8,,,0,71,,153431,8,,,0,71,,153447,8,,,0,31,,153433,8,,,0,71,,153448,8,,,0,31,,153432,8,,,0,71,,153449,8,,,0,37,,153434,8,,,0
5301,'Weekday',551,,153466,8,,,0,77,,153450,8,,,0,76,,153467,8,,,0,36,,153451,8,,,0,75,,153468,8,,,0,36,,153452,8,,,0,76,,153470,8,,,0,76,,153453,8,,,0,36,,153471,8,,,0,76,,153454,8,,,0,36,,153472,8,,,0,76,,153455,8,,,0,76,,153469,8,,,0,36,,153456,8,,,0,76,,153473,8,,,0,36,,153457,8,,,0,77,,153474,8,,,0,76,,153458,8,,,0,36,,153475,8,,,0,76,,153459,8,,,0,36,,153476,8,,,0,76,,153460,8,,,0,75,,153477,8,,,0,36,,153461,8,,,0,76,,153478,8,,,0,36,,153462,8,,,0,76,,153479,8,,,0,74,,153463,8,,,0,36,,153480,8,,,0,76,,153464,8,,,0,36,,153481,8,,,0,76,,153465,8,,,0,76,,153482,8,,,0
6500,'Saturday',635,,154759,41,,,0,80,,154772,41,,,0,40,,154760,41,,,0,80,,154773,41,,,0,80,,154761,41,,,0,40,,154774,41,,,0,82,,154762,41,,,0,80,,154775,41,,,0,40,,154763,41,,,0,80,,154776,41,,,0,80,,154764,41,,,0,40,,154777,41,,,0,80,,154765,41,,,0,80,,154778,41,,,0,40,,154766,41,,,0,80,,154781,41,,,0,80,,154767,41,,,0,40,,154780,41,,,0,79,,154768,41,,,0,80,,154779,41,,,0,40,,154770,41,,,0,80,,154782,41,,,0,80,,154769,41,,,0,39,,154783,41,,,0,80,,154771,41,,,0,80,,154784,41,,,0
6500,'Sunday',635,,154785,41,,,0,80,,154798,41,,,0,40,,154786,41,,,0,80,,154801,41,,,0,80,,154787,41,,,0,40,,154799,41,,,0,82,,154788,41,,,0,80,,154800,41,,,0,40,,154790,41,,,0,80,,154803,41,,,0,80,,154789,41,,,0,40,,154804,41,,,0,80,,154792,41,,,0,80,,154802,41,,,0,40,,154793,41,,,0,80,,154805,41,,,0,80,,154791,41,,,0,40,,154806,41,,,0,79,,154794,41,,,0,80,,154807,41,,,0,40,,154796,41,,,0,80,,154808,41,,,0,80,,154795,41,,,0,39,,154809,41,,,0,80,,154797,41,,,0,80,,154810,41,,,0
6500,'Weekday',543,,154822,41,,,0,83,,154835,41,,,0,25,,154811,41,,,0,67,,154823,41,,,0,24,,154813,41,,,0,64,,154836,41,,,0,24,,154812,41,,,0,24,,154824,41,,,0,81,,154837,41,,,0,83,,154825,41,,,0,83,,154838,41,,,0,43,,154826,41,,,0,83,,154839,41,,,0,83,,154827,41,,,0,26,,154818,41,,,0,17,,154841,41,,,0,69,,154814,41,,,0,21,,154828,41,,,0,64,,154819,41,,,0,23,,154840,41,,,0,24,,154815,41,,,0,63,,154829,41,,,0,24,,154820,41,,,0,64,,154842,41,,,0,24,,154816,41,,,0,24,,154830,41,,,0,65,,154821,41,,,0,22,,154843,41,,,0,63,,154817,41,,,0,24,,154831,41,,,0,83,,154844,41,,,0,43,,154832,41,,,0,83,,154845,41,,,0,83,,154833,41,,,0,81,,154846,41,,,0,43,,154834,41,,,0,83,,154847,41,,,0
42201,'Saturday',614,,168951,16,,,0,100,,168952,16,,,0,100,,168953,16,,,0,100,,168955,16,,,0,100,,168954,16,,,0,100,,168956,16,,,0,100,,168957,16,,,0,100,,168958,16,,,0,100,,168959,16,,,0,100,,168961,16,,,0,100,,168960,16,,,0,100,,168962,16,,,0,100,,168963,16,,,0,100,,168964,16,,,0
42201,'Sunday',614,,168965,16,,,0,100,,168968,16,,,0,100,,168966,16,,,0,100,,168967,16,,,0,100,,168970,16,,,0,100,,168969,16,,,0,100,,168971,16,,,0,100,,168972,16,,,0,100,,168975,16,,,0,100,,168973,16,,,0,100,,168974,16,,,0,100,,168978,16,,,0,100,,168976,16,,,0,100,,168977,16,,,0
42201,'Weekday',614,,168979,16,,,0,30,,168996,16,,,0,70,,168980,16,,,0,30,,169001,16,,,0,70,,168981,16,,,0,30,,168995,16,,,0,70,,168982,16,,,0,30,,169003,16,,,0,70,,168984,16,,,0,30,,168998,16,,,0,70,,168983,16,,,0,30,,169002,16,,,0,70,,168985,16,,,0,30,,169000,16,,,0,70,,168986,16,,,0,30,,169004,16,,,0,70,,168987,16,,,0,39,,169005,16,,,0,61,,168988,16,,,0,30,,168997,16,,,0,70,,168990,16,,,0,30,,169006,16,,,0,70,,168989,16,,,0,30,,168999,16,,,0,70,,168991,16,,,0,100,,168992,16,,,0,100,,168993,16,,,0,100,,168994,16,,,0
