7601,'Saturday',550,,103539,2,,,0,80,,103548,2,,,0,80,,103549,2,,,0,40,,103547,2,,,0,80,,103550,2,,,0,80,,103551,2,,,0,40,,103552,2,,,0,80,,103553,2,,,0,80,,103554,2,,,0,40,,103555,2,,,0,80,,103556,2,,,0,80,,103557,2,,,0,40,,103558,2,,,0,80,,103560,2,,,0,80,,103561,2,,,0,40,,103562,2,,,0,80,,103559,2,,,0,80,,103563,2,,,0,40,,103564,2,,,0,80,,103565,2,,,0,80,,103545,2,,,0,40,,103542,2,,,0,80,,103544,2,,,0,80,,103540,2,,,0,40,,103546,2,,,0,80,,103543,2,,,0,80,,103541,2,,,0,40,,103566,2,,,0
7601,'Sunday',550,,103576,2,,,0,80,,103587,2,,,0,80,,103569,2,,,0,40,,103577,2,,,0,80,,103586,2,,,0,80,,103570,2,,,0,40,,103578,2,,,0,80,,103588,2,,,0,80,,103572,2,,,0,40,,103579,2,,,0,80,,103589,2,,,0,80,,103571,2,,,0,40,,103580,2,,,0,80,,103590,2,,,0,80,,103573,2,,,0,40,,103581,2,,,0,80,,103591,2,,,0,80,,103575,2,,,0,40,,103582,2,,,0,80,,103592,2,,,0,80,,103574,2,,,0,40,,103583,2,,,0,80,,103567,2,,,0,80,,103593,2,,,0,40,,103584,2,,,0,80,,103568,2,,,0,80,,103594,2,,,0,40,,103585,2,,,0
7601,'Weekday',503,,103606,2,,,0,35,,103595,2,,,0,70,,103623,2,,,0,30,,103615,2,,,0,70,,103607,2,,,0,30,,103596,2,,,0,64,,103624,2,,,0,36,,103616,2,,,0,70,,103608,2,,,0,30,,103597,2,,,0,70,,103625,2,,,0,30,,103617,2,,,0,70,,103610,2,,,0,30,,103598,2,,,0,70,,103626,2,,,0,30,,103618,2,,,0,70,,103609,2,,,0,30,,103599,2,,,0,70,,103627,2,,,0,30,,103619,2,,,0,14,,103634,2,,,0,56,,103611,2,,,0,16,,103635,2,,,0,11,,103600,2,,,0,73,,103628,2,,,0,30,,103620,2,,,0,70,,103612,2,,,0,30,,103601,2,,,0,70,,103629,2,,,0,30,,103621,2,,,0,70,,103613,2,,,0,30,,103602,2,,,0,70,,103630,2,,,0,30,,103622,2,,,0,70,,103614,2,,,0,30,,103603,2,,,0,70,,103631,2,,,0,30,,103604,2,,,0,70,,103633,2,,,0,30,,103605,2,,,0,80,,103632,2,,,0
7601,'STMPSa-Saturday',550,,103636,2,,,0,80,,103645,2,,,0,80,,103646,2,,,0,40,,103644,2,,,0,80,,103647,2,,,0,80,,103648,2,,,0,40,,103649,2,,,0,80,,103650,2,,,0,80,,103651,2,,,0,40,,103652,2,,,0,80,,103653,2,,,0,80,,103654,2,,,0,40,,103655,2,,,0,80,,103657,2,,,0,80,,103658,2,,,0,40,,103659,2,,,0,80,,103656,2,,,0,80,,103660,2,,,0,40,,103661,2,,,0,80,,103662,2,,,0,80,,103642,2,,,0,40,,103639,2,,,0,80,,103641,2,,,0,80,,103637,2,,,0,40,,103643,2,,,0,80,,103640,2,,,0,80,,103638,2,,,0,40,,103663,2,,,0
7601,'STMPSnea-Weekday',503,,103675,2,,,0,35,,103664,2,,,0,70,,103692,2,,,0,30,,103684,2,,,0,70,,103676,2,,,0,30,,103665,2,,,0,64,,103693,2,,,0,36,,103685,2,,,0,70,,103677,2,,,0,30,,103666,2,,,0,70,,103694,2,,,0,30,,103686,2,,,0,70,,103679,2,,,0,30,,103667,2,,,0,70,,103695,2,,,0,30,,103687,2,,,0,70,,103678,2,,,0,30,,103668,2,,,0,70,,103696,2,,,0,30,,103688,2,,,0,14,,103703,2,,,0,56,,103680,2,,,0,16,,103704,2,,,0,11,,103669,2,,,0,73,,103697,2,,,0,30,,103689,2,,,0,70,,103681,2,,,0,30,,103670,2,,,0,70,,103698,2,,,0,30,,103690,2,,,0,70,,103682,2,,,0,30,,103671,2,,,0,70,,103699,2,,,0,30,,103691,2,,,0,70,,103683,2,,,0,30,,103672,2,,,0,70,,103700,2,,,0,30,,103673,2,,,0,70,,103702,2,,,0,30,,103674,2,,,0,80,,103701,2,,,0
7601,'STMPSu1-Sunday',550,,103714,2,,,0,80,,103725,2,,,0,80,,103707,2,,,0,40,,103715,2,,,0,80,,103724,2,,,0,80,,103708,2,,,0,40,,103716,2,,,0,80,,103726,2,,,0,80,,103710,2,,,0,40,,103717,2,,,0,80,,103727,2,,,0,80,,103709,2,,,0,40,,103718,2,,,0,80,,103728,2,,,0,80,,103711,2,,,0,40,,103719,2,,,0,80,,103729,2,,,0,80,,103713,2,,,0,40,,103720,2,,,0,80,,103730,2,,,0,80,,103712,2,,,0,40,,103721,2,,,0,80,,103705,2,,,0,80,,103731,2,,,0,40,,103722,2,,,0,80,,103706,2,,,0,80,,103732,2,,,0,40,,103723,2,,,0
7601,'STMPSu2-Sunday',550,,103742,2,,,0,80,,103753,2,,,0,80,,103735,2,,,0,40,,103743,2,,,0,80,,103752,2,,,0,80,,103736,2,,,0,40,,103744,2,,,0,80,,103754,2,,,0,80,,103738,2,,,0,40,,103745,2,,,0,80,,103755,2,,,0,80,,103737,2,,,0,40,,103746,2,,,0,80,,103756,2,,,0,80,,103739,2,,,0,40,,103747,2,,,0,80,,103757,2,,,0,80,,103741,2,,,0,40,,103748,2,,,0,80,,103758,2,,,0,80,,103740,2,,,0,40,,103749,2,,,0,80,,103733,2,,,0,80,,103759,2,,,0,40,,103750,2,,,0,80,,103734,2,,,0,80,,103760,2,,,0,40,,103751,2,,,0
7601,'STMPWeek-Weekday',503,,103772,2,,,0,35,,103761,2,,,0,70,,103789,2,,,0,30,,103781,2,,,0,70,,103773,2,,,0,30,,103762,2,,,0,64,,103790,2,,,0,36,,103782,2,,,0,70,,103774,2,,,0,30,,103763,2,,,0,70,,103791,2,,,0,30,,103783,2,,,0,70,,103776,2,,,0,30,,103764,2,,,0,70,,103792,2,,,0,30,,103784,2,,,0,70,,103775,2,,,0,30,,103765,2,,,0,70,,103793,2,,,0,30,,103785,2,,,0,14,,103800,2,,,0,56,,103777,2,,,0,16,,103801,2,,,0,11,,103766,2,,,0,73,,103794,2,,,0,30,,103786,2,,,0,70,,103778,2,,,0,30,,103767,2,,,0,70,,103795,2,,,0,30,,103787,2,,,0,70,,103779,2,,,0,30,,103768,2,,,0,70,,103796,2,,,0,30,,103788,2,,,0,70,,103780,2,,,0,30,,103769,2,,,0,70,,103797,2,,,0,30,,103770,2,,,0,70,,103799,2,,,0,30,,103771,2,,,0,80,,103798,2,,,0
7601,'STMPar-Weekday',503,,103813,2,,,0,35,,103802,2,,,0,70,,103830,2,,,0,30,,103822,2,,,0,70,,103814,2,,,0,30,,103803,2,,,0,64,,103831,2,,,0,36,,103823,2,,,0,70,,103815,2,,,0,30,,103804,2,,,0,70,,103832,2,,,0,30,,103824,2,,,0,70,,103817,2,,,0,30,,103805,2,,,0,70,,103833,2,,,0,30,,103825,2,,,0,70,,103816,2,,,0,30,,103806,2,,,0,70,,103834,2,,,0,30,,103826,2,,,0,14,,103841,2,,,0,56,,103818,2,,,0,16,,103842,2,,,0,11,,103807,2,,,0,73,,103835,2,,,0,30,,103827,2,,,0,70,,103819,2,,,0,30,,103808,2,,,0,70,,103836,2,,,0,30,,103828,2,,,0,70,,103820,2,,,0,30,,103809,2,,,0,70,,103837,2,,,0,30,,103829,2,,,0,70,,103821,2,,,0,30,,103810,2,,,0,70,,103839,2,,,0,30,,103811,2,,,0,70,,103840,2,,,0,30,,103812,2,,,0,80,,103838,2,,,0
9701,'Saturday',602,,112786,3,,,0,46,,112804,3,,,0,80,,112795,3,,,0,80,,112787,3,,,0,40,,112805,3,,,0,80,,112796,3,,,0,80,,112788,3,,,0,40,,112806,3,,,0,80,,112797,3,,,0,80,,112789,3,,,0,40,,112807,3,,,0,80,,112798,3,,,0,80,,112790,3,,,0,40,,112808,3,,,0,80,,112799,3,,,0,80,,112791,3,,,0,40,,112809,3,,,0,80,,112800,3,,,0,80,,112792,3,,,0,40,,112810,3,,,0,80,,112801,3,,,0,80,,112793,3,,,0,40,,112811,3,,,0,80,,112802,3,,,0,80,,112794,3,,,0,40,,112812,3,,,0,80,,112803,3,,,0
9701,'Sunday',602,,112814,3,,,0,46,,112832,3,,,0,80,,112822,3,,,0,80,,112813,3,,,0,40,,112830,3,,,0,80,,112823,3,,,0,80,,112815,3,,,0,40,,112833,3,,,0,80,,112824,3,,,0,80,,112816,3,,,0,40,,112834,3,,,0,80,,112825,3,,,0,80,,112817,3,,,0,40,,112835,3,,,0,80,,112826,3,,,0,80,,112818,3,,,0,40,,112836,3,,,0,80,,112827,3,,,0,80,,112819,3,,,0,40,,112837,3,,,0,80,,112828,3,,,0,80,,112820,3,,,0,40,,112838,3,,,0,80,,112829,3,,,0,80,,112821,3,,,0,40,,112839,3,,,0,80,,112831,3,,,0
9701,'Weekday',515,,112840,3,,,0,40,,112859,3,,,0,70,,112872,3,,,0,30,,112853,3,,,0,70,,112841,3,,,0,30,,112860,3,,,0,70,,112873,3,,,0,30,,112854,3,,,0,70,,112842,3,,,0,30,,112861,3,,,0,70,,112874,3,,,0,30,,112855,3,,,0,70,,112843,3,,,0,30,,112862,3,,,0,70,,112875,3,,,0,30,,112856,3,,,0,70,,112844,3,,,0,30,,112863,3,,,0,70,,112876,3,,,0,30,,112857,3,,,0,70,,112845,3,,,0,30,,112864,3,,,0,70,,112877,3,,,0,30,,112858,3,,,0,70,,112847,3,,,0,30,,112866,3,,,0,70,,112846,3,,,0,30,,112865,3,,,0,70,,112848,3,,,0,30,,112867,3,,,0,70,,112849,3,,,0,30,,112869,3,,,0,70,,112850,3,,,0,30,,112868,3,,,0,70,,112851,3,,,0,30,,112870,3,,,0,85,,112871,3,,,0
9701,'STMPSa-Saturday',602,,112878,3,,,0,46,,112896,3,,,0,80,,112887,3,,,0,80,,112879,3,,,0,40,,112897,3,,,0,80,,112888,3,,,0,80,,112880,3,,,0,40,,112898,3,,,0,80,,112889,3,,,0,80,,112881,3,,,0,40,,112899,3,,,0,80,,112890,3,,,0,80,,112882,3,,,0,40,,112900,3,,,0,80,,112891,3,,,0,80,,112883,3,,,0,40,,112901,3,,,0,80,,112892,3,,,0,80,,112884,3,,,0,40,,112902,3,,,0,80,,112893,3,,,0,80,,112885,3,,,0,40,,112903,3,,,0,80,,112894,3,,,0,80,,112886,3,,,0,40,,112904,3,,,0,80,,112895,3,,,0
9701,'STMPSnea-Weekday',515,,112905,3,,,0,40,,112924,3,,,0,70,,112937,3,,,0,30,,112918,3,,,0,70,,112906,3,,,0,30,,112925,3,,,0,70,,112938,3,,,0,30,,112919,3,,,0,70,,112907,3,,,0,30,,112926,3,,,0,70,,112939,3,,,0,30,,112920,3,,,0,70,,112908,3,,,0,30,,112927,3,,,0,70,,112940,3,,,0,30,,112921,3,,,0,70,,112909,3,,,0,30,,112928,3,,,0,70,,112941,3,,,0,30,,112922,3,,,0,70,,112910,3,,,0,30,,112929,3,,,0,70,,112942,3,,,0,30,,112923,3,,,0,70,,112912,3,,,0,30,,112931,3,,,0,70,,112911,3,,,0,30,,112930,3,,,0,70,,112913,3,,,0,30,,112932,3,,,0,70,,112914,3,,,0,30,,112934,3,,,0,70,,112915,3,,,0,30,,112933,3,,,0,70,,112916,3,,,0,30,,112935,3,,,0,85,,112936,3,,,0
9701,'STMPSu1-Sunday',602,,112944,3,,,0,46,,112962,3,,,0,80,,112952,3,,,0,80,,112943,3,,,0,40,,112960,3,,,0,80,,112953,3,,,0,80,,112945,3,,,0,40,,112963,3,,,0,80,,112954,3,,,0,80,,112946,3,,,0,40,,112964,3,,,0,80,,112955,3,,,0,80,,112947,3,,,0,40,,112965,3,,,0,80,,112956,3,,,0,80,,112948,3,,,0,40,,112966,3,,,0,80,,112957,3,,,0,80,,112949,3,,,0,40,,112967,3,,,0,80,,112958,3,,,0,80,,112950,3,,,0,40,,112968,3,,,0,80,,112959,3,,,0,80,,112951,3,,,0,40,,112969,3,,,0,80,,112961,3,,,0
9701,'STMPSu2-Sunday',602,,112971,3,,,0,46,,112989,3,,,0,80,,112979,3,,,0,80,,112970,3,,,0,40,,112987,3,,,0,80,,112980,3,,,0,80,,112972,3,,,0,40,,112990,3,,,0,80,,112981,3,,,0,80,,112973,3,,,0,40,,112991,3,,,0,80,,112982,3,,,0,80,,112974,3,,,0,40,,112992,3,,,0,80,,112983,3,,,0,80,,112975,3,,,0,40,,112993,3,,,0,80,,112984,3,,,0,80,,112976,3,,,0,40,,112994,3,,,0,80,,112985,3,,,0,80,,112977,3,,,0,40,,112995,3,,,0,80,,112986,3,,,0,80,,112978,3,,,0,40,,112996,3,,,0,80,,112988,3,,,0
9701,'STMPWeek-Weekday',515,,112997,3,,,0,40,,113016,3,,,0,70,,113029,3,,,0,30,,113010,3,,,0,70,,112998,3,,,0,30,,113017,3,,,0,70,,113030,3,,,0,30,,113011,3,,,0,70,,112999,3,,,0,30,,113018,3,,,0,70,,113031,3,,,0,30,,113012,3,,,0,70,,113000,3,,,0,30,,113019,3,,,0,70,,113032,3,,,0,30,,113013,3,,,0,70,,113001,3,,,0,30,,113020,3,,,0,70,,113033,3,,,0,30,,113014,3,,,0,70,,113002,3,,,0,30,,113021,3,,,0,70,,113034,3,,,0,30,,113015,3,,,0,70,,113004,3,,,0,30,,113023,3,,,0,70,,113003,3,,,0,30,,113022,3,,,0,70,,113005,3,,,0,30,,113024,3,,,0,70,,113006,3,,,0,30,,113026,3,,,0,70,,113007,3,,,0,30,,113025,3,,,0,70,,113008,3,,,0,30,,113027,3,,,0,85,,113028,3,,,0
9701,'STMPar-Weekday',515,,113035,3,,,0,40,,113054,3,,,0,70,,113067,3,,,0,30,,113048,3,,,0,70,,113036,3,,,0,30,,113055,3,,,0,70,,113068,3,,,0,30,,113049,3,,,0,70,,113037,3,,,0,30,,113056,3,,,0,70,,113069,3,,,0,30,,113050,3,,,0,70,,113038,3,,,0,30,,113057,3,,,0,70,,113070,3,,,0,30,,113051,3,,,0,70,,113039,3,,,0,30,,113058,3,,,0,70,,113071,3,,,0,30,,113052,3,,,0,70,,113040,3,,,0,30,,113059,3,,,0,70,,113072,3,,,0,30,,113053,3,,,0,70,,113042,3,,,0,30,,113061,3,,,0,70,,113041,3,,,0,30,,113060,3,,,0,70,,113043,3,,,0,30,,113062,3,,,0,70,,113044,3,,,0,30,,113064,3,,,0,70,,113045,3,,,0,30,,113063,3,,,0,70,,113046,3,,,0,30,,113065,3,,,0,85,,113066,3,,,0
11301,'Weekday',603,,118260,3,,,0,32,,118252,3,,,0,72,,118261,3,,,0,32,,118253,3,,,0,72,,118262,3,,,0,32,,118254,3,,,0,72,,118263,3,,,0,32,,118255,3,,,0,72,,118265,3,,,0,32,,118256,3,,,0,72,,118264,3,,,0,32,,118257,3,,,0,72,,118266,3,,,0,32,,118258,3,,,0,72,,118267,3,,,0,72,,118259,3,,,0,32,,118268,3,,,0,72,,118277,3,,,0,32,,118269,3,,,0,72,,118278,3,,,0,32,,118270,3,,,0,72,,118279,3,,,0,32,,118271,3,,,0,72,,118280,3,,,0,32,,118272,3,,,0,72,,118281,3,,,0,32,,118273,3,,,0,72,,118282,3,,,0,32,,118274,3,,,0,72,,118284,3,,,0,72,,118275,3,,,0,32,,118283,3,,,0,72,,118276,3,,,0,32,,118285,3,,,0
11301,'STMPSnea-Weekday',603,,118295,3,,,0,32,,118287,3,,,0,72,,118296,3,,,0,32,,118288,3,,,0,72,,118297,3,,,0,32,,118289,3,,,0,72,,118298,3,,,0,32,,118290,3,,,0,72,,118300,3,,,0,32,,118291,3,,,0,72,,118299,3,,,0,32,,118292,3,,,0,72,,118301,3,,,0,32,,118293,3,,,0,72,,118302,3,,,0,72,,118294,3,,,0,32,,118303,3,,,0,72,,118312,3,,,0,32,,118304,3,,,0,72,,118313,3,,,0,32,,118305,3,,,0,72,,118314,3,,,0,32,,118306,3,,,0,72,,118315,3,,,0,32,,118307,3,,,0,72,,118316,3,,,0,32,,118308,3,,,0,72,,118317,3,,,0,32,,118309,3,,,0,72,,118319,3,,,0,72,,118310,3,,,0,32,,118318,3,,,0,72,,118311,3,,,0,32,,118320,3,,,0
11301,'STMPWeek-Weekday',603,,118330,3,,,0,32,,118322,3,,,0,72,,118331,3,,,0,32,,118323,3,,,0,72,,118332,3,,,0,32,,118324,3,,,0,72,,118333,3,,,0,32,,118325,3,,,0,72,,118335,3,,,0,32,,118326,3,,,0,72,,118334,3,,,0,32,,118327,3,,,0,72,,118336,3,,,0,32,,118328,3,,,0,72,,118337,3,,,0,72,,118329,3,,,0,32,,118338,3,,,0,72,,118347,3,,,0,32,,118339,3,,,0,72,,118348,3,,,0,32,,118340,3,,,0,72,,118349,3,,,0,32,,118341,3,,,0,72,,118350,3,,,0,32,,118342,3,,,0,72,,118351,3,,,0,32,,118343,3,,,0,72,,118352,3,,,0,32,,118344,3,,,0,72,,118354,3,,,0,72,,118345,3,,,0,32,,118353,3,,,0,72,,118346,3,,,0,32,,118355,3,,,0
11301,'STMPar-Weekday',603,,118365,3,,,0,32,,118357,3,,,0,72,,118366,3,,,0,32,,118358,3,,,0,72,,118367,3,,,0,32,,118359,3,,,0,72,,118368,3,,,0,32,,118360,3,,,0,72,,118370,3,,,0,32,,118361,3,,,0,72,,118369,3,,,0,32,,118362,3,,,0,72,,118371,3,,,0,32,,118363,3,,,0,72,,118372,3,,,0,72,,118364,3,,,0,32,,118373,3,,,0,72,,118382,3,,,0,32,,118374,3,,,0,72,,118383,3,,,0,32,,118375,3,,,0,72,,118385,3,,,0,32,,118376,3,,,0,72,,118384,3,,,0,32,,118377,3,,,0,72,,118386,3,,,0,32,,118378,3,,,0,72,,118387,3,,,0,32,,118379,3,,,0,72,,118389,3,,,0,72,,118380,3,,,0,32,,118388,3,,,0,72,,118381,3,,,0,32,,118390,3,,,0
