11400,'Saturday',538,,118401,19,,,0,71,,118391,19,,,0,44,,118409,19,,,0,80,,118392,19,,,0,80,,118411,19,,,0,40,,118402,19,,,0,80,,118412,19,,,0,80,,118403,19,,,0,40,,118393,19,,,0,80,,118404,19,,,0,81,,118395,19,,,0,40,,118410,19,,,0,80,,118394,19,,,0,80,,118413,19,,,0,40,,118396,19,,,0,80,,118414,19,,,0,80,,118405,19,,,0,40,,118397,19,,,0,80,,118407,19,,,0,79,,118399,19,,,0,40,,118415,19,,,0,80,,118398,19,,,0,80,,118416,19,,,0,40,,118408,19,,,0,80,,118417,19,,,0,80,,118406,19,,,0,40,,118400,19,,,0,90,,118418,19,,,0
11400,'Sunday',538,,118432,19,,,0,71,,118419,19,,,0,44,,118433,19,,,0,80,,118420,19,,,0,80,,118434,19,,,0,40,,118421,19,,,0,80,,118435,19,,,0,80,,118422,19,,,0,40,,118436,19,,,0,80,,118423,19,,,0,81,,118437,19,,,0,40,,118424,19,,,0,80,,118438,19,,,0,80,,118425,19,,,0,40,,118439,19,,,0,80,,118426,19,,,0,80,,118440,19,,,0,40,,118427,19,,,0,80,,118441,19,,,0,79,,118428,19,,,0,40,,118442,19,,,0,80,,118429,19,,,0,80,,118443,19,,,0,40,,118430,19,,,0,80,,118444,19,,,0,80,,118431,19,,,0,40,,118446,19,,,0,90,,118445,19,,,0
11400,'Weekday',521,,118447,19,,,0,36,,118464,19,,,0,70,,118456,19,,,0,32,,118448,19,,,0,70,,118465,19,,,0,30,,118457,19,,,0,70,,118449,19,,,0,29,,118467,19,,,0,69,,118458,19,,,0,30,,118450,19,,,0,70,,118466,19,,,0,30,,118459,19,,,0,70,,118452,19,,,0,30,,118468,19,,,0,70,,118461,19,,,0,30,,118451,19,,,0,70,,118469,19,,,0,30,,118460,19,,,0,70,,118453,19,,,0,30,,118470,19,,,0,70,,118462,19,,,0,30,,118454,19,,,0,70,,118472,19,,,0,30,,118463,19,,,0,70,,118455,19,,,0,30,,118471,19,,,0,69,,118473,19,,,0,80,,118477,19,,,0,42,,118478,19,,,0,82,,118474,19,,,0,82,,118480,19,,,0,42,,118479,19,,,0,82,,118481,19,,,0,82,,118475,19,,,0,82,,118476,19,,,0
11400,'STMPSa-Saturday',538,,118494,19,,,0,71,,118483,19,,,0,44,,118501,19,,,0,80,,118484,19,,,0,80,,118503,19,,,0,40,,118492,19,,,0,80,,118504,19,,,0,80,,118495,19,,,0,40,,118485,19,,,0,80,,118496,19,,,0,81,,118487,19,,,0,40,,118502,19,,,0,80,,118486,19,,,0,80,,118505,19,,,0,40,,118488,19,,,0,80,,118506,19,,,0,80,,118497,19,,,0,40,,118489,19,,,0,80,,118499,19,,,0,79,,118491,19,,,0,40,,118507,19,,,0,80,,118490,19,,,0,80,,118508,19,,,0,40,,118500,19,,,0,80,,118509,19,,,0,80,,118498,19,,,0,40,,118493,19,,,0,90,,118510,19,,,0
11400,'STMPSnea-Weekday',521,,118511,19,,,0,36,,118528,19,,,0,70,,118520,19,,,0,32,,118512,19,,,0,70,,118529,19,,,0,30,,118521,19,,,0,70,,118513,19,,,0,29,,118531,19,,,0,69,,118522,19,,,0,30,,118514,19,,,0,70,,118530,19,,,0,30,,118523,19,,,0,70,,118516,19,,,0,30,,118532,19,,,0,70,,118525,19,,,0,30,,118515,19,,,0,70,,118533,19,,,0,30,,118524,19,,,0,70,,118517,19,,,0,30,,118534,19,,,0,70,,118526,19,,,0,30,,118518,19,,,0,70,,118536,19,,,0,30,,118527,19,,,0,70,,118519,19,,,0,30,,118535,19,,,0,69,,118537,19,,,0,80,,118541,19,,,0,42,,118542,19,,,0,82,,118538,19,,,0,82,,118544,19,,,0,42,,118543,19,,,0,82,,118545,19,,,0,82,,118539,19,,,0,82,,118540,19,,,0
11400,'STMPSu1-Sunday',538,,118560,19,,,0,71,,118547,19,,,0,44,,118561,19,,,0,80,,118548,19,,,0,80,,118562,19,,,0,40,,118549,19,,,0,80,,118563,19,,,0,80,,118550,19,,,0,40,,118564,19,,,0,80,,118551,19,,,0,81,,118565,19,,,0,40,,118552,19,,,0,80,,118566,19,,,0,80,,118553,19,,,0,40,,118567,19,,,0,80,,118554,19,,,0,80,,118568,19,,,0,40,,118555,19,,,0,80,,118569,19,,,0,79,,118556,19,,,0,40,,118570,19,,,0,80,,118557,19,,,0,80,,118571,19,,,0,40,,118558,19,,,0,80,,118572,19,,,0,80,,118559,19,,,0,40,,118574,19,,,0,90,,118573,19,,,0
11400,'STMPSu2-Sunday',538,,118588,19,,,0,71,,118575,19,,,0,44,,118589,19,,,0,80,,118576,19,,,0,80,,118590,19,,,0,40,,118577,19,,,0,80,,118591,19,,,0,80,,118578,19,,,0,40,,118592,19,,,0,80,,118579,19,,,0,81,,118593,19,,,0,40,,118580,19,,,0,80,,118594,19,,,0,80,,118581,19,,,0,40,,118595,19,,,0,80,,118582,19,,,0,80,,118596,19,,,0,40,,118583,19,,,0,80,,118597,19,,,0,79,,118584,19,,,0,40,,118598,19,,,0,80,,118585,19,,,0,80,,118599,19,,,0,40,,118586,19,,,0,80,,118600,19,,,0,80,,118587,19,,,0,40,,118602,19,,,0,90,,118601,19,,,0
11400,'STMPWeek-Weekday',521,,118603,19,,,0,36,,118620,19,,,0,70,,118612,19,,,0,32,,118604,19,,,0,70,,118621,19,,,0,30,,118613,19,,,0,70,,118605,19,,,0,29,,118623,19,,,0,69,,118614,19,,,0,30,,118606,19,,,0,70,,118622,19,,,0,30,,118615,19,,,0,70,,118608,19,,,0,30,,118624,19,,,0,70,,118617,19,,,0,30,,118607,19,,,0,70,,118625,19,,,0,30,,118616,19,,,0,70,,118609,19,,,0,30,,118626,19,,,0,70,,118618,19,,,0,30,,118610,19,,,0,70,,118628,19,,,0,30,,118619,19,,,0,70,,118611,19,,,0,30,,118627,19,,,0,69,,118629,19,,,0,80,,118633,19,,,0,42,,118634,19,,,0,82,,118630,19,,,0,82,,118636,19,,,0,42,,118635,19,,,0,82,,118637,19,,,0,82,,118631,19,,,0,82,,118632,19,,,0
11400,'STMPar-Weekday',521,,118639,19,,,0,36,,118656,19,,,0,70,,118648,19,,,0,32,,118640,19,,,0,70,,118657,19,,,0,30,,118649,19,,,0,70,,118641,19,,,0,29,,118659,19,,,0,69,,118650,19,,,0,30,,118642,19,,,0,70,,118658,19,,,0,30,,118651,19,,,0,70,,118644,19,,,0,30,,118660,19,,,0,70,,118653,19,,,0,30,,118643,19,,,0,70,,118661,19,,,0,30,,118652,19,,,0,70,,118645,19,,,0,30,,118662,19,,,0,70,,118654,19,,,0,30,,118646,19,,,0,70,,118664,19,,,0,30,,118655,19,,,0,70,,118647,19,,,0,30,,118663,19,,,0,69,,118665,19,,,0,80,,118669,19,,,0,42,,118670,19,,,0,82,,118666,19,,,0,82,,118672,19,,,0,42,,118671,19,,,0,82,,118673,19,,,0,82,,118667,19,,,0,82,,118668,19,,,0
14201,'Weekday',622,,126077,21,,,0,26,,126078,21,,,0,66,,126079,21,,,0
14201,'STMPSnea-Weekday',622,,126080,21,,,0,26,,126081,21,,,0,66,,126082,21,,,0
14201,'STMPWeek-Weekday',622,,126083,21,,,0,26,,126084,21,,,0,66,,126085,21,,,0
14201,'STMPar-Weekday',622,,126086,21,,,0,26,,126087,21,,,0,66,,126088,21,,,0
