6200,'Weekday',1623,,41858,8,,,0,34,,41857,8,,,0,75,,41859,8,,,0
6200,'1CCSDCUT-Weekday',1625,,41861,8,,,0,34,,41860,8,,,0,75,,41862,8,,,0
6200,'1PUBCUT-Weekday',1625,,41864,8,,,0,34,,41863,8,,,0,75,,41865,8,,,0
6400,'Weekday',1609,,41943,8,,,0,18,,41945,8,,,0,20,,41944,8,,,0,60,,41942,8,,,0,19,,41946,8,,,0,19,,41941,8,,,0
6400,'1CCSDCUT-Weekday',1610,,41949,8,,,0,18,,41951,8,,,0,20,,41950,8,,,0,60,,41948,8,,,0,19,,41952,8,,,0,20,,41947,8,,,0
6400,'1PUBCUT-Weekday',1610,,41955,8,,,0,18,,41957,8,,,0,20,,41956,8,,,0,60,,41954,8,,,0,19,,41958,8,,,0,20,,41953,8,,,0
10900,'Weekday',1622,,53018,8,,,0,35,,53019,8,,,0
10900,'1CCSDCUT-Weekday',1622,,53020,8,,,0,35,,53021,8,,,0
10900,'1PUBCUT-Weekday',1622,,53022,8,,,0,35,,53023,8,,,0
11600,'Weekday',1621,,54018,8,,,0,20,,54019,8,,,0,60,,54020,8,,,0,30,,54021,8,,,0
11600,'1CCSDCUT-Weekday',1621,,54022,8,,,0,20,,54023,8,,,0,60,,54024,8,,,0,30,,54025,8,,,0
11600,'1PUBCUT-Weekday',1621,,54026,8,,,0,20,,54027,8,,,0,60,,54028,8,,,0,30,,54029,8,,,0
14200,'Weekday',1628,,58149,9,,,0,25,,58151,9,,,0,75,,58150,9,,,0
14200,'1CCSDCUT-Weekday',1628,,58152,9,,,0,25,,58154,9,,,0,75,,58153,9,,,0
14200,'1PUBCUT-Weekday',1628,,58155,9,,,0,25,,58157,9,,,0,75,,58156,9,,,0
