2200,'Saturday',623,,52050,,,0,77,,52064,,,0,38,,52052,,,0,78,,52065,,,0,38,,52051,,,0,78,,52066,,,0,80,,52053,,,0,35,,52067,,,0,78,,52069,,,0,78,,52054,,,0,38,,52071,,,0,78,,52056,,,0,38,,52070,,,0,78,,52055,,,0,78,,52072,,,0,38,,52068,,,0,78,,52073,,,0,78,,52058,,,0,38,,52075,,,0,76,,52057,,,0,36,,52059,,,0,78,,52060,,,0,78,,52074,,,0,38,,52061,,,0,78,,52076,,,0,78,,52062,,,0,38,,52077,,,0,73,,52063,,,0
2200,'Sunday',624,,52078,,,0,78,,52091,,,0,38,,52079,,,0,78,,52093,,,0,38,,52081,,,0,78,,52094,,,0,80,,52083,,,0,38,,52095,,,0,78,,52082,,,0,78,,52096,,,0,38,,52080,,,0,78,,52099,,,0,78,,52085,,,0,38,,52097,,,0,78,,52084,,,0,38,,52098,,,0,78,,52086,,,0,78,,52100,,,0,38,,52087,,,0,78,,52102,,,0,76,,52089,,,0,38,,52103,,,0,78,,52088,,,0,38,,52101,,,0,78,,52090,,,0,78,,52104,,,0,38,,52092,,,0
2200,'Weekday',531,,52105,,,0,28,,52119,,,0,71,,52129,,,0,28,,52106,,,0,68,,52120,,,0,28,,52130,,,0,68,,52107,,,0,28,,52121,,,0,67,,52131,,,0,28,,52108,,,0,68,,52122,,,0,28,,52132,,,0,68,,52109,,,0,28,,52123,,,0,68,,52133,,,0,28,,52110,,,0,68,,52124,,,0,28,,52134,,,0,28,,52112,,,0,68,,52125,,,0,28,,52136,,,0,69,,52111,,,0,28,,52126,,,0,68,,52135,,,0,28,,52113,,,0,68,,52127,,,0,28,,52137,,,0,68,,52114,,,0,23,,52128,,,0,26,,52138,,,0,76,,52115,,,0,76,,52139,,,0,36,,52116,,,0,76,,52140,,,0,36,,52117,,,0,76,,52141,,,0,76,,52118,,,0,45,,52142,,,0
2200,'1CCSDCUT-Weekday',531,,52143,,,0,28,,52157,,,0,71,,52167,,,0,28,,52144,,,0,68,,52158,,,0,28,,52168,,,0,68,,52145,,,0,28,,52159,,,0,67,,52169,,,0,28,,52146,,,0,68,,52160,,,0,28,,52170,,,0,68,,52147,,,0,28,,52161,,,0,68,,52171,,,0,28,,52148,,,0,68,,52162,,,0,28,,52172,,,0,28,,52150,,,0,68,,52163,,,0,28,,52174,,,0,69,,52149,,,0,28,,52164,,,0,68,,52173,,,0,28,,52151,,,0,68,,52165,,,0,28,,52175,,,0,68,,52152,,,0,23,,52166,,,0,26,,52176,,,0,76,,52153,,,0,76,,52177,,,0,36,,52154,,,0,76,,52178,,,0,36,,52155,,,0,76,,52179,,,0,76,,52156,,,0,45,,52180,,,0
2200,'1PUBCUT-Weekday',531,,52181,,,0,28,,52195,,,0,71,,52205,,,0,28,,52182,,,0,68,,52196,,,0,28,,52206,,,0,68,,52183,,,0,28,,52197,,,0,67,,52207,,,0,28,,52184,,,0,68,,52198,,,0,28,,52208,,,0,68,,52185,,,0,28,,52199,,,0,68,,52209,,,0,28,,52186,,,0,68,,52200,,,0,28,,52210,,,0,28,,52188,,,0,68,,52201,,,0,28,,52212,,,0,69,,52187,,,0,28,,52202,,,0,68,,52211,,,0,28,,52189,,,0,68,,52203,,,0,28,,52213,,,0,68,,52190,,,0,23,,52204,,,0,26,,52214,,,0,76,,52191,,,0,76,,52215,,,0,36,,52192,,,0,76,,52216,,,0,36,,52193,,,0,76,,52217,,,0,76,,52194,,,0,45,,52218,,,0
69901,'Weekday',827,,88641,0,115 116,0
69901,'1CCSDCUT-Weekday',827,,88642,0,115 116,0
69901,'1PUBCUT-Weekday',827,,88643,0,115 116,0
73200,'Weekday',836,,88822,0,153 154,0
73200,'1CCSDCUT-Weekday',836,,88823,0,153 154,0
