2200,'Saturday',641,,52050,,,0,77,,52064,,,0,38,,52052,,,0,78,,52065,,,0,78,,52051,,,0,38,,52066,,,0,82,,52053,,,0,75,,52067,,,0,38,,52069,,,0,78,,52054,,,0,78,,52071,,,0,38,,52056,,,0,78,,52070,,,0,38,,52055,,,0,78,,52072,,,0,78,,52068,,,0,38,,52073,,,0,78,,52058,,,0,78,,52075,,,0,35,,52057,,,0,75,,52059,,,0,38,,52060,,,0,78,,52074,,,0,78,,52061,,,0,38,,52076,,,0,78,,52062,,,0,78,,52077,,,0,33,,52063,,,0
2200,'Sunday',642,,52078,,,0,78,,52091,,,0,38,,52079,,,0,78,,52093,,,0,78,,52081,,,0,38,,52094,,,0,82,,52083,,,0,78,,52095,,,0,38,,52082,,,0,78,,52096,,,0,78,,52080,,,0,38,,52099,,,0,78,,52085,,,0,78,,52097,,,0,38,,52084,,,0,78,,52098,,,0,38,,52086,,,0,78,,52100,,,0,78,,52087,,,0,36,,52102,,,0,76,,52089,,,0,78,,52103,,,0,38,,52088,,,0,78,,52101,,,0,38,,52090,,,0,78,,52104,,,0,78,,52092,,,0
2200,'Weekday',549,,52105,,,0,73,,52119,,,0,31,,52129,,,0,68,,52106,,,0,28,,52120,,,0,68,,52130,,,0,28,,52107,,,0,67,,52121,,,0,26,,52131,,,0,68,,52108,,,0,28,,52122,,,0,68,,52132,,,0,28,,52109,,,0,28,,52123,,,0,68,,52133,,,0,28,,52110,,,0,68,,52124,,,0,28,,52134,,,0,68,,52112,,,0,28,,52125,,,0,70,,52136,,,0,29,,52111,,,0,68,,52126,,,0,28,,52135,,,0,68,,52113,,,0,28,,52127,,,0,68,,52137,,,0,27,,52114,,,0,19,,52128,,,0,66,,52138,,,0,36,,52115,,,0,76,,52139,,,0,76,,52116,,,0,36,,52140,,,0,76,,52117,,,0,36,,52141,,,0,76,,52118,,,0,85,,52142,,,0
2200,'1CCSDCUT-Weekday',549,,52143,,,0,73,,52157,,,0,31,,52167,,,0,68,,52144,,,0,28,,52158,,,0,68,,52168,,,0,28,,52145,,,0,67,,52159,,,0,26,,52169,,,0,68,,52146,,,0,28,,52160,,,0,68,,52170,,,0,28,,52147,,,0,28,,52161,,,0,68,,52171,,,0,28,,52148,,,0,68,,52162,,,0,28,,52172,,,0,68,,52150,,,0,28,,52163,,,0,70,,52174,,,0,29,,52149,,,0,68,,52164,,,0,28,,52173,,,0,68,,52151,,,0,28,,52165,,,0,68,,52175,,,0,27,,52152,,,0,19,,52166,,,0,66,,52176,,,0,36,,52153,,,0,76,,52177,,,0,76,,52154,,,0,36,,52178,,,0,76,,52155,,,0,36,,52179,,,0,76,,52156,,,0,85,,52180,,,0
2200,'1PUBCUT-Weekday',549,,52181,,,0,73,,52195,,,0,31,,52205,,,0,68,,52182,,,0,28,,52196,,,0,68,,52206,,,0,28,,52183,,,0,67,,52197,,,0,26,,52207,,,0,68,,52184,,,0,28,,52198,,,0,68,,52208,,,0,28,,52185,,,0,28,,52199,,,0,68,,52209,,,0,28,,52186,,,0,68,,52200,,,0,28,,52210,,,0,68,,52188,,,0,28,,52201,,,0,70,,52212,,,0,29,,52187,,,0,68,,52202,,,0,28,,52211,,,0,68,,52189,,,0,28,,52203,,,0,68,,52213,,,0,27,,52190,,,0,19,,52204,,,0,66,,52214,,,0,36,,52191,,,0,76,,52215,,,0,76,,52192,,,0,36,,52216,,,0,76,,52193,,,0,36,,52217,,,0,76,,52194,,,0,85,,52218,,,0
6600,'Saturday',601,,62595,,,0,33,,62612,,,0,73,,62596,,,0,33,,62614,,,0,73,,62597,,,0,33,,62613,,,0,74,,62598,,,0,34,,62615,,,0,73,,62599,,,0,73,,62616,,,0,33,,62600,,,0,73,,62618,,,0,33,,62601,,,0,73,,62617,,,0,33,,62602,,,0,73,,62619,,,0,33,,62603,,,0,73,,62620,,,0,33,,62604,,,0,73,,62621,,,0,73,,62606,,,0,33,,62624,,,0,72,,62605,,,0,32,,62622,,,0,73,,62607,,,0,33,,62623,,,0,73,,62608,,,0,33,,62625,,,0,73,,62610,,,0,33,,62626,,,0,73,,62609,,,0,73,,62627,,,0,33,,62611,,,0
6600,'Sunday',601,,62628,,,0,33,,62646,,,0,73,,62630,,,0,33,,62648,,,0,73,,62629,,,0,33,,62647,,,0,74,,62631,,,0,34,,62645,,,0,73,,62633,,,0,73,,62649,,,0,33,,62632,,,0,73,,62650,,,0,33,,62634,,,0,73,,62651,,,0,33,,62635,,,0,73,,62652,,,0,33,,62637,,,0,73,,62653,,,0,33,,62636,,,0,73,,62654,,,0,73,,62638,,,0,33,,62655,,,0,72,,62639,,,0,32,,62656,,,0,73,,62640,,,0,33,,62657,,,0,73,,62641,,,0,33,,62658,,,0,73,,62642,,,0,33,,62659,,,0,73,,62643,,,0,73,,62660,,,0,33,,62644,,,0
6600,'Weekday',545,,62665,,,0,64,,62666,,,0,23,,62674,,,0,23,,62675,,,0,63,,62672,,,0,23,,62676,,,0,63,,62673,,,0,23,,62678,,,0,23,,62679,,,0,62,,62680,,,0,23,,62677,,,0,23,,62681,,,0,63,,62682,,,0,23,,62683,,,0,63,,62684,,,0,23,,62685,,,0,23,,62686,,,0,63,,62687,,,0,23,,62689,,,0,63,,62690,,,0,23,,62688,,,0,23,,62693,,,0,63,,62694,,,0,23,,62691,,,0,23,,62695,,,0,63,,62692,,,0,24,,62696,,,0,63,,62697,,,0,23,,62698,,,0,23,,62699,,,0,63,,62700,,,0,23,,62702,,,0,63,,62705,,,0,23,,62701,,,0,23,,62706,,,0,68,,62704,,,0,32,,62703,,,0,71,,62668,,,0,32,,62661,,,0,73,,62667,,,0,33,,62662,,,0,73,,62669,,,0,73,,62663,,,0,33,,62670,,,0,73,,62664,,,0
6600,'1CCSDCUT-Weekday',545,,62711,,,0,64,,62712,,,0,23,,62720,,,0,23,,62721,,,0,63,,62718,,,0,23,,62722,,,0,63,,62719,,,0,23,,62724,,,0,23,,62725,,,0,62,,62726,,,0,23,,62723,,,0,23,,62727,,,0,63,,62728,,,0,23,,62729,,,0,63,,62730,,,0,23,,62731,,,0,23,,62732,,,0,63,,62733,,,0,23,,62735,,,0,63,,62736,,,0,23,,62734,,,0,23,,62739,,,0,63,,62740,,,0,23,,62737,,,0,23,,62741,,,0,63,,62738,,,0,24,,62742,,,0,63,,62743,,,0,23,,62744,,,0,23,,62745,,,0,63,,62746,,,0,23,,62748,,,0,63,,62751,,,0,23,,62747,,,0,23,,62752,,,0,68,,62750,,,0,32,,62749,,,0,71,,62714,,,0,32,,62707,,,0,73,,62713,,,0,33,,62708,,,0,73,,62715,,,0,73,,62709,,,0,33,,62716,,,0,73,,62710,,,0
6600,'1PUBCUT-Weekday',545,,62757,,,0,64,,62758,,,0,23,,62766,,,0,23,,62767,,,0,63,,62764,,,0,23,,62768,,,0,63,,62765,,,0,23,,62770,,,0,23,,62771,,,0,62,,62772,,,0,23,,62769,,,0,23,,62773,,,0,63,,62774,,,0,23,,62775,,,0,63,,62776,,,0,23,,62777,,,0,23,,62778,,,0,63,,62779,,,0,23,,62781,,,0,63,,62782,,,0,23,,62780,,,0,23,,62785,,,0,63,,62786,,,0,23,,62783,,,0,23,,62787,,,0,63,,62784,,,0,24,,62788,,,0,63,,62789,,,0,23,,62790,,,0,23,,62791,,,0,63,,62792,,,0,23,,62794,,,0,63,,62797,,,0,23,,62793,,,0,23,,62798,,,0,68,,62796,,,0,32,,62795,,,0,71,,62760,,,0,32,,62753,,,0,73,,62759,,,0,33,,62754,,,0,73,,62761,,,0,73,,62755,,,0,33,,62762,,,0,73,,62756,,,0
