801,'Saturday',712,,47953,,,0,27,,47954,,,0,67,,47955,,,0,27,,47956,,,0,67,,47957,,,0,27,,47958,,,0,27,,47959,,,0,67,,47960,,,0,27,,47961,,,0,67,,47962,,,0,27,,47963,,,0,67,,47964,,,0,27,,47965,,,0,67,,47966,,,0,27,,47967,,,0,27,,47968,,,0,67,,47970,,,0,27,,47971,,,0,67,,47972,,,0,27,,47969,,,0,67,,47973,,,0,27,,47974,,,0,67,,47975,,,0,27,,47976,,,0,67,,47977,,,0,27,,47979,,,0,27,,47980,,,0,67,,47981,,,0,27,,47978,,,0,67,,47982,,,0,27,,47983,,,0,70,,47984,,,0,35,,47985,,,0,75,,47986,,,0,35,,47987,,,0,75,,47988,,,0,75,,47989,,,0
801,'Sunday',712,,47991,,,0,27,,47990,,,0,67,,47992,,,0,27,,47993,,,0,67,,47994,,,0,27,,47995,,,0,27,,47997,,,0,67,,47996,,,0,27,,47998,,,0,67,,47999,,,0,27,,48000,,,0,67,,48001,,,0,27,,48002,,,0,67,,48003,,,0,27,,48004,,,0,27,,48005,,,0,67,,48006,,,0,27,,48007,,,0,67,,48008,,,0,27,,48009,,,0,67,,48010,,,0,27,,48011,,,0,67,,48013,,,0,27,,48015,,,0,67,,48014,,,0,27,,48016,,,0,27,,48012,,,0,67,,48019,,,0,27,,48017,,,0,67,,48018,,,0,27,,48020,,,0,70,,48021,,,0,35,,48022,,,0,75,,48023,,,0,35,,48024,,,0,75,,48025,,,0,75,,48026,,,0
801,'Weekday',543,,48088,,,0,58,,48051,,,0,19,,48030,,,0,18,,48032,,,0,17,,48042,,,0,55,,48059,,,0,18,,48067,,,0,6,,48075,,,0,5,,48076,,,0,7,,48089,,,0,5,,48077,,,0,5,,48078,,,0,47,,48052,,,0,5,,48079,,,0,5,,48080,,,0,7,,48031,,,0,5,,48081,,,0,5,,48082,,,0,7,,48034,,,0,5,,48083,,,0,12,,48043,,,0,56,,48060,,,0,16,,48068,,,0,13,,48090,,,0,61,,48053,,,0,21,,48033,,,0,21,,48044,,,0,61,,48061,,,0,21,,48091,,,0,21,,48054,,,0,61,,48035,,,0,21,,48045,,,0,21,,48063,,,0,61,,48092,,,0,21,,48055,,,0,21,,48036,,,0,61,,48046,,,0,21,,48062,,,0,25,,48093,,,0,52,,48084,,,0,10,,48056,,,0,10,,48085,,,0,10,,48037,,,0,5,,48086,,,0,9,,48070,,,0,59,,48047,,,0,5,,48087,,,0,7,,48073,,,0,5,,48064,,,0,5,,48072,,,0,5,,48074,,,0,5,,48069,,,0,57,,48094,,,0,17,,48057,,,0,17,,48038,,,0,17,,48071,,,0,57,,48028,,,0,22,,48065,,,0,19,,48095,,,0,61,,48058,,,0,21,,48039,,,0,21,,48048,,,0,61,,48066,,,0,20,,48096,,,0,75,,48029,,,0,29,,48049,,,0,75,,48098,,,0,31,,48040,,,0,73,,48050,,,0,33,,48097,,,0,73,,48041,,,0,33,,48027,,,0,85,,48099,,,0
801,'Weekday0000100',1422,,48100,,,0,79,,48101,,,0
801,'Weekday1111000',1604,,48102,,,0
801,'1CCSDCUT-Weekday',543,,48164,,,0,58,,48127,,,0,19,,48106,,,0,18,,48108,,,0,17,,48118,,,0,55,,48135,,,0,18,,48143,,,0,6,,48151,,,0,5,,48152,,,0,7,,48165,,,0,5,,48153,,,0,5,,48154,,,0,47,,48128,,,0,5,,48155,,,0,5,,48156,,,0,7,,48107,,,0,5,,48157,,,0,5,,48158,,,0,7,,48110,,,0,5,,48159,,,0,12,,48119,,,0,56,,48136,,,0,16,,48144,,,0,13,,48166,,,0,61,,48129,,,0,21,,48109,,,0,21,,48120,,,0,61,,48137,,,0,21,,48167,,,0,21,,48130,,,0,61,,48111,,,0,21,,48121,,,0,21,,48139,,,0,61,,48168,,,0,21,,48131,,,0,21,,48112,,,0,61,,48122,,,0,21,,48138,,,0,25,,48169,,,0,52,,48160,,,0,10,,48132,,,0,10,,48161,,,0,10,,48113,,,0,5,,48162,,,0,9,,48146,,,0,59,,48123,,,0,5,,48163,,,0,7,,48149,,,0,5,,48140,,,0,5,,48148,,,0,5,,48150,,,0,5,,48145,,,0,57,,48170,,,0,17,,48133,,,0,17,,48114,,,0,17,,48147,,,0,57,,48104,,,0,22,,48141,,,0,19,,48171,,,0,61,,48134,,,0,21,,48115,,,0,21,,48124,,,0,61,,48142,,,0,20,,48172,,,0,75,,48105,,,0,29,,48125,,,0,75,,48174,,,0,31,,48116,,,0,73,,48126,,,0,33,,48173,,,0,73,,48117,,,0,33,,48103,,,0,85,,48175,,,0
801,'1CCSDCUT-Weekday0000100',1422,,48176,,,0,79,,48177,,,0
801,'1CCSDCUT-Weekday1111000',1604,,48178,,,0
801,'1PUBCUT-Weekday',543,,48240,,,0,58,,48203,,,0,19,,48182,,,0,18,,48184,,,0,17,,48194,,,0,55,,48211,,,0,18,,48219,,,0,6,,48227,,,0,5,,48228,,,0,7,,48241,,,0,5,,48229,,,0,5,,48230,,,0,47,,48204,,,0,5,,48231,,,0,5,,48232,,,0,7,,48183,,,0,5,,48233,,,0,5,,48234,,,0,7,,48186,,,0,5,,48235,,,0,12,,48195,,,0,56,,48212,,,0,16,,48220,,,0,13,,48242,,,0,61,,48205,,,0,21,,48185,,,0,21,,48196,,,0,61,,48213,,,0,21,,48243,,,0,21,,48206,,,0,61,,48187,,,0,21,,48197,,,0,21,,48215,,,0,61,,48244,,,0,21,,48207,,,0,21,,48188,,,0,61,,48198,,,0,21,,48214,,,0,25,,48245,,,0,52,,48236,,,0,10,,48208,,,0,10,,48237,,,0,10,,48189,,,0,5,,48238,,,0,9,,48222,,,0,59,,48199,,,0,5,,48239,,,0,7,,48225,,,0,5,,48216,,,0,5,,48224,,,0,5,,48226,,,0,5,,48221,,,0,57,,48246,,,0,17,,48209,,,0,17,,48190,,,0,17,,48223,,,0,57,,48180,,,0,22,,48217,,,0,19,,48247,,,0,61,,48210,,,0,21,,48191,,,0,21,,48200,,,0,61,,48218,,,0,20,,48248,,,0,75,,48181,,,0,29,,48201,,,0,75,,48250,,,0,31,,48192,,,0,73,,48202,,,0,33,,48249,,,0,73,,48193,,,0,33,,48179,,,0,85,,48251,,,0
801,'1PUBCUT-Weekday0000100',1422,,48252,,,0,79,,48253,,,0
801,'1PUBCUT-Weekday1111000',1604,,48254,,,0
1900,'Saturday',648,,50863,,,0,75,,50848,,,0,35,,50842,,,0,75,,50856,,,0,75,,50864,,,0,35,,50850,,,0,75,,50841,,,0,35,,50858,,,0,75,,50865,,,0,75,,50849,,,0,31,,50843,,,0,20,,50870,,,0,68,,50857,,,0,28,,50866,,,0,68,,50851,,,0,28,,50844,,,0,68,,50872,,,0,28,,50860,,,0,68,,50867,,,0,28,,50852,,,0,68,,50845,,,0,28,,50873,,,0,68,,50859,,,0,28,,50869,,,0,75,,50853,,,0,35,,50846,,,0,75,,50862,,,0,35,,50868,,,0,75,,50855,,,0,75,,50847,,,0,35,,50861,,,0,75,,50871,,,0
1900,'Sunday',648,,50897,,,0,75,,50882,,,0,35,,50875,,,0,75,,50889,,,0,75,,50898,,,0,35,,50883,,,0,75,,50876,,,0,35,,50892,,,0,75,,50899,,,0,75,,50884,,,0,31,,50877,,,0,20,,50905,,,0,68,,50891,,,0,28,,50901,,,0,68,,50885,,,0,28,,50878,,,0,68,,50906,,,0,28,,50893,,,0,68,,50900,,,0,28,,50886,,,0,68,,50879,,,0,28,,50907,,,0,68,,50894,,,0,28,,50902,,,0,75,,50887,,,0,35,,50880,,,0,75,,50895,,,0,35,,50903,,,0,75,,50888,,,0,75,,50881,,,0,35,,50896,,,0,75,,50904,,,0
1900,'Weekday',527,,50934,,,0,30,,50942,,,0,65,,50910,,,0,34,,50918,,,0,65,,50927,,,0,35,,50935,,,0,45,,50908,0,45 46 47,0,33,,50943,,,0,70,,50912,,,0,32,,50919,,,0,72,,50928,,,0,32,,50936,,,0,72,,50944,,,0,32,,50911,,,0,72,,50920,,,0,32,,50929,,,0,72,,50937,,,0,32,,50945,,,0,72,,50913,,,0,33,,50921,,,0,44,,50909,0,45 46 47,0,28,,50930,,,0,72,,50938,,,0,31,,50946,,,0,72,,50914,,,0,32,,50922,,,0,72,,50931,,,0,29,,50939,,,0,66,,50947,,,0,30,,50915,,,0,70,,50923,,,0,30,,50932,,,0,70,,50940,,,0,30,,50948,,,0,70,,50916,,,0,30,,50924,,,0,69,,50933,,,0,30,,50941,,,0,70,,50949,,,0,30,,50917,,,0,70,,50925,,,0
1900,'1CCSDCUT-Weekday',527,,50976,,,0,30,,50984,,,0,65,,50952,,,0,34,,50960,,,0,65,,50969,,,0,35,,50977,,,0,45,,50950,0,45 46 47,0,33,,50985,,,0,70,,50954,,,0,32,,50961,,,0,72,,50970,,,0,32,,50978,,,0,72,,50986,,,0,32,,50953,,,0,72,,50962,,,0,32,,50971,,,0,72,,50979,,,0,32,,50987,,,0,72,,50955,,,0,33,,50963,,,0,44,,50951,0,45 46 47,0,28,,50972,,,0,72,,50980,,,0,31,,50988,,,0,72,,50956,,,0,32,,50964,,,0,72,,50973,,,0,29,,50981,,,0,66,,50989,,,0,30,,50957,,,0,70,,50965,,,0,30,,50974,,,0,70,,50982,,,0,30,,50990,,,0,70,,50958,,,0,30,,50966,,,0,69,,50975,,,0,30,,50983,,,0,70,,50991,,,0,30,,50959,,,0,70,,50967,,,0
1900,'1PUBCUT-Weekday',527,,51017,,,0,30,,51025,,,0,65,,50993,,,0,34,,51001,,,0,65,,51010,,,0,35,,51018,,,0,78,,51026,,,0,70,,50995,,,0,32,,51002,,,0,72,,51011,,,0,32,,51019,,,0,72,,51027,,,0,32,,50994,,,0,72,,51003,,,0,32,,51012,,,0,72,,51020,,,0,32,,51028,,,0,72,,50996,,,0,33,,51004,,,0,44,,50992,0,45 46 47,0,28,,51013,,,0,72,,51021,,,0,31,,51029,,,0,72,,50997,,,0,32,,51005,,,0,72,,51014,,,0,29,,51022,,,0,66,,51030,,,0,30,,50998,,,0,70,,51006,,,0,30,,51015,,,0,70,,51023,,,0,30,,51031,,,0,70,,50999,,,0,30,,51007,,,0,69,,51016,,,0,30,,51024,,,0,70,,51032,,,0,30,,51000,,,0,70,,51008,,,0
30300,'Saturday',532,,85314,,,0,20,,85315,,,0,60,,85316,,,0,20,,85323,,,0,20,,85317,,,0,60,,85318,,,0,20,,85319,,,0,20,,85320,,,0,60,,85324,,,0,20,,85325,,,0,20,,85326,,,0,60,,85327,,,0,20,,85330,,,0,20,,85331,,,0,61,,85364,,,0,23,,85365,,,0,21,,85367,,,0,60,,85368,,,0,20,,85369,,,0,20,,85366,,,0,60,,85370,,,0,20,,85359,,,0,20,,85363,,,0,59,,85346,,,0,17,,85357,,,0,16,,85344,,,0,56,,85353,,,0,18,,85345,,,0,18,,85358,,,0,18,,85349,,,0,59,,85352,,,0,19,,85348,,,0,19,,85360,,,0,58,,85350,,,0,16,,85355,,,0,17,,85342,,,0,59,,85361,,,0,19,,85351,,,0,19,,85356,,,0,60,,85343,,,0,20,,85362,,,0,20,,85347,,,0,60,,85354,,,0,20,,85332,,,0,18,,85328,,,0,58,,85329,,,0,18,,85333,,,0,19,,85334,,,0,20,,85335,,,0,60,,85336,,,0,20,,85337,,,0,20,,85338,,,0,60,,85339,,,0,20,,85340,,,0,20,,85341,,,0,60,,85321,,,0,20,,85322,,,0,20,,85372,,,0,60,,85373,,,0,20,,85371,,,0
30300,'Sunday',532,,85381,,,0,20,,85399,,,0,60,,85374,,,0,20,,85390,,,0,20,,85408,,,0,60,,85417,,,0,20,,85382,,,0,20,,85400,,,0,60,,85376,,,0,20,,85391,,,0,20,,85409,,,0,60,,85418,,,0,20,,85383,,,0,20,,85401,,,0,61,,85375,,,0,23,,85392,,,0,21,,85411,,,0,60,,85419,,,0,20,,85385,,,0,20,,85403,,,0,60,,85422,,,0,20,,85377,,,0,20,,85393,,,0,59,,85410,,,0,17,,85428,,,0,16,,85420,,,0,56,,85384,,,0,18,,85405,,,0,18,,85423,,,0,18,,85378,,,0,59,,85394,,,0,19,,85412,,,0,19,,85429,,,0,58,,85421,,,0,16,,85386,,,0,17,,85404,,,0,59,,85424,,,0,19,,85379,,,0,19,,85395,,,0,60,,85413,,,0,20,,85430,,,0,20,,85387,,,0,60,,85402,,,0,20,,85425,,,0,18,,85380,,,0,58,,85396,,,0,18,,85414,,,0,19,,85431,,,0,20,,85388,,,0,60,,85406,,,0,20,,85426,,,0,20,,85397,,,0,60,,85415,,,0,20,,85432,,,0,20,,85389,,,0,60,,85407,,,0,20,,85427,,,0,20,,85398,,,0,60,,85416,,,0,20,,85433,,,0
30300,'Weekday',520,,85471,,,0,14,,85497,,,0,12,,85485,,,0,12,,85498,,,0,53,,85462,,,0,12,,85499,,,0,12,,85478,,,0,12,,85442,,,0,53,,85500,,,0,13,,85496,,,0,12,,85472,,,0,12,,85434,,,0,12,,85502,,,0,52,,85452,,,0,11,,85504,,,0,10,,85463,,,0,10,,85505,,,0,11,,85480,,,0,11,,85501,,,0,51,,85443,,,0,11,,85506,,,0,11,,85474,,,0,11,,85503,,,0,11,,85454,,,0,51,,85507,,,0,11,,85490,,,0,11,,85508,,,0,11,,85464,,,0,11,,85510,,,0,11,,85481,,,0,51,,85512,,,0,11,,85445,,,0,11,,85513,,,0,11,,85473,,,0,11,,85514,,,0,51,,85491,,,0,11,,85511,,,0,11,,85453,,,0,11,,85515,,,0,11,,85465,,,0,11,,85509,,,0,51,,85482,,,0,11,,85516,,,0,11,,85444,,,0,11,,85517,,,0,11,,85475,,,0,51,,85449,,,0,11,,85455,,,0,12,,85467,,,0,11,,85466,,,0,10,,85456,,,0,8,,85532,,,0,49,,85484,,,0,8,,85489,,,0,8,,85446,,,0,8,,85518,,,0,8,,85493,,,0,8,,85448,,,0,8,,85477,,,0,7,,85492,,,0,48,,85476,,,0,7,,85486,,,0,7,,85523,,,0,7,,85488,,,0,6,,85524,,,0,6,,85468,,,0,6,,85525,,,0,6,,85470,,,0,6,,85526,,,0,46,,85457,,,0,7,,85527,,,0,7,,85494,,,0,8,,85483,,,0,8,,85495,,,0,9,,85447,,,0,8,,85528,,,0,8,,85519,,,0,51,,85479,,,0,11,,85529,,,0,12,,85487,,,0,20,,85469,,,0,60,,85520,,,0,19,,85458,,,0,20,,85439,,,0,60,,85459,,,0,20,,85436,,,0,20,,85450,,,0,60,,85521,,,0,20,,85435,,,0,20,,85440,,,0,60,,85460,,,0,20,,85437,,,0,19,,85522,,,0,60,,85451,,,0,20,,85441,,,0,20,,85530,,,0,60,,85461,,,0,20,,85531,,,0,20,,85438,,,0
30300,'1CCSDCUT-Weekday',520,,85570,,,0,14,,85596,,,0,12,,85584,,,0,12,,85597,,,0,53,,85561,,,0,12,,85598,,,0,12,,85577,,,0,12,,85541,,,0,53,,85599,,,0,13,,85595,,,0,12,,85571,,,0,12,,85533,,,0,12,,85601,,,0,52,,85551,,,0,11,,85603,,,0,10,,85562,,,0,10,,85604,,,0,11,,85579,,,0,11,,85600,,,0,51,,85542,,,0,11,,85605,,,0,11,,85573,,,0,11,,85602,,,0,11,,85553,,,0,51,,85606,,,0,11,,85589,,,0,11,,85607,,,0,11,,85563,,,0,11,,85609,,,0,11,,85580,,,0,51,,85611,,,0,11,,85544,,,0,11,,85612,,,0,11,,85572,,,0,11,,85613,,,0,51,,85590,,,0,11,,85610,,,0,11,,85552,,,0,11,,85614,,,0,11,,85564,,,0,11,,85608,,,0,51,,85581,,,0,11,,85615,,,0,11,,85543,,,0,11,,85616,,,0,11,,85574,,,0,51,,85548,,,0,11,,85554,,,0,12,,85566,,,0,11,,85565,,,0,10,,85555,,,0,8,,85631,,,0,49,,85583,,,0,8,,85588,,,0,8,,85545,,,0,8,,85617,,,0,8,,85592,,,0,8,,85547,,,0,8,,85576,,,0,7,,85591,,,0,48,,85575,,,0,7,,85585,,,0,7,,85622,,,0,7,,85587,,,0,6,,85623,,,0,6,,85567,,,0,6,,85624,,,0,6,,85569,,,0,6,,85625,,,0,46,,85556,,,0,7,,85626,,,0,7,,85593,,,0,8,,85582,,,0,8,,85594,,,0,9,,85546,,,0,8,,85627,,,0,8,,85618,,,0,51,,85578,,,0,11,,85628,,,0,12,,85586,,,0,20,,85568,,,0,60,,85619,,,0,19,,85557,,,0,20,,85538,,,0,60,,85558,,,0,20,,85535,,,0,20,,85549,,,0,60,,85620,,,0,20,,85534,,,0,20,,85539,,,0,60,,85559,,,0,20,,85536,,,0,19,,85621,,,0,60,,85550,,,0,20,,85540,,,0,20,,85629,,,0,60,,85560,,,0,20,,85630,,,0,20,,85537,,,0
30300,'1PUBCUT-Weekday',520,,85669,,,0,14,,85695,,,0,12,,85683,,,0,12,,85696,,,0,53,,85660,,,0,12,,85697,,,0,12,,85676,,,0,12,,85640,,,0,53,,85698,,,0,13,,85694,,,0,12,,85670,,,0,12,,85632,,,0,12,,85700,,,0,52,,85650,,,0,11,,85702,,,0,10,,85661,,,0,10,,85703,,,0,11,,85678,,,0,11,,85699,,,0,51,,85641,,,0,11,,85704,,,0,11,,85672,,,0,11,,85701,,,0,11,,85652,,,0,51,,85705,,,0,11,,85688,,,0,11,,85706,,,0,11,,85662,,,0,11,,85708,,,0,11,,85679,,,0,51,,85710,,,0,11,,85643,,,0,11,,85711,,,0,11,,85671,,,0,11,,85712,,,0,51,,85689,,,0,11,,85709,,,0,11,,85651,,,0,11,,85713,,,0,11,,85663,,,0,11,,85707,,,0,51,,85680,,,0,11,,85714,,,0,11,,85642,,,0,11,,85715,,,0,11,,85673,,,0,51,,85647,,,0,11,,85653,,,0,12,,85665,,,0,11,,85664,,,0,10,,85654,,,0,8,,85730,,,0,49,,85682,,,0,8,,85687,,,0,8,,85644,,,0,8,,85716,,,0,8,,85691,,,0,8,,85646,,,0,8,,85675,,,0,7,,85690,,,0,48,,85674,,,0,7,,85684,,,0,7,,85721,,,0,7,,85686,,,0,6,,85722,,,0,6,,85666,,,0,6,,85723,,,0,6,,85668,,,0,6,,85724,,,0,46,,85655,,,0,7,,85725,,,0,7,,85692,,,0,8,,85681,,,0,8,,85693,,,0,9,,85645,,,0,8,,85726,,,0,8,,85717,,,0,51,,85677,,,0,11,,85727,,,0,12,,85685,,,0,20,,85667,,,0,60,,85718,,,0,19,,85656,,,0,20,,85637,,,0,60,,85657,,,0,20,,85634,,,0,20,,85648,,,0,60,,85719,,,0,20,,85633,,,0,20,,85638,,,0,60,,85658,,,0,20,,85635,,,0,19,,85720,,,0,60,,85649,,,0,20,,85639,,,0,20,,85728,,,0,60,,85659,,,0,20,,85729,,,0,20,,85636,,,0
