1900,'Saturday',657,,79956,27,,,0,75,,79941,27,,,0,75,,79935,27,,,0,35,,79949,27,,,0,75,,79957,27,,,0,35,,79943,27,,,0,75,,79934,27,,,0,75,,79951,27,,,0,35,,79958,27,,,0,75,,79942,27,,,0,31,,79936,27,,,0,60,,79963,27,,,0,28,,79950,27,,,0,28,,79959,27,,,0,68,,79944,27,,,0,28,,79937,27,,,0,68,,79965,27,,,0,28,,79953,27,,,0,68,,79960,27,,,0,28,,79945,27,,,0,68,,79938,27,,,0,28,,79966,27,,,0,68,,79952,27,,,0,28,,79962,27,,,0,75,,79946,27,,,0,35,,79939,27,,,0,75,,79955,27,,,0,35,,79961,27,,,0,75,,79948,27,,,0,75,,79940,27,,,0,35,,79954,27,,,0,75,,79964,27,,,0
1900,'Sunday',657,,79990,27,,,0,75,,79975,27,,,0,75,,79968,27,,,0,35,,79982,27,,,0,75,,79991,27,,,0,35,,79976,27,,,0,75,,79969,27,,,0,75,,79985,27,,,0,35,,79992,27,,,0,75,,79977,27,,,0,31,,79970,27,,,0,60,,79998,27,,,0,28,,79984,27,,,0,28,,79994,27,,,0,68,,79978,27,,,0,28,,79971,27,,,0,68,,79999,27,,,0,28,,79986,27,,,0,68,,79993,27,,,0,28,,79979,27,,,0,68,,79972,27,,,0,28,,80000,27,,,0,68,,79987,27,,,0,28,,79995,27,,,0,75,,79980,27,,,0,35,,79973,27,,,0,75,,79988,27,,,0,35,,79996,27,,,0,75,,79981,27,,,0,75,,79974,27,,,0,35,,79989,27,,,0,75,,79997,27,,,0
1900,'Weekday',536,,80025,27,,,0,70,,80033,27,,,0,25,,80001,27,,,0,74,,80009,27,,,0,26,,80018,27,,,0,75,,80026,27,,,0,38,,80034,27,,,0,70,,80003,27,,,0,32,,80010,27,,,0,72,,80019,27,,,0,32,,80027,27,,,0,72,,80035,27,,,0,32,,80002,27,,,0,72,,80011,27,,,0,32,,80020,27,,,0,72,,80028,27,,,0,72,,80036,27,,,0,32,,80004,27,,,0,73,,80012,27,,,0,32,,80021,27,,,0,72,,80029,27,,,0,31,,80037,27,,,0,72,,80005,27,,,0,32,,80013,27,,,0,71,,80022,27,,,0,29,,80030,27,,,0,66,,80038,27,,,0,30,,80006,27,,,0,70,,80014,27,,,0,30,,80023,27,,,0,70,,80031,27,,,0,30,,80039,27,,,0,70,,80007,27,,,0,29,,80015,27,,,0,69,,80024,27,,,0,30,,80032,27,,,0,70,,80040,27,,,0,30,,80008,27,,,0,70,,80016,27,,,0
1900,'STMPSa-Saturday',657,,80064,27,,,0,75,,80049,27,,,0,75,,80043,27,,,0,35,,80057,27,,,0,75,,80065,27,,,0,35,,80051,27,,,0,75,,80042,27,,,0,75,,80059,27,,,0,35,,80066,27,,,0,75,,80050,27,,,0,31,,80044,27,,,0,60,,80071,27,,,0,28,,80058,27,,,0,28,,80067,27,,,0,68,,80052,27,,,0,28,,80045,27,,,0,68,,80073,27,,,0,28,,80061,27,,,0,68,,80068,27,,,0,28,,80053,27,,,0,68,,80046,27,,,0,28,,80074,27,,,0,68,,80060,27,,,0,28,,80070,27,,,0,75,,80054,27,,,0,35,,80047,27,,,0,75,,80063,27,,,0,35,,80069,27,,,0,75,,80056,27,,,0,75,,80048,27,,,0,35,,80062,27,,,0,75,,80072,27,,,0
1900,'STMPSnea-Weekday',536,,80099,27,,,0,70,,80107,27,,,0,25,,80075,27,,,0,74,,80083,27,,,0,26,,80092,27,,,0,75,,80100,27,,,0,38,,80108,27,,,0,70,,80077,27,,,0,32,,80084,27,,,0,72,,80093,27,,,0,32,,80101,27,,,0,72,,80109,27,,,0,32,,80076,27,,,0,72,,80085,27,,,0,32,,80094,27,,,0,72,,80102,27,,,0,72,,80110,27,,,0,32,,80078,27,,,0,73,,80086,27,,,0,32,,80095,27,,,0,72,,80103,27,,,0,31,,80111,27,,,0,72,,80079,27,,,0,32,,80087,27,,,0,71,,80096,27,,,0,29,,80104,27,,,0,66,,80112,27,,,0,30,,80080,27,,,0,70,,80088,27,,,0,30,,80097,27,,,0,70,,80105,27,,,0,30,,80113,27,,,0,70,,80081,27,,,0,29,,80089,27,,,0,69,,80098,27,,,0,30,,80106,27,,,0,70,,80114,27,,,0,30,,80082,27,,,0,70,,80090,27,,,0
1900,'STMPSu1-Sunday',657,,80139,27,,,0,75,,80123,27,,,0,75,,80116,27,,,0,35,,80130,27,,,0,75,,80137,27,,,0,35,,80124,27,,,0,75,,80117,27,,,0,75,,80133,27,,,0,35,,80140,27,,,0,75,,80125,27,,,0,31,,80118,27,,,0,60,,80146,27,,,0,28,,80132,27,,,0,28,,80142,27,,,0,68,,80126,27,,,0,28,,80119,27,,,0,68,,80147,27,,,0,28,,80134,27,,,0,68,,80141,27,,,0,28,,80127,27,,,0,68,,80120,27,,,0,28,,80148,27,,,0,68,,80135,27,,,0,28,,80143,27,,,0,75,,80128,27,,,0,35,,80121,27,,,0,75,,80136,27,,,0,35,,80144,27,,,0,75,,80129,27,,,0,75,,80122,27,,,0,35,,80138,27,,,0,75,,80145,27,,,0
1900,'STMPSu2-Sunday',657,,80172,27,,,0,75,,80157,27,,,0,75,,80150,27,,,0,35,,80164,27,,,0,75,,80173,27,,,0,35,,80158,27,,,0,75,,80151,27,,,0,75,,80167,27,,,0,35,,80174,27,,,0,75,,80159,27,,,0,31,,80152,27,,,0,60,,80180,27,,,0,28,,80166,27,,,0,28,,80176,27,,,0,68,,80160,27,,,0,28,,80153,27,,,0,68,,80181,27,,,0,28,,80168,27,,,0,68,,80175,27,,,0,28,,80161,27,,,0,68,,80154,27,,,0,28,,80182,27,,,0,68,,80169,27,,,0,28,,80177,27,,,0,75,,80162,27,,,0,35,,80155,27,,,0,75,,80170,27,,,0,35,,80178,27,,,0,75,,80163,27,,,0,75,,80156,27,,,0,35,,80171,27,,,0,75,,80179,27,,,0
1900,'STMPWeek-Weekday',536,,80207,27,,,0,70,,80215,27,,,0,25,,80183,27,,,0,74,,80191,27,,,0,26,,80200,27,,,0,75,,80208,27,,,0,38,,80216,27,,,0,70,,80185,27,,,0,32,,80192,27,,,0,72,,80201,27,,,0,32,,80209,27,,,0,72,,80217,27,,,0,32,,80184,27,,,0,72,,80193,27,,,0,32,,80202,27,,,0,72,,80210,27,,,0,72,,80218,27,,,0,32,,80186,27,,,0,73,,80194,27,,,0,32,,80203,27,,,0,72,,80211,27,,,0,31,,80219,27,,,0,72,,80187,27,,,0,32,,80195,27,,,0,71,,80204,27,,,0,29,,80212,27,,,0,66,,80220,27,,,0,30,,80188,27,,,0,70,,80196,27,,,0,30,,80205,27,,,0,70,,80213,27,,,0,30,,80221,27,,,0,70,,80189,27,,,0,29,,80197,27,,,0,69,,80206,27,,,0,30,,80214,27,,,0,70,,80222,27,,,0,30,,80190,27,,,0,70,,80198,27,,,0
1900,'STMPar-Weekday',536,,80247,27,,,0,70,,80255,27,,,0,25,,80223,27,,,0,74,,80231,27,,,0,26,,80240,27,,,0,75,,80248,27,,,0,38,,80256,27,,,0,70,,80225,27,,,0,32,,80232,27,,,0,72,,80241,27,,,0,32,,80249,27,,,0,72,,80257,27,,,0,32,,80224,27,,,0,72,,80233,27,,,0,32,,80242,27,,,0,72,,80250,27,,,0,72,,80258,27,,,0,32,,80226,27,,,0,73,,80234,27,,,0,32,,80243,27,,,0,72,,80251,27,,,0,31,,80259,27,,,0,72,,80227,27,,,0,32,,80235,27,,,0,71,,80244,27,,,0,29,,80252,27,,,0,66,,80260,27,,,0,30,,80228,27,,,0,70,,80236,27,,,0,30,,80245,27,,,0,70,,80253,27,,,0,30,,80261,27,,,0,70,,80229,27,,,0,29,,80237,27,,,0,69,,80246,27,,,0,30,,80254,27,,,0,70,,80262,27,,,0,30,,80230,27,,,0,70,,80238,27,,,0
4000,'Saturday',841,,89771,43,,,0,75,,89772,43,,,0,35,,89770,43,,,0,75,,89773,43,,,0,75,,89774,43,,,0,35,,89775,43,,,0,75,,89776,43,,,0,35,,89777,43,,,0,75,,89780,43,,,0,35,,89781,43,,,0,75,,89778,43,,,0,75,,89779,43,,,0,35,,89782,43,,,0,75,,89783,43,,,0,35,,89784,43,,,0,75,,89785,43,,,0,75,,89786,43,,,0,35,,89787,43,,,0,75,,89788,43,,,0
4000,'Sunday',841,,89789,43,,,0,75,,89790,43,,,0,35,,89792,43,,,0,75,,89793,43,,,0,75,,89794,43,,,0,35,,89791,43,,,0,75,,89795,43,,,0,35,,89796,43,,,0,75,,89797,43,,,0,35,,89798,43,,,0,75,,89799,43,,,0,75,,89801,43,,,0,35,,89802,43,,,0,75,,89803,43,,,0,35,,89800,43,,,0,75,,89804,43,,,0,75,,89805,43,,,0,35,,89806,43,,,0,75,,89807,43,,,0
4000,'Weekday',651,,89824,43,,,0,75,,89818,43,,,0,75,,89831,43,,,0,35,,89825,43,,,0,74,,89819,43,,,0,35,,89832,43,,,0,75,,89826,43,,,0,35,,89820,43,,,0,75,,89833,43,,,0,75,,89827,43,,,0,35,,89821,43,,,0,75,,89834,43,,,0,35,,89828,43,,,0,77,,89822,43,,,0,77,,89835,43,,,0,37,,89829,43,,,0,80,,89823,43,,,0,34,,89836,43,,,0,77,,89830,43,,,0,79,,89808,43,,,0,33,,89815,43,,,0,72,,89812,43,,,0,32,,89809,43,,,0,72,,89816,43,,,0,33,,89813,43,,,0,74,,89810,43,,,0,75,,89817,43,,,0,35,,89814,43,,,0,71,,89811,43,,,0
4000,'STMPSa-Saturday',841,,89838,43,,,0,75,,89839,43,,,0,35,,89837,43,,,0,75,,89840,43,,,0,75,,89841,43,,,0,35,,89842,43,,,0,75,,89843,43,,,0,35,,89844,43,,,0,75,,89847,43,,,0,35,,89848,43,,,0,75,,89845,43,,,0,75,,89846,43,,,0,35,,89849,43,,,0,75,,89850,43,,,0,35,,89851,43,,,0,75,,89852,43,,,0,75,,89853,43,,,0,35,,89854,43,,,0,75,,89855,43,,,0
4000,'STMPSnea-Weekday',651,,89872,43,,,0,75,,89866,43,,,0,75,,89879,43,,,0,35,,89873,43,,,0,74,,89867,43,,,0,35,,89880,43,,,0,75,,89874,43,,,0,35,,89868,43,,,0,75,,89881,43,,,0,75,,89875,43,,,0,35,,89869,43,,,0,75,,89882,43,,,0,35,,89876,43,,,0,77,,89870,43,,,0,77,,89883,43,,,0,37,,89877,43,,,0,80,,89871,43,,,0,34,,89884,43,,,0,77,,89878,43,,,0,79,,89856,43,,,0,33,,89863,43,,,0,72,,89860,43,,,0,32,,89857,43,,,0,72,,89864,43,,,0,33,,89861,43,,,0,74,,89858,43,,,0,75,,89865,43,,,0,35,,89862,43,,,0,71,,89859,43,,,0
4000,'STMPSu1-Sunday',841,,89885,43,,,0,75,,89886,43,,,0,35,,89888,43,,,0,75,,89889,43,,,0,75,,89890,43,,,0,35,,89887,43,,,0,75,,89891,43,,,0,35,,89892,43,,,0,75,,89893,43,,,0,35,,89894,43,,,0,75,,89895,43,,,0,75,,89897,43,,,0,35,,89898,43,,,0,75,,89899,43,,,0,35,,89896,43,,,0,75,,89900,43,,,0,75,,89901,43,,,0,35,,89902,43,,,0,75,,89903,43,,,0
4000,'STMPSu2-Sunday',841,,89904,43,,,0,75,,89905,43,,,0,35,,89907,43,,,0,75,,89908,43,,,0,75,,89909,43,,,0,35,,89906,43,,,0,75,,89910,43,,,0,35,,89911,43,,,0,75,,89912,43,,,0,35,,89913,43,,,0,75,,89914,43,,,0,75,,89916,43,,,0,35,,89917,43,,,0,75,,89918,43,,,0,35,,89915,43,,,0,75,,89919,43,,,0,75,,89920,43,,,0,35,,89921,43,,,0,75,,89922,43,,,0
4000,'STMPWeek-Weekday',651,,89939,43,,,0,75,,89933,43,,,0,75,,89946,43,,,0,35,,89940,43,,,0,74,,89934,43,,,0,35,,89947,43,,,0,75,,89941,43,,,0,35,,89935,43,,,0,75,,89948,43,,,0,75,,89942,43,,,0,35,,89936,43,,,0,75,,89949,43,,,0,35,,89943,43,,,0,77,,89937,43,,,0,77,,89950,43,,,0,37,,89944,43,,,0,80,,89938,43,,,0,34,,89951,43,,,0,77,,89945,43,,,0,79,,89923,43,,,0,33,,89930,43,,,0,72,,89927,43,,,0,32,,89924,43,,,0,72,,89931,43,,,0,33,,89928,43,,,0,74,,89925,43,,,0,75,,89932,43,,,0,35,,89929,43,,,0,71,,89926,43,,,0
4000,'STMPar-Weekday',651,,89968,43,,,0,75,,89962,43,,,0,75,,89975,43,,,0,35,,89969,43,,,0,74,,89963,43,,,0,35,,89976,43,,,0,75,,89971,43,,,0,35,,89964,43,,,0,75,,89977,43,,,0,75,,89970,43,,,0,35,,89965,43,,,0,75,,89978,43,,,0,35,,89972,43,,,0,77,,89966,43,,,0,77,,89979,43,,,0,37,,89973,43,,,0,80,,89967,43,,,0,34,,89980,43,,,0,77,,89974,43,,,0,79,,89952,43,,,0,33,,89959,43,,,0,72,,89956,43,,,0,32,,89953,43,,,0,72,,89960,43,,,0,33,,89957,43,,,0,74,,89954,43,,,0,75,,89961,43,,,0,35,,89958,43,,,0,71,,89955,43,,,0
9100,'Saturday',646,,109485,4,,,0,61,,109484,4,,,0,21,,109486,4,,,0,21,,109487,4,,,0,61,,109488,4,,,0,21,,109489,4,,,0,21,,109490,4,,,0,61,,109491,4,,,0,21,,109493,4,,,0,21,,109492,4,,,0,61,,109494,4,,,0,21,,109495,4,,,0,21,,109496,4,,,0,61,,109497,4,,,0,21,,109499,4,,,0,62,,109498,4,,,0,21,,109500,4,,,0,21,,109501,4,,,0,61,,109502,4,,,0,21,,109503,4,,,0,21,,109505,4,,,0,61,,109504,4,,,0,21,,109506,4,,,0,21,,109508,4,,,0,61,,109507,4,,,0,21,,109509,4,,,0,21,,109510,4,,,0,61,,109511,4,,,0,21,,109512,4,,,0,21,,109515,4,,,0,61,,109513,4,,,0,21,,109514,4,,,0,21,,109516,4,,,0,60,,109517,4,,,0,21,,109519,4,,,0,61,,109518,4,,,0,21,,109526,4,,,0,21,,109520,4,,,0,61,,109521,4,,,0,21,,109522,4,,,0,21,,109523,4,,,0,61,,109524,4,,,0,21,,109527,4,,,0,21,,109525,4,,,0,61,,109529,4,,,0,21,,109528,4,,,0,21,,109530,4,,,0,61,,109531,4,,,0,21,,109532,4,,,0,21,,109533,4,,,0
9100,'Sunday',646,,109535,4,,,0,61,,109534,4,,,0,21,,109537,4,,,0,21,,109536,4,,,0,61,,109538,4,,,0,21,,109539,4,,,0,21,,109541,4,,,0,61,,109540,4,,,0,21,,109543,4,,,0,21,,109542,4,,,0,61,,109544,4,,,0,21,,109545,4,,,0,21,,109546,4,,,0,61,,109547,4,,,0,21,,109549,4,,,0,62,,109548,4,,,0,21,,109550,4,,,0,21,,109551,4,,,0,61,,109552,4,,,0,21,,109554,4,,,0,21,,109553,4,,,0,61,,109555,4,,,0,21,,109556,4,,,0,21,,109557,4,,,0,61,,109559,4,,,0,21,,109558,4,,,0,21,,109560,4,,,0,61,,109562,4,,,0,21,,109563,4,,,0,21,,109561,4,,,0,61,,109564,4,,,0,21,,109566,4,,,0,21,,109565,4,,,0,60,,109567,4,,,0,21,,109569,4,,,0,61,,109568,4,,,0,21,,109570,4,,,0,21,,109571,4,,,0,61,,109572,4,,,0,21,,109574,4,,,0,21,,109573,4,,,0,61,,109575,4,,,0,21,,109576,4,,,0,21,,109577,4,,,0,61,,109579,4,,,0,21,,109578,4,,,0,21,,109581,4,,,0,61,,109580,4,,,0,21,,109583,4,,,0,21,,109582,4,,,0
9100,'Weekday',629,,109584,4,,,0,21,,109585,4,,,0,61,,109587,4,,,0,23,,109586,4,,,0,19,,109589,4,,,0,61,,109588,4,,,0,21,,109590,4,,,0,21,,109591,4,,,0,61,,109592,4,,,0,21,,109593,4,,,0,21,,109594,4,,,0,61,,109596,4,,,0,21,,109595,4,,,0,61,,109597,4,,,0,21,,109599,4,,,0,21,,109600,4,,,0,61,,109598,4,,,0,21,,109601,4,,,0,21,,109602,4,,,0,61,,109603,4,,,0,21,,109604,4,,,0,21,,109605,4,,,0,61,,109606,4,,,0,21,,109607,4,,,0,21,,109608,4,,,0,61,,109609,4,,,0,21,,109610,4,,,0,21,,109611,4,,,0,61,,109612,4,,,0,21,,109613,4,,,0,21,,109615,4,,,0,61,,109614,4,,,0,21,,109616,4,,,0,61,,109617,4,,,0,21,,109618,4,,,0,20,,109619,4,,,0,61,,109620,4,,,0,21,,109622,4,,,0,21,,109621,4,,,0,61,,109624,4,,,0,21,,109623,4,,,0,21,,109626,4,,,0,61,,109625,4,,,0,21,,109627,4,,,0,21,,109628,4,,,0,61,,109629,4,,,0,21,,109630,4,,,0,18,,109631,4,,,0,68,,109633,4,,,0,17,,109632,4,,,0,21,,109634,4,,,0,61,,109635,4,,,0
9100,'STMPSa-Saturday',646,,109637,4,,,0,61,,109636,4,,,0,21,,109638,4,,,0,21,,109639,4,,,0,61,,109640,4,,,0,21,,109641,4,,,0,21,,109642,4,,,0,61,,109643,4,,,0,21,,109645,4,,,0,21,,109644,4,,,0,61,,109646,4,,,0,21,,109647,4,,,0,21,,109648,4,,,0,61,,109649,4,,,0,21,,109651,4,,,0,62,,109650,4,,,0,21,,109652,4,,,0,21,,109653,4,,,0,61,,109654,4,,,0,21,,109655,4,,,0,21,,109657,4,,,0,61,,109656,4,,,0,21,,109658,4,,,0,21,,109660,4,,,0,61,,109659,4,,,0,21,,109661,4,,,0,21,,109662,4,,,0,61,,109663,4,,,0,21,,109664,4,,,0,21,,109667,4,,,0,61,,109665,4,,,0,21,,109666,4,,,0,21,,109668,4,,,0,60,,109669,4,,,0,21,,109671,4,,,0,61,,109670,4,,,0,21,,109678,4,,,0,21,,109672,4,,,0,61,,109673,4,,,0,21,,109674,4,,,0,21,,109675,4,,,0,61,,109676,4,,,0,21,,109679,4,,,0,21,,109677,4,,,0,61,,109681,4,,,0,21,,109680,4,,,0,21,,109682,4,,,0,61,,109683,4,,,0,21,,109684,4,,,0,21,,109685,4,,,0
9100,'STMPSnea-Weekday',629,,109686,4,,,0,21,,109687,4,,,0,61,,109689,4,,,0,23,,109688,4,,,0,19,,109691,4,,,0,61,,109690,4,,,0,21,,109692,4,,,0,21,,109693,4,,,0,61,,109694,4,,,0,21,,109695,4,,,0,21,,109696,4,,,0,61,,109698,4,,,0,21,,109697,4,,,0,61,,109699,4,,,0,21,,109701,4,,,0,21,,109702,4,,,0,61,,109700,4,,,0,21,,109703,4,,,0,21,,109704,4,,,0,61,,109705,4,,,0,21,,109706,4,,,0,21,,109707,4,,,0,61,,109708,4,,,0,21,,109709,4,,,0,21,,109710,4,,,0,61,,109711,4,,,0,21,,109712,4,,,0,21,,109713,4,,,0,61,,109714,4,,,0,21,,109715,4,,,0,21,,109717,4,,,0,61,,109716,4,,,0,21,,109718,4,,,0,61,,109719,4,,,0,21,,109720,4,,,0,20,,109721,4,,,0,61,,109722,4,,,0,21,,109724,4,,,0,21,,109723,4,,,0,61,,109726,4,,,0,21,,109725,4,,,0,21,,109728,4,,,0,61,,109727,4,,,0,21,,109729,4,,,0,21,,109730,4,,,0,61,,109731,4,,,0,21,,109732,4,,,0,18,,109733,4,,,0,68,,109735,4,,,0,17,,109734,4,,,0,21,,109736,4,,,0,61,,109737,4,,,0
9100,'STMPSu1-Sunday',646,,109739,4,,,0,61,,109738,4,,,0,21,,109741,4,,,0,21,,109740,4,,,0,61,,109742,4,,,0,21,,109743,4,,,0,21,,109745,4,,,0,61,,109744,4,,,0,21,,109747,4,,,0,21,,109746,4,,,0,61,,109748,4,,,0,21,,109749,4,,,0,21,,109750,4,,,0,61,,109751,4,,,0,21,,109753,4,,,0,62,,109752,4,,,0,21,,109754,4,,,0,21,,109755,4,,,0,61,,109756,4,,,0,21,,109758,4,,,0,21,,109757,4,,,0,61,,109759,4,,,0,21,,109760,4,,,0,21,,109761,4,,,0,61,,109763,4,,,0,21,,109762,4,,,0,21,,109764,4,,,0,61,,109766,4,,,0,21,,109767,4,,,0,21,,109765,4,,,0,61,,109768,4,,,0,21,,109770,4,,,0,21,,109769,4,,,0,60,,109771,4,,,0,21,,109773,4,,,0,61,,109772,4,,,0,21,,109774,4,,,0,21,,109775,4,,,0,61,,109777,4,,,0,21,,109776,4,,,0,21,,109778,4,,,0,61,,109779,4,,,0,21,,109780,4,,,0,21,,109781,4,,,0,61,,109783,4,,,0,21,,109782,4,,,0,21,,109785,4,,,0,61,,109784,4,,,0,21,,109787,4,,,0,21,,109786,4,,,0
9100,'STMPSu2-Sunday',646,,109789,4,,,0,61,,109788,4,,,0,21,,109791,4,,,0,21,,109790,4,,,0,61,,109792,4,,,0,21,,109793,4,,,0,21,,109795,4,,,0,61,,109794,4,,,0,21,,109797,4,,,0,21,,109796,4,,,0,61,,109798,4,,,0,21,,109799,4,,,0,21,,109800,4,,,0,61,,109801,4,,,0,21,,109803,4,,,0,62,,109802,4,,,0,21,,109804,4,,,0,21,,109805,4,,,0,61,,109806,4,,,0,21,,109808,4,,,0,21,,109807,4,,,0,61,,109809,4,,,0,21,,109810,4,,,0,21,,109811,4,,,0,61,,109813,4,,,0,21,,109812,4,,,0,21,,109814,4,,,0,61,,109816,4,,,0,21,,109817,4,,,0,21,,109815,4,,,0,61,,109818,4,,,0,21,,109820,4,,,0,21,,109819,4,,,0,60,,109821,4,,,0,21,,109823,4,,,0,61,,109822,4,,,0,21,,109824,4,,,0,21,,109825,4,,,0,61,,109826,4,,,0,21,,109828,4,,,0,21,,109827,4,,,0,61,,109829,4,,,0,21,,109830,4,,,0,21,,109831,4,,,0,61,,109833,4,,,0,21,,109832,4,,,0,21,,109835,4,,,0,61,,109834,4,,,0,21,,109837,4,,,0,21,,109836,4,,,0
9100,'STMPWeek-Weekday',629,,109838,4,,,0,21,,109839,4,,,0,61,,109841,4,,,0,23,,109840,4,,,0,19,,109843,4,,,0,61,,109842,4,,,0,21,,109844,4,,,0,21,,109845,4,,,0,61,,109846,4,,,0,21,,109847,4,,,0,21,,109848,4,,,0,61,,109850,4,,,0,21,,109849,4,,,0,61,,109851,4,,,0,21,,109853,4,,,0,21,,109854,4,,,0,61,,109852,4,,,0,21,,109855,4,,,0,21,,109856,4,,,0,61,,109857,4,,,0,21,,109858,4,,,0,21,,109859,4,,,0,61,,109860,4,,,0,21,,109861,4,,,0,21,,109862,4,,,0,61,,109863,4,,,0,21,,109864,4,,,0,21,,109865,4,,,0,61,,109866,4,,,0,21,,109867,4,,,0,21,,109869,4,,,0,61,,109868,4,,,0,21,,109870,4,,,0,61,,109871,4,,,0,21,,109872,4,,,0,20,,109873,4,,,0,61,,109874,4,,,0,21,,109876,4,,,0,21,,109875,4,,,0,61,,109878,4,,,0,21,,109877,4,,,0,21,,109880,4,,,0,61,,109879,4,,,0,21,,109881,4,,,0,21,,109882,4,,,0,61,,109883,4,,,0,21,,109884,4,,,0,18,,109885,4,,,0,68,,109887,4,,,0,17,,109886,4,,,0,21,,109888,4,,,0,61,,109889,4,,,0
9100,'STMPar-Weekday',629,,109890,4,,,0,21,,109891,4,,,0,61,,109893,4,,,0,23,,109892,4,,,0,19,,109895,4,,,0,61,,109894,4,,,0,21,,109896,4,,,0,21,,109897,4,,,0,61,,109898,4,,,0,21,,109899,4,,,0,21,,109900,4,,,0,61,,109902,4,,,0,21,,109901,4,,,0,61,,109903,4,,,0,21,,109905,4,,,0,21,,109906,4,,,0,61,,109904,4,,,0,21,,109907,4,,,0,21,,109908,4,,,0,61,,109909,4,,,0,21,,109910,4,,,0,21,,109911,4,,,0,61,,109912,4,,,0,21,,109913,4,,,0,21,,109914,4,,,0,61,,109915,4,,,0,21,,109916,4,,,0,21,,109917,4,,,0,61,,109918,4,,,0,21,,109919,4,,,0,21,,109921,4,,,0,61,,109920,4,,,0,21,,109922,4,,,0,61,,109923,4,,,0,21,,109924,4,,,0,20,,109925,4,,,0,61,,109926,4,,,0,21,,109928,4,,,0,21,,109927,4,,,0,61,,109930,4,,,0,21,,109929,4,,,0,21,,109932,4,,,0,61,,109931,4,,,0,21,,109933,4,,,0,21,,109934,4,,,0,61,,109935,4,,,0,21,,109936,4,,,0,18,,109937,4,,,0,68,,109939,4,,,0,17,,109938,4,,,0,21,,109940,4,,,0,61,,109941,4,,,0
