7900,'Weekday',428,,65729,,,0,25,,65753,,,0,64,,65750,,,0,24,,65751,,,0,66,,65737,,,0,24,,65754,,,0,24,,65740,,,0,64,,65742,,,0,24,,65733,,,0,64,,65731,,,0,25,,65749,,,0,71,,65744,,,0,32,,65747,,,0,72,,65735,,,0,32,,65728,,,0,72,,65741,,,0,32,,65724,,,0,72,,65752,,,0,32,,65738,,,0,72,,65745,,,0,32,,65730,,,0,72,,65736,,,0,24,,65734,,,0,64,,65739,,,0,24,,65732,,,0,66,,65725,,,0,22,,65726,,,0,24,,65748,,,0,64,,65755,,,0,24,,65743,,,0,24,,65756,,,0,64,,65727,,,0,24,,65746,,,0
7900,'Weekday0000100',1345,,65757,,,0
7900,'1CCSDCUT-Weekday',428,,65763,,,0,25,,65787,,,0,64,,65784,,,0,24,,65785,,,0,66,,65771,,,0,24,,65788,,,0,24,,65774,,,0,64,,65776,,,0,24,,65767,,,0,64,,65765,,,0,25,,65783,,,0,71,,65778,,,0,32,,65781,,,0,72,,65769,,,0,32,,65762,,,0,72,,65775,,,0,32,,65758,,,0,72,,65786,,,0,32,,65772,,,0,72,,65779,,,0,32,,65764,,,0,72,,65770,,,0,24,,65768,,,0,64,,65773,,,0,24,,65766,,,0,66,,65759,,,0,22,,65760,,,0,24,,65782,,,0,64,,65789,,,0,24,,65777,,,0,24,,65790,,,0,64,,65761,,,0,24,,65780,,,0
7900,'1CCSDCUT-Weekday0000100',1345,,65791,,,0
7900,'1PUBCUT-Weekday',428,,65797,,,0,25,,65821,,,0,64,,65818,,,0,24,,65819,,,0,66,,65805,,,0,24,,65822,,,0,24,,65808,,,0,64,,65810,,,0,24,,65801,,,0,64,,65799,,,0,25,,65817,,,0,71,,65812,,,0,32,,65815,,,0,72,,65803,,,0,32,,65796,,,0,72,,65809,,,0,32,,65792,,,0,72,,65820,,,0,32,,65806,,,0,72,,65813,,,0,32,,65798,,,0,72,,65804,,,0,24,,65802,,,0,64,,65807,,,0,24,,65800,,,0,66,,65793,,,0,22,,65794,,,0,24,,65816,,,0,64,,65823,,,0,24,,65811,,,0,24,,65824,,,0,64,,65795,,,0,24,,65814,,,0
7900,'1PUBCUT-Weekday0000100',1345,,65825,,,0
86600,'Weekday0000100',1441,,89385,0,17 18 19 1 20,0
86600,'Weekday1111000',1557,,89387,0,17 18 19 1 20,0
86600,'1PUBCUT-Weekday0000100',1441,,89389,0,17 18 19 1 20,0
86600,'1PUBCUT-Weekday1111000',1557,,89391,0,17 18 19 1 20,0
86601,'Weekday',813,,89393,0,17 18 19 1 20,0
86601,'1PUBCUT-Weekday',813,,89395,0,17 18 19 1 20,0
87900,'Weekday',745,,89429,0,213 38 214 1 20,0
87900,'1PUBCUT-Weekday',745,,89431,0,213 38 214 1 20,0
87901,'Weekday',1457,,89433,0,213 38 214 1 20,0
87901,'1PUBCUT-Weekday',1457,,89435,0,213 38 214 1 20,0
