12901,'Saturday',702,,77041,,,0,43,,77032,,,0,80,,77050,,,0,80,,77042,,,0,40,,77033,,,0,80,,77051,,,0,80,,77043,,,0,40,,77034,,,0,80,,77052,,,0,80,,77044,,,0,40,,77035,,,0,80,,77053,,,0,80,,77045,,,0,40,,77036,,,0,80,,77054,,,0,80,,77047,,,0,40,,77037,,,0,80,,77055,,,0,80,,77046,,,0,40,,77038,,,0,80,,77056,,,0,83,,77048,,,0,37,,77040,,,0,80,,77057,,,0,80,,77049,,,0,40,,77039,,,0
12901,'Sunday',702,,77067,,,0,43,,77058,,,0,80,,77076,,,0,80,,77068,,,0,40,,77059,,,0,80,,77077,,,0,80,,77069,,,0,40,,77060,,,0,80,,77078,,,0,80,,77070,,,0,40,,77061,,,0,80,,77079,,,0,80,,77071,,,0,40,,77062,,,0,80,,77081,,,0,80,,77072,,,0,40,,77063,,,0,80,,77080,,,0,80,,77073,,,0,40,,77064,,,0,80,,77082,,,0,83,,77074,,,0,37,,77065,,,0,80,,77083,,,0,80,,77075,,,0,40,,77066,,,0
12901,'Weekday',534,,77103,,,0,66,,77110,,,0,30,,77091,,,0,72,,77085,,,0,30,,77104,,,0,27,,77123,,,0,44,,77111,,,0,32,,77092,,,0,15,,77084,,,0,52,,77086,,,0,28,,77105,,,0,70,,77112,,,0,30,,77093,,,0,70,,77087,,,0,30,,77106,,,0,70,,77113,,,0,30,,77095,,,0,70,,77088,,,0,30,,77107,,,0,70,,77114,,,0,30,,77094,,,0,72,,77089,,,0,28,,77108,,,0,29,,77115,,,0,71,,77096,,,0,16,,77122,,,0,57,,77090,,,0,30,,77109,,,0,24,,77116,,,0,70,,77097,,,0,30,,77117,,,0,70,,77098,,,0,28,,77118,,,0,70,,77099,,,0,30,,77119,,,0,70,,77100,,,0,30,,77120,,,0,70,,77101,,,0,30,,77121,,,0,70,,77102,,,0
12901,'1CCSDCUT-Weekday',534,,77143,,,0,66,,77150,,,0,30,,77131,,,0,72,,77125,,,0,30,,77144,,,0,27,,77163,,,0,44,,77151,,,0,32,,77132,,,0,15,,77124,,,0,52,,77126,,,0,28,,77145,,,0,70,,77152,,,0,30,,77133,,,0,70,,77127,,,0,30,,77146,,,0,70,,77153,,,0,30,,77135,,,0,70,,77128,,,0,30,,77147,,,0,70,,77154,,,0,30,,77134,,,0,72,,77129,,,0,28,,77148,,,0,29,,77155,,,0,71,,77136,,,0,16,,77162,,,0,57,,77130,,,0,30,,77149,,,0,24,,77156,,,0,70,,77137,,,0,30,,77157,,,0,70,,77138,,,0,28,,77158,,,0,70,,77139,,,0,30,,77159,,,0,70,,77140,,,0,30,,77160,,,0,70,,77141,,,0,30,,77161,,,0,70,,77142,,,0
12901,'1PUBCUT-Weekday',534,,77183,,,0,66,,77190,,,0,30,,77171,,,0,72,,77165,,,0,30,,77184,,,0,27,,77203,,,0,44,,77191,,,0,32,,77172,,,0,15,,77164,,,0,52,,77166,,,0,28,,77185,,,0,70,,77192,,,0,30,,77173,,,0,70,,77167,,,0,30,,77186,,,0,70,,77193,,,0,30,,77175,,,0,70,,77168,,,0,30,,77187,,,0,70,,77194,,,0,30,,77174,,,0,72,,77169,,,0,28,,77188,,,0,29,,77195,,,0,71,,77176,,,0,16,,77202,,,0,57,,77170,,,0,30,,77189,,,0,24,,77196,,,0,70,,77177,,,0,30,,77197,,,0,70,,77178,,,0,28,,77198,,,0,70,,77179,,,0,30,,77199,,,0,70,,77180,,,0,30,,77200,,,0,70,,77181,,,0,30,,77201,,,0,70,,77182,,,0
70301,'Weekday',739,,88653,0,130 14,0
70301,'1CCSDCUT-Weekday',739,,88655,0,130 14,0
81800,'Weekday0000100',1512,,89234,0,12 13 14 15 16,0
81800,'Weekday1111000',1612,,89235,0,12 13 14 15 16,0
81800,'1PUBCUT-Weekday0000100',1512,,89236,0,12 13 14 15 16,0
81800,'1PUBCUT-Weekday1111000',1612,,89237,0,12 13 14 15 16,0
