9200,'Saturday',749,,69070,,,0,85,,69054,,,0,85,,69059,,,0,85,,69064,,,0,45,,69069,,,0,85,,69055,,,0,85,,69060,,,0,85,,69065,,,0,45,,69071,,,0,86,,69057,,,0,85,,69061,,,0,85,,69066,,,0,45,,69072,,,0,85,,69056,,,0,85,,69062,,,0,84,,69067,,,0,43,,69073,,,0,85,,69058,,,0,85,,69063,,,0,38,,69068,,,0
9200,'Sunday',748,,69089,,,0,85,,69074,,,0,85,,69079,,,0,85,,69084,,,0,45,,69090,,,0,85,,69075,,,0,85,,69080,,,0,85,,69085,,,0,45,,69092,,,0,85,,69076,,,0,85,,69081,,,0,85,,69086,,,0,45,,69091,,,0,85,,69077,,,0,85,,69082,,,0,85,,69087,,,0,45,,69093,,,0,85,,69078,,,0,85,,69083,,,0,38,,69088,,,0
9200,'Weekday',449,,69102,,,0,69,,69107,,,0,31,,69116,,,0,71,,69103,,,0,33,,69108,,,0,73,,69125,,,0,31,,69112,,,0,71,,69094,,,0,31,,69117,,,0,68,,69104,,,0,31,,69109,,,0,71,,69126,,,0,71,,69113,,,0,31,,69122,,,0,71,,69118,,,0,31,,69105,,,0,71,,69110,,,0,31,,69127,,,0,71,,69114,,,0,31,,69100,,,0,71,,69119,,,0,33,,69106,,,0,71,,69111,,,0,31,,69128,,,0,71,,69115,,,0,31,,69098,,,0,67,,69095,,,0,43,,69120,,,0,85,,69096,,,0,85,,69099,,,0,85,,69123,,,0,45,,69121,,,0,85,,69097,,,0,85,,69101,,,0,83,,69124,,,0
9200,'1CCSDCUT-Weekday',449,,69137,,,0,69,,69142,,,0,31,,69151,,,0,71,,69138,,,0,33,,69143,,,0,73,,69160,,,0,31,,69147,,,0,71,,69129,,,0,31,,69152,,,0,68,,69139,,,0,31,,69144,,,0,71,,69161,,,0,71,,69148,,,0,31,,69157,,,0,71,,69153,,,0,31,,69140,,,0,71,,69145,,,0,31,,69162,,,0,71,,69149,,,0,31,,69135,,,0,71,,69154,,,0,33,,69141,,,0,71,,69146,,,0,31,,69163,,,0,71,,69150,,,0,31,,69133,,,0,67,,69130,,,0,43,,69155,,,0,85,,69131,,,0,85,,69134,,,0,85,,69158,,,0,45,,69156,,,0,85,,69132,,,0,85,,69136,,,0,83,,69159,,,0
9200,'1PUBCUT-Weekday',449,,69172,,,0,69,,69177,,,0,31,,69186,,,0,71,,69173,,,0,33,,69178,,,0,73,,69195,,,0,31,,69182,,,0,71,,69164,,,0,31,,69187,,,0,68,,69174,,,0,31,,69179,,,0,71,,69196,,,0,71,,69183,,,0,31,,69192,,,0,71,,69188,,,0,31,,69175,,,0,71,,69180,,,0,31,,69197,,,0,71,,69184,,,0,31,,69170,,,0,71,,69189,,,0,33,,69176,,,0,71,,69181,,,0,31,,69198,,,0,71,,69185,,,0,31,,69168,,,0,67,,69165,,,0,43,,69190,,,0,85,,69166,,,0,85,,69169,,,0,85,,69193,,,0,45,,69191,,,0,85,,69167,,,0,85,,69171,,,0,83,,69194,,,0
9201,'Saturday',644,,69214,,,0,85,,69200,,,0,85,,69204,,,0,45,,69209,,,0,87,,69215,,,0,85,,69199,,,0,85,,69205,,,0,85,,69210,,,0,45,,69216,,,0,85,,69201,,,0,85,,69206,,,0,85,,69211,,,0,45,,69217,,,0,86,,69202,,,0,84,,69208,,,0,85,,69212,,,0,45,,69218,,,0,85,,69203,,,0,85,,69207,,,0,43,,69213,,,0,82,,69219,,,0,85,,69220,,,0
9201,'Sunday',645,,69236,,,0,85,,69221,,,0,85,,69226,,,0,85,,69231,,,0,45,,69237,,,0,85,,69222,,,0,86,,69227,,,0,85,,69233,,,0,45,,69238,,,0,85,,69224,,,0,85,,69228,,,0,85,,69232,,,0,45,,69239,,,0,85,,69223,,,0,85,,69229,,,0,85,,69234,,,0,44,,69240,,,0,85,,69225,,,0,85,,69230,,,0,85,,69235,,,0,42,,69241,,,0
9201,'Weekday',520,,69247,,,0,31,,69253,,,0,71,,69271,,,0,34,,69259,,,0,70,,69275,,,0,30,,69263,,,0,71,,69248,,,0,31,,69254,,,0,70,,69272,,,0,31,,69260,,,0,71,,69267,,,0,71,,69264,,,0,31,,69249,,,0,71,,69255,,,0,31,,69273,,,0,71,,69261,,,0,31,,69258,,,0,71,,69265,,,0,31,,69250,,,0,71,,69256,,,0,30,,69274,,,0,71,,69262,,,0,31,,69252,,,0,71,,69266,,,0,31,,69251,,,0,71,,69257,,,0,29,,69242,,,0,84,,69244,,,0,85,,69269,,,0,45,,69268,,,0,84,,69243,,,0,85,,69245,,,0,85,,69270,,,0,41,,69246,,,0
9201,'1CCSDCUT-Weekday',520,,69281,,,0,31,,69287,,,0,71,,69305,,,0,34,,69293,,,0,70,,69309,,,0,30,,69297,,,0,71,,69282,,,0,31,,69288,,,0,70,,69306,,,0,31,,69294,,,0,71,,69301,,,0,71,,69298,,,0,31,,69283,,,0,71,,69289,,,0,31,,69307,,,0,71,,69295,,,0,31,,69292,,,0,71,,69299,,,0,31,,69284,,,0,71,,69290,,,0,30,,69308,,,0,71,,69296,,,0,31,,69286,,,0,71,,69300,,,0,31,,69285,,,0,71,,69291,,,0,29,,69276,,,0,84,,69278,,,0,85,,69303,,,0,45,,69302,,,0,84,,69277,,,0,85,,69279,,,0,85,,69304,,,0,41,,69280,,,0
9201,'1PUBCUT-Weekday',520,,69315,,,0,31,,69321,,,0,71,,69339,,,0,34,,69327,,,0,70,,69343,,,0,30,,69331,,,0,71,,69316,,,0,31,,69322,,,0,70,,69340,,,0,31,,69328,,,0,71,,69335,,,0,71,,69332,,,0,31,,69317,,,0,71,,69323,,,0,31,,69341,,,0,71,,69329,,,0,31,,69326,,,0,71,,69333,,,0,31,,69318,,,0,71,,69324,,,0,30,,69342,,,0,71,,69330,,,0,31,,69320,,,0,71,,69334,,,0,31,,69319,,,0,71,,69325,,,0,29,,69310,,,0,84,,69312,,,0,85,,69337,,,0,45,,69336,,,0,84,,69311,,,0,85,,69313,,,0,85,,69338,,,0,41,,69314,,,0
9600,'Saturday',609,,70035,,,0,45,,70019,,,0,85,,70025,,,0,85,,70030,,,0,85,,70036,,,0,46,,70020,,,0,85,,70026,,,0,85,,70031,,,0,85,,70037,,,0,45,,70021,,,0,85,,70027,,,0,86,,70032,,,0,87,,70038,,,0,45,,70022,,,0,86,,70028,,,0,85,,70033,,,0,84,,70039,,,0,45,,70023,,,0,82,,70029,,,0,84,,70034,,,0,85,,70040,,,0,45,,70024,,,0
9600,'Sunday',609,,70057,,,0,45,,70041,,,0,85,,70047,,,0,85,,70052,,,0,85,,70059,,,0,45,,70042,,,0,85,,70048,,,0,86,,70053,,,0,85,,70058,,,0,45,,70043,,,0,85,,70049,,,0,85,,70054,,,0,85,,70060,,,0,45,,70044,,,0,85,,70051,,,0,85,,70055,,,0,85,,70061,,,0,44,,70046,,,0,85,,70050,,,0,85,,70056,,,0,85,,70062,,,0,45,,70045,,,0
9600,'Weekday',545,,70092,,,0,72,,70076,,,0,31,,70097,,,0,71,,70081,,,0,31,,70068,,,0,71,,70072,,,0,31,,70093,,,0,69,,70077,,,0,31,,70091,,,0,71,,70082,,,0,31,,70069,,,0,71,,70073,,,0,31,,70094,,,0,71,,70078,,,0,31,,70080,,,0,71,,70083,,,0,71,,70070,,,0,31,,70074,,,0,73,,70095,,,0,31,,70079,,,0,71,,70067,,,0,31,,70084,,,0,71,,70071,,,0,31,,70075,,,0,72,,70088,,,0,41,,70065,,,0,82,,70089,,,0,83,,70085,,,0,85,,70063,,,0,45,,70066,,,0,85,,70090,,,0,85,,70086,,,0,85,,70064,,,0
9600,'1CCSDCUT-Weekday',545,,70127,,,0,72,,70111,,,0,31,,70132,,,0,71,,70116,,,0,31,,70103,,,0,71,,70107,,,0,31,,70128,,,0,69,,70112,,,0,31,,70126,,,0,71,,70117,,,0,31,,70104,,,0,71,,70108,,,0,31,,70129,,,0,71,,70113,,,0,31,,70115,,,0,71,,70118,,,0,71,,70105,,,0,31,,70109,,,0,73,,70130,,,0,31,,70114,,,0,71,,70102,,,0,31,,70119,,,0,71,,70106,,,0,31,,70110,,,0,72,,70123,,,0,41,,70100,,,0,82,,70124,,,0,83,,70120,,,0,85,,70098,,,0,45,,70101,,,0,85,,70125,,,0,85,,70121,,,0,85,,70099,,,0
9600,'1PUBCUT-Weekday',545,,70162,,,0,72,,70146,,,0,31,,70167,,,0,71,,70151,,,0,31,,70138,,,0,71,,70142,,,0,31,,70163,,,0,69,,70147,,,0,31,,70161,,,0,71,,70152,,,0,31,,70139,,,0,71,,70143,,,0,31,,70164,,,0,71,,70148,,,0,31,,70150,,,0,71,,70153,,,0,71,,70140,,,0,31,,70144,,,0,73,,70165,,,0,31,,70149,,,0,71,,70137,,,0,31,,70154,,,0,71,,70141,,,0,31,,70145,,,0,72,,70158,,,0,41,,70135,,,0,82,,70159,,,0,83,,70155,,,0,85,,70133,,,0,45,,70136,,,0,85,,70160,,,0,85,,70156,,,0,85,,70134,,,0
