15101,'Weekday',1714,,59587,21,,,0,44,,59586,27,,,0
15101,'1CCSDCUT-Weekday',1714,,59589,21,,,0,44,,59588,27,,,0
15101,'1PUBCUT-Weekday',1714,,59591,21,,,0,44,,59590,27,,,0
15300,'Saturday',618,,59706,20,,,0,37,,59707,20,,,0,77,,59708,20,,,0,77,,59710,20,,,0,37,,59718,20,,,0,77,,59719,20,,,0,77,,59716,20,,,0,37,,59721,20,,,0,77,,59715,20,,,0,37,,59722,20,,,0,77,,59723,20,,,0,77,,59720,20,,,0,37,,59724,20,,,0,77,,59725,20,,,0,37,,59726,20,,,0,77,,59727,20,,,0,77,,59728,20,,,0,37,,59729,20,,,0,77,,59730,20,,,0,77,,59732,20,,,0,37,,59731,20,,,0,77,,59717,20,,,0,37,,59712,20,,,0,77,,59714,20,,,0,77,,59713,20,,,0,37,,59711,20,,,0,77,,59709,20,,,0
15300,'Sunday',846,,59733,20,,,0,77,,59735,20,,,0,77,,59734,20,,,0,37,,59736,20,,,0,77,,59737,20,,,0,37,,59738,20,,,0,77,,59740,20,,,0,77,,59741,20,,,0,37,,59742,20,,,0,77,,59739,20,,,0,37,,59743,20,,,0,77,,59744,20,,,0,77,,59745,20,,,0,37,,59746,20,,,0,77,,59747,20,,,0,77,,59748,20,,,0,37,,59749,20,,,0,77,,59750,20,,,0,37,,59751,20,,,0,77,,59752,20,,,0,77,,59753,20,,,0,35,,59754,20,,,0,72,,59755,20,,,0
15300,'Weekday',536,,59757,20,,,0,65,,59758,20,,,0,23,,59756,20,,,0,26,,59759,20,,,0,65,,59760,20,,,0,11,,59761,1,,,0,12,,59762,20,,,0,9,,59800,1,,,0,8,,59799,1,,,0,49,,59763,20,,,0,16,,59765,1,,,0,10,,59766,20,,,0,25,,59767,20,,,0,66,,59764,20,,,0,25,,59768,20,,,0,65,,59769,20,,,0,25,,59770,20,,,0,65,,59771,20,,,0,25,,59773,20,,,0,25,,59774,20,,,0,65,,59772,20,,,0,25,,59776,20,,,0,65,,59777,20,,,0,25,,59775,20,,,0,25,,59778,20,,,0,65,,59779,20,,,0,27,,59780,20,,,0,71,,59782,20,,,0,30,,59783,20,,,0,60,,59784,20,,,0,14,,59803,20,,,0,10,,59781,20,,,0,10,,59785,20,,,0,10,,59801,20,,,0,50,,59802,20,,,0,10,,59786,20,,,0,20,,59787,20,,,0,20,,59788,20,,,0,62,,59789,20,,,0,35,,59790,20,,,0,76,,59791,20,,,0,76,,59792,20,,,0,36,,59793,20,,,0,76,,59794,20,,,0,36,,59796,20,,,0,76,,59797,20,,,0,76,,59798,20,,,0,36,,59795,20,,,0
15300,'Weekday0000100',1505,,59804,20,,,0
15300,'1CCSDCUT-Weekday',536,,59806,20,,,0,65,,59807,20,,,0,23,,59805,20,,,0,26,,59808,20,,,0,65,,59809,20,,,0,11,,59810,1,,,0,12,,59811,20,,,0,9,,59849,1,,,0,8,,59848,1,,,0,49,,59812,20,,,0,16,,59814,1,,,0,10,,59815,20,,,0,25,,59816,20,,,0,66,,59813,20,,,0,25,,59817,20,,,0,65,,59818,20,,,0,25,,59819,20,,,0,65,,59820,20,,,0,25,,59822,20,,,0,25,,59823,20,,,0,65,,59821,20,,,0,25,,59825,20,,,0,65,,59826,20,,,0,25,,59824,20,,,0,25,,59827,20,,,0,65,,59828,20,,,0,27,,59829,20,,,0,71,,59831,20,,,0,30,,59832,20,,,0,60,,59833,20,,,0,14,,59852,20,,,0,10,,59830,20,,,0,10,,59834,20,,,0,10,,59850,20,,,0,50,,59851,20,,,0,10,,59835,20,,,0,20,,59836,20,,,0,20,,59837,20,,,0,62,,59838,20,,,0,35,,59839,20,,,0,76,,59840,20,,,0,76,,59841,20,,,0,36,,59842,20,,,0,76,,59843,20,,,0,36,,59845,20,,,0,76,,59846,20,,,0,76,,59847,20,,,0,36,,59844,20,,,0
15300,'1CCSDCUT-Weekday0000100',1505,,59853,20,,,0
15300,'1PUBCUT-Weekday',536,,59855,20,,,0,65,,59856,20,,,0,23,,59854,20,,,0,26,,59857,20,,,0,65,,59858,20,,,0,11,,59859,1,,,0,12,,59860,20,,,0,9,,59898,1,,,0,8,,59897,1,,,0,49,,59861,20,,,0,16,,59863,1,,,0,10,,59864,20,,,0,25,,59865,20,,,0,66,,59862,20,,,0,25,,59866,20,,,0,65,,59867,20,,,0,25,,59868,20,,,0,65,,59869,20,,,0,25,,59871,20,,,0,25,,59872,20,,,0,65,,59870,20,,,0,25,,59874,20,,,0,65,,59875,20,,,0,25,,59873,20,,,0,25,,59876,20,,,0,65,,59877,20,,,0,27,,59878,20,,,0,71,,59880,20,,,0,30,,59881,20,,,0,60,,59882,20,,,0,14,,59901,20,,,0,10,,59879,20,,,0,10,,59883,20,,,0,10,,59899,20,,,0,50,,59900,20,,,0,10,,59884,20,,,0,20,,59885,20,,,0,20,,59886,20,,,0,62,,59887,20,,,0,35,,59888,20,,,0,76,,59889,20,,,0,76,,59890,20,,,0,36,,59891,20,,,0,76,,59892,20,,,0,36,,59894,20,,,0,76,,59895,20,,,0,76,,59896,20,,,0,36,,59893,20,,,0
15300,'1PUBCUT-Weekday0000100',1505,,59902,20,,,0
