6000,'Saturday',519,,61826,,,0,24,,61825,,,0,68,,61816,,,0,30,,61791,,,0,70,,61793,,,0,32,,61808,,,0,75,,61794,,,0,34,,61795,,,0,74,,61812,,,0,74,,61792,,,0,34,,61798,,,0,74,,61809,,,0,34,,61799,,,0,74,,61800,,,0,34,,61813,,,0,74,,61796,,,0,34,,61801,,,0,76,,61810,,,0,76,,61802,,,0,36,,61803,,,0,76,,61814,,,0,36,,61797,,,0,75,,61804,,,0,74,,61811,,,0,34,,61805,,,0,74,,61806,,,0,34,,61815,,,0,74,,61807,,,0,34,,61818,,,0,74,,61821,,,0,74,,61819,,,0,34,,61823,,,0,74,,61820,,,0,34,,61824,,,0,74,,61817,,,0,34,,61822,,,0
6000,'Sunday',519,,61828,,,0,24,,61829,,,0,68,,61827,,,0,30,,61830,,,0,70,,61831,,,0,32,,61832,,,0,75,,61833,,,0,34,,61835,,,0,74,,61836,,,0,74,,61837,,,0,34,,61834,,,0,74,,61838,,,0,34,,61839,,,0,74,,61840,,,0,34,,61841,,,0,74,,61842,,,0,34,,61843,,,0,76,,61844,,,0,76,,61845,,,0,36,,61846,,,0,76,,61847,,,0,36,,61848,,,0,75,,61849,,,0,74,,61850,,,0,34,,61851,,,0,74,,61852,,,0,34,,61853,,,0,74,,61854,,,0,34,,61855,,,0,74,,61856,,,0,74,,61857,,,0,34,,61858,,,0,74,,61860,,,0,34,,61861,,,0,74,,61862,,,0,34,,61859,,,0
6000,'Weekday',513,,61869,,,0,31,,61887,,,0,71,,61867,,,0,31,,61870,,,0,71,,61868,,,0,35,,61865,,,0,75,,61871,,,0,74,,61864,,,0,34,,61872,,,0,74,,61866,,,0,34,,61863,,,0,74,,61874,,,0,34,,61875,,,0,74,,61876,,,0,34,,61873,,,0,76,,61877,,,0,76,,61878,,,0,36,,61879,,,0,76,,61880,,,0,36,,61883,,,0,76,,61882,,,0,76,,61885,,,0,36,,61884,,,0,76,,61881,,,0,36,,61886,,,0,76,,61888,,,0,76,,61889,,,0,35,,61890,,,0,75,,61891,,,0,35,,61892,,,0,73,,61893,,,0,73,,61894,,,0,33,,61896,,,0,73,,61897,,,0,33,,61898,,,0,73,,61895,,,0
6000,'1CCSDCUT-Weekday',513,,61905,,,0,31,,61923,,,0,71,,61903,,,0,31,,61906,,,0,71,,61904,,,0,35,,61901,,,0,75,,61907,,,0,74,,61900,,,0,34,,61908,,,0,74,,61902,,,0,34,,61899,,,0,74,,61910,,,0,34,,61911,,,0,74,,61912,,,0,34,,61909,,,0,76,,61913,,,0,76,,61914,,,0,36,,61915,,,0,76,,61916,,,0,36,,61919,,,0,76,,61918,,,0,76,,61921,,,0,36,,61920,,,0,76,,61917,,,0,36,,61922,,,0,76,,61924,,,0,76,,61925,,,0,35,,61926,,,0,75,,61927,,,0,35,,61928,,,0,73,,61929,,,0,73,,61930,,,0,33,,61932,,,0,73,,61933,,,0,33,,61934,,,0,73,,61931,,,0
6000,'1PUBCUT-Weekday',513,,61941,,,0,31,,61959,,,0,71,,61939,,,0,31,,61942,,,0,71,,61940,,,0,35,,61937,,,0,75,,61943,,,0,74,,61936,,,0,34,,61944,,,0,74,,61938,,,0,34,,61935,,,0,74,,61946,,,0,34,,61947,,,0,74,,61948,,,0,34,,61945,,,0,76,,61949,,,0,76,,61950,,,0,36,,61951,,,0,76,,61952,,,0,36,,61955,,,0,76,,61954,,,0,76,,61957,,,0,36,,61956,,,0,76,,61953,,,0,36,,61958,,,0,76,,61960,,,0,76,,61961,,,0,35,,61962,,,0,75,,61963,,,0,35,,61964,,,0,73,,61965,,,0,73,,61966,,,0,33,,61968,,,0,73,,61969,,,0,33,,61970,,,0,73,,61967,,,0
8500,'Saturday',552,,66776,,,0,66,,66796,,,0,26,,66781,,,0,66,,66797,,,0,26,,66782,,,0,66,,66798,,,0,26,,66783,,,0,26,,66799,,,0,66,,66780,,,0,26,,66800,,,0,68,,66784,,,0,27,,66802,,,0,67,,66779,,,0,27,,66803,,,0,67,,66785,,,0,27,,66801,,,0,27,,66786,,,0,67,,66806,,,0,27,,66787,,,0,67,,66807,,,0,27,,66788,,,0,67,,66804,,,0,27,,66790,,,0,67,,66808,,,0,27,,66791,,,0,27,,66805,,,0,66,,66792,,,0,27,,66809,,,0,67,,66789,,,0,27,,66811,,,0,66,,66793,,,0,26,,66812,,,0,66,,66794,,,0,26,,66813,,,0,26,,66795,,,0,66,,66810,,,0,26,,66778,,,0,66,,66814,,,0,26,,66777,,,0,66,,66815,,,0,26,,66816,,,0
8500,'Sunday',552,,66857,,,0,66,,66856,,,0,26,,66855,,,0,66,,66854,,,0,26,,66853,,,0,66,,66852,,,0,26,,66850,,,0,26,,66851,,,0,66,,66849,,,0,26,,66848,,,0,68,,66847,,,0,27,,66846,,,0,67,,66845,,,0,27,,66844,,,0,67,,66843,,,0,27,,66842,,,0,27,,66841,,,0,67,,66840,,,0,27,,66839,,,0,67,,66838,,,0,27,,66837,,,0,67,,66836,,,0,27,,66835,,,0,67,,66834,,,0,27,,66833,,,0,27,,66831,,,0,66,,66832,,,0,27,,66830,,,0,67,,66829,,,0,27,,66828,,,0,66,,66827,,,0,26,,66826,,,0,66,,66824,,,0,26,,66825,,,0,26,,66823,,,0,66,,66822,,,0,26,,66821,,,0,66,,66820,,,0,26,,66819,,,0,66,,66818,,,0,26,,66817,,,0
8500,'Weekday',502,,66858,,,0,25,,66864,,,0,26,,66859,,,0,66,,66865,,,0,26,,66860,,,0,67,,66866,,,0,27,,66861,,,0,67,,66867,,,0,27,,66862,,,0,67,,66868,,,0,27,,66863,,,0,27,,66869,,,0,67,,66870,,,0,26,,66891,,,0,67,,66871,,,0,26,,66892,,,0,67,,66872,,,0,26,,66894,,,0,67,,66873,,,0,26,,66895,,,0,27,,66874,,,0,67,,66893,,,0,30,,66875,,,0,67,,66890,,,0,28,,66876,,,0,68,,66889,,,0,28,,66877,,,0,68,,66885,,,0,29,,66879,,,0,68,,66886,,,0,29,,66878,,,0,68,,66887,,,0,28,,66880,,,0,27,,66888,,,0,67,,66896,,,0,26,,66881,,,0,67,,66897,,,0,27,,66882,,,0,67,,66898,,,0,27,,66884,,,0,67,,66900,,,0,27,,66883,,,0,67,,66899,,,0
8500,'1CCSDCUT-Weekday',502,,66901,,,0,25,,66907,,,0,26,,66902,,,0,66,,66908,,,0,26,,66903,,,0,67,,66909,,,0,27,,66904,,,0,67,,66910,,,0,27,,66905,,,0,67,,66911,,,0,27,,66906,,,0,27,,66912,,,0,67,,66913,,,0,26,,66934,,,0,67,,66914,,,0,26,,66935,,,0,67,,66915,,,0,26,,66937,,,0,67,,66916,,,0,26,,66938,,,0,27,,66917,,,0,67,,66936,,,0,30,,66918,,,0,67,,66933,,,0,28,,66919,,,0,68,,66932,,,0,28,,66920,,,0,68,,66928,,,0,29,,66922,,,0,68,,66929,,,0,29,,66921,,,0,68,,66930,,,0,28,,66923,,,0,27,,66931,,,0,67,,66939,,,0,26,,66924,,,0,67,,66940,,,0,27,,66925,,,0,67,,66941,,,0,27,,66927,,,0,67,,66943,,,0,27,,66926,,,0,67,,66942,,,0
8500,'1PUBCUT-Weekday',502,,66944,,,0,25,,66950,,,0,26,,66945,,,0,66,,66951,,,0,26,,66946,,,0,67,,66952,,,0,27,,66947,,,0,67,,66953,,,0,27,,66948,,,0,67,,66954,,,0,27,,66949,,,0,27,,66955,,,0,67,,66956,,,0,26,,66977,,,0,67,,66957,,,0,26,,66978,,,0,67,,66958,,,0,26,,66980,,,0,67,,66959,,,0,26,,66981,,,0,27,,66960,,,0,67,,66979,,,0,30,,66961,,,0,67,,66976,,,0,28,,66962,,,0,68,,66975,,,0,28,,66963,,,0,68,,66971,,,0,29,,66965,,,0,68,,66972,,,0,29,,66964,,,0,68,,66973,,,0,28,,66966,,,0,27,,66974,,,0,67,,66982,,,0,26,,66967,,,0,67,,66983,,,0,27,,66968,,,0,67,,66984,,,0,27,,66970,,,0,67,,66986,,,0,27,,66969,,,0,67,,66985,,,0
