2401,'Saturday',641,,84187,26,,,0,70,,84198,26,,,0,30,,84207,26,,,0,70,,84189,26,,,0,30,,84197,26,,,0,70,,84209,26,,,0,30,,84188,26,,,0,70,,84199,26,,,0,30,,84210,26,,,0,70,,84186,26,,,0,30,,84201,26,,,0,70,,84212,26,,,0,30,,84190,26,,,0,70,,84202,26,,,0,30,,84213,26,,,0,70,,84191,26,,,0,30,,84200,26,,,0,70,,84211,26,,,0,30,,84192,26,,,0,70,,84203,26,,,0,30,,84215,26,,,0,70,,84193,26,,,0,30,,84205,26,,,0,70,,84214,26,,,0,30,,84194,26,,,0,70,,84204,26,,,0,30,,84216,26,,,0,70,,84195,26,,,0,30,,84206,26,,,0,70,,84217,26,,,0,30,,84196,26,,,0,70,,84208,26,,,0
2401,'Sunday',641,,84218,26,,,0,70,,84228,26,,,0,30,,84239,26,,,0,70,,84219,26,,,0,30,,84230,26,,,0,70,,84241,26,,,0,30,,84220,26,,,0,70,,84232,26,,,0,30,,84242,26,,,0,70,,84221,26,,,0,30,,84231,26,,,0,70,,84243,26,,,0,30,,84222,26,,,0,70,,84233,26,,,0,30,,84244,26,,,0,70,,84223,26,,,0,30,,84234,26,,,0,70,,84245,26,,,0,30,,84226,26,,,0,70,,84235,26,,,0,30,,84246,26,,,0,70,,84224,26,,,0,30,,84236,26,,,0,70,,84248,26,,,0,30,,84227,26,,,0,70,,84238,26,,,0,30,,84247,26,,,0,70,,84225,26,,,0,30,,84237,26,,,0,70,,84249,26,,,0,30,,84229,26,,,0,70,,84240,26,,,0
2401,'Weekday',554,,84271,26,,,0,80,,84280,26,,,0,73,,84250,26,,,0,30,,84272,26,,,0,70,,84282,26,,,0,30,,84251,26,,,0,69,,84273,26,,,0,28,,84283,26,,,0,70,,84252,26,,,0,30,,84275,26,,,0,70,,84284,26,,,0,30,,84253,26,,,0,70,,84274,26,,,0,30,,84281,26,,,0,70,,84254,26,,,0,30,,84277,26,,,0,70,,84285,26,,,0,30,,84256,26,,,0,70,,84276,26,,,0,34,,84286,26,,,0,70,,84255,26,,,0,30,,84278,26,,,0,70,,84287,26,,,0,29,,84257,26,,,0,70,,84279,26,,,0,30,,84262,26,,,0,67,,84258,26,,,0,30,,84266,26,,,0,70,,84263,26,,,0,30,,84259,26,,,0,70,,84268,26,,,0,30,,84264,26,,,0,70,,84260,26,,,0,30,,84269,26,,,0,68,,84265,26,,,0,30,,84261,26,,,0,70,,84270,26,,,0,35,,84267,26,,,0
2401,'STMPSa-Saturday',641,,84289,26,,,0,70,,84300,26,,,0,30,,84309,26,,,0,70,,84291,26,,,0,30,,84299,26,,,0,70,,84310,26,,,0,30,,84290,26,,,0,70,,84301,26,,,0,30,,84312,26,,,0,70,,84288,26,,,0,30,,84303,26,,,0,70,,84314,26,,,0,30,,84292,26,,,0,70,,84304,26,,,0,30,,84315,26,,,0,70,,84293,26,,,0,30,,84302,26,,,0,70,,84313,26,,,0,30,,84294,26,,,0,70,,84305,26,,,0,30,,84317,26,,,0,70,,84295,26,,,0,30,,84307,26,,,0,70,,84316,26,,,0,30,,84296,26,,,0,70,,84306,26,,,0,30,,84318,26,,,0,70,,84297,26,,,0,30,,84308,26,,,0,70,,84319,26,,,0,30,,84298,26,,,0,70,,84311,26,,,0
2401,'STMPSnea-Weekday',554,,84341,26,,,0,80,,84350,26,,,0,73,,84320,26,,,0,30,,84342,26,,,0,70,,84352,26,,,0,30,,84321,26,,,0,69,,84343,26,,,0,28,,84353,26,,,0,70,,84322,26,,,0,30,,84345,26,,,0,70,,84354,26,,,0,30,,84323,26,,,0,70,,84344,26,,,0,30,,84351,26,,,0,70,,84324,26,,,0,30,,84347,26,,,0,70,,84355,26,,,0,30,,84326,26,,,0,70,,84346,26,,,0,34,,84356,26,,,0,70,,84325,26,,,0,30,,84348,26,,,0,70,,84357,26,,,0,29,,84327,26,,,0,70,,84349,26,,,0,30,,84332,26,,,0,67,,84328,26,,,0,30,,84336,26,,,0,70,,84333,26,,,0,30,,84329,26,,,0,70,,84338,26,,,0,30,,84334,26,,,0,70,,84330,26,,,0,30,,84339,26,,,0,68,,84335,26,,,0,30,,84331,26,,,0,70,,84340,26,,,0,35,,84337,26,,,0
2401,'STMPSu1-Sunday',641,,84358,26,,,0,70,,84368,26,,,0,30,,84379,26,,,0,70,,84359,26,,,0,30,,84370,26,,,0,70,,84381,26,,,0,30,,84360,26,,,0,70,,84372,26,,,0,30,,84382,26,,,0,70,,84361,26,,,0,30,,84371,26,,,0,70,,84383,26,,,0,30,,84362,26,,,0,70,,84373,26,,,0,30,,84384,26,,,0,70,,84363,26,,,0,30,,84374,26,,,0,70,,84385,26,,,0,30,,84366,26,,,0,70,,84375,26,,,0,30,,84386,26,,,0,70,,84364,26,,,0,30,,84376,26,,,0,70,,84388,26,,,0,30,,84367,26,,,0,70,,84378,26,,,0,30,,84387,26,,,0,70,,84365,26,,,0,30,,84377,26,,,0,70,,84389,26,,,0,30,,84369,26,,,0,70,,84380,26,,,0
2401,'STMPSu2-Sunday',641,,84390,26,,,0,70,,84400,26,,,0,30,,84411,26,,,0,70,,84391,26,,,0,30,,84402,26,,,0,70,,84413,26,,,0,30,,84392,26,,,0,70,,84404,26,,,0,30,,84414,26,,,0,70,,84393,26,,,0,30,,84403,26,,,0,70,,84415,26,,,0,30,,84394,26,,,0,70,,84405,26,,,0,30,,84416,26,,,0,70,,84395,26,,,0,30,,84406,26,,,0,70,,84417,26,,,0,30,,84398,26,,,0,70,,84407,26,,,0,30,,84418,26,,,0,70,,84396,26,,,0,30,,84408,26,,,0,70,,84420,26,,,0,30,,84399,26,,,0,70,,84410,26,,,0,30,,84419,26,,,0,70,,84397,26,,,0,30,,84409,26,,,0,70,,84421,26,,,0,30,,84401,26,,,0,70,,84412,26,,,0
2401,'STMPWeek-Weekday',554,,84443,26,,,0,80,,84452,26,,,0,73,,84422,26,,,0,30,,84444,26,,,0,70,,84454,26,,,0,30,,84423,26,,,0,69,,84445,26,,,0,28,,84455,26,,,0,70,,84424,26,,,0,30,,84447,26,,,0,70,,84456,26,,,0,30,,84425,26,,,0,70,,84446,26,,,0,30,,84453,26,,,0,70,,84426,26,,,0,30,,84449,26,,,0,70,,84457,26,,,0,30,,84428,26,,,0,70,,84448,26,,,0,34,,84458,26,,,0,70,,84427,26,,,0,30,,84450,26,,,0,70,,84459,26,,,0,29,,84429,26,,,0,70,,84451,26,,,0,30,,84434,26,,,0,67,,84430,26,,,0,30,,84438,26,,,0,70,,84435,26,,,0,30,,84431,26,,,0,70,,84440,26,,,0,30,,84436,26,,,0,70,,84432,26,,,0,30,,84441,26,,,0,68,,84437,26,,,0,30,,84433,26,,,0,70,,84442,26,,,0,35,,84439,26,,,0
2401,'STMPar-Weekday',554,,84481,26,,,0,80,,84490,26,,,0,73,,84460,26,,,0,30,,84482,26,,,0,70,,84492,26,,,0,30,,84461,26,,,0,69,,84483,26,,,0,28,,84493,26,,,0,70,,84462,26,,,0,30,,84485,26,,,0,70,,84494,26,,,0,30,,84464,26,,,0,70,,84484,26,,,0,30,,84491,26,,,0,70,,84465,26,,,0,30,,84487,26,,,0,70,,84495,26,,,0,30,,84466,26,,,0,70,,84486,26,,,0,34,,84496,26,,,0,70,,84463,26,,,0,30,,84488,26,,,0,70,,84497,26,,,0,29,,84467,26,,,0,70,,84489,26,,,0,30,,84472,26,,,0,67,,84468,26,,,0,30,,84476,26,,,0,70,,84473,26,,,0,30,,84469,26,,,0,70,,84478,26,,,0,30,,84474,26,,,0,70,,84470,26,,,0,30,,84479,26,,,0,68,,84475,26,,,0,30,,84471,26,,,0,70,,84480,26,,,0,35,,84477,26,,,0
14700,'Weekday',537,,126736,6,,,0,72,,126740,6,,,0,32,,126737,6,,,0,72,,126741,6,,,0,32,,126738,6,,,0,72,,126742,6,,,0,32,,126739,6,,,0,72,,126750,6,,,0,32,,126756,6,,,0,72,,126751,6,,,0,32,,126757,6,,,0,72,,126752,6,,,0,72,,126758,6,,,0,32,,126753,6,,,0,72,,126759,6,,,0,32,,126754,6,,,0,72,,126760,6,,,0,32,,126755,6,,,0,72,,126746,6,,,0,32,,126743,6,,,0,72,,126747,6,,,0,32,,126744,6,,,0,72,,126748,6,,,0,32,,126745,6,,,0,72,,126749,6,,,0
14700,'STMPSnea-Weekday',537,,126761,6,,,0,72,,126765,6,,,0,32,,126762,6,,,0,72,,126766,6,,,0,32,,126763,6,,,0,72,,126767,6,,,0,32,,126764,6,,,0,72,,126775,6,,,0,32,,126781,6,,,0,72,,126776,6,,,0,32,,126782,6,,,0,72,,126777,6,,,0,72,,126783,6,,,0,32,,126778,6,,,0,72,,126784,6,,,0,32,,126779,6,,,0,72,,126785,6,,,0,32,,126780,6,,,0,72,,126771,6,,,0,32,,126768,6,,,0,72,,126772,6,,,0,32,,126769,6,,,0,72,,126773,6,,,0,32,,126770,6,,,0,72,,126774,6,,,0
14700,'STMPWeek-Weekday',537,,126786,6,,,0,72,,126790,6,,,0,32,,126787,6,,,0,72,,126791,6,,,0,32,,126788,6,,,0,72,,126792,6,,,0,32,,126789,6,,,0,72,,126800,6,,,0,32,,126806,6,,,0,72,,126801,6,,,0,32,,126807,6,,,0,72,,126802,6,,,0,72,,126808,6,,,0,32,,126803,6,,,0,72,,126809,6,,,0,32,,126804,6,,,0,72,,126810,6,,,0,32,,126805,6,,,0,72,,126796,6,,,0,32,,126793,6,,,0,72,,126797,6,,,0,32,,126794,6,,,0,72,,126798,6,,,0,32,,126795,6,,,0,72,,126799,6,,,0
14700,'STMPar-Weekday',537,,126811,6,,,0,72,,126815,6,,,0,32,,126812,6,,,0,72,,126816,6,,,0,32,,126813,6,,,0,72,,126817,6,,,0,32,,126814,6,,,0,72,,126825,6,,,0,32,,126831,6,,,0,72,,126826,6,,,0,32,,126832,6,,,0,72,,126827,6,,,0,72,,126833,6,,,0,32,,126828,6,,,0,72,,126834,6,,,0,32,,126829,6,,,0,72,,126835,6,,,0,32,,126830,6,,,0,72,,126821,6,,,0,32,,126818,6,,,0,72,,126822,6,,,0,32,,126819,6,,,0,72,,126823,6,,,0,32,,126820,6,,,0,72,,126824,6,,,0
