2601,'Saturday',610,,53701,,,0,45,,53691,,,0,85,,53699,,,0,85,,53694,,,0,86,,53702,,,0,46,,53690,,,0,85,,53703,,,0,85,,53696,,,0,85,,53704,,,0,45,,53692,,,0,85,,53705,,,0,84,,53693,,,0,85,,53706,,,0,45,,53695,,,0,85,,53707,,,0,85,,53697,,,0,85,,53709,,,0,45,,53698,,,0,85,,53708,,,0,85,,53700,,,0
2601,'Sunday',610,,53720,,,0,45,,53710,,,0,85,,53721,,,0,85,,53711,,,0,86,,53722,,,0,46,,53712,,,0,85,,53723,,,0,85,,53713,,,0,85,,53724,,,0,45,,53714,,,0,85,,53725,,,0,84,,53715,,,0,85,,53726,,,0,45,,53717,,,0,85,,53727,,,0,85,,53716,,,0,85,,53728,,,0,45,,53718,,,0,85,,53729,,,0,85,,53719,,,0
2601,'Weekday',621,,53730,,,0,35,,53731,,,0,69,,53733,,,0,32,,53734,,,0,72,,53735,,,0,7,,53732,,,0,7,,53736,,,0,16,,53738,,,0,68,,53739,,,0,30,,53740,,,0,70,,53737,,,0,30,,53741,,,0,70,,53742,,,0,30,,53743,,,0,70,,53744,,,0,30,,53745,,,0,70,,53746,,,0,30,,53747,,,0,70,,53748,,,0,32,,53749,,,0,72,,53750,,,0,72,,53751,,,0,32,,53752,,,0,72,,53753,,,0,32,,53754,,,0,70,,53755,,,0,31,,53756,,,0,69,,53761,,,0,30,,53759,,,0,70,,53762,,,0,30,,53763,,,0,70,,53760,,,0,29,,53757,,,0,70,,53758,,,0
2601,'1CCSDCUT-Weekday',621,,53764,,,0,35,,53765,,,0,69,,53767,,,0,32,,53768,,,0,72,,53769,,,0,7,,53766,,,0,7,,53770,,,0,16,,53772,,,0,68,,53773,,,0,30,,53774,,,0,70,,53771,,,0,30,,53775,,,0,70,,53776,,,0,30,,53777,,,0,70,,53778,,,0,30,,53779,,,0,70,,53780,,,0,30,,53781,,,0,70,,53782,,,0,32,,53783,,,0,72,,53784,,,0,72,,53785,,,0,32,,53786,,,0,72,,53787,,,0,32,,53788,,,0,70,,53789,,,0,31,,53790,,,0,69,,53795,,,0,30,,53793,,,0,70,,53796,,,0,30,,53797,,,0,70,,53794,,,0,29,,53791,,,0,70,,53792,,,0
2601,'1PUBCUT-Weekday',621,,53798,,,0,35,,53799,,,0,69,,53801,,,0,32,,53802,,,0,72,,53803,,,0,7,,53800,,,0,7,,53804,,,0,16,,53806,,,0,68,,53807,,,0,30,,53808,,,0,70,,53805,,,0,30,,53809,,,0,70,,53810,,,0,30,,53811,,,0,70,,53812,,,0,30,,53813,,,0,70,,53814,,,0,30,,53815,,,0,70,,53816,,,0,32,,53817,,,0,72,,53818,,,0,72,,53819,,,0,32,,53820,,,0,72,,53821,,,0,32,,53822,,,0,70,,53823,,,0,31,,53824,,,0,69,,53829,,,0,30,,53827,,,0,70,,53830,,,0,30,,53831,,,0,70,,53828,,,0,29,,53825,,,0,70,,53826,,,0
4000,'Saturday',808,,56803,,,0,35,,56804,,,0,75,,56802,,,0,35,,56805,,,0,75,,56806,,,0,75,,56807,,,0,35,,56808,,,0,75,,56809,,,0,35,,56812,,,0,75,,56813,,,0,35,,56810,,,0,75,,56811,,,0,75,,56814,,,0,35,,56815,,,0,75,,56816,,,0,35,,56817,,,0,75,,56818,,,0,75,,56819,,,0,35,,56820,,,0
4000,'Sunday',808,,56821,,,0,35,,56822,,,0,75,,56824,,,0,35,,56825,,,0,75,,56826,,,0,75,,56823,,,0,35,,56827,,,0,75,,56828,,,0,35,,56829,,,0,75,,56830,,,0,35,,56831,,,0,75,,56833,,,0,75,,56834,,,0,35,,56835,,,0,75,,56832,,,0,35,,56836,,,0,75,,56837,,,0,75,,56838,,,0,35,,56839,,,0
4000,'Weekday',619,,56856,,,0,35,,56850,,,0,75,,56863,,,0,75,,56857,,,0,35,,56851,,,0,75,,56864,,,0,35,,56858,,,0,75,,56852,,,0,35,,56865,,,0,75,,56859,,,0,75,,56853,,,0,35,,56866,,,0,75,,56860,,,0,35,,56854,,,0,77,,56867,,,0,76,,56861,,,0,38,,56855,,,0,78,,56868,,,0,78,,56862,,,0,38,,56840,,,0,73,,56847,,,0,33,,56844,,,0,72,,56841,,,0,32,,56848,,,0,73,,56845,,,0,34,,56842,,,0,75,,56849,,,0,75,,56846,,,0,31,,56843,,,0
4000,'1CCSDCUT-Weekday',619,,56885,,,0,35,,56879,,,0,75,,56892,,,0,75,,56886,,,0,35,,56880,,,0,75,,56893,,,0,35,,56887,,,0,75,,56881,,,0,35,,56894,,,0,75,,56888,,,0,75,,56882,,,0,35,,56895,,,0,75,,56889,,,0,35,,56883,,,0,77,,56896,,,0,76,,56890,,,0,38,,56884,,,0,78,,56897,,,0,78,,56891,,,0,38,,56869,,,0,73,,56876,,,0,33,,56873,,,0,72,,56870,,,0,32,,56877,,,0,73,,56874,,,0,34,,56871,,,0,75,,56878,,,0,75,,56875,,,0,31,,56872,,,0
4000,'1PUBCUT-Weekday',619,,56914,,,0,35,,56908,,,0,75,,56921,,,0,75,,56915,,,0,35,,56909,,,0,75,,56922,,,0,35,,56916,,,0,75,,56910,,,0,35,,56923,,,0,75,,56917,,,0,75,,56911,,,0,35,,56924,,,0,75,,56918,,,0,35,,56912,,,0,77,,56925,,,0,76,,56919,,,0,38,,56913,,,0,78,,56926,,,0,78,,56920,,,0,38,,56898,,,0,73,,56905,,,0,33,,56902,,,0,72,,56899,,,0,32,,56906,,,0,73,,56903,,,0,34,,56900,,,0,75,,56907,,,0,75,,56904,,,0,31,,56901,,,0
72401,'Weekday',841,,88796,0,140 141 119,0
72401,'1CCSDCUT-Weekday',841,,88797,0,140 141 119,0
72501,'Weekday',839,,88802,0,140 193 79 119,0
72501,'1CCSDCUT-Weekday',839,,88803,0,140 193 79 119,0
