15101,'Weekday',1711,,59587,16,,,0,43,,59586,22,,,0
15101,'1CCSDCUT-Weekday',1711,,59589,16,,,0,43,,59588,22,,,0
15101,'1PUBCUT-Weekday',1711,,59591,16,,,0,43,,59590,22,,,0
15200,'Weekday',616,,59593,15,,,0,20,,59595,15,,,0,20,,59592,15,,,0,60,,59597,15,,,0,20,,59594,15,,,0,20,,59596,15,,,0,60,,59598,15,,,0,20,,59599,15,,,0,20,,59600,15,,,0,60,,59601,15,,,0,20,,59621,15,,,0,20,,59622,15,,,0,60,,59619,15,,,0,20,,59620,15,,,0,20,,59623,15,,,0,60,,59624,15,,,0,20,,59625,15,,,0,20,,59626,15,,,0,60,,59627,15,,,0,20,,59628,15,,,0,20,,59617,15,,,0,60,,59613,15,,,0,20,,59618,15,,,0,20,,59616,15,,,0,60,,59614,15,,,0,20,,59615,15,,,0,20,,59604,15,,,0,60,,59605,15,,,0,20,,59602,15,,,0,20,,59603,15,,,0,60,,59606,15,,,0,20,,59607,15,,,0,20,,59608,15,,,0,60,,59609,15,,,0,20,,59610,15,,,0,20,,59611,15,,,0,60,,59629,15,,,0,15,,59612,15,,,0
15200,'1CCSDCUT-Weekday',616,,59631,15,,,0,20,,59633,15,,,0,20,,59630,15,,,0,60,,59635,15,,,0,20,,59632,15,,,0,20,,59634,15,,,0,60,,59636,15,,,0,20,,59637,15,,,0,20,,59638,15,,,0,60,,59639,15,,,0,20,,59659,15,,,0,20,,59660,15,,,0,60,,59657,15,,,0,20,,59658,15,,,0,20,,59661,15,,,0,60,,59662,15,,,0,20,,59663,15,,,0,20,,59664,15,,,0,60,,59665,15,,,0,20,,59666,15,,,0,20,,59655,15,,,0,60,,59651,15,,,0,20,,59656,15,,,0,20,,59654,15,,,0,60,,59652,15,,,0,20,,59653,15,,,0,20,,59642,15,,,0,60,,59643,15,,,0,20,,59640,15,,,0,20,,59641,15,,,0,60,,59644,15,,,0,20,,59645,15,,,0,20,,59646,15,,,0,60,,59647,15,,,0,20,,59648,15,,,0,20,,59649,15,,,0,60,,59667,15,,,0,15,,59650,15,,,0
15200,'1PUBCUT-Weekday',616,,59669,15,,,0,20,,59671,15,,,0,20,,59668,15,,,0,60,,59673,15,,,0,20,,59670,15,,,0,20,,59672,15,,,0,60,,59674,15,,,0,20,,59675,15,,,0,20,,59676,15,,,0,60,,59677,15,,,0,20,,59697,15,,,0,20,,59698,15,,,0,60,,59695,15,,,0,20,,59696,15,,,0,20,,59699,15,,,0,60,,59700,15,,,0,20,,59701,15,,,0,20,,59702,15,,,0,60,,59703,15,,,0,20,,59704,15,,,0,20,,59693,15,,,0,60,,59689,15,,,0,20,,59694,15,,,0,20,,59692,15,,,0,60,,59690,15,,,0,20,,59691,15,,,0,20,,59680,15,,,0,60,,59681,15,,,0,20,,59678,15,,,0,20,,59679,15,,,0,60,,59682,15,,,0,20,,59683,15,,,0,20,,59684,15,,,0,60,,59685,15,,,0,20,,59686,15,,,0,20,,59687,15,,,0,60,,59705,15,,,0,15,,59688,15,,,0
71600,'Weekday',808,,68442,3,0,29 34 35,0
71600,'1CCSDCUT-Weekday',808,,68444,3,0,29 34 35,0
75801,'Weekday',833,,68648,14,0,32 33 1 34 35,0
75801,'1CCSDCUT-Weekday',833,,68649,14,0,32 33 1 34 35,0
84800,'Weekday',806,,69027,3,0,36 37 38 39 1 34 35,0
84800,'1PUBCUT-Weekday',806,,69029,3,0,36 37 38 39 1 34 35,0
