900,'Saturday',613,,147302,37,,,0,34,,147313,37,,,0,68,,147296,37,,,0,31,,147308,37,,,0,71,,147318,37,,,0,31,,147321,37,,,0,71,,147303,37,,,0,31,,147315,37,,,0,71,,147297,37,,,0,31,,147309,37,,,0,71,,147319,37,,,0,31,,147325,37,,,0,71,,147306,37,,,0,31,,147316,37,,,0,71,,147298,37,,,0,31,,147311,37,,,0,71,,147322,37,,,0,71,,147326,37,,,0,31,,147304,37,,,0,71,,147317,37,,,0,31,,147299,37,,,0,71,,147310,37,,,0,31,,147323,37,,,0,71,,147327,37,,,0,31,,147305,37,,,0,71,,147314,37,,,0,31,,147300,37,,,0,71,,147312,37,,,0,31,,147324,37,,,0,71,,147328,37,,,0,31,,147307,37,,,0,71,,147320,37,,,0,31,,147301,37,,,0,71,,147330,37,,,0,26,,147329,37,,,0
900,'Sunday',613,,147354,37,,,0,34,,147331,37,,,0,68,,147339,37,,,0,31,,147346,37,,,0,71,,147361,37,,,0,31,,147355,37,,,0,71,,147332,37,,,0,31,,147341,37,,,0,71,,147347,37,,,0,31,,147362,37,,,0,71,,147356,37,,,0,31,,147334,37,,,0,71,,147340,37,,,0,31,,147348,37,,,0,71,,147365,37,,,0,31,,147357,37,,,0,71,,147335,37,,,0,71,,147342,37,,,0,31,,147349,37,,,0,71,,147363,37,,,0,31,,147358,37,,,0,71,,147333,37,,,0,31,,147343,37,,,0,71,,147350,37,,,0,31,,147364,37,,,0,71,,147360,37,,,0,31,,147336,37,,,0,71,,147344,37,,,0,31,,147352,37,,,0,71,,147353,37,,,0,31,,147359,37,,,0,71,,147337,37,,,0,31,,147345,37,,,0,71,,147351,37,,,0,26,,147338,37,,,0
900,'Weekday',506,,147374,37,,,0,22,,147387,37,,,0,22,,147400,37,,,0,62,,147366,37,,,0,22,,147382,37,,,0,24,,147392,37,,,0,64,,147407,37,,,0,16,,147414,37,,,0,62,,147375,37,,,0,11,,147419,37,,,0,11,,147388,37,,,0,22,,147399,37,,,0,62,,147367,37,,,0,20,,147383,37,,,0,21,,147394,37,,,0,62,,147408,37,,,0,22,,147415,37,,,0,22,,147376,37,,,0,62,,147389,37,,,0,22,,147401,37,,,0,63,,147369,37,,,0,22,,147384,37,,,0,22,,147393,37,,,0,62,,147409,37,,,0,22,,147416,37,,,0,22,,147377,37,,,0,62,,147390,37,,,0,24,,147402,37,,,0,22,,147368,37,,,0,63,,147385,37,,,0,24,,147395,37,,,0,62,,147410,37,,,0,11,,147422,37,,,0,11,,147417,37,,,0,11,,147420,37,,,0,10,,147378,37,,,0,50,,147421,37,,,0,11,,147391,37,,,0,22,,147403,37,,,0,22,,147370,37,,,0,62,,147386,37,,,0,22,,147396,37,,,0,20,,147411,37,,,0,58,,147418,37,,,0,27,,147379,37,,,0,70,,147405,37,,,0,30,,147371,37,,,0,70,,147397,37,,,0,30,,147412,37,,,0,69,,147380,37,,,0,30,,147404,37,,,0,70,,147372,37,,,0,30,,147398,37,,,0,70,,147413,37,,,0,30,,147381,37,,,0,70,,147406,37,,,0
4000,'Saturday',834,,151845,37,,,0,75,,151846,37,,,0,35,,151844,37,,,0,75,,151847,37,,,0,35,,151848,37,,,0,75,,151849,37,,,0,75,,151850,37,,,0,35,,151851,37,,,0,75,,151854,37,,,0,35,,151855,37,,,0,75,,151852,37,,,0,35,,151853,37,,,0,75,,151856,37,,,0,75,,151857,37,,,0,35,,151858,37,,,0,75,,151859,37,,,0,35,,151860,37,,,0,75,,151861,37,,,0,75,,151862,37,,,0
4000,'Sunday',834,,151863,37,,,0,75,,151864,37,,,0,35,,151866,37,,,0,75,,151867,37,,,0,35,,151868,37,,,0,75,,151865,37,,,0,75,,151869,37,,,0,35,,151870,37,,,0,75,,151871,37,,,0,35,,151872,37,,,0,75,,151873,37,,,0,35,,151875,37,,,0,75,,151876,37,,,0,75,,151877,37,,,0,35,,151874,37,,,0,75,,151878,37,,,0,35,,151879,37,,,0,75,,151880,37,,,0,75,,151881,37,,,0
4000,'Weekday',645,,151898,37,,,0,75,,151892,37,,,0,35,,151905,37,,,0,75,,151899,37,,,0,74,,151893,37,,,0,35,,151906,37,,,0,75,,151900,37,,,0,35,,151894,37,,,0,75,,151907,37,,,0,35,,151901,37,,,0,75,,151895,37,,,0,75,,151908,37,,,0,35,,151902,37,,,0,77,,151896,37,,,0,37,,151909,37,,,0,76,,151903,37,,,0,80,,151897,37,,,0,35,,151910,37,,,0,77,,151904,37,,,0,79,,151882,37,,,0,33,,151889,37,,,0,72,,151886,37,,,0,32,,151883,37,,,0,72,,151890,37,,,0,33,,151887,37,,,0,74,,151884,37,,,0,35,,151891,37,,,0,75,,151888,37,,,0,71,,151885,37,,,0
9001,'Saturday',636,,158055,27,,,0,72,,158065,27,,,0,32,,158075,27,,,0,72,,158056,27,,,0,32,,158066,27,,,0,72,,158076,27,,,0,32,,158058,27,,,0,72,,158068,27,,,0,32,,158077,27,,,0,72,,158059,27,,,0,32,,158067,27,,,0,74,,158078,27,,,0,72,,158060,27,,,0,32,,158069,27,,,0,72,,158079,27,,,0,32,,158057,27,,,0,72,,158070,27,,,0,32,,158080,27,,,0,72,,158061,27,,,0,32,,158071,27,,,0,72,,158081,27,,,0,32,,158062,27,,,0,69,,158074,27,,,0,31,,158082,27,,,0,72,,158064,27,,,0,32,,158073,27,,,0,72,,158083,27,,,0,32,,158063,27,,,0,72,,158072,27,,,0
9001,'Sunday',630,,158084,27,,,0,72,,158094,27,,,0,38,,158105,27,,,0,72,,158085,27,,,0,32,,158095,27,,,0,72,,158104,27,,,0,32,,158087,27,,,0,72,,158097,27,,,0,32,,158107,27,,,0,72,,158086,27,,,0,32,,158096,27,,,0,74,,158106,27,,,0,72,,158088,27,,,0,32,,158098,27,,,0,72,,158108,27,,,0,32,,158089,27,,,0,72,,158099,27,,,0,32,,158110,27,,,0,72,,158090,27,,,0,32,,158100,27,,,0,72,,158109,27,,,0,32,,158091,27,,,0,69,,158101,27,,,0,31,,158111,27,,,0,72,,158092,27,,,0,32,,158102,27,,,0,72,,158112,27,,,0,32,,158093,27,,,0,72,,158103,27,,,0
9001,'Weekday',633,,158113,27,,,0,76,,158123,27,,,0,30,,158132,27,,,0,70,,158141,27,,,0,30,,158114,27,,,0,70,,158122,27,,,0,29,,158133,27,,,0,70,,158142,27,,,0,30,,158116,27,,,0,70,,158124,27,,,0,30,,158134,27,,,0,70,,158143,27,,,0,30,,158115,27,,,0,70,,158125,27,,,0,30,,158135,27,,,0,70,,158144,27,,,0,30,,158118,27,,,0,71,,158126,27,,,0,30,,158136,27,,,0,70,,158145,27,,,0,30,,158117,27,,,0,70,,158127,27,,,0,30,,158137,27,,,0,70,,158146,27,,,0,29,,158119,27,,,0,62,,158128,27,,,0,30,,158138,27,,,0,70,,158147,27,,,0,15,,158120,27,,,0,30,,158129,27,,,0,70,,158139,27,,,0,30,,158148,27,,,0,10,,158121,27,,,0,70,,158130,27,,,0,30,,158140,27,,,0,70,,158149,27,,,0,75,,158131,27,,,0
10401,'Saturday',611,,160372,17,,,0,32,,160360,17,,,0,72,,160374,17,,,0,32,,160359,17,,,0,72,,160376,17,,,0,32,,160362,17,,,0,72,,160378,17,,,0,32,,160361,17,,,0,72,,160377,17,,,0,32,,160363,17,,,0,72,,160379,17,,,0,72,,160364,17,,,0,32,,160380,17,,,0,72,,160365,17,,,0,32,,160381,17,,,0,72,,160367,17,,,0,32,,160382,17,,,0,72,,160366,17,,,0,32,,160383,17,,,0,72,,160368,17,,,0,32,,160384,17,,,0,72,,160369,17,,,0,32,,160385,17,,,0,71,,160370,17,,,0,32,,160386,17,,,0,72,,160371,17,,,0,72,,160387,17,,,0,32,,160375,17,,,0,72,,160388,17,,,0,34,,160373,17,,,0
10401,'Sunday',611,,160403,17,,,0,32,,160389,17,,,0,72,,160406,17,,,0,32,,160390,17,,,0,72,,160405,17,,,0,32,,160392,17,,,0,72,,160407,17,,,0,32,,160391,17,,,0,72,,160408,17,,,0,32,,160393,17,,,0,72,,160409,17,,,0,72,,160394,17,,,0,32,,160410,17,,,0,72,,160395,17,,,0,32,,160411,17,,,0,72,,160396,17,,,0,32,,160412,17,,,0,72,,160397,17,,,0,32,,160413,17,,,0,72,,160398,17,,,0,32,,160414,17,,,0,72,,160399,17,,,0,32,,160415,17,,,0,71,,160400,17,,,0,32,,160417,17,,,0,72,,160401,17,,,0,72,,160416,17,,,0,32,,160402,17,,,0,72,,160418,17,,,0,34,,160404,17,,,0
10401,'Weekday',551,,160437,17,,,0,75,,160420,17,,,0,30,,160438,17,,,0,76,,160419,17,,,0,72,,160439,17,,,0,33,,160421,17,,,0,72,,160440,17,,,0,31,,160422,17,,,0,72,,160442,17,,,0,32,,160423,17,,,0,72,,160441,17,,,0,32,,160424,17,,,0,72,,160443,17,,,0,32,,160425,17,,,0,72,,160444,17,,,0,32,,160426,17,,,0,72,,160446,17,,,0,74,,160427,17,,,0,32,,160445,17,,,0,73,,160428,17,,,0,32,,160447,17,,,0,73,,160429,17,,,0,30,,160448,17,,,0,72,,160430,17,,,0,31,,160449,17,,,0,70,,160431,17,,,0,32,,160450,17,,,0,72,,160432,17,,,0,32,,160451,17,,,0,72,,160433,17,,,0,32,,160452,17,,,0,72,,160434,17,,,0,32,,160453,17,,,0,72,,160435,17,,,0,72,,160454,17,,,0,37,,160436,17,,,0
