5601,'Saturday',547,,60480,0,111,0,85,,60493,0,111,0,85,,60481,0,111,0,86,,60495,0,111,0,46,,60482,0,111,0,85,,60497,0,111,0,85,,60483,0,111,0,85,,60496,0,111,0,45,,60484,0,111,0,85,,60494,0,111,0,85,,60485,0,111,0,85,,60499,0,111,0,45,,60486,0,111,0,85,,60500,0,111,0,85,,60489,0,111,0,85,,60498,0,111,0,45,,60487,0,111,0,85,,60501,0,111,0,84,,60488,0,111,0,84,,60502,0,111,0,45,,60491,0,111,0,85,,60503,0,111,0,85,,60490,0,111,0,85,,60504,0,111,0,45,,60492,0,111,0
5601,'Sunday',547,,60505,0,111,0,85,,60519,0,111,0,85,,60506,0,111,0,86,,60520,0,111,0,46,,60507,0,111,0,85,,60521,0,111,0,85,,60508,0,111,0,85,,60518,0,111,0,45,,60509,0,111,0,85,,60522,0,111,0,85,,60511,0,111,0,85,,60523,0,111,0,45,,60510,0,111,0,85,,60524,0,111,0,85,,60512,0,111,0,85,,60525,0,111,0,45,,60513,0,111,0,85,,60527,0,111,0,84,,60514,0,111,0,84,,60526,0,111,0,45,,60515,0,111,0,85,,60528,0,111,0,85,,60516,0,111,0,85,,60529,0,111,0,45,,60517,0,111,0
5601,'Weekday',503,,60540,0,111,0,35,,60541,0,111,0,75,,60542,0,111,0,37,,60544,0,111,0,75,,60545,0,111,0,75,,60546,0,111,0,10,,60564,0,111,0,25,,60543,0,111,0,75,,60547,0,111,0,34,,60548,0,111,0,75,,60549,0,111,0,35,,60550,0,111,0,75,,60551,0,111,0,75,,60552,0,111,0,35,,60553,0,111,0,75,,60555,0,111,0,35,,60556,0,111,0,75,,60557,0,111,0,35,,60554,0,111,0,78,,60559,0,111,0,75,,60560,0,111,0,35,,60558,0,111,0,75,,60561,0,111,0,35,,60562,0,111,0,75,,60563,0,111,0,76,,60537,0,111,0,33,,60536,0,111,0,75,,60535,0,111,0,35,,60532,0,111,0,74,,60530,0,111,0,33,,60533,0,111,0,75,,60538,0,111,0,75,,60531,0,111,0,35,,60534,0,111,0,75,,60539,0,111,0
5601,'1CCSDCUT-Weekday',503,,60575,0,111,0,35,,60576,0,111,0,75,,60577,0,111,0,37,,60579,0,111,0,75,,60580,0,111,0,75,,60581,0,111,0,10,,60599,0,111,0,25,,60578,0,111,0,75,,60582,0,111,0,34,,60583,0,111,0,75,,60584,0,111,0,35,,60585,0,111,0,75,,60586,0,111,0,75,,60587,0,111,0,35,,60588,0,111,0,75,,60590,0,111,0,35,,60591,0,111,0,75,,60592,0,111,0,35,,60589,0,111,0,78,,60594,0,111,0,75,,60595,0,111,0,35,,60593,0,111,0,75,,60596,0,111,0,35,,60597,0,111,0,75,,60598,0,111,0,76,,60572,0,111,0,33,,60571,0,111,0,75,,60570,0,111,0,35,,60567,0,111,0,74,,60565,0,111,0,33,,60568,0,111,0,75,,60573,0,111,0,75,,60566,0,111,0,35,,60569,0,111,0,75,,60574,0,111,0
5601,'1PUBCUT-Weekday',503,,60610,0,111,0,35,,60611,0,111,0,75,,60612,0,111,0,37,,60614,0,111,0,75,,60615,0,111,0,75,,60616,0,111,0,10,,60634,0,111,0,25,,60613,0,111,0,75,,60617,0,111,0,34,,60618,0,111,0,75,,60619,0,111,0,35,,60620,0,111,0,75,,60621,0,111,0,75,,60622,0,111,0,35,,60623,0,111,0,75,,60625,0,111,0,35,,60626,0,111,0,75,,60627,0,111,0,35,,60624,0,111,0,78,,60629,0,111,0,75,,60630,0,111,0,35,,60628,0,111,0,75,,60631,0,111,0,35,,60632,0,111,0,75,,60633,0,111,0,76,,60607,0,111,0,33,,60606,0,111,0,75,,60605,0,111,0,35,,60602,0,111,0,74,,60600,0,111,0,33,,60603,0,111,0,75,,60608,0,111,0,75,,60601,0,111,0,35,,60604,0,111,0,75,,60609,0,111,0
76700,'Weekday0000100',1342,,88998,0,48 49 1 195,0
76700,'Weekday1111000',1547,,88999,0,48 49 1 195,0
76700,'1CCSDCUT-Weekday0000100',1342,,89000,0,48 49 1 195,0
76700,'1CCSDCUT-Weekday1111000',1547,,89001,0,48 49 1 195,0
76701,'Weekday',842,,89002,0,48 49 1 195,0
76701,'1CCSDCUT-Weekday',842,,89004,0,48 49 1 195,0
