101,'Saturday',629,,44757,,,0,25,,44769,,,0,73,,44746,,,0,28,,44763,,,0,67,,44776,,,0,25,,44781,,,0,65,,44758,,,0,25,,44771,,,0,67,,44751,,,0,26,,44744,,,0,25,,44764,,,0,65,,44778,,,0,25,,44784,,,0,65,,44759,,,0,25,,44770,,,0,65,,44753,,,0,25,,44745,,,0,25,,44765,,,0,66,,44777,,,0,25,,44783,,,0,66,,44760,,,0,25,,44772,,,0,25,,44754,,,0,65,,44747,,,0,25,,44766,,,0,65,,44779,,,0,25,,44785,,,0,65,,44761,,,0,25,,44773,,,0,25,,44752,,,0,65,,44749,,,0,24,,44767,,,0,63,,44780,,,0,23,,44786,,,0,24,,44762,,,0,65,,44774,,,0,25,,44756,,,0,65,,44750,,,0,24,,44768,,,0,24,,44782,,,0,68,,44787,,,0,30,,44775,,,0,65,,44755,,,0,35,,44748,,,0
101,'Sunday',629,,44800,,,0,25,,44813,,,0,73,,44788,,,0,27,,44807,,,0,68,,44820,,,0,25,,44825,,,0,65,,44801,,,0,25,,44812,,,0,68,,44794,,,0,25,,44789,,,0,25,,44805,,,0,65,,44818,,,0,25,,44826,,,0,65,,44802,,,0,25,,44814,,,0,65,,44795,,,0,25,,44791,,,0,25,,44808,,,0,66,,44822,,,0,25,,44827,,,0,66,,44803,,,0,25,,44815,,,0,25,,44796,,,0,65,,44790,,,0,25,,44809,,,0,65,,44821,,,0,25,,44829,,,0,65,,44804,,,0,25,,44816,,,0,25,,44797,,,0,65,,44792,,,0,24,,44810,,,0,63,,44823,,,0,24,,44828,,,0,23,,44806,,,0,65,,44817,,,0,25,,44798,,,0,65,,44793,,,0,24,,44811,,,0,23,,44824,,,0,69,,44830,,,0,30,,44819,,,0,65,,44799,,,0
101,'Weekday',539,,44833,,,0,18,,44837,,,0,57,,44841,,,0,16,,44845,,,0,20,,44849,,,0,59,,44832,,,0,18,,44835,,,0,17,,44840,,,0,56,,44844,,,0,16,,44848,,,0,15,,44853,,,0,15,,44834,,,0,56,,44838,,,0,15,,44842,,,0,16,,44846,,,0,16,,44850,,,0,59,,44857,,,0,22,,44858,,,0,20,,44859,,,0,59,,44860,,,0,20,,44861,,,0,19,,44862,,,0,59,,44863,,,0,19,,44864,,,0,19,,44865,,,0,59,,44866,,,0,19,,44867,,,0,19,,44868,,,0,59,,44869,,,0,19,,44870,,,0,22,,44871,,,0,62,,44872,,,0,20,,44873,,,0,19,,44875,,,0,59,,44876,,,0,19,,44877,,,0,19,,44874,,,0,16,,44878,,,0,55,,44879,,,0,15,,44880,,,0,13,,44881,,,0,13,,44856,,,0,54,,44854,,,0,15,,44836,,,0,15,,44839,,,0,16,,44843,,,0,56,,44847,,,0,16,,44851,,,0,16,,44852,,,0,61,,44882,,,0,21,,44883,,,0,21,,44884,,,0,60,,44885,,,0,21,,44886,,,0,20,,44887,,,0,60,,44888,,,0,20,,44889,,,0,21,,44890,,,0,61,,44891,,,0,21,,44892,,,0,21,,44893,,,0,61,,44894,,,0,21,,44895,,,0,21,,44896,,,0,61,,44897,,,0,21,,44898,,,0,21,,44855,,,0
101,'1CCSDCUT-Weekday',539,,44900,,,0,18,,44904,,,0,57,,44908,,,0,16,,44912,,,0,20,,44916,,,0,59,,44899,,,0,18,,44902,,,0,17,,44907,,,0,56,,44911,,,0,16,,44915,,,0,15,,44920,,,0,15,,44901,,,0,56,,44905,,,0,15,,44909,,,0,16,,44913,,,0,16,,44917,,,0,59,,44924,,,0,22,,44925,,,0,20,,44926,,,0,59,,44927,,,0,20,,44928,,,0,19,,44929,,,0,59,,44930,,,0,19,,44931,,,0,19,,44932,,,0,59,,44933,,,0,19,,44934,,,0,19,,44935,,,0,59,,44936,,,0,19,,44937,,,0,22,,44938,,,0,62,,44939,,,0,20,,44940,,,0,19,,44942,,,0,59,,44943,,,0,19,,44944,,,0,19,,44941,,,0,16,,44945,,,0,55,,44946,,,0,15,,44947,,,0,13,,44948,,,0,13,,44923,,,0,54,,44921,,,0,15,,44903,,,0,15,,44906,,,0,16,,44910,,,0,56,,44914,,,0,16,,44918,,,0,16,,44919,,,0,61,,44949,,,0,21,,44950,,,0,21,,44951,,,0,60,,44952,,,0,21,,44953,,,0,20,,44954,,,0,60,,44955,,,0,20,,44956,,,0,21,,44957,,,0,61,,44958,,,0,21,,44959,,,0,21,,44960,,,0,61,,44961,,,0,21,,44962,,,0,21,,44963,,,0,61,,44964,,,0,21,,44965,,,0,21,,44922,,,0
101,'1PUBCUT-Weekday',539,,44967,,,0,18,,44971,,,0,57,,44975,,,0,16,,44979,,,0,20,,44983,,,0,59,,44966,,,0,18,,44969,,,0,17,,44974,,,0,56,,44978,,,0,16,,44982,,,0,15,,44987,,,0,15,,44968,,,0,56,,44972,,,0,15,,44976,,,0,16,,44980,,,0,16,,44984,,,0,59,,44991,,,0,22,,44992,,,0,20,,44993,,,0,59,,44994,,,0,20,,44995,,,0,19,,44996,,,0,59,,44997,,,0,19,,44998,,,0,19,,44999,,,0,59,,45000,,,0,19,,45001,,,0,19,,45002,,,0,59,,45003,,,0,19,,45004,,,0,22,,45005,,,0,62,,45006,,,0,20,,45007,,,0,19,,45009,,,0,59,,45010,,,0,19,,45011,,,0,19,,45008,,,0,16,,45012,,,0,55,,45013,,,0,15,,45014,,,0,13,,45015,,,0,13,,44990,,,0,54,,44988,,,0,15,,44970,,,0,15,,44973,,,0,16,,44977,,,0,56,,44981,,,0,16,,44985,,,0,16,,44986,,,0,61,,45016,,,0,21,,45017,,,0,21,,45018,,,0,60,,45019,,,0,21,,45020,,,0,20,,45021,,,0,60,,45022,,,0,20,,45023,,,0,21,,45024,,,0,61,,45025,,,0,21,,45026,,,0,21,,45027,,,0,61,,45028,,,0,21,,45029,,,0,21,,45030,,,0,61,,45031,,,0,21,,45032,,,0,21,,44989,,,0
2600,'Saturday',614,,53538,,,0,45,,53548,,,0,85,,53540,,,0,85,,53549,,,0,87,,53539,,,0,85,,53550,,,0,45,,53541,,,0,85,,53551,,,0,85,,53542,,,0,85,,53552,,,0,45,,53543,,,0,85,,53553,,,0,85,,53544,,,0,85,,53554,,,0,45,,53545,,,0,85,,53555,,,0,85,,53546,,,0,85,,53556,,,0,44,,53547,,,0,85,,53557,,,0
2600,'Sunday',614,,53558,,,0,45,,53568,,,0,85,,53559,,,0,85,,53569,,,0,87,,53560,,,0,85,,53571,,,0,45,,53561,,,0,85,,53570,,,0,85,,53562,,,0,85,,53572,,,0,45,,53563,,,0,85,,53573,,,0,85,,53564,,,0,85,,53574,,,0,45,,53565,,,0,85,,53575,,,0,85,,53566,,,0,85,,53576,,,0,44,,53567,,,0,85,,53577,,,0
2600,'Weekday',536,,53578,,,0,72,,53579,,,0,32,,53580,,,0,73,,53581,,,0,33,,53582,,,0,72,,53583,,,0,32,,53584,,,0,68,,53585,,,0,26,,53587,,,0,70,,53588,,,0,30,,53589,,,0,70,,53586,,,0,30,,53590,,,0,70,,53591,,,0,30,,53592,,,0,70,,53593,,,0,30,,53594,,,0,70,,53596,,,0,30,,53597,,,0,71,,53598,,,0,32,,53595,,,0,74,,53599,,,0,32,,53600,,,0,72,,53601,,,0,32,,53602,,,0,70,,53604,,,0,28,,53605,,,0,70,,53606,,,0,30,,53607,,,0,70,,53609,,,0,30,,53611,,,0,68,,53610,,,0,30,,53608,,,0,70,,53603,,,0
2600,'Weekday0000100',1412,,53613,,,0,10,,53612,,,0
2600,'Weekday1111000',1550,,53615,,,0,52,,53614,,,0
2600,'1CCSDCUT-Weekday',536,,53616,,,0,72,,53617,,,0,32,,53618,,,0,73,,53619,,,0,33,,53620,,,0,72,,53621,,,0,32,,53622,,,0,68,,53623,,,0,26,,53625,,,0,70,,53626,,,0,30,,53627,,,0,70,,53624,,,0,30,,53628,,,0,70,,53629,,,0,30,,53630,,,0,70,,53631,,,0,30,,53632,,,0,70,,53634,,,0,30,,53635,,,0,71,,53636,,,0,32,,53633,,,0,74,,53637,,,0,32,,53638,,,0,72,,53639,,,0,32,,53640,,,0,70,,53642,,,0,28,,53643,,,0,70,,53644,,,0,30,,53645,,,0,70,,53647,,,0,30,,53649,,,0,68,,53648,,,0,30,,53646,,,0,70,,53641,,,0
2600,'1CCSDCUT-Weekday0000100',1412,,53651,,,0,10,,53650,,,0
2600,'1CCSDCUT-Weekday1111000',1550,,53653,,,0,52,,53652,,,0
2600,'1PUBCUT-Weekday',536,,53654,,,0,72,,53655,,,0,32,,53656,,,0,73,,53657,,,0,33,,53658,,,0,72,,53659,,,0,32,,53660,,,0,68,,53661,,,0,26,,53663,,,0,70,,53664,,,0,30,,53665,,,0,70,,53662,,,0,30,,53666,,,0,70,,53667,,,0,30,,53668,,,0,70,,53669,,,0,30,,53670,,,0,70,,53672,,,0,30,,53673,,,0,71,,53674,,,0,32,,53671,,,0,74,,53675,,,0,32,,53676,,,0,72,,53677,,,0,32,,53678,,,0,70,,53680,,,0,28,,53681,,,0,70,,53682,,,0,30,,53683,,,0,70,,53685,,,0,30,,53687,,,0,68,,53686,,,0,30,,53684,,,0,70,,53679,,,0
2600,'1PUBCUT-Weekday1111000',1550,,53689,,,0,52,,53688,,,0
4001,'Saturday',740,,56931,,,0,75,,56933,,,0,35,,56934,,,0,75,,56935,,,0,75,,56932,,,0,35,,56937,,,0,75,,56938,,,0,35,,56940,,,0,75,,56936,,,0,35,,56941,,,0,75,,56942,,,0,75,,56939,,,0,35,,56943,,,0,75,,56944,,,0,35,,56945,,,0,75,,56946,,,0,75,,56930,,,0,35,,56929,,,0,75,,56928,,,0,35,,56927,,,0
4001,'Sunday',740,,56951,,,0,75,,56952,,,0,35,,56953,,,0,75,,56954,,,0,75,,56956,,,0,35,,56957,,,0,75,,56949,,,0,35,,56958,,,0,75,,56955,,,0,35,,56959,,,0,75,,56960,,,0,75,,56961,,,0,35,,56962,,,0,75,,56963,,,0,35,,56964,,,0,75,,56965,,,0,75,,56966,,,0,35,,56948,,,0,75,,56947,,,0,35,,56950,,,0
4001,'Weekday',631,,56977,,,0,75,,56990,,,0,35,,56984,,,0,75,,56978,,,0,35,,56991,,,0,76,,56985,,,0,73,,56979,,,0,35,,56992,,,0,75,,56986,,,0,35,,56980,,,0,75,,56993,,,0,35,,56987,,,0,75,,56981,,,0,75,,56994,,,0,37,,56988,,,0,76,,56982,,,0,38,,56995,,,0,79,,56989,,,0,82,,56983,,,0,33,,56996,,,0,70,,56970,,,0,33,,56967,,,0,75,,56974,,,0,31,,56971,,,0,72,,56968,,,0,70,,56975,,,0,35,,56972,,,0,77,,56969,,,0,38,,56976,,,0,75,,56973,,,0
4001,'1CCSDCUT-Weekday',631,,57007,,,0,75,,57020,,,0,35,,57014,,,0,75,,57008,,,0,35,,57021,,,0,76,,57015,,,0,73,,57009,,,0,35,,57022,,,0,75,,57016,,,0,35,,57010,,,0,75,,57023,,,0,35,,57017,,,0,75,,57011,,,0,75,,57024,,,0,37,,57018,,,0,76,,57012,,,0,38,,57025,,,0,79,,57019,,,0,82,,57013,,,0,33,,57026,,,0,70,,57000,,,0,33,,56997,,,0,75,,57004,,,0,31,,57001,,,0,72,,56998,,,0,70,,57005,,,0,35,,57002,,,0,77,,56999,,,0,38,,57006,,,0,75,,57003,,,0
4001,'1PUBCUT-Weekday',631,,57037,,,0,75,,57050,,,0,35,,57044,,,0,75,,57038,,,0,35,,57051,,,0,76,,57045,,,0,73,,57039,,,0,35,,57052,,,0,75,,57046,,,0,35,,57040,,,0,75,,57053,,,0,35,,57047,,,0,75,,57041,,,0,75,,57054,,,0,37,,57048,,,0,76,,57042,,,0,38,,57055,,,0,79,,57049,,,0,82,,57043,,,0,33,,57056,,,0,70,,57030,,,0,33,,57027,,,0,75,,57034,,,0,31,,57031,,,0,72,,57028,,,0,70,,57035,,,0,35,,57032,,,0,77,,57029,,,0,38,,57036,,,0,75,,57033,,,0
