2800,'Saturday',554,,53967,,,0,70,,53973,,,0,30,,53965,,,0,70,,53981,,,0,30,,53971,,,0,70,,53979,,,0,30,,53964,,,0,70,,53986,,,0,30,,53966,,,0,70,,53983,,,0,30,,53968,,,0,70,,53982,,,0,30,,53969,,,0,70,,53984,,,0,30,,53970,,,0,70,,53985,,,0,30,,53955,,,0,70,,53974,,,0,30,,53956,,,0,70,,53978,,,0,30,,53957,,,0,70,,53972,,,0,30,,53958,,,0,70,,53977,,,0,30,,53959,,,0,70,,53975,,,0,30,,53960,,,0,70,,53976,,,0,30,,53961,,,0,70,,53980,,,0,30,,53962,,,0,70,,53987,,,0,32,,53963,,,0
2800,'Sunday',724,,53992,,,0,30,,54003,,,0,70,,53997,,,0,30,,54004,,,0,70,,53998,,,0,30,,54005,,,0,70,,53999,,,0,30,,54006,,,0,70,,53995,,,0,30,,54007,,,0,70,,53988,,,0,30,,54008,,,0,70,,53989,,,0,30,,54009,,,0,70,,53990,,,0,30,,54010,,,0,70,,53991,,,0,30,,54011,,,0,70,,53993,,,0,30,,54012,,,0,70,,53996,,,0,30,,54013,,,0,70,,53994,,,0,30,,54014,,,0,70,,54001,,,0,30,,54015,,,0,70,,54002,,,0,30,,54016,,,0,72,,54000,,,0,30,,54017,,,0
2800,'Weekday',522,,54019,,,0,32,,54020,,,0,78,,54021,,,0,70,,54037,,,0,30,,54022,,,0,70,,54038,,,0,30,,54023,,,0,70,,54040,,,0,30,,54024,,,0,70,,54039,,,0,30,,54025,,,0,70,,54041,,,0,30,,54027,,,0,70,,54042,,,0,30,,54026,,,0,70,,54044,,,0,30,,54028,,,0,70,,54043,,,0,30,,54029,,,0,70,,54046,,,0,30,,54030,,,0,70,,54047,,,0,30,,54031,,,0,70,,54045,,,0,30,,54032,,,0,70,,54048,,,0,30,,54033,,,0,25,,54049,,,0,68,,54018,,,0,29,,54051,,,0,70,,54034,,,0,30,,54052,,,0,70,,54035,,,0,30,,54053,,,0,70,,54036,,,0,30,,54050,,,0,70,,54055,,,0,30,,54054,,,0
2800,'1CCSDCUT-Weekday',522,,54057,,,0,32,,54058,,,0,78,,54059,,,0,70,,54075,,,0,30,,54060,,,0,70,,54076,,,0,30,,54061,,,0,70,,54078,,,0,30,,54062,,,0,70,,54077,,,0,30,,54063,,,0,70,,54079,,,0,30,,54065,,,0,70,,54080,,,0,30,,54064,,,0,70,,54082,,,0,30,,54066,,,0,70,,54081,,,0,30,,54067,,,0,70,,54084,,,0,30,,54068,,,0,70,,54085,,,0,30,,54069,,,0,70,,54083,,,0,30,,54070,,,0,70,,54086,,,0,30,,54071,,,0,25,,54087,,,0,68,,54056,,,0,29,,54089,,,0,70,,54072,,,0,30,,54090,,,0,70,,54073,,,0,30,,54091,,,0,70,,54074,,,0,30,,54088,,,0,70,,54093,,,0,30,,54092,,,0
2800,'1PUBCUT-Weekday',522,,54095,,,0,32,,54096,,,0,78,,54097,,,0,70,,54113,,,0,30,,54098,,,0,70,,54114,,,0,30,,54099,,,0,70,,54116,,,0,30,,54100,,,0,70,,54115,,,0,30,,54101,,,0,70,,54117,,,0,30,,54103,,,0,70,,54118,,,0,30,,54102,,,0,70,,54120,,,0,30,,54104,,,0,70,,54119,,,0,30,,54105,,,0,70,,54122,,,0,30,,54106,,,0,70,,54123,,,0,30,,54107,,,0,70,,54121,,,0,30,,54108,,,0,70,,54124,,,0,30,,54109,,,0,25,,54125,,,0,68,,54094,,,0,29,,54127,,,0,70,,54110,,,0,30,,54128,,,0,70,,54111,,,0,30,,54129,,,0,70,,54112,,,0,30,,54126,,,0,70,,54131,,,0,30,,54130,,,0
71300,'Weekday',826,,88704,0,29 160,0
71300,'1CCSDCUT-Weekday',826,,88705,0,29 160,0
71301,'Weekday0000100',1445,,88706,4,,0
71301,'Weekday1111000',1610,,88707,4,,0
71301,'1CCSDCUT-Weekday0000100',1445,,88708,4,,0
71301,'1CCSDCUT-Weekday1111000',1610,,88709,4,,0
