9801,'Saturday',602,,113351,13,,,0,35,,113352,13,,,0,75,,113354,13,,,0,35,,113353,13,,,0,75,,113356,13,,,0,35,,113357,13,,,0,75,,113355,13,,,0,75,,113358,13,,,0,35,,113359,13,,,0,75,,113360,13,,,0,35,,113361,13,,,0,75,,113362,13,,,0,75,,113363,13,,,0,35,,113364,13,,,0,75,,113365,13,,,0,35,,113366,13,,,0,75,,113367,13,,,0,35,,113368,13,,,0,75,,113369,13,,,0,75,,113370,13,,,0,35,,113371,13,,,0,75,,113372,13,,,0,35,,113374,13,,,0,75,,113373,13,,,0,75,,113375,13,,,0,35,,113376,13,,,0,75,,113378,13,,,0,35,,113377,13,,,0,75,,113380,13,,,0,35,,113379,13,,,0
9801,'Sunday',821,,113381,13,,,0,35,,113382,13,,,0,75,,113383,13,,,0,75,,113384,13,,,0,35,,113385,13,,,0,75,,113387,13,,,0,35,,113386,13,,,0,75,,113388,13,,,0,75,,113389,13,,,0,35,,113390,13,,,0,75,,113391,13,,,0,35,,113392,13,,,0,75,,113393,13,,,0,35,,113394,13,,,0,75,,113395,13,,,0,75,,113396,13,,,0,35,,113397,13,,,0,75,,113399,13,,,0,35,,113398,13,,,0,75,,113400,13,,,0,75,,113401,13,,,0,35,,113402,13,,,0,75,,113403,13,,,0,35,,113404,13,,,0,75,,113405,13,,,0,35,,113406,13,,,0
9801,'Weekday',445,,113408,13,,,0,73,,113409,13,,,0,33,,113426,13,,,0,75,,113410,13,,,0,33,,113427,13,,,0,73,,113411,13,,,0,73,,113428,13,,,0,33,,113412,13,,,0,71,,113429,13,,,0,33,,113413,13,,,0,73,,113430,13,,,0,33,,113414,13,,,0,73,,113431,13,,,0,33,,113415,13,,,0,73,,113432,13,,,0,73,,113416,13,,,0,33,,113433,13,,,0,73,,113417,13,,,0,33,,113434,13,,,0,75,,113418,13,,,0,34,,113435,13,,,0,57,,113407,13,,,0,16,,113419,13,,,0,33,,113436,13,,,0,73,,113420,13,,,0,32,,113437,13,,,0,72,,113421,13,,,0,72,,113438,13,,,0,33,,113422,13,,,0,73,,113439,13,,,0,33,,113423,13,,,0,73,,113440,13,,,0,33,,113424,13,,,0,73,,113441,13,,,0,33,,113425,13,,,0,73,,113442,13,,,0
9801,'STMPSa-Saturday',602,,113443,13,,,0,35,,113444,13,,,0,75,,113446,13,,,0,35,,113445,13,,,0,75,,113448,13,,,0,35,,113449,13,,,0,75,,113447,13,,,0,75,,113450,13,,,0,35,,113451,13,,,0,75,,113452,13,,,0,35,,113453,13,,,0,75,,113454,13,,,0,75,,113455,13,,,0,35,,113456,13,,,0,75,,113457,13,,,0,35,,113458,13,,,0,75,,113459,13,,,0,35,,113460,13,,,0,75,,113461,13,,,0,75,,113462,13,,,0,35,,113463,13,,,0,75,,113464,13,,,0,35,,113466,13,,,0,75,,113465,13,,,0,75,,113467,13,,,0,35,,113469,13,,,0,75,,113468,13,,,0,35,,113470,13,,,0,75,,113472,13,,,0,35,,113471,13,,,0
9801,'STMPSnea-Weekday',445,,113474,13,,,0,73,,113475,13,,,0,33,,113492,13,,,0,75,,113476,13,,,0,33,,113493,13,,,0,73,,113477,13,,,0,73,,113494,13,,,0,33,,113478,13,,,0,71,,113495,13,,,0,33,,113479,13,,,0,73,,113496,13,,,0,33,,113480,13,,,0,73,,113497,13,,,0,33,,113481,13,,,0,73,,113498,13,,,0,73,,113482,13,,,0,33,,113499,13,,,0,73,,113483,13,,,0,33,,113500,13,,,0,75,,113484,13,,,0,34,,113501,13,,,0,57,,113473,13,,,0,16,,113485,13,,,0,33,,113502,13,,,0,73,,113486,13,,,0,32,,113503,13,,,0,72,,113487,13,,,0,72,,113504,13,,,0,33,,113488,13,,,0,73,,113505,13,,,0,33,,113489,13,,,0,73,,113506,13,,,0,33,,113490,13,,,0,73,,113507,13,,,0,33,,113491,13,,,0,73,,113508,13,,,0
9801,'STMPSu1-Sunday',821,,113509,13,,,0,35,,113510,13,,,0,75,,113511,13,,,0,75,,113512,13,,,0,35,,113513,13,,,0,75,,113515,13,,,0,35,,113514,13,,,0,75,,113516,13,,,0,75,,113517,13,,,0,35,,113518,13,,,0,75,,113519,13,,,0,35,,113520,13,,,0,75,,113521,13,,,0,35,,113522,13,,,0,75,,113523,13,,,0,75,,113524,13,,,0,35,,113525,13,,,0,75,,113527,13,,,0,35,,113526,13,,,0,75,,113528,13,,,0,75,,113529,13,,,0,35,,113530,13,,,0,75,,113531,13,,,0,35,,113532,13,,,0,75,,113533,13,,,0,35,,113534,13,,,0
9801,'STMPSu2-Sunday',821,,113535,13,,,0,35,,113536,13,,,0,75,,113537,13,,,0,75,,113538,13,,,0,35,,113539,13,,,0,75,,113541,13,,,0,35,,113540,13,,,0,75,,113542,13,,,0,75,,113543,13,,,0,35,,113544,13,,,0,75,,113545,13,,,0,35,,113546,13,,,0,75,,113547,13,,,0,35,,113548,13,,,0,75,,113549,13,,,0,75,,113550,13,,,0,35,,113551,13,,,0,75,,113553,13,,,0,35,,113552,13,,,0,75,,113554,13,,,0,75,,113555,13,,,0,35,,113556,13,,,0,75,,113557,13,,,0,35,,113558,13,,,0,75,,113559,13,,,0,35,,113560,13,,,0
9801,'STMPWeek-Weekday',445,,113562,13,,,0,73,,113563,13,,,0,33,,113580,13,,,0,75,,113564,13,,,0,33,,113581,13,,,0,73,,113565,13,,,0,73,,113582,13,,,0,33,,113566,13,,,0,71,,113583,13,,,0,33,,113567,13,,,0,73,,113584,13,,,0,33,,113568,13,,,0,73,,113585,13,,,0,33,,113569,13,,,0,73,,113586,13,,,0,73,,113570,13,,,0,33,,113587,13,,,0,73,,113571,13,,,0,33,,113588,13,,,0,75,,113572,13,,,0,34,,113589,13,,,0,57,,113561,13,,,0,16,,113573,13,,,0,33,,113590,13,,,0,73,,113574,13,,,0,32,,113591,13,,,0,72,,113575,13,,,0,72,,113592,13,,,0,33,,113576,13,,,0,73,,113593,13,,,0,33,,113577,13,,,0,73,,113594,13,,,0,33,,113578,13,,,0,73,,113595,13,,,0,33,,113579,13,,,0,73,,113596,13,,,0
9801,'STMPar-Weekday',445,,113598,13,,,0,73,,113599,13,,,0,33,,113616,13,,,0,75,,113600,13,,,0,33,,113617,13,,,0,73,,113601,13,,,0,73,,113618,13,,,0,33,,113602,13,,,0,71,,113619,13,,,0,33,,113603,13,,,0,73,,113620,13,,,0,33,,113604,13,,,0,73,,113621,13,,,0,33,,113605,13,,,0,73,,113622,13,,,0,73,,113606,13,,,0,33,,113623,13,,,0,73,,113607,13,,,0,33,,113624,13,,,0,75,,113608,13,,,0,34,,113625,13,,,0,57,,113597,13,,,0,16,,113609,13,,,0,33,,113626,13,,,0,73,,113610,13,,,0,32,,113627,13,,,0,72,,113611,13,,,0,72,,113628,13,,,0,33,,113612,13,,,0,73,,113629,13,,,0,33,,113613,13,,,0,73,,113630,13,,,0,33,,113614,13,,,0,73,,113631,13,,,0,33,,113615,13,,,0,73,,113632,13,,,0
11100,'Saturday',620,,117643,1,,,0,85,,117645,1,,,0,45,,117644,1,,,0,85,,117646,1,,,0,85,,117642,1,,,0,85,,117647,1,,,0,45,,117648,1,,,0,85,,117650,1,,,0,85,,117649,1,,,0,85,,117651,1,,,0,45,,117652,1,,,0,85,,117653,1,,,0,85,,117656,1,,,0,85,,117654,1,,,0,45,,117657,1,,,0,85,,117655,1,,,0,85,,117658,1,,,0,85,,117660,1,,,0,45,,117659,1,,,0,85,,117661,1,,,0,85,,117662,1,,,0
11100,'Sunday',620,,117663,1,,,0,85,,117667,1,,,0,45,,117669,1,,,0,85,,117665,1,,,0,85,,117666,1,,,0,85,,117671,1,,,0,45,,117672,1,,,0,85,,117668,1,,,0,85,,117670,1,,,0,85,,117673,1,,,0,45,,117675,1,,,0,85,,117676,1,,,0,85,,117677,1,,,0,85,,117674,1,,,0,45,,117678,1,,,0,85,,117680,1,,,0,85,,117682,1,,,0,85,,117679,1,,,0,45,,117683,1,,,0,85,,117681,1,,,0,85,,117664,1,,,0
11100,'Weekday',545,,117684,1,,,0,70,,117692,1,,,0,30,,117686,1,,,0,70,,117693,1,,,0,30,,117685,1,,,0,70,,117694,1,,,0,30,,117712,1,,,0,70,,117695,1,,,0,30,,117713,1,,,0,70,,117696,1,,,0,30,,117714,1,,,0,70,,117697,1,,,0,30,,117715,1,,,0,70,,117698,1,,,0,30,,117716,1,,,0,70,,117699,1,,,0,30,,117717,1,,,0,70,,117700,1,,,0,30,,117687,1,,,0,70,,117701,1,,,0,30,,117688,1,,,0,70,,117702,1,,,0,15,,117711,1,,,0,15,,117689,1,,,0,70,,117704,1,,,0,30,,117690,1,,,0,70,,117703,1,,,0,30,,117691,1,,,0,70,,117705,1,,,0,90,,117706,1,,,0,50,,117708,1,,,0,90,,117707,1,,,0,90,,117709,1,,,0,90,,117710,1,,,0
11100,'STMPSa-Saturday',620,,117719,1,,,0,85,,117721,1,,,0,45,,117720,1,,,0,85,,117722,1,,,0,85,,117718,1,,,0,85,,117723,1,,,0,45,,117724,1,,,0,85,,117726,1,,,0,85,,117725,1,,,0,85,,117727,1,,,0,45,,117728,1,,,0,85,,117729,1,,,0,85,,117732,1,,,0,85,,117730,1,,,0,45,,117733,1,,,0,85,,117731,1,,,0,85,,117734,1,,,0,85,,117736,1,,,0,45,,117735,1,,,0,85,,117737,1,,,0,85,,117738,1,,,0
11100,'STMPSnea-Weekday',545,,117739,1,,,0,70,,117747,1,,,0,30,,117741,1,,,0,70,,117748,1,,,0,30,,117740,1,,,0,70,,117749,1,,,0,30,,117767,1,,,0,70,,117750,1,,,0,30,,117768,1,,,0,70,,117751,1,,,0,30,,117769,1,,,0,70,,117752,1,,,0,30,,117770,1,,,0,70,,117753,1,,,0,30,,117771,1,,,0,70,,117754,1,,,0,30,,117772,1,,,0,70,,117755,1,,,0,30,,117742,1,,,0,70,,117756,1,,,0,30,,117743,1,,,0,70,,117757,1,,,0,15,,117766,1,,,0,15,,117744,1,,,0,70,,117759,1,,,0,30,,117745,1,,,0,70,,117758,1,,,0,30,,117746,1,,,0,70,,117760,1,,,0,90,,117761,1,,,0,50,,117763,1,,,0,90,,117762,1,,,0,90,,117764,1,,,0,90,,117765,1,,,0
11100,'STMPSu1-Sunday',620,,117773,1,,,0,85,,117777,1,,,0,45,,117779,1,,,0,85,,117775,1,,,0,85,,117776,1,,,0,85,,117781,1,,,0,45,,117782,1,,,0,85,,117778,1,,,0,85,,117780,1,,,0,85,,117783,1,,,0,45,,117785,1,,,0,85,,117786,1,,,0,85,,117787,1,,,0,85,,117784,1,,,0,45,,117788,1,,,0,85,,117790,1,,,0,85,,117792,1,,,0,85,,117789,1,,,0,45,,117793,1,,,0,85,,117791,1,,,0,85,,117774,1,,,0
11100,'STMPSu2-Sunday',620,,117794,1,,,0,85,,117798,1,,,0,45,,117800,1,,,0,85,,117796,1,,,0,85,,117797,1,,,0,85,,117802,1,,,0,45,,117803,1,,,0,85,,117799,1,,,0,85,,117801,1,,,0,85,,117804,1,,,0,45,,117806,1,,,0,85,,117807,1,,,0,85,,117808,1,,,0,85,,117805,1,,,0,45,,117809,1,,,0,85,,117811,1,,,0,85,,117813,1,,,0,85,,117810,1,,,0,45,,117814,1,,,0,85,,117812,1,,,0,85,,117795,1,,,0
11100,'STMPWeek-Weekday',545,,117815,1,,,0,70,,117823,1,,,0,30,,117817,1,,,0,70,,117824,1,,,0,30,,117816,1,,,0,70,,117825,1,,,0,30,,117843,1,,,0,70,,117826,1,,,0,30,,117844,1,,,0,70,,117827,1,,,0,30,,117845,1,,,0,70,,117828,1,,,0,30,,117846,1,,,0,70,,117829,1,,,0,30,,117847,1,,,0,70,,117830,1,,,0,30,,117848,1,,,0,70,,117831,1,,,0,30,,117818,1,,,0,70,,117832,1,,,0,30,,117819,1,,,0,70,,117833,1,,,0,15,,117842,1,,,0,15,,117820,1,,,0,70,,117835,1,,,0,30,,117821,1,,,0,70,,117834,1,,,0,30,,117822,1,,,0,70,,117836,1,,,0,90,,117837,1,,,0,50,,117839,1,,,0,90,,117838,1,,,0,90,,117840,1,,,0,90,,117841,1,,,0
11100,'STMPar-Weekday',545,,117849,1,,,0,70,,117857,1,,,0,30,,117851,1,,,0,70,,117858,1,,,0,30,,117850,1,,,0,70,,117859,1,,,0,30,,117877,1,,,0,70,,117860,1,,,0,30,,117878,1,,,0,70,,117861,1,,,0,30,,117879,1,,,0,70,,117862,1,,,0,30,,117880,1,,,0,70,,117863,1,,,0,30,,117881,1,,,0,70,,117864,1,,,0,30,,117882,1,,,0,70,,117865,1,,,0,30,,117852,1,,,0,70,,117866,1,,,0,30,,117853,1,,,0,70,,117867,1,,,0,15,,117876,1,,,0,15,,117854,1,,,0,70,,117869,1,,,0,30,,117855,1,,,0,70,,117868,1,,,0,30,,117856,1,,,0,70,,117870,1,,,0,90,,117871,1,,,0,50,,117873,1,,,0,90,,117872,1,,,0,90,,117874,1,,,0,90,,117875,1,,,0
11101,'Saturday',705,,117883,17,4,,0,45,,117886,17,4,,0,85,,117885,17,4,,0,85,,117884,17,4,,0,85,,117887,17,4,,0,45,,117888,17,4,,0,85,,117892,17,4,,0,85,,117889,17,4,,0,85,,117890,17,4,,0,45,,117891,17,4,,0,85,,117893,17,4,,0,85,,117896,17,4,,0,85,,117894,17,4,,0,45,,117897,17,4,,0,85,,117895,17,4,,0,85,,117898,17,4,,0,85,,117900,17,4,,0,45,,117899,17,4,,0,85,,117902,17,4,,0,85,,117901,17,4,,0
11101,'Sunday',705,,117903,17,4,,0,45,,117908,17,4,,0,85,,117910,17,4,,0,85,,117911,17,4,,0,85,,117913,17,4,,0,45,,117909,17,4,,0,85,,117907,17,4,,0,85,,117914,17,4,,0,85,,117912,17,4,,0,45,,117915,17,4,,0,85,,117917,17,4,,0,85,,117918,17,4,,0,85,,117919,17,4,,0,45,,117916,17,4,,0,85,,117920,17,4,,0,85,,117921,17,4,,0,85,,117922,17,4,,0,45,,117905,17,4,,0,85,,117906,17,4,,0,85,,117904,17,4,,0
11101,'Weekday',613,,117930,17,4,,0,32,,117924,17,4,,0,70,,117931,17,4,,0,30,,117923,17,4,,0,70,,117932,17,4,,0,30,,117950,17,4,,0,66,,117933,17,4,,0,27,,117951,17,4,,0,70,,117934,17,4,,0,30,,117952,17,4,,0,70,,117935,17,4,,0,30,,117953,17,4,,0,70,,117937,17,4,,0,30,,117954,17,4,,0,70,,117936,17,4,,0,30,,117955,17,4,,0,70,,117938,17,4,,0,30,,117925,17,4,,0,72,,117939,17,4,,0,35,,117927,17,4,,0,70,,117940,17,4,,0,15,,117949,17,4,,0,15,,117926,17,4,,0,70,,117941,17,4,,0,30,,117928,17,4,,0,70,,117942,17,4,,0,26,,117929,17,4,,0,67,,117943,17,4,,0,92,,117945,17,4,,0,50,,117944,17,4,,0,90,,117946,17,4,,0,90,,117947,17,4,,0,90,,117948,17,4,,0
11101,'STMPSa-Saturday',705,,117956,17,4,,0,45,,117959,17,4,,0,85,,117958,17,4,,0,85,,117957,17,4,,0,85,,117960,17,4,,0,45,,117961,17,4,,0,85,,117965,17,4,,0,85,,117962,17,4,,0,85,,117963,17,4,,0,45,,117964,17,4,,0,85,,117966,17,4,,0,85,,117969,17,4,,0,85,,117967,17,4,,0,45,,117970,17,4,,0,85,,117968,17,4,,0,85,,117971,17,4,,0,85,,117973,17,4,,0,45,,117972,17,4,,0,85,,117975,17,4,,0,85,,117974,17,4,,0
11101,'STMPSnea-Weekday',613,,117983,17,4,,0,32,,117977,17,4,,0,70,,117984,17,4,,0,30,,117976,17,4,,0,70,,117985,17,4,,0,30,,118003,17,4,,0,66,,117986,17,4,,0,27,,118004,17,4,,0,70,,117987,17,4,,0,30,,118005,17,4,,0,70,,117988,17,4,,0,30,,118006,17,4,,0,70,,117990,17,4,,0,30,,118007,17,4,,0,70,,117989,17,4,,0,30,,118008,17,4,,0,70,,117991,17,4,,0,30,,117978,17,4,,0,72,,117992,17,4,,0,35,,117980,17,4,,0,70,,117993,17,4,,0,15,,118002,17,4,,0,15,,117979,17,4,,0,70,,117994,17,4,,0,30,,117981,17,4,,0,70,,117995,17,4,,0,26,,117982,17,4,,0,67,,117996,17,4,,0,92,,117998,17,4,,0,50,,117997,17,4,,0,90,,117999,17,4,,0,90,,118000,17,4,,0,90,,118001,17,4,,0
11101,'STMPSu1-Sunday',705,,118009,17,4,,0,45,,118014,17,4,,0,85,,118016,17,4,,0,85,,118017,17,4,,0,85,,118019,17,4,,0,45,,118015,17,4,,0,85,,118013,17,4,,0,85,,118020,17,4,,0,85,,118018,17,4,,0,45,,118021,17,4,,0,85,,118023,17,4,,0,85,,118024,17,4,,0,85,,118025,17,4,,0,45,,118022,17,4,,0,85,,118026,17,4,,0,85,,118027,17,4,,0,85,,118028,17,4,,0,45,,118011,17,4,,0,85,,118012,17,4,,0,85,,118010,17,4,,0
11101,'STMPSu2-Sunday',705,,118029,17,4,,0,45,,118034,17,4,,0,85,,118036,17,4,,0,85,,118037,17,4,,0,85,,118039,17,4,,0,45,,118035,17,4,,0,85,,118033,17,4,,0,85,,118040,17,4,,0,85,,118038,17,4,,0,45,,118041,17,4,,0,85,,118043,17,4,,0,85,,118044,17,4,,0,85,,118045,17,4,,0,45,,118042,17,4,,0,85,,118046,17,4,,0,85,,118047,17,4,,0,85,,118048,17,4,,0,45,,118031,17,4,,0,85,,118032,17,4,,0,85,,118030,17,4,,0
11101,'STMPWeek-Weekday',613,,118056,17,4,,0,32,,118050,17,4,,0,70,,118057,17,4,,0,30,,118049,17,4,,0,70,,118058,17,4,,0,30,,118076,17,4,,0,66,,118059,17,4,,0,27,,118077,17,4,,0,70,,118060,17,4,,0,30,,118078,17,4,,0,70,,118061,17,4,,0,30,,118079,17,4,,0,70,,118063,17,4,,0,30,,118080,17,4,,0,70,,118062,17,4,,0,30,,118081,17,4,,0,70,,118064,17,4,,0,30,,118051,17,4,,0,72,,118065,17,4,,0,35,,118053,17,4,,0,70,,118066,17,4,,0,15,,118075,17,4,,0,15,,118052,17,4,,0,70,,118067,17,4,,0,30,,118054,17,4,,0,70,,118068,17,4,,0,26,,118055,17,4,,0,67,,118069,17,4,,0,92,,118071,17,4,,0,50,,118070,17,4,,0,90,,118072,17,4,,0,90,,118073,17,4,,0,90,,118074,17,4,,0
11101,'STMPar-Weekday',613,,118089,17,4,,0,32,,118083,17,4,,0,70,,118090,17,4,,0,30,,118082,17,4,,0,70,,118091,17,4,,0,30,,118109,17,4,,0,66,,118092,17,4,,0,27,,118110,17,4,,0,70,,118093,17,4,,0,30,,118111,17,4,,0,70,,118094,17,4,,0,30,,118112,17,4,,0,70,,118096,17,4,,0,30,,118113,17,4,,0,70,,118095,17,4,,0,30,,118114,17,4,,0,70,,118097,17,4,,0,30,,118084,17,4,,0,72,,118099,17,4,,0,35,,118086,17,4,,0,70,,118098,17,4,,0,15,,118108,17,4,,0,15,,118085,17,4,,0,70,,118100,17,4,,0,30,,118087,17,4,,0,70,,118101,17,4,,0,26,,118088,17,4,,0,67,,118102,17,4,,0,92,,118104,17,4,,0,50,,118103,17,4,,0,90,,118106,17,4,,0,90,,118105,17,4,,0,90,,118107,17,4,,0
