8201,'Saturday',543,,66430,,,0,70,,66431,,,0,30,,66424,,,0,70,,66403,,,0,30,,66404,,,0,70,,66405,,,0,30,,66409,,,0,70,,66410,,,0,30,,66406,,,0,70,,66407,,,0,30,,66423,,,0,70,,66427,,,0,30,,66408,,,0,70,,66425,,,0,30,,66428,,,0,70,,66411,,,0,30,,66421,,,0,70,,66416,,,0,30,,66412,,,0,70,,66422,,,0,30,,66429,,,0,70,,66413,,,0,30,,66420,,,0,70,,66426,,,0,30,,66414,,,0,70,,66419,,,0,30,,66417,,,0,70,,66415,,,0,30,,66418,,,0,70,,66432,,,0,30,,66433,,,0,70,,66434,,,0,30,,66435,,,0,70,,66436,,,0,30,,66437,,,0,70,,66438,,,0,30,,66439,,,0
8201,'Sunday',543,,66440,,,0,70,,66453,,,0,30,,66465,,,0,70,,66441,,,0,30,,66454,,,0,70,,66466,,,0,30,,66442,,,0,70,,66455,,,0,30,,66467,,,0,70,,66443,,,0,30,,66456,,,0,70,,66468,,,0,30,,66444,,,0,70,,66457,,,0,30,,66469,,,0,70,,66445,,,0,30,,66458,,,0,70,,66470,,,0,30,,66447,,,0,70,,66460,,,0,30,,66471,,,0,70,,66446,,,0,30,,66459,,,0,70,,66472,,,0,30,,66448,,,0,70,,66461,,,0,30,,66475,,,0,70,,66450,,,0,30,,66462,,,0,70,,66476,,,0,30,,66449,,,0,70,,66463,,,0,30,,66473,,,0,70,,66451,,,0,30,,66464,,,0,70,,66474,,,0,30,,66452,,,0
8201,'Weekday',536,,66480,,,0,73,,66491,,,0,33,,66502,,,0,16,,66513,,,0,57,,66481,,,0,16,,66512,,,0,17,,66492,,,0,56,,66479,,,0,17,,66503,,,0,16,,66514,,,0,17,,66482,,,0,72,,66493,,,0,33,,66504,,,0,73,,66483,,,0,73,,66494,,,0,33,,66505,,,0,73,,66484,,,0,33,,66495,,,0,73,,66506,,,0,33,,66485,,,0,73,,66496,,,0,33,,66507,,,0,73,,66486,,,0,73,,66497,,,0,16,,66477,,,0,17,,66508,,,0,73,,66487,,,0,16,,66478,,,0,17,,66498,,,0,16,,66501,,,0,57,,66509,,,0,33,,66488,,,0,73,,66499,,,0,33,,66510,,,0,73,,66489,,,0,33,,66500,,,0,73,,66511,,,0,73,,66490,,,0,33,,66515,,,0,73,,66516,,,0,33,,66517,,,0,73,,66518,,,0
8201,'1CCSDCUT-Weekday',536,,66522,,,0,73,,66533,,,0,33,,66544,,,0,16,,66555,,,0,57,,66523,,,0,16,,66554,,,0,17,,66534,,,0,56,,66521,,,0,17,,66545,,,0,16,,66556,,,0,17,,66524,,,0,72,,66535,,,0,33,,66546,,,0,73,,66525,,,0,73,,66536,,,0,33,,66547,,,0,73,,66526,,,0,33,,66537,,,0,73,,66548,,,0,33,,66527,,,0,73,,66538,,,0,33,,66549,,,0,73,,66528,,,0,73,,66539,,,0,16,,66519,,,0,17,,66550,,,0,73,,66529,,,0,16,,66520,,,0,17,,66540,,,0,16,,66543,,,0,57,,66551,,,0,33,,66530,,,0,73,,66541,,,0,33,,66552,,,0,73,,66531,,,0,33,,66542,,,0,73,,66553,,,0,73,,66532,,,0,33,,66557,,,0,73,,66558,,,0,33,,66559,,,0,73,,66560,,,0
8201,'1PUBCUT-Weekday',536,,66564,,,0,73,,66575,,,0,33,,66586,,,0,16,,66597,,,0,57,,66565,,,0,16,,66596,,,0,17,,66576,,,0,56,,66563,,,0,17,,66587,,,0,16,,66598,,,0,17,,66566,,,0,72,,66577,,,0,33,,66588,,,0,73,,66567,,,0,73,,66578,,,0,33,,66589,,,0,73,,66568,,,0,33,,66579,,,0,73,,66590,,,0,33,,66569,,,0,73,,66580,,,0,33,,66591,,,0,73,,66570,,,0,73,,66581,,,0,16,,66561,,,0,17,,66592,,,0,73,,66571,,,0,16,,66562,,,0,17,,66582,,,0,16,,66585,,,0,57,,66593,,,0,33,,66572,,,0,73,,66583,,,0,33,,66594,,,0,73,,66573,,,0,33,,66584,,,0,73,,66595,,,0,73,,66574,,,0,33,,66599,,,0,73,,66600,,,0,33,,66601,,,0,73,,66602,,,0
11500,'Saturday',627,,73983,,,0,78,,74003,,,0,38,,73984,,,0,78,,73985,,,0,38,,73986,,,0,78,,73987,,,0,78,,73988,,,0,38,,73989,,,0,78,,73990,,,0,78,,73991,,,0,38,,73992,,,0,78,,73993,,,0,78,,73994,,,0,38,,73995,,,0,78,,73996,,,0,38,,73997,,,0,78,,73998,,,0,78,,74000,,,0,38,,74001,,,0,78,,74002,,,0,77,,73999,,,0,37,,74004,,,0,78,,74006,,,0,38,,74005,,,0,78,,74007,,,0,78,,74010,,,0,38,,74009,,,0,78,,74008,,,0
11500,'Sunday',627,,74011,,,0,78,,74012,,,0,38,,74013,,,0,78,,74014,,,0,38,,74015,,,0,78,,74016,,,0,78,,74017,,,0,38,,74018,,,0,78,,74019,,,0,78,,74020,,,0,38,,74021,,,0,78,,74022,,,0,78,,74023,,,0,38,,74024,,,0,78,,74025,,,0,38,,74026,,,0,78,,74027,,,0,78,,74029,,,0,38,,74030,,,0,78,,74031,,,0,77,,74028,,,0,37,,74032,,,0,78,,74034,,,0,38,,74033,,,0,78,,74035,,,0,78,,74038,,,0,38,,74037,,,0,78,,74036,,,0
11500,'Weekday',444,,74073,,,0,74,,74039,,,0,5,,74074,,,0,27,,74040,,,0,73,,74050,,,0,32,,74042,,,0,52,,74075,,,0,15,,74076,,,0,5,,74043,,,0,32,,74045,,,0,72,,74051,,,0,72,,74046,,,0,31,,74044,,,0,72,,74047,,,0,32,,74052,,,0,72,,74048,,,0,32,,74049,,,0,72,,74053,,,0,32,,74054,,,0,72,,74055,,,0,32,,74056,,,0,72,,74059,,,0,33,,74064,,,0,72,,74057,,,0,32,,74065,,,0,72,,74058,,,0,72,,74060,,,0,32,,74061,,,0,72,,74062,,,0,32,,74063,,,0,72,,74066,,,0,31,,74067,,,0,72,,74072,,,0,32,,74069,,,0,72,,74070,,,0,32,,74068,,,0,72,,74071,,,0,32,,74041,,,0
11500,'1CCSDCUT-Weekday',444,,74111,,,0,74,,74077,,,0,5,,74112,,,0,27,,74078,,,0,73,,74088,,,0,32,,74080,,,0,52,,74113,,,0,15,,74114,,,0,5,,74081,,,0,32,,74083,,,0,72,,74089,,,0,72,,74084,,,0,31,,74082,,,0,72,,74085,,,0,32,,74090,,,0,72,,74086,,,0,32,,74087,,,0,72,,74091,,,0,32,,74092,,,0,72,,74093,,,0,32,,74094,,,0,72,,74097,,,0,33,,74102,,,0,72,,74095,,,0,32,,74103,,,0,72,,74096,,,0,72,,74098,,,0,32,,74099,,,0,72,,74100,,,0,32,,74101,,,0,72,,74104,,,0,31,,74105,,,0,72,,74110,,,0,32,,74107,,,0,72,,74108,,,0,32,,74106,,,0,72,,74109,,,0,32,,74079,,,0
11500,'1PUBCUT-Weekday',444,,74149,,,0,74,,74115,,,0,5,,74150,,,0,27,,74116,,,0,73,,74126,,,0,32,,74118,,,0,52,,74151,,,0,15,,74152,,,0,5,,74119,,,0,32,,74121,,,0,72,,74127,,,0,72,,74122,,,0,31,,74120,,,0,72,,74123,,,0,32,,74128,,,0,72,,74124,,,0,32,,74125,,,0,72,,74129,,,0,32,,74130,,,0,72,,74131,,,0,32,,74132,,,0,72,,74135,,,0,33,,74140,,,0,72,,74133,,,0,32,,74141,,,0,72,,74134,,,0,72,,74136,,,0,32,,74137,,,0,72,,74138,,,0,32,,74139,,,0,72,,74142,,,0,31,,74143,,,0,72,,74148,,,0,32,,74145,,,0,72,,74146,,,0,32,,74144,,,0,72,,74147,,,0,32,,74117,,,0
12900,'Saturday',716,,76863,,,0,40,,76880,,,0,80,,76872,,,0,80,,76864,,,0,40,,76881,,,0,80,,76873,,,0,80,,76865,,,0,40,,76882,,,0,81,,76874,,,0,80,,76866,,,0,40,,76883,,,0,80,,76875,,,0,80,,76868,,,0,40,,76885,,,0,80,,76876,,,0,80,,76867,,,0,40,,76884,,,0,79,,76877,,,0,80,,76869,,,0,40,,76886,,,0,83,,76878,,,0,77,,76870,,,0,40,,76887,,,0,80,,76879,,,0,80,,76871,,,0,43,,76888,,,0
12900,'Sunday',716,,76889,,,0,40,,76906,,,0,80,,76898,,,0,80,,76890,,,0,40,,76908,,,0,80,,76899,,,0,80,,76891,,,0,40,,76907,,,0,81,,76900,,,0,80,,76892,,,0,40,,76909,,,0,80,,76901,,,0,80,,76893,,,0,40,,76911,,,0,80,,76902,,,0,80,,76894,,,0,40,,76910,,,0,79,,76903,,,0,80,,76895,,,0,40,,76912,,,0,83,,76904,,,0,77,,76896,,,0,40,,76913,,,0,80,,76905,,,0,80,,76897,,,0,43,,76914,,,0
12900,'Weekday',606,,76922,,,0,27,,76916,,,0,71,,76934,,,0,30,,76940,,,0,70,,76923,,,0,30,,76917,,,0,70,,76935,,,0,30,,76941,,,0,70,,76924,,,0,30,,76918,,,0,70,,76936,,,0,30,,76942,,,0,70,,76925,,,0,30,,76919,,,0,70,,76937,,,0,30,,76943,,,0,70,,76926,,,0,33,,76920,,,0,4,,76952,,,0,63,,76938,,,0,26,,76944,,,0,74,,76927,,,0,18,,76951,,,0,15,,76921,,,0,70,,76939,,,0,27,,76945,,,0,70,,76928,,,0,30,,76946,,,0,70,,76929,,,0,30,,76947,,,0,70,,76915,,,0,30,,76948,,,0,68,,76930,,,0,30,,76949,,,0,70,,76931,,,0,30,,76950,,,0,70,,76932,,,0,100,,76933,,,0
12900,'Weekday1111000',1451,,76953,,,0
12900,'1CCSDCUT-Weekday',606,,76961,,,0,27,,76955,,,0,71,,76973,,,0,30,,76979,,,0,70,,76962,,,0,30,,76956,,,0,70,,76974,,,0,30,,76980,,,0,70,,76963,,,0,30,,76957,,,0,70,,76975,,,0,30,,76981,,,0,70,,76964,,,0,30,,76958,,,0,70,,76976,,,0,30,,76982,,,0,70,,76965,,,0,33,,76959,,,0,4,,76991,,,0,63,,76977,,,0,26,,76983,,,0,74,,76966,,,0,18,,76990,,,0,15,,76960,,,0,70,,76978,,,0,27,,76984,,,0,70,,76967,,,0,30,,76985,,,0,70,,76968,,,0,30,,76986,,,0,70,,76954,,,0,30,,76987,,,0,68,,76969,,,0,30,,76988,,,0,70,,76970,,,0,30,,76989,,,0,70,,76971,,,0,100,,76972,,,0
12900,'1CCSDCUT-Weekday1111000',1451,,76992,,,0
12900,'1PUBCUT-Weekday',606,,77000,,,0,27,,76994,,,0,71,,77012,,,0,30,,77018,,,0,70,,77001,,,0,30,,76995,,,0,70,,77013,,,0,30,,77019,,,0,70,,77002,,,0,30,,76996,,,0,70,,77014,,,0,30,,77020,,,0,70,,77003,,,0,30,,76997,,,0,70,,77015,,,0,30,,77021,,,0,70,,77004,,,0,33,,76998,,,0,4,,77030,,,0,63,,77016,,,0,26,,77022,,,0,74,,77005,,,0,18,,77029,,,0,15,,76999,,,0,70,,77017,,,0,27,,77023,,,0,70,,77006,,,0,30,,77024,,,0,70,,77007,,,0,30,,77025,,,0,70,,76993,,,0,30,,77026,,,0,68,,77008,,,0,30,,77027,,,0,70,,77009,,,0,30,,77028,,,0,70,,77010,,,0,100,,77011,,,0
12900,'1PUBCUT-Weekday1111000',1451,,77031,,,0
