1201,'Saturday',731,,77231,2,,,0,70,,77235,2,,,0,30,,77251,2,,,0,70,,77236,2,,,0,30,,77249,2,,,0,70,,77234,2,,,0,30,,77232,2,,,0,70,,77233,2,,,0,30,,77250,2,,,0,70,,77238,2,,,0,30,,77242,2,,,0,70,,77257,2,,,0,30,,77237,2,,,0,70,,77243,2,,,0,30,,77253,2,,,0,70,,77240,2,,,0,30,,77239,2,,,0,70,,77258,2,,,0,30,,77241,2,,,0,70,,77245,2,,,0,30,,77254,2,,,0,70,,77246,2,,,0,30,,77259,2,,,0,70,,77252,2,,,0,30,,77260,2,,,0,70,,77247,2,,,0,30,,77261,2,,,0,70,,77244,2,,,0,30,,77262,2,,,0,70,,77256,2,,,0,30,,77263,2,,,0,70,,77248,2,,,0
1201,'Sunday',801,,77266,2,,,0,30,,77288,2,,,0,70,,77267,2,,,0,30,,77264,2,,,0,70,,77284,2,,,0,30,,77269,2,,,0,70,,77271,2,,,0,30,,77290,2,,,0,70,,77268,2,,,0,30,,77272,2,,,0,70,,77274,2,,,0,30,,77287,2,,,0,70,,77275,2,,,0,30,,77270,2,,,0,70,,77285,2,,,0,30,,77273,2,,,0,70,,77276,2,,,0,30,,77291,2,,,0,70,,77277,2,,,0,30,,77278,2,,,0,70,,77286,2,,,0,30,,77279,2,,,0,70,,77280,2,,,0,30,,77289,2,,,0,70,,77281,2,,,0,30,,77282,2,,,0,70,,77294,2,,,0,30,,77283,2,,,0,70,,77296,2,,,0,30,,77292,2,,,0,70,,77295,2,,,0
1201,'Weekday',529,,77299,2,,,0,26,,77302,2,,,0,70,,77300,2,,,0,30,,77301,2,,,0,70,,77304,2,,,0,30,,77305,2,,,0,70,,77306,2,,,0,30,,77307,2,,,0,70,,77309,2,,,0,30,,77310,2,,,0,70,,77308,2,,,0,30,,77312,2,,,0,70,,77313,2,,,0,30,,77311,2,,,0,70,,77314,2,,,0,32,,77315,2,,,0,68,,77316,2,,,0,30,,77317,2,,,0,70,,77318,2,,,0,75,,77319,2,,,0,28,,77320,2,,,0,30,,77322,2,,,0,70,,77323,2,,,0,30,,77324,2,,,0,70,,77321,2,,,0,30,,77325,2,,,0,75,,77326,2,,,0,70,,77327,2,,,0,30,,77328,2,,,0,70,,77329,2,,,0,30,,77330,2,,,0,70,,77331,2,,,0,30,,77332,2,,,0,70,,77333,2,,,0,30,,77334,2,,,0,70,,77335,2,,,0
1201,'STMPSa-Saturday',731,,77337,2,,,0,70,,77341,2,,,0,30,,77358,2,,,0,70,,77342,2,,,0,30,,77355,2,,,0,70,,77340,2,,,0,30,,77338,2,,,0,70,,77339,2,,,0,30,,77356,2,,,0,70,,77344,2,,,0,30,,77348,2,,,0,70,,77363,2,,,0,30,,77343,2,,,0,70,,77349,2,,,0,30,,77357,2,,,0,70,,77346,2,,,0,30,,77345,2,,,0,70,,77364,2,,,0,30,,77347,2,,,0,70,,77351,2,,,0,30,,77360,2,,,0,70,,77352,2,,,0,30,,77365,2,,,0,70,,77359,2,,,0,30,,77367,2,,,0,70,,77353,2,,,0,30,,77368,2,,,0,70,,77350,2,,,0,30,,77366,2,,,0,70,,77362,2,,,0,30,,77369,2,,,0,70,,77354,2,,,0
1201,'STMPSnea-Weekday',529,,77372,2,,,0,26,,77375,2,,,0,70,,77373,2,,,0,30,,77374,2,,,0,70,,77377,2,,,0,30,,77378,2,,,0,70,,77379,2,,,0,30,,77380,2,,,0,70,,77382,2,,,0,30,,77383,2,,,0,70,,77381,2,,,0,30,,77385,2,,,0,70,,77386,2,,,0,30,,77384,2,,,0,70,,77387,2,,,0,32,,77388,2,,,0,68,,77389,2,,,0,30,,77390,2,,,0,70,,77391,2,,,0,75,,77392,2,,,0,28,,77393,2,,,0,30,,77395,2,,,0,70,,77396,2,,,0,30,,77397,2,,,0,70,,77394,2,,,0,30,,77398,2,,,0,75,,77399,2,,,0,70,,77400,2,,,0,30,,77401,2,,,0,70,,77402,2,,,0,30,,77403,2,,,0,70,,77404,2,,,0,30,,77405,2,,,0,70,,77406,2,,,0,30,,77407,2,,,0,70,,77408,2,,,0
1201,'STMPSu1-Sunday',801,,77411,2,,,0,30,,77433,2,,,0,70,,77412,2,,,0,30,,77409,2,,,0,70,,77429,2,,,0,30,,77414,2,,,0,70,,77416,2,,,0,30,,77435,2,,,0,70,,77413,2,,,0,30,,77417,2,,,0,70,,77420,2,,,0,30,,77432,2,,,0,70,,77421,2,,,0,30,,77415,2,,,0,70,,77430,2,,,0,30,,77419,2,,,0,70,,77418,2,,,0,30,,77436,2,,,0,70,,77422,2,,,0,30,,77423,2,,,0,70,,77431,2,,,0,30,,77424,2,,,0,70,,77425,2,,,0,30,,77434,2,,,0,70,,77426,2,,,0,30,,77427,2,,,0,70,,77439,2,,,0,30,,77428,2,,,0,70,,77441,2,,,0,30,,77437,2,,,0,70,,77440,2,,,0
1201,'STMPSu2-Sunday',801,,77444,2,,,0,30,,77466,2,,,0,70,,77445,2,,,0,30,,77442,2,,,0,70,,77462,2,,,0,30,,77447,2,,,0,70,,77449,2,,,0,30,,77468,2,,,0,70,,77446,2,,,0,30,,77450,2,,,0,70,,77452,2,,,0,30,,77465,2,,,0,70,,77453,2,,,0,30,,77448,2,,,0,70,,77463,2,,,0,30,,77451,2,,,0,70,,77454,2,,,0,30,,77469,2,,,0,70,,77455,2,,,0,30,,77456,2,,,0,70,,77464,2,,,0,30,,77457,2,,,0,70,,77458,2,,,0,30,,77467,2,,,0,70,,77459,2,,,0,30,,77460,2,,,0,70,,77472,2,,,0,30,,77461,2,,,0,70,,77474,2,,,0,30,,77470,2,,,0,70,,77473,2,,,0
1201,'STMPWeek-Weekday',529,,77477,2,,,0,26,,77480,2,,,0,70,,77478,2,,,0,30,,77479,2,,,0,70,,77482,2,,,0,30,,77483,2,,,0,70,,77484,2,,,0,30,,77485,2,,,0,70,,77487,2,,,0,30,,77488,2,,,0,70,,77486,2,,,0,30,,77490,2,,,0,70,,77491,2,,,0,30,,77489,2,,,0,70,,77492,2,,,0,32,,77493,2,,,0,68,,77494,2,,,0,30,,77495,2,,,0,70,,77496,2,,,0,75,,77497,2,,,0,28,,77498,2,,,0,30,,77500,2,,,0,70,,77501,2,,,0,30,,77502,2,,,0,70,,77499,2,,,0,30,,77503,2,,,0,75,,77504,2,,,0,70,,77505,2,,,0,30,,77506,2,,,0,70,,77507,2,,,0,30,,77508,2,,,0,70,,77509,2,,,0,30,,77510,2,,,0,70,,77511,2,,,0,30,,77512,2,,,0,70,,77513,2,,,0
1201,'STMPar-Weekday',529,,77517,2,,,0,26,,77519,2,,,0,70,,77518,2,,,0,30,,77515,2,,,0,70,,77521,2,,,0,30,,77522,2,,,0,70,,77523,2,,,0,30,,77524,2,,,0,70,,77526,2,,,0,30,,77527,2,,,0,70,,77525,2,,,0,30,,77529,2,,,0,70,,77530,2,,,0,30,,77528,2,,,0,70,,77531,2,,,0,32,,77532,2,,,0,68,,77533,2,,,0,30,,77534,2,,,0,70,,77535,2,,,0,75,,77536,2,,,0,28,,77537,2,,,0,30,,77539,2,,,0,70,,77540,2,,,0,30,,77541,2,,,0,70,,77538,2,,,0,30,,77542,2,,,0,75,,77543,2,,,0,70,,77544,2,,,0,30,,77545,2,,,0,70,,77546,2,,,0,30,,77547,2,,,0,70,,77548,2,,,0,30,,77549,2,,,0,70,,77550,2,,,0,30,,77551,2,,,0,70,,77552,2,,,0
6301,'Weekday',601,,98815,2,,,0,35,,98814,2,,,0,75,,98816,2,,,0,35,,98818,2,,,0,75,,98817,2,,,0,680,,98821,2,,,0,35,,98819,2,,,0,75,,98822,2,,,0,35,,98823,2,,,0,75,,98824,2,,,0,35,,98820,2,,,0
6301,'STMPSnea-Weekday',601,,98826,2,,,0,35,,98825,2,,,0,75,,98827,2,,,0,35,,98829,2,,,0,75,,98828,2,,,0,680,,98832,2,,,0,35,,98830,2,,,0,75,,98833,2,,,0,35,,98834,2,,,0,75,,98835,2,,,0,35,,98831,2,,,0
6301,'STMPWeek-Weekday',601,,98837,2,,,0,35,,98836,2,,,0,75,,98838,2,,,0,35,,98840,2,,,0,75,,98839,2,,,0,680,,98843,2,,,0,35,,98841,2,,,0,75,,98844,2,,,0,35,,98845,2,,,0,75,,98846,2,,,0,35,,98842,2,,,0
6301,'STMPar-Weekday',601,,98848,2,,,0,35,,98847,2,,,0,75,,98849,2,,,0,35,,98851,2,,,0,75,,98850,2,,,0,680,,98854,2,,,0,35,,98852,2,,,0,75,,98855,2,,,0,35,,98856,2,,,0,75,,98857,2,,,0,35,,98853,2,,,0
