10800,'Saturday',741,,73005,,,0,84,,73015,,,0,85,,73006,,,0,45,,73016,,,0,85,,73007,,,0,85,,73017,,,0,85,,73009,,,0,40,,73018,,,0,85,,73008,,,0,85,,73019,,,0,85,,73011,,,0,45,,73021,,,0,85,,73010,,,0,85,,73020,,,0,85,,73013,,,0,45,,73022,,,0,85,,73012,,,0,83,,73023,,,0,82,,73014,,,0,45,,73024,,,0,85,,73025,,,0,85,,73004,,,0
10800,'Sunday',741,,73026,,,0,84,,73038,,,0,85,,73029,,,0,45,,73039,,,0,85,,73031,,,0,85,,73040,,,0,85,,73030,,,0,40,,73041,,,0,85,,73032,,,0,85,,73042,,,0,85,,73033,,,0,45,,73043,,,0,85,,73034,,,0,85,,73044,,,0,85,,73036,,,0,45,,73045,,,0,85,,73035,,,0,83,,73046,,,0,82,,73037,,,0,45,,73028,,,0,85,,73047,,,0,85,,73027,,,0
10800,'Weekday',558,,73048,,,0,70,,73053,,,0,30,,73051,,,0,73,,73054,,,0,72,,73055,,,0,30,,73056,,,0,25,,73057,,,0,70,,73058,,,0,30,,73060,,,0,70,,73061,,,0,29,,73062,,,0,71,,73059,,,0,30,,73063,,,0,70,,73064,,,0,31,,73065,,,0,70,,73066,,,0,30,,73069,,,0,70,,73070,,,0,30,,73067,,,0,73,,73068,,,0,71,,73071,,,0,30,,73072,,,0,70,,73073,,,0,30,,73074,,,0,70,,73075,,,0,30,,73076,,,0,67,,73077,,,0,29,,73078,,,0,30,,73079,,,0,70,,73080,,,0,30,,73081,,,0,67,,73082,,,0,30,,73083,,,0,70,,73084,,,0,30,,73085,,,0,70,,73052,,,0,30,,73050,,,0,70,,73049,,,0
10800,'1CCSDCUT-Weekday',558,,73086,,,0,70,,73091,,,0,30,,73089,,,0,73,,73092,,,0,72,,73093,,,0,30,,73094,,,0,25,,73095,,,0,70,,73096,,,0,30,,73098,,,0,70,,73099,,,0,29,,73100,,,0,71,,73097,,,0,30,,73101,,,0,70,,73102,,,0,31,,73103,,,0,70,,73104,,,0,30,,73107,,,0,70,,73108,,,0,30,,73105,,,0,73,,73106,,,0,71,,73109,,,0,30,,73110,,,0,70,,73111,,,0,30,,73112,,,0,70,,73113,,,0,30,,73114,,,0,67,,73115,,,0,29,,73116,,,0,30,,73117,,,0,70,,73118,,,0,30,,73119,,,0,67,,73120,,,0,30,,73121,,,0,70,,73122,,,0,30,,73123,,,0,70,,73090,,,0,30,,73088,,,0,70,,73087,,,0
10800,'1PUBCUT-Weekday',558,,73124,,,0,70,,73129,,,0,30,,73127,,,0,73,,73130,,,0,72,,73131,,,0,30,,73132,,,0,25,,73133,,,0,70,,73134,,,0,30,,73136,,,0,70,,73137,,,0,29,,73138,,,0,71,,73135,,,0,30,,73139,,,0,70,,73140,,,0,31,,73141,,,0,70,,73142,,,0,30,,73145,,,0,70,,73146,,,0,30,,73143,,,0,73,,73144,,,0,71,,73147,,,0,30,,73148,,,0,70,,73149,,,0,30,,73150,,,0,70,,73151,,,0,30,,73152,,,0,67,,73153,,,0,29,,73154,,,0,30,,73155,,,0,70,,73156,,,0,30,,73157,,,0,67,,73158,,,0,30,,73159,,,0,70,,73160,,,0,30,,73161,,,0,70,,73128,,,0,30,,73126,,,0,70,,73125,,,0
10801,'Saturday',718,,73172,,,0,85,,73162,,,0,45,,73173,,,0,85,,73164,,,0,85,,73174,,,0,85,,73165,,,0,45,,73175,,,0,86,,73166,,,0,85,,73176,,,0,85,,73167,,,0,45,,73177,,,0,85,,73168,,,0,85,,73178,,,0,85,,73169,,,0,45,,73179,,,0,84,,73170,,,0,85,,73180,,,0,85,,73171,,,0,45,,73181,,,0,85,,73182,,,0,85,,73163,,,0
10801,'Sunday',718,,73193,,,0,85,,73184,,,0,45,,73194,,,0,85,,73185,,,0,85,,73195,,,0,85,,73186,,,0,45,,73198,,,0,86,,73187,,,0,85,,73196,,,0,85,,73189,,,0,45,,73197,,,0,85,,73188,,,0,85,,73199,,,0,85,,73190,,,0,45,,73200,,,0,84,,73191,,,0,85,,73201,,,0,85,,73192,,,0,45,,73202,,,0,85,,73203,,,0,85,,73183,,,0
10801,'Weekday',626,,73205,,,0,32,,73206,,,0,70,,73207,,,0,30,,73208,,,0,70,,73209,,,0,30,,73210,,,0,70,,73211,,,0,30,,73212,,,0,70,,73213,,,0,30,,73214,,,0,70,,73215,,,0,30,,73216,,,0,70,,73217,,,0,30,,73219,,,0,70,,73220,,,0,30,,73221,,,0,70,,73218,,,0,30,,73222,,,0,72,,73223,,,0,70,,73224,,,0,30,,73225,,,0,70,,73226,,,0,30,,73227,,,0,27,,73228,,,0,70,,73230,,,0,30,,73231,,,0,70,,73232,,,0,30,,73229,,,0,70,,73233,,,0,30,,73234,,,0,70,,73235,,,0,29,,73236,,,0,70,,73237,,,0,30,,73238,,,0,70,,73239,,,0,30,,73204,,,0
10801,'1CCSDCUT-Weekday',626,,73241,,,0,32,,73242,,,0,70,,73243,,,0,30,,73244,,,0,70,,73245,,,0,30,,73246,,,0,70,,73247,,,0,30,,73248,,,0,70,,73249,,,0,30,,73250,,,0,70,,73251,,,0,30,,73252,,,0,70,,73253,,,0,30,,73255,,,0,70,,73256,,,0,30,,73257,,,0,70,,73254,,,0,30,,73258,,,0,72,,73259,,,0,70,,73260,,,0,30,,73261,,,0,70,,73262,,,0,30,,73263,,,0,27,,73264,,,0,70,,73266,,,0,30,,73267,,,0,70,,73268,,,0,30,,73265,,,0,70,,73269,,,0,30,,73270,,,0,70,,73271,,,0,29,,73272,,,0,70,,73273,,,0,30,,73274,,,0,70,,73275,,,0,30,,73240,,,0
10801,'1PUBCUT-Weekday',626,,73277,,,0,32,,73278,,,0,70,,73279,,,0,30,,73280,,,0,70,,73281,,,0,30,,73282,,,0,70,,73283,,,0,30,,73284,,,0,70,,73285,,,0,30,,73286,,,0,70,,73287,,,0,30,,73288,,,0,70,,73289,,,0,30,,73291,,,0,70,,73292,,,0,30,,73293,,,0,70,,73290,,,0,30,,73294,,,0,72,,73295,,,0,70,,73296,,,0,30,,73297,,,0,70,,73298,,,0,30,,73299,,,0,27,,73300,,,0,70,,73302,,,0,30,,73303,,,0,70,,73304,,,0,30,,73301,,,0,70,,73305,,,0,30,,73306,,,0,70,,73307,,,0,29,,73308,,,0,70,,73309,,,0,30,,73310,,,0,70,,73311,,,0,30,,73276,,,0
