801,'Saturday',714,,47953,,,0,27,,47954,,,0,67,,47955,,,0,27,,47956,,,0,67,,47957,,,0,27,,47958,,,0,27,,47959,,,0,67,,47960,,,0,27,,47961,,,0,67,,47962,,,0,27,,47963,,,0,67,,47964,,,0,27,,47965,,,0,67,,47966,,,0,27,,47967,,,0,27,,47968,,,0,67,,47970,,,0,27,,47971,,,0,67,,47972,,,0,27,,47969,,,0,67,,47973,,,0,27,,47974,,,0,67,,47975,,,0,27,,47976,,,0,67,,47977,,,0,27,,47979,,,0,27,,47980,,,0,67,,47981,,,0,27,,47978,,,0,67,,47982,,,0,27,,47983,,,0,70,,47984,,,0,35,,47985,,,0,75,,47986,,,0,35,,47987,,,0,75,,47988,,,0,75,,47989,,,0
801,'Sunday',714,,47991,,,0,27,,47990,,,0,67,,47992,,,0,27,,47993,,,0,67,,47994,,,0,27,,47995,,,0,27,,47997,,,0,67,,47996,,,0,27,,47998,,,0,67,,47999,,,0,27,,48000,,,0,67,,48001,,,0,27,,48002,,,0,67,,48003,,,0,27,,48004,,,0,27,,48005,,,0,67,,48006,,,0,27,,48007,,,0,67,,48008,,,0,27,,48009,,,0,67,,48010,,,0,27,,48011,,,0,67,,48013,,,0,27,,48015,,,0,67,,48014,,,0,27,,48016,,,0,27,,48012,,,0,67,,48019,,,0,27,,48017,,,0,67,,48018,,,0,27,,48020,,,0,70,,48021,,,0,35,,48022,,,0,75,,48023,,,0,35,,48024,,,0,75,,48025,,,0,75,,48026,,,0
801,'Weekday',545,,48088,,,0,58,,48051,,,0,19,,48030,,,0,18,,48032,,,0,17,,48042,,,0,55,,48059,,,0,18,,48067,,,0,6,,48075,,,0,5,,48076,,,0,7,,48089,,,0,5,,48077,,,0,5,,48078,,,0,47,,48052,,,0,5,,48079,,,0,5,,48080,,,0,7,,48031,,,0,5,,48081,,,0,5,,48082,,,0,7,,48034,,,0,5,,48083,,,0,12,,48043,,,0,56,,48060,,,0,16,,48068,,,0,13,,48090,,,0,61,,48053,,,0,21,,48033,,,0,21,,48044,,,0,61,,48061,,,0,21,,48091,,,0,21,,48054,,,0,61,,48035,,,0,21,,48045,,,0,21,,48063,,,0,61,,48092,,,0,21,,48055,,,0,21,,48036,,,0,61,,48046,,,0,21,,48062,,,0,65,,48093,,,0,12,,48084,,,0,10,,48056,,,0,10,,48085,,,0,10,,48037,,,0,5,,48086,,,0,9,,48070,,,0,59,,48047,,,0,5,,48087,,,0,7,,48073,,,0,5,,48064,,,0,5,,48072,,,0,5,,48074,,,0,5,,48069,,,0,57,,48094,,,0,17,,48057,,,0,17,,48038,,,0,17,,48071,,,0,57,,48028,,,0,22,,48065,,,0,19,,48095,,,0,61,,48058,,,0,21,,48039,,,0,21,,48048,,,0,61,,48066,,,0,20,,48096,,,0,75,,48029,,,0,29,,48049,,,0,75,,48098,,,0,31,,48040,,,0,73,,48050,,,0,33,,48097,,,0,73,,48041,,,0,33,,48027,,,0,85,,48099,,,0
801,'Weekday0000100',1424,,48100,,,0,79,,48101,,,0
801,'Weekday1111000',1606,,48102,,,0
801,'1CCSDCUT-Weekday',545,,48164,,,0,58,,48127,,,0,19,,48106,,,0,18,,48108,,,0,17,,48118,,,0,55,,48135,,,0,18,,48143,,,0,6,,48151,,,0,5,,48152,,,0,7,,48165,,,0,5,,48153,,,0,5,,48154,,,0,47,,48128,,,0,5,,48155,,,0,5,,48156,,,0,7,,48107,,,0,5,,48157,,,0,5,,48158,,,0,7,,48110,,,0,5,,48159,,,0,12,,48119,,,0,56,,48136,,,0,16,,48144,,,0,13,,48166,,,0,61,,48129,,,0,21,,48109,,,0,21,,48120,,,0,61,,48137,,,0,21,,48167,,,0,21,,48130,,,0,61,,48111,,,0,21,,48121,,,0,21,,48139,,,0,61,,48168,,,0,21,,48131,,,0,21,,48112,,,0,61,,48122,,,0,21,,48138,,,0,65,,48169,,,0,12,,48160,,,0,10,,48132,,,0,10,,48161,,,0,10,,48113,,,0,5,,48162,,,0,9,,48146,,,0,59,,48123,,,0,5,,48163,,,0,7,,48149,,,0,5,,48140,,,0,5,,48148,,,0,5,,48150,,,0,5,,48145,,,0,57,,48170,,,0,17,,48133,,,0,17,,48114,,,0,17,,48147,,,0,57,,48104,,,0,22,,48141,,,0,19,,48171,,,0,61,,48134,,,0,21,,48115,,,0,21,,48124,,,0,61,,48142,,,0,20,,48172,,,0,75,,48105,,,0,29,,48125,,,0,75,,48174,,,0,31,,48116,,,0,73,,48126,,,0,33,,48173,,,0,73,,48117,,,0,33,,48103,,,0,85,,48175,,,0
801,'1CCSDCUT-Weekday0000100',1424,,48176,,,0,79,,48177,,,0
801,'1CCSDCUT-Weekday1111000',1606,,48178,,,0
801,'1PUBCUT-Weekday',545,,48240,,,0,58,,48203,,,0,19,,48182,,,0,18,,48184,,,0,17,,48194,,,0,55,,48211,,,0,18,,48219,,,0,6,,48227,,,0,5,,48228,,,0,7,,48241,,,0,5,,48229,,,0,5,,48230,,,0,47,,48204,,,0,5,,48231,,,0,5,,48232,,,0,7,,48183,,,0,5,,48233,,,0,5,,48234,,,0,7,,48186,,,0,5,,48235,,,0,12,,48195,,,0,56,,48212,,,0,16,,48220,,,0,13,,48242,,,0,61,,48205,,,0,21,,48185,,,0,21,,48196,,,0,61,,48213,,,0,21,,48243,,,0,21,,48206,,,0,61,,48187,,,0,21,,48197,,,0,21,,48215,,,0,61,,48244,,,0,21,,48207,,,0,21,,48188,,,0,61,,48198,,,0,21,,48214,,,0,65,,48245,,,0,12,,48236,,,0,10,,48208,,,0,10,,48237,,,0,10,,48189,,,0,5,,48238,,,0,9,,48222,,,0,59,,48199,,,0,5,,48239,,,0,7,,48225,,,0,5,,48216,,,0,5,,48224,,,0,5,,48226,,,0,5,,48221,,,0,57,,48246,,,0,17,,48209,,,0,17,,48190,,,0,17,,48223,,,0,57,,48180,,,0,22,,48217,,,0,19,,48247,,,0,61,,48210,,,0,21,,48191,,,0,21,,48200,,,0,61,,48218,,,0,20,,48248,,,0,75,,48181,,,0,29,,48201,,,0,75,,48250,,,0,31,,48192,,,0,73,,48202,,,0,33,,48249,,,0,73,,48193,,,0,33,,48179,,,0,85,,48251,,,0
801,'1PUBCUT-Weekday0000100',1424,,48252,,,0,79,,48253,,,0
801,'1PUBCUT-Weekday1111000',1606,,48254,,,0
9000,'Saturday',627,,68218,,,0,32,,68198,,,0,72,,68207,,,0,72,,68220,,,0,32,,68199,,,0,72,,68208,,,0,32,,68219,,,0,72,,68200,,,0,32,,68210,,,0,72,,68221,,,0,33,,68202,,,0,72,,68211,,,0,32,,68222,,,0,72,,68203,,,0,32,,68209,,,0,72,,68225,,,0,72,,68201,,,0,32,,68212,,,0,72,,68223,,,0,31,,68204,,,0,73,,68213,,,0,31,,68226,,,0,72,,68205,,,0,32,,68215,,,0,72,,68224,,,0,32,,68206,,,0,72,,68214,,,0
9000,'Sunday',627,,68248,,,0,32,,68228,,,0,72,,68236,,,0,72,,68247,,,0,32,,68229,,,0,72,,68238,,,0,32,,68249,,,0,72,,68227,,,0,32,,68237,,,0,72,,68251,,,0,32,,68231,,,0,73,,68240,,,0,32,,68252,,,0,72,,68230,,,0,32,,68239,,,0,72,,68250,,,0,72,,68233,,,0,32,,68241,,,0,72,,68253,,,0,31,,68232,,,0,73,,68242,,,0,31,,68254,,,0,72,,68234,,,0,32,,68243,,,0,72,,68255,,,0,32,,68235,,,0,72,,68244,,,0
9000,'Weekday',606,,68276,,,0,30,,68286,,,0,69,,68257,,,0,30,,68267,,,0,70,,68277,,,0,30,,68287,,,0,69,,68258,,,0,30,,68268,,,0,70,,68278,,,0,30,,68288,,,0,70,,68259,,,0,30,,68269,,,0,70,,68279,,,0,30,,68289,,,0,70,,68262,,,0,30,,68270,,,0,70,,68280,,,0,30,,68290,,,0,71,,68260,,,0,30,,68271,,,0,70,,68281,,,0,30,,68291,,,0,70,,68261,,,0,29,,68272,,,0,70,,68282,,,0,30,,68292,,,0,20,,68263,,,0,70,,68273,,,0,30,,68283,,,0,70,,68293,,,0,15,,68264,,,0,70,,68274,,,0,30,,68284,,,0,70,,68294,,,0,10,,68265,,,0,30,,68275,,,0,65,,68285,,,0
9000,'1CCSDCUT-Weekday',606,,68315,,,0,30,,68325,,,0,69,,68296,,,0,30,,68306,,,0,70,,68316,,,0,30,,68326,,,0,69,,68297,,,0,30,,68307,,,0,70,,68317,,,0,30,,68327,,,0,70,,68298,,,0,30,,68308,,,0,70,,68318,,,0,30,,68328,,,0,70,,68301,,,0,30,,68309,,,0,70,,68319,,,0,30,,68329,,,0,71,,68299,,,0,30,,68310,,,0,70,,68320,,,0,30,,68330,,,0,70,,68300,,,0,29,,68311,,,0,70,,68321,,,0,30,,68331,,,0,20,,68302,,,0,70,,68312,,,0,30,,68322,,,0,70,,68332,,,0,15,,68303,,,0,70,,68313,,,0,30,,68323,,,0,70,,68333,,,0,10,,68304,,,0,30,,68314,,,0,65,,68324,,,0
9000,'1PUBCUT-Weekday',606,,68354,,,0,30,,68364,,,0,69,,68335,,,0,30,,68345,,,0,70,,68355,,,0,30,,68365,,,0,69,,68336,,,0,30,,68346,,,0,70,,68356,,,0,30,,68366,,,0,70,,68337,,,0,30,,68347,,,0,70,,68357,,,0,30,,68367,,,0,70,,68340,,,0,30,,68348,,,0,70,,68358,,,0,30,,68368,,,0,71,,68338,,,0,30,,68349,,,0,70,,68359,,,0,30,,68369,,,0,70,,68339,,,0,29,,68350,,,0,70,,68360,,,0,30,,68370,,,0,20,,68341,,,0,70,,68351,,,0,30,,68361,,,0,70,,68371,,,0,15,,68342,,,0,70,,68352,,,0,30,,68362,,,0,70,,68372,,,0,10,,68343,,,0,30,,68353,,,0,65,,68363,,,0
