2000,'Saturday',713,,51236,4,,0,31,,51255,4,,0,68,,51242,4,,0,28,,51248,4,,0,69,,51263,4,,0,30,,51268,4,,0,70,,51237,4,,0,28,,51256,4,,0,68,,51243,4,,0,28,,51250,4,,0,68,,51262,4,,0,28,,51269,4,,0,28,,51235,4,,0,68,,51257,4,,0,28,,51244,4,,0,68,,51251,4,,0,28,,51264,4,,0,68,,51270,4,,0,28,,51238,4,,0,68,,51258,4,,0,28,,51245,4,,0,68,,51252,4,,0,28,,51265,4,,0,68,,51271,4,,0,28,,51239,4,,0,68,,51259,4,,0,28,,51246,4,,0,28,,51253,4,,0,65,,51267,4,,0,27,,51272,4,,0,67,,51241,4,,0,28,,51260,4,,0,68,,51247,4,,0,28,,51254,4,,0,68,,51266,4,,0,28,,51273,4,,0,68,,51240,4,,0,28,,51261,4,,0,27,,51249,4,,0
2000,'Sunday',713,,51274,4,,0,31,,51293,4,,0,68,,51282,4,,0,28,,51287,4,,0,69,,51300,4,,0,30,,51307,4,,0,70,,51275,4,,0,28,,51294,4,,0,68,,51283,4,,0,28,,51288,4,,0,68,,51301,4,,0,28,,51306,4,,0,28,,51276,4,,0,68,,51295,4,,0,28,,51284,4,,0,68,,51289,4,,0,28,,51302,4,,0,68,,51308,4,,0,28,,51277,4,,0,68,,51296,4,,0,28,,51285,4,,0,68,,51290,4,,0,28,,51303,4,,0,68,,51310,4,,0,28,,51278,4,,0,68,,51297,4,,0,28,,51281,4,,0,28,,51291,4,,0,65,,51304,4,,0,27,,51309,4,,0,67,,51280,4,,0,28,,51298,4,,0,68,,51286,4,,0,28,,51292,4,,0,68,,51305,4,,0,28,,51311,4,,0,68,,51279,4,,0,28,,51299,4,,0
2000,'Weekday',539,,51312,4,,0,67,,51322,4,,0,26,,51326,4,,0,70,,51340,4,,0,26,,51334,4,,0,16,,51346,4,,0,14,,51320,4,,0,54,,51348,4,,0,14,,51313,4,,0,13,,51350,4,,0,13,,51321,4,,0,53,,51345,4,,0,13,,51327,4,,0,14,,51347,4,,0,12,,51338,4,,0,14,,51349,4,,0,54,,51336,4,,0,28,,51351,4,,0,68,,51314,4,,0,28,,51323,4,,0,68,,51328,4,,0,28,,51341,4,,0,68,,51335,4,,0,28,,51352,4,,0,28,,51315,4,,0,68,,51324,4,,0,32,,51329,4,,0,68,,51342,4,,0,30,,51337,4,,0,3,,51357,4,,0,60,,51362,4,,0,5,,51353,4,,0,14,,51360,4,,0,14,,51316,4,,0,53,,51368,4,,0,11,,51325,4,,0,14,,51371,4,,0,14,,51331,4,,0,13,,51358,4,,0,52,,51363,4,,0,14,,51343,4,,0,14,,51339,4,,0,13,,51359,4,,0,52,,51354,4,,0,14,,51361,4,,0,14,,51317,4,,0,13,,51367,4,,0,68,,51330,4,,0,28,,51364,4,,0,68,,51344,4,,0,27,,51355,4,,0,68,,51318,4,,0,28,,51369,4,,0,28,,51332,4,,0,75,,51365,4,,0,27,,51356,4,,0,70,,51319,4,,0,30,,51370,4,,0,70,,51333,4,,0
2000,'Weekday0000100',1518,,51372,4,,0
2000,'1CCSDCUT-Weekday',539,,51373,4,,0,67,,51383,4,,0,26,,51387,4,,0,70,,51401,4,,0,26,,51395,4,,0,16,,51407,4,,0,14,,51381,4,,0,54,,51409,4,,0,14,,51374,4,,0,13,,51411,4,,0,13,,51382,4,,0,53,,51406,4,,0,13,,51388,4,,0,14,,51408,4,,0,12,,51399,4,,0,14,,51410,4,,0,54,,51397,4,,0,28,,51412,4,,0,68,,51375,4,,0,28,,51384,4,,0,68,,51389,4,,0,28,,51402,4,,0,68,,51396,4,,0,28,,51413,4,,0,28,,51376,4,,0,68,,51385,4,,0,32,,51390,4,,0,68,,51403,4,,0,30,,51398,4,,0,3,,51418,4,,0,60,,51423,4,,0,5,,51414,4,,0,14,,51421,4,,0,14,,51377,4,,0,53,,51429,4,,0,11,,51386,4,,0,14,,51432,4,,0,14,,51392,4,,0,13,,51419,4,,0,52,,51424,4,,0,14,,51404,4,,0,14,,51400,4,,0,13,,51420,4,,0,52,,51415,4,,0,14,,51422,4,,0,14,,51378,4,,0,13,,51428,4,,0,68,,51391,4,,0,28,,51425,4,,0,68,,51405,4,,0,27,,51416,4,,0,68,,51379,4,,0,28,,51430,4,,0,28,,51393,4,,0,75,,51426,4,,0,27,,51417,4,,0,70,,51380,4,,0,30,,51431,4,,0,70,,51394,4,,0
2000,'1CCSDCUT-Weekday0000100',1518,,51433,4,,0
2000,'1PUBCUT-Weekday',539,,51434,4,,0,67,,51444,4,,0,26,,51448,4,,0,70,,51462,4,,0,26,,51456,4,,0,16,,51468,4,,0,14,,51442,4,,0,54,,51470,4,,0,14,,51435,4,,0,13,,51472,4,,0,13,,51443,4,,0,53,,51467,4,,0,13,,51449,4,,0,14,,51469,4,,0,12,,51460,4,,0,14,,51471,4,,0,54,,51458,4,,0,28,,51473,4,,0,68,,51436,4,,0,28,,51445,4,,0,68,,51450,4,,0,28,,51463,4,,0,68,,51457,4,,0,28,,51474,4,,0,28,,51437,4,,0,68,,51446,4,,0,32,,51451,4,,0,68,,51464,4,,0,30,,51459,4,,0,3,,51479,4,,0,60,,51484,4,,0,5,,51475,4,,0,14,,51482,4,,0,14,,51438,4,,0,53,,51490,4,,0,11,,51447,4,,0,14,,51493,4,,0,14,,51453,4,,0,13,,51480,4,,0,52,,51485,4,,0,14,,51465,4,,0,14,,51461,4,,0,13,,51481,4,,0,52,,51476,4,,0,14,,51483,4,,0,14,,51439,4,,0,13,,51489,4,,0,68,,51452,4,,0,28,,51486,4,,0,68,,51466,4,,0,27,,51477,4,,0,68,,51440,4,,0,28,,51491,4,,0,28,,51454,4,,0,75,,51487,4,,0,27,,51478,4,,0,70,,51441,4,,0,30,,51492,4,,0,70,,51455,4,,0
2000,'1PUBCUT-Weekday0000100',1518,,51494,4,,0
2001,'Saturday',613,,51511,,,0,28,,51524,,,0,68,,51531,,,0,22,,51495,,,0,28,,51517,,,0,68,,51503,,,0,28,,51508,,,0,68,,51525,,,0,28,,51532,,,0,68,,51496,,,0,28,,51518,,,0,68,,51504,,,0,28,,51512,,,0,68,,51526,,,0,28,,51533,,,0,68,,51497,,,0,28,,51520,,,0,68,,51505,,,0,28,,51514,,,0,28,,51527,,,0,68,,51534,,,0,28,,51498,,,0,68,,51519,,,0,28,,51506,,,0,68,,51513,,,0,28,,51528,,,0,68,,51535,,,0,28,,51499,,,0,68,,51521,,,0,28,,51507,,,0,68,,51515,,,0,28,,51529,,,0,68,,51536,,,0,28,,51500,,,0,28,,51522,,,0,68,,51509,,,0,28,,51516,,,0,79,,51530,,,0,2,,51537,0,200 64 119,0,68,,51501,0,200 64 119,0,28,,51523,0,200 64 119,0,27,,51510,0,200 64 119,0
2001,'Sunday',613,,51552,,,0,28,,51566,,,0,68,,51573,,,0,22,,51538,,,0,28,,51559,,,0,68,,51546,,,0,28,,51553,,,0,68,,51568,,,0,28,,51574,,,0,68,,51539,,,0,28,,51560,,,0,68,,51547,,,0,28,,51554,,,0,68,,51567,,,0,28,,51575,,,0,68,,51540,,,0,28,,51561,,,0,68,,51548,,,0,28,,51555,,,0,28,,51569,,,0,68,,51576,,,0,28,,51541,,,0,68,,51563,,,0,28,,51550,,,0,68,,51556,,,0,28,,51570,,,0,68,,51577,,,0,28,,51542,,,0,68,,51562,,,0,28,,51549,,,0,68,,51557,,,0,28,,51571,,,0,68,,51578,,,0,28,,51543,,,0,28,,51564,,,0,68,,51551,,,0,28,,51558,,,0,79,,51572,,,0,2,,51579,0,200 64 119,0,68,,51544,0,200 64 119,0,28,,51565,0,200 64 119,0
2001,'Weekday',513,,51588,,,0,28,,51580,,,0,68,,51590,,,0,14,,51613,,,0,14,,51595,,,0,14,,51616,,,0,54,,51607,,,0,14,,51617,,,0,14,,51602,,,0,14,,51614,,,0,56,,51619,,,0,9,,51589,,,0,11,,51615,,,0,6,,51581,,,0,14,,51618,,,0,14,,51591,,,0,48,,51646,,,0,20,,51596,,,0,7,,51644,,,0,21,,51608,,,0,5,,51643,,,0,63,,51604,,,0,28,,51620,,,0,68,,51582,,,0,28,,51592,,,0,68,,51597,,,0,28,,51609,,,0,68,,51605,,,0,28,,51621,,,0,68,,51583,,,0,28,,51593,,,0,68,,51599,,,0,14,,51627,,,0,14,,51630,,,0,14,,51611,,,0,14,,51606,,,0,54,,51626,,,0,6,,51640,,,0,8,,51622,,,0,14,,51629,,,0,14,,51584,,,0,54,,51635,,,0,7,,51648,,,0,7,,51594,,,0,14,,51637,,,0,14,,51598,,,0,54,,51628,,,0,14,,51631,,,0,4,,51649,,,0,10,,51610,,,0,4,,51639,,,0,13,,51642,,,0,52,,51623,,,0,14,,51638,,,0,14,,51585,,,0,27,,51634,,,0,68,,51600,,,0,28,,51632,,,0,66,,51612,,,0,30,,51624,,,0,68,,51586,,,0,28,,51636,,,0,68,,51601,,,0,28,,51633,,,0,19,,51647,,,0,51,,51625,,,0,30,,51587,,,0,19,,51645,,,0,70,,51641,,,0
2001,'Weekday0000100',1518,,51650,0,201 107 119 202,0
2001,'1CCSDCUT-Weekday',513,,51659,,,0,28,,51651,,,0,68,,51661,,,0,14,,51684,,,0,14,,51666,,,0,14,,51687,,,0,54,,51678,,,0,14,,51688,,,0,14,,51673,,,0,14,,51685,,,0,56,,51690,,,0,9,,51660,,,0,11,,51686,,,0,6,,51652,,,0,14,,51689,,,0,14,,51662,,,0,48,,51717,,,0,20,,51667,,,0,7,,51715,,,0,21,,51679,,,0,5,,51714,,,0,63,,51675,,,0,28,,51691,,,0,68,,51653,,,0,28,,51663,,,0,68,,51668,,,0,28,,51680,,,0,68,,51676,,,0,28,,51692,,,0,68,,51654,,,0,28,,51664,,,0,68,,51670,,,0,14,,51698,,,0,14,,51701,,,0,14,,51682,,,0,14,,51677,,,0,54,,51697,,,0,6,,51711,,,0,8,,51693,,,0,14,,51700,,,0,14,,51655,,,0,54,,51706,,,0,7,,51719,,,0,7,,51665,,,0,14,,51708,,,0,14,,51669,,,0,54,,51699,,,0,14,,51702,,,0,4,,51720,,,0,10,,51681,,,0,4,,51710,,,0,13,,51713,,,0,52,,51694,,,0,14,,51709,,,0,14,,51656,,,0,27,,51705,,,0,68,,51671,,,0,28,,51703,,,0,66,,51683,,,0,30,,51695,,,0,68,,51657,,,0,28,,51707,,,0,68,,51672,,,0,28,,51704,,,0,19,,51718,,,0,51,,51696,,,0,30,,51658,,,0,19,,51716,,,0,70,,51712,,,0
2001,'1CCSDCUT-Weekday0000100',1518,,51721,0,201 107 119 202,0
2001,'1PUBCUT-Weekday',513,,51730,,,0,28,,51722,,,0,68,,51732,,,0,14,,51755,,,0,14,,51737,,,0,14,,51758,,,0,54,,51749,,,0,14,,51759,,,0,14,,51744,,,0,14,,51756,,,0,56,,51761,,,0,9,,51731,,,0,11,,51757,,,0,6,,51723,,,0,14,,51760,,,0,14,,51733,,,0,48,,51788,,,0,20,,51738,,,0,7,,51786,,,0,21,,51750,,,0,5,,51785,,,0,63,,51746,,,0,28,,51762,,,0,68,,51724,,,0,28,,51734,,,0,68,,51739,,,0,28,,51751,,,0,68,,51747,,,0,28,,51763,,,0,68,,51725,,,0,28,,51735,,,0,68,,51741,,,0,14,,51769,,,0,14,,51772,,,0,14,,51753,,,0,14,,51748,,,0,54,,51768,,,0,6,,51782,,,0,8,,51764,,,0,14,,51771,,,0,14,,51726,,,0,54,,51777,,,0,7,,51790,,,0,7,,51736,,,0,14,,51779,,,0,14,,51740,,,0,54,,51770,,,0,14,,51773,,,0,4,,51791,,,0,10,,51752,,,0,4,,51781,,,0,13,,51784,,,0,52,,51765,,,0,14,,51780,,,0,14,,51727,,,0,27,,51776,,,0,68,,51742,,,0,28,,51774,,,0,66,,51754,,,0,30,,51766,,,0,68,,51728,,,0,28,,51778,,,0,68,,51743,,,0,28,,51775,,,0,19,,51789,,,0,51,,51767,,,0,30,,51729,,,0,19,,51787,,,0,70,,51783,,,0
2001,'1PUBCUT-Weekday0000100',1518,,51792,0,201 107 119 202,0
