77100,'Weekday0000100',1345,10,89013,0,5 6 1 7 8,0
77100,'Weekday1111000',1510,10,89014,0,5 6 1 7 8,0
77100,'1CCSDCUT-Weekday0000100',1345,10,89016,0,5 6 1 7 8,0
77100,'1CCSDCUT-Weekday1111000',1510,10,89017,0,5 6 1 7 8,0
77200,'Weekday0000100',1345,10,89022,0,185 186 94,0
77200,'Weekday1111000',1510,10,89023,0,185 186 94,0
77200,'1CCSDCUT-Weekday0000100',1345,10,89024,0,185 186 94,0
77200,'1CCSDCUT-Weekday1111000',1510,10,89025,0,185 186 94,0
77201,'Weekday',800,,89026,4,,0
77201,'1CCSDCUT-Weekday',800,,89027,4,,0
77300,'Weekday',800,,89028,4,,0
77300,'1CCSDCUT-Weekday',800,,89029,4,,0
77301,'Weekday0000100',1345,10,89030,0,125 6 126 31,0
77301,'Weekday1111000',1510,10,89031,0,125 6 126 31,0
77301,'1CCSDCUT-Weekday0000100',1345,10,89032,0,125 6 126 31,0
77301,'1CCSDCUT-Weekday1111000',1510,10,89033,0,125 6 126 31,0
77400,'Weekday',800,,89035,4,,0
77400,'1CCSDCUT-Weekday',800,,89037,4,,0
77401,'Weekday0000100',1345,10,89039,0,125 6 128 129,0
77401,'Weekday1111000',1510,10,89041,0,125 6 128 129,0
77401,'1CCSDCUT-Weekday0000100',1345,10,89043,0,125 6 128 129,0
77401,'1CCSDCUT-Weekday1111000',1510,10,89045,0,125 6 128 129,0
81600,'Weekday',816,,89222,0,12 13 148,0
81600,'1PUBCUT-Weekday',816,,89223,0,12 13 148,0
