1901,'Saturday',703,,51041,,,0,35,,51033,,,0,75,,51049,,,0,35,,51057,,,0,75,,51042,,,0,35,,51034,,,0,75,,51050,,,0,75,,51058,,,0,35,,51043,,,0,75,,51035,,,0,35,,51051,,,0,74,,51059,,,0,75,,51044,,,0,28,,51036,,,0,24,,51064,,,0,68,,51053,,,0,28,,51060,,,0,68,,51045,,,0,28,,51037,,,0,68,,51065,,,0,28,,51052,,,0,68,,51061,,,0,28,,51046,,,0,68,,51038,,,0,28,,51066,,,0,23,,51055,,,0,73,,51063,,,0,75,,51047,,,0,35,,51039,,,0,75,,51056,,,0,35,,51062,,,0,75,,51048,,,0,75,,51040,,,0
1901,'Sunday',703,,51075,,,0,35,,51067,,,0,75,,51083,,,0,35,,51090,,,0,75,,51076,,,0,35,,51068,,,0,75,,51084,,,0,75,,51092,,,0,35,,51077,,,0,75,,51069,,,0,35,,51085,,,0,74,,51094,,,0,75,,51079,,,0,28,,51070,,,0,24,,51098,,,0,68,,51086,,,0,28,,51093,,,0,68,,51081,,,0,28,,51071,,,0,68,,51099,,,0,28,,51087,,,0,68,,51095,,,0,28,,51080,,,0,68,,51072,,,0,28,,51100,,,0,23,,51088,,,0,73,,51096,,,0,75,,51078,,,0,35,,51073,,,0,75,,51089,,,0,35,,51097,,,0,75,,51082,,,0,75,,51074,,,0
1901,'Weekday',543,,51137,,,0,64,,51104,,,0,34,,51112,,,0,64,,51120,,,0,33,,51128,,,0,72,,51138,,,0,27,,51105,,,0,76,,51113,,,0,29,,51121,,,0,74,,51129,,,0,33,,51139,,,0,72,,51106,,,0,32,,51114,,,0,72,,51122,,,0,8,,51101,,,0,24,,51130,,,0,72,,51140,,,0,72,,51107,,,0,33,,51115,,,0,68,,51103,,,0,3,,51102,,,0,5,,51123,,,0,32,,51132,,,0,72,,51141,,,0,31,,51108,,,0,71,,51116,,,0,32,,51124,,,0,70,,51131,,,0,24,,51142,,,0,69,,51109,,,0,30,,51117,,,0,70,,51125,,,0,30,,51133,,,0,70,,51144,,,0,30,,51110,,,0,70,,51118,,,0,26,,51126,,,0,68,,51134,,,0,30,,51143,,,0,70,,51111,,,0,30,,51119,,,0,70,,51127,,,0,30,,51135,,,0,70,,51136,,,0
1901,'Weekday0000100',1212,,51145,,,0
1901,'1CCSDCUT-Weekday',543,,51182,,,0,64,,51149,,,0,34,,51157,,,0,64,,51165,,,0,33,,51173,,,0,72,,51183,,,0,27,,51150,,,0,76,,51158,,,0,29,,51166,,,0,74,,51174,,,0,33,,51184,,,0,72,,51151,,,0,32,,51159,,,0,72,,51167,,,0,8,,51146,,,0,24,,51175,,,0,72,,51185,,,0,72,,51152,,,0,33,,51160,,,0,68,,51148,,,0,3,,51147,,,0,5,,51168,,,0,32,,51177,,,0,72,,51186,,,0,31,,51153,,,0,71,,51161,,,0,32,,51169,,,0,70,,51176,,,0,24,,51187,,,0,69,,51154,,,0,30,,51162,,,0,70,,51170,,,0,30,,51178,,,0,70,,51189,,,0,30,,51155,,,0,70,,51163,,,0,26,,51171,,,0,68,,51179,,,0,30,,51188,,,0,70,,51156,,,0,30,,51164,,,0,70,,51172,,,0,30,,51180,,,0,70,,51181,,,0
1901,'1CCSDCUT-Weekday0000100',1212,,51190,,,0
1901,'1PUBCUT-Weekday',543,,51227,,,0,64,,51194,,,0,34,,51202,,,0,64,,51210,,,0,33,,51218,,,0,72,,51228,,,0,27,,51195,,,0,76,,51203,,,0,29,,51211,,,0,74,,51219,,,0,33,,51229,,,0,72,,51196,,,0,32,,51204,,,0,72,,51212,,,0,8,,51191,,,0,24,,51220,,,0,72,,51230,,,0,72,,51197,,,0,33,,51205,,,0,68,,51193,,,0,3,,51192,,,0,5,,51213,,,0,32,,51222,,,0,72,,51231,,,0,31,,51198,,,0,71,,51206,,,0,32,,51214,,,0,70,,51221,,,0,24,,51232,,,0,69,,51199,,,0,30,,51207,,,0,70,,51215,,,0,30,,51223,,,0,70,,51234,,,0,30,,51200,,,0,70,,51208,,,0,26,,51216,,,0,68,,51224,,,0,30,,51233,,,0,70,,51201,,,0,30,,51209,,,0,70,,51217,,,0,30,,51225,,,0,70,,51226,,,0
12000,'Saturday',710,,74632,,,0,46,,74631,,,0,86,,74633,,,0,86,,74634,,,0,86,,74635,,,0,86,,74636,,,0,46,,74637,,,0,88,,74638,,,0,86,,74640,,,0,86,,74639,,,0,46,,74641,,,0,86,,74642,,,0,86,,74643,,,0,86,,74644,,,0,46,,74645,,,0,86,,74646,,,0,86,,74647,,,0,86,,74648,,,0,86,,74649,,,0,43,,74650,,,0,86,,74651,,,0,86,,74652,,,0,86,,74653,,,0
12000,'Sunday',710,,74654,,,0,46,,74655,,,0,86,,74656,,,0,86,,74657,,,0,86,,74658,,,0,86,,74659,,,0,46,,74660,,,0,88,,74661,,,0,86,,74662,,,0,86,,74664,,,0,46,,74663,,,0,86,,74665,,,0,86,,74666,,,0,86,,74667,,,0,46,,74668,,,0,86,,74669,,,0,86,,74670,,,0,86,,74672,,,0,86,,74671,,,0,43,,74673,,,0,86,,74674,,,0,86,,74675,,,0,86,,74676,,,0
12000,'Weekday',535,,74677,,,0,85,,74678,,,0,23,,74703,,,0,62,,74681,,,0,23,,74704,,,0,22,,74680,,,0,63,,74705,,,0,22,,74682,,,0,85,,74683,,,0,85,,74684,,,0,45,,74685,,,0,85,,74686,,,0,85,,74687,,,0,85,,74688,,,0,45,,74689,,,0,85,,74690,,,0,87,,74691,,,0,23,,74708,,,0,62,,74693,,,0,23,,74707,,,0,22,,74694,,,0,63,,74706,,,0,22,,74695,,,0,85,,74692,,,0,83,,74696,,,0,45,,74697,,,0,85,,74698,,,0,85,,74699,,,0,83,,74700,,,0,45,,74701,,,0,85,,74702,,,0,85,,74679,,,0
12000,'1CCSDCUT-Weekday',535,,74709,,,0,85,,74710,,,0,23,,74735,,,0,62,,74713,,,0,23,,74736,,,0,22,,74712,,,0,63,,74737,,,0,22,,74714,,,0,85,,74715,,,0,85,,74716,,,0,45,,74717,,,0,85,,74718,,,0,85,,74719,,,0,85,,74720,,,0,45,,74721,,,0,85,,74722,,,0,87,,74723,,,0,23,,74740,,,0,62,,74725,,,0,23,,74739,,,0,22,,74726,,,0,63,,74738,,,0,22,,74727,,,0,85,,74724,,,0,83,,74728,,,0,45,,74729,,,0,85,,74730,,,0,85,,74731,,,0,83,,74732,,,0,45,,74733,,,0,85,,74734,,,0,85,,74711,,,0
12000,'1PUBCUT-Weekday',535,,74741,,,0,85,,74742,,,0,23,,74767,,,0,62,,74745,,,0,23,,74768,,,0,22,,74744,,,0,63,,74769,,,0,22,,74746,,,0,85,,74747,,,0,85,,74748,,,0,45,,74749,,,0,85,,74750,,,0,85,,74751,,,0,85,,74752,,,0,45,,74753,,,0,85,,74754,,,0,87,,74755,,,0,23,,74772,,,0,62,,74757,,,0,23,,74771,,,0,22,,74758,,,0,63,,74770,,,0,22,,74759,,,0,85,,74756,,,0,83,,74760,,,0,45,,74761,,,0,85,,74762,,,0,85,,74763,,,0,83,,74764,,,0,45,,74765,,,0,85,,74766,,,0,85,,74743,,,0
13400,'Weekday',544,,77228,,,0,90,,77229,,,0,25,,77262,,,0,65,,77230,,,0,25,,77261,,,0,65,,77231,,,0,22,,77260,,,0,68,,77232,,,0,23,,77263,,,0,25,,77233,,,0,65,,77265,,,0,25,,77234,,,0,65,,77253,,,0,25,,77235,,,0,25,,77254,,,0,65,,77236,,,0,25,,77255,,,0,65,,77237,,,0,25,,77264,,,0,65,,77238,,,0,25,,77252,,,0,25,,77239,,,0,67,,77257,,,0,25,,77240,,,0,65,,77256,,,0,25,,77241,,,0,25,,77258,,,0,65,,77242,,,0,25,,77259,,,0,65,,77243,,,0,88,,77244,,,0,50,,77245,,,0,90,,77246,,,0,90,,77247,,,0,90,,77248,,,0,90,,77249,,,0,90,,77250,,,0,50,,77251,,,0
13400,'1CCSDCUT-Weekday',544,,77266,,,0,90,,77267,,,0,25,,77300,,,0,65,,77268,,,0,25,,77299,,,0,65,,77269,,,0,22,,77298,,,0,68,,77270,,,0,23,,77301,,,0,25,,77271,,,0,65,,77303,,,0,25,,77272,,,0,65,,77291,,,0,25,,77273,,,0,25,,77292,,,0,65,,77274,,,0,25,,77293,,,0,65,,77275,,,0,25,,77302,,,0,65,,77276,,,0,25,,77290,,,0,25,,77277,,,0,67,,77295,,,0,25,,77278,,,0,65,,77294,,,0,25,,77279,,,0,25,,77296,,,0,65,,77280,,,0,25,,77297,,,0,65,,77281,,,0,88,,77282,,,0,50,,77283,,,0,90,,77284,,,0,90,,77285,,,0,90,,77286,,,0,90,,77287,,,0,90,,77288,,,0,50,,77289,,,0
13400,'1PUBCUT-Weekday',544,,77304,,,0,90,,77305,,,0,25,,77338,,,0,65,,77306,,,0,25,,77337,,,0,65,,77307,,,0,22,,77336,,,0,68,,77308,,,0,23,,77339,,,0,25,,77309,,,0,65,,77341,,,0,25,,77310,,,0,65,,77329,,,0,25,,77311,,,0,25,,77330,,,0,65,,77312,,,0,25,,77331,,,0,65,,77313,,,0,25,,77340,,,0,65,,77314,,,0,25,,77328,,,0,25,,77315,,,0,67,,77333,,,0,25,,77316,,,0,65,,77332,,,0,25,,77317,,,0,25,,77334,,,0,65,,77318,,,0,25,,77335,,,0,65,,77319,,,0,88,,77320,,,0,50,,77321,,,0,90,,77322,,,0,90,,77323,,,0,90,,77324,,,0,90,,77325,,,0,90,,77326,,,0,50,,77327,,,0
42200,'Saturday',639,,88311,,,0,11,,88311,,,0,89,,88312,,,0,11,,88312,,,0,89,,88313,,,0,11,,88313,,,0,89,,88314,,,0,11,,88314,,,0,89,,88315,,,0,11,,88315,,,0,89,,88316,,,0,11,,88316,,,0,89,,88317,,,0,12,,88317,,,0,88,,88319,,,0,12,,88319,,,0,88,,88318,,,0,12,,88318,,,0,88,,88320,,,0,12,,88320,,,0,88,,88321,,,0,12,,88321,,,0,88,,88322,,,0,12,,88322,,,0,88,,88323,,,0,11,,88323,,,0
42200,'Sunday',639,,88324,,,0,11,,88324,,,0,89,,88325,,,0,11,,88325,,,0,89,,88326,,,0,11,,88326,,,0,89,,88327,,,0,11,,88327,,,0,89,,88328,,,0,11,,88328,,,0,89,,88329,,,0,11,,88329,,,0,89,,88330,,,0,12,,88330,,,0,88,,88331,,,0,12,,88331,,,0,88,,88332,,,0,12,,88332,,,0,88,,88333,,,0,12,,88333,,,0,88,,88334,,,0,12,,88334,,,0,88,,88335,,,0,12,,88335,,,0,88,,88336,,,0,11,,88336,,,0
42200,'Weekday',638,,88337,,,0,12,,88337,,,0,58,,88355,,,0,12,,88355,,,0,18,,88338,,,0,12,,88338,,,0,58,,88359,,,0,12,,88359,,,0,18,,88339,,,0,12,,88339,,,0,58,,88360,,,0,11,,88360,,,0,19,,88340,,,0,11,,88340,,,0,59,,88357,,,0,11,,88357,,,0,19,,88341,,,0,11,,88341,,,0,59,,88358,,,0,11,,88358,,,0,19,,88342,,,0,11,,88342,,,0,59,,88361,,,0,11,,88361,,,0,19,,88343,,,0,11,,88343,,,0,59,,88354,,,0,11,,88354,,,0,19,,88344,,,0,11,,88344,,,0,59,,88363,,,0,11,,88363,,,0,19,,88345,,,0,11,,88345,,,0,68,,88362,,,0,12,,88362,,,0,9,,88346,,,0,12,,88346,,,0,58,,88356,,,0,12,,88356,,,0,18,,88348,,,0,12,,88348,,,0,58,,88364,,,0,12,,88364,,,0,18,,88347,,,0,12,,88347,,,0,58,,88353,,,0,12,,88353,,,0,18,,88351,,,0,11,,88351,,,0,88,,88350,,,0,11,,88350,,,0,89,,88349,,,0,11,,88349,,,0,89,,88352,,,0,11,,88352,,,0
42200,'1CCSDCUT-Weekday',638,,88365,,,0,12,,88365,,,0,58,,88383,,,0,12,,88383,,,0,18,,88366,,,0,12,,88366,,,0,58,,88387,,,0,12,,88387,,,0,18,,88367,,,0,12,,88367,,,0,58,,88388,,,0,11,,88388,,,0,19,,88368,,,0,11,,88368,,,0,59,,88385,,,0,11,,88385,,,0,19,,88369,,,0,11,,88369,,,0,59,,88386,,,0,11,,88386,,,0,19,,88370,,,0,11,,88370,,,0,59,,88389,,,0,11,,88389,,,0,19,,88371,,,0,11,,88371,,,0,59,,88382,,,0,11,,88382,,,0,19,,88372,,,0,11,,88372,,,0,59,,88391,,,0,11,,88391,,,0,19,,88373,,,0,11,,88373,,,0,68,,88390,,,0,12,,88390,,,0,9,,88374,,,0,12,,88374,,,0,58,,88384,,,0,12,,88384,,,0,18,,88376,,,0,12,,88376,,,0,58,,88392,,,0,12,,88392,,,0,18,,88375,,,0,12,,88375,,,0,58,,88381,,,0,12,,88381,,,0,18,,88379,,,0,11,,88379,,,0,88,,88378,,,0,11,,88378,,,0,89,,88377,,,0,11,,88377,,,0,89,,88380,,,0,11,,88380,,,0
42200,'1PUBCUT-Weekday',638,,88393,,,0,12,,88393,,,0,58,,88411,,,0,12,,88411,,,0,18,,88394,,,0,12,,88394,,,0,58,,88415,,,0,12,,88415,,,0,18,,88395,,,0,12,,88395,,,0,58,,88416,,,0,11,,88416,,,0,19,,88396,,,0,11,,88396,,,0,59,,88413,,,0,11,,88413,,,0,19,,88397,,,0,11,,88397,,,0,59,,88414,,,0,11,,88414,,,0,19,,88398,,,0,11,,88398,,,0,59,,88417,,,0,11,,88417,,,0,19,,88399,,,0,11,,88399,,,0,59,,88410,,,0,11,,88410,,,0,19,,88400,,,0,11,,88400,,,0,59,,88419,,,0,11,,88419,,,0,19,,88401,,,0,11,,88401,,,0,68,,88418,,,0,12,,88418,,,0,9,,88402,,,0,12,,88402,,,0,58,,88412,,,0,12,,88412,,,0,18,,88404,,,0,12,,88404,,,0,58,,88420,,,0,12,,88420,,,0,18,,88403,,,0,12,,88403,,,0,58,,88409,,,0,12,,88409,,,0,18,,88407,,,0,11,,88407,,,0,88,,88406,,,0,11,,88406,,,0,89,,88405,,,0,11,,88405,,,0,89,,88408,,,0,11,,88408,,,0
