5600,'Saturday',518,,95616,1,0,111,0,83,,95605,1,0,111,0,45,,95618,1,0,111,0,85,,95607,1,0,111,0,85,,95619,1,0,111,0,85,,95606,1,0,111,0,45,,95620,1,0,111,0,85,,95608,1,0,111,0,85,,95621,1,0,111,0,85,,95610,1,0,111,0,45,,95623,1,0,111,0,85,,95609,1,0,111,0,85,,95622,1,0,111,0,85,,95612,1,0,111,0,45,,95624,1,0,111,0,85,,95613,1,0,111,0,85,,95625,1,0,111,0,85,,95611,1,0,111,0,45,,95627,1,0,111,0,85,,95614,1,0,111,0,85,,95626,1,0,111,0,85,,95615,1,0,111,0,45,,95628,1,0,111,0,85,,95617,1,0,111,0,85,,95629,1,0,111,0
5600,'Sunday',518,,95642,1,0,111,0,83,,95630,1,0,111,0,45,,95643,1,0,111,0,85,,95631,1,0,111,0,85,,95644,1,0,111,0,85,,95632,1,0,111,0,45,,95645,1,0,111,0,85,,95633,1,0,111,0,85,,95646,1,0,111,0,85,,95634,1,0,111,0,45,,95647,1,0,111,0,85,,95635,1,0,111,0,85,,95648,1,0,111,0,85,,95636,1,0,111,0,45,,95649,1,0,111,0,85,,95637,1,0,111,0,85,,95651,1,0,111,0,85,,95638,1,0,111,0,45,,95650,1,0,111,0,85,,95639,1,0,111,0,85,,95652,1,0,111,0,85,,95640,1,0,111,0,45,,95653,1,0,111,0,85,,95641,1,0,111,0,85,,95654,1,0,111,0
5600,'Weekday',529,,95655,1,0,111,0,75,,95656,1,0,111,0,35,,95675,1,0,111,0,75,,95684,1,0,111,0,40,,95676,1,0,111,0,70,,95683,1,0,111,0,35,,95674,1,0,111,0,75,,95657,1,0,111,0,75,,95658,1,0,111,0,35,,95659,1,0,111,0,75,,95660,1,0,111,0,35,,95661,1,0,111,0,75,,95662,1,0,111,0,75,,95663,1,0,111,0,35,,95664,1,0,111,0,75,,95686,1,0,111,0,38,,95685,1,0,111,0,72,,95682,1,0,111,0,80,,95681,1,0,111,0,30,,95678,1,0,111,0,75,,95677,1,0,111,0,35,,95680,1,0,111,0,76,,95679,1,0,111,0,34,,95665,1,0,111,0,75,,95666,1,0,111,0,75,,95668,1,0,111,0,35,,95669,1,0,111,0,75,,95671,1,0,111,0,35,,95672,1,0,111,0,75,,95673,1,0,111,0,35,,95670,1,0,111,0,81,,95667,1,0,111,0
5600,'STMPSa-Saturday',518,,95698,1,0,111,0,83,,95687,1,0,111,0,45,,95700,1,0,111,0,85,,95689,1,0,111,0,85,,95701,1,0,111,0,85,,95688,1,0,111,0,45,,95702,1,0,111,0,85,,95690,1,0,111,0,85,,95703,1,0,111,0,85,,95692,1,0,111,0,45,,95705,1,0,111,0,85,,95691,1,0,111,0,85,,95704,1,0,111,0,85,,95694,1,0,111,0,45,,95706,1,0,111,0,85,,95695,1,0,111,0,85,,95707,1,0,111,0,85,,95693,1,0,111,0,45,,95709,1,0,111,0,85,,95696,1,0,111,0,85,,95708,1,0,111,0,85,,95697,1,0,111,0,45,,95710,1,0,111,0,85,,95699,1,0,111,0,85,,95711,1,0,111,0
5600,'STMPSnea-Weekday',529,,95712,1,0,111,0,75,,95713,1,0,111,0,35,,95732,1,0,111,0,75,,95741,1,0,111,0,40,,95733,1,0,111,0,70,,95740,1,0,111,0,35,,95731,1,0,111,0,75,,95714,1,0,111,0,75,,95715,1,0,111,0,35,,95716,1,0,111,0,75,,95717,1,0,111,0,35,,95718,1,0,111,0,75,,95719,1,0,111,0,75,,95720,1,0,111,0,35,,95721,1,0,111,0,75,,95743,1,0,111,0,38,,95742,1,0,111,0,72,,95739,1,0,111,0,80,,95738,1,0,111,0,30,,95735,1,0,111,0,75,,95734,1,0,111,0,35,,95737,1,0,111,0,76,,95736,1,0,111,0,34,,95722,1,0,111,0,75,,95723,1,0,111,0,75,,95725,1,0,111,0,35,,95726,1,0,111,0,75,,95728,1,0,111,0,35,,95729,1,0,111,0,75,,95730,1,0,111,0,35,,95727,1,0,111,0,81,,95724,1,0,111,0
5600,'STMPSu1-Sunday',518,,95756,1,0,111,0,83,,95744,1,0,111,0,45,,95757,1,0,111,0,85,,95745,1,0,111,0,85,,95758,1,0,111,0,85,,95746,1,0,111,0,45,,95759,1,0,111,0,85,,95747,1,0,111,0,85,,95760,1,0,111,0,85,,95748,1,0,111,0,45,,95761,1,0,111,0,85,,95749,1,0,111,0,85,,95762,1,0,111,0,85,,95750,1,0,111,0,45,,95763,1,0,111,0,85,,95751,1,0,111,0,85,,95765,1,0,111,0,85,,95752,1,0,111,0,45,,95764,1,0,111,0,85,,95753,1,0,111,0,85,,95766,1,0,111,0,85,,95754,1,0,111,0,45,,95767,1,0,111,0,85,,95755,1,0,111,0,85,,95768,1,0,111,0
5600,'STMPSu2-Sunday',518,,95781,1,0,111,0,83,,95769,1,0,111,0,45,,95782,1,0,111,0,85,,95770,1,0,111,0,85,,95783,1,0,111,0,85,,95771,1,0,111,0,45,,95784,1,0,111,0,85,,95772,1,0,111,0,85,,95785,1,0,111,0,85,,95773,1,0,111,0,45,,95786,1,0,111,0,85,,95774,1,0,111,0,85,,95787,1,0,111,0,85,,95775,1,0,111,0,45,,95788,1,0,111,0,85,,95776,1,0,111,0,85,,95790,1,0,111,0,85,,95777,1,0,111,0,45,,95789,1,0,111,0,85,,95778,1,0,111,0,85,,95791,1,0,111,0,85,,95779,1,0,111,0,45,,95792,1,0,111,0,85,,95780,1,0,111,0,85,,95793,1,0,111,0
5600,'STMPWeek-Weekday',529,,95794,1,0,111,0,75,,95795,1,0,111,0,35,,95814,1,0,111,0,75,,95823,1,0,111,0,40,,95815,1,0,111,0,70,,95822,1,0,111,0,35,,95813,1,0,111,0,75,,95796,1,0,111,0,75,,95797,1,0,111,0,35,,95798,1,0,111,0,75,,95799,1,0,111,0,35,,95800,1,0,111,0,75,,95801,1,0,111,0,75,,95802,1,0,111,0,35,,95803,1,0,111,0,75,,95825,1,0,111,0,38,,95824,1,0,111,0,72,,95821,1,0,111,0,80,,95820,1,0,111,0,30,,95817,1,0,111,0,75,,95816,1,0,111,0,35,,95819,1,0,111,0,76,,95818,1,0,111,0,34,,95804,1,0,111,0,75,,95805,1,0,111,0,75,,95807,1,0,111,0,35,,95808,1,0,111,0,75,,95810,1,0,111,0,35,,95811,1,0,111,0,75,,95812,1,0,111,0,35,,95809,1,0,111,0,81,,95806,1,0,111,0
5600,'STMPar-Weekday',529,,95826,1,0,111,0,75,,95827,1,0,111,0,35,,95846,1,0,111,0,75,,95855,1,0,111,0,40,,95847,1,0,111,0,70,,95854,1,0,111,0,35,,95845,1,0,111,0,75,,95828,1,0,111,0,75,,95829,1,0,111,0,35,,95830,1,0,111,0,75,,95831,1,0,111,0,35,,95832,1,0,111,0,75,,95833,1,0,111,0,75,,95834,1,0,111,0,35,,95835,1,0,111,0,75,,95857,1,0,111,0,38,,95856,1,0,111,0,72,,95853,1,0,111,0,80,,95852,1,0,111,0,30,,95849,1,0,111,0,75,,95848,1,0,111,0,35,,95851,1,0,111,0,76,,95850,1,0,111,0,34,,95836,1,0,111,0,75,,95837,1,0,111,0,75,,95839,1,0,111,0,35,,95840,1,0,111,0,75,,95842,1,0,111,0,35,,95843,1,0,111,0,75,,95844,1,0,111,0,35,,95841,1,0,111,0,81,,95838,1,0,111,0
5601,'Saturday',552,,95858,47,4,,0,85,,95871,47,4,,0,85,,95859,47,4,,0,86,,95873,47,4,,0,46,,95860,47,4,,0,85,,95875,47,4,,0,85,,95861,47,4,,0,85,,95874,47,4,,0,45,,95862,47,4,,0,85,,95872,47,4,,0,85,,95863,47,4,,0,85,,95877,47,4,,0,45,,95864,47,4,,0,85,,95878,47,4,,0,85,,95867,47,4,,0,85,,95876,47,4,,0,45,,95865,47,4,,0,85,,95879,47,4,,0,84,,95866,47,4,,0,84,,95880,47,4,,0,45,,95869,47,4,,0,85,,95881,47,4,,0,85,,95868,47,4,,0,85,,95882,47,4,,0,45,,95870,47,4,,0
5601,'Sunday',552,,95883,47,4,,0,85,,95897,47,4,,0,85,,95884,47,4,,0,86,,95898,47,4,,0,46,,95885,47,4,,0,85,,95899,47,4,,0,85,,95886,47,4,,0,85,,95896,47,4,,0,45,,95887,47,4,,0,85,,95900,47,4,,0,85,,95889,47,4,,0,85,,95901,47,4,,0,45,,95888,47,4,,0,85,,95902,47,4,,0,85,,95890,47,4,,0,85,,95903,47,4,,0,45,,95891,47,4,,0,85,,95905,47,4,,0,84,,95892,47,4,,0,84,,95904,47,4,,0,45,,95893,47,4,,0,85,,95906,47,4,,0,85,,95894,47,4,,0,85,,95907,47,4,,0,45,,95895,47,4,,0
5601,'Weekday',508,,95918,47,4,,0,35,,95919,47,4,,0,76,,95920,47,4,,0,37,,95922,47,4,,0,75,,95923,47,4,,0,75,,95924,47,4,,0,35,,95921,47,4,,0,75,,95925,47,4,,0,34,,95926,47,4,,0,75,,95927,47,4,,0,75,,95928,47,4,,0,35,,95929,47,4,,0,75,,95930,47,4,,0,35,,95931,47,4,,0,75,,95933,47,4,,0,35,,95934,47,4,,0,75,,95935,47,4,,0,75,,95932,47,4,,0,38,,95937,47,4,,0,75,,95938,47,4,,0,35,,95936,47,4,,0,75,,95939,47,4,,0,75,,95940,47,4,,0,35,,95941,47,4,,0,75,,95915,47,4,,0,33,,95914,47,4,,0,75,,95913,47,4,,0,35,,95910,47,4,,0,74,,95908,47,4,,0,73,,95911,47,4,,0,35,,95916,47,4,,0,75,,95909,47,4,,0,35,,95912,47,4,,0,75,,95917,47,4,,0
5601,'STMPSa-Saturday',552,,95942,47,4,,0,85,,95955,47,4,,0,85,,95943,47,4,,0,86,,95957,47,4,,0,46,,95944,47,4,,0,85,,95959,47,4,,0,85,,95945,47,4,,0,85,,95958,47,4,,0,45,,95946,47,4,,0,85,,95956,47,4,,0,85,,95947,47,4,,0,85,,95961,47,4,,0,45,,95948,47,4,,0,85,,95962,47,4,,0,85,,95951,47,4,,0,85,,95960,47,4,,0,45,,95949,47,4,,0,85,,95963,47,4,,0,84,,95950,47,4,,0,84,,95964,47,4,,0,45,,95953,47,4,,0,85,,95965,47,4,,0,85,,95952,47,4,,0,85,,95966,47,4,,0,45,,95954,47,4,,0
5601,'STMPSnea-Weekday',508,,95977,47,4,,0,35,,95978,47,4,,0,76,,95979,47,4,,0,37,,95981,47,4,,0,75,,95982,47,4,,0,75,,95983,47,4,,0,35,,95980,47,4,,0,75,,95984,47,4,,0,34,,95985,47,4,,0,75,,95986,47,4,,0,75,,95987,47,4,,0,35,,95988,47,4,,0,75,,95989,47,4,,0,35,,95990,47,4,,0,75,,95992,47,4,,0,35,,95993,47,4,,0,75,,95994,47,4,,0,75,,95991,47,4,,0,38,,95996,47,4,,0,75,,95997,47,4,,0,35,,95995,47,4,,0,75,,95998,47,4,,0,75,,95999,47,4,,0,35,,96000,47,4,,0,75,,95974,47,4,,0,33,,95973,47,4,,0,75,,95972,47,4,,0,35,,95969,47,4,,0,74,,95967,47,4,,0,73,,95970,47,4,,0,35,,95975,47,4,,0,75,,95968,47,4,,0,35,,95971,47,4,,0,75,,95976,47,4,,0
5601,'STMPSu1-Sunday',552,,96001,47,4,,0,85,,96015,47,4,,0,85,,96002,47,4,,0,86,,96017,47,4,,0,46,,96003,47,4,,0,85,,96016,47,4,,0,85,,96004,47,4,,0,85,,96014,47,4,,0,45,,96005,47,4,,0,85,,96018,47,4,,0,85,,96007,47,4,,0,85,,96019,47,4,,0,45,,96006,47,4,,0,85,,96020,47,4,,0,85,,96008,47,4,,0,85,,96021,47,4,,0,45,,96009,47,4,,0,85,,96023,47,4,,0,84,,96010,47,4,,0,84,,96022,47,4,,0,45,,96011,47,4,,0,85,,96024,47,4,,0,85,,96012,47,4,,0,85,,96025,47,4,,0,45,,96013,47,4,,0
5601,'STMPSu2-Sunday',552,,96026,47,4,,0,85,,96040,47,4,,0,85,,96027,47,4,,0,86,,96041,47,4,,0,46,,96028,47,4,,0,85,,96042,47,4,,0,85,,96029,47,4,,0,85,,96039,47,4,,0,45,,96030,47,4,,0,85,,96043,47,4,,0,85,,96032,47,4,,0,85,,96044,47,4,,0,45,,96031,47,4,,0,85,,96045,47,4,,0,85,,96033,47,4,,0,85,,96046,47,4,,0,45,,96034,47,4,,0,85,,96048,47,4,,0,84,,96035,47,4,,0,84,,96047,47,4,,0,45,,96036,47,4,,0,85,,96049,47,4,,0,85,,96037,47,4,,0,85,,96050,47,4,,0,45,,96038,47,4,,0
5601,'STMPWeek-Weekday',508,,96061,47,4,,0,35,,96062,47,4,,0,76,,96063,47,4,,0,37,,96065,47,4,,0,75,,96066,47,4,,0,75,,96067,47,4,,0,35,,96064,47,4,,0,75,,96068,47,4,,0,34,,96069,47,4,,0,75,,96070,47,4,,0,75,,96071,47,4,,0,35,,96072,47,4,,0,75,,96073,47,4,,0,35,,96074,47,4,,0,75,,96076,47,4,,0,35,,96077,47,4,,0,75,,96078,47,4,,0,75,,96075,47,4,,0,38,,96080,47,4,,0,75,,96081,47,4,,0,35,,96079,47,4,,0,75,,96082,47,4,,0,75,,96083,47,4,,0,35,,96084,47,4,,0,75,,96058,47,4,,0,33,,96057,47,4,,0,75,,96056,47,4,,0,35,,96053,47,4,,0,74,,96051,47,4,,0,73,,96054,47,4,,0,35,,96059,47,4,,0,75,,96052,47,4,,0,35,,96055,47,4,,0,75,,96060,47,4,,0
5601,'STMPar-Weekday',508,,96095,47,4,,0,35,,96096,47,4,,0,76,,96097,47,4,,0,37,,96099,47,4,,0,75,,96100,47,4,,0,75,,96101,47,4,,0,35,,96098,47,4,,0,75,,96102,47,4,,0,34,,96103,47,4,,0,75,,96104,47,4,,0,75,,96105,47,4,,0,35,,96106,47,4,,0,75,,96107,47,4,,0,35,,96108,47,4,,0,75,,96110,47,4,,0,35,,96111,47,4,,0,75,,96112,47,4,,0,75,,96109,47,4,,0,38,,96115,47,4,,0,75,,96116,47,4,,0,35,,96113,47,4,,0,75,,96114,47,4,,0,75,,96117,47,4,,0,35,,96118,47,4,,0,75,,96092,47,4,,0,33,,96091,47,4,,0,75,,96090,47,4,,0,35,,96087,47,4,,0,74,,96085,47,4,,0,73,,96088,47,4,,0,35,,96093,47,4,,0,75,,96086,47,4,,0,35,,96089,47,4,,0,75,,96094,47,4,,0
