14900,'Saturday',545,,79408,,,0,66,,79405,,,0,26,,79424,,,0,66,,79409,,,0,26,,79406,,,0,26,,79430,,,0,66,,79407,,,0,26,,79411,,,0,67,,79425,,,0,26,,79410,,,0,66,,79412,,,0,26,,79426,,,0,26,,79415,,,0,66,,79416,,,0,26,,79427,,,0,66,,79413,,,0,26,,79414,,,0,66,,79431,,,0,26,,79417,,,0,66,,79419,,,0,26,,79428,,,0,26,,79420,,,0,66,,79421,,,0,26,,79432,,,0,66,,79418,,,0,26,,79422,,,0,66,,79429,,,0,26,,79423,,,0,26,,79433,,,0
14900,'Sunday',545,,79435,,,0,66,,79436,,,0,26,,79434,,,0,66,,79437,,,0,26,,79438,,,0,26,,79440,,,0,66,,79441,,,0,26,,79442,,,0,67,,79439,,,0,26,,79443,,,0,66,,79445,,,0,26,,79446,,,0,26,,79447,,,0,66,,79444,,,0,26,,79449,,,0,66,,79451,,,0,26,,79452,,,0,66,,79448,,,0,26,,79453,,,0,66,,79450,,,0,26,,79454,,,0,26,,79455,,,0,66,,79457,,,0,26,,79459,,,0,66,,79460,,,0,26,,79456,,,0,66,,79458,,,0,26,,79461,,,0,26,,79462,,,0
14900,'Weekday',453,,79463,,,0,70,,79473,,,0,30,,79483,,,0,70,,79464,,,0,30,,79474,,,0,70,,79484,,,0,30,,79465,,,0,70,,79475,,,0,30,,79485,,,0,70,,79466,,,0,30,,79476,,,0,70,,79486,,,0,30,,79467,,,0,70,,79477,,,0,30,,79487,,,0,70,,79468,,,0,30,,79478,,,0,69,,79488,,,0,31,,79469,,,0,70,,79480,,,0,30,,79489,,,0,71,,79470,,,0,30,,79479,,,0,70,,79490,,,0,30,,79471,,,0,70,,79481,,,0,29,,79491,,,0,70,,79472,,,0,30,,79482,,,0,70,,79492,,,0
14900,'1CCSDCUT-Weekday',453,,79493,,,0,70,,79503,,,0,30,,79513,,,0,70,,79494,,,0,30,,79504,,,0,70,,79514,,,0,30,,79495,,,0,70,,79505,,,0,30,,79515,,,0,70,,79496,,,0,30,,79506,,,0,70,,79516,,,0,30,,79497,,,0,70,,79507,,,0,30,,79517,,,0,70,,79498,,,0,30,,79508,,,0,69,,79518,,,0,31,,79499,,,0,70,,79510,,,0,30,,79519,,,0,71,,79500,,,0,30,,79509,,,0,70,,79520,,,0,30,,79501,,,0,70,,79511,,,0,29,,79521,,,0,70,,79502,,,0,30,,79512,,,0,70,,79522,,,0
14900,'1PUBCUT-Weekday',453,,79523,,,0,70,,79533,,,0,30,,79543,,,0,70,,79524,,,0,30,,79534,,,0,70,,79544,,,0,30,,79525,,,0,70,,79535,,,0,30,,79545,,,0,70,,79526,,,0,30,,79536,,,0,70,,79546,,,0,30,,79527,,,0,70,,79537,,,0,30,,79547,,,0,70,,79528,,,0,30,,79538,,,0,69,,79548,,,0,31,,79529,,,0,70,,79540,,,0,30,,79549,,,0,71,,79530,,,0,30,,79539,,,0,70,,79550,,,0,30,,79531,,,0,70,,79541,,,0,29,,79551,,,0,70,,79532,,,0,30,,79542,,,0,70,,79552,,,0
14901,'Saturday',643,,79554,,,0,66,,79553,,,0,26,,79573,,,0,66,,79556,,,0,26,,79558,,,0,26,,79574,,,0,66,,79555,,,0,27,,79559,,,0,66,,79575,,,0,26,,79557,,,0,66,,79560,,,0,26,,79576,,,0,26,,79561,,,0,66,,79562,,,0,26,,79580,,,0,66,,79564,,,0,26,,79566,,,0,66,,79579,,,0,26,,79567,,,0,26,,79563,,,0,66,,79577,,,0,26,,79568,,,0,66,,79565,,,0,26,,79572,,,0,66,,79569,,,0,26,,79570,,,0,66,,79578,,,0,26,,79571,,,0,26,,79581,,,0
14901,'Sunday',643,,79583,,,0,66,,79584,,,0,26,,79585,,,0,66,,79582,,,0,26,,79586,,,0,26,,79587,,,0,66,,79588,,,0,27,,79589,,,0,66,,79590,,,0,26,,79593,,,0,66,,79594,,,0,26,,79595,,,0,26,,79591,,,0,66,,79592,,,0,26,,79596,,,0,66,,79597,,,0,26,,79598,,,0,66,,79599,,,0,26,,79600,,,0,26,,79601,,,0,66,,79602,,,0,26,,79603,,,0,66,,79604,,,0,26,,79605,,,0,66,,79606,,,0,26,,79607,,,0,66,,79608,,,0,26,,79609,,,0,26,,79610,,,0
14901,'Weekday',559,,79612,,,0,75,,79620,,,0,71,,79632,,,0,30,,79611,,,0,70,,79623,,,0,29,,79631,,,0,68,,79613,,,0,30,,79622,,,0,70,,79633,,,0,30,,79614,,,0,70,,79624,,,0,30,,79634,,,0,70,,79615,,,0,30,,79625,,,0,70,,79635,,,0,30,,79616,,,0,70,,79626,,,0,30,,79636,,,0,73,,79617,,,0,30,,79627,,,0,70,,79637,,,0,30,,79618,,,0,70,,79628,,,0,30,,79638,,,0,69,,79619,,,0,28,,79629,,,0,69,,79639,,,0,30,,79621,,,0,70,,79630,,,0
14901,'1CCSDCUT-Weekday',559,,79641,,,0,75,,79649,,,0,71,,79661,,,0,30,,79640,,,0,70,,79652,,,0,29,,79660,,,0,68,,79642,,,0,30,,79651,,,0,70,,79662,,,0,30,,79643,,,0,70,,79653,,,0,30,,79663,,,0,70,,79644,,,0,30,,79654,,,0,70,,79664,,,0,30,,79645,,,0,70,,79655,,,0,30,,79665,,,0,73,,79646,,,0,30,,79656,,,0,70,,79666,,,0,30,,79647,,,0,70,,79657,,,0,30,,79667,,,0,69,,79648,,,0,28,,79658,,,0,69,,79668,,,0,30,,79650,,,0,70,,79659,,,0
14901,'1PUBCUT-Weekday',559,,79670,,,0,75,,79678,,,0,71,,79690,,,0,30,,79669,,,0,70,,79681,,,0,29,,79689,,,0,68,,79671,,,0,30,,79680,,,0,70,,79691,,,0,30,,79672,,,0,70,,79682,,,0,30,,79692,,,0,70,,79673,,,0,30,,79683,,,0,70,,79693,,,0,30,,79674,,,0,70,,79684,,,0,30,,79694,,,0,73,,79675,,,0,30,,79685,,,0,70,,79695,,,0,30,,79676,,,0,70,,79686,,,0,30,,79696,,,0,69,,79677,,,0,28,,79687,,,0,69,,79697,,,0,30,,79679,,,0,70,,79688,,,0
