13400,'Weekday',535,,56934,11,,,0,90,,56935,11,,,0,25,,56968,11,,,0,65,,56936,11,,,0,25,,56967,11,,,0,65,,56937,11,,,0,22,,56966,11,,,0,28,,56938,11,,,0,64,,56969,11,,,0,25,,56939,11,,,0,65,,56971,11,,,0,25,,56940,11,,,0,25,,56959,11,,,0,65,,56941,11,,,0,25,,56960,11,,,0,65,,56942,11,,,0,25,,56961,11,,,0,65,,56943,11,,,0,25,,56970,11,,,0,25,,56944,11,,,0,65,,56958,11,,,0,25,,56945,11,,,0,66,,56963,11,,,0,25,,56946,11,,,0,65,,56962,11,,,0,25,,56947,11,,,0,25,,56964,11,,,0,65,,56948,11,,,0,25,,56965,11,,,0,65,,56949,11,,,0,49,,56950,11,,,0,90,,56951,11,,,0,90,,56952,11,,,0,90,,56953,11,,,0,90,,56954,11,,,0,90,,56955,11,,,0,50,,56956,11,,,0,90,,56957,11,,,0
13400,'1CCSDCUT-Weekday',535,,56972,11,,,0,90,,56973,11,,,0,25,,57006,11,,,0,65,,56974,11,,,0,25,,57005,11,,,0,65,,56975,11,,,0,22,,57004,11,,,0,28,,56976,11,,,0,64,,57007,11,,,0,25,,56977,11,,,0,65,,57009,11,,,0,25,,56978,11,,,0,25,,56997,11,,,0,65,,56979,11,,,0,25,,56998,11,,,0,65,,56980,11,,,0,25,,56999,11,,,0,65,,56981,11,,,0,25,,57008,11,,,0,25,,56982,11,,,0,65,,56996,11,,,0,25,,56983,11,,,0,66,,57001,11,,,0,25,,56984,11,,,0,65,,57000,11,,,0,25,,56985,11,,,0,25,,57002,11,,,0,65,,56986,11,,,0,25,,57003,11,,,0,65,,56987,11,,,0,49,,56988,11,,,0,90,,56989,11,,,0,90,,56990,11,,,0,90,,56991,11,,,0,90,,56992,11,,,0,90,,56993,11,,,0,50,,56994,11,,,0,90,,56995,11,,,0
13400,'1PUBCUT-Weekday',535,,57010,11,,,0,90,,57011,11,,,0,25,,57044,11,,,0,65,,57012,11,,,0,25,,57043,11,,,0,65,,57013,11,,,0,22,,57042,11,,,0,28,,57014,11,,,0,64,,57045,11,,,0,25,,57015,11,,,0,65,,57047,11,,,0,25,,57016,11,,,0,25,,57035,11,,,0,65,,57017,11,,,0,25,,57036,11,,,0,65,,57018,11,,,0,25,,57037,11,,,0,65,,57019,11,,,0,25,,57046,11,,,0,25,,57020,11,,,0,65,,57034,11,,,0,25,,57021,11,,,0,66,,57039,11,,,0,25,,57022,11,,,0,65,,57038,11,,,0,25,,57023,11,,,0,25,,57040,11,,,0,65,,57024,11,,,0,25,,57041,11,,,0,65,,57025,11,,,0,49,,57026,11,,,0,90,,57027,11,,,0,90,,57028,11,,,0,90,,57029,11,,,0,90,,57030,11,,,0,90,,57031,11,,,0,50,,57032,11,,,0,90,,57033,11,,,0
79400,'Weekday',742,,68816,18,0,210 56 1 193 79,0
79400,'1CCSDCUT-Weekday',742,,68817,18,0,210 56 1 193 79,0
79400,'1PUBCUT-Weekday',742,,68818,18,0,210 56 1 193 79,0
82000,'Weekday',821,,68952,17,0,12 13 1 199 145 119,0
82000,'1PUBCUT-Weekday',821,,68953,17,0,12 13 1 199 145 119,0
83600,'Weekday',757,,69004,25,0,12 196 197 198 199 145,0
83600,'1PUBCUT-Weekday',757,,69005,25,0,12 196 197 198 199 145,0
