800,'Saturday',736,,47651,,,0,67,,47648,,,0,27,,47649,,,0,27,,47652,,,0,67,,47653,,,0,27,,47654,,,0,67,,47655,,,0,27,,47656,,,0,67,,47658,,,0,27,,47659,,,0,67,,47660,,,0,27,,47657,,,0,67,,47661,,,0,27,,47662,,,0,27,,47663,,,0,67,,47664,,,0,27,,47665,,,0,67,,47666,,,0,27,,47667,,,0,67,,47668,,,0,27,,47650,,,0,67,,47669,,,0,27,,47670,,,0,27,,47671,,,0,67,,47672,,,0,27,,47673,,,0,67,,47674,,,0,27,,47675,,,0,67,,47676,,,0,37,,47677,,,0,77,,47678,,,0,75,,47679,,,0,35,,47680,,,0,75,,47681,,,0,35,,47682,,,0,75,,47683,,,0,35,,47684,,,0
800,'Sunday',736,,47686,,,0,67,,47685,,,0,27,,47688,,,0,27,,47687,,,0,67,,47689,,,0,27,,47690,,,0,67,,47691,,,0,27,,47693,,,0,67,,47692,,,0,27,,47694,,,0,67,,47695,,,0,27,,47696,,,0,67,,47698,,,0,27,,47700,,,0,27,,47699,,,0,67,,47697,,,0,27,,47702,,,0,67,,47701,,,0,27,,47703,,,0,67,,47705,,,0,27,,47707,,,0,67,,47706,,,0,27,,47708,,,0,27,,47709,,,0,67,,47704,,,0,27,,47710,,,0,67,,47712,,,0,27,,47711,,,0,67,,47713,,,0,37,,47714,,,0,77,,47715,,,0,75,,47716,,,0,35,,47717,,,0,75,,47719,,,0,35,,47718,,,0,75,,47720,,,0,35,,47721,,,0
800,'Weekday',520,,47722,,,0,17,,47725,,,0,17,,47737,,,0,57,,47757,,,0,17,,47767,,,0,17,,47786,,,0,57,,47749,,,0,17,,47723,,,0,17,,47726,,,0,17,,47738,,,0,57,,47758,,,0,17,,47765,,,0,5,,47780,,,0,6,,47781,,,0,6,,47787,,,0,9,,47782,,,0,47,,47750,,,0,15,,47724,,,0,15,,47727,,,0,16,,47739,,,0,61,,47759,,,0,21,,47788,,,0,21,,47751,,,0,61,,47728,,,0,21,,47740,,,0,21,,47760,,,0,61,,47789,,,0,21,,47752,,,0,21,,47729,,,0,61,,47741,,,0,22,,47762,,,0,64,,47790,,,0,22,,47754,,,0,20,,47797,,,0,1,,47730,,,0,64,,47742,,,0,17,,47761,,,0,5,,47772,,,0,5,,47774,,,0,7,,47768,,,0,5,,47775,,,0,5,,47771,,,0,47,,47791,,,0,5,,47783,,,0,5,,47776,,,0,7,,47753,,,0,5,,47784,,,0,5,,47777,,,0,7,,47731,,,0,5,,47785,,,0,5,,47778,,,0,7,,47770,,,0,5,,47779,,,0,45,,47773,,,0,7,,47743,,,0,17,,47763,,,0,17,,47769,,,0,17,,47792,,,0,57,,47755,,,0,24,,47732,,,0,60,,47744,,,0,22,,47764,,,0,19,,47793,,,0,59,,47756,,,0,21,,47733,,,0,20,,47745,,,0,61,,47766,,,0,21,,47796,,,0,32,,47734,,,0,74,,47746,,,0,73,,47794,,,0,33,,47735,,,0,73,,47747,,,0,33,,47795,,,0,73,,47736,,,0,26,,47748,,,0
800,'Weekday1111000',1441,,47798,,,0
800,'1CCSDCUT-Weekday',520,,47799,,,0,17,,47802,,,0,17,,47814,,,0,57,,47834,,,0,17,,47844,,,0,17,,47863,,,0,57,,47826,,,0,17,,47800,,,0,17,,47803,,,0,17,,47815,,,0,57,,47835,,,0,17,,47842,,,0,5,,47857,,,0,6,,47858,,,0,6,,47864,,,0,9,,47859,,,0,47,,47827,,,0,15,,47801,,,0,15,,47804,,,0,16,,47816,,,0,61,,47836,,,0,21,,47865,,,0,21,,47828,,,0,61,,47805,,,0,21,,47817,,,0,21,,47837,,,0,61,,47866,,,0,21,,47829,,,0,21,,47806,,,0,61,,47818,,,0,22,,47839,,,0,64,,47867,,,0,22,,47831,,,0,20,,47874,,,0,1,,47807,,,0,64,,47819,,,0,17,,47838,,,0,5,,47849,,,0,5,,47851,,,0,7,,47845,,,0,5,,47852,,,0,5,,47848,,,0,47,,47868,,,0,5,,47860,,,0,5,,47853,,,0,7,,47830,,,0,5,,47861,,,0,5,,47854,,,0,7,,47808,,,0,5,,47862,,,0,5,,47855,,,0,7,,47847,,,0,5,,47856,,,0,45,,47850,,,0,7,,47820,,,0,17,,47840,,,0,17,,47846,,,0,17,,47869,,,0,57,,47832,,,0,24,,47809,,,0,60,,47821,,,0,22,,47841,,,0,19,,47870,,,0,59,,47833,,,0,21,,47810,,,0,20,,47822,,,0,61,,47843,,,0,21,,47873,,,0,32,,47811,,,0,74,,47823,,,0,73,,47871,,,0,33,,47812,,,0,73,,47824,,,0,33,,47872,,,0,73,,47813,,,0,26,,47825,,,0
800,'1CCSDCUT-Weekday1111000',1441,,47875,,,0
800,'1PUBCUT-Weekday',520,,47876,,,0,17,,47879,,,0,17,,47891,,,0,57,,47911,,,0,17,,47921,,,0,17,,47940,,,0,57,,47903,,,0,17,,47877,,,0,17,,47880,,,0,17,,47892,,,0,57,,47912,,,0,17,,47919,,,0,5,,47934,,,0,6,,47935,,,0,6,,47941,,,0,9,,47936,,,0,47,,47904,,,0,15,,47878,,,0,15,,47881,,,0,16,,47893,,,0,61,,47913,,,0,21,,47942,,,0,21,,47905,,,0,61,,47882,,,0,21,,47894,,,0,21,,47914,,,0,61,,47943,,,0,21,,47906,,,0,21,,47883,,,0,61,,47895,,,0,22,,47916,,,0,64,,47944,,,0,22,,47908,,,0,20,,47951,,,0,1,,47884,,,0,64,,47896,,,0,17,,47915,,,0,5,,47926,,,0,5,,47928,,,0,7,,47922,,,0,5,,47929,,,0,5,,47925,,,0,47,,47945,,,0,5,,47937,,,0,5,,47930,,,0,7,,47907,,,0,5,,47938,,,0,5,,47931,,,0,7,,47885,,,0,5,,47939,,,0,5,,47932,,,0,7,,47924,,,0,5,,47933,,,0,45,,47927,,,0,7,,47897,,,0,17,,47917,,,0,17,,47923,,,0,17,,47946,,,0,57,,47909,,,0,24,,47886,,,0,60,,47898,,,0,22,,47918,,,0,19,,47947,,,0,59,,47910,,,0,21,,47887,,,0,20,,47899,,,0,61,,47920,,,0,21,,47950,,,0,32,,47888,,,0,74,,47900,,,0,73,,47948,,,0,33,,47889,,,0,73,,47901,,,0,33,,47949,,,0,73,,47890,,,0,26,,47902,,,0
800,'1PUBCUT-Weekday1111000',1441,,47952,,,0
6200,'Weekday',1658,,62152,,,0,72,,62151,,,0,75,,62153,,,0
6200,'1CCSDCUT-Weekday',1658,,62155,,,0,72,,62154,,,0,75,,62156,,,0
6200,'1PUBCUT-Weekday',1658,,62158,,,0,72,,62157,,,0,75,,62159,,,0
6201,'Weekday',612,,62160,,,0,26,,62161,,,0,68,,62162,,,0
6201,'1CCSDCUT-Weekday',612,,62163,,,0,26,,62164,,,0,68,,62165,,,0
6201,'1PUBCUT-Weekday',612,,62166,,,0,26,,62167,,,0,68,,62168,,,0
11800,'Saturday',726,,74383,,,0,28,,74357,,,0,70,,74354,,,0,30,,74355,,,0,70,,74359,,,0,30,,74364,,,0,70,,74365,,,0,30,,74361,,,0,70,,74360,,,0,30,,74362,,,0,70,,74358,,,0,30,,74366,,,0,70,,74370,,,0,30,,74371,,,0,70,,74367,,,0,30,,74363,,,0,70,,74368,,,0,30,,74356,,,0,70,,74369,,,0,30,,74373,,,0,70,,74372,,,0,30,,74375,,,0,70,,74376,,,0,30,,74377,,,0,70,,74374,,,0,30,,74378,,,0,70,,74379,,,0,30,,74380,,,0,70,,74381,,,0,30,,74382,,,0,70,,74384,,,0
11800,'Sunday',754,,74412,,,0,70,,74385,,,0,30,,74388,,,0,70,,74386,,,0,30,,74389,,,0,70,,74390,,,0,30,,74391,,,0,70,,74393,,,0,30,,74394,,,0,70,,74395,,,0,30,,74392,,,0,70,,74387,,,0,30,,74396,,,0,70,,74397,,,0,30,,74398,,,0,70,,74399,,,0,30,,74400,,,0,70,,74402,,,0,30,,74403,,,0,70,,74404,,,0,30,,74401,,,0,70,,74405,,,0,30,,74406,,,0,70,,74407,,,0,30,,74408,,,0,70,,74409,,,0,30,,74410,,,0,70,,74411,,,0,30,,74413,,,0,70,,74414,,,0
11800,'Weekday',503,,74418,,,0,42,,74420,,,0,78,,74415,,,0,30,,74416,,,0,70,,74417,,,0,30,,74421,,,0,70,,74419,,,0,29,,74422,,,0,69,,74423,,,0,30,,74424,,,0,70,,74425,,,0,30,,74426,,,0,70,,74428,,,0,30,,74429,,,0,70,,74430,,,0,30,,74427,,,0,70,,74431,,,0,30,,74432,,,0,70,,74433,,,0,30,,74434,,,0,71,,74435,,,0,32,,74436,,,0,70,,74439,,,0,30,,74441,,,0,70,,74437,,,0,30,,74438,,,0,74,,74440,,,0,29,,74442,,,0,70,,74443,,,0,30,,74445,,,0,70,,74446,,,0,30,,74447,,,0,70,,74444,,,0,30,,74448,,,0,70,,74449,,,0,30,,74450,,,0,70,,74451,,,0
11800,'1CCSDCUT-Weekday',503,,74455,,,0,42,,74457,,,0,78,,74452,,,0,30,,74453,,,0,70,,74454,,,0,30,,74458,,,0,70,,74456,,,0,29,,74459,,,0,69,,74460,,,0,30,,74461,,,0,70,,74462,,,0,30,,74463,,,0,70,,74465,,,0,30,,74466,,,0,70,,74467,,,0,30,,74464,,,0,70,,74468,,,0,30,,74469,,,0,70,,74470,,,0,30,,74471,,,0,71,,74472,,,0,32,,74473,,,0,70,,74476,,,0,30,,74478,,,0,70,,74474,,,0,30,,74475,,,0,74,,74477,,,0,29,,74479,,,0,70,,74480,,,0,30,,74482,,,0,70,,74483,,,0,30,,74484,,,0,70,,74481,,,0,30,,74485,,,0,70,,74486,,,0,30,,74487,,,0,70,,74488,,,0
11800,'1PUBCUT-Weekday',503,,74492,,,0,42,,74494,,,0,78,,74489,,,0,30,,74490,,,0,70,,74491,,,0,30,,74495,,,0,70,,74493,,,0,29,,74496,,,0,69,,74497,,,0,30,,74498,,,0,70,,74499,,,0,30,,74500,,,0,70,,74502,,,0,30,,74503,,,0,70,,74504,,,0,30,,74501,,,0,70,,74505,,,0,30,,74506,,,0,70,,74507,,,0,30,,74508,,,0,71,,74509,,,0,32,,74510,,,0,70,,74513,,,0,30,,74515,,,0,70,,74511,,,0,30,,74512,,,0,74,,74514,,,0,29,,74516,,,0,70,,74517,,,0,30,,74519,,,0,70,,74520,,,0,30,,74521,,,0,70,,74518,,,0,30,,74522,,,0,70,,74523,,,0,30,,74524,,,0,70,,74525,,,0
