1201,'Saturday',800,42,49239,,,0,30,2,49243,,,0,70,42,49259,,,0,30,2,49244,,,0,70,42,49257,,,0,30,2,49242,,,0,70,42,49240,,,0,30,2,49241,,,0,70,42,49258,,,0,30,2,49246,,,0,70,42,49250,,,0,30,2,49265,,,0,70,42,49245,,,0,30,2,49251,,,0,70,42,49261,,,0,30,2,49248,,,0,70,42,49247,,,0,30,2,49266,,,0,70,42,49249,,,0,30,2,49253,,,0,70,42,49262,,,0,30,2,49254,,,0,70,42,49267,,,0,30,2,49260,,,0,70,42,49268,,,0,30,2,49255,,,0,70,42,49269,,,0,30,2,49252,,,0,70,42,49270,,,0,30,2,49264,,,0,70,42,49271,,,0,30,2,49256,,,0
1201,'Sunday',830,2,49274,,,0,70,42,49296,,,0,30,2,49275,,,0,70,42,49272,,,0,30,2,49292,,,0,70,42,49277,,,0,30,2,49279,,,0,70,42,49298,,,0,30,2,49276,,,0,70,42,49280,,,0,30,2,49282,,,0,70,42,49295,,,0,30,2,49283,,,0,70,42,49278,,,0,30,2,49293,,,0,70,42,49281,,,0,30,2,49284,,,0,70,42,49299,,,0,30,2,49285,,,0,70,42,49286,,,0,30,2,49294,,,0,70,42,49287,,,0,30,2,49288,,,0,70,42,49297,,,0,30,2,49289,,,0,70,42,49290,,,0,30,2,49302,,,0,70,42,49291,,,0,30,2,49304,,,0,70,42,49300,,,0,30,2,49303,,,0
1201,'Weekday',523,,49306,,,0,33,,49307,4,,0,1,,49305,,,0,65,,49310,4,,0,5,,49311,,,0,26,,49308,,,0,70,,49309,,,0,30,,49312,,,0,55,,49313,4,,0,15,,49314,,,0,30,,49315,,,0,70,,49316,,,0,30,,49318,,,0,70,,49319,,,0,30,,49317,,,0,70,,49321,,,0,30,,49322,,,0,70,,49320,,,0,30,,49323,,,0,72,,49324,,,0,28,,49325,,,0,70,,49326,,,0,30,,49328,,,0,75,,49329,,,0,28,,49330,,,0,55,,49327,,,0,15,,49332,,,0,30,,49333,,,0,70,,49334,,,0,30,,49331,,,0,70,,49335,,,0,75,,49336,,,0,30,,49337,,,0,70,,49338,,,0,30,,49339,,,0,70,,49340,,,0,30,,49341,,,0,70,,49342,,,0,30,,49343,,,0,70,,49344,,,0,30,,49345,,,0
1201,'1CCSDCUT-Weekday',523,,49348,,,0,33,,49349,4,,0,1,,49347,,,0,65,,49352,4,,0,5,,49353,,,0,26,,49350,,,0,70,,49351,,,0,30,,49354,,,0,55,,49355,4,,0,15,,49356,,,0,30,,49357,,,0,70,,49358,,,0,30,,49360,,,0,70,,49361,,,0,30,,49359,,,0,70,,49363,,,0,30,,49364,,,0,70,,49362,,,0,30,,49365,,,0,72,,49366,,,0,28,,49367,,,0,70,,49368,,,0,30,,49370,,,0,75,,49371,,,0,28,,49372,,,0,55,,49369,,,0,15,,49374,,,0,30,,49375,,,0,70,,49376,,,0,30,,49373,,,0,70,,49377,,,0,75,,49378,,,0,30,,49379,,,0,70,,49380,,,0,30,,49381,,,0,70,,49382,,,0,30,,49383,,,0,70,,49384,,,0,30,,49385,,,0,70,,49386,,,0,30,,49387,,,0
1201,'1PUBCUT-Weekday',523,,49390,,,0,33,,49391,4,,0,1,,49389,,,0,65,,49394,4,,0,5,,49395,,,0,26,,49392,,,0,70,,49393,,,0,30,,49396,,,0,55,,49397,4,,0,15,,49398,,,0,30,,49399,,,0,70,,49400,,,0,30,,49402,,,0,70,,49403,,,0,30,,49401,,,0,70,,49405,,,0,30,,49406,,,0,70,,49404,,,0,30,,49407,,,0,72,,49408,,,0,28,,49409,,,0,70,,49410,,,0,30,,49412,,,0,75,,49413,,,0,28,,49414,,,0,55,,49411,,,0,15,,49416,,,0,30,,49417,,,0,70,,49418,,,0,30,,49415,,,0,70,,49419,,,0,75,,49420,,,0,30,,49421,,,0,70,,49422,,,0,30,,49423,,,0,70,,49424,,,0,30,,49425,,,0,70,,49426,,,0,30,,49427,,,0,70,,49428,,,0,30,,49429,,,0
19400,'Weekday',518,,83024,4,,0,19,,83025,4,,0,65,,83026,4,,0,27,,83027,4,,0,25,,83028,4,,0,65,,83029,4,,0,25,,83030,4,,0,65,,83031,4,,0,25,,83032,4,,0,25,,83033,4,,0,74,,83034,4,,0,90,,83035,4,,0,90,,83037,4,,0,90,,83038,4,,0,50,,83039,4,,0,90,,83036,4,,0,91,,83040,4,,0,70,,83041,4,,0,30,,83042,4,,0,20,,83044,4,,0,66,,83046,4,,0,24,,83047,4,,0,65,,83045,4,,0,25,,83049,4,,0,25,,83050,4,,0,65,,83043,4,,0,25,,83048,4,,0,64,,83051,4,,0
19400,'1CCSDCUT-Weekday',518,,83052,4,,0,19,,83053,4,,0,65,,83054,4,,0,27,,83055,4,,0,25,,83056,4,,0,65,,83057,4,,0,25,,83058,4,,0,65,,83059,4,,0,25,,83060,4,,0,25,,83061,4,,0,74,,83062,4,,0,90,,83063,4,,0,90,,83065,4,,0,90,,83066,4,,0,50,,83067,4,,0,90,,83064,4,,0,91,,83068,4,,0,70,,83069,4,,0,30,,83070,4,,0,20,,83072,4,,0,66,,83074,4,,0,24,,83075,4,,0,65,,83073,4,,0,25,,83077,4,,0,25,,83078,4,,0,65,,83071,4,,0,25,,83076,4,,0,64,,83079,4,,0
19400,'1PUBCUT-Weekday',518,,83080,4,,0,19,,83081,4,,0,65,,83082,4,,0,27,,83083,4,,0,25,,83084,4,,0,65,,83085,4,,0,25,,83086,4,,0,65,,83087,4,,0,25,,83088,4,,0,25,,83089,4,,0,74,,83090,4,,0,90,,83091,4,,0,90,,83093,4,,0,90,,83094,4,,0,50,,83095,4,,0,90,,83092,4,,0,91,,83096,4,,0,70,,83097,4,,0,30,,83098,4,,0,20,,83100,4,,0,66,,83102,4,,0,24,,83103,4,,0,65,,83101,4,,0,25,,83105,4,,0,25,,83106,4,,0,65,,83099,4,,0,25,,83104,4,,0,64,,83107,4,,0
19401,'Weekday',454,,83109,,,0,65,,83108,,,0,25,,83110,,,0,65,,83111,,,0,25,,83112,,,0,25,,83113,,,0,65,,83114,,,0,25,,83115,,,0,60,,83116,,,0,40,,83117,,,0,90,,83118,,,0,90,,83119,,,0,90,,83120,,,0,90,,83121,,,0,50,,83122,,,0,90,,83124,,,0,70,,83125,,,0,29,,83126,,,0,61,,83123,,,0,25,,83127,,,0,25,,83128,,,0,65,,83129,,,0,25,,83130,,,0,65,,83131,,,0,25,,83132,,,0,65,,83133,,,0,25,,83134,,,0,20,,83135,,,0
19401,'1CCSDCUT-Weekday',454,,83138,,,0,65,,83137,,,0,25,,83139,,,0,65,,83140,,,0,25,,83141,,,0,25,,83142,,,0,65,,83143,,,0,25,,83144,,,0,60,,83145,,,0,40,,83146,,,0,90,,83147,,,0,90,,83148,,,0,90,,83149,,,0,90,,83150,,,0,50,,83151,,,0,90,,83153,,,0,70,,83154,,,0,29,,83155,,,0,61,,83152,,,0,25,,83156,,,0,25,,83157,,,0,65,,83158,,,0,25,,83159,,,0,65,,83160,,,0,25,,83161,,,0,65,,83162,,,0,25,,83163,,,0,20,,83164,,,0
19401,'1PUBCUT-Weekday',454,,83167,,,0,65,,83166,,,0,25,,83168,,,0,65,,83169,,,0,25,,83170,,,0,25,,83171,,,0,65,,83172,,,0,25,,83173,,,0,60,,83174,,,0,40,,83175,,,0,90,,83176,,,0,90,,83177,,,0,90,,83178,,,0,90,,83179,,,0,50,,83180,,,0,90,,83182,,,0,70,,83183,,,0,29,,83184,,,0,61,,83181,,,0,25,,83185,,,0,25,,83186,,,0,65,,83187,,,0,25,,83188,,,0,65,,83189,,,0,25,,83190,,,0,65,,83191,,,0,25,,83192,,,0,20,,83193,,,0
87301,'Weekday',1512,,89411,4,,0
87301,'1PUBCUT-Weekday',1512,,89413,4,,0
