3800,'Saturday',446,,56098,,,0,68,,56108,,,0,28,,56119,,,0,63,,56128,,,0,22,,56135,,,0,21,,56099,,,0,62,,56109,,,0,24,,56118,,,0,23,,56130,,,0,61,,56136,,,0,21,,56100,,,0,62,,56110,,,0,26,,56120,,,0,23,,56129,,,0,61,,56137,,,0,21,,56101,,,0,22,,56111,,,0,60,,56145,,,0,20,,56121,,,0,22,,56131,,,0,63,,56139,,,0,23,,56103,,,0,63,,56112,,,0,22,,56146,,,0,21,,56122,,,0,62,,56132,,,0,23,,56138,,,0,23,,56102,,,0,63,,56113,,,0,21,,56147,,,0,61,,56123,,,0,22,,56133,,,0,22,,56140,,,0,62,,56104,,,0,22,,56114,,,0,22,,56148,,,0,61,,56124,,,0,21,,56134,,,0,23,,56141,,,0,61,,56105,,,0,23,,56115,,,0,64,,56149,,,0,24,,56125,,,0,24,,56142,,,0,64,,56106,,,0,24,,56116,,,0,64,,56150,,,0,24,,56126,,,0,24,,56143,,,0,64,,56107,,,0,24,,56117,,,0,64,,56151,,,0,24,,56127,,,0,24,,56144,,,0
3800,'Sunday',446,,56153,,,0,68,,56180,,,0,28,,56163,,,0,63,,56173,,,0,22,,56190,,,0,21,,56154,,,0,62,,56181,,,0,24,,56164,,,0,23,,56174,,,0,61,,56191,,,0,21,,56155,,,0,62,,56182,,,0,26,,56165,,,0,23,,56175,,,0,61,,56193,,,0,21,,56156,,,0,22,,56183,,,0,60,,56201,,,0,20,,56166,,,0,22,,56177,,,0,63,,56192,,,0,23,,56157,,,0,63,,56185,,,0,22,,56202,,,0,21,,56167,,,0,62,,56176,,,0,23,,56194,,,0,23,,56158,,,0,63,,56184,,,0,21,,56203,,,0,61,,56168,,,0,22,,56178,,,0,22,,56195,,,0,62,,56160,,,0,22,,56186,,,0,22,,56204,,,0,61,,56169,,,0,21,,56179,,,0,23,,56196,,,0,61,,56159,,,0,23,,56187,,,0,64,,56205,,,0,24,,56170,,,0,24,,56197,,,0,64,,56161,,,0,24,,56188,,,0,64,,56206,,,0,24,,56171,,,0,24,,56198,,,0,64,,56162,,,0,24,,56189,,,0,64,,56207,,,0,24,,56172,,,0,24,,56199,,,0
3800,'Weekday',434,,56221,,,0,14,,56228,,,0,54,,56229,,,0,13,,56230,,,0,13,,56231,,,0,15,,56233,,,0,14,,56235,,,0,54,,56236,,,0,14,,56232,,,0,13,,56237,,,0,13,,56234,,,0,54,,56238,,,0,15,,56239,,,0,12,,56241,,,0,13,,56242,,,0,14,,56243,,,0,55,,56240,,,0,15,,56244,,,0,15,,56245,,,0,10,,56225,0,121 47,0,46,,56246,,,0,17,,56248,,,0,19,,56216,,,0,15,,56213,,,0,58,,56210,,,0,18,,56226,,,0,18,,56222,,,0,58,,56208,,,0,18,,56219,,,0,18,,56217,,,0,17,,56214,,,0,57,,56211,,,0,19,,56223,,,0,18,,56227,,,0,57,,56209,,,0,18,,56220,,,0,18,,56218,,,0,16,,56215,,,0,56,,56212,,,0,13,,56224,,,0,15,,56249,,,0,15,,56264,,,0,56,,56250,,,0,15,,56247,,,0,15,,56253,,,0,15,,56252,,,0,53,,56254,,,0,15,,56251,,,0,15,,56256,,,0,16,,56255,,,0,55,,56257,,,0,15,,56258,,,0,14,,56260,,,0,15,,56259,,,0,54,,56262,,,0,14,,56261,,,0,15,,56263,,,0,64,,56265,,,0,24,,56266,,,0,24,,56267,,,0,64,,56268,,,0,24,,56269,,,0,63,,56270,,,0,24,,56271,,,0,24,,56272,,,0,64,,56273,,,0,23,,56274,,,0,63,,56275,,,0,23,,56276,,,0,24,,56277,,,0,64,,56278,,,0,23,,56279,,,0,22,,56280,,,0,62,,56281,,,0
3800,'Weekday0000100',912,,56284,0,121 47,0,442,,56282,,,0,82,,56283,,,0
3800,'Weekday1111000',849,,56287,0,121 47,0,685,,56288,,,0,5,,56286,,,0,2,,56285,,,0
3800,'1CCSDCUT-Weekday',434,,56302,,,0,14,,56309,,,0,54,,56310,,,0,13,,56311,,,0,13,,56312,,,0,15,,56314,,,0,14,,56316,,,0,54,,56317,,,0,14,,56313,,,0,13,,56318,,,0,13,,56315,,,0,54,,56319,,,0,15,,56320,,,0,12,,56322,,,0,13,,56323,,,0,14,,56324,,,0,55,,56321,,,0,15,,56325,,,0,15,,56326,,,0,10,,56306,0,121 47,0,46,,56327,,,0,17,,56329,,,0,19,,56297,,,0,15,,56294,,,0,58,,56291,,,0,18,,56307,,,0,18,,56303,,,0,58,,56289,,,0,18,,56300,,,0,18,,56298,,,0,17,,56295,,,0,57,,56292,,,0,19,,56304,,,0,18,,56308,,,0,57,,56290,,,0,18,,56301,,,0,18,,56299,,,0,16,,56296,,,0,56,,56293,,,0,13,,56305,,,0,15,,56330,,,0,15,,56345,,,0,56,,56331,,,0,15,,56328,,,0,15,,56334,,,0,15,,56333,,,0,53,,56335,,,0,15,,56332,,,0,15,,56337,,,0,16,,56336,,,0,55,,56338,,,0,15,,56339,,,0,14,,56341,,,0,15,,56340,,,0,54,,56343,,,0,14,,56342,,,0,15,,56344,,,0,64,,56346,,,0,24,,56347,,,0,24,,56348,,,0,64,,56349,,,0,24,,56350,,,0,63,,56351,,,0,24,,56352,,,0,24,,56353,,,0,64,,56354,,,0,23,,56355,,,0,63,,56356,,,0,23,,56357,,,0,24,,56358,,,0,64,,56359,,,0,23,,56360,,,0,22,,56361,,,0,62,,56362,,,0
3800,'1CCSDCUT-Weekday0000100',1354,,56363,,,0
3800,'1CCSDCUT-Weekday1111000',849,,56366,0,121 47,0,685,,56367,,,0,5,,56365,,,0,2,,56364,,,0
3800,'1PUBCUT-Weekday',434,,56381,,,0,14,,56388,,,0,54,,56389,,,0,13,,56390,,,0,13,,56391,,,0,15,,56393,,,0,14,,56395,,,0,54,,56396,,,0,14,,56392,,,0,13,,56397,,,0,13,,56394,,,0,54,,56398,,,0,15,,56399,,,0,12,,56401,,,0,13,,56402,,,0,14,,56403,,,0,55,,56400,,,0,15,,56404,,,0,15,,56405,,,0,10,,56385,0,121 47,0,46,,56406,,,0,17,,56408,,,0,19,,56376,,,0,15,,56373,,,0,58,,56370,,,0,18,,56386,,,0,18,,56382,,,0,58,,56368,,,0,18,,56379,,,0,18,,56377,,,0,17,,56374,,,0,57,,56371,,,0,19,,56383,,,0,18,,56387,,,0,57,,56369,,,0,18,,56380,,,0,18,,56378,,,0,16,,56375,,,0,56,,56372,,,0,13,,56384,,,0,15,,56409,,,0,15,,56424,,,0,56,,56410,,,0,15,,56407,,,0,15,,56413,,,0,15,,56412,,,0,53,,56414,,,0,15,,56411,,,0,15,,56416,,,0,16,,56415,,,0,55,,56417,,,0,15,,56418,,,0,14,,56420,,,0,15,,56419,,,0,54,,56422,,,0,14,,56421,,,0,15,,56423,,,0,64,,56425,,,0,24,,56426,,,0,24,,56427,,,0,64,,56428,,,0,24,,56429,,,0,63,,56430,,,0,24,,56431,,,0,24,,56432,,,0,64,,56433,,,0,23,,56434,,,0,63,,56435,,,0,23,,56436,,,0,24,,56437,,,0,64,,56438,,,0,23,,56439,,,0,22,,56440,,,0,62,,56441,,,0
3800,'1PUBCUT-Weekday0000100',912,,56443,0,121 47,0,524,,56442,,,0
3800,'1PUBCUT-Weekday1111000',849,,56444,0,121 47,0,685,,56445,,,0
