4200,'Saturday',611,,57154,,,0,40,,57158,,,0,79,,57159,,,0,79,,57156,,,0,39,,57160,,,0,79,,57157,,,0,81,,57155,,,0,45,,57161,,,0,85,,57163,,,0,85,,57164,,,0,85,,57165,,,0,45,,57162,,,0,85,,57166,,,0,85,,57167,,,0,85,,57169,,,0,45,,57170,,,0,85,,57171,,,0,85,,57168,,,0,83,,57173,,,0,43,,57174,,,0,83,,57176,,,0,81,,57172,,,0,40,,57175,,,0,80,,57177,,,0,80,,57178,,,0,40,,57179,,,0,80,,57152,,,0,80,,57153,,,0
4200,'Sunday',611,,57181,,,0,40,,57183,,,0,79,,57184,,,0,79,,57180,,,0,39,,57185,,,0,79,,57182,,,0,81,,57186,,,0,45,,57187,,,0,85,,57188,,,0,85,,57189,,,0,85,,57190,,,0,45,,57192,,,0,85,,57193,,,0,85,,57194,,,0,85,,57191,,,0,45,,57195,,,0,85,,57196,,,0,85,,57205,,,0,83,,57197,,,0,43,,57198,,,0,83,,57199,,,0,81,,57200,,,0,40,,57202,,,0,80,,57203,,,0,80,,57206,,,0,40,,57204,,,0,80,,57207,,,0,80,,57201,,,0
4200,'Weekday',457,,57209,,,0,60,,57210,,,0,22,,57215,,,0,20,,57211,,,0,53,,57265,,,0,13,,57218,,,0,15,,57236,,,0,13,,57266,,,0,53,,57220,,,0,15,,57237,,,0,14,,57221,,,0,15,,57267,,,0,51,,57275,,,0,11,,57238,,,0,12,,57268,,,0,7,,57240,,,0,5,,57261,,,0,13,,57208,,,0,58,,57222,,,0,14,,57269,,,0,13,,57241,,,0,21,,57219,,,0,63,,57242,,,0,23,,57223,,,0,63,,57239,,,0,23,,57224,,,0,23,,57243,,,0,63,,57225,,,0,23,,57244,,,0,23,,57226,,,0,63,,57227,,,0,23,,57246,,,0,66,,57228,,,0,24,,57230,,,0,66,,57247,,,0,10,,57272,,,0,7,,57262,,,0,10,,57231,,,0,9,,57264,,,0,12,,57248,,,0,56,,57273,,,0,11,,57232,,,0,12,,57260,,,0,12,,57245,,,0,13,,57274,,,0,52,,57229,,,0,12,,57263,,,0,12,,57250,,,0,13,,57270,,,0,12,,57233,,,0,60,,57271,,,0,23,,57234,,,0,63,,57251,,,0,23,,57235,,,0,23,,57212,,,0,63,,57249,,,0,23,,57253,,,0,23,,57214,,,0,63,,57254,,,0,22,,57216,,,0,63,,57252,,,0,23,,57213,,,0,21,,57255,,,0,63,,57217,,,0,23,,57256,,,0,79,,57257,,,0,39,,57258,,,0,79,,57259,,,0
4200,'Weekday0000100',1329,,57276,,,0,73,,57277,,,0
4200,'Weekday1111000',1448,,57278,,,0
4200,'1CCSDCUT-Weekday',457,,57280,,,0,60,,57281,,,0,22,,57286,,,0,20,,57282,,,0,53,,57336,,,0,13,,57289,,,0,15,,57307,,,0,13,,57337,,,0,53,,57291,,,0,15,,57308,,,0,14,,57292,,,0,15,,57338,,,0,51,,57346,,,0,11,,57309,,,0,12,,57339,,,0,7,,57311,,,0,5,,57332,,,0,13,,57279,,,0,58,,57293,,,0,14,,57340,,,0,13,,57312,,,0,21,,57290,,,0,63,,57313,,,0,23,,57294,,,0,63,,57310,,,0,23,,57295,,,0,23,,57314,,,0,63,,57296,,,0,23,,57315,,,0,23,,57297,,,0,63,,57298,,,0,23,,57317,,,0,66,,57299,,,0,24,,57301,,,0,66,,57318,,,0,10,,57343,,,0,7,,57333,,,0,10,,57302,,,0,9,,57335,,,0,12,,57319,,,0,56,,57344,,,0,11,,57303,,,0,12,,57331,,,0,12,,57316,,,0,13,,57345,,,0,52,,57300,,,0,12,,57334,,,0,12,,57321,,,0,13,,57341,,,0,12,,57304,,,0,60,,57342,,,0,23,,57305,,,0,63,,57322,,,0,23,,57306,,,0,23,,57283,,,0,63,,57320,,,0,23,,57324,,,0,23,,57285,,,0,63,,57325,,,0,22,,57287,,,0,63,,57323,,,0,23,,57284,,,0,21,,57326,,,0,63,,57288,,,0,23,,57327,,,0,79,,57328,,,0,39,,57329,,,0,79,,57330,,,0
4200,'1CCSDCUT-Weekday0000100',1329,,57347,,,0,73,,57348,,,0
4200,'1CCSDCUT-Weekday1111000',1448,,57349,,,0
4200,'1PUBCUT-Weekday',457,,57351,,,0,60,,57352,,,0,22,,57357,,,0,20,,57353,,,0,53,,57407,,,0,13,,57360,,,0,15,,57378,,,0,13,,57408,,,0,53,,57362,,,0,15,,57379,,,0,14,,57363,,,0,15,,57409,,,0,51,,57417,,,0,11,,57380,,,0,12,,57410,,,0,7,,57382,,,0,5,,57403,,,0,13,,57350,,,0,58,,57364,,,0,14,,57411,,,0,13,,57383,,,0,21,,57361,,,0,63,,57384,,,0,23,,57365,,,0,63,,57381,,,0,23,,57366,,,0,23,,57385,,,0,63,,57367,,,0,23,,57386,,,0,23,,57368,,,0,63,,57369,,,0,23,,57388,,,0,66,,57370,,,0,24,,57372,,,0,66,,57389,,,0,10,,57414,,,0,7,,57404,,,0,10,,57373,,,0,9,,57406,,,0,12,,57390,,,0,56,,57415,,,0,11,,57374,,,0,12,,57402,,,0,12,,57387,,,0,13,,57416,,,0,52,,57371,,,0,12,,57405,,,0,12,,57392,,,0,13,,57412,,,0,12,,57375,,,0,60,,57413,,,0,23,,57376,,,0,63,,57393,,,0,23,,57377,,,0,23,,57354,,,0,63,,57391,,,0,23,,57395,,,0,23,,57356,,,0,63,,57396,,,0,22,,57358,,,0,63,,57394,,,0,23,,57355,,,0,21,,57397,,,0,63,,57359,,,0,23,,57398,,,0,79,,57399,,,0,39,,57400,,,0,79,,57401,,,0
6701,'Saturday',617,,63199,,,0,30,,63191,,,0,70,,63209,,,0,30,,63200,,,0,70,,63192,,,0,30,,63212,,,0,70,,63201,,,0,30,,63193,,,0,70,,63213,,,0,30,,63202,,,0,70,,63194,,,0,30,,63214,,,0,70,,63203,,,0,30,,63195,,,0,70,,63215,,,0,30,,63204,,,0,70,,63196,,,0,30,,63216,,,0,70,,63205,,,0,30,,63197,,,0,70,,63217,,,0,30,,63206,,,0,70,,63198,,,0,30,,63218,,,0,70,,63219,,,0,30,,63226,,,0,70,,63207,,,0,30,,63220,,,0,70,,63225,,,0,30,,63208,,,0,70,,63221,,,0,30,,63224,,,0,70,,63210,,,0,30,,63222,,,0,70,,63223,,,0,30,,63211,,,0
6701,'Sunday',617,,63240,,,0,30,,63227,,,0,70,,63251,,,0,30,,63239,,,0,70,,63228,,,0,30,,63252,,,0,70,,63241,,,0,30,,63229,,,0,70,,63253,,,0,30,,63242,,,0,70,,63230,,,0,30,,63254,,,0,70,,63243,,,0,30,,63231,,,0,70,,63255,,,0,30,,63244,,,0,70,,63232,,,0,30,,63256,,,0,70,,63245,,,0,30,,63233,,,0,70,,63257,,,0,30,,63246,,,0,70,,63234,,,0,30,,63258,,,0,70,,63247,,,0,30,,63235,,,0,70,,63259,,,0,30,,63248,,,0,70,,63236,,,0,30,,63260,,,0,70,,63249,,,0,30,,63237,,,0,70,,63261,,,0,30,,63250,,,0,70,,63238,,,0,30,,63262,,,0
6701,'Weekday',519,,63298,,,0,30,,63299,,,0,70,,63297,,,0,30,,63300,,,0,70,,63263,,,0,30,,63284,,,0,70,,63286,,,0,30,,63264,,,0,70,,63285,,,0,30,,63287,,,0,70,,63265,,,0,30,,63275,,,0,70,,63289,,,0,30,,63266,,,0,70,,63276,,,0,30,,63288,,,0,70,,63267,,,0,30,,63277,,,0,70,,63290,,,0,31,,63268,,,0,71,,63278,,,0,32,,63291,,,0,71,,63269,,,0,31,,63279,,,0,71,,63292,,,0,32,,63270,,,0,70,,63280,,,0,31,,63293,,,0,72,,63271,,,0,70,,63281,,,0,29,,63294,,,0,29,,63272,,,0,69,,63282,,,0,29,,63295,,,0,69,,63273,,,0,28,,63283,,,0,68,,63296,,,0,29,,63274,,,0
6701,'1CCSDCUT-Weekday',519,,63336,,,0,30,,63337,,,0,70,,63335,,,0,30,,63338,,,0,70,,63301,,,0,30,,63322,,,0,70,,63324,,,0,30,,63302,,,0,70,,63323,,,0,30,,63325,,,0,70,,63303,,,0,30,,63313,,,0,70,,63327,,,0,30,,63304,,,0,70,,63314,,,0,30,,63326,,,0,70,,63305,,,0,30,,63315,,,0,70,,63328,,,0,31,,63306,,,0,71,,63316,,,0,32,,63329,,,0,71,,63307,,,0,31,,63317,,,0,71,,63330,,,0,32,,63308,,,0,70,,63318,,,0,31,,63331,,,0,72,,63309,,,0,70,,63319,,,0,29,,63332,,,0,29,,63310,,,0,69,,63320,,,0,29,,63333,,,0,69,,63311,,,0,28,,63321,,,0,68,,63334,,,0,29,,63312,,,0
6701,'1PUBCUT-Weekday',519,,63374,,,0,30,,63375,,,0,70,,63373,,,0,30,,63376,,,0,70,,63339,,,0,30,,63360,,,0,70,,63362,,,0,30,,63340,,,0,70,,63361,,,0,30,,63363,,,0,70,,63341,,,0,30,,63351,,,0,70,,63365,,,0,30,,63342,,,0,70,,63352,,,0,30,,63364,,,0,70,,63343,,,0,30,,63353,,,0,70,,63366,,,0,31,,63344,,,0,71,,63354,,,0,32,,63367,,,0,71,,63345,,,0,31,,63355,,,0,71,,63368,,,0,32,,63346,,,0,70,,63356,,,0,31,,63369,,,0,72,,63347,,,0,70,,63357,,,0,29,,63370,,,0,29,,63348,,,0,69,,63358,,,0,29,,63371,,,0,69,,63349,,,0,28,,63359,,,0,68,,63372,,,0,29,,63350,,,0
