1301,'Saturday',629,,77854,5,,,0,73,,77863,5,,,0,30,,77874,5,,,0,72,,77853,5,,,0,34,,77865,5,,,0,75,,77875,5,,,0,34,,77855,5,,,0,74,,77864,5,,,0,34,,77876,5,,,0,74,,77857,5,,,0,74,,77866,5,,,0,34,,77858,5,,,0,74,,77867,5,,,0,34,,77877,5,,,0,74,,77856,5,,,0,34,,77868,5,,,0,75,,77878,5,,,0,74,,77860,5,,,0,34,,77870,5,,,0,74,,77879,5,,,0,34,,77861,5,,,0,74,,77871,5,,,0,34,,77882,5,,,0,72,,77859,5,,,0,33,,77869,5,,,0,74,,77880,5,,,0,74,,77872,5,,,0,34,,77881,5,,,0,74,,77862,5,,,0,34,,77873,5,,,0,74,,77883,5,,,0
1301,'Sunday',629,,77885,5,,,0,73,,77894,5,,,0,33,,77906,5,,,0,70,,77886,5,,,0,33,,77896,5,,,0,74,,77907,5,,,0,34,,77884,5,,,0,74,,77898,5,,,0,34,,77908,5,,,0,74,,77888,5,,,0,74,,77897,5,,,0,34,,77909,5,,,0,74,,77889,5,,,0,34,,77899,5,,,0,74,,77910,5,,,0,34,,77887,5,,,0,74,,77900,5,,,0,74,,77911,5,,,0,34,,77891,5,,,0,74,,77901,5,,,0,34,,77912,5,,,0,74,,77892,5,,,0,34,,77902,5,,,0,74,,77913,5,,,0,34,,77893,5,,,0,74,,77905,5,,,0,74,,77914,5,,,0,34,,77890,5,,,0,74,,77903,5,,,0,34,,77915,5,,,0,74,,77895,5,,,0,34,,77904,5,,,0,74,,77916,5,,,0
1301,'Weekday',613,,77935,5,,,0,31,,77918,5,,,0,70,,77926,5,,,0,30,,77945,5,,,0,70,,77936,5,,,0,30,,77917,5,,,0,69,,77928,5,,,0,30,,77944,5,,,0,70,,77937,5,,,0,30,,77919,5,,,0,70,,77927,5,,,0,30,,77946,5,,,0,70,,77938,5,,,0,30,,77920,5,,,0,70,,77929,5,,,0,30,,77947,5,,,0,70,,77939,5,,,0,30,,77921,5,,,0,71,,77930,5,,,0,30,,77948,5,,,0,70,,77940,5,,,0,30,,77923,5,,,0,70,,77931,5,,,0,30,,77949,5,,,0,70,,77941,5,,,0,30,,77922,5,,,0,69,,77932,5,,,0,30,,77950,5,,,0,70,,77942,5,,,0,30,,77924,5,,,0,70,,77933,5,,,0,30,,77951,5,,,0,70,,77943,5,,,0,30,,77925,5,,,0,73,,77934,5,,,0
1301,'STMPSa-Saturday',629,,77953,5,,,0,73,,77962,5,,,0,30,,77973,5,,,0,72,,77952,5,,,0,34,,77964,5,,,0,75,,77974,5,,,0,34,,77954,5,,,0,74,,77963,5,,,0,34,,77975,5,,,0,74,,77956,5,,,0,74,,77965,5,,,0,34,,77957,5,,,0,74,,77966,5,,,0,34,,77976,5,,,0,74,,77955,5,,,0,34,,77967,5,,,0,75,,77977,5,,,0,74,,77959,5,,,0,34,,77969,5,,,0,74,,77978,5,,,0,34,,77960,5,,,0,74,,77970,5,,,0,34,,77981,5,,,0,72,,77958,5,,,0,33,,77968,5,,,0,74,,77979,5,,,0,74,,77971,5,,,0,34,,77980,5,,,0,74,,77961,5,,,0,34,,77972,5,,,0,74,,77982,5,,,0
1301,'STMPSnea-Weekday',613,,78001,5,,,0,31,,77984,5,,,0,70,,77992,5,,,0,30,,78011,5,,,0,70,,78002,5,,,0,30,,77983,5,,,0,69,,77994,5,,,0,30,,78010,5,,,0,70,,78003,5,,,0,30,,77985,5,,,0,70,,77993,5,,,0,30,,78012,5,,,0,70,,78004,5,,,0,30,,77986,5,,,0,70,,77995,5,,,0,30,,78013,5,,,0,70,,78005,5,,,0,30,,77987,5,,,0,71,,77996,5,,,0,30,,78014,5,,,0,70,,78006,5,,,0,30,,77989,5,,,0,70,,77997,5,,,0,30,,78015,5,,,0,70,,78007,5,,,0,30,,77988,5,,,0,69,,77998,5,,,0,30,,78016,5,,,0,70,,78008,5,,,0,30,,77990,5,,,0,70,,77999,5,,,0,30,,78017,5,,,0,70,,78009,5,,,0,30,,77991,5,,,0,73,,78000,5,,,0
1301,'STMPSu1-Sunday',629,,78019,5,,,0,73,,78028,5,,,0,33,,78040,5,,,0,70,,78020,5,,,0,33,,78030,5,,,0,74,,78041,5,,,0,34,,78018,5,,,0,74,,78032,5,,,0,34,,78042,5,,,0,74,,78022,5,,,0,74,,78031,5,,,0,34,,78043,5,,,0,74,,78023,5,,,0,34,,78033,5,,,0,74,,78044,5,,,0,34,,78021,5,,,0,74,,78034,5,,,0,74,,78045,5,,,0,34,,78025,5,,,0,74,,78035,5,,,0,34,,78046,5,,,0,74,,78026,5,,,0,34,,78036,5,,,0,74,,78047,5,,,0,34,,78027,5,,,0,74,,78039,5,,,0,74,,78048,5,,,0,34,,78024,5,,,0,74,,78037,5,,,0,34,,78049,5,,,0,74,,78029,5,,,0,34,,78038,5,,,0,74,,78050,5,,,0
1301,'STMPSu2-Sunday',629,,78052,5,,,0,73,,78061,5,,,0,33,,78073,5,,,0,70,,78053,5,,,0,33,,78063,5,,,0,74,,78074,5,,,0,34,,78051,5,,,0,74,,78065,5,,,0,34,,78075,5,,,0,74,,78055,5,,,0,74,,78064,5,,,0,34,,78076,5,,,0,74,,78056,5,,,0,34,,78066,5,,,0,74,,78077,5,,,0,34,,78054,5,,,0,74,,78067,5,,,0,74,,78078,5,,,0,34,,78058,5,,,0,74,,78068,5,,,0,34,,78079,5,,,0,74,,78059,5,,,0,34,,78069,5,,,0,74,,78080,5,,,0,34,,78060,5,,,0,74,,78072,5,,,0,74,,78081,5,,,0,34,,78057,5,,,0,74,,78070,5,,,0,34,,78082,5,,,0,74,,78062,5,,,0,34,,78071,5,,,0,74,,78083,5,,,0
1301,'STMPWeek-Weekday',613,,78102,5,,,0,31,,78085,5,,,0,70,,78093,5,,,0,30,,78112,5,,,0,70,,78103,5,,,0,30,,78084,5,,,0,69,,78095,5,,,0,30,,78111,5,,,0,70,,78104,5,,,0,30,,78086,5,,,0,70,,78094,5,,,0,30,,78113,5,,,0,70,,78105,5,,,0,30,,78087,5,,,0,70,,78096,5,,,0,30,,78114,5,,,0,70,,78106,5,,,0,30,,78088,5,,,0,71,,78097,5,,,0,30,,78115,5,,,0,70,,78107,5,,,0,30,,78090,5,,,0,70,,78098,5,,,0,30,,78116,5,,,0,70,,78108,5,,,0,30,,78089,5,,,0,69,,78099,5,,,0,30,,78117,5,,,0,70,,78109,5,,,0,30,,78091,5,,,0,70,,78100,5,,,0,30,,78118,5,,,0,70,,78110,5,,,0,30,,78092,5,,,0,73,,78101,5,,,0
1301,'STMPar-Weekday',613,,78137,5,,,0,31,,78120,5,,,0,70,,78128,5,,,0,30,,78147,5,,,0,70,,78138,5,,,0,30,,78119,5,,,0,69,,78130,5,,,0,30,,78146,5,,,0,70,,78139,5,,,0,30,,78121,5,,,0,70,,78129,5,,,0,30,,78148,5,,,0,70,,78140,5,,,0,30,,78122,5,,,0,70,,78131,5,,,0,30,,78149,5,,,0,70,,78141,5,,,0,30,,78123,5,,,0,71,,78132,5,,,0,30,,78150,5,,,0,70,,78142,5,,,0,30,,78125,5,,,0,70,,78133,5,,,0,30,,78151,5,,,0,70,,78143,5,,,0,30,,78124,5,,,0,69,,78134,5,,,0,30,,78152,5,,,0,70,,78144,5,,,0,30,,78126,5,,,0,70,,78135,5,,,0,30,,78153,5,,,0,70,,78145,5,,,0,30,,78127,5,,,0,73,,78136,5,,,0
9001,'Saturday',623,,109191,19,,,0,32,,109201,19,,,0,72,,109211,19,,,0,32,,109192,19,,,0,72,,109202,19,,,0,72,,109212,19,,,0,32,,109194,19,,,0,72,,109204,19,,,0,32,,109213,19,,,0,72,,109195,19,,,0,32,,109203,19,,,0,74,,109214,19,,,0,32,,109196,19,,,0,72,,109205,19,,,0,32,,109215,19,,,0,72,,109193,19,,,0,32,,109206,19,,,0,72,,109216,19,,,0,72,,109197,19,,,0,32,,109207,19,,,0,72,,109217,19,,,0,32,,109198,19,,,0,71,,109210,19,,,0,31,,109218,19,,,0,72,,109200,19,,,0,32,,109209,19,,,0,72,,109219,19,,,0,32,,109199,19,,,0,72,,109208,19,,,0
9001,'Sunday',617,,109220,19,,,0,32,,109230,19,,,0,78,,109241,19,,,0,32,,109221,19,,,0,72,,109231,19,,,0,72,,109240,19,,,0,32,,109223,19,,,0,72,,109233,19,,,0,32,,109243,19,,,0,72,,109222,19,,,0,32,,109232,19,,,0,74,,109242,19,,,0,32,,109224,19,,,0,72,,109234,19,,,0,32,,109244,19,,,0,72,,109225,19,,,0,32,,109235,19,,,0,72,,109246,19,,,0,72,,109226,19,,,0,32,,109236,19,,,0,72,,109245,19,,,0,32,,109227,19,,,0,71,,109237,19,,,0,31,,109247,19,,,0,72,,109228,19,,,0,32,,109238,19,,,0,72,,109248,19,,,0,32,,109229,19,,,0,72,,109239,19,,,0
9001,'Weekday',620,,109249,19,,,0,35,,109259,19,,,0,70,,109268,19,,,0,30,,109277,19,,,0,70,,109250,19,,,0,30,,109258,19,,,0,70,,109269,19,,,0,30,,109278,19,,,0,70,,109252,19,,,0,30,,109260,19,,,0,70,,109270,19,,,0,30,,109279,19,,,0,70,,109251,19,,,0,30,,109261,19,,,0,70,,109271,19,,,0,30,,109280,19,,,0,70,,109254,19,,,0,30,,109262,19,,,0,69,,109272,19,,,0,30,,109281,19,,,0,70,,109253,19,,,0,30,,109263,19,,,0,70,,109273,19,,,0,30,,109282,19,,,0,70,,109255,19,,,0,24,,109264,19,,,0,70,,109274,19,,,0,30,,109283,19,,,0,55,,109256,19,,,0,30,,109265,19,,,0,70,,109275,19,,,0,30,,109284,19,,,0,10,,109257,19,,,0,70,,109266,19,,,0,30,,109276,19,,,0,70,,109285,19,,,0,35,,109267,19,,,0
9001,'STMPSa-Saturday',623,,109286,19,,,0,32,,109295,19,,,0,72,,109306,19,,,0,32,,109287,19,,,0,72,,109297,19,,,0,72,,109307,19,,,0,32,,109289,19,,,0,72,,109299,19,,,0,32,,109308,19,,,0,72,,109290,19,,,0,32,,109298,19,,,0,74,,109309,19,,,0,32,,109291,19,,,0,72,,109300,19,,,0,32,,109310,19,,,0,72,,109288,19,,,0,32,,109301,19,,,0,72,,109311,19,,,0,72,,109292,19,,,0,32,,109302,19,,,0,72,,109312,19,,,0,32,,109293,19,,,0,71,,109305,19,,,0,31,,109313,19,,,0,72,,109296,19,,,0,32,,109304,19,,,0,72,,109314,19,,,0,32,,109294,19,,,0,72,,109303,19,,,0
9001,'STMPSnea-Weekday',620,,109315,19,,,0,35,,109325,19,,,0,70,,109334,19,,,0,30,,109343,19,,,0,70,,109316,19,,,0,30,,109324,19,,,0,70,,109335,19,,,0,30,,109344,19,,,0,70,,109318,19,,,0,30,,109326,19,,,0,70,,109336,19,,,0,30,,109345,19,,,0,70,,109317,19,,,0,30,,109327,19,,,0,70,,109337,19,,,0,30,,109346,19,,,0,70,,109320,19,,,0,30,,109328,19,,,0,69,,109338,19,,,0,30,,109347,19,,,0,70,,109319,19,,,0,30,,109329,19,,,0,70,,109339,19,,,0,30,,109348,19,,,0,70,,109321,19,,,0,24,,109330,19,,,0,70,,109340,19,,,0,30,,109349,19,,,0,55,,109322,19,,,0,30,,109331,19,,,0,70,,109341,19,,,0,30,,109350,19,,,0,10,,109323,19,,,0,70,,109332,19,,,0,30,,109342,19,,,0,70,,109351,19,,,0,35,,109333,19,,,0
9001,'STMPSu1-Sunday',617,,109352,19,,,0,32,,109362,19,,,0,78,,109373,19,,,0,32,,109353,19,,,0,72,,109363,19,,,0,72,,109372,19,,,0,32,,109355,19,,,0,72,,109365,19,,,0,32,,109375,19,,,0,72,,109354,19,,,0,32,,109364,19,,,0,74,,109374,19,,,0,32,,109356,19,,,0,72,,109366,19,,,0,32,,109376,19,,,0,72,,109357,19,,,0,32,,109367,19,,,0,72,,109378,19,,,0,72,,109358,19,,,0,32,,109368,19,,,0,72,,109377,19,,,0,32,,109359,19,,,0,71,,109369,19,,,0,31,,109379,19,,,0,72,,109360,19,,,0,32,,109370,19,,,0,72,,109380,19,,,0,32,,109361,19,,,0,72,,109371,19,,,0
9001,'STMPSu2-Sunday',617,,109381,19,,,0,32,,109391,19,,,0,78,,109402,19,,,0,32,,109382,19,,,0,72,,109392,19,,,0,72,,109401,19,,,0,32,,109384,19,,,0,72,,109394,19,,,0,32,,109404,19,,,0,72,,109383,19,,,0,32,,109393,19,,,0,74,,109403,19,,,0,32,,109385,19,,,0,72,,109395,19,,,0,32,,109405,19,,,0,72,,109386,19,,,0,32,,109396,19,,,0,72,,109407,19,,,0,72,,109387,19,,,0,32,,109397,19,,,0,72,,109406,19,,,0,32,,109388,19,,,0,71,,109398,19,,,0,31,,109408,19,,,0,72,,109389,19,,,0,32,,109399,19,,,0,72,,109409,19,,,0,32,,109390,19,,,0,72,,109400,19,,,0
9001,'STMPWeek-Weekday',620,,109410,19,,,0,35,,109420,19,,,0,70,,109429,19,,,0,30,,109438,19,,,0,70,,109411,19,,,0,30,,109419,19,,,0,70,,109430,19,,,0,30,,109439,19,,,0,70,,109413,19,,,0,30,,109421,19,,,0,70,,109431,19,,,0,30,,109440,19,,,0,70,,109412,19,,,0,30,,109422,19,,,0,70,,109432,19,,,0,30,,109441,19,,,0,70,,109415,19,,,0,30,,109423,19,,,0,69,,109433,19,,,0,30,,109442,19,,,0,70,,109414,19,,,0,30,,109424,19,,,0,70,,109434,19,,,0,30,,109443,19,,,0,70,,109416,19,,,0,24,,109425,19,,,0,70,,109435,19,,,0,30,,109444,19,,,0,55,,109417,19,,,0,30,,109426,19,,,0,70,,109436,19,,,0,30,,109445,19,,,0,10,,109418,19,,,0,70,,109427,19,,,0,30,,109437,19,,,0,70,,109446,19,,,0,35,,109428,19,,,0
9001,'STMPar-Weekday',620,,109447,19,,,0,35,,109457,19,,,0,70,,109466,19,,,0,30,,109475,19,,,0,70,,109448,19,,,0,30,,109456,19,,,0,70,,109467,19,,,0,30,,109476,19,,,0,70,,109450,19,,,0,30,,109458,19,,,0,70,,109468,19,,,0,30,,109477,19,,,0,70,,109449,19,,,0,30,,109459,19,,,0,70,,109469,19,,,0,30,,109478,19,,,0,70,,109452,19,,,0,30,,109460,19,,,0,69,,109470,19,,,0,30,,109479,19,,,0,70,,109451,19,,,0,30,,109462,19,,,0,70,,109471,19,,,0,30,,109480,19,,,0,70,,109453,19,,,0,24,,109461,19,,,0,70,,109472,19,,,0,30,,109481,19,,,0,55,,109454,19,,,0,30,,109463,19,,,0,70,,109473,19,,,0,30,,109482,19,,,0,10,,109455,19,,,0,70,,109464,19,,,0,30,,109474,19,,,0,70,,109483,19,,,0,35,,109465,19,,,0
