14900,'Saturday',542,,127629,4,,,0,66,,127626,4,,,0,26,,127645,4,,,0,66,,127630,4,,,0,26,,127627,4,,,0,26,,127651,4,,,0,66,,127628,4,,,0,26,,127632,4,,,0,66,,127646,4,,,0,26,,127631,4,,,0,66,,127633,4,,,0,26,,127647,4,,,0,26,,127636,4,,,0,66,,127637,4,,,0,26,,127648,4,,,0,66,,127634,4,,,0,26,,127635,4,,,0,66,,127652,4,,,0,26,,127638,4,,,0,26,,127640,4,,,0,66,,127649,4,,,0,26,,127641,4,,,0,66,,127642,4,,,0,26,,127653,4,,,0,66,,127639,4,,,0,26,,127643,4,,,0,26,,127650,4,,,0,66,,127644,4,,,0,26,,127654,4,,,0
14900,'Sunday',542,,127656,4,,,0,66,,127657,4,,,0,26,,127655,4,,,0,66,,127658,4,,,0,26,,127659,4,,,0,26,,127661,4,,,0,66,,127662,4,,,0,26,,127663,4,,,0,66,,127660,4,,,0,26,,127664,4,,,0,66,,127666,4,,,0,26,,127667,4,,,0,26,,127668,4,,,0,66,,127665,4,,,0,26,,127670,4,,,0,66,,127672,4,,,0,26,,127673,4,,,0,66,,127669,4,,,0,26,,127674,4,,,0,26,,127671,4,,,0,66,,127675,4,,,0,26,,127676,4,,,0,66,,127678,4,,,0,26,,127680,4,,,0,66,,127681,4,,,0,26,,127677,4,,,0,26,,127679,4,,,0,66,,127682,4,,,0,26,,127683,4,,,0
14900,'Weekday',449,,127684,4,,,0,70,,127694,4,,,0,30,,127704,4,,,0,70,,127685,4,,,0,30,,127695,4,,,0,70,,127705,4,,,0,30,,127686,4,,,0,70,,127696,4,,,0,30,,127706,4,,,0,70,,127687,4,,,0,30,,127697,4,,,0,70,,127707,4,,,0,30,,127688,4,,,0,70,,127698,4,,,0,30,,127708,4,,,0,70,,127689,4,,,0,30,,127699,4,,,0,69,,127709,4,,,0,31,,127690,4,,,0,70,,127701,4,,,0,30,,127710,4,,,0,70,,127691,4,,,0,30,,127700,4,,,0,70,,127711,4,,,0,30,,127692,4,,,0,70,,127702,4,,,0,30,,127712,4,,,0,70,,127693,4,,,0,30,,127703,4,,,0,70,,127713,4,,,0
14900,'STMPSa-Saturday',542,,127717,4,,,0,66,,127714,4,,,0,26,,127733,4,,,0,66,,127718,4,,,0,26,,127715,4,,,0,26,,127739,4,,,0,66,,127716,4,,,0,26,,127720,4,,,0,66,,127735,4,,,0,26,,127719,4,,,0,66,,127721,4,,,0,26,,127736,4,,,0,26,,127725,4,,,0,66,,127726,4,,,0,26,,127737,4,,,0,66,,127722,4,,,0,26,,127724,4,,,0,66,,127740,4,,,0,26,,127723,4,,,0,26,,127728,4,,,0,66,,127734,4,,,0,26,,127729,4,,,0,66,,127730,4,,,0,26,,127741,4,,,0,66,,127727,4,,,0,26,,127731,4,,,0,26,,127738,4,,,0,66,,127732,4,,,0,26,,127742,4,,,0
14900,'STMPSnea-Weekday',449,,127743,4,,,0,70,,127753,4,,,0,30,,127763,4,,,0,70,,127744,4,,,0,30,,127754,4,,,0,70,,127764,4,,,0,30,,127745,4,,,0,70,,127755,4,,,0,30,,127765,4,,,0,70,,127746,4,,,0,30,,127756,4,,,0,70,,127766,4,,,0,30,,127747,4,,,0,70,,127757,4,,,0,30,,127767,4,,,0,70,,127748,4,,,0,30,,127758,4,,,0,69,,127768,4,,,0,31,,127749,4,,,0,70,,127760,4,,,0,30,,127769,4,,,0,70,,127750,4,,,0,30,,127759,4,,,0,70,,127770,4,,,0,30,,127751,4,,,0,70,,127761,4,,,0,30,,127771,4,,,0,70,,127752,4,,,0,30,,127762,4,,,0,70,,127772,4,,,0
14900,'STMPSu1-Sunday',542,,127774,4,,,0,66,,127775,4,,,0,26,,127773,4,,,0,66,,127776,4,,,0,26,,127777,4,,,0,26,,127779,4,,,0,66,,127780,4,,,0,26,,127781,4,,,0,66,,127778,4,,,0,26,,127782,4,,,0,66,,127784,4,,,0,26,,127785,4,,,0,26,,127786,4,,,0,66,,127783,4,,,0,26,,127788,4,,,0,66,,127790,4,,,0,26,,127791,4,,,0,66,,127787,4,,,0,26,,127792,4,,,0,26,,127789,4,,,0,66,,127793,4,,,0,26,,127794,4,,,0,66,,127797,4,,,0,26,,127795,4,,,0,66,,127799,4,,,0,26,,127796,4,,,0,26,,127798,4,,,0,66,,127800,4,,,0,26,,127801,4,,,0
14900,'STMPSu2-Sunday',542,,127803,4,,,0,66,,127804,4,,,0,26,,127802,4,,,0,66,,127805,4,,,0,26,,127806,4,,,0,26,,127808,4,,,0,66,,127809,4,,,0,26,,127810,4,,,0,66,,127807,4,,,0,26,,127811,4,,,0,66,,127813,4,,,0,26,,127814,4,,,0,26,,127815,4,,,0,66,,127812,4,,,0,26,,127817,4,,,0,66,,127819,4,,,0,26,,127820,4,,,0,66,,127816,4,,,0,26,,127821,4,,,0,26,,127818,4,,,0,66,,127822,4,,,0,26,,127823,4,,,0,66,,127825,4,,,0,26,,127827,4,,,0,66,,127828,4,,,0,26,,127824,4,,,0,26,,127826,4,,,0,66,,127829,4,,,0,26,,127830,4,,,0
14900,'STMPWeek-Weekday',449,,127831,4,,,0,70,,127841,4,,,0,30,,127851,4,,,0,70,,127832,4,,,0,30,,127842,4,,,0,70,,127852,4,,,0,30,,127833,4,,,0,70,,127843,4,,,0,30,,127853,4,,,0,70,,127834,4,,,0,30,,127844,4,,,0,70,,127854,4,,,0,30,,127835,4,,,0,70,,127845,4,,,0,30,,127855,4,,,0,70,,127836,4,,,0,30,,127846,4,,,0,69,,127856,4,,,0,31,,127837,4,,,0,70,,127848,4,,,0,30,,127857,4,,,0,70,,127838,4,,,0,30,,127847,4,,,0,70,,127858,4,,,0,30,,127839,4,,,0,70,,127849,4,,,0,30,,127859,4,,,0,70,,127840,4,,,0,30,,127850,4,,,0,70,,127860,4,,,0
14900,'STMPar-Weekday',449,,127861,4,,,0,70,,127871,4,,,0,30,,127881,4,,,0,70,,127862,4,,,0,30,,127872,4,,,0,70,,127882,4,,,0,30,,127863,4,,,0,70,,127873,4,,,0,30,,127883,4,,,0,70,,127864,4,,,0,30,,127874,4,,,0,70,,127884,4,,,0,30,,127865,4,,,0,70,,127875,4,,,0,30,,127885,4,,,0,70,,127866,4,,,0,30,,127876,4,,,0,69,,127886,4,,,0,31,,127867,4,,,0,70,,127878,4,,,0,30,,127887,4,,,0,70,,127869,4,,,0,30,,127877,4,,,0,70,,127888,4,,,0,30,,127868,4,,,0,70,,127879,4,,,0,30,,127889,4,,,0,70,,127870,4,,,0,30,,127880,4,,,0,70,,127890,4,,,0
30601,'Saturday',632,,140501,12,,,0,20,,140510,12,,,0,60,,140519,12,,,0,20,,140528,12,,,0,20,,140537,12,,,0,60,,140545,12,,,0,20,,140502,12,,,0,20,,140511,12,,,0,60,,140520,12,,,0,20,,140529,12,,,0,20,,140538,12,,,0,60,,140547,12,,,0,20,,140503,12,,,0,20,,140512,12,,,0,60,,140521,12,,,0,20,,140530,12,,,0,20,,140539,12,,,0,62,,140548,12,,,0,22,,140504,12,,,0,20,,140513,12,,,0,60,,140522,12,,,0,20,,140531,12,,,0,20,,140540,12,,,0,60,,140546,12,,,0,20,,140505,12,,,0,20,,140514,12,,,0,60,,140523,12,,,0,20,,140532,12,,,0,20,,140541,12,,,0,60,,140549,12,,,0,20,,140506,12,,,0,20,,140515,12,,,0,60,,140524,12,,,0,20,,140533,12,,,0,20,,140542,12,,,0,58,,140550,12,,,0,18,,140507,12,,,0,20,,140516,12,,,0,60,,140525,12,,,0,20,,140534,12,,,0,20,,140543,12,,,0,60,,140551,12,,,0,20,,140509,12,,,0,20,,140517,12,,,0,60,,140526,12,,,0,20,,140535,12,,,0,20,,140544,12,,,0,60,,140552,12,,,0,20,,140508,12,,,0,20,,140518,12,,,0,60,,140527,12,,,0,20,,140536,12,,,0
30601,'Sunday',632,,140553,12,,,0,20,,140562,12,,,0,60,,140571,12,,,0,20,,140580,12,,,0,20,,140589,12,,,0,60,,140598,12,,,0,20,,140554,12,,,0,20,,140563,12,,,0,60,,140572,12,,,0,20,,140581,12,,,0,20,,140590,12,,,0,60,,140597,12,,,0,20,,140555,12,,,0,20,,140564,12,,,0,60,,140574,12,,,0,20,,140582,12,,,0,20,,140591,12,,,0,62,,140599,12,,,0,22,,140556,12,,,0,20,,140565,12,,,0,60,,140573,12,,,0,20,,140583,12,,,0,20,,140592,12,,,0,60,,140600,12,,,0,20,,140557,12,,,0,20,,140566,12,,,0,60,,140575,12,,,0,20,,140584,12,,,0,20,,140593,12,,,0,60,,140601,12,,,0,20,,140558,12,,,0,20,,140567,12,,,0,60,,140576,12,,,0,20,,140585,12,,,0,20,,140594,12,,,0,58,,140602,12,,,0,18,,140560,12,,,0,20,,140568,12,,,0,60,,140577,12,,,0,20,,140586,12,,,0,20,,140596,12,,,0,60,,140603,12,,,0,20,,140559,12,,,0,20,,140569,12,,,0,60,,140579,12,,,0,20,,140587,12,,,0,20,,140595,12,,,0,60,,140604,12,,,0,20,,140561,12,,,0,20,,140570,12,,,0,60,,140578,12,,,0,20,,140588,12,,,0
30601,'Weekday',612,,140609,12,,,0,20,,140621,12,,,0,22,,140615,12,,,0,61,,140623,12,,,0,20,,140618,12,,,0,20,,140619,12,,,0,60,,140617,12,,,0,20,,140634,12,,,0,19,,140622,12,,,0,59,,140616,12,,,0,24,,140638,13,,,0,64,,140644,13,,,0,24,,140639,12,,,0,24,,140649,13,,,0,64,,140641,12,,,0,24,,140645,12,,,0,64,,140650,12,,,0,24,,140646,12,,,0,24,,140640,12,,,0,64,,140651,12,,,0,24,,140643,12,,,0,64,,140642,12,,,0,24,,140647,12,,,0,24,,140648,12,,,0,65,,140620,12,,,0,22,,140624,12,,,0,20,,140626,12,,,0,60,,140635,12,,,0,20,,140627,12,,,0,20,,140628,12,,,0,60,,140625,12,,,0,20,,140629,12,,,0,20,,140630,12,,,0,59,,140637,12,,,0,18,,140631,12,,,0,18,,140632,12,,,0,60,,140633,12,,,0,19,,140606,12,,,0,21,,140608,12,,,0,60,,140636,12,,,0,28,,140610,12,,,0,68,,140611,12,,,0,28,,140605,12,,,0,68,,140607,12,,,0,28,,140612,12,,,0,28,,140614,12,,,0,70,,140613,12,,,0
30601,'STMPSa-Saturday',632,,140652,12,,,0,20,,140661,12,,,0,60,,140670,12,,,0,20,,140679,12,,,0,20,,140688,12,,,0,60,,140696,12,,,0,20,,140653,12,,,0,20,,140662,12,,,0,60,,140671,12,,,0,20,,140680,12,,,0,20,,140689,12,,,0,60,,140698,12,,,0,20,,140654,12,,,0,20,,140663,12,,,0,60,,140672,12,,,0,20,,140681,12,,,0,20,,140690,12,,,0,62,,140699,12,,,0,22,,140655,12,,,0,20,,140664,12,,,0,60,,140673,12,,,0,20,,140682,12,,,0,20,,140691,12,,,0,60,,140697,12,,,0,20,,140656,12,,,0,20,,140665,12,,,0,60,,140674,12,,,0,20,,140683,12,,,0,20,,140692,12,,,0,60,,140700,12,,,0,20,,140657,12,,,0,20,,140666,12,,,0,60,,140675,12,,,0,20,,140684,12,,,0,20,,140693,12,,,0,58,,140701,12,,,0,18,,140658,12,,,0,20,,140667,12,,,0,60,,140676,12,,,0,20,,140685,12,,,0,20,,140694,12,,,0,60,,140702,12,,,0,20,,140660,12,,,0,20,,140668,12,,,0,60,,140677,12,,,0,20,,140686,12,,,0,20,,140695,12,,,0,60,,140703,12,,,0,20,,140659,12,,,0,20,,140669,12,,,0,60,,140678,12,,,0,20,,140687,12,,,0,70,,140705,12,,,0,30,,140707,12,,,0,70,,140708,12,,,0,20,,140706,12,,,0,30,,140704,12,,,0
30601,'STMPSnea-Weekday',612,,140713,12,,,0,20,,140725,12,,,0,22,,140719,12,,,0,61,,140727,12,,,0,20,,140722,12,,,0,20,,140723,12,,,0,60,,140721,12,,,0,20,,140738,12,,,0,19,,140726,12,,,0,59,,140720,12,,,0,24,,140742,13,,,0,64,,140748,13,,,0,24,,140743,12,,,0,24,,140753,13,,,0,64,,140745,12,,,0,24,,140749,12,,,0,64,,140754,12,,,0,24,,140750,12,,,0,24,,140744,12,,,0,64,,140755,12,,,0,24,,140747,12,,,0,64,,140746,12,,,0,24,,140751,12,,,0,24,,140752,12,,,0,65,,140724,12,,,0,22,,140728,12,,,0,20,,140730,12,,,0,60,,140739,12,,,0,20,,140731,12,,,0,20,,140732,12,,,0,60,,140729,12,,,0,20,,140733,12,,,0,20,,140734,12,,,0,59,,140741,12,,,0,18,,140735,12,,,0,18,,140736,12,,,0,60,,140737,12,,,0,19,,140710,12,,,0,21,,140712,12,,,0,60,,140740,12,,,0,28,,140714,12,,,0,68,,140715,12,,,0,28,,140709,12,,,0,68,,140711,12,,,0,28,,140716,12,,,0,28,,140718,12,,,0,70,,140717,12,,,0
30601,'STMPSu1-Sunday',632,,140756,12,,,0,20,,140765,12,,,0,60,,140774,12,,,0,20,,140783,12,,,0,20,,140792,12,,,0,60,,140801,12,,,0,20,,140757,12,,,0,20,,140766,12,,,0,60,,140775,12,,,0,20,,140784,12,,,0,20,,140793,12,,,0,60,,140800,12,,,0,20,,140758,12,,,0,20,,140767,12,,,0,60,,140777,12,,,0,20,,140785,12,,,0,20,,140794,12,,,0,62,,140802,12,,,0,22,,140759,12,,,0,20,,140768,12,,,0,60,,140776,12,,,0,20,,140786,12,,,0,20,,140795,12,,,0,60,,140803,12,,,0,20,,140760,12,,,0,20,,140769,12,,,0,60,,140778,12,,,0,20,,140787,12,,,0,20,,140796,12,,,0,60,,140804,12,,,0,20,,140761,12,,,0,20,,140770,12,,,0,60,,140779,12,,,0,20,,140788,12,,,0,20,,140797,12,,,0,58,,140805,12,,,0,18,,140763,12,,,0,20,,140771,12,,,0,60,,140780,12,,,0,20,,140790,12,,,0,20,,140799,12,,,0,60,,140806,12,,,0,20,,140762,12,,,0,20,,140772,12,,,0,60,,140782,12,,,0,20,,140789,12,,,0,20,,140798,12,,,0,60,,140807,12,,,0,20,,140764,12,,,0,20,,140773,12,,,0,60,,140781,12,,,0,20,,140791,12,,,0,70,,140809,12,,,0,30,,140811,12,,,0,70,,140812,12,,,0,20,,140810,12,,,0,30,,140808,12,,,0
30601,'STMPSu2-Sunday',632,,140869,12,,,0,20,,140867,12,,,0,60,,140868,12,,,0,20,,140866,12,,,0,20,,140865,12,,,0,60,,140864,12,,,0,20,,140863,12,,,0,20,,140862,12,,,0,60,,140861,12,,,0,20,,140860,12,,,0,20,,140859,12,,,0,60,,140858,12,,,0,20,,140857,12,,,0,20,,140856,12,,,0,60,,140855,12,,,0,20,,140854,12,,,0,20,,140853,12,,,0,62,,140852,12,,,0,22,,140851,12,,,0,20,,140850,12,,,0,60,,140849,12,,,0,20,,140848,12,,,0,20,,140847,12,,,0,60,,140846,12,,,0,20,,140845,12,,,0,20,,140840,12,,,0,60,,140838,12,,,0,20,,140837,12,,,0,20,,140836,12,,,0,60,,140835,12,,,0,20,,140839,12,,,0,20,,140834,12,,,0,60,,140833,12,,,0,20,,140832,12,,,0,20,,140831,12,,,0,58,,140830,12,,,0,18,,140842,12,,,0,20,,140829,12,,,0,60,,140828,12,,,0,20,,140827,12,,,0,20,,140826,12,,,0,60,,140825,12,,,0,20,,140841,12,,,0,20,,140824,12,,,0,60,,140823,12,,,0,20,,140822,12,,,0,20,,140821,12,,,0,60,,140820,12,,,0,20,,140843,12,,,0,20,,140819,12,,,0,60,,140818,12,,,0,20,,140817,12,,,0,70,,140816,12,,,0,30,,140844,12,,,0,70,,140815,12,,,0,20,,140814,12,,,0,30,,140813,12,,,0
30601,'STMPWeek-Weekday',612,,140874,12,,,0,20,,140886,12,,,0,22,,140880,12,,,0,61,,140888,12,,,0,20,,140883,12,,,0,20,,140884,12,,,0,60,,140882,12,,,0,20,,140899,12,,,0,19,,140887,12,,,0,59,,140881,12,,,0,24,,140903,13,,,0,64,,140909,13,,,0,24,,140904,12,,,0,24,,140914,13,,,0,64,,140906,12,,,0,24,,140910,12,,,0,64,,140915,12,,,0,24,,140911,12,,,0,24,,140905,12,,,0,64,,140916,12,,,0,24,,140908,12,,,0,64,,140907,12,,,0,24,,140912,12,,,0,24,,140913,12,,,0,65,,140885,12,,,0,22,,140889,12,,,0,20,,140891,12,,,0,60,,140900,12,,,0,20,,140892,12,,,0,20,,140893,12,,,0,60,,140890,12,,,0,20,,140894,12,,,0,20,,140895,12,,,0,59,,140902,12,,,0,18,,140896,12,,,0,18,,140897,12,,,0,60,,140898,12,,,0,19,,140871,12,,,0,21,,140873,12,,,0,60,,140901,12,,,0,28,,140875,12,,,0,68,,140876,12,,,0,28,,140870,12,,,0,68,,140872,12,,,0,28,,140877,12,,,0,28,,140879,12,,,0,70,,140878,12,,,0,25,,140917,12,,,0,68,,140918,12,,,0,27,,140919,12,,,0,67,,140920,12,,,0,35,,140921,12,,,0
30601,'STMPar-Weekday',612,,140926,12,,,0,20,,140938,12,,,0,22,,140932,12,,,0,61,,140940,12,,,0,20,,140935,12,,,0,20,,140936,12,,,0,60,,140934,12,,,0,20,,140951,12,,,0,19,,140939,12,,,0,59,,140933,12,,,0,24,,140955,13,,,0,64,,140961,13,,,0,24,,140956,12,,,0,24,,140966,13,,,0,64,,140958,12,,,0,24,,140962,12,,,0,64,,140967,12,,,0,24,,140963,12,,,0,24,,140957,12,,,0,64,,140968,12,,,0,24,,140960,12,,,0,64,,140959,12,,,0,24,,140964,12,,,0,24,,140965,12,,,0,65,,140937,12,,,0,22,,140941,12,,,0,20,,140943,12,,,0,60,,140952,12,,,0,20,,140944,12,,,0,20,,140945,12,,,0,60,,140942,12,,,0,20,,140946,12,,,0,20,,140947,12,,,0,59,,140954,12,,,0,18,,140948,12,,,0,18,,140949,12,,,0,60,,140950,12,,,0,19,,140924,12,,,0,21,,140922,12,,,0,60,,140953,12,,,0,28,,140927,12,,,0,68,,140928,12,,,0,28,,140923,12,,,0,68,,140925,12,,,0,28,,140929,12,,,0,28,,140931,12,,,0,70,,140930,12,,,0,25,,140969,12,,,0,68,,140970,12,,,0,27,,140971,12,,,0,67,,140972,12,,,0,35,,140973,12,,,0
