15800,'Saturday',559,,81748,,,0,80,,81723,,,0,80,,81725,,,0,40,,81728,,,0,80,,81724,,,0,80,,81726,,,0,40,,81727,,,0,80,,81729,,,0,80,,81730,,,0,40,,81731,,,0,81,,81732,,,0,80,,81733,,,0,80,,81734,,,0,40,,81735,,,0,80,,81736,,,0,80,,81737,,,0,40,,81738,,,0,80,,81739,,,0,80,,81741,,,0,40,,81742,,,0,80,,81740,,,0,80,,81743,,,0,40,,81744,,,0,80,,81745,,,0,80,,81749,,,0,40,,81746,,,0,80,,81747,,,0
15800,'Sunday',559,,81759,,,0,80,,81769,,,0,80,,81750,,,0,40,,81760,,,0,80,,81770,,,0,80,,81751,,,0,40,,81761,,,0,80,,81771,,,0,80,,81752,,,0,40,,81762,,,0,81,,81772,,,0,80,,81753,,,0,80,,81763,,,0,40,,81773,,,0,80,,81754,,,0,80,,81764,,,0,40,,81774,,,0,80,,81755,,,0,80,,81765,,,0,40,,81775,,,0,80,,81756,,,0,80,,81767,,,0,40,,81776,,,0,80,,81757,,,0,80,,81766,,,0,40,,81777,,,0,80,,81758,,,0,80,,81768,,,0
15800,'Weekday',510,,81778,,,0,33,,81786,,,0,70,,81796,,,0,31,,81801,,,0,70,,81779,,,0,30,,81787,,,0,70,,81795,,,0,30,,81802,,,0,71,,81780,,,0,30,,81788,,,0,70,,81797,,,0,30,,81803,,,0,69,,81781,,,0,30,,81789,,,0,70,,81798,,,0,30,,81804,,,0,70,,81782,,,0,30,,81790,,,0,70,,81799,,,0,30,,81805,,,0,80,,81783,,,0,23,,81791,,,0,70,,81800,,,0,32,,81806,,,0,67,,81784,,,0,30,,81792,,,0,70,,81785,,,0,28,,81812,,,0,70,,81813,,,0,30,,81807,,,0,70,,81810,,,0,30,,81793,,,0,70,,81814,,,0,30,,81808,,,0,70,,81811,,,0,30,,81794,,,0,70,,81815,,,0,30,,81809,,,0
15800,'1CCSDCUT-Weekday',510,,81816,,,0,33,,81824,,,0,70,,81834,,,0,31,,81839,,,0,70,,81817,,,0,30,,81825,,,0,70,,81833,,,0,30,,81840,,,0,71,,81818,,,0,30,,81826,,,0,70,,81835,,,0,30,,81841,,,0,69,,81819,,,0,30,,81827,,,0,70,,81836,,,0,30,,81842,,,0,70,,81820,,,0,30,,81828,,,0,70,,81837,,,0,30,,81843,,,0,80,,81821,,,0,23,,81829,,,0,70,,81838,,,0,32,,81844,,,0,67,,81822,,,0,30,,81830,,,0,70,,81823,,,0,28,,81850,,,0,70,,81851,,,0,30,,81845,,,0,70,,81848,,,0,30,,81831,,,0,70,,81852,,,0,30,,81846,,,0,70,,81849,,,0,30,,81832,,,0,70,,81853,,,0,30,,81847,,,0
15800,'1PUBCUT-Weekday',510,,81854,,,0,33,,81862,,,0,70,,81872,,,0,31,,81877,,,0,70,,81855,,,0,30,,81863,,,0,70,,81871,,,0,30,,81878,,,0,71,,81856,,,0,30,,81864,,,0,70,,81873,,,0,30,,81879,,,0,69,,81857,,,0,30,,81865,,,0,70,,81874,,,0,30,,81880,,,0,70,,81858,,,0,30,,81866,,,0,70,,81875,,,0,30,,81881,,,0,80,,81859,,,0,23,,81867,,,0,70,,81876,,,0,32,,81882,,,0,67,,81860,,,0,30,,81868,,,0,70,,81861,,,0,28,,81888,,,0,70,,81889,,,0,30,,81883,,,0,70,,81886,,,0,30,,81869,,,0,70,,81890,,,0,30,,81884,,,0,70,,81887,,,0,30,,81870,,,0,70,,81891,,,0,30,,81885,,,0
80100,'Weekday',821,,89163,0,127 128 129,0
80100,'1PUBCUT-Weekday',821,,89164,0,127 128 129,0
80101,'Weekday',1554,,89165,0,127 128 129,0
80101,'1PUBCUT-Weekday',1554,,89166,0,127 128 129,0
81400,'Weekday',815,,89210,0,12 13 128 129,0
81400,'1PUBCUT-Weekday',815,,89211,0,12 13 128 129,0
81401,'Weekday0000100',1459,,89212,0,12 13 128 129,0
81401,'Weekday1111000',1559,,89213,0,12 13 128 129,0
81401,'1PUBCUT-Weekday0000100',1459,,89214,0,12 13 128 129,0
81401,'1PUBCUT-Weekday1111000',1559,,89215,0,12 13 128 129,0
