5200,'Saturday',622,,93946,36,4,,0,85,,93945,36,4,,0,45,,93949,36,4,,0,85,,93947,36,4,,0,85,,93950,36,4,,0,85,,93951,36,4,,0,45,,93953,36,4,,0,85,,93954,36,4,,0,85,,93955,36,4,,0,85,,93952,36,4,,0,52,,93957,36,4,,0,85,,93959,36,4,,0,85,,93956,36,4,,0,85,,93961,36,4,,0,44,,93958,36,4,,0,86,,93960,36,4,,0,80,,93963,36,4,,0,90,,93964,36,4,,0,42,,93965,36,4,,0,88,,93962,36,4,,0,85,,93966,36,4,,0,85,,93948,36,4,,0
5200,'Sunday',801,,93967,36,4,,0,100,,93968,36,4,,0,45,,93969,36,4,,0,85,,93970,36,4,,0,85,,93972,36,4,,0,85,,93973,36,4,,0,45,,93971,36,4,,0,85,,93975,36,4,,0,85,,93976,36,4,,0,85,,93974,36,4,,0,45,,93977,36,4,,0,85,,93978,36,4,,0,85,,93979,36,4,,0,85,,93982,36,4,,0,45,,93983,36,4,,0,85,,93980,36,4,,0,85,,93981,36,4,,0,85,,93984,36,4,,0,45,,93985,36,4,,0
5200,'Weekday',551,,94008,33,4,,0,86,,94006,36,4,,0,85,,94004,36,4,,0,85,,94007,36,4,,0,45,,94003,36,4,,0,85,,94005,36,4,,0,85,,93999,36,4,,0,85,,94000,36,4,,0,45,,94001,36,4,,0,85,,94002,36,4,,0,85,,93994,36,4,,0,85,,93998,36,4,,0,45,,93996,36,4,,0,82,,93997,36,4,,0,86,,93992,36,4,,0,85,,93995,36,4,,0,45,,93991,36,4,,0,83,,93993,36,4,,0,87,,93989,36,4,,0,84,,93990,36,4,,0,45,,93988,36,4,,0,85,,93986,36,4,,0,86,,93987,36,4,,0
5200,'STMPSa-Saturday',622,,94010,36,4,,0,85,,94009,36,4,,0,45,,94013,36,4,,0,85,,94011,36,4,,0,85,,94014,36,4,,0,85,,94015,36,4,,0,45,,94017,36,4,,0,85,,94018,36,4,,0,85,,94019,36,4,,0,85,,94016,36,4,,0,52,,94021,36,4,,0,85,,94023,36,4,,0,85,,94020,36,4,,0,85,,94025,36,4,,0,44,,94022,36,4,,0,86,,94024,36,4,,0,80,,94027,36,4,,0,90,,94028,36,4,,0,42,,94029,36,4,,0,88,,94026,36,4,,0,85,,94030,36,4,,0,85,,94012,36,4,,0
5200,'STMPSnea-Weekday',551,,94053,33,4,,0,86,,94051,36,4,,0,85,,94049,36,4,,0,85,,94052,36,4,,0,45,,94048,36,4,,0,85,,94050,36,4,,0,85,,94044,36,4,,0,85,,94045,36,4,,0,45,,94046,36,4,,0,85,,94047,36,4,,0,85,,94039,36,4,,0,85,,94043,36,4,,0,45,,94041,36,4,,0,82,,94042,36,4,,0,86,,94037,36,4,,0,85,,94040,36,4,,0,45,,94036,36,4,,0,83,,94038,36,4,,0,87,,94034,36,4,,0,84,,94035,36,4,,0,45,,94033,36,4,,0,85,,94031,36,4,,0,86,,94032,36,4,,0
5200,'STMPSu1-Sunday',801,,94054,36,4,,0,100,,94055,36,4,,0,45,,94056,36,4,,0,85,,94057,36,4,,0,85,,94059,36,4,,0,85,,94060,36,4,,0,45,,94058,36,4,,0,85,,94062,36,4,,0,85,,94063,36,4,,0,85,,94061,36,4,,0,45,,94064,36,4,,0,85,,94065,36,4,,0,85,,94066,36,4,,0,85,,94069,36,4,,0,45,,94070,36,4,,0,85,,94067,36,4,,0,85,,94068,36,4,,0,85,,94071,36,4,,0,45,,94072,36,4,,0
5200,'STMPSu2-Sunday',801,,94073,36,4,,0,100,,94074,36,4,,0,45,,94075,36,4,,0,85,,94076,36,4,,0,85,,94078,36,4,,0,85,,94079,36,4,,0,45,,94077,36,4,,0,85,,94081,36,4,,0,85,,94082,36,4,,0,85,,94080,36,4,,0,45,,94083,36,4,,0,85,,94084,36,4,,0,85,,94085,36,4,,0,85,,94088,36,4,,0,45,,94089,36,4,,0,85,,94086,36,4,,0,85,,94087,36,4,,0,85,,94090,36,4,,0,45,,94091,36,4,,0
5200,'STMPWeek-Weekday',551,,94114,33,4,,0,86,,94112,36,4,,0,85,,94110,36,4,,0,85,,94113,36,4,,0,45,,94109,36,4,,0,85,,94111,36,4,,0,85,,94105,36,4,,0,85,,94106,36,4,,0,45,,94107,36,4,,0,85,,94108,36,4,,0,85,,94100,36,4,,0,85,,94104,36,4,,0,45,,94102,36,4,,0,82,,94103,36,4,,0,86,,94098,36,4,,0,85,,94101,36,4,,0,45,,94097,36,4,,0,83,,94099,36,4,,0,87,,94095,36,4,,0,84,,94096,36,4,,0,45,,94094,36,4,,0,85,,94092,36,4,,0,86,,94093,36,4,,0
5200,'STMPar-Weekday',551,,94137,33,4,,0,86,,94135,36,4,,0,85,,94133,36,4,,0,85,,94136,36,4,,0,45,,94132,36,4,,0,85,,94134,36,4,,0,85,,94128,36,4,,0,85,,94130,36,4,,0,45,,94131,36,4,,0,85,,94129,36,4,,0,85,,94123,36,4,,0,85,,94127,36,4,,0,45,,94125,36,4,,0,82,,94126,36,4,,0,86,,94121,36,4,,0,85,,94124,36,4,,0,45,,94120,36,4,,0,83,,94122,36,4,,0,87,,94118,36,4,,0,84,,94119,36,4,,0,45,,94117,36,4,,0,85,,94115,36,4,,0,86,,94116,36,4,,0
5201,'Saturday',623,,94151,1,,,0,85,,94142,1,,,0,45,,94152,1,,,0,85,,94143,1,,,0,85,,94153,1,,,0,85,,94146,1,,,0,45,,94156,1,,,0,85,,94147,1,,,0,92,,94157,1,,,0,85,,94145,1,,,0,85,,94158,1,,,0,45,,94141,1,,,0,85,,94154,1,,,0,85,,94148,1,,,0,43,,94155,1,,,0,87,,94149,1,,,0,84,,94139,1,,,0,86,,94150,1,,,0,85,,94138,1,,,0,45,,94144,1,,,0,85,,94140,1,,,0
5201,'Sunday',732,,94168,1,,,0,85,,94159,1,,,0,85,,94169,1,,,0,45,,94163,1,,,0,85,,94172,1,,,0,85,,94160,1,,,0,85,,94173,1,,,0,45,,94161,1,,,0,85,,94170,1,,,0,85,,94164,1,,,0,85,,94171,1,,,0,45,,94162,1,,,0,85,,94175,1,,,0,85,,94165,1,,,0,85,,94174,1,,,0,45,,94166,1,,,0,85,,94176,1,,,0,85,,94167,1,,,0,85,,94177,1,,,0
5201,'Weekday',508,,94198,1,,,0,45,,94197,1,,,0,85,,94196,1,,,0,85,,94195,1,,,0,85,,94199,1,,,0,45,,94192,1,,,0,85,,94194,1,,,0,85,,94190,1,,,0,85,,94193,1,,,0,45,,94191,1,,,0,85,,94189,1,,,0,85,,94184,1,,,0,85,,94188,1,,,0,45,,94187,1,,,0,85,,94186,1,,,0,85,,94182,1,,,0,85,,94185,1,,,0,45,,94183,1,,,0,85,,94181,1,,,0,85,,94180,1,,,0,85,,94179,1,,,0,46,,94178,1,,,0
5201,'STMPSa-Saturday',623,,94213,1,,,0,85,,94204,1,,,0,45,,94214,1,,,0,85,,94205,1,,,0,85,,94215,1,,,0,85,,94208,1,,,0,45,,94218,1,,,0,85,,94209,1,,,0,92,,94219,1,,,0,85,,94207,1,,,0,85,,94220,1,,,0,45,,94203,1,,,0,85,,94216,1,,,0,85,,94210,1,,,0,43,,94217,1,,,0,87,,94211,1,,,0,84,,94201,1,,,0,86,,94212,1,,,0,85,,94200,1,,,0,45,,94206,1,,,0,85,,94202,1,,,0
5201,'STMPSnea-Weekday',508,,94241,1,,,0,45,,94240,1,,,0,85,,94239,1,,,0,85,,94238,1,,,0,85,,94242,1,,,0,45,,94235,1,,,0,85,,94237,1,,,0,85,,94233,1,,,0,85,,94236,1,,,0,45,,94234,1,,,0,85,,94232,1,,,0,85,,94227,1,,,0,85,,94231,1,,,0,45,,94230,1,,,0,85,,94229,1,,,0,85,,94225,1,,,0,85,,94228,1,,,0,45,,94226,1,,,0,85,,94224,1,,,0,85,,94223,1,,,0,85,,94222,1,,,0,46,,94221,1,,,0
5201,'STMPSu1-Sunday',732,,94252,1,,,0,85,,94243,1,,,0,85,,94253,1,,,0,45,,94247,1,,,0,85,,94256,1,,,0,85,,94244,1,,,0,85,,94257,1,,,0,45,,94245,1,,,0,85,,94254,1,,,0,85,,94248,1,,,0,85,,94255,1,,,0,45,,94246,1,,,0,85,,94259,1,,,0,85,,94249,1,,,0,85,,94258,1,,,0,45,,94250,1,,,0,85,,94260,1,,,0,85,,94251,1,,,0,85,,94261,1,,,0
5201,'STMPSu2-Sunday',732,,94271,1,,,0,85,,94262,1,,,0,85,,94272,1,,,0,45,,94266,1,,,0,85,,94275,1,,,0,85,,94263,1,,,0,85,,94276,1,,,0,45,,94264,1,,,0,85,,94273,1,,,0,85,,94267,1,,,0,85,,94274,1,,,0,45,,94265,1,,,0,85,,94278,1,,,0,85,,94268,1,,,0,85,,94277,1,,,0,45,,94269,1,,,0,85,,94279,1,,,0,85,,94270,1,,,0,85,,94280,1,,,0
5201,'STMPWeek-Weekday',508,,94301,1,,,0,45,,94300,1,,,0,85,,94299,1,,,0,85,,94298,1,,,0,85,,94302,1,,,0,45,,94295,1,,,0,85,,94297,1,,,0,85,,94293,1,,,0,85,,94296,1,,,0,45,,94294,1,,,0,85,,94292,1,,,0,85,,94287,1,,,0,85,,94291,1,,,0,45,,94290,1,,,0,85,,94289,1,,,0,85,,94285,1,,,0,85,,94288,1,,,0,45,,94286,1,,,0,85,,94284,1,,,0,85,,94283,1,,,0,85,,94282,1,,,0,46,,94281,1,,,0
5201,'STMPar-Weekday',508,,94323,1,,,0,45,,94322,1,,,0,85,,94321,1,,,0,85,,94320,1,,,0,85,,94324,1,,,0,45,,94317,1,,,0,85,,94319,1,,,0,85,,94315,1,,,0,85,,94318,1,,,0,45,,94316,1,,,0,85,,94314,1,,,0,85,,94309,1,,,0,85,,94313,1,,,0,45,,94312,1,,,0,85,,94311,1,,,0,85,,94307,1,,,0,85,,94310,1,,,0,45,,94308,1,,,0,85,,94306,1,,,0,85,,94305,1,,,0,85,,94304,1,,,0,46,,94303,1,,,0
6300,'Weekday',633,,98771,13,4,,0,75,,98772,13,4,,0,35,,98773,13,4,,0,75,,98774,13,4,,0,35,,98775,13,4,,0,679,,98777,13,4,,0,75,,98778,13,4,,0,35,,98779,13,4,,0,75,,98780,13,4,,0,35,,98770,13,4,,0,75,,98776,13,4,,0
6300,'STMPSnea-Weekday',633,,98782,13,4,,0,75,,98783,13,4,,0,35,,98784,13,4,,0,75,,98785,13,4,,0,35,,98786,13,4,,0,679,,98788,13,4,,0,75,,98789,13,4,,0,35,,98790,13,4,,0,75,,98791,13,4,,0,35,,98781,13,4,,0,75,,98787,13,4,,0
6300,'STMPWeek-Weekday',633,,98793,13,4,,0,75,,98794,13,4,,0,35,,98795,13,4,,0,75,,98796,13,4,,0,35,,98797,13,4,,0,679,,98799,13,4,,0,75,,98800,13,4,,0,35,,98801,13,4,,0,75,,98802,13,4,,0,35,,98792,13,4,,0,75,,98798,13,4,,0
6300,'STMPar-Weekday',633,,98804,13,4,,0,75,,98805,13,4,,0,35,,98806,13,4,,0,75,,98807,13,4,,0,35,,98808,13,4,,0,679,,98810,13,4,,0,75,,98811,13,4,,0,35,,98812,13,4,,0,75,,98813,13,4,,0,35,,98803,13,4,,0,75,,98809,13,4,,0
6301,'Weekday',600,,98815,1,,,0,35,,98814,1,,,0,75,,98816,1,,,0,35,,98818,1,,,0,75,,98817,1,,,0,680,,98821,1,,,0,35,,98819,1,,,0,75,,98822,1,,,0,35,,98823,1,,,0,75,,98824,1,,,0,35,,98820,1,,,0
6301,'STMPSnea-Weekday',600,,98826,1,,,0,35,,98825,1,,,0,75,,98827,1,,,0,35,,98829,1,,,0,75,,98828,1,,,0,680,,98832,1,,,0,35,,98830,1,,,0,75,,98833,1,,,0,35,,98834,1,,,0,75,,98835,1,,,0,35,,98831,1,,,0
6301,'STMPWeek-Weekday',600,,98837,1,,,0,35,,98836,1,,,0,75,,98838,1,,,0,35,,98840,1,,,0,75,,98839,1,,,0,680,,98843,1,,,0,35,,98841,1,,,0,75,,98844,1,,,0,35,,98845,1,,,0,75,,98846,1,,,0,35,,98842,1,,,0
6301,'STMPar-Weekday',600,,98848,1,,,0,35,,98847,1,,,0,75,,98849,1,,,0,35,,98851,1,,,0,75,,98850,1,,,0,680,,98854,1,,,0,35,,98852,1,,,0,75,,98855,1,,,0,35,,98856,1,,,0,75,,98857,1,,,0,35,,98853,1,,,0
