16900,'Saturday',614,,62564,9,,,0,40,,62562,9,,,0,80,,62565,9,,,0,80,,62566,9,,,0,40,,62563,9,,,0,80,,62567,9,,,0,80,,62568,9,,,0,40,,62569,9,,,0,80,,62570,9,,,0,81,,62572,9,,,0,40,,62574,9,,,0,80,,62571,9,,,0,80,,62575,9,,,0,40,,62573,9,,,0,80,,62577,9,,,0,80,,62578,9,,,0,40,,62581,9,,,0,80,,62579,9,,,0,79,,62576,9,,,0,40,,62580,9,,,0,80,,62582,9,,,0,80,,62583,9,,,0,40,,62584,9,,,0,80,,62585,9,,,0,80,,62588,9,,,0,40,,62586,9,,,0,80,,62587,9,,,0
16900,'Sunday',614,,62599,9,,,0,40,,62608,9,,,0,80,,62589,9,,,0,80,,62600,9,,,0,40,,62609,9,,,0,80,,62590,9,,,0,80,,62602,9,,,0,40,,62610,9,,,0,80,,62591,9,,,0,81,,62601,9,,,0,40,,62612,9,,,0,80,,62594,9,,,0,80,,62603,9,,,0,40,,62611,9,,,0,80,,62593,9,,,0,80,,62604,9,,,0,40,,62613,9,,,0,80,,62595,9,,,0,79,,62605,9,,,0,40,,62614,9,,,0,80,,62596,9,,,0,80,,62606,9,,,0,40,,62615,9,,,0,80,,62597,9,,,0,80,,62607,9,,,0,40,,62592,9,,,0,80,,62598,9,,,0
16900,'Weekday',502,,62639,9,,,0,31,,62616,9,,,0,70,,62624,9,,,0,28,,62633,9,,,0,70,,62640,9,,,0,32,,62617,9,,,0,70,,62623,9,,,0,29,,62634,9,,,0,70,,62641,9,,,0,32,,62618,9,,,0,70,,62625,9,,,0,30,,62635,9,,,0,70,,62642,9,,,0,29,,62619,9,,,0,70,,62626,9,,,0,30,,62637,9,,,0,70,,62643,9,,,0,30,,62620,9,,,0,70,,62627,9,,,0,30,,62636,9,,,0,70,,62644,9,,,0,33,,62621,9,,,0,70,,62628,9,,,0,30,,62638,9,,,0,72,,62645,9,,,0,29,,62622,9,,,0,70,,62629,9,,,0,29,,62648,9,,,0,67,,62630,9,,,0,30,,62651,9,,,0,70,,62646,9,,,0,30,,62649,9,,,0,70,,62631,9,,,0,30,,62652,9,,,0,70,,62647,9,,,0,30,,62650,9,,,0,70,,62632,9,,,0,30,,62653,9,,,0
16900,'1CCSDCUT-Weekday',502,,62677,9,,,0,31,,62654,9,,,0,70,,62662,9,,,0,28,,62671,9,,,0,70,,62678,9,,,0,32,,62655,9,,,0,70,,62661,9,,,0,29,,62672,9,,,0,70,,62679,9,,,0,32,,62656,9,,,0,70,,62663,9,,,0,30,,62673,9,,,0,70,,62680,9,,,0,29,,62657,9,,,0,70,,62664,9,,,0,30,,62675,9,,,0,70,,62681,9,,,0,30,,62658,9,,,0,70,,62665,9,,,0,30,,62674,9,,,0,70,,62682,9,,,0,33,,62659,9,,,0,70,,62666,9,,,0,30,,62676,9,,,0,72,,62683,9,,,0,29,,62660,9,,,0,70,,62667,9,,,0,29,,62686,9,,,0,67,,62668,9,,,0,30,,62689,9,,,0,70,,62684,9,,,0,30,,62687,9,,,0,70,,62669,9,,,0,30,,62690,9,,,0,70,,62685,9,,,0,30,,62688,9,,,0,70,,62670,9,,,0,30,,62691,9,,,0
16900,'1PUBCUT-Weekday',502,,62715,9,,,0,31,,62692,9,,,0,70,,62700,9,,,0,28,,62709,9,,,0,70,,62716,9,,,0,32,,62693,9,,,0,70,,62699,9,,,0,29,,62710,9,,,0,70,,62717,9,,,0,32,,62694,9,,,0,70,,62701,9,,,0,30,,62711,9,,,0,70,,62718,9,,,0,29,,62695,9,,,0,70,,62702,9,,,0,30,,62713,9,,,0,70,,62719,9,,,0,30,,62696,9,,,0,70,,62703,9,,,0,30,,62712,9,,,0,70,,62720,9,,,0,33,,62697,9,,,0,70,,62704,9,,,0,30,,62714,9,,,0,72,,62721,9,,,0,29,,62698,9,,,0,70,,62705,9,,,0,29,,62724,9,,,0,67,,62706,9,,,0,30,,62727,9,,,0,70,,62722,9,,,0,30,,62725,9,,,0,70,,62707,9,,,0,30,,62728,9,,,0,70,,62723,9,,,0,30,,62726,9,,,0,70,,62708,9,,,0,30,,62729,9,,,0
77300,'Weekday',735,,68734,10,0,125 6 126 31,0
77300,'1CCSDCUT-Weekday',735,,68735,10,0,125 6 126 31,0
80700,'Weekday',822,,68882,6,0,127 126 31,0
80700,'1PUBCUT-Weekday',822,,68883,6,0,127 126 31,0
81700,'Weekday',818,,68934,6,0,12 13 126 31,0
81700,'1PUBCUT-Weekday',818,,68935,6,0,12 13 126 31,0
81701,'Weekday0000100',1452,,68936,12,0,12 13 126 31,0
81701,'Weekday1111000',1552,,68937,12,0,12 13 126 31,0
81701,'1PUBCUT-Weekday0000100',1452,,68938,12,0,12 13 126 31,0
81701,'1PUBCUT-Weekday1111000',1552,,68939,12,0,12 13 126 31,0
