9201,'Saturday',712,,110655,42,,,0,45,,110641,42,,,0,85,,110645,42,,,0,87,,110650,42,,,0,87,,110656,42,,,0,85,,110640,42,,,0,45,,110646,42,,,0,85,,110651,42,,,0,85,,110657,42,,,0,85,,110642,42,,,0,45,,110647,42,,,0,85,,110652,42,,,0,86,,110658,42,,,0,85,,110643,42,,,0,42,,110649,42,,,0,85,,110653,42,,,0,85,,110659,42,,,0,45,,110644,42,,,0,85,,110648,42,,,0,83,,110654,42,,,0,82,,110660,42,,,0,45,,110661,42,,,0
9201,'Sunday',713,,110677,42,,,0,45,,110662,42,,,0,85,,110667,42,,,0,85,,110672,42,,,0,85,,110678,42,,,0,45,,110663,42,,,0,88,,110668,42,,,0,85,,110674,42,,,0,85,,110679,42,,,0,85,,110665,42,,,0,45,,110669,42,,,0,85,,110673,42,,,0,85,,110680,42,,,0,85,,110664,42,,,0,45,,110670,42,,,0,83,,110675,42,,,0,84,,110681,42,,,0,45,,110666,42,,,0,85,,110671,42,,,0,85,,110676,42,,,0,82,,110682,42,,,0
9201,'Weekday',548,,110688,42,,,0,71,,110694,42,,,0,33,,110712,42,,,0,73,,110700,42,,,0,30,,110716,42,,,0,70,,110704,42,,,0,31,,110689,42,,,0,73,,110695,42,,,0,30,,110713,42,,,0,71,,110701,42,,,0,71,,110708,42,,,0,31,,110705,42,,,0,71,,110690,42,,,0,31,,110696,42,,,0,71,,110714,42,,,0,31,,110702,42,,,0,71,,110699,42,,,0,31,,110706,42,,,0,72,,110691,42,,,0,31,,110697,42,,,0,70,,110715,42,,,0,31,,110703,42,,,0,71,,110693,42,,,0,31,,110707,42,,,0,71,,110692,42,,,0,31,,110698,42,,,0,67,,110683,42,,,0,43,,110685,42,,,0,85,,110710,42,,,0,84,,110709,42,,,0,84,,110684,42,,,0,45,,110686,42,,,0,85,,110711,42,,,0,81,,110687,42,,,0
9201,'STMPSa-Saturday',712,,110732,42,,,0,45,,110718,42,,,0,85,,110722,42,,,0,87,,110727,42,,,0,87,,110733,42,,,0,85,,110717,42,,,0,45,,110723,42,,,0,85,,110728,42,,,0,85,,110734,42,,,0,85,,110719,42,,,0,45,,110724,42,,,0,85,,110729,42,,,0,86,,110735,42,,,0,85,,110720,42,,,0,42,,110726,42,,,0,85,,110730,42,,,0,85,,110736,42,,,0,45,,110721,42,,,0,85,,110725,42,,,0,83,,110731,42,,,0,82,,110737,42,,,0,45,,110738,42,,,0
9201,'STMPSnea-Weekday',548,,110744,42,,,0,71,,110750,42,,,0,33,,110768,42,,,0,73,,110756,42,,,0,30,,110772,42,,,0,70,,110760,42,,,0,31,,110745,42,,,0,73,,110751,42,,,0,30,,110769,42,,,0,71,,110757,42,,,0,71,,110764,42,,,0,31,,110761,42,,,0,71,,110746,42,,,0,31,,110752,42,,,0,71,,110770,42,,,0,31,,110758,42,,,0,71,,110755,42,,,0,31,,110762,42,,,0,72,,110747,42,,,0,31,,110753,42,,,0,70,,110771,42,,,0,31,,110759,42,,,0,71,,110749,42,,,0,31,,110763,42,,,0,71,,110748,42,,,0,31,,110754,42,,,0,67,,110739,42,,,0,43,,110741,42,,,0,85,,110766,42,,,0,84,,110765,42,,,0,84,,110740,42,,,0,45,,110742,42,,,0,85,,110767,42,,,0,81,,110743,42,,,0
9201,'STMPSu1-Sunday',713,,110788,42,,,0,45,,110773,42,,,0,85,,110778,42,,,0,85,,110783,42,,,0,85,,110789,42,,,0,45,,110774,42,,,0,88,,110779,42,,,0,85,,110785,42,,,0,85,,110790,42,,,0,85,,110776,42,,,0,45,,110780,42,,,0,85,,110784,42,,,0,85,,110791,42,,,0,85,,110775,42,,,0,45,,110781,42,,,0,83,,110786,42,,,0,84,,110792,42,,,0,45,,110777,42,,,0,85,,110782,42,,,0,85,,110787,42,,,0,82,,110793,42,,,0
9201,'STMPSu2-Sunday',713,,110809,42,,,0,45,,110794,42,,,0,85,,110799,42,,,0,85,,110804,42,,,0,85,,110810,42,,,0,45,,110795,42,,,0,88,,110800,42,,,0,85,,110806,42,,,0,85,,110811,42,,,0,85,,110797,42,,,0,45,,110801,42,,,0,85,,110805,42,,,0,85,,110812,42,,,0,85,,110796,42,,,0,45,,110802,42,,,0,83,,110807,42,,,0,84,,110813,42,,,0,45,,110798,42,,,0,85,,110803,42,,,0,85,,110808,42,,,0,82,,110814,42,,,0
9201,'STMPWeek-Weekday',548,,110820,42,,,0,71,,110826,42,,,0,33,,110844,42,,,0,73,,110832,42,,,0,30,,110848,42,,,0,70,,110836,42,,,0,31,,110821,42,,,0,73,,110827,42,,,0,30,,110845,42,,,0,71,,110833,42,,,0,71,,110840,42,,,0,31,,110837,42,,,0,71,,110822,42,,,0,31,,110828,42,,,0,71,,110846,42,,,0,31,,110834,42,,,0,71,,110831,42,,,0,31,,110838,42,,,0,72,,110823,42,,,0,31,,110829,42,,,0,70,,110847,42,,,0,31,,110835,42,,,0,71,,110825,42,,,0,31,,110839,42,,,0,71,,110824,42,,,0,31,,110830,42,,,0,67,,110815,42,,,0,43,,110817,42,,,0,85,,110842,42,,,0,84,,110841,42,,,0,84,,110816,42,,,0,45,,110818,42,,,0,85,,110843,42,,,0,81,,110819,42,,,0
9201,'STMPar-Weekday',548,,110854,42,,,0,71,,110860,42,,,0,33,,110878,42,,,0,73,,110866,42,,,0,30,,110882,42,,,0,70,,110870,42,,,0,31,,110855,42,,,0,73,,110861,42,,,0,30,,110879,42,,,0,71,,110867,42,,,0,71,,110874,42,,,0,31,,110871,42,,,0,71,,110856,42,,,0,31,,110862,42,,,0,71,,110880,42,,,0,31,,110868,42,,,0,71,,110865,42,,,0,31,,110872,42,,,0,72,,110857,42,,,0,31,,110863,42,,,0,70,,110881,42,,,0,31,,110869,42,,,0,71,,110859,42,,,0,31,,110873,42,,,0,71,,110858,42,,,0,31,,110864,42,,,0,67,,110849,42,,,0,43,,110851,42,,,0,85,,110876,42,,,0,84,,110875,42,,,0,84,,110850,42,,,0,45,,110852,42,,,0,85,,110877,42,,,0,81,,110853,42,,,0
15300,'Saturday',614,,128572,14,,,0,37,,128573,14,,,0,77,,128574,14,,,0,77,,128576,14,,,0,37,,128584,14,,,0,77,,128585,14,,,0,37,,128582,14,,,0,77,,128587,14,,,0,77,,128581,14,,,0,37,,128588,14,,,0,77,,128589,14,,,0,77,,128586,14,,,0,37,,128590,14,,,0,77,,128591,14,,,0,37,,128592,14,,,0,77,,128593,14,,,0,77,,128594,14,,,0,37,,128595,14,,,0,77,,128596,14,,,0,37,,128598,14,,,0,77,,128597,14,,,0,77,,128583,14,,,0,37,,128578,14,,,0,77,,128580,14,,,0,77,,128579,14,,,0,37,,128577,14,,,0,77,,128575,14,,,0
15300,'Sunday',842,,128599,14,,,0,77,,128601,14,,,0,37,,128600,14,,,0,77,,128602,14,,,0,77,,128603,14,,,0,37,,128604,14,,,0,77,,128606,14,,,0,77,,128607,14,,,0,37,,128608,14,,,0,77,,128605,14,,,0,37,,128609,14,,,0,77,,128610,14,,,0,77,,128611,14,,,0,37,,128612,14,,,0,77,,128613,14,,,0,37,,128614,14,,,0,77,,128615,14,,,0,77,,128616,14,,,0,37,,128617,14,,,0,77,,128618,14,,,0,77,,128619,14,,,0,35,,128620,14,,,0,72,,128621,14,,,0
15300,'Weekday',532,,128623,14,,,0,25,,128624,14,,,0,65,,128622,14,,,0,25,,128625,14,,,0,65,,128626,14,,,0,25,,128627,14,,,0,65,,128628,14,,,0,25,,128630,14,,,0,25,,128631,14,,,0,65,,128629,14,,,0,25,,128632,14,,,0,65,,128633,14,,,0,25,,128634,14,,,0,25,,128635,14,,,0,65,,128637,14,,,0,25,,128638,14,,,0,65,,128636,14,,,0,25,,128640,14,,,0,65,,128641,14,,,0,25,,128639,14,,,0,25,,128642,14,,,0,65,,128643,14,,,0,26,,128644,14,,,0,66,,128655,14,,,0,25,,128656,14,,,0,20,,128657,14,,,0,60,,128658,14,,,0,20,,128659,14,,,0,20,,128660,14,,,0,60,,128661,14,,,0,20,,128662,14,,,0,20,,128663,14,,,0,59,,128653,14,,,0,24,,128654,14,,,0,75,,128645,14,,,0,36,,128646,14,,,0,76,,128647,14,,,0,76,,128648,14,,,0,36,,128650,14,,,0,76,,128651,14,,,0,36,,128652,14,,,0,76,,128649,14,,,0
15300,'STMPSa-Saturday',614,,128664,14,,,0,37,,128665,14,,,0,77,,128666,14,,,0,77,,128668,14,,,0,37,,128676,14,,,0,77,,128677,14,,,0,37,,128674,14,,,0,77,,128679,14,,,0,77,,128673,14,,,0,37,,128680,14,,,0,77,,128681,14,,,0,77,,128678,14,,,0,37,,128682,14,,,0,77,,128683,14,,,0,37,,128684,14,,,0,77,,128685,14,,,0,77,,128686,14,,,0,37,,128687,14,,,0,77,,128688,14,,,0,37,,128690,14,,,0,77,,128689,14,,,0,77,,128675,14,,,0,37,,128670,14,,,0,77,,128672,14,,,0,77,,128671,14,,,0,37,,128669,14,,,0,77,,128667,14,,,0
15300,'STMPSnea-Weekday',532,,128692,14,,,0,25,,128693,14,,,0,65,,128691,14,,,0,25,,128694,14,,,0,65,,128695,14,,,0,25,,128696,14,,,0,65,,128697,14,,,0,25,,128699,14,,,0,25,,128700,14,,,0,65,,128698,14,,,0,25,,128701,14,,,0,65,,128702,14,,,0,25,,128703,14,,,0,25,,128704,14,,,0,65,,128706,14,,,0,25,,128707,14,,,0,65,,128705,14,,,0,25,,128709,14,,,0,65,,128710,14,,,0,25,,128708,14,,,0,25,,128711,14,,,0,65,,128712,14,,,0,26,,128713,14,,,0,66,,128724,14,,,0,25,,128725,14,,,0,20,,128726,14,,,0,60,,128727,14,,,0,20,,128728,14,,,0,20,,128729,14,,,0,60,,128730,14,,,0,20,,128731,14,,,0,20,,128732,14,,,0,59,,128722,14,,,0,24,,128723,14,,,0,75,,128714,14,,,0,36,,128715,14,,,0,76,,128716,14,,,0,76,,128717,14,,,0,36,,128719,14,,,0,76,,128720,14,,,0,36,,128721,14,,,0,76,,128718,14,,,0
15300,'STMPSu1-Sunday',842,,128733,14,,,0,77,,128735,14,,,0,37,,128734,14,,,0,77,,128736,14,,,0,77,,128737,14,,,0,37,,128738,14,,,0,77,,128740,14,,,0,77,,128741,14,,,0,37,,128742,14,,,0,77,,128739,14,,,0,37,,128743,14,,,0,77,,128744,14,,,0,77,,128745,14,,,0,37,,128746,14,,,0,77,,128747,14,,,0,37,,128748,14,,,0,77,,128749,14,,,0,77,,128750,14,,,0,37,,128751,14,,,0,77,,128752,14,,,0,77,,128753,14,,,0,35,,128754,14,,,0,72,,128755,14,,,0
15300,'STMPSu2-Sunday',842,,128756,14,,,0,77,,128758,14,,,0,37,,128757,14,,,0,77,,128759,14,,,0,77,,128760,14,,,0,37,,128761,14,,,0,77,,128763,14,,,0,77,,128764,14,,,0,37,,128765,14,,,0,77,,128762,14,,,0,37,,128766,14,,,0,77,,128767,14,,,0,77,,128768,14,,,0,37,,128769,14,,,0,77,,128770,14,,,0,37,,128771,14,,,0,77,,128772,14,,,0,77,,128773,14,,,0,37,,128774,14,,,0,77,,128775,14,,,0,77,,128776,14,,,0,35,,128777,14,,,0,72,,128778,14,,,0
15300,'STMPWeek-Weekday',532,,128780,14,,,0,25,,128781,14,,,0,65,,128779,14,,,0,25,,128782,14,,,0,65,,128783,14,,,0,25,,128784,14,,,0,65,,128785,14,,,0,25,,128787,14,,,0,25,,128788,14,,,0,65,,128786,14,,,0,25,,128789,14,,,0,65,,128790,14,,,0,25,,128791,14,,,0,25,,128792,14,,,0,65,,128794,14,,,0,25,,128795,14,,,0,65,,128793,14,,,0,25,,128797,14,,,0,65,,128798,14,,,0,25,,128796,14,,,0,25,,128799,14,,,0,65,,128800,14,,,0,26,,128801,14,,,0,66,,128812,14,,,0,25,,128813,14,,,0,20,,128814,14,,,0,60,,128815,14,,,0,20,,128816,14,,,0,20,,128817,14,,,0,60,,128818,14,,,0,20,,128819,14,,,0,20,,128820,14,,,0,59,,128810,14,,,0,24,,128811,14,,,0,75,,128802,14,,,0,36,,128803,14,,,0,76,,128804,14,,,0,76,,128805,14,,,0,36,,128807,14,,,0,76,,128808,14,,,0,36,,128809,14,,,0,76,,128806,14,,,0
15300,'STMPar-Weekday',532,,128822,14,,,0,25,,128823,14,,,0,65,,128821,14,,,0,25,,128824,14,,,0,65,,128825,14,,,0,25,,128826,14,,,0,65,,128827,14,,,0,25,,128829,14,,,0,25,,128830,14,,,0,65,,128828,14,,,0,25,,128831,14,,,0,65,,128832,14,,,0,25,,128833,14,,,0,25,,128834,14,,,0,65,,128836,14,,,0,25,,128837,14,,,0,65,,128835,14,,,0,25,,128839,14,,,0,65,,128840,14,,,0,25,,128838,14,,,0,25,,128842,14,,,0,65,,128843,14,,,0,26,,128844,14,,,0,66,,128854,14,,,0,25,,128855,14,,,0,20,,128856,14,,,0,60,,128857,14,,,0,20,,128858,14,,,0,20,,128859,14,,,0,60,,128860,14,,,0,20,,128861,14,,,0,20,,128862,14,,,0,59,,128852,14,,,0,24,,128853,14,,,0,75,,128841,14,,,0,36,,128845,14,,,0,76,,128846,14,,,0,76,,128847,14,,,0,36,,128849,14,,,0,76,,128850,14,,,0,36,,128851,14,,,0,76,,128848,14,,,0
