2600,'Saturday',619,,84498,19,,,0,85,,84508,19,,,0,45,,84500,19,,,0,85,,84509,19,,,0,88,,84499,19,,,0,85,,84510,19,,,0,45,,84501,19,,,0,85,,84511,19,,,0,85,,84502,19,,,0,85,,84512,19,,,0,45,,84503,19,,,0,85,,84513,19,,,0,85,,84504,19,,,0,85,,84514,19,,,0,45,,84505,19,,,0,85,,84515,19,,,0,85,,84506,19,,,0,84,,84516,19,,,0,44,,84507,19,,,0,85,,84517,19,,,0
2600,'Sunday',619,,84518,19,,,0,85,,84528,19,,,0,45,,84519,19,,,0,85,,84529,19,,,0,88,,84520,19,,,0,85,,84531,19,,,0,45,,84521,19,,,0,85,,84530,19,,,0,85,,84522,19,,,0,85,,84532,19,,,0,45,,84523,19,,,0,85,,84533,19,,,0,85,,84524,19,,,0,85,,84534,19,,,0,45,,84525,19,,,0,85,,84535,19,,,0,85,,84526,19,,,0,84,,84536,19,,,0,44,,84527,19,,,0,85,,84537,19,,,0
2600,'Weekday',542,,84538,19,,,0,72,,84539,19,,,0,32,,84540,19,,,0,74,,84541,19,,,0,33,,84542,19,,,0,72,,84543,19,,,0,32,,84544,19,,,0,67,,84545,19,,,0,26,,84547,19,,,0,70,,84548,19,,,0,30,,84549,19,,,0,70,,84546,19,,,0,30,,84550,19,,,0,70,,84551,19,,,0,30,,84552,19,,,0,70,,84553,19,,,0,30,,84554,19,,,0,70,,84556,19,,,0,31,,84557,19,,,0,71,,84558,19,,,0,32,,84555,19,,,0,74,,84559,19,,,0,72,,84560,19,,,0,32,,84561,19,,,0,72,,84562,19,,,0,29,,84564,19,,,0,68,,84565,19,,,0,30,,84566,19,,,0,70,,84567,19,,,0,30,,84569,19,,,0,70,,84571,19,,,0,28,,84570,19,,,0,30,,84568,19,,,0,70,,84563,19,,,0
2600,'STMPSa-Saturday',619,,84572,19,,,0,85,,84582,19,,,0,45,,84574,19,,,0,85,,84583,19,,,0,88,,84573,19,,,0,85,,84584,19,,,0,45,,84575,19,,,0,85,,84585,19,,,0,85,,84576,19,,,0,85,,84586,19,,,0,45,,84577,19,,,0,85,,84587,19,,,0,85,,84578,19,,,0,85,,84588,19,,,0,45,,84579,19,,,0,85,,84589,19,,,0,85,,84580,19,,,0,84,,84590,19,,,0,44,,84581,19,,,0,85,,84591,19,,,0
2600,'STMPSnea-Weekday',542,,84592,19,,,0,72,,84593,19,,,0,32,,84594,19,,,0,74,,84595,19,,,0,33,,84596,19,,,0,72,,84597,19,,,0,32,,84598,19,,,0,67,,84599,19,,,0,26,,84601,19,,,0,70,,84602,19,,,0,30,,84603,19,,,0,70,,84600,19,,,0,30,,84604,19,,,0,70,,84605,19,,,0,30,,84606,19,,,0,70,,84607,19,,,0,30,,84608,19,,,0,70,,84610,19,,,0,31,,84611,19,,,0,71,,84612,19,,,0,32,,84609,19,,,0,74,,84613,19,,,0,72,,84614,19,,,0,32,,84615,19,,,0,72,,84616,19,,,0,29,,84618,19,,,0,68,,84619,19,,,0,30,,84620,19,,,0,70,,84621,19,,,0,30,,84623,19,,,0,70,,84625,19,,,0,28,,84624,19,,,0,30,,84622,19,,,0,70,,84617,19,,,0
2600,'STMPSu1-Sunday',619,,84626,19,,,0,85,,84636,19,,,0,45,,84627,19,,,0,85,,84637,19,,,0,88,,84628,19,,,0,85,,84639,19,,,0,45,,84629,19,,,0,85,,84638,19,,,0,85,,84630,19,,,0,85,,84640,19,,,0,45,,84631,19,,,0,85,,84641,19,,,0,85,,84632,19,,,0,85,,84642,19,,,0,45,,84633,19,,,0,85,,84643,19,,,0,85,,84634,19,,,0,84,,84644,19,,,0,44,,84635,19,,,0,85,,84645,19,,,0
2600,'STMPSu2-Sunday',619,,84646,19,,,0,85,,84656,19,,,0,45,,84647,19,,,0,85,,84657,19,,,0,88,,84648,19,,,0,85,,84659,19,,,0,45,,84649,19,,,0,85,,84658,19,,,0,85,,84650,19,,,0,85,,84660,19,,,0,45,,84651,19,,,0,85,,84661,19,,,0,85,,84652,19,,,0,85,,84662,19,,,0,45,,84653,19,,,0,85,,84663,19,,,0,85,,84654,19,,,0,84,,84664,19,,,0,44,,84655,19,,,0,85,,84665,19,,,0
2600,'STMPWeek-Weekday',542,,84666,19,,,0,72,,84667,19,,,0,32,,84668,19,,,0,74,,84669,19,,,0,33,,84670,19,,,0,72,,84671,19,,,0,32,,84672,19,,,0,67,,84673,19,,,0,26,,84675,19,,,0,70,,84676,19,,,0,30,,84677,19,,,0,70,,84674,19,,,0,30,,84678,19,,,0,70,,84679,19,,,0,30,,84680,19,,,0,70,,84681,19,,,0,30,,84682,19,,,0,70,,84684,19,,,0,31,,84685,19,,,0,71,,84686,19,,,0,32,,84683,19,,,0,74,,84687,19,,,0,72,,84688,19,,,0,32,,84689,19,,,0,72,,84690,19,,,0,29,,84692,19,,,0,68,,84693,19,,,0,30,,84694,19,,,0,70,,84695,19,,,0,30,,84697,19,,,0,70,,84699,19,,,0,28,,84698,19,,,0,30,,84696,19,,,0,70,,84691,19,,,0
2600,'STMPar-Weekday',542,,84700,19,,,0,72,,84701,19,,,0,32,,84702,19,,,0,74,,84703,19,,,0,33,,84704,19,,,0,72,,84705,19,,,0,32,,84706,19,,,0,67,,84707,19,,,0,26,,84709,19,,,0,70,,84710,19,,,0,30,,84711,19,,,0,70,,84708,19,,,0,30,,84712,19,,,0,70,,84713,19,,,0,30,,84714,19,,,0,70,,84715,19,,,0,30,,84716,19,,,0,70,,84718,19,,,0,31,,84719,19,,,0,71,,84720,19,,,0,32,,84717,19,,,0,74,,84721,19,,,0,72,,84722,19,,,0,32,,84723,19,,,0,72,,84724,19,,,0,29,,84726,19,,,0,68,,84728,19,,,0,30,,84729,19,,,0,70,,84727,19,,,0,30,,84731,19,,,0,70,,84733,19,,,0,28,,84732,19,,,0,30,,84730,19,,,0,70,,84725,19,,,0
13401,'Weekday',606,,124238,14,,,0,50,,124239,14,,,0,65,,124272,14,,,0,25,,124240,14,,,0,65,,124270,14,,,0,25,,124241,14,,,0,65,,124268,14,,,0,25,,124242,14,,,0,25,,124261,14,,,0,65,,124243,14,,,0,25,,124265,14,,,0,65,,124244,14,,,0,25,,124274,14,,,0,25,,124245,14,,,0,65,,124264,14,,,0,25,,124246,14,,,0,65,,124263,14,,,0,25,,124247,14,,,0,65,,124266,14,,,0,25,,124248,14,,,0,25,,124267,14,,,0,65,,124249,14,,,0,25,,124262,14,,,0,65,,124250,14,,,0,25,,124271,14,,,0,25,,124252,14,,,0,65,,124273,14,,,0,25,,124253,14,,,0,65,,124269,14,,,0,25,,124251,14,,,0,90,,124254,14,,,0,90,,124255,14,,,0,90,,124256,14,,,0,50,,124257,14,,,0,90,,124258,14,,,0,90,,124259,14,,,0,90,,124260,14,,,0
13401,'STMPSnea-Weekday',606,,124275,14,,,0,50,,124276,14,,,0,65,,124309,14,,,0,25,,124277,14,,,0,65,,124307,14,,,0,25,,124278,14,,,0,65,,124305,14,,,0,25,,124279,14,,,0,25,,124298,14,,,0,65,,124280,14,,,0,25,,124302,14,,,0,65,,124281,14,,,0,25,,124311,14,,,0,25,,124282,14,,,0,65,,124301,14,,,0,25,,124283,14,,,0,65,,124300,14,,,0,25,,124284,14,,,0,65,,124303,14,,,0,25,,124285,14,,,0,25,,124304,14,,,0,65,,124286,14,,,0,25,,124299,14,,,0,65,,124287,14,,,0,25,,124308,14,,,0,25,,124289,14,,,0,65,,124310,14,,,0,25,,124290,14,,,0,65,,124306,14,,,0,25,,124288,14,,,0,90,,124291,14,,,0,90,,124292,14,,,0,90,,124293,14,,,0,50,,124294,14,,,0,90,,124295,14,,,0,90,,124296,14,,,0,90,,124297,14,,,0
13401,'STMPWeek-Weekday',606,,124312,14,,,0,50,,124313,14,,,0,65,,124346,14,,,0,25,,124314,14,,,0,65,,124344,14,,,0,25,,124315,14,,,0,65,,124342,14,,,0,25,,124316,14,,,0,25,,124335,14,,,0,65,,124317,14,,,0,25,,124339,14,,,0,65,,124318,14,,,0,25,,124348,14,,,0,25,,124319,14,,,0,65,,124338,14,,,0,25,,124320,14,,,0,65,,124337,14,,,0,25,,124321,14,,,0,65,,124340,14,,,0,25,,124322,14,,,0,25,,124341,14,,,0,65,,124323,14,,,0,25,,124336,14,,,0,65,,124324,14,,,0,25,,124345,14,,,0,25,,124326,14,,,0,65,,124347,14,,,0,25,,124327,14,,,0,65,,124343,14,,,0,25,,124325,14,,,0,90,,124328,14,,,0,90,,124329,14,,,0,90,,124330,14,,,0,50,,124331,14,,,0,90,,124332,14,,,0,90,,124333,14,,,0,90,,124334,14,,,0
13401,'STMPar-Weekday',606,,124349,14,,,0,50,,124350,14,,,0,65,,124383,14,,,0,25,,124351,14,,,0,65,,124381,14,,,0,25,,124352,14,,,0,65,,124379,14,,,0,25,,124353,14,,,0,25,,124372,14,,,0,65,,124354,14,,,0,25,,124376,14,,,0,65,,124355,14,,,0,25,,124385,14,,,0,25,,124356,14,,,0,65,,124375,14,,,0,25,,124357,14,,,0,65,,124374,14,,,0,25,,124358,14,,,0,65,,124377,14,,,0,25,,124359,14,,,0,25,,124378,14,,,0,65,,124360,14,,,0,25,,124373,14,,,0,65,,124362,14,,,0,25,,124382,14,,,0,25,,124361,14,,,0,65,,124384,14,,,0,25,,124364,14,,,0,65,,124380,14,,,0,25,,124363,14,,,0,90,,124365,14,,,0,90,,124366,14,,,0,90,,124367,14,,,0,50,,124368,14,,,0,90,,124369,14,,,0,90,,124370,14,,,0,90,,124371,14,,,0
