9801,'Saturday',601,,113351,12,,,0,35,,113352,12,,,0,75,,113354,12,,,0,35,,113353,12,,,0,75,,113356,12,,,0,35,,113357,12,,,0,75,,113355,12,,,0,75,,113358,12,,,0,35,,113359,12,,,0,75,,113360,12,,,0,35,,113361,12,,,0,75,,113362,12,,,0,75,,113363,12,,,0,35,,113364,12,,,0,75,,113365,12,,,0,35,,113366,12,,,0,75,,113367,12,,,0,35,,113368,12,,,0,75,,113369,12,,,0,75,,113370,12,,,0,35,,113371,12,,,0,75,,113372,12,,,0,35,,113374,12,,,0,75,,113373,12,,,0,75,,113375,12,,,0,35,,113376,12,,,0,75,,113378,12,,,0,35,,113377,12,,,0,75,,113380,12,,,0,35,,113379,12,,,0
9801,'Sunday',820,,113381,12,,,0,35,,113382,12,,,0,75,,113383,12,,,0,75,,113384,12,,,0,35,,113385,12,,,0,75,,113387,12,,,0,35,,113386,12,,,0,75,,113388,12,,,0,75,,113389,12,,,0,35,,113390,12,,,0,75,,113391,12,,,0,35,,113392,12,,,0,75,,113393,12,,,0,35,,113394,12,,,0,75,,113395,12,,,0,75,,113396,12,,,0,35,,113397,12,,,0,75,,113399,12,,,0,35,,113398,12,,,0,75,,113400,12,,,0,75,,113401,12,,,0,35,,113402,12,,,0,75,,113403,12,,,0,35,,113404,12,,,0,75,,113405,12,,,0,35,,113406,12,,,0
9801,'Weekday',444,,113408,12,,,0,73,,113409,12,,,0,33,,113426,12,,,0,75,,113410,12,,,0,33,,113427,12,,,0,73,,113411,12,,,0,73,,113428,12,,,0,33,,113412,12,,,0,71,,113429,12,,,0,33,,113413,12,,,0,73,,113430,12,,,0,33,,113414,12,,,0,73,,113431,12,,,0,33,,113415,12,,,0,73,,113432,12,,,0,33,,113416,12,,,0,73,,113433,12,,,0,73,,113417,12,,,0,33,,113434,12,,,0,75,,113418,12,,,0,34,,113435,12,,,0,57,,113407,12,,,0,16,,113419,12,,,0,33,,113436,12,,,0,73,,113420,12,,,0,32,,113437,12,,,0,72,,113421,12,,,0,72,,113438,12,,,0,33,,113422,12,,,0,73,,113439,12,,,0,33,,113423,12,,,0,73,,113440,12,,,0,33,,113424,12,,,0,73,,113441,12,,,0,33,,113425,12,,,0,73,,113442,12,,,0
9801,'STMPSa-Saturday',601,,113443,12,,,0,35,,113444,12,,,0,75,,113446,12,,,0,35,,113445,12,,,0,75,,113448,12,,,0,35,,113449,12,,,0,75,,113447,12,,,0,75,,113450,12,,,0,35,,113451,12,,,0,75,,113452,12,,,0,35,,113453,12,,,0,75,,113454,12,,,0,75,,113455,12,,,0,35,,113456,12,,,0,75,,113457,12,,,0,35,,113458,12,,,0,75,,113459,12,,,0,35,,113460,12,,,0,75,,113461,12,,,0,75,,113462,12,,,0,35,,113463,12,,,0,75,,113464,12,,,0,35,,113466,12,,,0,75,,113465,12,,,0,75,,113467,12,,,0,35,,113469,12,,,0,75,,113468,12,,,0,35,,113470,12,,,0,75,,113472,12,,,0,35,,113471,12,,,0
9801,'STMPSnea-Weekday',444,,113474,12,,,0,73,,113475,12,,,0,33,,113492,12,,,0,75,,113476,12,,,0,33,,113493,12,,,0,73,,113477,12,,,0,73,,113494,12,,,0,33,,113478,12,,,0,71,,113495,12,,,0,33,,113479,12,,,0,73,,113496,12,,,0,33,,113480,12,,,0,73,,113497,12,,,0,33,,113481,12,,,0,73,,113498,12,,,0,33,,113482,12,,,0,73,,113499,12,,,0,73,,113483,12,,,0,33,,113500,12,,,0,75,,113484,12,,,0,34,,113501,12,,,0,57,,113473,12,,,0,16,,113485,12,,,0,33,,113502,12,,,0,73,,113486,12,,,0,32,,113503,12,,,0,72,,113487,12,,,0,72,,113504,12,,,0,33,,113488,12,,,0,73,,113505,12,,,0,33,,113489,12,,,0,73,,113506,12,,,0,33,,113490,12,,,0,73,,113507,12,,,0,33,,113491,12,,,0,73,,113508,12,,,0
9801,'STMPSu1-Sunday',820,,113509,12,,,0,35,,113510,12,,,0,75,,113511,12,,,0,75,,113512,12,,,0,35,,113513,12,,,0,75,,113515,12,,,0,35,,113514,12,,,0,75,,113516,12,,,0,75,,113517,12,,,0,35,,113518,12,,,0,75,,113519,12,,,0,35,,113520,12,,,0,75,,113521,12,,,0,35,,113522,12,,,0,75,,113523,12,,,0,75,,113524,12,,,0,35,,113525,12,,,0,75,,113527,12,,,0,35,,113526,12,,,0,75,,113528,12,,,0,75,,113529,12,,,0,35,,113530,12,,,0,75,,113531,12,,,0,35,,113532,12,,,0,75,,113533,12,,,0,35,,113534,12,,,0
9801,'STMPSu2-Sunday',820,,113535,12,,,0,35,,113536,12,,,0,75,,113537,12,,,0,75,,113538,12,,,0,35,,113539,12,,,0,75,,113541,12,,,0,35,,113540,12,,,0,75,,113542,12,,,0,75,,113543,12,,,0,35,,113544,12,,,0,75,,113545,12,,,0,35,,113546,12,,,0,75,,113547,12,,,0,35,,113548,12,,,0,75,,113549,12,,,0,75,,113550,12,,,0,35,,113551,12,,,0,75,,113553,12,,,0,35,,113552,12,,,0,75,,113554,12,,,0,75,,113555,12,,,0,35,,113556,12,,,0,75,,113557,12,,,0,35,,113558,12,,,0,75,,113559,12,,,0,35,,113560,12,,,0
9801,'STMPWeek-Weekday',444,,113562,12,,,0,73,,113563,12,,,0,33,,113580,12,,,0,75,,113564,12,,,0,33,,113581,12,,,0,73,,113565,12,,,0,73,,113582,12,,,0,33,,113566,12,,,0,71,,113583,12,,,0,33,,113567,12,,,0,73,,113584,12,,,0,33,,113568,12,,,0,73,,113585,12,,,0,33,,113569,12,,,0,73,,113586,12,,,0,33,,113570,12,,,0,73,,113587,12,,,0,73,,113571,12,,,0,33,,113588,12,,,0,75,,113572,12,,,0,34,,113589,12,,,0,57,,113561,12,,,0,16,,113573,12,,,0,33,,113590,12,,,0,73,,113574,12,,,0,32,,113591,12,,,0,72,,113575,12,,,0,72,,113592,12,,,0,33,,113576,12,,,0,73,,113593,12,,,0,33,,113577,12,,,0,73,,113594,12,,,0,33,,113578,12,,,0,73,,113595,12,,,0,33,,113579,12,,,0,73,,113596,12,,,0
9801,'STMPar-Weekday',444,,113598,12,,,0,73,,113599,12,,,0,33,,113616,12,,,0,75,,113600,12,,,0,33,,113617,12,,,0,73,,113601,12,,,0,73,,113618,12,,,0,33,,113602,12,,,0,71,,113619,12,,,0,33,,113603,12,,,0,73,,113620,12,,,0,33,,113604,12,,,0,73,,113621,12,,,0,33,,113605,12,,,0,73,,113622,12,,,0,33,,113606,12,,,0,73,,113623,12,,,0,73,,113607,12,,,0,33,,113624,12,,,0,75,,113608,12,,,0,34,,113625,12,,,0,57,,113597,12,,,0,16,,113609,12,,,0,33,,113626,12,,,0,73,,113610,12,,,0,32,,113627,12,,,0,72,,113611,12,,,0,72,,113628,12,,,0,33,,113612,12,,,0,73,,113629,12,,,0,33,,113613,12,,,0,73,,113630,12,,,0,33,,113614,12,,,0,73,,113631,12,,,0,33,,113615,12,,,0,73,,113632,12,,,0
11100,'Saturday',624,,117643,8,,,0,85,,117645,8,,,0,45,,117644,8,,,0,85,,117646,8,,,0,85,,117642,8,,,0,85,,117647,8,,,0,45,,117648,8,,,0,85,,117650,8,,,0,85,,117649,8,,,0,85,,117651,8,,,0,45,,117652,8,,,0,85,,117653,8,,,0,85,,117656,8,,,0,85,,117654,8,,,0,45,,117657,8,,,0,85,,117655,8,,,0,85,,117658,8,,,0,85,,117660,8,,,0,45,,117659,8,,,0,85,,117661,8,,,0,85,,117662,8,,,0
11100,'Sunday',624,,117663,8,,,0,85,,117667,8,,,0,45,,117669,8,,,0,85,,117665,8,,,0,85,,117666,8,,,0,85,,117671,8,,,0,45,,117672,8,,,0,85,,117668,8,,,0,85,,117670,8,,,0,85,,117673,8,,,0,45,,117675,8,,,0,85,,117676,8,,,0,85,,117677,8,,,0,85,,117674,8,,,0,45,,117678,8,,,0,85,,117680,8,,,0,85,,117682,8,,,0,85,,117679,8,,,0,45,,117683,8,,,0,85,,117681,8,,,0,85,,117664,8,,,0
11100,'Weekday',549,,117684,8,,,0,70,,117692,8,,,0,30,,117686,8,,,0,70,,117693,8,,,0,30,,117685,8,,,0,70,,117694,8,,,0,30,,117712,8,,,0,70,,117695,8,,,0,30,,117713,8,,,0,70,,117696,8,,,0,30,,117714,8,,,0,70,,117697,8,,,0,30,,117715,8,,,0,70,,117698,8,,,0,30,,117716,8,,,0,70,,117699,8,,,0,30,,117717,8,,,0,70,,117700,8,,,0,30,,117687,8,,,0,70,,117701,8,,,0,30,,117688,8,,,0,70,,117702,8,,,0,15,,117711,8,,,0,15,,117689,8,,,0,70,,117704,8,,,0,30,,117690,8,,,0,70,,117703,8,,,0,30,,117691,8,,,0,70,,117705,8,,,0,90,,117706,8,,,0,50,,117708,8,,,0,90,,117707,8,,,0,90,,117709,8,,,0,90,,117710,8,,,0
11100,'STMPSa-Saturday',624,,117719,8,,,0,85,,117721,8,,,0,45,,117720,8,,,0,85,,117722,8,,,0,85,,117718,8,,,0,85,,117723,8,,,0,45,,117724,8,,,0,85,,117726,8,,,0,85,,117725,8,,,0,85,,117727,8,,,0,45,,117728,8,,,0,85,,117729,8,,,0,85,,117732,8,,,0,85,,117730,8,,,0,45,,117733,8,,,0,85,,117731,8,,,0,85,,117734,8,,,0,85,,117736,8,,,0,45,,117735,8,,,0,85,,117737,8,,,0,85,,117738,8,,,0
11100,'STMPSnea-Weekday',549,,117739,8,,,0,70,,117747,8,,,0,30,,117741,8,,,0,70,,117748,8,,,0,30,,117740,8,,,0,70,,117749,8,,,0,30,,117767,8,,,0,70,,117750,8,,,0,30,,117768,8,,,0,70,,117751,8,,,0,30,,117769,8,,,0,70,,117752,8,,,0,30,,117770,8,,,0,70,,117753,8,,,0,30,,117771,8,,,0,70,,117754,8,,,0,30,,117772,8,,,0,70,,117755,8,,,0,30,,117742,8,,,0,70,,117756,8,,,0,30,,117743,8,,,0,70,,117757,8,,,0,15,,117766,8,,,0,15,,117744,8,,,0,70,,117759,8,,,0,30,,117745,8,,,0,70,,117758,8,,,0,30,,117746,8,,,0,70,,117760,8,,,0,90,,117761,8,,,0,50,,117763,8,,,0,90,,117762,8,,,0,90,,117764,8,,,0,90,,117765,8,,,0
11100,'STMPSu1-Sunday',624,,117773,8,,,0,85,,117777,8,,,0,45,,117779,8,,,0,85,,117775,8,,,0,85,,117776,8,,,0,85,,117781,8,,,0,45,,117782,8,,,0,85,,117778,8,,,0,85,,117780,8,,,0,85,,117783,8,,,0,45,,117785,8,,,0,85,,117786,8,,,0,85,,117787,8,,,0,85,,117784,8,,,0,45,,117788,8,,,0,85,,117790,8,,,0,85,,117792,8,,,0,85,,117789,8,,,0,45,,117793,8,,,0,85,,117791,8,,,0,85,,117774,8,,,0
11100,'STMPSu2-Sunday',624,,117794,8,,,0,85,,117798,8,,,0,45,,117800,8,,,0,85,,117796,8,,,0,85,,117797,8,,,0,85,,117802,8,,,0,45,,117803,8,,,0,85,,117799,8,,,0,85,,117801,8,,,0,85,,117804,8,,,0,45,,117806,8,,,0,85,,117807,8,,,0,85,,117808,8,,,0,85,,117805,8,,,0,45,,117809,8,,,0,85,,117811,8,,,0,85,,117813,8,,,0,85,,117810,8,,,0,45,,117814,8,,,0,85,,117812,8,,,0,85,,117795,8,,,0
11100,'STMPWeek-Weekday',549,,117815,8,,,0,70,,117823,8,,,0,30,,117817,8,,,0,70,,117824,8,,,0,30,,117816,8,,,0,70,,117825,8,,,0,30,,117843,8,,,0,70,,117826,8,,,0,30,,117844,8,,,0,70,,117827,8,,,0,30,,117845,8,,,0,70,,117828,8,,,0,30,,117846,8,,,0,70,,117829,8,,,0,30,,117847,8,,,0,70,,117830,8,,,0,30,,117848,8,,,0,70,,117831,8,,,0,30,,117818,8,,,0,70,,117832,8,,,0,30,,117819,8,,,0,70,,117833,8,,,0,15,,117842,8,,,0,15,,117820,8,,,0,70,,117835,8,,,0,30,,117821,8,,,0,70,,117834,8,,,0,30,,117822,8,,,0,70,,117836,8,,,0,90,,117837,8,,,0,50,,117839,8,,,0,90,,117838,8,,,0,90,,117840,8,,,0,90,,117841,8,,,0
11100,'STMPar-Weekday',549,,117849,8,,,0,70,,117857,8,,,0,30,,117851,8,,,0,70,,117858,8,,,0,30,,117850,8,,,0,70,,117859,8,,,0,30,,117877,8,,,0,70,,117860,8,,,0,30,,117878,8,,,0,70,,117861,8,,,0,30,,117879,8,,,0,70,,117862,8,,,0,30,,117880,8,,,0,70,,117863,8,,,0,30,,117881,8,,,0,70,,117864,8,,,0,30,,117882,8,,,0,70,,117865,8,,,0,30,,117852,8,,,0,70,,117866,8,,,0,30,,117853,8,,,0,70,,117867,8,,,0,15,,117876,8,,,0,15,,117854,8,,,0,70,,117869,8,,,0,30,,117855,8,,,0,70,,117868,8,,,0,30,,117856,8,,,0,70,,117870,8,,,0,90,,117871,8,,,0,50,,117873,8,,,0,90,,117872,8,,,0,90,,117874,8,,,0,90,,117875,8,,,0
