'2025JU-1BUSSA-Saturday-02',30000,52500,4,'',0,3000,4,'',0,7000,4,'',0,3100,4,'',0,7200,4,'',0,3100,4,'',0,7100,4,'',0,7200,4,'',0,3300,4,'',0,7300,4,'',0,3400,4,'',0,7300,4,'',0,3300,4,'',0,7300,4,'',0,3300,4,'',0,7300,4,'',0,7300,4,'',0,3300,4,'',0,7300,4,'',0,3300,4,'',0,7300,4,'',0,3300,4,'',0,7300,4,'',0,3300,4,'',0,7300,4,'',0,3300,4,'',0,7300,4,'',0,7300,4,'',0,3300,4,'',0,7300,4,'',0,3200,4,'',0,7100,4,'',0,3200,4,'',0,7200,4,'',0,3200,4,'',0,7200,4,'',0
'2025JU-1BUSSA-Saturday-02',30001,53000,,'',0,7100,,'',0,3100,,'',0,7100,,'',0,3200,,'',0,7200,,'',0,3100,,'',0,7200,,'',0,3300,,'',0,7300,,'',0,3300,,'',0,7300,,'',0,3300,,'',0,7300,,'',0,7300,,'',0,3300,,'',0,7300,,'',0,3300,,'',0,7300,,'',0,3300,,'',0,7300,,'',0,3300,,'',0,7300,,'',0,3300,,'',0,7300,,'',0,7300,,'',0,3300,,'',0,7300,,'',0,3300,,'',0,7300,,'',0,3200,,'',0,7200,,'',0,3200,,'',0,7200,,'',0,3200,,'',0,7200,,'',0
'2025JU-1BUSSU-Sunday-02',30000,52500,4,'',0,3000,4,'',0,7000,4,'',0,3100,4,'',0,7200,4,'',0,3100,4,'',0,7100,4,'',0,7200,4,'',0,3300,4,'',0,7300,4,'',0,3400,4,'',0,7300,4,'',0,3300,4,'',0,7300,4,'',0,3300,4,'',0,7300,4,'',0,7300,4,'',0,3300,4,'',0,7300,4,'',0,3300,4,'',0,7300,4,'',0,3300,4,'',0,7300,4,'',0,3300,4,'',0,7300,4,'',0,3300,4,'',0,7300,4,'',0,7300,4,'',0,3300,4,'',0,7300,4,'',0,3200,4,'',0,7100,4,'',0,3200,4,'',0,7200,4,'',0,3200,4,'',0,7200,4,'',0
'2025JU-1BUSSU-Sunday-02',30001,53000,,'',0,7100,,'',0,3100,,'',0,7100,,'',0,3200,,'',0,7200,,'',0,3100,,'',0,7200,,'',0,3300,,'',0,7300,,'',0,3300,,'',0,7300,,'',0,3300,,'',0,7300,,'',0,7300,,'',0,3300,,'',0,7300,,'',0,3300,,'',0,7300,,'',0,3300,,'',0,7300,,'',0,3300,,'',0,7300,,'',0,3300,,'',0,7300,,'',0,7300,,'',0,3300,,'',0,7300,,'',0,3300,,'',0,7300,,'',0,3200,,'',0,7200,,'',0,3200,,'',0,7200,,'',0,3200,,'',0,7200,,'',0
'2025JU-1BUSWK-Weekday-02',30000,51200,4,'',0,2300,4,'',0,2300,4,'',0,6200,4,'',0,2200,4,'',0,6400,4,'',0,2500,4,'',0,2200,4,'',0,7200,4,'',0,2600,4,'',0,6600,4,'',0,2700,4,'',0,6700,4,'',0,2400,4,'',0,6500,4,'',0,2600,4,'',0,2700,4,'',0,6600,4,'',0,2500,4,'',0,6500,4,'',0,2600,4,'',0,6600,4,'',0,2600,4,'',0,2900,4,'',0,6600,4,'',0,2700,4,'',0,6800,4,'',0,2900,4,'',0,6800,4,'',0,2700,4,'',0,6800,4,'',0,2500,4,'',0,2300,4,'',0,6400,4,'',0,2400,4,'',0,6400,4,'',0,2400,4,'',0,2400,4,'',0,6400,4,'',0,2300,4,'',0,6300,4,'',0,2400,4,'',0,2400,4,'',0,6300,4,'',0,2300,4,'',0,6400,4,'',0,2400,4,'',0,2300,4,'',0,6300,4,'',0
'2025JU-1BUSWK-Weekday-02',30001,52000,,'',0,2200,,'',0,6300,,'',0,2300,,'',0,1900,,'',0,6400,,'',0,2500,,'',0,6700,,'',0,2700,,'',0,2700,,'',0,6600,,'',0,2600,,'',0,6700,,'',0,2600,,'',0,6500,,'',0,2500,,'',0,2600,,'',0,6600,,'',0,2600,,'',0,6600,,'',0,2500,,'',0,6700,,'',0,2700,,'',0,6600,,'',0,2700,,'',0,2700,,'',0,6800,,'',0,2800,,'',0,6900,,'',0,2800,,'',0,6700,,'',0,2400,,'',0,6400,,'',0,2400,,'',0,2400,,'',0,6400,,'',0,2400,,'',0,6400,,'',0,2400,,'',0,2300,,'',0,6300,,'',0,2400,,'',0,6400,,'',0,2300,,'',0,2300,,'',0,6400,,'',0,2400,,'',0,2300,,'',0,6200,,'',0
'2025JU-STMPPar-Weekday-02',30000,51200,4,'',0,2300,4,'',0,2300,4,'',0,6200,4,'',0,2200,4,'',0,6400,4,'',0,2500,4,'',0,2200,4,'',0,7200,4,'',0,2600,4,'',0,6600,4,'',0,2700,4,'',0,6700,4,'',0,2400,4,'',0,6500,4,'',0,2600,4,'',0,2700,4,'',0,6600,4,'',0,2500,4,'',0,6500,4,'',0,2600,4,'',0,6600,4,'',0,2600,4,'',0,2900,4,'',0,6600,4,'',0,2700,4,'',0,6800,4,'',0,2900,4,'',0,6800,4,'',0,2700,4,'',0,6800,4,'',0,2500,4,'',0,2300,4,'',0,6400,4,'',0,2400,4,'',0,6400,4,'',0,2400,4,'',0,2400,4,'',0,6400,4,'',0,2300,4,'',0,6300,4,'',0,2400,4,'',0,2400,4,'',0,6300,4,'',0,2300,4,'',0,6400,4,'',0,2400,4,'',0,2300,4,'',0,6300,4,'',0
'2025JU-STMPPar-Weekday-02',30001,52000,,'',0,2200,,'',0,6300,,'',0,2300,,'',0,1900,,'',0,6400,,'',0,2500,,'',0,6700,,'',0,2700,,'',0,2700,,'',0,6600,,'',0,2600,,'',0,6700,,'',0,2600,,'',0,6500,,'',0,2500,,'',0,2600,,'',0,6600,,'',0,2600,,'',0,6600,,'',0,2500,,'',0,6700,,'',0,2700,,'',0,6600,,'',0,2700,,'',0,2700,,'',0,6800,,'',0,2800,,'',0,6900,,'',0,2800,,'',0,6700,,'',0,2400,,'',0,6400,,'',0,2400,,'',0,2400,,'',0,6400,,'',0,2400,,'',0,6400,,'',0,2400,,'',0,2300,,'',0,6300,,'',0,2400,,'',0,6400,,'',0,2300,,'',0,2300,,'',0,6400,,'',0,2400,,'',0,2300,,'',0,6200,,'',0
'2025JU-STMPSat-Saturday-02',30000,52500,4,'',0,3000,4,'',0,7000,4,'',0,3100,4,'',0,7200,4,'',0,3100,4,'',0,7100,4,'',0,7200,4,'',0,3300,4,'',0,7300,4,'',0,3400,4,'',0,7300,4,'',0,3300,4,'',0,7300,4,'',0,3300,4,'',0,7300,4,'',0,7300,4,'',0,3300,4,'',0,7300,4,'',0,3300,4,'',0,7300,4,'',0,3300,4,'',0,7300,4,'',0,3300,4,'',0,7300,4,'',0,3300,4,'',0,7300,4,'',0,7300,4,'',0,3300,4,'',0,7300,4,'',0,3200,4,'',0,7100,4,'',0,3200,4,'',0,7200,4,'',0,3200,4,'',0,7200,4,'',0
'2025JU-STMPSat-Saturday-02',30001,53000,,'',0,7100,,'',0,3100,,'',0,7100,,'',0,3200,,'',0,7200,,'',0,3100,,'',0,7200,,'',0,3300,,'',0,7300,,'',0,3300,,'',0,7300,,'',0,3300,,'',0,7300,,'',0,7300,,'',0,3300,,'',0,7300,,'',0,3300,,'',0,7300,,'',0,3300,,'',0,7300,,'',0,3300,,'',0,7300,,'',0,3300,,'',0,7300,,'',0,7300,,'',0,3300,,'',0,7300,,'',0,3300,,'',0,7300,,'',0,3200,,'',0,7200,,'',0,3200,,'',0,7200,,'',0,3200,,'',0,7200,,'',0
'2025JU-STMPSnea-Weekday-02',30000,51200,4,'',0,2300,4,'',0,2300,4,'',0,6200,4,'',0,2200,4,'',0,6400,4,'',0,2500,4,'',0,2200,4,'',0,7200,4,'',0,2600,4,'',0,6600,4,'',0,2700,4,'',0,6700,4,'',0,2400,4,'',0,6500,4,'',0,2600,4,'',0,2700,4,'',0,6600,4,'',0,2500,4,'',0,6500,4,'',0,2600,4,'',0,6600,4,'',0,2600,4,'',0,2900,4,'',0,6600,4,'',0,2700,4,'',0,6800,4,'',0,2900,4,'',0,6800,4,'',0,2700,4,'',0,6800,4,'',0,2500,4,'',0,2300,4,'',0,6400,4,'',0,2400,4,'',0,6400,4,'',0,2400,4,'',0,2400,4,'',0,6400,4,'',0,2300,4,'',0,6300,4,'',0,2400,4,'',0,2400,4,'',0,6300,4,'',0,2300,4,'',0,6400,4,'',0,2400,4,'',0,2300,4,'',0,6300,4,'',0
'2025JU-STMPSnea-Weekday-02',30001,52000,,'',0,2200,,'',0,6300,,'',0,2300,,'',0,1900,,'',0,6400,,'',0,2500,,'',0,6700,,'',0,2700,,'',0,2700,,'',0,6600,,'',0,2600,,'',0,6700,,'',0,2600,,'',0,6500,,'',0,2500,,'',0,2600,,'',0,6600,,'',0,2600,,'',0,6600,,'',0,2500,,'',0,6700,,'',0,2700,,'',0,6600,,'',0,2700,,'',0,2700,,'',0,6800,,'',0,2800,,'',0,6900,,'',0,2800,,'',0,6700,,'',0,2400,,'',0,6400,,'',0,2400,,'',0,2400,,'',0,6400,,'',0,2400,,'',0,6400,,'',0,2400,,'',0,2300,,'',0,6300,,'',0,2400,,'',0,6400,,'',0,2300,,'',0,2300,,'',0,6400,,'',0,2400,,'',0,2300,,'',0,6200,,'',0
'2025JU-STMPSu1-Sunday-02',30000,52500,4,'',0,3000,4,'',0,7000,4,'',0,3100,4,'',0,7200,4,'',0,3100,4,'',0,7100,4,'',0,7200,4,'',0,3300,4,'',0,7300,4,'',0,3400,4,'',0,7300,4,'',0,3300,4,'',0,7300,4,'',0,3300,4,'',0,7300,4,'',0,7300,4,'',0,3300,4,'',0,7300,4,'',0,3300,4,'',0,7300,4,'',0,3300,4,'',0,7300,4,'',0,3300,4,'',0,7300,4,'',0,3300,4,'',0,7300,4,'',0,7300,4,'',0,3300,4,'',0,7300,4,'',0,3200,4,'',0,7100,4,'',0,3200,4,'',0,7200,4,'',0,3200,4,'',0,7200,4,'',0
'2025JU-STMPSu1-Sunday-02',30001,53000,,'',0,7100,,'',0,3100,,'',0,7100,,'',0,3200,,'',0,7200,,'',0,3100,,'',0,7200,,'',0,3300,,'',0,7300,,'',0,3300,,'',0,7300,,'',0,3300,,'',0,7300,,'',0,7300,,'',0,3300,,'',0,7300,,'',0,3300,,'',0,7300,,'',0,3300,,'',0,7300,,'',0,3300,,'',0,7300,,'',0,3300,,'',0,7300,,'',0,7300,,'',0,3300,,'',0,7300,,'',0,3300,,'',0,7300,,'',0,3200,,'',0,7200,,'',0,3200,,'',0,7200,,'',0,3200,,'',0,7200,,'',0
'2025JU-STMPSu2-Sunday-02',30000,52500,4,'',0,3000,4,'',0,7000,4,'',0,3100,4,'',0,7200,4,'',0,3100,4,'',0,7100,4,'',0,7200,4,'',0,3300,4,'',0,7300,4,'',0,3400,4,'',0,7300,4,'',0,3300,4,'',0,7300,4,'',0,3300,4,'',0,7300,4,'',0,7300,4,'',0,3300,4,'',0,7300,4,'',0,3300,4,'',0,7300,4,'',0,3300,4,'',0,7300,4,'',0,3300,4,'',0,7300,4,'',0,3300,4,'',0,7300,4,'',0,7300,4,'',0,3300,4,'',0,7300,4,'',0,3200,4,'',0,7100,4,'',0,3200,4,'',0,7200,4,'',0,3200,4,'',0,7200,4,'',0
'2025JU-STMPSu2-Sunday-02',30001,53000,,'',0,7100,,'',0,3100,,'',0,7100,,'',0,3200,,'',0,7200,,'',0,3100,,'',0,7200,,'',0,3300,,'',0,7300,,'',0,3300,,'',0,7300,,'',0,3300,,'',0,7300,,'',0,7300,,'',0,3300,,'',0,7300,,'',0,3300,,'',0,7300,,'',0,3300,,'',0,7300,,'',0,3300,,'',0,7300,,'',0,3300,,'',0,7300,,'',0,7300,,'',0,3300,,'',0,7300,,'',0,3300,,'',0,7300,,'',0,3200,,'',0,7200,,'',0,3200,,'',0,7200,,'',0,3200,,'',0,7200,,'',0
'2025JU-STMPWeek-Weekday-02',30000,51200,4,'',0,2300,4,'',0,2300,4,'',0,6200,4,'',0,2200,4,'',0,6400,4,'',0,2500,4,'',0,2200,4,'',0,7200,4,'',0,2600,4,'',0,6600,4,'',0,2700,4,'',0,6700,4,'',0,2400,4,'',0,6500,4,'',0,2600,4,'',0,2700,4,'',0,6600,4,'',0,2500,4,'',0,6500,4,'',0,2600,4,'',0,6600,4,'',0,2600,4,'',0,2900,4,'',0,6600,4,'',0,2700,4,'',0,6800,4,'',0,2900,4,'',0,6800,4,'',0,2700,4,'',0,6800,4,'',0,2500,4,'',0,2300,4,'',0,6400,4,'',0,2400,4,'',0,6400,4,'',0,2400,4,'',0,2400,4,'',0,6400,4,'',0,2300,4,'',0,6300,4,'',0,2400,4,'',0,2400,4,'',0,6300,4,'',0,2300,4,'',0,6400,4,'',0,2400,4,'',0,2300,4,'',0,6300,4,'',0
'2025JU-STMPWeek-Weekday-02',30001,52000,,'',0,2200,,'',0,6300,,'',0,2300,,'',0,1900,,'',0,6400,,'',0,2500,,'',0,6700,,'',0,2700,,'',0,2700,,'',0,6600,,'',0,2600,,'',0,6700,,'',0,2600,,'',0,6500,,'',0,2500,,'',0,2600,,'',0,6600,,'',0,2600,,'',0,6600,,'',0,2500,,'',0,6700,,'',0,2700,,'',0,6600,,'',0,2700,,'',0,2700,,'',0,6800,,'',0,2800,,'',0,6900,,'',0,2800,,'',0,6700,,'',0,2400,,'',0,6400,,'',0,2400,,'',0,2400,,'',0,6400,,'',0,2400,,'',0,6400,,'',0,2400,,'',0,2300,,'',0,6300,,'',0,2400,,'',0,6400,,'',0,2300,,'',0,2300,,'',0,6400,,'',0,2400,,'',0,2300,,'',0,6200,,'',0
