1900,'Saturday',635,,50863,,,0,75,,50848,,,0,35,,50842,,,0,75,,50856,,,0,35,,50864,,,0,75,,50850,,,0,75,,50841,,,0,35,,50858,,,0,75,,50865,,,0,35,,50849,,,0,71,,50843,,,0,20,,50870,,,0,68,,50857,,,0,28,,50866,,,0,68,,50851,,,0,28,,50844,,,0,68,,50872,,,0,28,,50860,,,0,28,,50867,,,0,68,,50852,,,0,28,,50845,,,0,68,,50873,,,0,28,,50859,,,0,68,,50869,,,0,35,,50853,,,0,75,,50846,,,0,75,,50862,,,0,35,,50868,,,0,75,,50855,,,0,35,,50847,,,0,75,,50861,,,0,35,,50871,,,0
1900,'Sunday',635,,50897,,,0,75,,50882,,,0,35,,50875,,,0,75,,50889,,,0,35,,50898,,,0,75,,50883,,,0,75,,50876,,,0,35,,50892,,,0,75,,50899,,,0,35,,50884,,,0,71,,50877,,,0,20,,50905,,,0,68,,50891,,,0,28,,50901,,,0,68,,50885,,,0,28,,50878,,,0,68,,50906,,,0,28,,50893,,,0,28,,50900,,,0,68,,50886,,,0,28,,50879,,,0,68,,50907,,,0,28,,50894,,,0,68,,50902,,,0,35,,50887,,,0,75,,50880,,,0,75,,50895,,,0,35,,50903,,,0,75,,50888,,,0,35,,50881,,,0,75,,50896,,,0,35,,50904,,,0
1900,'Weekday',515,,50934,,,0,30,,50942,,,0,65,,50910,,,0,32,,50918,,,0,64,,50927,,,0,34,,50935,,,0,5,,50908,0,45 46 47,0,73,,50943,,,0,32,,50912,,,0,72,,50919,,,0,32,,50928,,,0,72,,50936,,,0,32,,50944,,,0,72,,50911,,,0,72,,50920,,,0,32,,50929,,,0,72,,50937,,,0,32,,50945,,,0,72,,50913,,,0,32,,50921,,,0,4,,50909,0,45 46 47,0,68,,50930,,,0,32,,50938,,,0,72,,50946,,,0,32,,50914,,,0,72,,50922,,,0,32,,50931,,,0,70,,50939,,,0,26,,50947,,,0,70,,50915,,,0,30,,50923,,,0,70,,50932,,,0,30,,50940,,,0,70,,50948,,,0,30,,50916,,,0,70,,50924,,,0,30,,50933,,,0,70,,50941,,,0,30,,50949,,,0,70,,50917,,,0,30,,50925,,,0
1900,'1CCSDCUT-Weekday',515,,50976,,,0,30,,50984,,,0,65,,50952,,,0,32,,50960,,,0,64,,50969,,,0,34,,50977,,,0,5,,50950,0,45 46 47,0,73,,50985,,,0,32,,50954,,,0,72,,50961,,,0,32,,50970,,,0,72,,50978,,,0,32,,50986,,,0,72,,50953,,,0,72,,50962,,,0,32,,50971,,,0,72,,50979,,,0,32,,50987,,,0,72,,50955,,,0,32,,50963,,,0,4,,50951,0,45 46 47,0,68,,50972,,,0,32,,50980,,,0,72,,50988,,,0,32,,50956,,,0,72,,50964,,,0,32,,50973,,,0,70,,50981,,,0,26,,50989,,,0,70,,50957,,,0,30,,50965,,,0,70,,50974,,,0,30,,50982,,,0,70,,50990,,,0,30,,50958,,,0,70,,50966,,,0,30,,50975,,,0,70,,50983,,,0,30,,50991,,,0,70,,50959,,,0,30,,50967,,,0
1900,'1PUBCUT-Weekday',515,,51017,,,0,30,,51025,,,0,65,,50993,,,0,32,,51001,,,0,64,,51010,,,0,34,,51018,,,0,78,,51026,,,0,32,,50995,,,0,72,,51002,,,0,32,,51011,,,0,72,,51019,,,0,32,,51027,,,0,72,,50994,,,0,72,,51003,,,0,32,,51012,,,0,72,,51020,,,0,32,,51028,,,0,72,,50996,,,0,32,,51004,,,0,4,,50992,0,45 46 47,0,68,,51013,,,0,32,,51021,,,0,72,,51029,,,0,32,,50997,,,0,72,,51005,,,0,32,,51014,,,0,70,,51022,,,0,26,,51030,,,0,70,,50998,,,0,30,,51006,,,0,70,,51015,,,0,30,,51023,,,0,70,,51031,,,0,30,,50999,,,0,70,,51007,,,0,30,,51016,,,0,70,,51024,,,0,30,,51032,,,0,70,,51000,,,0,30,,51008,,,0
1901,'Saturday',704,,51041,4,,0,35,,51033,4,,0,75,,51049,4,,0,35,,51057,4,,0,75,,51042,4,,0,35,,51034,4,,0,75,,51050,4,,0,75,,51058,4,,0,35,,51043,4,,0,75,,51035,4,,0,35,,51051,4,,0,74,,51059,4,,0,75,,51044,4,,0,28,,51036,4,,0,24,,51064,4,,0,68,,51053,4,,0,28,,51060,4,,0,68,,51045,4,,0,28,,51037,4,,0,68,,51065,4,,0,28,,51052,4,,0,68,,51061,4,,0,28,,51046,4,,0,68,,51038,4,,0,28,,51066,4,,0,23,,51055,4,,0,73,,51063,4,,0,75,,51047,4,,0,35,,51039,4,,0,75,,51056,4,,0,35,,51062,4,,0,75,,51048,4,,0,75,,51040,4,,0
1901,'Sunday',704,,51075,4,,0,35,,51067,4,,0,75,,51083,4,,0,35,,51090,4,,0,75,,51076,4,,0,35,,51068,4,,0,75,,51084,4,,0,75,,51092,4,,0,35,,51077,4,,0,75,,51069,4,,0,35,,51085,4,,0,74,,51094,4,,0,75,,51079,4,,0,28,,51070,4,,0,24,,51098,4,,0,68,,51086,4,,0,28,,51093,4,,0,68,,51081,4,,0,28,,51071,4,,0,68,,51099,4,,0,28,,51087,4,,0,68,,51095,4,,0,28,,51080,4,,0,68,,51072,4,,0,28,,51100,4,,0,23,,51088,4,,0,73,,51096,4,,0,75,,51078,4,,0,35,,51073,4,,0,75,,51089,4,,0,35,,51097,4,,0,75,,51082,4,,0,75,,51074,4,,0
1901,'Weekday',544,,51137,4,,0,64,,51104,4,,0,34,,51112,4,,0,64,,51120,4,,0,33,,51128,4,,0,72,,51138,4,,0,27,,51105,4,,0,76,,51113,4,,0,29,,51121,4,,0,74,,51129,4,,0,33,,51139,4,,0,72,,51106,4,,0,32,,51114,4,,0,72,,51122,4,,0,8,,51101,4,,0,24,,51130,4,,0,72,,51140,4,,0,72,,51107,4,,0,33,,51115,4,,0,68,,51103,4,,0,3,,51102,4,,0,5,,51123,4,,0,32,,51132,4,,0,72,,51141,4,,0,31,,51108,4,,0,71,,51116,4,,0,32,,51124,4,,0,70,,51131,4,,0,24,,51142,4,,0,69,,51109,4,,0,30,,51117,4,,0,70,,51125,4,,0,30,,51133,4,,0,70,,51144,4,,0,30,,51110,4,,0,70,,51118,4,,0,26,,51126,4,,0,68,,51134,4,,0,30,,51143,4,,0,70,,51111,4,,0,30,,51119,4,,0,70,,51127,4,,0,30,,51135,4,,0,70,,51136,4,,0
1901,'Weekday0000100',1213,,51145,4,,0
1901,'1CCSDCUT-Weekday',544,,51182,4,,0,64,,51149,4,,0,34,,51157,4,,0,64,,51165,4,,0,33,,51173,4,,0,72,,51183,4,,0,27,,51150,4,,0,76,,51158,4,,0,29,,51166,4,,0,74,,51174,4,,0,33,,51184,4,,0,72,,51151,4,,0,32,,51159,4,,0,72,,51167,4,,0,8,,51146,4,,0,24,,51175,4,,0,72,,51185,4,,0,72,,51152,4,,0,33,,51160,4,,0,68,,51148,4,,0,3,,51147,4,,0,5,,51168,4,,0,32,,51177,4,,0,72,,51186,4,,0,31,,51153,4,,0,71,,51161,4,,0,32,,51169,4,,0,70,,51176,4,,0,24,,51187,4,,0,69,,51154,4,,0,30,,51162,4,,0,70,,51170,4,,0,30,,51178,4,,0,70,,51189,4,,0,30,,51155,4,,0,70,,51163,4,,0,26,,51171,4,,0,68,,51179,4,,0,30,,51188,4,,0,70,,51156,4,,0,30,,51164,4,,0,70,,51172,4,,0,30,,51180,4,,0,70,,51181,4,,0
1901,'1CCSDCUT-Weekday0000100',1213,,51190,4,,0
1901,'1PUBCUT-Weekday',544,,51227,4,,0,64,,51194,4,,0,34,,51202,4,,0,64,,51210,4,,0,33,,51218,4,,0,72,,51228,4,,0,27,,51195,4,,0,76,,51203,4,,0,29,,51211,4,,0,74,,51219,4,,0,33,,51229,4,,0,72,,51196,4,,0,32,,51204,4,,0,72,,51212,4,,0,8,,51191,4,,0,24,,51220,4,,0,72,,51230,4,,0,72,,51197,4,,0,33,,51205,4,,0,68,,51193,4,,0,3,,51192,4,,0,5,,51213,4,,0,32,,51222,4,,0,72,,51231,4,,0,31,,51198,4,,0,71,,51206,4,,0,32,,51214,4,,0,70,,51221,4,,0,24,,51232,4,,0,69,,51199,4,,0,30,,51207,4,,0,70,,51215,4,,0,30,,51223,4,,0,70,,51234,4,,0,30,,51200,4,,0,70,,51208,4,,0,26,,51216,4,,0,68,,51224,4,,0,30,,51233,4,,0,70,,51201,4,,0,30,,51209,4,,0,70,,51217,4,,0,30,,51225,4,,0,70,,51226,4,,0
42200,'Saturday',651,,88311,4,,0,100,,88312,4,,0,100,,88313,4,,0,100,,88314,4,,0,100,,88315,4,,0,100,,88316,4,,0,101,,88317,4,,0,100,,88319,4,,0,100,,88318,4,,0,100,,88320,4,,0,100,,88321,4,,0,100,,88322,4,,0,99,,88323,4,,0
42200,'Sunday',651,,88324,4,,0,100,,88325,4,,0,100,,88326,4,,0,100,,88327,4,,0,100,,88328,4,,0,100,,88329,4,,0,101,,88330,4,,0,100,,88331,4,,0,100,,88332,4,,0,100,,88333,4,,0,100,,88334,4,,0,100,,88335,4,,0,99,,88336,4,,0
42200,'Weekday',651,,88337,4,,0,70,,88355,4,,0,30,,88338,4,,0,70,,88359,4,,0,30,,88339,4,,0,69,,88360,4,,0,30,,88340,4,,0,70,,88357,4,,0,30,,88341,4,,0,70,,88358,4,,0,30,,88342,4,,0,70,,88361,4,,0,30,,88343,4,,0,70,,88354,4,,0,30,,88344,4,,0,70,,88363,4,,0,30,,88345,4,,0,80,,88362,4,,0,21,,88346,4,,0,70,,88356,4,,0,30,,88348,4,,0,70,,88364,4,,0,30,,88347,4,,0,70,,88353,4,,0,29,,88351,4,,0,99,,88350,4,,0,100,,88349,4,,0,100,,88352,4,,0
42200,'1CCSDCUT-Weekday',651,,88365,4,,0,70,,88383,4,,0,30,,88366,4,,0,70,,88387,4,,0,30,,88367,4,,0,69,,88388,4,,0,30,,88368,4,,0,70,,88385,4,,0,30,,88369,4,,0,70,,88386,4,,0,30,,88370,4,,0,70,,88389,4,,0,30,,88371,4,,0,70,,88382,4,,0,30,,88372,4,,0,70,,88391,4,,0,30,,88373,4,,0,80,,88390,4,,0,21,,88374,4,,0,70,,88384,4,,0,30,,88376,4,,0,70,,88392,4,,0,30,,88375,4,,0,70,,88381,4,,0,29,,88379,4,,0,99,,88378,4,,0,100,,88377,4,,0,100,,88380,4,,0
42200,'1PUBCUT-Weekday',651,,88393,4,,0,70,,88411,4,,0,30,,88394,4,,0,70,,88415,4,,0,30,,88395,4,,0,69,,88416,4,,0,30,,88396,4,,0,70,,88413,4,,0,30,,88397,4,,0,70,,88414,4,,0,30,,88398,4,,0,70,,88417,4,,0,30,,88399,4,,0,70,,88410,4,,0,30,,88400,4,,0,70,,88419,4,,0,30,,88401,4,,0,80,,88418,4,,0,21,,88402,4,,0,70,,88412,4,,0,30,,88404,4,,0,70,,88420,4,,0,30,,88403,4,,0,70,,88409,4,,0,29,,88407,4,,0,99,,88406,4,,0,100,,88405,4,,0,100,,88408,4,,0
42201,'Saturday',600,,88421,,,0,100,,88422,,,0,100,,88423,,,0,100,,88425,,,0,100,,88424,,,0,100,,88426,,,0,100,,88427,,,0,100,,88428,,,0,100,,88429,,,0,100,,88431,,,0,100,,88430,,,0,100,,88432,,,0,100,,88433,,,0,100,,88434,,,0
42201,'Sunday',600,,88435,,,0,100,,88438,,,0,100,,88436,,,0,100,,88437,,,0,100,,88440,,,0,100,,88439,,,0,100,,88441,,,0,100,,88442,,,0,100,,88445,,,0,100,,88443,,,0,100,,88444,,,0,100,,88448,,,0,100,,88446,,,0,100,,88447,,,0
42201,'Weekday',600,,88449,,,0,30,,88466,,,0,70,,88450,,,0,30,,88471,,,0,70,,88451,,,0,30,,88465,,,0,70,,88452,,,0,30,,88473,,,0,70,,88454,,,0,30,,88468,,,0,70,,88453,,,0,30,,88472,,,0,70,,88455,,,0,30,,88470,,,0,70,,88456,,,0,30,,88474,,,0,70,,88457,,,0,39,,88475,,,0,61,,88458,,,0,30,,88467,,,0,70,,88460,,,0,30,,88476,,,0,70,,88459,,,0,30,,88469,,,0,70,,88461,,,0,100,,88462,,,0,100,,88463,,,0,100,,88464,,,0
42201,'1CCSDCUT-Weekday',600,,88477,,,0,30,,88494,,,0,70,,88478,,,0,30,,88499,,,0,70,,88479,,,0,30,,88493,,,0,70,,88480,,,0,30,,88501,,,0,70,,88482,,,0,30,,88496,,,0,70,,88481,,,0,30,,88500,,,0,70,,88483,,,0,30,,88498,,,0,70,,88484,,,0,30,,88502,,,0,70,,88485,,,0,39,,88503,,,0,61,,88486,,,0,30,,88495,,,0,70,,88488,,,0,30,,88504,,,0,70,,88487,,,0,30,,88497,,,0,70,,88489,,,0,100,,88490,,,0,100,,88491,,,0,100,,88492,,,0
42201,'1PUBCUT-Weekday',600,,88505,,,0,30,,88522,,,0,70,,88506,,,0,30,,88527,,,0,70,,88507,,,0,30,,88521,,,0,70,,88508,,,0,30,,88529,,,0,70,,88510,,,0,30,,88524,,,0,70,,88509,,,0,30,,88528,,,0,70,,88511,,,0,30,,88526,,,0,70,,88512,,,0,30,,88530,,,0,70,,88513,,,0,39,,88531,,,0,61,,88514,,,0,30,,88523,,,0,70,,88516,,,0,30,,88532,,,0,70,,88515,,,0,30,,88525,,,0,70,,88517,,,0,100,,88518,,,0,100,,88519,,,0,100,,88520,,,0
