700,'Saturday',603,,47239,,,0,34,,47256,,,0,75,,47240,,,0,35,,47258,,,0,76,,47241,,,0,36,,47257,,,0,76,,47249,,,0,76,,47259,,,0,36,,47243,,,0,76,,47260,,,0,36,,47245,,,0,76,,47262,,,0,76,,47242,,,0,36,,47247,,,0,76,,47244,,,0,36,,47251,,,0,76,,47263,,,0,76,,47252,,,0,36,,47261,,,0,76,,47253,,,0,36,,47265,,,0,76,,47246,,,0,76,,47266,,,0,36,,47248,,,0,76,,47264,,,0,36,,47250,,,0,76,,47268,,,0,76,,47254,,,0,36,,47267,,,0,76,,47255,,,0,36,,47269,,,0
700,'Sunday',609,,47271,,,0,30,,47270,,,0,73,,47289,,,0,34,,47272,,,0,76,,47292,,,0,36,,47273,,,0,76,,47291,,,0,76,,47274,,,0,36,,47282,,,0,76,,47275,,,0,36,,47284,,,0,76,,47293,,,0,76,,47286,,,0,36,,47294,,,0,76,,47287,,,0,36,,47276,,,0,76,,47285,,,0,76,,47295,,,0,36,,47279,,,0,76,,47296,,,0,36,,47277,,,0,76,,47297,,,0,76,,47278,,,0,36,,47288,,,0,76,,47281,,,0,35,,47290,,,0,76,,47298,,,0,76,,47299,,,0,36,,47280,,,0,76,,47300,,,0,36,,47283,,,0
700,'Weekday',549,,47301,,,0,62,,47330,,,0,22,,47334,,,0,22,,47315,,,0,63,,47303,,,0,23,,47332,,,0,62,,47335,,,0,22,,47316,,,0,22,,47302,,,0,61,,47333,,,0,18,,47336,,,0,25,,47317,,,0,64,,47304,,,0,25,,47337,,,0,65,,47318,,,0,25,,47305,,,0,25,,47338,,,0,65,,47319,,,0,25,,47306,,,0,65,,47339,,,0,25,,47320,,,0,65,,47308,,,0,25,,47340,,,0,25,,47321,,,0,72,,47307,,,0,25,,47341,,,0,62,,47322,,,0,22,,47324,,,0,22,,47309,,,0,62,,47342,,,0,22,,47323,,,0,21,,47325,,,0,60,,47310,,,0,25,,47343,,,0,65,,47326,,,0,23,,47311,,,0,25,,47345,,,0,65,,47327,,,0,25,,47313,,,0,65,,47344,,,0,25,,47328,,,0,65,,47312,,,0,25,,47346,,,0,25,,47329,,,0,65,,47314,,,0,20,,47347,,,0,70,,47331,,,0
700,'1CCSDCUT-Weekday',549,,47348,,,0,62,,47377,,,0,22,,47381,,,0,22,,47362,,,0,63,,47350,,,0,23,,47379,,,0,62,,47382,,,0,22,,47363,,,0,22,,47349,,,0,61,,47380,,,0,18,,47383,,,0,25,,47364,,,0,64,,47351,,,0,25,,47384,,,0,65,,47365,,,0,25,,47352,,,0,25,,47385,,,0,65,,47366,,,0,25,,47353,,,0,65,,47386,,,0,25,,47367,,,0,65,,47355,,,0,25,,47387,,,0,25,,47368,,,0,72,,47354,,,0,25,,47388,,,0,62,,47369,,,0,22,,47371,,,0,22,,47356,,,0,62,,47389,,,0,22,,47370,,,0,21,,47372,,,0,60,,47357,,,0,25,,47390,,,0,65,,47373,,,0,23,,47358,,,0,25,,47392,,,0,65,,47374,,,0,25,,47360,,,0,65,,47391,,,0,25,,47375,,,0,65,,47359,,,0,25,,47393,,,0,25,,47376,,,0,65,,47361,,,0,20,,47394,,,0,70,,47378,,,0
700,'1PUBCUT-Weekday',549,,47395,,,0,62,,47424,,,0,22,,47428,,,0,22,,47409,,,0,63,,47397,,,0,23,,47426,,,0,62,,47429,,,0,22,,47410,,,0,22,,47396,,,0,61,,47427,,,0,18,,47430,,,0,25,,47411,,,0,64,,47398,,,0,25,,47431,,,0,65,,47412,,,0,25,,47399,,,0,25,,47432,,,0,65,,47413,,,0,25,,47400,,,0,65,,47433,,,0,25,,47414,,,0,65,,47402,,,0,25,,47434,,,0,25,,47415,,,0,72,,47401,,,0,25,,47435,,,0,62,,47416,,,0,22,,47418,,,0,22,,47403,,,0,62,,47436,,,0,22,,47417,,,0,21,,47419,,,0,60,,47404,,,0,25,,47437,,,0,65,,47420,,,0,23,,47405,,,0,25,,47439,,,0,65,,47421,,,0,25,,47407,,,0,65,,47438,,,0,25,,47422,,,0,65,,47406,,,0,25,,47440,,,0,25,,47423,,,0,65,,47408,,,0,20,,47441,,,0,70,,47425,,,0
9000,'Saturday',643,,68218,,,0,72,,68198,,,0,32,,68207,,,0,72,,68220,,,0,32,,68199,,,0,72,,68208,,,0,32,,68219,,,0,72,,68200,,,0,32,,68210,,,0,72,,68221,,,0,74,,68202,,,0,33,,68211,,,0,72,,68222,,,0,32,,68203,,,0,72,,68209,,,0,32,,68225,,,0,72,,68201,,,0,32,,68212,,,0,72,,68223,,,0,31,,68204,,,0,73,,68213,,,0,31,,68226,,,0,70,,68205,,,0,32,,68215,,,0,72,,68224,,,0,72,,68206,,,0,32,,68214,,,0
9000,'Sunday',643,,68248,,,0,72,,68228,,,0,32,,68236,,,0,72,,68247,,,0,32,,68229,,,0,72,,68238,,,0,32,,68249,,,0,72,,68227,,,0,32,,68237,,,0,72,,68251,,,0,73,,68231,,,0,34,,68240,,,0,72,,68252,,,0,32,,68230,,,0,72,,68239,,,0,32,,68250,,,0,72,,68233,,,0,32,,68241,,,0,72,,68253,,,0,31,,68232,,,0,73,,68242,,,0,31,,68254,,,0,70,,68234,,,0,32,,68243,,,0,72,,68255,,,0,72,,68235,,,0,32,,68244,,,0
9000,'Weekday',623,,68276,,,0,30,,68286,,,0,69,,68257,,,0,30,,68267,,,0,70,,68277,,,0,30,,68287,,,0,69,,68258,,,0,30,,68268,,,0,70,,68278,,,0,30,,68288,,,0,70,,68259,,,0,30,,68269,,,0,70,,68279,,,0,30,,68289,,,0,70,,68262,,,0,30,,68270,,,0,70,,68280,,,0,30,,68290,,,0,71,,68260,,,0,30,,68271,,,0,70,,68281,,,0,30,,68291,,,0,70,,68261,,,0,26,,68272,,,0,70,,68282,,,0,30,,68292,,,0,60,,68263,,,0,30,,68273,,,0,70,,68283,,,0,30,,68293,,,0,16,,68264,,,0,70,,68274,,,0,30,,68284,,,0,70,,68294,,,0,10,,68265,,,0,70,,68275,,,0,25,,68285,,,0
9000,'1CCSDCUT-Weekday',623,,68315,,,0,30,,68325,,,0,69,,68296,,,0,30,,68306,,,0,70,,68316,,,0,30,,68326,,,0,69,,68297,,,0,30,,68307,,,0,70,,68317,,,0,30,,68327,,,0,70,,68298,,,0,30,,68308,,,0,70,,68318,,,0,30,,68328,,,0,70,,68301,,,0,30,,68309,,,0,70,,68319,,,0,30,,68329,,,0,71,,68299,,,0,30,,68310,,,0,70,,68320,,,0,30,,68330,,,0,70,,68300,,,0,26,,68311,,,0,70,,68321,,,0,30,,68331,,,0,60,,68302,,,0,30,,68312,,,0,70,,68322,,,0,30,,68332,,,0,16,,68303,,,0,70,,68313,,,0,30,,68323,,,0,70,,68333,,,0,10,,68304,,,0,70,,68314,,,0,25,,68324,,,0
9000,'1PUBCUT-Weekday',623,,68354,,,0,30,,68364,,,0,69,,68335,,,0,30,,68345,,,0,70,,68355,,,0,30,,68365,,,0,69,,68336,,,0,30,,68346,,,0,70,,68356,,,0,30,,68366,,,0,70,,68337,,,0,30,,68347,,,0,70,,68357,,,0,30,,68367,,,0,70,,68340,,,0,30,,68348,,,0,70,,68358,,,0,30,,68368,,,0,71,,68338,,,0,30,,68349,,,0,70,,68359,,,0,30,,68369,,,0,70,,68339,,,0,26,,68350,,,0,70,,68360,,,0,30,,68370,,,0,60,,68341,,,0,30,,68351,,,0,70,,68361,,,0,30,,68371,,,0,16,,68342,,,0,70,,68352,,,0,30,,68362,,,0,70,,68372,,,0,10,,68343,,,0,70,,68353,,,0,25,,68363,,,0
