15100,'Weekday',604,,128405,21,,,0,49,,128404,22,,,0
15100,'STMPSnea-Weekday',604,,128407,21,,,0,49,,128406,22,,,0
15100,'STMPWeek-Weekday',604,,128409,21,,,0,49,,128408,22,,,0
15100,'STMPar-Weekday',604,,128411,21,,,0,49,,128410,22,,,0
15301,'Saturday',642,,128865,15,,,0,77,,128863,15,,,0,37,,128866,15,,,0,77,,128864,15,,,0,77,,128871,15,,,0,37,,128874,15,,,0,77,,128875,15,,,0,77,,128876,15,,,0,37,,128877,15,,,0,77,,128878,15,,,0,37,,128879,15,,,0,77,,128880,15,,,0,77,,128881,15,,,0,37,,128882,15,,,0,77,,128883,15,,,0,37,,128884,15,,,0,77,,128885,15,,,0,77,,128886,15,,,0,37,,128887,15,,,0,77,,128888,15,,,0,77,,128889,15,,,0,37,,128868,15,,,0,77,,128869,15,,,0,37,,128870,15,,,0,77,,128872,15,,,0,77,,128873,15,,,0,37,,128867,15,,,0
15301,'Sunday',911,,128891,15,,,0,37,,128896,15,,,0,77,,128899,15,,,0,77,,128897,15,,,0,37,,128900,15,,,0,77,,128902,15,,,0,37,,128903,15,,,0,77,,128904,15,,,0,77,,128901,15,,,0,37,,128898,15,,,0,77,,128906,15,,,0,37,,128907,15,,,0,77,,128908,15,,,0,77,,128910,15,,,0,37,,128911,15,,,0,77,,128905,15,,,0,76,,128909,15,,,0,37,,128912,15,,,0,77,,128892,15,,,0,37,,128894,15,,,0,76,,128895,15,,,0,75,,128893,15,,,0,32,,128890,15,,,0
15301,'Weekday',601,,128913,15,,,0,27,,128914,15,,,0,25,,128915,15,,,0,65,,128916,15,,,0,25,,128917,15,,,0,65,,128918,15,,,0,25,,128919,15,,,0,25,,128920,15,,,0,65,,128921,15,,,0,25,,128923,15,,,0,65,,128924,15,,,0,25,,128925,15,,,0,65,,128922,15,,,0,25,,128926,15,,,0,25,,128927,15,,,0,65,,128928,15,,,0,25,,128929,15,,,0,65,,128930,15,,,0,25,,128931,15,,,0,25,,128932,15,,,0,65,,128933,15,,,0,25,,128934,15,,,0,60,,128950,15,,,0,20,,128951,15,,,0,20,,128952,15,,,0,60,,128953,15,,,0,20,,128954,15,,,0,20,,128944,15,,,0,60,,128946,15,,,0,20,,128949,15,,,0,20,,128947,15,,,0,59,,128945,15,,,0,24,,128948,15,,,0,76,,128936,15,,,0,36,,128938,15,,,0,76,,128935,15,,,0,36,,128939,15,,,0,75,,128937,15,,,0,76,,128940,15,,,0,36,,128941,15,,,0,76,,128942,15,,,0,36,,128943,15,,,0
15301,'STMPSa-Saturday',642,,128957,15,,,0,77,,128955,15,,,0,37,,128958,15,,,0,77,,128956,15,,,0,77,,128963,15,,,0,37,,128966,15,,,0,77,,128967,15,,,0,77,,128968,15,,,0,37,,128969,15,,,0,77,,128970,15,,,0,37,,128971,15,,,0,77,,128972,15,,,0,77,,128973,15,,,0,37,,128974,15,,,0,77,,128975,15,,,0,37,,128976,15,,,0,77,,128977,15,,,0,77,,128978,15,,,0,37,,128979,15,,,0,77,,128980,15,,,0,77,,128981,15,,,0,37,,128960,15,,,0,77,,128961,15,,,0,37,,128962,15,,,0,77,,128964,15,,,0,77,,128965,15,,,0,37,,128959,15,,,0
15301,'STMPSnea-Weekday',601,,128982,15,,,0,27,,128983,15,,,0,25,,128984,15,,,0,65,,128985,15,,,0,25,,128986,15,,,0,65,,128987,15,,,0,25,,128988,15,,,0,25,,128989,15,,,0,65,,128990,15,,,0,25,,128992,15,,,0,65,,128993,15,,,0,25,,128994,15,,,0,65,,128991,15,,,0,25,,128995,15,,,0,25,,128996,15,,,0,65,,128997,15,,,0,25,,128998,15,,,0,65,,128999,15,,,0,25,,129000,15,,,0,25,,129001,15,,,0,65,,129002,15,,,0,25,,129003,15,,,0,60,,129019,15,,,0,20,,129020,15,,,0,20,,129021,15,,,0,60,,129022,15,,,0,20,,129023,15,,,0,20,,129013,15,,,0,60,,129015,15,,,0,20,,129018,15,,,0,20,,129016,15,,,0,59,,129014,15,,,0,24,,129017,15,,,0,76,,129005,15,,,0,36,,129007,15,,,0,76,,129004,15,,,0,36,,129008,15,,,0,75,,129006,15,,,0,76,,129009,15,,,0,36,,129010,15,,,0,76,,129011,15,,,0,36,,129012,15,,,0
15301,'STMPSu1-Sunday',911,,129025,15,,,0,37,,129030,15,,,0,77,,129033,15,,,0,77,,129031,15,,,0,37,,129034,15,,,0,77,,129036,15,,,0,37,,129037,15,,,0,77,,129038,15,,,0,77,,129035,15,,,0,37,,129032,15,,,0,77,,129040,15,,,0,37,,129041,15,,,0,77,,129042,15,,,0,77,,129044,15,,,0,37,,129045,15,,,0,77,,129039,15,,,0,76,,129043,15,,,0,37,,129046,15,,,0,77,,129026,15,,,0,37,,129028,15,,,0,76,,129029,15,,,0,75,,129027,15,,,0,32,,129024,15,,,0
15301,'STMPSu2-Sunday',911,,129048,15,,,0,37,,129053,15,,,0,77,,129056,15,,,0,77,,129054,15,,,0,37,,129057,15,,,0,77,,129059,15,,,0,37,,129060,15,,,0,77,,129061,15,,,0,77,,129058,15,,,0,37,,129055,15,,,0,77,,129063,15,,,0,37,,129064,15,,,0,77,,129065,15,,,0,77,,129067,15,,,0,37,,129068,15,,,0,77,,129062,15,,,0,76,,129066,15,,,0,37,,129069,15,,,0,77,,129049,15,,,0,37,,129051,15,,,0,76,,129052,15,,,0,75,,129050,15,,,0,32,,129047,15,,,0
15301,'STMPWeek-Weekday',601,,129070,15,,,0,27,,129071,15,,,0,25,,129072,15,,,0,65,,129073,15,,,0,25,,129074,15,,,0,65,,129075,15,,,0,25,,129076,15,,,0,25,,129077,15,,,0,65,,129078,15,,,0,25,,129080,15,,,0,65,,129081,15,,,0,25,,129082,15,,,0,65,,129079,15,,,0,25,,129083,15,,,0,25,,129084,15,,,0,65,,129085,15,,,0,25,,129086,15,,,0,65,,129087,15,,,0,25,,129088,15,,,0,25,,129089,15,,,0,65,,129090,15,,,0,25,,129091,15,,,0,60,,129107,15,,,0,20,,129108,15,,,0,20,,129109,15,,,0,60,,129110,15,,,0,20,,129111,15,,,0,20,,129101,15,,,0,60,,129103,15,,,0,20,,129106,15,,,0,20,,129104,15,,,0,59,,129102,15,,,0,24,,129105,15,,,0,76,,129093,15,,,0,36,,129095,15,,,0,76,,129092,15,,,0,36,,129096,15,,,0,75,,129094,15,,,0,76,,129097,15,,,0,36,,129098,15,,,0,76,,129099,15,,,0,36,,129100,15,,,0
15301,'STMPar-Weekday',601,,129112,15,,,0,27,,129113,15,,,0,25,,129114,15,,,0,65,,129115,15,,,0,25,,129116,15,,,0,65,,129117,15,,,0,25,,129118,15,,,0,25,,129119,15,,,0,65,,129120,15,,,0,25,,129122,15,,,0,65,,129123,15,,,0,25,,129124,15,,,0,65,,129121,15,,,0,25,,129125,15,,,0,25,,129126,15,,,0,65,,129127,15,,,0,25,,129128,15,,,0,65,,129129,15,,,0,25,,129130,15,,,0,25,,129131,15,,,0,65,,129132,15,,,0,25,,129133,15,,,0,60,,129149,15,,,0,20,,129150,15,,,0,20,,129151,15,,,0,60,,129152,15,,,0,20,,129153,15,,,0,20,,129143,15,,,0,60,,129145,15,,,0,20,,129148,15,,,0,20,,129146,15,,,0,59,,129144,15,,,0,24,,129147,15,,,0,76,,129135,15,,,0,36,,129137,15,,,0,76,,129134,15,,,0,36,,129138,15,,,0,75,,129136,15,,,0,76,,129139,15,,,0,36,,129140,15,,,0,76,,129141,15,,,0,36,,129142,15,,,0
