2600,'Saturday',627,,53538,,,0,85,,53548,,,0,45,,53540,,,0,85,,53549,,,0,88,,53539,,,0,85,,53550,,,0,85,,53541,,,0,45,,53551,,,0,85,,53542,,,0,85,,53552,,,0,85,,53543,,,0,45,,53553,,,0,85,,53544,,,0,85,,53554,,,0,85,,53545,,,0,45,,53555,,,0,85,,53546,,,0,84,,53556,,,0,44,,53547,,,0,85,,53557,,,0
2600,'Sunday',627,,53558,,,0,85,,53568,,,0,45,,53559,,,0,85,,53569,,,0,88,,53560,,,0,85,,53571,,,0,85,,53561,,,0,45,,53570,,,0,85,,53562,,,0,85,,53572,,,0,85,,53563,,,0,45,,53573,,,0,85,,53564,,,0,85,,53574,,,0,85,,53565,,,0,45,,53575,,,0,85,,53566,,,0,84,,53576,,,0,44,,53567,,,0,85,,53577,,,0
2600,'Weekday',550,,53578,,,0,72,,53579,,,0,32,,53580,,,0,75,,53581,,,0,73,,53582,,,0,32,,53583,,,0,71,,53584,,,0,27,,53585,,,0,26,,53587,,,0,70,,53588,,,0,30,,53589,,,0,70,,53586,,,0,30,,53590,,,0,70,,53591,,,0,30,,53592,,,0,70,,53593,,,0,30,,53594,,,0,70,,53596,,,0,72,,53597,,,0,31,,53598,,,0,72,,53595,,,0,34,,53599,,,0,72,,53600,,,0,32,,53601,,,0,72,,53602,,,0,28,,53604,,,0,68,,53605,,,0,30,,53606,,,0,70,,53607,,,0,30,,53609,,,0,70,,53611,,,0,28,,53610,,,0,70,,53608,,,0,30,,53603,,,0
2600,'Weekday0000100',1426,,53613,,,0,10,,53612,,,0
2600,'Weekday1111000',1606,,53615,,,0,12,,53614,,,0
2600,'1CCSDCUT-Weekday',550,,53616,,,0,72,,53617,,,0,32,,53618,,,0,75,,53619,,,0,73,,53620,,,0,32,,53621,,,0,71,,53622,,,0,27,,53623,,,0,26,,53625,,,0,70,,53626,,,0,30,,53627,,,0,70,,53624,,,0,30,,53628,,,0,70,,53629,,,0,30,,53630,,,0,70,,53631,,,0,30,,53632,,,0,70,,53634,,,0,72,,53635,,,0,31,,53636,,,0,72,,53633,,,0,34,,53637,,,0,72,,53638,,,0,32,,53639,,,0,72,,53640,,,0,28,,53642,,,0,68,,53643,,,0,30,,53644,,,0,70,,53645,,,0,30,,53647,,,0,70,,53649,,,0,28,,53648,,,0,70,,53646,,,0,30,,53641,,,0
2600,'1CCSDCUT-Weekday0000100',1426,,53651,,,0,10,,53650,,,0
2600,'1CCSDCUT-Weekday1111000',1606,,53653,,,0,12,,53652,,,0
2600,'1PUBCUT-Weekday',550,,53654,,,0,72,,53655,,,0,32,,53656,,,0,75,,53657,,,0,73,,53658,,,0,32,,53659,,,0,71,,53660,,,0,27,,53661,,,0,26,,53663,,,0,70,,53664,,,0,30,,53665,,,0,70,,53662,,,0,30,,53666,,,0,70,,53667,,,0,30,,53668,,,0,70,,53669,,,0,30,,53670,,,0,70,,53672,,,0,72,,53673,,,0,31,,53674,,,0,72,,53671,,,0,34,,53675,,,0,72,,53676,,,0,32,,53677,,,0,72,,53678,,,0,28,,53680,,,0,68,,53681,,,0,30,,53682,,,0,70,,53683,,,0,30,,53685,,,0,70,,53687,,,0,28,,53686,,,0,70,,53684,,,0,30,,53679,,,0
2600,'1PUBCUT-Weekday1111000',1606,,53689,,,0,12,,53688,,,0
72200,'Weekday',830,,88786,0,141 152 1 140,0
72200,'1CCSDCUT-Weekday',830,,88787,0,141 152 1 140,0
72400,'Weekday0000100',1434,,88792,4,,0
72400,'Weekday1111000',1617,,88793,4,,0
72400,'1CCSDCUT-Weekday0000100',1434,,88794,4,,0
72400,'1CCSDCUT-Weekday1111000',1617,,88795,4,,0
72401,'Weekday',829,,88796,0,140 141 119,0
72401,'1CCSDCUT-Weekday',829,,88797,0,140 141 119,0
81100,'Weekday',828,,89187,0,12 13 141,0
81100,'1PUBCUT-Weekday',828,,89189,0,12 13 141,0
81101,'Weekday0000100',1512,,89191,4,,0
81101,'Weekday1111000',1612,,89193,4,,0
81101,'1PUBCUT-Weekday0000100',1512,,89195,4,,0
81101,'1PUBCUT-Weekday1111000',1612,,89197,4,,0
