4000,'Saturday',758,,36509,2,,,0,75,,36510,2,,,0,75,,36508,2,,,0,35,,36511,2,,,0,75,,36512,2,,,0,35,,36513,2,,,0,75,,36514,2,,,0,75,,36515,2,,,0,35,,36518,2,,,0,75,,36519,2,,,0,35,,36516,2,,,0,75,,36517,2,,,0,35,,36520,2,,,0,75,,36521,2,,,0,75,,36522,2,,,0,35,,36523,2,,,0,75,,36524,2,,,0,35,,36525,2,,,0,75,,36526,2,,,0
4000,'Sunday',758,,36527,2,,,0,75,,36528,2,,,0,75,,36530,2,,,0,35,,36531,2,,,0,75,,36532,2,,,0,35,,36529,2,,,0,75,,36533,2,,,0,75,,36534,2,,,0,35,,36535,2,,,0,75,,36536,2,,,0,35,,36537,2,,,0,75,,36539,2,,,0,35,,36540,2,,,0,75,,36541,2,,,0,75,,36538,2,,,0,35,,36542,2,,,0,75,,36543,2,,,0,35,,36544,2,,,0,75,,36545,2,,,0
4000,'Weekday',609,,36562,2,,,0,35,,36556,2,,,0,75,,36569,2,,,0,35,,36563,2,,,0,75,,36557,2,,,0,75,,36570,2,,,0,35,,36564,2,,,0,75,,36558,2,,,0,35,,36571,2,,,0,75,,36565,2,,,0,35,,36559,2,,,0,75,,36572,2,,,0,75,,36566,2,,,0,35,,36560,2,,,0,76,,36573,2,,,0,36,,36567,2,,,0,78,,36561,2,,,0,78,,36574,2,,,0,38,,36568,2,,,0,78,,36546,2,,,0,73,,36553,2,,,0,34,,36550,2,,,0,72,,36547,2,,,0,32,,36554,2,,,0,73,,36551,2,,,0,34,,36548,2,,,0,75,,36555,2,,,0,35,,36552,2,,,0,71,,36549,2,,,0
4000,'1CCSDCUT-Weekday',609,,36591,2,,,0,35,,36585,2,,,0,75,,36598,2,,,0,35,,36592,2,,,0,75,,36586,2,,,0,75,,36599,2,,,0,35,,36593,2,,,0,75,,36587,2,,,0,35,,36600,2,,,0,75,,36594,2,,,0,35,,36588,2,,,0,75,,36601,2,,,0,75,,36595,2,,,0,35,,36589,2,,,0,76,,36602,2,,,0,36,,36596,2,,,0,78,,36590,2,,,0,78,,36603,2,,,0,38,,36597,2,,,0,78,,36575,2,,,0,73,,36582,2,,,0,34,,36579,2,,,0,72,,36576,2,,,0,32,,36583,2,,,0,73,,36580,2,,,0,34,,36577,2,,,0,75,,36584,2,,,0,35,,36581,2,,,0,71,,36578,2,,,0
4000,'1PUBCUT-Weekday',609,,36620,2,,,0,35,,36614,2,,,0,75,,36627,2,,,0,35,,36621,2,,,0,75,,36615,2,,,0,75,,36628,2,,,0,35,,36622,2,,,0,75,,36616,2,,,0,35,,36629,2,,,0,75,,36623,2,,,0,35,,36617,2,,,0,75,,36630,2,,,0,75,,36624,2,,,0,35,,36618,2,,,0,76,,36631,2,,,0,36,,36625,2,,,0,78,,36619,2,,,0,78,,36632,2,,,0,38,,36626,2,,,0,78,,36604,2,,,0,73,,36611,2,,,0,34,,36608,2,,,0,72,,36605,2,,,0,32,,36612,2,,,0,73,,36609,2,,,0,34,,36606,2,,,0,75,,36613,2,,,0,35,,36610,2,,,0,71,,36607,2,,,0
9700,'Saturday',608,,50049,2,,,0,30,,50023,2,,,0,80,,50040,2,,,0,40,,50033,2,,,0,80,,50024,2,,,0,80,,50041,2,,,0,40,,50032,2,,,0,80,,50025,2,,,0,80,,50042,2,,,0,40,,50034,2,,,0,80,,50026,2,,,0,80,,50043,2,,,0,40,,50035,2,,,0,80,,50027,2,,,0,80,,50044,2,,,0,40,,50036,2,,,0,80,,50028,2,,,0,80,,50045,2,,,0,40,,50037,2,,,0,80,,50029,2,,,0,80,,50046,2,,,0,40,,50038,2,,,0,80,,50030,2,,,0,80,,50047,2,,,0,40,,50039,2,,,0,80,,50031,2,,,0,80,,50048,2,,,0
9700,'Sunday',608,,50076,2,,,0,30,,50050,2,,,0,80,,50067,2,,,0,40,,50059,2,,,0,80,,50051,2,,,0,80,,50068,2,,,0,40,,50060,2,,,0,80,,50052,2,,,0,80,,50069,2,,,0,40,,50061,2,,,0,80,,50054,2,,,0,80,,50070,2,,,0,40,,50062,2,,,0,80,,50053,2,,,0,80,,50071,2,,,0,40,,50063,2,,,0,80,,50055,2,,,0,80,,50072,2,,,0,40,,50064,2,,,0,80,,50056,2,,,0,80,,50073,2,,,0,40,,50065,2,,,0,80,,50057,2,,,0,80,,50074,2,,,0,40,,50066,2,,,0,80,,50058,2,,,0,80,,50075,2,,,0
9700,'Weekday',531,,50089,2,,,0,26,,50077,2,,,0,70,,50096,2,,,0,30,,50108,2,,,0,70,,50090,2,,,0,30,,50078,2,,,0,70,,50097,2,,,0,30,,50109,2,,,0,70,,50091,2,,,0,30,,50079,2,,,0,70,,50098,2,,,0,30,,50110,2,,,0,70,,50092,2,,,0,30,,50080,2,,,0,70,,50099,2,,,0,30,,50111,2,,,0,70,,50093,2,,,0,30,,50081,2,,,0,70,,50100,2,,,0,30,,50112,2,,,0,70,,50094,2,,,0,30,,50082,2,,,0,70,,50101,2,,,0,30,,50113,2,,,0,70,,50095,2,,,0,30,,50083,2,,,0,70,,50102,2,,,0,30,,50084,2,,,0,70,,50103,2,,,0,30,,50085,2,,,0,70,,50104,2,,,0,30,,50087,2,,,0,70,,50105,2,,,0,30,,50086,2,,,0,70,,50106,2,,,0,30,,50088,2,,,0,66,,50107,2,,,0
9700,'1CCSDCUT-Weekday',531,,50126,2,,,0,26,,50114,2,,,0,70,,50133,2,,,0,30,,50145,2,,,0,70,,50127,2,,,0,30,,50115,2,,,0,70,,50134,2,,,0,30,,50146,2,,,0,70,,50128,2,,,0,30,,50116,2,,,0,70,,50135,2,,,0,30,,50147,2,,,0,70,,50129,2,,,0,30,,50117,2,,,0,70,,50136,2,,,0,30,,50148,2,,,0,70,,50130,2,,,0,30,,50118,2,,,0,70,,50137,2,,,0,30,,50149,2,,,0,70,,50131,2,,,0,30,,50119,2,,,0,70,,50138,2,,,0,30,,50150,2,,,0,70,,50132,2,,,0,30,,50120,2,,,0,70,,50139,2,,,0,30,,50121,2,,,0,70,,50140,2,,,0,30,,50122,2,,,0,70,,50141,2,,,0,30,,50124,2,,,0,70,,50142,2,,,0,30,,50123,2,,,0,70,,50143,2,,,0,30,,50125,2,,,0,66,,50144,2,,,0
9700,'1PUBCUT-Weekday',531,,50163,2,,,0,26,,50151,2,,,0,70,,50170,2,,,0,30,,50182,2,,,0,70,,50164,2,,,0,30,,50152,2,,,0,70,,50171,2,,,0,30,,50183,2,,,0,70,,50165,2,,,0,30,,50153,2,,,0,70,,50172,2,,,0,30,,50184,2,,,0,70,,50166,2,,,0,30,,50154,2,,,0,70,,50173,2,,,0,30,,50185,2,,,0,70,,50167,2,,,0,30,,50155,2,,,0,70,,50174,2,,,0,30,,50186,2,,,0,70,,50168,2,,,0,30,,50156,2,,,0,70,,50175,2,,,0,30,,50187,2,,,0,70,,50169,2,,,0,30,,50157,2,,,0,70,,50176,2,,,0,30,,50158,2,,,0,70,,50177,2,,,0,30,,50159,2,,,0,70,,50178,2,,,0,30,,50161,2,,,0,70,,50179,2,,,0,30,,50160,2,,,0,70,,50180,2,,,0,30,,50162,2,,,0,66,,50181,2,,,0
11300,'Weekday',541,,53324,2,,,0,70,,53316,2,,,0,32,,53326,2,,,0,72,,53317,2,,,0,32,,53327,2,,,0,72,,53318,2,,,0,32,,53328,2,,,0,72,,53319,2,,,0,32,,53329,2,,,0,72,,53320,2,,,0,32,,53330,2,,,0,72,,53321,2,,,0,72,,53331,2,,,0,32,,53322,2,,,0,72,,53332,2,,,0,32,,53323,2,,,0,72,,53333,2,,,0,32,,53325,2,,,0,72,,53334,2,,,0,32,,53342,2,,,0,72,,53335,2,,,0,32,,53343,2,,,0,72,,53336,2,,,0,32,,53344,2,,,0,72,,53337,2,,,0,32,,53345,2,,,0,72,,53338,2,,,0,72,,53346,2,,,0,32,,53339,2,,,0,72,,53347,2,,,0,32,,53340,2,,,0,72,,53348,2,,,0,32,,53341,2,,,0,72,,53349,2,,,0
11300,'1CCSDCUT-Weekday',541,,53358,2,,,0,70,,53350,2,,,0,32,,53360,2,,,0,72,,53351,2,,,0,32,,53361,2,,,0,72,,53352,2,,,0,32,,53362,2,,,0,72,,53353,2,,,0,32,,53363,2,,,0,72,,53354,2,,,0,32,,53364,2,,,0,72,,53355,2,,,0,72,,53365,2,,,0,32,,53356,2,,,0,72,,53366,2,,,0,32,,53357,2,,,0,72,,53367,2,,,0,32,,53359,2,,,0,72,,53368,2,,,0,32,,53376,2,,,0,72,,53369,2,,,0,32,,53377,2,,,0,72,,53370,2,,,0,32,,53378,2,,,0,72,,53371,2,,,0,32,,53379,2,,,0,72,,53372,2,,,0,72,,53380,2,,,0,32,,53373,2,,,0,72,,53381,2,,,0,32,,53374,2,,,0,72,,53382,2,,,0,32,,53375,2,,,0,72,,53383,2,,,0
11300,'1PUBCUT-Weekday',541,,53392,2,,,0,70,,53384,2,,,0,32,,53394,2,,,0,72,,53385,2,,,0,32,,53395,2,,,0,72,,53386,2,,,0,32,,53396,2,,,0,72,,53387,2,,,0,32,,53397,2,,,0,72,,53388,2,,,0,32,,53398,2,,,0,72,,53389,2,,,0,72,,53399,2,,,0,32,,53390,2,,,0,72,,53400,2,,,0,32,,53391,2,,,0,72,,53401,2,,,0,32,,53393,2,,,0,72,,53402,2,,,0,32,,53410,2,,,0,72,,53403,2,,,0,32,,53411,2,,,0,72,,53404,2,,,0,32,,53412,2,,,0,72,,53405,2,,,0,32,,53413,2,,,0,72,,53406,2,,,0,72,,53414,2,,,0,32,,53407,2,,,0,72,,53415,2,,,0,32,,53408,2,,,0,72,,53416,2,,,0,32,,53409,2,,,0,72,,53417,2,,,0
81500,'Weekday',821,,68922,20,0,12 13 146 147,0
81500,'1PUBCUT-Weekday',821,,68923,20,0,12 13 146 147,0
