5300,'Saturday',537,,59577,,,0,73,,59603,,,0,31,,59578,,,0,71,,59606,,,0,31,,59579,,,0,71,,59583,,,0,31,,59594,,,0,71,,59584,,,0,31,,59596,,,0,71,,59585,,,0,31,,59595,,,0,71,,59586,,,0,31,,59597,,,0,72,,59587,,,0,31,,59599,,,0,71,,59589,,,0,31,,59598,,,0,71,,59588,,,0,31,,59600,,,0,71,,59590,,,0,71,,59601,,,0,31,,59592,,,0,71,,59602,,,0,31,,59591,,,0,71,,59604,,,0,30,,59593,,,0,71,,59605,,,0,31,,59580,,,0,71,,59607,,,0,31,,59582,,,0,71,,59608,,,0,31,,59581,,,0
5300,'Sunday',641,,59610,,,0,71,,59627,,,0,31,,59611,,,0,71,,59626,,,0,31,,59612,,,0,71,,59628,,,0,31,,59613,,,0,71,,59630,,,0,31,,59614,,,0,71,,59629,,,0,31,,59615,,,0,72,,59631,,,0,31,,59616,,,0,71,,59633,,,0,31,,59617,,,0,71,,59632,,,0,31,,59618,,,0,71,,59635,,,0,71,,59620,,,0,31,,59634,,,0,71,,59619,,,0,31,,59636,,,0,71,,59622,,,0,30,,59637,,,0,71,,59621,,,0,31,,59638,,,0,71,,59623,,,0,31,,59639,,,0,71,,59624,,,0,31,,59640,,,0
5300,'Weekday',520,,59652,,,0,36,,59653,,,0,76,,59654,,,0,77,,59655,,,0,38,,59656,,,0,76,,59657,,,0,36,,59658,,,0,73,,59659,,,0,76,,59660,,,0,36,,59661,,,0,77,,59662,,,0,36,,59663,,,0,76,,59664,,,0,77,,59665,,,0,35,,59666,,,0,76,,59667,,,0,36,,59668,,,0,78,,59669,,,0,76,,59670,,,0,36,,59671,,,0,76,,59672,,,0,36,,59673,,,0,76,,59674,,,0,76,,59675,,,0,33,,59642,,,0,75,,59643,,,0,36,,59644,,,0,76,,59645,,,0,76,,59646,,,0,36,,59648,,,0,76,,59649,,,0,36,,59650,,,0,80,,59647,,,0
5300,'1CCSDCUT-Weekday',520,,59687,,,0,36,,59688,,,0,76,,59689,,,0,77,,59690,,,0,38,,59691,,,0,76,,59692,,,0,36,,59693,,,0,73,,59694,,,0,76,,59695,,,0,36,,59696,,,0,77,,59697,,,0,36,,59698,,,0,76,,59699,,,0,77,,59700,,,0,35,,59701,,,0,76,,59702,,,0,36,,59703,,,0,78,,59704,,,0,76,,59705,,,0,36,,59706,,,0,76,,59707,,,0,36,,59708,,,0,76,,59709,,,0,76,,59710,,,0,33,,59677,,,0,75,,59678,,,0,36,,59679,,,0,76,,59680,,,0,76,,59681,,,0,36,,59683,,,0,76,,59684,,,0,36,,59685,,,0,80,,59682,,,0
5300,'1PUBCUT-Weekday',520,,59722,,,0,36,,59723,,,0,76,,59724,,,0,77,,59725,,,0,38,,59726,,,0,76,,59727,,,0,36,,59728,,,0,73,,59729,,,0,76,,59730,,,0,36,,59731,,,0,77,,59732,,,0,36,,59733,,,0,76,,59734,,,0,77,,59735,,,0,35,,59736,,,0,76,,59737,,,0,36,,59738,,,0,78,,59739,,,0,76,,59740,,,0,36,,59741,,,0,76,,59742,,,0,36,,59743,,,0,76,,59744,,,0,76,,59745,,,0,33,,59712,,,0,75,,59713,,,0,36,,59714,,,0,76,,59715,,,0,76,,59716,,,0,36,,59718,,,0,76,,59719,,,0,36,,59720,,,0,80,,59717,,,0
10800,'Saturday',743,,73005,,,0,84,,73015,,,0,85,,73006,,,0,45,,73016,,,0,85,,73007,,,0,85,,73017,,,0,85,,73009,,,0,40,,73018,,,0,85,,73008,,,0,85,,73019,,,0,85,,73011,,,0,45,,73021,,,0,85,,73010,,,0,85,,73020,,,0,85,,73013,,,0,45,,73022,,,0,85,,73012,,,0,83,,73023,,,0,82,,73014,,,0,45,,73024,,,0,85,,73025,,,0,85,,73004,,,0
10800,'Sunday',743,,73026,,,0,84,,73038,,,0,85,,73029,,,0,45,,73039,,,0,85,,73031,,,0,85,,73040,,,0,85,,73030,,,0,40,,73041,,,0,85,,73032,,,0,85,,73042,,,0,85,,73033,,,0,45,,73043,,,0,85,,73034,,,0,85,,73044,,,0,85,,73036,,,0,45,,73045,,,0,85,,73035,,,0,83,,73046,,,0,82,,73037,,,0,45,,73028,,,0,85,,73047,,,0,85,,73027,,,0
10800,'Weekday',600,,73048,,,0,30,,73053,,,0,70,,73051,,,0,34,,73054,,,0,72,,73055,,,0,29,,73056,,,0,65,,73057,,,0,30,,73058,,,0,70,,73060,,,0,30,,73061,,,0,29,,73062,,,0,71,,73059,,,0,70,,73063,,,0,30,,73064,,,0,71,,73065,,,0,30,,73066,,,0,70,,73069,,,0,30,,73070,,,0,70,,73067,,,0,34,,73068,,,0,71,,73071,,,0,30,,73072,,,0,70,,73073,,,0,30,,73074,,,0,70,,73075,,,0,29,,73076,,,0,67,,73077,,,0,29,,73078,,,0,70,,73079,,,0,30,,73080,,,0,70,,73081,,,0,27,,73082,,,0,30,,73083,,,0,70,,73084,,,0,30,,73085,,,0,70,,73052,,,0,30,,73050,,,0,70,,73049,,,0
10800,'1CCSDCUT-Weekday',600,,73086,,,0,30,,73091,,,0,70,,73089,,,0,34,,73092,,,0,72,,73093,,,0,29,,73094,,,0,65,,73095,,,0,30,,73096,,,0,70,,73098,,,0,30,,73099,,,0,29,,73100,,,0,71,,73097,,,0,70,,73101,,,0,30,,73102,,,0,71,,73103,,,0,30,,73104,,,0,70,,73107,,,0,30,,73108,,,0,70,,73105,,,0,34,,73106,,,0,71,,73109,,,0,30,,73110,,,0,70,,73111,,,0,30,,73112,,,0,70,,73113,,,0,29,,73114,,,0,67,,73115,,,0,29,,73116,,,0,70,,73117,,,0,30,,73118,,,0,70,,73119,,,0,27,,73120,,,0,30,,73121,,,0,70,,73122,,,0,30,,73123,,,0,70,,73090,,,0,30,,73088,,,0,70,,73087,,,0
10800,'1PUBCUT-Weekday',600,,73124,,,0,30,,73129,,,0,70,,73127,,,0,34,,73130,,,0,72,,73131,,,0,29,,73132,,,0,65,,73133,,,0,30,,73134,,,0,70,,73136,,,0,30,,73137,,,0,29,,73138,,,0,71,,73135,,,0,70,,73139,,,0,30,,73140,,,0,71,,73141,,,0,30,,73142,,,0,70,,73145,,,0,30,,73146,,,0,70,,73143,,,0,34,,73144,,,0,71,,73147,,,0,30,,73148,,,0,70,,73149,,,0,30,,73150,,,0,70,,73151,,,0,29,,73152,,,0,67,,73153,,,0,29,,73154,,,0,70,,73155,,,0,30,,73156,,,0,70,,73157,,,0,27,,73158,,,0,30,,73159,,,0,70,,73160,,,0,30,,73161,,,0,70,,73128,,,0,30,,73126,,,0,70,,73125,,,0
42200,'Saturday',621,,88311,,,0,100,,88312,,,0,100,,88313,,,0,100,,88314,,,0,100,,88315,,,0,100,,88316,,,0,100,,88317,,,0,100,,88319,,,0,100,,88318,,,0,100,,88320,,,0,100,,88321,,,0,100,,88322,,,0,100,,88323,,,0
42200,'Sunday',621,,88324,,,0,100,,88325,,,0,100,,88326,,,0,100,,88327,,,0,100,,88328,,,0,100,,88329,,,0,100,,88330,,,0,100,,88331,,,0,100,,88332,,,0,100,,88333,,,0,100,,88334,,,0,100,,88335,,,0,100,,88336,,,0
42200,'Weekday',620,,88337,,,0,30,,88355,,,0,70,,88338,,,0,30,,88359,,,0,70,,88339,,,0,30,,88360,,,0,70,,88340,,,0,30,,88357,,,0,70,,88341,,,0,30,,88358,,,0,70,,88342,,,0,30,,88361,,,0,70,,88343,,,0,30,,88354,,,0,70,,88344,,,0,30,,88363,,,0,70,,88345,,,0,39,,88362,,,0,61,,88346,,,0,30,,88356,,,0,70,,88348,,,0,30,,88364,,,0,70,,88347,,,0,30,,88353,,,0,70,,88351,,,0,100,,88350,,,0,100,,88349,,,0,100,,88352,,,0
42200,'1CCSDCUT-Weekday',620,,88365,,,0,30,,88383,,,0,70,,88366,,,0,30,,88387,,,0,70,,88367,,,0,30,,88388,,,0,70,,88368,,,0,30,,88385,,,0,70,,88369,,,0,30,,88386,,,0,70,,88370,,,0,30,,88389,,,0,70,,88371,,,0,30,,88382,,,0,70,,88372,,,0,30,,88391,,,0,70,,88373,,,0,39,,88390,,,0,61,,88374,,,0,30,,88384,,,0,70,,88376,,,0,30,,88392,,,0,70,,88375,,,0,30,,88381,,,0,70,,88379,,,0,100,,88378,,,0,100,,88377,,,0,100,,88380,,,0
42200,'1PUBCUT-Weekday',620,,88393,,,0,30,,88411,,,0,70,,88394,,,0,30,,88415,,,0,70,,88395,,,0,30,,88416,,,0,70,,88396,,,0,30,,88413,,,0,70,,88397,,,0,30,,88414,,,0,70,,88398,,,0,30,,88417,,,0,70,,88399,,,0,30,,88410,,,0,70,,88400,,,0,30,,88419,,,0,70,,88401,,,0,39,,88418,,,0,61,,88402,,,0,30,,88412,,,0,70,,88404,,,0,30,,88420,,,0,70,,88403,,,0,30,,88409,,,0,70,,88407,,,0,100,,88406,,,0,100,,88405,,,0,100,,88408,,,0
