10900,'Weekday',1610,,117622,4,,,0,35,,117623,4,,,0
10900,'STMPSnea-Weekday',1610,,117624,4,,,0,35,,117625,4,,,0
10900,'STMPWeek-Weekday',1610,,117626,4,,,0,35,,117627,4,,,0
10900,'STMPar-Weekday',1610,,117628,4,,,0,35,,117629,4,,,0
11600,'Weekday',1604,,119242,4,,,0,20,,119243,4,,,0,20,,119244,4,,,0,70,,119245,4,,,0
11600,'STMPSnea-Weekday',1604,,119246,4,,,0,20,,119247,4,,,0,20,,119248,4,,,0,70,,119249,4,,,0
11600,'STMPWeek-Weekday',1604,,119250,4,,,0,20,,119251,4,,,0,20,,119252,4,,,0,70,,119253,4,,,0
11600,'STMPar-Weekday',1604,,119254,4,,,0,20,,119255,4,,,0,20,,119256,4,,,0,70,,119257,4,,,0
14200,'Weekday',1615,,126065,4,,,0,25,,126067,4,,,0,75,,126066,4,,,0
14200,'STMPSnea-Weekday',1615,,126068,4,,,0,25,,126070,4,,,0,75,,126069,4,,,0
14200,'STMPWeek-Weekday',1615,,126071,4,,,0,25,,126073,4,,,0,75,,126072,4,,,0
14200,'STMPar-Weekday',1615,,126074,4,,,0,25,,126076,4,,,0,75,,126075,4,,,0
