69800,'Weekday',818,,88613,0,172 1 12 173 1 106 107 136,0
69800,'Weekday0000100',847,,88614,0,172 1 12 173 1 106 107 136,0
69800,'Weekday1111000',823,,88615,0,172 1 12 173 1 106 107 136,0
69800,'1CCSDCUT-Weekday',818,,88616,0,172 1 12 173 1 106 107 136,0
69800,'1CCSDCUT-Weekday1111000',823,,88617,0,172 1 12 173 1 106 107 136,0
69800,'1PUBCUT-Weekday',818,,88618,0,172 1 12 173 1 106 107 136,0
69800,'1PUBCUT-Weekday0000100',847,,88619,0,172 1 12 173 1 106 107 136,0
69800,'1PUBCUT-Weekday1111000',823,,88620,0,172 1 12 173 1 106 107 136,0
69901,'Weekday',808,,88641,0,115 116,0
69901,'1CCSDCUT-Weekday',808,,88642,0,115 116,0
69901,'1PUBCUT-Weekday',808,,88643,0,115 116,0
