5100,'Saturday',606,,38734,7,,,0,38,,38735,7,,,0,74,,38736,7,,,0,38,,38737,7,,,0,78,,38738,7,,,0,78,,38739,7,,,0,38,,38740,7,,,0,78,,38741,7,,,0,78,,38742,7,,,0,38,,38743,7,,,0,78,,38744,7,,,0,78,,38745,7,,,0,38,,38746,7,,,0,78,,38747,7,,,0,38,,38748,7,,,0,78,,38749,7,,,0,78,,38750,7,,,0,38,,38752,7,,,0,78,,38753,7,,,0,78,,38754,7,,,0,38,,38751,7,,,0,78,,38755,7,,,0,38,,38758,7,,,0,78,,38757,7,,,0,78,,38759,7,,,0,38,,38756,7,,,0
5100,'Sunday',606,,38760,7,0,113 31,0,38,,38773,7,0,113 31,0,74,,38761,7,0,113 31,0,38,,38774,7,0,113 31,0,78,,38762,7,0,113 31,0,78,,38775,7,0,113 31,0,38,,38763,7,0,113 31,0,78,,38777,7,0,113 31,0,78,,38764,7,0,113 31,0,38,,38776,7,0,113 31,0,78,,38765,7,0,113 31,0,78,,38779,7,0,113 31,0,38,,38766,7,0,113 31,0,78,,38778,7,0,113 31,0,38,,38767,7,0,113 31,0,78,,38780,7,0,113 31,0,78,,38768,7,0,113 31,0,38,,38781,7,0,113 31,0,78,,38769,7,0,113 31,0,78,,38782,7,0,113 31,0,38,,38770,7,0,113 31,0,78,,38783,7,0,113 31,0,38,,38771,7,0,113 31,0,78,,38784,7,0,113 31,0,78,,38772,7,0,113 31,0,38,,38785,7,0,113 31,0
5100,'Weekday',515,,38786,7,,,0,20,,38805,7,,,0,20,,38789,7,,,0,60,,38815,7,,,0,20,,38787,7,,,0,20,,38806,7,,,0,60,,38791,7,,,0,20,,38816,7,,,0,65,,38788,7,,,0,10,,38807,7,,,0,25,,38790,7,,,0,20,,38817,7,,,0,80,,38808,7,,,0,80,,38819,7,,,0,40,,38809,7,,,0,80,,38818,7,,,0,80,,38810,7,,,0,40,,38820,7,,,0,80,,38811,7,,,0,80,,38821,7,,,0,35,,38812,7,,,0,60,,38792,7,,,0,20,,38822,7,,,0,20,,38799,7,,,0,55,,38813,7,,,0,25,,38793,7,,,0,20,,38823,7,,,0,60,,38801,7,,,0,20,,38814,7,,,0,20,,38794,7,,,0,85,,38800,7,,,0,80,,38796,7,,,0,40,,38802,7,,,0,80,,38795,7,,,0,80,,38803,7,,,0,40,,38797,7,,,0,80,,38804,7,,,0,91,,38798,7,,,0
5100,'1CCSDCUT-Weekday',515,,38824,7,,,0,20,,38843,7,,,0,20,,38827,7,,,0,60,,38853,7,,,0,20,,38825,7,,,0,20,,38844,7,,,0,60,,38829,7,,,0,20,,38854,7,,,0,65,,38826,7,,,0,10,,38845,7,,,0,25,,38828,7,,,0,20,,38855,7,,,0,80,,38846,7,,,0,80,,38857,7,,,0,40,,38847,7,,,0,80,,38856,7,,,0,80,,38848,7,,,0,40,,38858,7,,,0,80,,38849,7,,,0,80,,38859,7,,,0,35,,38850,7,,,0,60,,38830,7,,,0,20,,38860,7,,,0,20,,38837,7,,,0,55,,38851,7,,,0,25,,38831,7,,,0,20,,38861,7,,,0,60,,38839,7,,,0,20,,38852,7,,,0,20,,38832,7,,,0,85,,38838,7,,,0,80,,38834,7,,,0,40,,38840,7,,,0,80,,38833,7,,,0,80,,38841,7,,,0,40,,38835,7,,,0,80,,38842,7,,,0,91,,38836,7,,,0
5100,'1PUBCUT-Weekday',515,,38862,7,,,0,20,,38881,7,,,0,20,,38865,7,,,0,60,,38891,7,,,0,20,,38863,7,,,0,20,,38882,7,,,0,60,,38867,7,,,0,20,,38892,7,,,0,65,,38864,7,,,0,10,,38883,7,,,0,25,,38866,7,,,0,20,,38893,7,,,0,80,,38884,7,,,0,80,,38895,7,,,0,40,,38885,7,,,0,80,,38894,7,,,0,80,,38886,7,,,0,40,,38896,7,,,0,80,,38887,7,,,0,80,,38897,7,,,0,35,,38888,7,,,0,60,,38868,7,,,0,20,,38898,7,,,0,20,,38875,7,,,0,55,,38889,7,,,0,25,,38869,7,,,0,20,,38899,7,,,0,60,,38877,7,,,0,20,,38890,7,,,0,20,,38870,7,,,0,85,,38876,7,,,0,80,,38872,7,,,0,40,,38878,7,,,0,80,,38871,7,,,0,80,,38879,7,,,0,40,,38873,7,,,0,80,,38880,7,,,0,91,,38874,7,,,0
69900,'Weekday0000100',1422,,68339,32,0,115 116,0,80,,68338,32,0,115 116,0
69900,'Weekday1111000',1614,,68340,32,0,115 116,0
69900,'1CCSDCUT-Weekday0000100',1422,,68342,32,0,115 116,0,80,,68341,32,0,115 116,0
69900,'1CCSDCUT-Weekday1111000',1614,,68343,32,0,115 116,0
69900,'1PUBCUT-Weekday0000100',1422,,68345,32,0,115 116,0,80,,68344,32,0,115 116,0
69900,'1PUBCUT-Weekday1111000',1614,,68346,32,0,115 116,0
