1501,'Saturday',657,,50454,,,0,78,,50461,,,0,78,,50467,,,0,38,,50455,,,0,78,,50462,,,0,78,,50469,,,0,38,,50456,,,0,78,,50463,,,0,78,,50468,,,0,38,,50457,,,0,78,,50464,,,0,38,,50470,,,0,78,,50458,,,0,78,,50465,,,0,38,,50471,,,0,78,,50459,,,0,78,,50466,,,0,38,,50472,,,0,78,,50460,,,0
1501,'Sunday',657,,50473,,,0,97,,50480,,,0,97,,50474,,,0,97,,50481,,,0,97,,50475,,,0,97,,50482,,,0,97,,50476,,,0,97,,50483,,,0,97,,50477,,,0,97,,50484,,,0,97,,50478,,,0,97,,50485,,,0,97,,50479,,,0
1501,'Weekday',557,,50500,,,0,79,,50493,,,0,79,,50486,,,0,35,,50501,,,0,80,,50494,,,0,79,,50487,,,0,40,,50502,,,0,80,,50495,,,0,80,,50488,,,0,40,,50503,,,0,80,,50496,,,0,80,,50489,,,0,40,,50504,,,0,80,,50497,,,0,80,,50490,,,0,35,,50505,,,0,71,,50507,,,0,30,,50498,,,0,70,,50491,,,0,29,,50506,,,0,69,,50508,,,0,30,,50499,,,0,79,,50492,,,0,78,41,50509,,,0
1501,'1CCSDCUT-Weekday',557,,50524,,,0,79,,50517,,,0,79,,50510,,,0,35,,50525,,,0,80,,50518,,,0,79,,50511,,,0,40,,50526,,,0,80,,50519,,,0,80,,50512,,,0,40,,50527,,,0,80,,50520,,,0,80,,50513,,,0,40,,50528,,,0,80,,50521,,,0,80,,50514,,,0,35,,50529,,,0,71,,50531,,,0,30,,50522,,,0,70,,50515,,,0,29,,50530,,,0,69,,50532,,,0,30,,50523,,,0,79,,50516,,,0,78,41,50533,,,0
1501,'1PUBCUT-Weekday',557,,50548,,,0,79,,50541,,,0,79,,50534,,,0,35,,50549,,,0,80,,50542,,,0,79,,50535,,,0,40,,50550,,,0,80,,50543,,,0,80,,50536,,,0,40,,50551,,,0,80,,50544,,,0,80,,50537,,,0,40,,50552,,,0,80,,50545,,,0,80,,50538,,,0,35,,50553,,,0,71,,50555,,,0,30,,50546,,,0,70,,50539,,,0,29,,50554,,,0,69,,50556,,,0,30,,50547,,,0,79,,50540,,,0,78,41,50557,,,0
14700,'Weekday',530,,78846,,,0,72,,78850,,,0,32,,78847,,,0,72,,78851,,,0,32,,78848,,,0,72,,78852,,,0,32,,78849,,,0,72,,78860,,,0,32,,78866,,,0,72,,78861,,,0,32,,78867,,,0,72,,78862,,,0,32,,78868,,,0,72,,78863,,,0,32,,78869,,,0,72,,78864,,,0,72,,78870,,,0,32,,78865,,,0,72,,78856,,,0,32,,78853,,,0,72,,78857,,,0,32,,78854,,,0,72,,78858,,,0,32,,78855,,,0,72,,78859,,,0
14700,'1CCSDCUT-Weekday',530,,78871,,,0,72,,78875,,,0,32,,78872,,,0,72,,78876,,,0,32,,78873,,,0,72,,78877,,,0,32,,78874,,,0,72,,78885,,,0,32,,78891,,,0,72,,78886,,,0,32,,78892,,,0,72,,78887,,,0,32,,78893,,,0,72,,78888,,,0,32,,78894,,,0,72,,78889,,,0,72,,78895,,,0,32,,78890,,,0,72,,78881,,,0,32,,78878,,,0,72,,78882,,,0,32,,78879,,,0,72,,78883,,,0,32,,78880,,,0,72,,78884,,,0
14700,'1PUBCUT-Weekday',530,,78896,,,0,72,,78900,,,0,32,,78897,,,0,72,,78901,,,0,32,,78898,,,0,72,,78902,,,0,32,,78899,,,0,72,,78910,,,0,32,,78916,,,0,72,,78911,,,0,32,,78917,,,0,72,,78912,,,0,32,,78918,,,0,72,,78913,,,0,32,,78919,,,0,72,,78914,,,0,72,,78920,,,0,32,,78915,,,0,72,,78906,,,0,32,,78903,,,0,72,,78907,,,0,32,,78904,,,0,72,,78908,,,0,32,,78905,,,0,72,,78909,,,0
14701,'Weekday',630,,78921,4,,0,72,,78924,4,,0,32,,78922,4,,0,72,,78925,4,,0,32,,78923,4,,0,72,,78926,4,,0,30,,78938,4,,0,72,,78935,4,,0,32,,78940,4,,0,72,,78934,4,,0,32,,78941,4,,0,72,,78936,4,,0,32,,78942,4,,0,72,,78937,4,,0,32,,78943,4,,0,72,,78939,4,,0,72,,78944,4,,0,36,,78927,4,,0,72,,78932,4,,0,32,,78928,4,,0,72,,78931,4,,0,31,,78930,4,,0,70,,78933,4,,0,32,,78929,4,,0
14701,'1CCSDCUT-Weekday',630,,78945,4,,0,72,,78948,4,,0,32,,78946,4,,0,72,,78949,4,,0,32,,78947,4,,0,72,,78950,4,,0,30,,78962,4,,0,72,,78959,4,,0,32,,78964,4,,0,72,,78958,4,,0,32,,78965,4,,0,72,,78960,4,,0,32,,78966,4,,0,72,,78961,4,,0,32,,78967,4,,0,72,,78963,4,,0,72,,78968,4,,0,36,,78951,4,,0,72,,78956,4,,0,32,,78952,4,,0,72,,78955,4,,0,31,,78954,4,,0,70,,78957,4,,0,32,,78953,4,,0
14701,'1PUBCUT-Weekday',630,,78969,4,,0,72,,78972,4,,0,32,,78970,4,,0,72,,78973,4,,0,32,,78971,4,,0,72,,78974,4,,0,30,,78986,4,,0,72,,78983,4,,0,32,,78988,4,,0,72,,78982,4,,0,32,,78989,4,,0,72,,78984,4,,0,32,,78990,4,,0,72,,78985,4,,0,32,,78991,4,,0,72,,78987,4,,0,72,,78992,4,,0,36,,78975,4,,0,72,,78980,4,,0,32,,78976,4,,0,72,,78979,4,,0,31,,78978,4,,0,70,,78981,4,,0,32,,78977,4,,0
