5100,'Saturday',625,,59028,,,0,78,,59029,,,0,34,,59030,,,0,78,,59031,,,0,38,,59032,,,0,78,,59033,,,0,78,,59034,,,0,38,,59035,,,0,78,,59036,,,0,78,,59037,,,0,38,,59038,,,0,78,,59039,,,0,38,,59040,,,0,78,,59041,,,0,78,,59042,,,0,38,,59043,,,0,78,,59044,,,0,78,,59046,,,0,38,,59047,,,0,78,,59048,,,0,78,,59045,,,0,38,,59049,,,0,78,,59052,,,0,38,,59051,,,0,78,,59053,,,0,78,,59050,,,0
5100,'Sunday',625,,59054,0,113 31,0,78,,59067,0,113 31,0,34,,59055,0,113 31,0,78,,59068,0,113 31,0,38,,59056,0,113 31,0,78,,59069,0,113 31,0,78,,59057,0,113 31,0,38,,59071,0,113 31,0,78,,59058,0,113 31,0,78,,59070,0,113 31,0,38,,59059,0,113 31,0,78,,59073,0,113 31,0,38,,59060,0,113 31,0,78,,59072,0,113 31,0,78,,59061,0,113 31,0,38,,59074,0,113 31,0,78,,59062,0,113 31,0,78,,59075,0,113 31,0,38,,59063,0,113 31,0,78,,59076,0,113 31,0,78,,59064,0,113 31,0,38,,59077,0,113 31,0,78,,59065,0,113 31,0,38,,59078,0,113 31,0,78,,59066,0,113 31,0,78,,59079,0,113 31,0
5100,'Weekday',536,,59080,,,0,20,,59099,,,0,60,,59083,,,0,20,,59109,,,0,20,,59081,,,0,60,,59100,,,0,20,,59085,,,0,20,,59110,,,0,65,,59082,,,0,10,,59101,,,0,25,,59084,,,0,60,,59111,,,0,40,,59102,,,0,80,,59113,,,0,80,,59103,,,0,40,,59112,,,0,80,,59104,,,0,80,,59114,,,0,40,,59105,,,0,80,,59115,,,0,75,,59106,,,0,20,,59086,,,0,20,,59116,,,0,60,,59093,,,0,15,,59107,,,0,25,,59087,,,0,60,,59117,,,0,20,,59095,,,0,20,,59108,,,0,60,,59088,,,0,45,,59094,,,0,80,,59090,,,0,80,,59096,,,0,40,,59089,,,0,80,,59097,,,0,80,,59091,,,0,40,,59098,,,0,91,,59092,,,0
5100,'1CCSDCUT-Weekday',536,,59118,,,0,20,,59137,,,0,60,,59121,,,0,20,,59147,,,0,20,,59119,,,0,60,,59138,,,0,20,,59123,,,0,20,,59148,,,0,65,,59120,,,0,10,,59139,,,0,25,,59122,,,0,60,,59149,,,0,40,,59140,,,0,80,,59151,,,0,80,,59141,,,0,40,,59150,,,0,80,,59142,,,0,80,,59152,,,0,40,,59143,,,0,80,,59153,,,0,75,,59144,,,0,20,,59124,,,0,20,,59154,,,0,60,,59131,,,0,15,,59145,,,0,25,,59125,,,0,60,,59155,,,0,20,,59133,,,0,20,,59146,,,0,60,,59126,,,0,45,,59132,,,0,80,,59128,,,0,80,,59134,,,0,40,,59127,,,0,80,,59135,,,0,80,,59129,,,0,40,,59136,,,0,91,,59130,,,0
5100,'1PUBCUT-Weekday',536,,59156,,,0,20,,59175,,,0,60,,59159,,,0,20,,59185,,,0,20,,59157,,,0,60,,59176,,,0,20,,59161,,,0,20,,59186,,,0,65,,59158,,,0,10,,59177,,,0,25,,59160,,,0,60,,59187,,,0,40,,59178,,,0,80,,59189,,,0,80,,59179,,,0,40,,59188,,,0,80,,59180,,,0,80,,59190,,,0,40,,59181,,,0,80,,59191,,,0,75,,59182,,,0,20,,59162,,,0,20,,59192,,,0,60,,59169,,,0,15,,59183,,,0,25,,59163,,,0,60,,59193,,,0,20,,59171,,,0,20,,59184,,,0,60,,59164,,,0,45,,59170,,,0,80,,59166,,,0,80,,59172,,,0,40,,59165,,,0,80,,59173,,,0,80,,59167,,,0,40,,59174,,,0,91,,59168,,,0
9801,'Saturday',603,,70818,,,0,35,,70819,,,0,75,,70821,,,0,35,,70820,,,0,75,,70823,,,0,35,,70824,,,0,75,,70822,,,0,75,,70825,,,0,35,,70826,,,0,75,,70827,,,0,35,,70828,,,0,75,,70829,,,0,75,,70830,,,0,35,,70831,,,0,75,,70832,,,0,35,,70833,,,0,75,,70834,,,0,35,,70835,,,0,75,,70836,,,0,75,,70837,,,0,35,,70838,,,0,75,,70839,,,0,35,,70841,,,0,75,,70840,,,0,75,,70842,,,0,35,,70843,,,0,75,,70845,,,0,35,,70844,,,0,75,,70847,,,0,35,,70846,,,0
9801,'Sunday',822,,70848,,,0,35,,70849,,,0,75,,70850,,,0,75,,70851,,,0,35,,70852,,,0,75,,70854,,,0,35,,70853,,,0,75,,70855,,,0,75,,70856,,,0,35,,70857,,,0,75,,70858,,,0,35,,70859,,,0,75,,70860,,,0,35,,70861,,,0,75,,70862,,,0,75,,70863,,,0,35,,70864,,,0,75,,70866,,,0,35,,70865,,,0,75,,70867,,,0,75,,70868,,,0,35,,70869,,,0,75,,70870,,,0,35,,70871,,,0,75,,70872,,,0,35,,70873,,,0
9801,'Weekday',446,,70876,,,0,73,,70877,,,0,33,,70894,,,0,76,,70878,,,0,73,,70895,,,0,33,,70879,,,0,73,,70896,,,0,27,,70874,,,0,6,,70880,,,0,71,,70897,,,0,33,,70881,,,0,72,,70898,,,0,34,,70882,,,0,73,,70899,,,0,33,,70883,,,0,73,,70900,,,0,73,,70884,,,0,33,,70901,,,0,73,,70885,,,0,33,,70902,,,0,75,,70886,,,0,34,,70903,,,0,57,,70875,,,0,16,,70887,,,0,33,,70904,,,0,73,,70888,,,0,72,,70905,,,0,32,,70889,,,0,72,,70906,,,0,33,,70890,,,0,73,,70907,,,0,33,,70891,,,0,72,,70908,,,0,33,,70892,,,0,73,,70909,,,0,33,,70893,,,0,73,,70910,,,0
9801,'Weekday0000100',1348,,70911,,,0
9801,'Weekday1111000',1611,,70912,,,0
9801,'1CCSDCUT-Weekday',446,,70915,,,0,73,,70916,,,0,33,,70933,,,0,76,,70917,,,0,73,,70934,,,0,33,,70918,,,0,73,,70935,,,0,27,,70913,,,0,6,,70919,,,0,71,,70936,,,0,33,,70920,,,0,72,,70937,,,0,34,,70921,,,0,73,,70938,,,0,33,,70922,,,0,73,,70939,,,0,73,,70923,,,0,33,,70940,,,0,73,,70924,,,0,33,,70941,,,0,75,,70925,,,0,34,,70942,,,0,57,,70914,,,0,16,,70926,,,0,33,,70943,,,0,73,,70927,,,0,72,,70944,,,0,32,,70928,,,0,72,,70945,,,0,33,,70929,,,0,73,,70946,,,0,33,,70930,,,0,72,,70947,,,0,33,,70931,,,0,73,,70948,,,0,33,,70932,,,0,73,,70949,,,0
9801,'1CCSDCUT-Weekday0000100',1348,,70950,,,0
9801,'1CCSDCUT-Weekday1111000',1611,,70951,,,0
9801,'1PUBCUT-Weekday',446,,70954,,,0,73,,70955,,,0,33,,70972,,,0,76,,70956,,,0,73,,70973,,,0,33,,70957,,,0,73,,70974,,,0,27,,70952,,,0,6,,70958,,,0,71,,70975,,,0,33,,70959,,,0,72,,70976,,,0,34,,70960,,,0,73,,70977,,,0,33,,70961,,,0,73,,70978,,,0,73,,70962,,,0,33,,70979,,,0,73,,70963,,,0,33,,70980,,,0,75,,70964,,,0,34,,70981,,,0,57,,70953,,,0,16,,70965,,,0,33,,70982,,,0,73,,70966,,,0,72,,70983,,,0,32,,70967,,,0,72,,70984,,,0,33,,70968,,,0,73,,70985,,,0,33,,70969,,,0,72,,70986,,,0,33,,70970,,,0,73,,70987,,,0,33,,70971,,,0,73,,70988,,,0
73101,'Weekday',827,,88820,0,76 77 1 78 79,0
73101,'1CCSDCUT-Weekday',827,,88821,0,76 77 1 78 79,0
89400,'Weekday',740,,89459,0,12 68 1 114 12,0
89400,'1PUBCUT-Weekday',740,,89460,0,12 68 1 114 12,0
89401,'Weekday',1542,,89461,0,12 68 1 114 12,0
89401,'1PUBCUT-Weekday',1542,,89462,0,12 68 1 114 12,0
