11501,'Saturday',710,,74153,,,0,38,,74154,,,0,78,,74155,,,0,78,,74156,,,0,41,,74157,,,0,78,,74158,,,0,78,,74159,,,0,38,,74160,,,0,78,,74161,,,0,38,,74162,,,0,78,,74163,,,0,78,,74164,,,0,38,,74165,,,0,78,,74166,,,0,78,,74167,,,0,38,,74168,,,0,78,,74171,,,0,38,,74172,,,0,78,,74169,,,0,77,,74170,,,0,36,,74175,,,0,78,,74173,,,0,78,,74174,,,0,38,,74176,,,0,78,,74177,,,0,78,,74178,,,0,38,,74179,,,0
11501,'Sunday',710,,74180,,,0,38,,74181,,,0,78,,74182,,,0,78,,74183,,,0,41,,74184,,,0,78,,74185,,,0,78,,74186,,,0,38,,74187,,,0,78,,74188,,,0,38,,74189,,,0,78,,74190,,,0,78,,74191,,,0,38,,74192,,,0,78,,74193,,,0,78,,74194,,,0,38,,74195,,,0,78,,74198,,,0,38,,74199,,,0,78,,74196,,,0,77,,74197,,,0,36,,74202,,,0,78,,74200,,,0,78,,74201,,,0,38,,74203,,,0,78,,74204,,,0,78,,74205,,,0,38,,74206,,,0
11501,'Weekday',624,,74210,,,0,29,,74239,,,0,48,,74208,,,0,32,,74209,,,0,72,,74221,,,0,32,,74212,,,0,72,,74215,,,0,29,,74214,,,0,69,,74218,,,0,32,,74216,,,0,72,,74213,,,0,32,,74217,,,0,72,,74220,,,0,32,,74219,,,0,72,,74224,,,0,32,,74223,,,0,72,,74225,,,0,33,,74228,,,0,77,,74230,,,0,72,,74232,,,0,32,,74226,,,0,21,,74240,,,0,51,,74229,,,0,3,,74241,,,0,29,,74231,,,0,72,,74233,,,0,32,,74234,,,0,71,,74227,,,0,28,,74238,,,0,71,,74235,,,0,32,,74222,,,0,72,,74236,,,0,32,,74211,,,0,72,,74237,,,0,32,,74207,,,0
11501,'1CCSDCUT-Weekday',624,,74245,,,0,29,,74274,,,0,48,,74243,,,0,32,,74244,,,0,72,,74256,,,0,32,,74247,,,0,72,,74250,,,0,29,,74249,,,0,69,,74253,,,0,32,,74251,,,0,72,,74248,,,0,32,,74252,,,0,72,,74255,,,0,32,,74254,,,0,72,,74259,,,0,32,,74258,,,0,72,,74260,,,0,33,,74263,,,0,77,,74265,,,0,72,,74267,,,0,32,,74261,,,0,21,,74275,,,0,51,,74264,,,0,3,,74276,,,0,29,,74266,,,0,72,,74268,,,0,32,,74269,,,0,71,,74262,,,0,28,,74273,,,0,71,,74270,,,0,32,,74257,,,0,72,,74271,,,0,32,,74246,,,0,72,,74272,,,0,32,,74242,,,0
11501,'1PUBCUT-Weekday',624,,74280,,,0,29,,74309,,,0,48,,74278,,,0,32,,74279,,,0,72,,74291,,,0,32,,74282,,,0,72,,74285,,,0,29,,74284,,,0,69,,74288,,,0,32,,74286,,,0,72,,74283,,,0,32,,74287,,,0,72,,74290,,,0,32,,74289,,,0,72,,74294,,,0,32,,74293,,,0,72,,74295,,,0,33,,74298,,,0,77,,74300,,,0,72,,74302,,,0,32,,74296,,,0,21,,74310,,,0,51,,74299,,,0,3,,74311,,,0,29,,74301,,,0,72,,74303,,,0,32,,74304,,,0,71,,74297,,,0,28,,74308,,,0,71,,74305,,,0,32,,74292,,,0,72,,74306,,,0,32,,74281,,,0,72,,74307,,,0,32,,74277,,,0
13800,'Saturday',618,,78119,,,0,40,,78095,,,0,80,,78093,,,0,80,,78096,,,0,40,,78098,,,0,80,,78099,,,0,80,,78094,,,0,40,,78097,,,0,80,,78101,,,0,81,,78102,,,0,40,,78100,,,0,81,,78103,,,0,80,,78104,,,0,80,,78105,,,0,40,,78106,,,0,80,,78107,,,0,80,,78109,,,0,40,,78110,,,0,78,,78111,,,0,40,,78108,,,0,80,,78112,,,0,80,,78113,,,0,40,,78114,,,0,80,,78115,,,0,80,,78116,,,0,40,,78117,,,0,80,,78118,,,0,80,,78120,,,0
13800,'Sunday',618,,78139,,,0,40,,78121,,,0,80,,78130,,,0,80,,78140,,,0,40,,78122,,,0,80,,78131,,,0,80,,78141,,,0,40,,78123,,,0,80,,78132,,,0,82,,78142,,,0,80,,78125,,,0,41,,78133,,,0,80,,78143,,,0,80,,78124,,,0,40,,78134,,,0,80,,78144,,,0,80,,78126,,,0,40,,78135,,,0,78,,78145,,,0,39,,78127,,,0,80,,78137,,,0,80,,78146,,,0,40,,78128,,,0,80,,78136,,,0,80,,78147,,,0,40,,78129,,,0,80,,78138,,,0
13800,'Weekday',514,,78154,,,0,36,,78165,,,0,72,,78172,,,0,30,,78148,,,0,71,,78155,,,0,30,,78166,,,0,70,,78173,,,0,32,,78150,,,0,68,,78156,,,0,31,,78167,,,0,70,,78174,,,0,28,,78149,,,0,70,,78157,,,0,30,,78168,,,0,70,,78175,,,0,30,,78151,,,0,70,,78158,,,0,30,,78169,,,0,70,,78176,,,0,32,,78152,,,0,71,,78159,,,0,16,,78187,,,0,15,,78170,,,0,72,,78177,,,0,72,,78153,,,0,30,,78160,,,0,70,,78171,,,0,29,,78178,,,0,27,,78161,,,0,65,,78179,,,0,30,,78182,,,0,70,,78162,,,0,30,,78185,,,0,70,,78180,,,0,28,,78183,,,0,70,,78163,,,0,30,,78186,,,0,70,,78181,,,0,30,,78184,,,0,70,,78164,,,0
13800,'1CCSDCUT-Weekday',514,,78194,,,0,36,,78205,,,0,72,,78212,,,0,30,,78188,,,0,71,,78195,,,0,30,,78206,,,0,70,,78213,,,0,32,,78190,,,0,68,,78196,,,0,31,,78207,,,0,70,,78214,,,0,28,,78189,,,0,70,,78197,,,0,30,,78208,,,0,70,,78215,,,0,30,,78191,,,0,70,,78198,,,0,30,,78209,,,0,70,,78216,,,0,32,,78192,,,0,71,,78199,,,0,16,,78227,,,0,15,,78210,,,0,72,,78217,,,0,72,,78193,,,0,30,,78200,,,0,70,,78211,,,0,29,,78218,,,0,27,,78201,,,0,65,,78219,,,0,30,,78222,,,0,70,,78202,,,0,30,,78225,,,0,70,,78220,,,0,28,,78223,,,0,70,,78203,,,0,30,,78226,,,0,70,,78221,,,0,30,,78224,,,0,70,,78204,,,0
13800,'1PUBCUT-Weekday',514,,78234,,,0,36,,78245,,,0,72,,78252,,,0,30,,78228,,,0,71,,78235,,,0,30,,78246,,,0,70,,78253,,,0,32,,78230,,,0,68,,78236,,,0,31,,78247,,,0,70,,78254,,,0,28,,78229,,,0,70,,78237,,,0,30,,78248,,,0,70,,78255,,,0,30,,78231,,,0,70,,78238,,,0,30,,78249,,,0,70,,78256,,,0,32,,78232,,,0,71,,78239,,,0,16,,78267,,,0,15,,78250,,,0,72,,78257,,,0,72,,78233,,,0,30,,78240,,,0,70,,78251,,,0,29,,78258,,,0,27,,78241,,,0,65,,78259,,,0,30,,78262,,,0,70,,78242,,,0,30,,78265,,,0,70,,78260,,,0,28,,78263,,,0,70,,78243,,,0,30,,78266,,,0,70,,78261,,,0,30,,78264,,,0,70,,78244,,,0
16900,'Saturday',625,,82858,,,0,80,,82856,,,0,40,,82859,,,0,80,,82860,,,0,80,,82857,,,0,40,,82861,,,0,80,,82862,,,0,80,,82863,,,0,40,,82864,,,0,82,,82866,,,0,80,,82868,,,0,40,,82865,,,0,80,,82869,,,0,80,,82867,,,0,40,,82871,,,0,80,,82872,,,0,80,,82875,,,0,40,,82873,,,0,78,,82870,,,0,80,,82874,,,0,40,,82876,,,0,80,,82877,,,0,80,,82878,,,0,40,,82879,,,0,80,,82882,,,0,80,,82880,,,0,40,,82881,,,0
16900,'Sunday',625,,82893,,,0,80,,82902,,,0,40,,82883,,,0,80,,82894,,,0,80,,82903,,,0,40,,82884,,,0,80,,82896,,,0,80,,82904,,,0,40,,82885,,,0,82,,82895,,,0,80,,82906,,,0,40,,82888,,,0,80,,82897,,,0,80,,82905,,,0,40,,82887,,,0,80,,82898,,,0,80,,82907,,,0,40,,82889,,,0,78,,82899,,,0,80,,82908,,,0,40,,82890,,,0,80,,82900,,,0,80,,82909,,,0,40,,82891,,,0,80,,82901,,,0,80,,82886,,,0,40,,82892,,,0
16900,'Weekday',512,,82933,,,0,31,,82910,,,0,70,,82918,,,0,29,,82927,,,0,70,,82934,,,0,32,,82911,,,0,70,,82917,,,0,28,,82928,,,0,69,,82935,,,0,32,,82912,,,0,70,,82919,,,0,30,,82929,,,0,69,,82936,,,0,30,,82913,,,0,70,,82920,,,0,30,,82931,,,0,70,,82937,,,0,30,,82914,,,0,70,,82921,,,0,30,,82930,,,0,70,,82938,,,0,34,,82915,,,0,70,,82922,,,0,30,,82932,,,0,72,,82939,,,0,29,,82916,,,0,70,,82923,,,0,28,,82942,,,0,67,,82924,,,0,30,,82945,,,0,70,,82940,,,0,30,,82943,,,0,70,,82925,,,0,30,,82946,,,0,69,,82941,,,0,30,,82944,,,0,70,,82926,,,0,30,,82947,,,0
16900,'1CCSDCUT-Weekday',512,,82971,,,0,31,,82948,,,0,70,,82956,,,0,29,,82965,,,0,70,,82972,,,0,32,,82949,,,0,70,,82955,,,0,28,,82966,,,0,69,,82973,,,0,32,,82950,,,0,70,,82957,,,0,30,,82967,,,0,69,,82974,,,0,30,,82951,,,0,70,,82958,,,0,30,,82969,,,0,70,,82975,,,0,30,,82952,,,0,70,,82959,,,0,30,,82968,,,0,70,,82976,,,0,34,,82953,,,0,70,,82960,,,0,30,,82970,,,0,72,,82977,,,0,29,,82954,,,0,70,,82961,,,0,28,,82980,,,0,67,,82962,,,0,30,,82983,,,0,70,,82978,,,0,30,,82981,,,0,70,,82963,,,0,30,,82984,,,0,69,,82979,,,0,30,,82982,,,0,70,,82964,,,0,30,,82985,,,0
16900,'1PUBCUT-Weekday',512,,83009,,,0,31,,82986,,,0,70,,82994,,,0,29,,83003,,,0,70,,83010,,,0,32,,82987,,,0,70,,82993,,,0,28,,83004,,,0,69,,83011,,,0,32,,82988,,,0,70,,82995,,,0,30,,83005,,,0,69,,83012,,,0,30,,82989,,,0,70,,82996,,,0,30,,83007,,,0,70,,83013,,,0,30,,82990,,,0,70,,82997,,,0,30,,83006,,,0,70,,83014,,,0,34,,82991,,,0,70,,82998,,,0,30,,83008,,,0,72,,83015,,,0,29,,82992,,,0,70,,82999,,,0,28,,83018,,,0,67,,83000,,,0,30,,83021,,,0,70,,83016,,,0,30,,83019,,,0,70,,83001,,,0,30,,83022,,,0,69,,83017,,,0,30,,83020,,,0,70,,83002,,,0,30,,83023,,,0
