3600,'Saturday',600,,35124,6,,,0,45,,35128,6,,,0,85,,35131,6,,,0,85,,35133,6,,,0,85,,35125,6,,,0,45,,35129,6,,,0,85,,35130,6,,,0,85,,35132,6,,,0,85,,35112,6,,,0,45,,35113,6,,,0,85,,35114,6,,,0,85,,35115,6,,,0,85,,35116,6,,,0,45,,35117,6,,,0,85,,35118,6,,,0,85,,35119,6,,,0,85,,35120,6,,,0,45,,35121,6,,,0,85,,35126,6,,,0,85,,35122,6,,,0,85,,35123,6,,,0,45,,35127,6,,,0,85,,35135,6,,,0,85,,35134,6,,,0
3600,'Sunday',730,,35149,6,,,0,85,,35151,6,,,0,85,,35147,6,,,0,45,,35146,6,,,0,85,,35148,6,,,0,85,,35150,6,,,0,85,,35137,6,,,0,45,,35136,6,,,0,85,,35138,6,,,0,85,,35139,6,,,0,85,,35140,6,,,0,45,,35141,6,,,0,85,,35142,6,,,0,85,,35143,6,,,0,85,,35144,6,,,0,45,,35145,6,,,0,85,,35152,6,,,0,85,,35154,6,,,0,85,,35155,6,,,0,45,,35157,6,,,0,85,,35156,6,,,0,85,,35153,6,,,0
3600,'Weekday',513,,35158,3,,,0,111,,35169,6,,,0,35,,35170,6,,,0,75,,35171,6,,,0,75,,35172,6,,,0,35,,35173,6,,,0,75,,35175,6,,,0,35,,35174,6,,,0,75,,35179,6,,,0,75,,35176,6,,,0,35,,35177,6,,,0,75,,35178,6,,,0,35,,35180,6,,,0,75,,35181,6,,,0,35,,35182,6,,,0,75,,35183,6,,,0,75,,35184,6,,,0,36,,35185,6,,,0,75,,35186,6,,,0,35,,35187,6,,,0,75,,35188,6,,,0,73,,35160,6,,,0,35,,35161,6,,,0,73,,35159,6,,,0,32,,35162,6,,,0,81,,35163,6,,,0,81,,35164,6,,,0,41,,35165,6,,,0,81,,35166,6,,,0,81,,35167,6,,,0,41,,35168,6,0,88,0
3600,'1CCSDCUT-Weekday',513,,35189,3,,,0,111,,35200,6,,,0,35,,35201,6,,,0,75,,35202,6,,,0,75,,35203,6,,,0,35,,35204,6,,,0,75,,35206,6,,,0,35,,35205,6,,,0,75,,35210,6,,,0,75,,35207,6,,,0,35,,35208,6,,,0,75,,35209,6,,,0,35,,35211,6,,,0,75,,35212,6,,,0,35,,35213,6,,,0,75,,35214,6,,,0,75,,35215,6,,,0,36,,35216,6,,,0,75,,35217,6,,,0,35,,35218,6,,,0,75,,35219,6,,,0,73,,35191,6,,,0,35,,35192,6,,,0,73,,35190,6,,,0,32,,35193,6,,,0,81,,35194,6,,,0,81,,35195,6,,,0,41,,35196,6,,,0,81,,35197,6,,,0,81,,35198,6,,,0,41,,35199,6,0,88,0
3600,'1PUBCUT-Weekday',513,,35220,3,,,0,111,,35231,6,,,0,35,,35232,6,,,0,75,,35233,6,,,0,75,,35234,6,,,0,35,,35235,6,,,0,75,,35237,6,,,0,35,,35236,6,,,0,75,,35241,6,,,0,75,,35238,6,,,0,35,,35239,6,,,0,75,,35240,6,,,0,35,,35242,6,,,0,75,,35243,6,,,0,35,,35244,6,,,0,75,,35245,6,,,0,75,,35246,6,,,0,36,,35247,6,,,0,75,,35248,6,,,0,35,,35249,6,,,0,75,,35250,6,,,0,73,,35222,6,,,0,35,,35223,6,,,0,73,,35221,6,,,0,32,,35224,6,,,0,81,,35225,6,,,0,81,,35226,6,,,0,41,,35227,6,,,0,81,,35228,6,,,0,81,,35229,6,,,0,41,,35230,6,0,88,0
4100,'Saturday',555,,36781,3,,,0,83,,36780,29,,,0,85,,36778,29,,,0,85,,36763,29,,,0,45,,36764,29,,,0,85,,36765,29,,,0,85,,36766,29,,,0,85,,36767,29,,,0,47,,36768,29,,,0,85,,36769,29,,,0,85,,36770,29,,,0,85,,36771,29,,,0,45,,36772,29,,,0,85,,36774,29,,,0,85,,36775,29,,,0,85,,36776,29,,,0,45,,36773,29,,,0,85,,36777,29,,,0,83,,36779,29,,,0
4100,'Weekday',549,,36782,3,,,0,75,,36785,29,,,0,76,,36786,29,,,0,35,,36787,29,,,0,75,,36788,29,,,0,37,,36789,29,,,0,73,,36793,29,,,0,35,,36791,29,,,0,75,,36794,29,,,0,75,,36792,29,,,0,35,,36790,29,,,0,75,,36796,29,,,0,35,,36795,29,,,0,75,,36799,29,,,0,75,,36797,29,,,0,35,,36798,29,,,0,76,,36800,29,,,0,36,,36801,29,,,0,74,,36802,29,,,0,35,,36803,29,,,0,72,,36804,29,,,0,75,,36805,29,,,0,36,,36783,29,,,0,72,,36784,29,,,0
4100,'Weekday0000100',1242,,36806,16,,,0
4100,'Weekday1111000',1502,,36807,16,,,0
4100,'1CCSDCUT-Weekday',549,,36808,3,,,0,75,,36811,29,,,0,76,,36812,29,,,0,35,,36813,29,,,0,75,,36814,29,,,0,37,,36815,29,,,0,73,,36819,29,,,0,35,,36817,29,,,0,75,,36820,29,,,0,75,,36818,29,,,0,35,,36816,29,,,0,75,,36822,29,,,0,35,,36821,29,,,0,75,,36825,29,,,0,75,,36823,29,,,0,35,,36824,29,,,0,76,,36826,29,,,0,36,,36827,29,,,0,74,,36828,29,,,0,35,,36829,29,,,0,72,,36830,29,,,0,75,,36831,29,,,0,36,,36809,29,,,0,72,,36810,29,,,0
4100,'1CCSDCUT-Weekday0000100',1242,,36832,16,,,0
4100,'1CCSDCUT-Weekday1111000',1502,,36833,16,,,0
4100,'1PUBCUT-Weekday',549,,36834,3,,,0,75,,36837,29,,,0,76,,36838,29,,,0,35,,36839,29,,,0,75,,36840,29,,,0,37,,36841,29,,,0,73,,36845,29,,,0,35,,36843,29,,,0,75,,36846,29,,,0,75,,36844,29,,,0,35,,36842,29,,,0,75,,36848,29,,,0,35,,36847,29,,,0,75,,36851,29,,,0,75,,36849,29,,,0,35,,36850,29,,,0,76,,36852,29,,,0,36,,36853,29,,,0,74,,36854,29,,,0,35,,36855,29,,,0,72,,36856,29,,,0,75,,36857,29,,,0,36,,36835,29,,,0,72,,36836,29,,,0
77901,'Weekday',816,,68773,26,0,95 96 1 97 1 94,0
77901,'1CCSDCUT-Weekday',816,,68775,26,0,95 96 1 97 1 94,0
85300,'Weekday',1550,,69044,4,0,12 93 94,0
85300,'1PUBCUT-Weekday',1550,,69045,4,0,12 93 94,0
85301,'Weekday',821,,69046,2,0,12 93 94,0
85301,'1PUBCUT-Weekday',821,,69047,2,0,12 93 94,0
