9201,'Saturday',707,,69214,,,0,45,,69200,,,0,85,,69204,,,0,87,,69209,,,0,87,,69215,,,0,45,,69199,,,0,85,,69205,,,0,85,,69210,,,0,85,,69216,,,0,45,,69201,,,0,85,,69206,,,0,85,,69211,,,0,85,,69217,,,0,46,,69202,,,0,82,,69208,,,0,85,,69212,,,0,85,,69218,,,0,45,,69203,,,0,85,,69207,,,0,83,,69213,,,0,82,,69219,,,0,45,,69220,,,0
9201,'Sunday',708,,69236,,,0,45,,69221,,,0,85,,69226,,,0,85,,69231,,,0,85,,69237,,,0,45,,69222,,,0,88,,69227,,,0,85,,69233,,,0,85,,69238,,,0,45,,69224,,,0,85,,69228,,,0,85,,69232,,,0,85,,69239,,,0,45,,69223,,,0,85,,69229,,,0,83,,69234,,,0,84,,69240,,,0,45,,69225,,,0,85,,69230,,,0,85,,69235,,,0,82,,69241,,,0
9201,'Weekday',543,,69247,,,0,71,,69253,,,0,32,,69271,,,0,73,,69259,,,0,30,,69275,,,0,70,,69263,,,0,31,,69248,,,0,74,,69254,,,0,30,,69272,,,0,71,,69260,,,0,31,,69267,,,0,71,,69264,,,0,31,,69249,,,0,71,,69255,,,0,71,,69273,,,0,31,,69261,,,0,71,,69258,,,0,31,,69265,,,0,72,,69250,,,0,31,,69256,,,0,70,,69274,,,0,31,,69262,,,0,71,,69252,,,0,31,,69266,,,0,71,,69251,,,0,31,,69257,,,0,67,,69242,,,0,43,,69244,,,0,85,,69269,,,0,84,,69268,,,0,84,,69243,,,0,45,,69245,,,0,85,,69270,,,0,81,,69246,,,0
9201,'1CCSDCUT-Weekday',543,,69281,,,0,71,,69287,,,0,32,,69305,,,0,73,,69293,,,0,30,,69309,,,0,70,,69297,,,0,31,,69282,,,0,74,,69288,,,0,30,,69306,,,0,71,,69294,,,0,31,,69301,,,0,71,,69298,,,0,31,,69283,,,0,71,,69289,,,0,71,,69307,,,0,31,,69295,,,0,71,,69292,,,0,31,,69299,,,0,72,,69284,,,0,31,,69290,,,0,70,,69308,,,0,31,,69296,,,0,71,,69286,,,0,31,,69300,,,0,71,,69285,,,0,31,,69291,,,0,67,,69276,,,0,43,,69278,,,0,85,,69303,,,0,84,,69302,,,0,84,,69277,,,0,45,,69279,,,0,85,,69304,,,0,81,,69280,,,0
9201,'1PUBCUT-Weekday',543,,69315,,,0,71,,69321,,,0,32,,69339,,,0,73,,69327,,,0,30,,69343,,,0,70,,69331,,,0,31,,69316,,,0,74,,69322,,,0,30,,69340,,,0,71,,69328,,,0,31,,69335,,,0,71,,69332,,,0,31,,69317,,,0,71,,69323,,,0,71,,69341,,,0,31,,69329,,,0,71,,69326,,,0,31,,69333,,,0,72,,69318,,,0,31,,69324,,,0,70,,69342,,,0,31,,69330,,,0,71,,69320,,,0,31,,69334,,,0,71,,69319,,,0,31,,69325,,,0,67,,69310,,,0,43,,69312,,,0,85,,69337,,,0,84,,69336,,,0,84,,69311,,,0,45,,69313,,,0,85,,69338,,,0,81,,69314,,,0
11701,'Weekday',1659,,74347,,,0,82,,74345,,,0,70,,74346,,,0
11701,'1CCSDCUT-Weekday',1659,,74350,,,0,82,,74348,,,0,70,,74349,,,0
11701,'1PUBCUT-Weekday',1659,,74353,,,0,82,,74351,,,0,70,,74352,,,0
15300,'Saturday',612,,80000,,,0,37,,80001,,,0,77,,80002,,,0,77,,80004,,,0,37,,80012,,,0,77,,80013,,,0,37,,80010,,,0,77,,80015,,,0,77,,80009,,,0,37,,80016,,,0,77,,80017,,,0,37,,80014,,,0,77,,80018,,,0,77,,80019,,,0,37,,80020,,,0,77,,80021,,,0,77,,80022,,,0,37,,80023,,,0,77,,80024,,,0,37,,80026,,,0,77,,80025,,,0,77,,80011,,,0,37,,80006,,,0,77,,80008,,,0,77,,80007,,,0,37,,80005,,,0,77,,80003,,,0
15300,'Sunday',840,,80027,,,0,77,,80029,,,0,37,,80028,,,0,77,,80030,,,0,77,,80031,,,0,37,,80032,,,0,77,,80034,,,0,37,,80035,,,0,77,,80036,,,0,77,,80033,,,0,37,,80037,,,0,77,,80038,,,0,77,,80039,,,0,37,,80040,,,0,77,,80041,,,0,37,,80042,,,0,77,,80043,,,0,77,,80044,,,0,37,,80045,,,0,77,,80046,,,0,77,,80047,,,0,35,,80048,,,0,72,,80049,,,0
15300,'Weekday',530,,80051,,,0,25,,80052,,,0,63,,80050,,,0,26,,80053,,,0,65,,80054,,,0,24,,80056,,,0,26,,80057,,,0,65,,80060,,,0,25,,80061,,,0,66,,80058,,,0,25,,80062,,,0,65,,80063,,,0,25,,80064,,,0,25,,80065,,,0,65,,80067,,,0,25,,80068,,,0,65,,80066,,,0,25,,80070,,,0,65,,80071,,,0,25,,80069,,,0,25,,80072,,,0,65,,80073,,,0,27,,80074,,,0,71,,80076,,,0,30,,80077,,,0,60,,80078,,,0,14,,80097,,,0,10,,80075,,,0,10,,80079,,,0,10,,80095,,,0,10,,80096,,,0,50,,80080,,,0,20,,80081,,,0,20,,80082,,,0,62,,80083,,,0,35,,80084,,,0,76,,80085,,,0,36,,80086,,,0,76,,80087,,,0,76,,80088,,,0,36,,80090,,,0,76,,80091,,,0,36,,80092,,,0,76,,80089,,,0
15300,'Weekday0000100',1459,,80098,,,0
15300,'1CCSDCUT-Weekday',530,,80100,,,0,25,,80101,,,0,63,,80099,,,0,26,,80102,,,0,65,,80103,,,0,24,,80105,,,0,26,,80106,,,0,65,,80109,,,0,25,,80110,,,0,66,,80107,,,0,25,,80111,,,0,65,,80112,,,0,25,,80113,,,0,25,,80114,,,0,65,,80116,,,0,25,,80117,,,0,65,,80115,,,0,25,,80119,,,0,65,,80120,,,0,25,,80118,,,0,25,,80121,,,0,65,,80122,,,0,27,,80123,,,0,71,,80125,,,0,30,,80126,,,0,60,,80127,,,0,14,,80146,,,0,10,,80124,,,0,10,,80128,,,0,10,,80144,,,0,10,,80145,,,0,50,,80129,,,0,20,,80130,,,0,20,,80131,,,0,62,,80132,,,0,35,,80133,,,0,76,,80134,,,0,36,,80135,,,0,76,,80136,,,0,76,,80137,,,0,36,,80139,,,0,76,,80140,,,0,36,,80141,,,0,76,,80138,,,0
15300,'1CCSDCUT-Weekday0000100',1459,,80147,,,0
15300,'1PUBCUT-Weekday',530,,80149,,,0,25,,80150,,,0,63,,80148,,,0,26,,80151,,,0,65,,80152,,,0,24,,80154,,,0,26,,80155,,,0,65,,80158,,,0,25,,80159,,,0,66,,80156,,,0,25,,80160,,,0,65,,80161,,,0,25,,80162,,,0,25,,80163,,,0,65,,80165,,,0,25,,80166,,,0,65,,80164,,,0,25,,80168,,,0,65,,80169,,,0,25,,80167,,,0,25,,80170,,,0,65,,80171,,,0,27,,80172,,,0,71,,80174,,,0,30,,80175,,,0,60,,80176,,,0,14,,80195,,,0,10,,80173,,,0,10,,80177,,,0,10,,80193,,,0,10,,80194,,,0,50,,80178,,,0,20,,80179,,,0,20,,80180,,,0,62,,80181,,,0,35,,80182,,,0,76,,80183,,,0,36,,80184,,,0,76,,80185,,,0,76,,80186,,,0,36,,80188,,,0,76,,80189,,,0,36,,80190,,,0,76,,80187,,,0
15300,'1PUBCUT-Weekday0000100',1459,,80196,,,0
