2600,'Saturday',617,,84498,18,,,0,85,,84508,18,,,0,45,,84500,18,,,0,85,,84509,18,,,0,87,,84499,18,,,0,85,,84510,18,,,0,45,,84501,18,,,0,85,,84511,18,,,0,85,,84502,18,,,0,85,,84512,18,,,0,45,,84503,18,,,0,85,,84513,18,,,0,85,,84504,18,,,0,85,,84514,18,,,0,45,,84505,18,,,0,85,,84515,18,,,0,85,,84506,18,,,0,85,,84516,18,,,0,44,,84507,18,,,0,85,,84517,18,,,0
2600,'Sunday',617,,84518,18,,,0,85,,84528,18,,,0,45,,84519,18,,,0,85,,84529,18,,,0,87,,84520,18,,,0,85,,84531,18,,,0,45,,84521,18,,,0,85,,84530,18,,,0,85,,84522,18,,,0,85,,84532,18,,,0,45,,84523,18,,,0,85,,84533,18,,,0,85,,84524,18,,,0,85,,84534,18,,,0,45,,84525,18,,,0,85,,84535,18,,,0,85,,84526,18,,,0,85,,84536,18,,,0,44,,84527,18,,,0,85,,84537,18,,,0
2600,'Weekday',539,,84538,18,,,0,72,,84539,18,,,0,32,,84540,18,,,0,73,,84541,18,,,0,33,,84542,18,,,0,72,,84543,18,,,0,32,,84544,18,,,0,68,,84545,18,,,0,26,,84547,18,,,0,70,,84548,18,,,0,30,,84549,18,,,0,70,,84546,18,,,0,30,,84550,18,,,0,70,,84551,18,,,0,30,,84552,18,,,0,70,,84553,18,,,0,30,,84554,18,,,0,70,,84556,18,,,0,30,,84557,18,,,0,71,,84558,18,,,0,32,,84555,18,,,0,74,,84559,18,,,0,32,,84560,18,,,0,72,,84561,18,,,0,72,,84562,18,,,0,30,,84564,18,,,0,28,,84565,18,,,0,70,,84566,18,,,0,30,,84567,18,,,0,70,,84569,18,,,0,30,,84571,18,,,0,68,,84570,18,,,0,30,,84568,18,,,0,70,,84563,18,,,0
2600,'STMPSa-Saturday',617,,84572,18,,,0,85,,84582,18,,,0,45,,84574,18,,,0,85,,84583,18,,,0,87,,84573,18,,,0,85,,84584,18,,,0,45,,84575,18,,,0,85,,84585,18,,,0,85,,84576,18,,,0,85,,84586,18,,,0,45,,84577,18,,,0,85,,84587,18,,,0,85,,84578,18,,,0,85,,84588,18,,,0,45,,84579,18,,,0,85,,84589,18,,,0,85,,84580,18,,,0,85,,84590,18,,,0,44,,84581,18,,,0,85,,84591,18,,,0
2600,'STMPSnea-Weekday',539,,84592,18,,,0,72,,84593,18,,,0,32,,84594,18,,,0,73,,84595,18,,,0,33,,84596,18,,,0,72,,84597,18,,,0,32,,84598,18,,,0,68,,84599,18,,,0,26,,84601,18,,,0,70,,84602,18,,,0,30,,84603,18,,,0,70,,84600,18,,,0,30,,84604,18,,,0,70,,84605,18,,,0,30,,84606,18,,,0,70,,84607,18,,,0,30,,84608,18,,,0,70,,84610,18,,,0,30,,84611,18,,,0,71,,84612,18,,,0,32,,84609,18,,,0,74,,84613,18,,,0,32,,84614,18,,,0,72,,84615,18,,,0,72,,84616,18,,,0,30,,84618,18,,,0,28,,84619,18,,,0,70,,84620,18,,,0,30,,84621,18,,,0,70,,84623,18,,,0,30,,84625,18,,,0,68,,84624,18,,,0,30,,84622,18,,,0,70,,84617,18,,,0
2600,'STMPSu1-Sunday',617,,84626,18,,,0,85,,84636,18,,,0,45,,84627,18,,,0,85,,84637,18,,,0,87,,84628,18,,,0,85,,84639,18,,,0,45,,84629,18,,,0,85,,84638,18,,,0,85,,84630,18,,,0,85,,84640,18,,,0,45,,84631,18,,,0,85,,84641,18,,,0,85,,84632,18,,,0,85,,84642,18,,,0,45,,84633,18,,,0,85,,84643,18,,,0,85,,84634,18,,,0,85,,84644,18,,,0,44,,84635,18,,,0,85,,84645,18,,,0
2600,'STMPSu2-Sunday',617,,84646,18,,,0,85,,84656,18,,,0,45,,84647,18,,,0,85,,84657,18,,,0,87,,84648,18,,,0,85,,84659,18,,,0,45,,84649,18,,,0,85,,84658,18,,,0,85,,84650,18,,,0,85,,84660,18,,,0,45,,84651,18,,,0,85,,84661,18,,,0,85,,84652,18,,,0,85,,84662,18,,,0,45,,84653,18,,,0,85,,84663,18,,,0,85,,84654,18,,,0,85,,84664,18,,,0,44,,84655,18,,,0,85,,84665,18,,,0
2600,'STMPWeek-Weekday',539,,84666,18,,,0,72,,84667,18,,,0,32,,84668,18,,,0,73,,84669,18,,,0,33,,84670,18,,,0,72,,84671,18,,,0,32,,84672,18,,,0,68,,84673,18,,,0,26,,84675,18,,,0,70,,84676,18,,,0,30,,84677,18,,,0,70,,84674,18,,,0,30,,84678,18,,,0,70,,84679,18,,,0,30,,84680,18,,,0,70,,84681,18,,,0,30,,84682,18,,,0,70,,84684,18,,,0,30,,84685,18,,,0,71,,84686,18,,,0,32,,84683,18,,,0,74,,84687,18,,,0,32,,84688,18,,,0,72,,84689,18,,,0,72,,84690,18,,,0,30,,84692,18,,,0,28,,84693,18,,,0,70,,84694,18,,,0,30,,84695,18,,,0,70,,84697,18,,,0,30,,84699,18,,,0,68,,84698,18,,,0,30,,84696,18,,,0,70,,84691,18,,,0
2600,'STMPar-Weekday',539,,84700,18,,,0,72,,84701,18,,,0,32,,84702,18,,,0,73,,84703,18,,,0,33,,84704,18,,,0,72,,84705,18,,,0,32,,84706,18,,,0,68,,84707,18,,,0,26,,84709,18,,,0,70,,84710,18,,,0,30,,84711,18,,,0,70,,84708,18,,,0,30,,84712,18,,,0,70,,84713,18,,,0,30,,84714,18,,,0,70,,84715,18,,,0,30,,84716,18,,,0,70,,84718,18,,,0,30,,84719,18,,,0,71,,84720,18,,,0,32,,84717,18,,,0,74,,84721,18,,,0,32,,84722,18,,,0,72,,84723,18,,,0,72,,84724,18,,,0,30,,84726,18,,,0,28,,84728,18,,,0,70,,84729,18,,,0,30,,84727,18,,,0,70,,84731,18,,,0,30,,84733,18,,,0,68,,84732,18,,,0,30,,84730,18,,,0,70,,84725,18,,,0
13401,'Weekday',603,,124238,13,,,0,50,,124239,13,,,0,65,,124272,13,,,0,25,,124240,13,,,0,65,,124270,13,,,0,25,,124241,13,,,0,25,,124268,13,,,0,65,,124242,13,,,0,25,,124261,13,,,0,65,,124243,13,,,0,25,,124265,13,,,0,65,,124244,13,,,0,25,,124274,13,,,0,25,,124245,13,,,0,65,,124264,13,,,0,25,,124246,13,,,0,65,,124263,13,,,0,25,,124247,13,,,0,25,,124266,13,,,0,65,,124248,13,,,0,25,,124267,13,,,0,65,,124249,13,,,0,25,,124262,13,,,0,65,,124250,13,,,0,25,,124271,13,,,0,25,,124252,13,,,0,65,,124273,13,,,0,25,,124253,13,,,0,65,,124269,13,,,0,25,,124251,13,,,0,90,,124254,13,,,0,90,,124255,13,,,0,90,,124256,13,,,0,50,,124257,13,,,0,90,,124258,13,,,0,90,,124259,13,,,0,90,,124260,13,,,0
13401,'STMPSnea-Weekday',603,,124275,13,,,0,50,,124276,13,,,0,65,,124309,13,,,0,25,,124277,13,,,0,65,,124307,13,,,0,25,,124278,13,,,0,25,,124305,13,,,0,65,,124279,13,,,0,25,,124298,13,,,0,65,,124280,13,,,0,25,,124302,13,,,0,65,,124281,13,,,0,25,,124311,13,,,0,25,,124282,13,,,0,65,,124301,13,,,0,25,,124283,13,,,0,65,,124300,13,,,0,25,,124284,13,,,0,25,,124303,13,,,0,65,,124285,13,,,0,25,,124304,13,,,0,65,,124286,13,,,0,25,,124299,13,,,0,65,,124287,13,,,0,25,,124308,13,,,0,25,,124289,13,,,0,65,,124310,13,,,0,25,,124290,13,,,0,65,,124306,13,,,0,25,,124288,13,,,0,90,,124291,13,,,0,90,,124292,13,,,0,90,,124293,13,,,0,50,,124294,13,,,0,90,,124295,13,,,0,90,,124296,13,,,0,90,,124297,13,,,0
13401,'STMPWeek-Weekday',603,,124312,13,,,0,50,,124313,13,,,0,65,,124346,13,,,0,25,,124314,13,,,0,65,,124344,13,,,0,25,,124315,13,,,0,25,,124342,13,,,0,65,,124316,13,,,0,25,,124335,13,,,0,65,,124317,13,,,0,25,,124339,13,,,0,65,,124318,13,,,0,25,,124348,13,,,0,25,,124319,13,,,0,65,,124338,13,,,0,25,,124320,13,,,0,65,,124337,13,,,0,25,,124321,13,,,0,25,,124340,13,,,0,65,,124322,13,,,0,25,,124341,13,,,0,65,,124323,13,,,0,25,,124336,13,,,0,65,,124324,13,,,0,25,,124345,13,,,0,25,,124326,13,,,0,65,,124347,13,,,0,25,,124327,13,,,0,65,,124343,13,,,0,25,,124325,13,,,0,90,,124328,13,,,0,90,,124329,13,,,0,90,,124330,13,,,0,50,,124331,13,,,0,90,,124332,13,,,0,90,,124333,13,,,0,90,,124334,13,,,0
13401,'STMPar-Weekday',603,,124349,13,,,0,50,,124350,13,,,0,65,,124383,13,,,0,25,,124351,13,,,0,65,,124381,13,,,0,25,,124352,13,,,0,25,,124379,13,,,0,65,,124353,13,,,0,25,,124372,13,,,0,65,,124354,13,,,0,25,,124376,13,,,0,65,,124355,13,,,0,25,,124385,13,,,0,25,,124356,13,,,0,65,,124375,13,,,0,25,,124357,13,,,0,65,,124374,13,,,0,25,,124358,13,,,0,25,,124377,13,,,0,65,,124359,13,,,0,25,,124378,13,,,0,65,,124360,13,,,0,25,,124373,13,,,0,65,,124362,13,,,0,25,,124382,13,,,0,25,,124361,13,,,0,65,,124384,13,,,0,25,,124364,13,,,0,65,,124380,13,,,0,25,,124363,13,,,0,90,,124365,13,,,0,90,,124366,13,,,0,90,,124367,13,,,0,50,,124368,13,,,0,90,,124369,13,,,0,90,,124370,13,,,0,90,,124371,13,,,0
