13700,'Saturday',609,,77784,4,,0,30,,77786,4,,0,70,,77783,4,,0,30,,77785,4,,0,70,,77787,4,,0,30,,77788,4,,0,69,,77790,4,,0,30,,77789,4,,0,70,,77791,4,,0,30,,77793,4,,0,70,,77792,4,,0,30,,77794,4,,0,70,,77795,4,,0,30,,77797,4,,0,70,,77798,4,,0,30,,77796,4,,0,70,,77799,4,,0,30,,77800,4,,0,71,,77801,4,,0,30,,77803,4,,0,70,,77804,4,,0,30,,77805,4,,0,70,,77806,4,,0,30,,77807,4,,0,70,,77809,4,,0,30,,77808,4,,0,69,,77811,4,,0,30,,77813,4,,0,70,,77812,4,,0,30,,77810,4,,0,70,,77802,4,,0
13700,'Sunday',609,,77814,4,,0,30,,77827,4,,0,70,,77824,4,,0,30,,77818,4,,0,70,,77816,4,,0,30,,77815,4,,0,69,,77820,4,,0,30,,77826,4,,0,70,,77823,4,,0,30,,77822,4,,0,70,,77821,4,,0,30,,77828,4,,0,70,,77819,4,,0,30,,77825,4,,0,70,,77830,4,,0,30,,77829,4,,0,70,,77817,4,,0,30,,77831,4,,0,71,,77832,4,,0,30,,77833,4,,0,70,,77834,4,,0,30,,77836,4,,0,70,,77835,4,,0,30,,77844,4,,0,70,,77842,4,,0,30,,77841,4,,0,69,,77843,4,,0,30,,77840,4,,0,70,,77839,4,,0,30,,77837,4,,0,70,,77838,4,,0
13700,'Weekday',609,,77846,4,,0,30,,77845,4,,0,70,,77847,4,,0,30,,77848,4,,0,70,,77849,4,,0,30,,77850,4,,0,69,,77852,4,,0,30,,77851,4,,0,70,,77853,4,,0,30,,77855,4,,0,70,,77854,4,,0,30,,77856,4,,0,70,,77857,4,,0,30,,77858,4,,0,70,,77860,4,,0,30,,77859,4,,0,70,,77861,4,,0,30,,77862,4,,0,71,,77863,4,,0,30,,77864,4,,0,70,,77865,4,,0,30,,77866,4,,0,70,,77867,4,,0,30,,77868,4,,0,70,,77870,4,,0,30,,77869,4,,0,69,,77871,4,,0,30,,77872,4,,0,70,,77873,4,,0,30,,77874,4,,0,70,,77875,4,,0
13700,'1CCSDCUT-Weekday',609,,77877,4,,0,30,,77876,4,,0,70,,77878,4,,0,30,,77879,4,,0,70,,77880,4,,0,30,,77881,4,,0,69,,77883,4,,0,30,,77882,4,,0,70,,77884,4,,0,30,,77886,4,,0,70,,77885,4,,0,30,,77887,4,,0,70,,77888,4,,0,30,,77889,4,,0,70,,77891,4,,0,30,,77890,4,,0,70,,77892,4,,0,30,,77893,4,,0,71,,77894,4,,0,30,,77895,4,,0,70,,77896,4,,0,30,,77897,4,,0,70,,77898,4,,0,30,,77899,4,,0,70,,77901,4,,0,30,,77900,4,,0,69,,77902,4,,0,30,,77903,4,,0,70,,77904,4,,0,30,,77905,4,,0,70,,77906,4,,0
13700,'1PUBCUT-Weekday',609,,77908,4,,0,30,,77907,4,,0,70,,77909,4,,0,30,,77910,4,,0,70,,77911,4,,0,30,,77912,4,,0,69,,77914,4,,0,30,,77913,4,,0,70,,77915,4,,0,30,,77917,4,,0,70,,77916,4,,0,30,,77918,4,,0,70,,77919,4,,0,30,,77920,4,,0,70,,77922,4,,0,30,,77921,4,,0,70,,77923,4,,0,30,,77924,4,,0,71,,77925,4,,0,30,,77926,4,,0,70,,77927,4,,0,30,,77928,4,,0,70,,77929,4,,0,30,,77930,4,,0,70,,77932,4,,0,30,,77931,4,,0,69,,77933,4,,0,30,,77934,4,,0,70,,77935,4,,0,30,,77936,4,,0,70,,77937,4,,0
13701,'Saturday',609,,77938,,,0,30,,77939,,,0,70,,77940,,,0,30,,77941,,,0,70,,77942,,,0,30,,77943,,,0,70,,77944,,,0,30,,77946,,,0,70,,77947,,,0,30,,77948,,,0,70,,77949,,,0,30,,77951,,,0,70,,77950,,,0,30,,77952,,,0,70,,77953,,,0,30,,77955,,,0,70,,77954,,,0,30,,77956,,,0,70,,77958,,,0,30,,77959,,,0,70,,77961,,,0,30,,77960,,,0,70,,77963,,,0,30,,77962,,,0,70,,77965,,,0,30,,77966,,,0,70,,77967,,,0,30,,77968,,,0,70,,77964,,,0,30,,77957,,,0,70,,77945,,,0
13701,'Sunday',609,,77979,,,0,30,,77976,,,0,70,,77971,,,0,30,,77975,,,0,70,,77969,,,0,30,,77982,,,0,70,,77977,,,0,30,,77974,,,0,70,,77981,,,0,30,,77973,,,0,70,,77972,,,0,30,,77970,,,0,70,,77978,,,0,30,,77980,,,0,70,,77983,,,0,30,,77987,,,0,70,,77984,,,0,30,,77985,,,0,70,,77986,,,0,30,,77988,,,0,70,,77990,,,0,30,,77989,,,0,70,,77991,,,0,30,,77996,,,0,70,,77997,,,0,30,,77998,,,0,70,,77999,,,0,30,,77995,,,0,70,,77994,,,0,30,,77993,,,0,70,,77992,,,0
13701,'Weekday',609,,78001,,,0,30,,78000,,,0,70,,78002,,,0,30,,78003,,,0,70,,78004,,,0,30,,78005,,,0,70,,78006,,,0,30,,78007,,,0,70,,78008,,,0,30,,78009,,,0,70,,78010,,,0,30,,78012,,,0,70,,78011,,,0,30,,78013,,,0,70,,78014,,,0,30,,78016,,,0,70,,78015,,,0,30,,78017,,,0,70,,78018,,,0,30,,78019,,,0,70,,78021,,,0,30,,78020,,,0,70,,78023,,,0,30,,78022,,,0,70,,78024,,,0,30,,78025,,,0,70,,78026,,,0,30,,78027,,,0,70,,78028,,,0,30,,78029,,,0,70,,78030,,,0
13701,'1CCSDCUT-Weekday',609,,78032,,,0,30,,78031,,,0,70,,78033,,,0,30,,78034,,,0,70,,78035,,,0,30,,78036,,,0,70,,78037,,,0,30,,78038,,,0,70,,78039,,,0,30,,78040,,,0,70,,78041,,,0,30,,78043,,,0,70,,78042,,,0,30,,78044,,,0,70,,78045,,,0,30,,78047,,,0,70,,78046,,,0,30,,78048,,,0,70,,78049,,,0,30,,78050,,,0,70,,78052,,,0,30,,78051,,,0,70,,78054,,,0,30,,78053,,,0,70,,78055,,,0,30,,78056,,,0,70,,78057,,,0,30,,78058,,,0,70,,78059,,,0,30,,78060,,,0,70,,78061,,,0
13701,'1PUBCUT-Weekday',609,,78063,,,0,30,,78062,,,0,70,,78064,,,0,30,,78065,,,0,70,,78066,,,0,30,,78067,,,0,70,,78068,,,0,30,,78069,,,0,70,,78070,,,0,30,,78071,,,0,70,,78072,,,0,30,,78074,,,0,70,,78073,,,0,30,,78075,,,0,70,,78076,,,0,30,,78078,,,0,70,,78077,,,0,30,,78079,,,0,70,,78080,,,0,30,,78081,,,0,70,,78083,,,0,30,,78082,,,0,70,,78085,,,0,30,,78084,,,0,70,,78086,,,0,30,,78087,,,0,70,,78088,,,0,30,,78089,,,0,70,,78090,,,0,30,,78091,,,0,70,,78092,,,0
75301,'Weekday',802,,88904,0,99 71 1 112,0
75301,'1CCSDCUT-Weekday',802,,88905,0,99 71 1 112,0
