1001,'Saturday',936,,76703,2,,,0,70,,76714,2,,,0,30,,76694,2,,,0,70,,76704,2,,,0,30,,76715,2,,,0,70,,76695,2,,,0,30,,76705,2,,,0,70,,76716,2,,,0,30,,76696,2,,,0,70,,76706,2,,,0,30,,76717,2,,,0,70,,76697,2,,,0,30,,76708,2,,,0,70,,76718,2,,,0,30,,76698,2,,,0,70,,76707,2,,,0,30,,76719,2,,,0,71,,76699,2,,,0,29,,76709,2,,,0,70,,76720,2,,,0,30,,76701,2,,,0,70,,76710,2,,,0,30,,76721,2,,,0,70,,76700,2,,,0,30,,76712,2,,,0,70,,76713,2,,,0,30,,76702,2,,,0,70,,76711,2,,,0
1001,'Sunday',936,,76724,2,,,0,70,,76733,2,,,0,30,,76742,2,,,0,70,,76725,2,,,0,30,,76736,2,,,0,70,,76741,2,,,0,30,,76726,2,,,0,70,,76735,2,,,0,30,,76744,2,,,0,70,,76727,2,,,0,30,,76738,2,,,0,70,,76745,2,,,0,30,,76728,2,,,0,70,,76737,2,,,0,30,,76743,2,,,0,70,,76730,2,,,0,30,,76739,2,,,0,71,,76746,2,,,0,29,,76729,2,,,0,70,,76740,2,,,0,30,,76747,2,,,0,70,,76731,2,,,0,30,,76722,2,,,0,70,,76748,2,,,0,30,,76734,2,,,0,70,,76723,2,,,0,30,,76749,2,,,0,70,,76732,2,,,0
1001,'Weekday',628,,76750,2,,,0,79,,76752,2,,,0,33,,76753,2,,,0,73,,76754,2,,,0,33,,76755,2,,,0,73,,76756,2,,,0,33,,76757,2,,,0,73,,76758,2,,,0,33,,76759,2,,,0,73,,76760,2,,,0,73,,76761,2,,,0,33,,76762,2,,,0,73,,76763,2,,,0,33,,76764,2,,,0,73,,76765,2,,,0,33,,76766,2,,,0,73,,76767,2,,,0,33,,76768,2,,,0,73,,76769,2,,,0,73,,76770,2,,,0,34,,76771,2,,,0,73,,76772,2,,,0,33,,76773,2,,,0,73,,76774,2,,,0,33,,76775,2,,,0,73,,76776,2,,,0,33,,76777,2,,,0,73,,76778,2,,,0,33,,76779,2,,,0,73,,76780,2,,,0,73,,76781,2,,,0,41,,76751,2,,,0
1001,'STMPSa-Saturday',936,,76791,2,,,0,70,,76802,2,,,0,30,,76782,2,,,0,70,,76792,2,,,0,30,,76803,2,,,0,70,,76783,2,,,0,30,,76793,2,,,0,70,,76804,2,,,0,30,,76784,2,,,0,70,,76794,2,,,0,30,,76805,2,,,0,70,,76785,2,,,0,30,,76796,2,,,0,70,,76806,2,,,0,30,,76786,2,,,0,70,,76795,2,,,0,30,,76807,2,,,0,71,,76787,2,,,0,29,,76797,2,,,0,70,,76808,2,,,0,30,,76789,2,,,0,70,,76798,2,,,0,30,,76809,2,,,0,70,,76788,2,,,0,30,,76800,2,,,0,70,,76801,2,,,0,30,,76790,2,,,0,70,,76799,2,,,0
1001,'STMPSnea-Weekday',628,,76810,2,,,0,79,,76812,2,,,0,33,,76813,2,,,0,73,,76814,2,,,0,33,,76815,2,,,0,73,,76816,2,,,0,33,,76817,2,,,0,73,,76818,2,,,0,33,,76819,2,,,0,73,,76820,2,,,0,73,,76821,2,,,0,33,,76822,2,,,0,73,,76823,2,,,0,33,,76824,2,,,0,73,,76825,2,,,0,33,,76826,2,,,0,73,,76827,2,,,0,33,,76828,2,,,0,73,,76829,2,,,0,73,,76830,2,,,0,34,,76831,2,,,0,73,,76832,2,,,0,33,,76833,2,,,0,73,,76834,2,,,0,33,,76835,2,,,0,73,,76836,2,,,0,33,,76837,2,,,0,73,,76838,2,,,0,33,,76839,2,,,0,73,,76840,2,,,0,73,,76841,2,,,0,41,,76811,2,,,0
1001,'STMPSu1-Sunday',936,,76844,2,,,0,70,,76853,2,,,0,30,,76862,2,,,0,70,,76845,2,,,0,30,,76856,2,,,0,70,,76861,2,,,0,30,,76846,2,,,0,70,,76855,2,,,0,30,,76864,2,,,0,70,,76847,2,,,0,30,,76858,2,,,0,70,,76865,2,,,0,30,,76848,2,,,0,70,,76857,2,,,0,30,,76863,2,,,0,70,,76850,2,,,0,30,,76859,2,,,0,71,,76866,2,,,0,29,,76849,2,,,0,70,,76860,2,,,0,30,,76867,2,,,0,70,,76851,2,,,0,30,,76842,2,,,0,70,,76868,2,,,0,30,,76854,2,,,0,70,,76843,2,,,0,30,,76869,2,,,0,70,,76852,2,,,0
1001,'STMPSu2-Sunday',936,,76872,2,,,0,70,,76881,2,,,0,30,,76890,2,,,0,70,,76873,2,,,0,30,,76884,2,,,0,70,,76889,2,,,0,30,,76874,2,,,0,70,,76883,2,,,0,30,,76892,2,,,0,70,,76875,2,,,0,30,,76886,2,,,0,70,,76893,2,,,0,30,,76876,2,,,0,70,,76885,2,,,0,30,,76891,2,,,0,70,,76878,2,,,0,30,,76887,2,,,0,71,,76894,2,,,0,29,,76877,2,,,0,70,,76888,2,,,0,30,,76895,2,,,0,70,,76879,2,,,0,30,,76870,2,,,0,70,,76896,2,,,0,30,,76882,2,,,0,70,,76871,2,,,0,30,,76897,2,,,0,70,,76880,2,,,0
1001,'STMPWeek-Weekday',628,,76898,2,,,0,79,,76900,2,,,0,33,,76901,2,,,0,73,,76902,2,,,0,33,,76903,2,,,0,73,,76904,2,,,0,33,,76905,2,,,0,73,,76906,2,,,0,33,,76907,2,,,0,73,,76908,2,,,0,73,,76909,2,,,0,33,,76910,2,,,0,73,,76911,2,,,0,33,,76912,2,,,0,73,,76913,2,,,0,33,,76914,2,,,0,73,,76915,2,,,0,33,,76916,2,,,0,73,,76917,2,,,0,73,,76918,2,,,0,34,,76919,2,,,0,73,,76920,2,,,0,33,,76921,2,,,0,73,,76922,2,,,0,33,,76923,2,,,0,73,,76924,2,,,0,33,,76925,2,,,0,73,,76926,2,,,0,33,,76927,2,,,0,73,,76928,2,,,0,73,,76929,2,,,0,41,,76899,2,,,0
1001,'STMPar-Weekday',628,,76930,2,,,0,79,,76932,2,,,0,33,,76933,2,,,0,73,,76934,2,,,0,33,,76935,2,,,0,73,,76936,2,,,0,33,,76937,2,,,0,73,,76938,2,,,0,33,,76939,2,,,0,73,,76940,2,,,0,73,,76941,2,,,0,33,,76942,2,,,0,73,,76943,2,,,0,33,,76944,2,,,0,73,,76945,2,,,0,33,,76946,2,,,0,73,,76947,2,,,0,33,,76948,2,,,0,73,,76949,2,,,0,73,,76950,2,,,0,34,,76951,2,,,0,73,,76952,2,,,0,33,,76953,2,,,0,73,,76954,2,,,0,33,,76955,2,,,0,73,,76956,2,,,0,33,,76957,2,,,0,73,,76958,2,,,0,33,,76959,2,,,0,73,,76960,2,,,0,73,,76961,2,,,0,41,,76931,2,,,0
2401,'Saturday',627,,84187,6,,,0,30,,84198,6,,,0,70,,84207,6,,,0,30,,84189,6,,,0,70,,84197,6,,,0,30,,84209,6,,,0,70,,84188,6,,,0,30,,84199,6,,,0,70,,84210,6,,,0,30,,84186,6,,,0,70,,84201,6,,,0,30,,84212,6,,,0,70,,84190,6,,,0,30,,84202,6,,,0,70,,84213,6,,,0,30,,84191,6,,,0,70,,84200,6,,,0,30,,84211,6,,,0,70,,84192,6,,,0,30,,84203,6,,,0,70,,84215,6,,,0,30,,84193,6,,,0,70,,84205,6,,,0,30,,84214,6,,,0,70,,84194,6,,,0,30,,84204,6,,,0,70,,84216,6,,,0,30,,84195,6,,,0,70,,84206,6,,,0,30,,84217,6,,,0,70,,84196,6,,,0,30,,84208,6,,,0
2401,'Sunday',627,,84218,6,,,0,30,,84228,6,,,0,70,,84239,6,,,0,30,,84219,6,,,0,70,,84230,6,,,0,30,,84241,6,,,0,70,,84220,6,,,0,30,,84232,6,,,0,70,,84242,6,,,0,30,,84221,6,,,0,70,,84231,6,,,0,30,,84243,6,,,0,70,,84222,6,,,0,30,,84233,6,,,0,70,,84244,6,,,0,30,,84223,6,,,0,70,,84234,6,,,0,30,,84245,6,,,0,70,,84226,6,,,0,30,,84235,6,,,0,70,,84246,6,,,0,30,,84224,6,,,0,70,,84236,6,,,0,30,,84248,6,,,0,70,,84227,6,,,0,30,,84238,6,,,0,70,,84247,6,,,0,30,,84225,6,,,0,70,,84237,6,,,0,30,,84249,6,,,0,70,,84229,6,,,0,30,,84240,6,,,0
2401,'Weekday',540,,84271,6,,,0,80,,84280,6,,,0,31,,84250,6,,,0,70,,84272,6,,,0,30,,84282,6,,,0,70,,84251,6,,,0,30,,84273,6,,,0,69,,84283,6,,,0,30,,84252,6,,,0,70,,84275,6,,,0,30,,84284,6,,,0,70,,84253,6,,,0,30,,84274,6,,,0,70,,84281,6,,,0,30,,84254,6,,,0,70,,84277,6,,,0,30,,84285,6,,,0,70,,84256,6,,,0,30,,84276,6,,,0,72,,84286,6,,,0,30,,84255,6,,,0,70,,84278,6,,,0,30,,84287,6,,,0,70,,84257,6,,,0,30,,84279,6,,,0,70,,84262,6,,,0,28,,84258,6,,,0,70,,84266,6,,,0,30,,84263,6,,,0,70,,84259,6,,,0,30,,84268,6,,,0,70,,84264,6,,,0,30,,84260,6,,,0,70,,84269,6,,,0,30,,84265,6,,,0,70,,84261,6,,,0,30,,84270,6,,,0,75,,84267,6,,,0
2401,'STMPSa-Saturday',627,,84289,6,,,0,30,,84300,6,,,0,70,,84309,6,,,0,30,,84291,6,,,0,70,,84299,6,,,0,30,,84310,6,,,0,70,,84290,6,,,0,30,,84301,6,,,0,70,,84312,6,,,0,30,,84288,6,,,0,70,,84303,6,,,0,30,,84314,6,,,0,70,,84292,6,,,0,30,,84304,6,,,0,70,,84315,6,,,0,30,,84293,6,,,0,70,,84302,6,,,0,30,,84313,6,,,0,70,,84294,6,,,0,30,,84305,6,,,0,70,,84317,6,,,0,30,,84295,6,,,0,70,,84307,6,,,0,30,,84316,6,,,0,70,,84296,6,,,0,30,,84306,6,,,0,70,,84318,6,,,0,30,,84297,6,,,0,70,,84308,6,,,0,30,,84319,6,,,0,70,,84298,6,,,0,30,,84311,6,,,0
2401,'STMPSnea-Weekday',540,,84341,6,,,0,80,,84350,6,,,0,31,,84320,6,,,0,70,,84342,6,,,0,30,,84352,6,,,0,70,,84321,6,,,0,30,,84343,6,,,0,69,,84353,6,,,0,30,,84322,6,,,0,70,,84345,6,,,0,30,,84354,6,,,0,70,,84323,6,,,0,30,,84344,6,,,0,70,,84351,6,,,0,30,,84324,6,,,0,70,,84347,6,,,0,30,,84355,6,,,0,70,,84326,6,,,0,30,,84346,6,,,0,72,,84356,6,,,0,30,,84325,6,,,0,70,,84348,6,,,0,30,,84357,6,,,0,70,,84327,6,,,0,30,,84349,6,,,0,70,,84332,6,,,0,28,,84328,6,,,0,70,,84336,6,,,0,30,,84333,6,,,0,70,,84329,6,,,0,30,,84338,6,,,0,70,,84334,6,,,0,30,,84330,6,,,0,70,,84339,6,,,0,30,,84335,6,,,0,70,,84331,6,,,0,30,,84340,6,,,0,75,,84337,6,,,0
2401,'STMPSu1-Sunday',627,,84358,6,,,0,30,,84368,6,,,0,70,,84379,6,,,0,30,,84359,6,,,0,70,,84370,6,,,0,30,,84381,6,,,0,70,,84360,6,,,0,30,,84372,6,,,0,70,,84382,6,,,0,30,,84361,6,,,0,70,,84371,6,,,0,30,,84383,6,,,0,70,,84362,6,,,0,30,,84373,6,,,0,70,,84384,6,,,0,30,,84363,6,,,0,70,,84374,6,,,0,30,,84385,6,,,0,70,,84366,6,,,0,30,,84375,6,,,0,70,,84386,6,,,0,30,,84364,6,,,0,70,,84376,6,,,0,30,,84388,6,,,0,70,,84367,6,,,0,30,,84378,6,,,0,70,,84387,6,,,0,30,,84365,6,,,0,70,,84377,6,,,0,30,,84389,6,,,0,70,,84369,6,,,0,30,,84380,6,,,0
2401,'STMPSu2-Sunday',627,,84390,6,,,0,30,,84400,6,,,0,70,,84411,6,,,0,30,,84391,6,,,0,70,,84402,6,,,0,30,,84413,6,,,0,70,,84392,6,,,0,30,,84404,6,,,0,70,,84414,6,,,0,30,,84393,6,,,0,70,,84403,6,,,0,30,,84415,6,,,0,70,,84394,6,,,0,30,,84405,6,,,0,70,,84416,6,,,0,30,,84395,6,,,0,70,,84406,6,,,0,30,,84417,6,,,0,70,,84398,6,,,0,30,,84407,6,,,0,70,,84418,6,,,0,30,,84396,6,,,0,70,,84408,6,,,0,30,,84420,6,,,0,70,,84399,6,,,0,30,,84410,6,,,0,70,,84419,6,,,0,30,,84397,6,,,0,70,,84409,6,,,0,30,,84421,6,,,0,70,,84401,6,,,0,30,,84412,6,,,0
2401,'STMPWeek-Weekday',540,,84443,6,,,0,80,,84452,6,,,0,31,,84422,6,,,0,70,,84444,6,,,0,30,,84454,6,,,0,70,,84423,6,,,0,30,,84445,6,,,0,69,,84455,6,,,0,30,,84424,6,,,0,70,,84447,6,,,0,30,,84456,6,,,0,70,,84425,6,,,0,30,,84446,6,,,0,70,,84453,6,,,0,30,,84426,6,,,0,70,,84449,6,,,0,30,,84457,6,,,0,70,,84428,6,,,0,30,,84448,6,,,0,72,,84458,6,,,0,30,,84427,6,,,0,70,,84450,6,,,0,30,,84459,6,,,0,70,,84429,6,,,0,30,,84451,6,,,0,70,,84434,6,,,0,28,,84430,6,,,0,70,,84438,6,,,0,30,,84435,6,,,0,70,,84431,6,,,0,30,,84440,6,,,0,70,,84436,6,,,0,30,,84432,6,,,0,70,,84441,6,,,0,30,,84437,6,,,0,70,,84433,6,,,0,30,,84442,6,,,0,75,,84439,6,,,0
2401,'STMPar-Weekday',540,,84481,6,,,0,80,,84490,6,,,0,31,,84460,6,,,0,70,,84482,6,,,0,30,,84492,6,,,0,70,,84461,6,,,0,30,,84483,6,,,0,69,,84493,6,,,0,30,,84462,6,,,0,70,,84485,6,,,0,30,,84494,6,,,0,70,,84464,6,,,0,30,,84484,6,,,0,70,,84491,6,,,0,30,,84465,6,,,0,70,,84487,6,,,0,30,,84495,6,,,0,70,,84466,6,,,0,30,,84486,6,,,0,72,,84496,6,,,0,30,,84463,6,,,0,70,,84488,6,,,0,30,,84497,6,,,0,70,,84467,6,,,0,30,,84489,6,,,0,70,,84472,6,,,0,28,,84468,6,,,0,70,,84476,6,,,0,30,,84473,6,,,0,70,,84469,6,,,0,30,,84478,6,,,0,70,,84474,6,,,0,30,,84470,6,,,0,70,,84479,6,,,0,30,,84475,6,,,0,70,,84471,6,,,0,30,,84480,6,,,0,75,,84477,6,,,0
