9900,'Saturday',625,,71014,,,0,30,,70989,,,0,70,,70990,,,0,30,,71023,,,0,70,,70994,,,0,30,,70997,,,0,70,,71019,,,0,30,,70993,,,0,70,,70998,,,0,30,,71020,,,0,70,,70996,,,0,30,,70995,,,0,70,,71021,,,0,30,,70999,,,0,70,,71001,,,0,30,,71013,,,0,70,,71002,,,0,30,,71003,,,0,70,,71017,,,0,30,,71000,,,0,70,,71004,,,0,30,,71015,,,0,70,,71006,,,0,30,,71007,,,0,70,,71016,,,0,30,,71008,,,0,70,,71005,,,0,30,,71018,,,0,70,,71009,,,0,30,,71010,,,0,70,,71022,,,0,30,,71011,,,0,70,,70991,,,0,30,,71012,,,0,70,,70992,,,0
9900,'Sunday',625,,71045,,,0,30,,71024,,,0,70,,71025,,,0,30,,71055,,,0,70,,71026,,,0,30,,71028,,,0,70,,71047,,,0,30,,71033,,,0,70,,71034,,,0,30,,71049,,,0,70,,71031,,,0,30,,71029,,,0,70,,71052,,,0,30,,71027,,,0,70,,71032,,,0,30,,71048,,,0,70,,71030,,,0,30,,71035,,,0,70,,71050,,,0,30,,71036,,,0,70,,71037,,,0,30,,71054,,,0,70,,71038,,,0,30,,71040,,,0,70,,71046,,,0,30,,71039,,,0,70,,71041,,,0,30,,71053,,,0,70,,71043,,,0,30,,71042,,,0,70,,71051,,,0,30,,71044,,,0
9900,'Weekday',540,,71064,,,0,63,,71073,,,0,33,,71067,,,0,70,,71069,,,0,30,,71071,,,0,70,,71066,,,0,30,,71065,,,0,64,,71068,,,0,35,,71070,,,0,70,,71074,,,0,30,,71075,,,0,70,,71072,,,0,30,,71076,,,0,70,,71077,,,0,30,,71078,,,0,70,,71079,,,0,30,,71080,,,0,70,,71081,,,0,30,,71082,,,0,71,,71083,,,0,30,,71084,,,0,70,,71085,,,0,30,,71086,,,0,70,,71088,,,0,30,,71089,,,0,70,,71090,,,0,30,,71091,,,0,69,,71092,,,0,28,,71093,,,0,70,,71087,,,0,30,,71061,,,0,70,,71059,,,0,29,,71057,,,0,70,,71060,,,0,30,,71062,,,0,70,,71056,,,0,30,,71058,,,0,73,,71063,,,0
9900,'1CCSDCUT-Weekday',540,,71102,,,0,63,,71111,,,0,33,,71105,,,0,70,,71107,,,0,30,,71109,,,0,70,,71104,,,0,30,,71103,,,0,64,,71106,,,0,35,,71108,,,0,70,,71112,,,0,30,,71113,,,0,70,,71110,,,0,30,,71114,,,0,70,,71115,,,0,30,,71116,,,0,70,,71117,,,0,30,,71118,,,0,70,,71119,,,0,30,,71120,,,0,71,,71121,,,0,30,,71122,,,0,70,,71123,,,0,30,,71124,,,0,70,,71126,,,0,30,,71127,,,0,70,,71128,,,0,30,,71129,,,0,69,,71130,,,0,28,,71131,,,0,70,,71125,,,0,30,,71099,,,0,70,,71097,,,0,29,,71095,,,0,70,,71098,,,0,30,,71100,,,0,70,,71094,,,0,30,,71096,,,0,73,,71101,,,0
9900,'1PUBCUT-Weekday',540,,71140,,,0,63,,71149,,,0,33,,71143,,,0,70,,71145,,,0,30,,71147,,,0,70,,71142,,,0,30,,71141,,,0,64,,71144,,,0,35,,71146,,,0,70,,71150,,,0,30,,71151,,,0,70,,71148,,,0,30,,71152,,,0,70,,71153,,,0,30,,71154,,,0,70,,71155,,,0,30,,71156,,,0,70,,71157,,,0,30,,71158,,,0,71,,71159,,,0,30,,71160,,,0,70,,71161,,,0,30,,71162,,,0,70,,71164,,,0,30,,71165,,,0,70,,71166,,,0,30,,71167,,,0,69,,71168,,,0,28,,71169,,,0,70,,71163,,,0,30,,71137,,,0,70,,71135,,,0,29,,71133,,,0,70,,71136,,,0,30,,71138,,,0,70,,71132,,,0,30,,71134,,,0,73,,71139,,,0
14901,'Saturday',648,,79554,,,0,66,,79553,,,0,26,,79573,,,0,66,,79556,,,0,26,,79558,,,0,26,,79574,,,0,66,,79555,,,0,27,,79559,,,0,66,,79575,,,0,26,,79557,,,0,66,,79560,,,0,26,,79576,,,0,66,,79561,,,0,26,,79562,,,0,26,,79580,,,0,66,,79564,,,0,26,,79566,,,0,66,,79579,,,0,26,,79567,,,0,66,,79563,,,0,26,,79577,,,0,26,,79568,,,0,66,,79565,,,0,26,,79572,,,0,66,,79569,,,0,26,,79570,,,0,66,,79578,,,0,26,,79571,,,0,26,,79581,,,0
14901,'Sunday',648,,79583,,,0,66,,79584,,,0,26,,79585,,,0,66,,79582,,,0,26,,79586,,,0,26,,79587,,,0,66,,79588,,,0,27,,79589,,,0,66,,79590,,,0,26,,79593,,,0,66,,79594,,,0,26,,79595,,,0,66,,79591,,,0,26,,79592,,,0,26,,79596,,,0,66,,79597,,,0,26,,79598,,,0,66,,79599,,,0,26,,79600,,,0,66,,79601,,,0,26,,79602,,,0,26,,79603,,,0,66,,79604,,,0,26,,79605,,,0,66,,79606,,,0,26,,79607,,,0,66,,79608,,,0,26,,79609,,,0,26,,79610,,,0
14901,'Weekday',605,,79612,,,0,36,,79620,,,0,71,,79632,,,0,30,,79611,,,0,70,,79623,,,0,29,,79631,,,0,67,,79613,,,0,30,,79622,,,0,70,,79633,,,0,30,,79614,,,0,70,,79624,,,0,30,,79634,,,0,70,,79615,,,0,30,,79625,,,0,70,,79635,,,0,30,,79616,,,0,70,,79626,,,0,31,,79636,,,0,73,,79617,,,0,30,,79627,,,0,70,,79637,,,0,30,,79618,,,0,70,,79628,,,0,30,,79638,,,0,69,,79619,,,0,27,,79629,,,0,69,,79639,,,0,30,,79621,,,0,70,,79630,,,0
14901,'1CCSDCUT-Weekday',605,,79641,,,0,36,,79649,,,0,71,,79661,,,0,30,,79640,,,0,70,,79652,,,0,29,,79660,,,0,67,,79642,,,0,30,,79651,,,0,70,,79662,,,0,30,,79643,,,0,70,,79653,,,0,30,,79663,,,0,70,,79644,,,0,30,,79654,,,0,70,,79664,,,0,30,,79645,,,0,70,,79655,,,0,31,,79665,,,0,73,,79646,,,0,30,,79656,,,0,70,,79666,,,0,30,,79647,,,0,70,,79657,,,0,30,,79667,,,0,69,,79648,,,0,27,,79658,,,0,69,,79668,,,0,30,,79650,,,0,70,,79659,,,0
14901,'1PUBCUT-Weekday',605,,79670,,,0,36,,79678,,,0,71,,79690,,,0,30,,79669,,,0,70,,79681,,,0,29,,79689,,,0,67,,79671,,,0,30,,79680,,,0,70,,79691,,,0,30,,79672,,,0,70,,79682,,,0,30,,79692,,,0,70,,79673,,,0,30,,79683,,,0,70,,79693,,,0,30,,79674,,,0,70,,79684,,,0,31,,79694,,,0,73,,79675,,,0,30,,79685,,,0,70,,79695,,,0,30,,79676,,,0,70,,79686,,,0,30,,79696,,,0,69,,79677,,,0,27,,79687,,,0,69,,79697,,,0,30,,79679,,,0,70,,79688,,,0
88001,'Weekday',1518,,89438,0,12 163 120,0
88001,'1PUBCUT-Weekday',1518,,89439,0,12 163 120,0
