7500,'Saturday',532,,102579,6,,,0,75,,102591,6,,,0,35,,102600,6,,,0,75,,102580,6,,,0,35,,102589,6,,,0,76,,102599,6,,,0,75,,102581,6,,,0,35,,102590,6,,,0,75,,102602,6,,,0,35,,102583,6,,,0,75,,102593,6,,,0,35,,102601,6,,,0,75,,102584,6,,,0,75,,102592,6,,,0,35,,102603,6,,,0,75,,102585,6,,,0,35,,102594,6,,,0,75,,102604,6,,,0,75,,102582,6,,,0,35,,102595,6,,,0,75,,102605,6,,,0,35,,102586,6,,,0,75,,102596,6,,,0,35,,102606,6,,,0,75,,102587,6,,,0,75,,102597,6,,,0,35,,102607,6,,,0,74,,102588,6,,,0,35,,102598,6,,,0,65,,102608,6,,,0,35,,102609,6,,,0,75,,102610,6,,,0,75,,102611,6,,,0
7500,'Sunday',532,,102612,6,,,0,75,,102622,6,,,0,35,,102632,6,,,0,75,,102614,6,,,0,35,,102624,6,,,0,76,,102633,6,,,0,75,,102613,6,,,0,35,,102625,6,,,0,75,,102634,6,,,0,35,,102615,6,,,0,75,,102623,6,,,0,35,,102635,6,,,0,75,,102616,6,,,0,75,,102626,6,,,0,35,,102636,6,,,0,75,,102617,6,,,0,35,,102628,6,,,0,75,,102637,6,,,0,75,,102618,6,,,0,35,,102627,6,,,0,75,,102639,6,,,0,35,,102619,6,,,0,75,,102629,6,,,0,35,,102638,6,,,0,75,,102620,6,,,0,75,,102630,6,,,0,35,,102640,6,,,0,74,,102621,6,,,0,35,,102631,6,,,0,75,,102641,6,,,0,75,,102642,6,,,0,35,,102643,6,,,0,75,,102644,6,,,0
7500,'Weekday',546,,102645,6,,,0,71,,102663,6,,,0,23,,102665,6,,,0,63,,102676,6,,,0,23,,102671,6,,,0,23,,102654,6,,,0,63,,102648,6,,,0,23,,102683,6,,,0,23,,102685,6,,,0,63,,102652,6,,,0,34,,102679,6,,,0,74,,102670,6,,,0,74,,102673,6,,,0,34,,102662,6,,,0,74,,102684,6,,,0,34,,102682,6,,,0,74,,102647,6,,,0,34,,102646,6,,,0,74,,102672,6,,,0,75,,102680,6,,,0,34,,102677,6,,,0,22,,102655,6,,,0,59,,102659,6,,,0,19,,102657,6,,,0,19,,102656,6,,,0,59,,102660,6,,,0,19,,102649,6,,,0,19,,102668,6,,,0,58,,102664,6,,,0,19,,102650,6,,,0,19,,102666,6,,,0,59,,102661,6,,,0,18,,102678,6,,,0,33,,102667,6,,,0,74,,102675,6,,,0,73,,102651,6,,,0,32,,102653,6,,,0,74,,102674,6,,,0,34,,102681,6,,,0,74,,102686,6,,,0,34,,102669,6,,,0,71,,102658,6,,,0
7500,'STMPSa-Saturday',532,,102687,6,,,0,75,,102699,6,,,0,35,,102708,6,,,0,75,,102688,6,,,0,35,,102697,6,,,0,76,,102707,6,,,0,75,,102689,6,,,0,35,,102698,6,,,0,75,,102710,6,,,0,35,,102690,6,,,0,75,,102701,6,,,0,35,,102709,6,,,0,75,,102692,6,,,0,75,,102700,6,,,0,35,,102711,6,,,0,75,,102693,6,,,0,35,,102702,6,,,0,75,,102712,6,,,0,75,,102691,6,,,0,35,,102703,6,,,0,75,,102713,6,,,0,35,,102694,6,,,0,75,,102704,6,,,0,35,,102714,6,,,0,75,,102695,6,,,0,75,,102705,6,,,0,35,,102715,6,,,0,74,,102696,6,,,0,35,,102706,6,,,0,65,,102716,6,,,0,35,,102717,6,,,0,75,,102718,6,,,0,75,,102719,6,,,0
7500,'STMPSnea-Weekday',546,,102720,6,,,0,71,,102738,6,,,0,23,,102740,6,,,0,63,,102751,6,,,0,23,,102746,6,,,0,23,,102729,6,,,0,63,,102723,6,,,0,23,,102758,6,,,0,23,,102760,6,,,0,63,,102727,6,,,0,34,,102754,6,,,0,74,,102745,6,,,0,74,,102748,6,,,0,34,,102737,6,,,0,74,,102759,6,,,0,34,,102757,6,,,0,74,,102722,6,,,0,34,,102721,6,,,0,74,,102747,6,,,0,75,,102755,6,,,0,34,,102752,6,,,0,22,,102730,6,,,0,59,,102734,6,,,0,19,,102732,6,,,0,19,,102731,6,,,0,59,,102735,6,,,0,19,,102724,6,,,0,19,,102743,6,,,0,58,,102739,6,,,0,19,,102725,6,,,0,19,,102741,6,,,0,59,,102736,6,,,0,18,,102753,6,,,0,33,,102742,6,,,0,74,,102750,6,,,0,73,,102726,6,,,0,32,,102728,6,,,0,74,,102749,6,,,0,34,,102756,6,,,0,74,,102761,6,,,0,34,,102744,6,,,0,71,,102733,6,,,0
7500,'STMPSu1-Sunday',532,,102762,6,,,0,75,,102772,6,,,0,35,,102782,6,,,0,75,,102764,6,,,0,35,,102774,6,,,0,76,,102783,6,,,0,75,,102763,6,,,0,35,,102775,6,,,0,75,,102784,6,,,0,35,,102765,6,,,0,75,,102773,6,,,0,35,,102785,6,,,0,75,,102766,6,,,0,75,,102776,6,,,0,35,,102786,6,,,0,75,,102767,6,,,0,35,,102778,6,,,0,75,,102787,6,,,0,75,,102768,6,,,0,35,,102777,6,,,0,75,,102789,6,,,0,35,,102769,6,,,0,75,,102779,6,,,0,35,,102788,6,,,0,75,,102770,6,,,0,75,,102780,6,,,0,35,,102790,6,,,0,74,,102771,6,,,0,35,,102781,6,,,0,75,,102791,6,,,0,75,,102792,6,,,0,35,,102793,6,,,0,75,,102794,6,,,0
7500,'STMPSu2-Sunday',532,,102795,6,,,0,75,,102805,6,,,0,35,,102815,6,,,0,75,,102797,6,,,0,35,,102807,6,,,0,76,,102816,6,,,0,75,,102796,6,,,0,35,,102808,6,,,0,75,,102817,6,,,0,35,,102798,6,,,0,75,,102806,6,,,0,35,,102818,6,,,0,75,,102799,6,,,0,75,,102809,6,,,0,35,,102819,6,,,0,75,,102800,6,,,0,35,,102811,6,,,0,75,,102820,6,,,0,75,,102801,6,,,0,35,,102810,6,,,0,75,,102822,6,,,0,35,,102802,6,,,0,75,,102812,6,,,0,35,,102821,6,,,0,75,,102803,6,,,0,75,,102813,6,,,0,35,,102823,6,,,0,74,,102804,6,,,0,35,,102814,6,,,0,75,,102824,6,,,0,75,,102825,6,,,0,35,,102826,6,,,0,75,,102827,6,,,0
7500,'STMPWeek-Weekday',546,,102828,6,,,0,71,,102846,6,,,0,23,,102848,6,,,0,63,,102859,6,,,0,23,,102854,6,,,0,23,,102837,6,,,0,63,,102831,6,,,0,23,,102866,6,,,0,23,,102868,6,,,0,63,,102835,6,,,0,34,,102862,6,,,0,74,,102853,6,,,0,74,,102856,6,,,0,34,,102845,6,,,0,74,,102867,6,,,0,34,,102865,6,,,0,74,,102830,6,,,0,34,,102829,6,,,0,74,,102855,6,,,0,75,,102863,6,,,0,34,,102860,6,,,0,22,,102838,6,,,0,59,,102842,6,,,0,19,,102840,6,,,0,19,,102839,6,,,0,59,,102843,6,,,0,19,,102832,6,,,0,19,,102851,6,,,0,58,,102847,6,,,0,19,,102833,6,,,0,19,,102849,6,,,0,59,,102844,6,,,0,18,,102861,6,,,0,33,,102850,6,,,0,74,,102858,6,,,0,73,,102834,6,,,0,32,,102836,6,,,0,74,,102857,6,,,0,34,,102864,6,,,0,74,,102869,6,,,0,34,,102852,6,,,0,71,,102841,6,,,0
7500,'STMPar-Weekday',546,,102870,6,,,0,71,,102888,6,,,0,23,,102890,6,,,0,63,,102901,6,,,0,23,,102896,6,,,0,23,,102879,6,,,0,63,,102873,6,,,0,23,,102908,6,,,0,23,,102910,6,,,0,63,,102877,6,,,0,34,,102904,6,,,0,74,,102895,6,,,0,74,,102898,6,,,0,34,,102887,6,,,0,74,,102909,6,,,0,34,,102907,6,,,0,74,,102872,6,,,0,34,,102871,6,,,0,74,,102897,6,,,0,75,,102905,6,,,0,34,,102902,6,,,0,22,,102880,6,,,0,59,,102884,6,,,0,19,,102882,6,,,0,19,,102881,6,,,0,59,,102885,6,,,0,19,,102874,6,,,0,19,,102893,6,,,0,58,,102889,6,,,0,19,,102875,6,,,0,19,,102891,6,,,0,59,,102886,6,,,0,18,,102903,6,,,0,33,,102892,6,,,0,74,,102900,6,,,0,73,,102876,6,,,0,32,,102878,6,,,0,74,,102899,6,,,0,34,,102906,6,,,0,74,,102911,6,,,0,34,,102894,6,,,0,71,,102883,6,,,0
13100,'Weekday',547,,124056,4,,,0,60,,124055,4,,,0,20,,124054,4,,,0,20,,124057,4,,,0
13100,'STMPSnea-Weekday',547,,124060,4,,,0,60,,124059,4,,,0,20,,124058,4,,,0,20,,124061,4,,,0
13100,'STMPWeek-Weekday',547,,124064,4,,,0,60,,124063,4,,,0,20,,124062,4,,,0,20,,124065,4,,,0
13100,'STMPar-Weekday',547,,124068,4,,,0,60,,124067,4,,,0,20,,124066,4,,,0,20,,124069,4,,,0
13101,'Weekday',1707,,124070,42,,,0,20,,124071,42,,,0,20,,124072,42,,,0,60,,124073,42,,,0
13101,'STMPSnea-Weekday',1707,,124074,42,,,0,20,,124075,42,,,0,20,,124076,42,,,0,60,,124077,42,,,0
13101,'STMPWeek-Weekday',1707,,124078,42,,,0,20,,124079,42,,,0,20,,124080,42,,,0,60,,124081,42,,,0
13101,'STMPar-Weekday',1707,,124082,42,,,0,20,,124083,42,,,0,20,,124084,42,,,0,60,,124085,42,,,0
