9200,'Saturday',728,,110416,13,,,0,85,,110400,13,,,0,45,,110405,13,,,0,85,,110410,13,,,0,85,,110415,13,,,0,85,,110401,13,,,0,45,,110406,13,,,0,85,,110411,13,,,0,85,,110417,13,,,0,85,,110403,13,,,0,45,,110407,13,,,0,85,,110412,13,,,0,85,,110418,13,,,0,85,,110402,13,,,0,45,,110408,13,,,0,85,,110413,13,,,0,85,,110419,13,,,0,85,,110404,13,,,0,45,,110409,13,,,0,78,,110414,13,,,0
9200,'Sunday',728,,110435,13,,,0,85,,110420,13,,,0,45,,110425,13,,,0,85,,110430,13,,,0,85,,110436,13,,,0,85,,110421,13,,,0,45,,110426,13,,,0,85,,110431,13,,,0,85,,110438,13,,,0,85,,110422,13,,,0,45,,110427,13,,,0,85,,110432,13,,,0,85,,110437,13,,,0,85,,110423,13,,,0,45,,110428,13,,,0,85,,110433,13,,,0,85,,110439,13,,,0,85,,110424,13,,,0,45,,110429,13,,,0,78,,110434,13,,,0
9200,'Weekday',429,,110448,13,,,0,29,,110453,13,,,0,71,,110462,13,,,0,71,,110449,13,,,0,32,,110454,13,,,0,72,,110471,13,,,0,31,,110458,13,,,0,71,,110440,13,,,0,31,,110463,13,,,0,69,,110450,13,,,0,31,,110455,13,,,0,71,,110472,13,,,0,31,,110459,13,,,0,71,,110468,13,,,0,31,,110464,13,,,0,71,,110451,13,,,0,31,,110456,13,,,0,71,,110473,13,,,0,31,,110460,13,,,0,71,,110446,13,,,0,31,,110465,13,,,0,72,,110452,13,,,0,31,,110457,13,,,0,71,,110474,13,,,0,31,,110461,13,,,0,71,,110444,13,,,0,27,,110441,13,,,0,84,,110466,13,,,0,85,,110442,13,,,0,85,,110445,13,,,0,45,,110469,13,,,0,85,,110467,13,,,0,85,,110443,13,,,0,85,,110447,13,,,0,43,,110470,13,,,0
9200,'STMPSa-Saturday',728,,110491,13,,,0,85,,110475,13,,,0,45,,110480,13,,,0,85,,110485,13,,,0,85,,110490,13,,,0,85,,110476,13,,,0,45,,110481,13,,,0,85,,110486,13,,,0,85,,110492,13,,,0,85,,110478,13,,,0,45,,110482,13,,,0,85,,110487,13,,,0,85,,110493,13,,,0,85,,110477,13,,,0,45,,110483,13,,,0,85,,110488,13,,,0,85,,110494,13,,,0,85,,110479,13,,,0,45,,110484,13,,,0,78,,110489,13,,,0
9200,'STMPSnea-Weekday',429,,110503,13,,,0,29,,110508,13,,,0,71,,110517,13,,,0,71,,110504,13,,,0,32,,110509,13,,,0,72,,110526,13,,,0,31,,110513,13,,,0,71,,110495,13,,,0,31,,110518,13,,,0,69,,110505,13,,,0,31,,110510,13,,,0,71,,110527,13,,,0,31,,110514,13,,,0,71,,110523,13,,,0,31,,110519,13,,,0,71,,110506,13,,,0,31,,110511,13,,,0,71,,110528,13,,,0,31,,110515,13,,,0,71,,110501,13,,,0,31,,110520,13,,,0,72,,110507,13,,,0,31,,110512,13,,,0,71,,110529,13,,,0,31,,110516,13,,,0,71,,110499,13,,,0,27,,110496,13,,,0,84,,110521,13,,,0,85,,110497,13,,,0,85,,110500,13,,,0,45,,110524,13,,,0,85,,110522,13,,,0,85,,110498,13,,,0,85,,110502,13,,,0,43,,110525,13,,,0
9200,'STMPSu1-Sunday',728,,110545,13,,,0,85,,110530,13,,,0,45,,110535,13,,,0,85,,110540,13,,,0,85,,110546,13,,,0,85,,110531,13,,,0,45,,110536,13,,,0,85,,110541,13,,,0,85,,110548,13,,,0,85,,110532,13,,,0,45,,110537,13,,,0,85,,110542,13,,,0,85,,110547,13,,,0,85,,110533,13,,,0,45,,110538,13,,,0,85,,110543,13,,,0,85,,110549,13,,,0,85,,110534,13,,,0,45,,110539,13,,,0,78,,110544,13,,,0
9200,'STMPSu2-Sunday',728,,110565,13,,,0,85,,110550,13,,,0,45,,110555,13,,,0,85,,110560,13,,,0,85,,110566,13,,,0,85,,110551,13,,,0,45,,110556,13,,,0,85,,110561,13,,,0,85,,110568,13,,,0,85,,110552,13,,,0,45,,110557,13,,,0,85,,110562,13,,,0,85,,110567,13,,,0,85,,110553,13,,,0,45,,110558,13,,,0,85,,110563,13,,,0,85,,110569,13,,,0,85,,110554,13,,,0,45,,110559,13,,,0,78,,110564,13,,,0
9200,'STMPWeek-Weekday',429,,110578,13,,,0,29,,110583,13,,,0,71,,110592,13,,,0,71,,110579,13,,,0,32,,110584,13,,,0,72,,110601,13,,,0,31,,110588,13,,,0,71,,110570,13,,,0,31,,110593,13,,,0,69,,110580,13,,,0,31,,110585,13,,,0,71,,110602,13,,,0,31,,110589,13,,,0,71,,110598,13,,,0,31,,110594,13,,,0,71,,110581,13,,,0,31,,110586,13,,,0,71,,110603,13,,,0,31,,110590,13,,,0,71,,110576,13,,,0,31,,110595,13,,,0,72,,110582,13,,,0,31,,110587,13,,,0,71,,110604,13,,,0,31,,110591,13,,,0,71,,110574,13,,,0,27,,110571,13,,,0,84,,110596,13,,,0,85,,110572,13,,,0,85,,110575,13,,,0,45,,110599,13,,,0,85,,110597,13,,,0,85,,110573,13,,,0,85,,110577,13,,,0,43,,110600,13,,,0
9200,'STMPar-Weekday',429,,110613,13,,,0,29,,110618,13,,,0,71,,110627,13,,,0,71,,110614,13,,,0,32,,110619,13,,,0,72,,110636,13,,,0,31,,110623,13,,,0,71,,110605,13,,,0,31,,110628,13,,,0,69,,110615,13,,,0,31,,110620,13,,,0,71,,110637,13,,,0,31,,110624,13,,,0,71,,110633,13,,,0,31,,110629,13,,,0,71,,110616,13,,,0,31,,110621,13,,,0,71,,110638,13,,,0,31,,110625,13,,,0,71,,110611,13,,,0,31,,110630,13,,,0,72,,110617,13,,,0,31,,110622,13,,,0,71,,110639,13,,,0,31,,110626,13,,,0,71,,110609,13,,,0,27,,110606,13,,,0,84,,110631,13,,,0,85,,110607,13,,,0,85,,110610,13,,,0,45,,110634,13,,,0,85,,110632,13,,,0,85,,110608,13,,,0,85,,110612,13,,,0,43,,110635,13,,,0
11700,'Weekday',605,,119275,10,,,0,21,,119276,10,,,0,25,,119274,10,,,0
11700,'STMPSnea-Weekday',605,,119278,10,,,0,21,,119279,10,,,0,25,,119277,10,,,0
11700,'STMPWeek-Weekday',605,,119281,10,,,0,21,,119282,10,,,0,25,,119280,10,,,0
11700,'STMPar-Weekday',605,,119284,10,,,0,21,,119285,10,,,0,25,,119283,10,,,0
15301,'Saturday',648,,128865,21,,,0,77,,128863,21,,,0,77,,128866,21,,,0,37,,128864,21,,,0,77,,128871,21,,,0,37,,128874,21,,,0,77,,128875,21,,,0,77,,128876,21,,,0,37,,128877,21,,,0,77,,128878,21,,,0,37,,128879,21,,,0,77,,128880,21,,,0,77,,128881,21,,,0,37,,128882,21,,,0,77,,128883,21,,,0,77,,128884,21,,,0,37,,128885,21,,,0,77,,128886,21,,,0,37,,128887,21,,,0,77,,128888,21,,,0,77,,128889,21,,,0,37,,128868,21,,,0,77,,128869,21,,,0,37,,128870,21,,,0,77,,128872,21,,,0,77,,128873,21,,,0,37,,128867,21,,,0
15301,'Sunday',917,,128891,21,,,0,37,,128896,21,,,0,77,,128899,21,,,0,77,,128897,21,,,0,37,,128900,21,,,0,77,,128902,21,,,0,37,,128903,21,,,0,77,,128904,21,,,0,77,,128901,21,,,0,37,,128898,21,,,0,77,,128906,21,,,0,77,,128907,21,,,0,37,,128908,21,,,0,77,,128910,21,,,0,37,,128911,21,,,0,77,,128905,21,,,0,76,,128909,21,,,0,36,,128912,21,,,0,77,,128892,21,,,0,37,,128894,21,,,0,76,,128895,21,,,0,75,,128893,21,,,0,32,,128890,21,,,0
15301,'Weekday',607,,128913,21,,,0,27,,128914,21,,,0,25,,128915,21,,,0,65,,128916,21,,,0,25,,128917,21,,,0,65,,128918,21,,,0,25,,128919,21,,,0,66,,128920,21,,,0,25,,128921,21,,,0,25,,128923,21,,,0,65,,128924,21,,,0,25,,128925,21,,,0,65,,128922,21,,,0,25,,128926,21,,,0,65,,128927,21,,,0,25,,128928,21,,,0,25,,128929,21,,,0,65,,128930,21,,,0,25,,128931,21,,,0,65,,128932,21,,,0,25,,128933,21,,,0,25,,128934,21,,,0,60,,128950,21,,,0,20,,128951,21,,,0,20,,128952,21,,,0,60,,128953,21,,,0,20,,128954,21,,,0,20,,128944,21,,,0,60,,128946,21,,,0,20,,128949,21,,,0,20,,128947,21,,,0,58,,128945,21,,,0,24,,128948,21,,,0,76,,128936,21,,,0,36,,128938,21,,,0,76,,128935,21,,,0,76,,128939,21,,,0,36,,128937,21,,,0,76,,128940,21,,,0,36,,128941,21,,,0,76,,128942,21,,,0,76,,128943,21,,,0
15301,'STMPSa-Saturday',648,,128957,21,,,0,77,,128955,21,,,0,77,,128958,21,,,0,37,,128956,21,,,0,77,,128963,21,,,0,37,,128966,21,,,0,77,,128967,21,,,0,77,,128968,21,,,0,37,,128969,21,,,0,77,,128970,21,,,0,37,,128971,21,,,0,77,,128972,21,,,0,77,,128973,21,,,0,37,,128974,21,,,0,77,,128975,21,,,0,77,,128976,21,,,0,37,,128977,21,,,0,77,,128978,21,,,0,37,,128979,21,,,0,77,,128980,21,,,0,77,,128981,21,,,0,37,,128960,21,,,0,77,,128961,21,,,0,37,,128962,21,,,0,77,,128964,21,,,0,77,,128965,21,,,0,37,,128959,21,,,0
15301,'STMPSnea-Weekday',607,,128982,21,,,0,27,,128983,21,,,0,25,,128984,21,,,0,65,,128985,21,,,0,25,,128986,21,,,0,65,,128987,21,,,0,25,,128988,21,,,0,66,,128989,21,,,0,25,,128990,21,,,0,25,,128992,21,,,0,65,,128993,21,,,0,25,,128994,21,,,0,65,,128991,21,,,0,25,,128995,21,,,0,65,,128996,21,,,0,25,,128997,21,,,0,25,,128998,21,,,0,65,,128999,21,,,0,25,,129000,21,,,0,65,,129001,21,,,0,25,,129002,21,,,0,25,,129003,21,,,0,60,,129019,21,,,0,20,,129020,21,,,0,20,,129021,21,,,0,60,,129022,21,,,0,20,,129023,21,,,0,20,,129013,21,,,0,60,,129015,21,,,0,20,,129018,21,,,0,20,,129016,21,,,0,58,,129014,21,,,0,24,,129017,21,,,0,76,,129005,21,,,0,36,,129007,21,,,0,76,,129004,21,,,0,76,,129008,21,,,0,36,,129006,21,,,0,76,,129009,21,,,0,36,,129010,21,,,0,76,,129011,21,,,0,76,,129012,21,,,0
15301,'STMPSu1-Sunday',917,,129025,21,,,0,37,,129030,21,,,0,77,,129033,21,,,0,77,,129031,21,,,0,37,,129034,21,,,0,77,,129036,21,,,0,37,,129037,21,,,0,77,,129038,21,,,0,77,,129035,21,,,0,37,,129032,21,,,0,77,,129040,21,,,0,77,,129041,21,,,0,37,,129042,21,,,0,77,,129044,21,,,0,37,,129045,21,,,0,77,,129039,21,,,0,76,,129043,21,,,0,36,,129046,21,,,0,77,,129026,21,,,0,37,,129028,21,,,0,76,,129029,21,,,0,75,,129027,21,,,0,32,,129024,21,,,0
15301,'STMPSu2-Sunday',917,,129048,21,,,0,37,,129053,21,,,0,77,,129056,21,,,0,77,,129054,21,,,0,37,,129057,21,,,0,77,,129059,21,,,0,37,,129060,21,,,0,77,,129061,21,,,0,77,,129058,21,,,0,37,,129055,21,,,0,77,,129063,21,,,0,77,,129064,21,,,0,37,,129065,21,,,0,77,,129067,21,,,0,37,,129068,21,,,0,77,,129062,21,,,0,76,,129066,21,,,0,36,,129069,21,,,0,77,,129049,21,,,0,37,,129051,21,,,0,76,,129052,21,,,0,75,,129050,21,,,0,32,,129047,21,,,0
15301,'STMPWeek-Weekday',607,,129070,21,,,0,27,,129071,21,,,0,25,,129072,21,,,0,65,,129073,21,,,0,25,,129074,21,,,0,65,,129075,21,,,0,25,,129076,21,,,0,66,,129077,21,,,0,25,,129078,21,,,0,25,,129080,21,,,0,65,,129081,21,,,0,25,,129082,21,,,0,65,,129079,21,,,0,25,,129083,21,,,0,65,,129084,21,,,0,25,,129085,21,,,0,25,,129086,21,,,0,65,,129087,21,,,0,25,,129088,21,,,0,65,,129089,21,,,0,25,,129090,21,,,0,25,,129091,21,,,0,60,,129107,21,,,0,20,,129108,21,,,0,20,,129109,21,,,0,60,,129110,21,,,0,20,,129111,21,,,0,20,,129101,21,,,0,60,,129103,21,,,0,20,,129106,21,,,0,20,,129104,21,,,0,58,,129102,21,,,0,24,,129105,21,,,0,76,,129093,21,,,0,36,,129095,21,,,0,76,,129092,21,,,0,76,,129096,21,,,0,36,,129094,21,,,0,76,,129097,21,,,0,36,,129098,21,,,0,76,,129099,21,,,0,76,,129100,21,,,0
15301,'STMPar-Weekday',607,,129112,21,,,0,27,,129113,21,,,0,25,,129114,21,,,0,65,,129115,21,,,0,25,,129116,21,,,0,65,,129117,21,,,0,25,,129118,21,,,0,66,,129119,21,,,0,25,,129120,21,,,0,25,,129122,21,,,0,65,,129123,21,,,0,25,,129124,21,,,0,65,,129121,21,,,0,25,,129125,21,,,0,65,,129126,21,,,0,25,,129127,21,,,0,25,,129128,21,,,0,65,,129129,21,,,0,25,,129130,21,,,0,65,,129131,21,,,0,25,,129132,21,,,0,25,,129133,21,,,0,60,,129149,21,,,0,20,,129150,21,,,0,20,,129151,21,,,0,60,,129152,21,,,0,20,,129153,21,,,0,20,,129143,21,,,0,60,,129145,21,,,0,20,,129148,21,,,0,20,,129146,21,,,0,58,,129144,21,,,0,24,,129147,21,,,0,76,,129135,21,,,0,36,,129137,21,,,0,76,,129134,21,,,0,76,,129138,21,,,0,36,,129136,21,,,0,76,,129139,21,,,0,36,,129140,21,,,0,76,,129141,21,,,0,76,,129142,21,,,0
