10201,'Saturday',657,,51850,10,,,0,70,,51852,10,,,0,30,,51853,10,,,0,70,,51854,10,,,0,30,,51851,10,,,0,70,,51855,10,,,0,30,,51856,10,,,0,70,,51857,10,,,0,30,,51859,10,,,0,70,,51860,10,,,0,30,,51863,10,,,0,70,,51858,10,,,0,30,,51864,10,,,0,70,,51865,10,,,0,30,,51861,10,,,0,70,,51862,10,,,0,30,,51867,10,,,0,70,,51868,10,,,0,30,,51869,10,,,0,70,,51866,10,,,0,30,,51870,10,,,0,70,,51871,10,,,0,30,,51872,10,,,0,70,,51873,10,,,0,30,,51874,10,,,0,70,,51875,10,,,0,30,,51876,10,,,0,70,,51877,10,,,0,30,,51878,10,,,0,70,,51880,10,,,0,30,,51881,10,,,0,70,,51882,10,,,0,30,,51879,10,,,0,70,,51883,10,,,0,30,,51884,10,,,0
10201,'Sunday',657,,51887,10,,,0,70,,51900,10,,,0,30,,51889,10,,,0,70,,51902,10,,,0,30,,51888,10,,,0,70,,51901,10,,,0,30,,51890,10,,,0,70,,51903,10,,,0,30,,51891,10,,,0,70,,51904,10,,,0,30,,51892,10,,,0,70,,51905,10,,,0,30,,51893,10,,,0,70,,51906,10,,,0,30,,51894,10,,,0,70,,51908,10,,,0,30,,51895,10,,,0,70,,51907,10,,,0,30,,51896,10,,,0,70,,51909,10,,,0,30,,51897,10,,,0,70,,51911,10,,,0,30,,51898,10,,,0,70,,51910,10,,,0,30,,51899,10,,,0,70,,51912,10,,,0,30,,51913,10,,,0,70,,51914,10,,,0,30,,51915,10,,,0,70,,51916,10,,,0,30,,51917,10,,,0,70,,51918,10,,,0,30,,51919,10,,,0,70,,51920,10,,,0
10201,'Weekday',457,,51925,10,,,0,70,,51926,10,,,0,25,,51927,10,,,0,61,,51928,10,,,0,20,,51929,10,,,0,20,,51930,10,,,0,60,,51931,10,,,0,20,,51932,10,,,0,20,,51933,10,,,0,60,,51934,10,,,0,20,,51935,10,,,0,26,,51936,10,,,0,69,,51938,10,,,0,30,,51939,10,,,0,70,,51940,10,,,0,30,,51937,10,,,0,70,,51941,10,,,0,30,,51942,10,,,0,70,,51943,10,,,0,30,,51944,10,,,0,70,,51947,10,,,0,30,,51948,10,,,0,70,,51945,10,,,0,22,,51950,10,,,0,60,,51951,10,,,0,20,,51946,10,,,0,20,,51949,10,,,0,60,,51952,10,,,0,20,,51953,10,,,0,20,,51954,10,,,0,60,,51956,10,,,0,20,,51958,10,,,0,20,,51955,10,,,0,60,,51959,10,,,0,20,,51957,10,,,0,20,,51960,10,,,0,62,,51961,10,,,0,24,,51962,10,,,0,70,,51963,10,,,0,30,,51964,10,,,0,70,,51965,10,,,0,30,,51966,10,,,0,70,,51967,10,,,0,30,,51968,10,,,0,70,,51969,10,,,0,30,,51923,10,,,0,70,,51924,10,,,0,30,,51922,10,,,0
10201,'1CCSDCUT-Weekday',457,,51974,10,,,0,70,,51975,10,,,0,25,,51976,10,,,0,61,,51977,10,,,0,20,,51978,10,,,0,20,,51979,10,,,0,60,,51980,10,,,0,20,,51981,10,,,0,20,,51982,10,,,0,60,,51983,10,,,0,20,,51984,10,,,0,26,,51985,10,,,0,69,,51987,10,,,0,30,,51988,10,,,0,70,,51989,10,,,0,30,,51986,10,,,0,70,,51990,10,,,0,30,,51991,10,,,0,70,,51992,10,,,0,30,,51993,10,,,0,70,,51996,10,,,0,30,,51997,10,,,0,70,,51994,10,,,0,22,,51999,10,,,0,60,,52000,10,,,0,20,,51995,10,,,0,20,,51998,10,,,0,60,,52001,10,,,0,20,,52002,10,,,0,20,,52003,10,,,0,60,,52005,10,,,0,20,,52007,10,,,0,20,,52004,10,,,0,60,,52008,10,,,0,20,,52006,10,,,0,20,,52009,10,,,0,62,,52010,10,,,0,24,,52011,10,,,0,70,,52012,10,,,0,30,,52013,10,,,0,70,,52014,10,,,0,30,,52015,10,,,0,70,,52016,10,,,0,30,,52017,10,,,0,70,,52018,10,,,0,30,,51972,10,,,0,70,,51973,10,,,0,30,,51971,10,,,0
10201,'1PUBCUT-Weekday',457,,52023,10,,,0,70,,52024,10,,,0,25,,52025,10,,,0,61,,52026,10,,,0,20,,52027,10,,,0,20,,52028,10,,,0,60,,52029,10,,,0,20,,52030,10,,,0,20,,52031,10,,,0,60,,52032,10,,,0,20,,52033,10,,,0,26,,52034,10,,,0,69,,52036,10,,,0,30,,52037,10,,,0,70,,52038,10,,,0,30,,52035,10,,,0,70,,52039,10,,,0,30,,52040,10,,,0,70,,52041,10,,,0,30,,52042,10,,,0,70,,52045,10,,,0,30,,52046,10,,,0,70,,52043,10,,,0,22,,52048,10,,,0,60,,52049,10,,,0,20,,52044,10,,,0,20,,52047,10,,,0,60,,52050,10,,,0,20,,52051,10,,,0,20,,52052,10,,,0,60,,52054,10,,,0,20,,52056,10,,,0,20,,52053,10,,,0,60,,52057,10,,,0,20,,52055,10,,,0,20,,52058,10,,,0,62,,52059,10,,,0,24,,52060,10,,,0,70,,52061,10,,,0,30,,52062,10,,,0,70,,52063,10,,,0,30,,52064,10,,,0,70,,52065,10,,,0,30,,52066,10,,,0,70,,52067,10,,,0,30,,52021,10,,,0,70,,52022,10,,,0,30,,52020,10,,,0
76500,'Weekday',814,,68669,2,0,48 49 50 47,0
76500,'1CCSDCUT-Weekday',814,,68671,2,0,48 49 50 47,0
86500,'Weekday',826,,69079,2,0,17 18 19 1 51,0
86500,'1PUBCUT-Weekday',826,,69081,2,0,17 18 19 1 51,0
86501,'Weekday0000100',1443,,69083,9,0,17 18 19 1 51,0
86501,'Weekday1111000',1559,,69085,9,0,17 18 19 1 51,0
86501,'1PUBCUT-Weekday0000100',1443,,69087,9,0,17 18 19 1 51,0
86501,'1PUBCUT-Weekday1111000',1559,,69089,9,0,17 18 19 1 51,0
