2000,'Saturday',639,,51236,,,0,68,,51255,,,0,28,,51242,,,0,68,,51248,,,0,28,,51263,,,0,28,,51268,,,0,70,,51237,,,0,28,,51256,,,0,68,,51243,,,0,28,,51250,,,0,68,,51262,,,0,28,,51269,,,0,68,,51235,,,0,28,,51257,,,0,68,,51244,,,0,28,,51251,,,0,68,,51264,,,0,28,,51270,,,0,68,,51238,,,0,28,,51258,,,0,68,,51245,,,0,28,,51252,,,0,28,,51265,,,0,68,,51271,,,0,28,,51239,,,0,68,,51259,,,0,28,,51246,,,0,68,,51253,,,0,28,,51267,,,0,67,,51272,,,0,27,,51241,,,0,68,,51260,,,0,28,,51247,,,0,68,,51254,,,0,28,,51266,,,0,28,,51273,,,0,68,,51240,,,0,28,,51261,,,0,67,,51249,,,0
2000,'Sunday',639,,51274,,,0,68,,51293,,,0,28,,51282,,,0,68,,51287,,,0,28,,51300,,,0,28,,51307,,,0,70,,51275,,,0,28,,51294,,,0,68,,51283,,,0,28,,51288,,,0,68,,51301,,,0,28,,51306,,,0,68,,51276,,,0,28,,51295,,,0,68,,51284,,,0,28,,51289,,,0,68,,51302,,,0,28,,51308,,,0,68,,51277,,,0,28,,51296,,,0,68,,51285,,,0,28,,51290,,,0,28,,51303,,,0,68,,51310,,,0,28,,51278,,,0,68,,51297,,,0,28,,51281,,,0,68,,51291,,,0,28,,51304,,,0,67,,51309,,,0,27,,51280,,,0,68,,51298,,,0,28,,51286,,,0,68,,51292,,,0,28,,51305,,,0,28,,51311,,,0,68,,51279,,,0,28,,51299,,,0
2000,'Weekday',502,,51312,,,0,21,,51322,,,0,24,,51326,,,0,70,,51340,,,0,27,,51334,,,0,15,,51346,,,0,54,,51320,,,0,14,,51348,,,0,14,,51313,,,0,14,,51350,,,0,54,,51321,,,0,14,,51345,,,0,14,,51327,,,0,14,,51347,,,0,52,,51338,,,0,14,,51349,,,0,14,,51336,,,0,28,,51351,,,0,68,,51314,,,0,28,,51323,,,0,68,,51328,,,0,28,,51341,,,0,68,,51335,,,0,28,,51352,,,0,68,,51315,,,0,28,,51324,,,0,68,,51329,,,0,28,,51342,,,0,70,,51337,,,0,3,,51357,,,0,20,,51362,,,0,5,,51353,,,0,14,,51360,,,0,54,,51316,,,0,14,,51368,,,0,14,,51325,,,0,14,,51371,,,0,54,,51331,,,0,13,,51358,,,0,12,,51363,,,0,14,,51343,,,0,14,,51339,,,0,54,,51359,,,0,14,,51354,,,0,14,,51361,,,0,14,,51317,,,0,53,,51367,,,0,28,,51330,,,0,28,,51364,,,0,68,,51344,,,0,28,,51355,,,0,68,,51318,,,0,28,,51369,,,0,68,,51332,,,0,35,,51365,,,0,67,,51356,,,0,30,,51319,,,0,70,,51370,,,0,30,,51333,,,0,60,,51366,,,0
2000,'Weekday0000100',1433,,51372,,,0
2000,'1CCSDCUT-Weekday',502,,51373,,,0,21,,51383,,,0,24,,51387,,,0,70,,51401,,,0,27,,51395,,,0,15,,51407,,,0,54,,51381,,,0,14,,51409,,,0,14,,51374,,,0,14,,51411,,,0,54,,51382,,,0,14,,51406,,,0,14,,51388,,,0,14,,51408,,,0,52,,51399,,,0,14,,51410,,,0,14,,51397,,,0,28,,51412,,,0,68,,51375,,,0,28,,51384,,,0,68,,51389,,,0,28,,51402,,,0,68,,51396,,,0,28,,51413,,,0,68,,51376,,,0,28,,51385,,,0,68,,51390,,,0,28,,51403,,,0,70,,51398,,,0,3,,51418,,,0,20,,51423,,,0,5,,51414,,,0,14,,51421,,,0,54,,51377,,,0,14,,51429,,,0,14,,51386,,,0,14,,51432,,,0,54,,51392,,,0,13,,51419,,,0,12,,51424,,,0,14,,51404,,,0,14,,51400,,,0,54,,51420,,,0,14,,51415,,,0,14,,51422,,,0,14,,51378,,,0,53,,51428,,,0,28,,51391,,,0,28,,51425,,,0,68,,51405,,,0,28,,51416,,,0,68,,51379,,,0,28,,51430,,,0,68,,51393,,,0,35,,51426,,,0,67,,51417,,,0,30,,51380,,,0,70,,51431,,,0,30,,51394,,,0,60,,51427,,,0
2000,'1CCSDCUT-Weekday0000100',1433,,51433,,,0
2000,'1PUBCUT-Weekday',502,,51434,,,0,21,,51444,,,0,24,,51448,,,0,70,,51462,,,0,27,,51456,,,0,15,,51468,,,0,54,,51442,,,0,14,,51470,,,0,14,,51435,,,0,14,,51472,,,0,54,,51443,,,0,14,,51467,,,0,14,,51449,,,0,14,,51469,,,0,52,,51460,,,0,14,,51471,,,0,14,,51458,,,0,28,,51473,,,0,68,,51436,,,0,28,,51445,,,0,68,,51450,,,0,28,,51463,,,0,68,,51457,,,0,28,,51474,,,0,68,,51437,,,0,28,,51446,,,0,68,,51451,,,0,28,,51464,,,0,70,,51459,,,0,3,,51479,,,0,20,,51484,,,0,5,,51475,,,0,14,,51482,,,0,54,,51438,,,0,14,,51490,,,0,14,,51447,,,0,14,,51493,,,0,54,,51453,,,0,13,,51480,,,0,12,,51485,,,0,14,,51465,,,0,14,,51461,,,0,54,,51481,,,0,14,,51476,,,0,14,,51483,,,0,14,,51439,,,0,53,,51489,,,0,28,,51452,,,0,28,,51486,,,0,68,,51466,,,0,28,,51477,,,0,68,,51440,,,0,28,,51491,,,0,68,,51454,,,0,35,,51487,,,0,67,,51478,,,0,30,,51441,,,0,70,,51492,,,0,30,,51455,,,0,60,,51488,,,0
2000,'1PUBCUT-Weekday0000100',1433,,51494,,,0
10400,'Saturday',612,,72363,,,0,32,,72378,,,0,72,,72364,,,0,32,,72379,,,0,72,,72366,,,0,32,,72380,,,0,72,,72368,,,0,32,,72381,,,0,72,,72367,,,0,72,,72382,,,0,32,,72365,,,0,72,,72383,,,0,32,,72369,,,0,72,,72384,,,0,32,,72371,,,0,72,,72385,,,0,32,,72370,,,0,72,,72386,,,0,32,,72372,,,0,72,,72389,,,0,32,,72374,,,0,72,,72387,,,0,32,,72373,,,0,72,,72388,,,0,72,,72375,,,0,32,,72390,,,0,72,,72377,,,0,32,,72391,,,0,72,,72376,,,0,34,,72392,,,0
10400,'Sunday',612,,72393,,,0,32,,72408,,,0,72,,72394,,,0,32,,72409,,,0,72,,72396,,,0,32,,72410,,,0,72,,72395,,,0,32,,72411,,,0,72,,72398,,,0,72,,72412,,,0,32,,72399,,,0,72,,72413,,,0,32,,72397,,,0,72,,72414,,,0,32,,72400,,,0,72,,72415,,,0,32,,72402,,,0,72,,72416,,,0,32,,72401,,,0,72,,72418,,,0,32,,72403,,,0,72,,72417,,,0,32,,72404,,,0,72,,72419,,,0,72,,72405,,,0,32,,72420,,,0,72,,72407,,,0,32,,72421,,,0,72,,72406,,,0,34,,72422,,,0
10400,'Weekday',552,,72423,,,0,71,,72441,,,0,33,,72424,,,0,72,,72443,,,0,74,,72425,,,0,33,,72444,,,0,70,,72426,,,0,32,,72445,,,0,72,,72427,,,0,32,,72446,,,0,72,,72428,,,0,32,,72447,,,0,72,,72429,,,0,32,,72448,,,0,72,,72430,,,0,32,,72449,,,0,72,,72431,,,0,32,,72450,,,0,74,,72432,,,0,72,,72451,,,0,33,,72433,,,0,70,,72453,,,0,32,,72434,,,0,70,,72452,,,0,32,,72435,,,0,72,,72454,,,0,32,,72436,,,0,72,,72455,,,0,32,,72437,,,0,72,,72456,,,0,32,,72438,,,0,72,,72457,,,0,32,,72439,,,0,72,,72458,,,0,72,,72440,,,0,32,,72459,,,0,76,,72442,,,0
10400,'1CCSDCUT-Weekday',552,,72460,,,0,71,,72478,,,0,33,,72461,,,0,72,,72480,,,0,74,,72462,,,0,33,,72481,,,0,70,,72463,,,0,32,,72482,,,0,72,,72464,,,0,32,,72483,,,0,72,,72465,,,0,32,,72484,,,0,72,,72466,,,0,32,,72485,,,0,72,,72467,,,0,32,,72486,,,0,72,,72468,,,0,32,,72487,,,0,74,,72469,,,0,72,,72488,,,0,33,,72470,,,0,70,,72490,,,0,32,,72471,,,0,70,,72489,,,0,32,,72472,,,0,72,,72491,,,0,32,,72473,,,0,72,,72492,,,0,32,,72474,,,0,72,,72493,,,0,32,,72475,,,0,72,,72494,,,0,32,,72476,,,0,72,,72495,,,0,72,,72477,,,0,32,,72496,,,0,76,,72479,,,0
10400,'1PUBCUT-Weekday',552,,72497,,,0,71,,72515,,,0,33,,72498,,,0,72,,72517,,,0,74,,72499,,,0,33,,72518,,,0,70,,72500,,,0,32,,72519,,,0,72,,72501,,,0,32,,72520,,,0,72,,72502,,,0,32,,72521,,,0,72,,72503,,,0,32,,72522,,,0,72,,72504,,,0,32,,72523,,,0,72,,72505,,,0,32,,72524,,,0,74,,72506,,,0,72,,72525,,,0,33,,72507,,,0,70,,72527,,,0,32,,72508,,,0,70,,72526,,,0,32,,72509,,,0,72,,72528,,,0,32,,72510,,,0,72,,72529,,,0,32,,72511,,,0,72,,72530,,,0,32,,72512,,,0,72,,72531,,,0,32,,72513,,,0,72,,72532,,,0,72,,72514,,,0,32,,72533,,,0,76,,72516,,,0
