1900,'Saturday',551,,50840,,,0,75,,50854,,,0,77,2,50863,,,0,35,2,50848,,,0,75,2,50842,,,0,35,2,50856,,,0,75,2,50864,,,0,35,2,50850,,,0,75,2,50841,,,0,75,2,50858,,,0,35,2,50865,,,0,75,2,50849,,,0,31,2,50843,,,0,60,2,50870,,,0,28,2,50857,,,0,68,2,50866,,,0,28,2,50851,,,0,68,42,50844,,,0,28,2,50872,,,0,28,2,50860,,,0,68,2,50867,,,0,28,2,50852,,,0,68,2,50845,,,0,28,2,50873,,,0,68,2,50859,,,0,28,2,50869,,,0,75,2,50853,,,0,35,2,50846,,,0,75,2,50862,,,0,75,2,50868,,,0,35,2,50855,,,0,75,2,50847,,,0,35,2,50861,,,0,75,2,50871,,,0
1900,'Sunday',551,,50874,,,0,75,,50890,,,0,77,2,50897,,,0,35,2,50882,,,0,75,2,50875,,,0,35,2,50889,,,0,75,2,50898,,,0,35,2,50883,,,0,75,2,50876,,,0,75,2,50892,,,0,35,2,50899,,,0,75,2,50884,,,0,31,2,50877,,,0,60,2,50905,,,0,28,2,50891,,,0,68,2,50901,,,0,28,2,50885,,,0,68,42,50878,,,0,28,2,50906,,,0,28,2,50893,,,0,68,2,50900,,,0,28,2,50886,,,0,68,2,50879,,,0,28,2,50907,,,0,68,2,50894,,,0,28,2,50902,,,0,75,2,50887,,,0,35,2,50880,,,0,75,2,50895,,,0,75,2,50903,,,0,35,2,50888,,,0,75,2,50881,,,0,35,2,50896,,,0,75,2,50904,,,0
1900,'Weekday',511,,50926,,,0,29,2,50934,,,0,70,2,50942,,,0,26,2,50910,,,0,74,2,50918,,,0,26,2,50927,,,0,75,2,50935,,,0,3,,50908,4,,0,35,2,50943,,,0,70,2,50912,,,0,32,2,50919,,,0,72,2,50928,,,0,32,2,50936,,,0,72,2,50944,,,0,32,2,50911,,,0,72,2,50920,,,0,72,2,50929,,,0,32,2,50937,,,0,72,2,50945,,,0,32,2,50913,,,0,74,2,50921,,,0,2,,50909,4,,0,30,2,50930,,,0,72,2,50938,,,0,31,2,50946,,,0,72,2,50914,,,0,32,2,50922,,,0,70,2,50931,,,0,29,2,50939,,,0,66,2,50947,,,0,30,2,50915,,,0,70,2,50923,,,0,30,2,50932,,,0,70,2,50940,,,0,30,2,50948,,,0,70,2,50916,,,0,29,2,50924,,,0,69,2,50933,,,0,30,2,50941,,,0,70,2,50949,,,0,30,2,50917,,,0,70,2,50925,,,0
1900,'1CCSDCUT-Weekday',511,,50968,,,0,29,2,50976,,,0,70,2,50984,,,0,26,2,50952,,,0,74,2,50960,,,0,26,2,50969,,,0,75,2,50977,,,0,3,,50950,4,,0,35,2,50985,,,0,70,2,50954,,,0,32,2,50961,,,0,72,2,50970,,,0,32,2,50978,,,0,72,2,50986,,,0,32,2,50953,,,0,72,2,50962,,,0,72,2,50971,,,0,32,2,50979,,,0,72,2,50987,,,0,32,2,50955,,,0,74,2,50963,,,0,2,,50951,4,,0,30,2,50972,,,0,72,2,50980,,,0,31,2,50988,,,0,72,2,50956,,,0,32,2,50964,,,0,70,2,50973,,,0,29,2,50981,,,0,66,2,50989,,,0,30,2,50957,,,0,70,2,50965,,,0,30,2,50974,,,0,70,2,50982,,,0,30,2,50990,,,0,70,2,50958,,,0,29,2,50966,,,0,69,2,50975,,,0,30,2,50983,,,0,70,2,50991,,,0,30,2,50959,,,0,70,2,50967,,,0
1900,'1PUBCUT-Weekday',511,,51009,,,0,29,2,51017,,,0,70,2,51025,,,0,26,2,50993,,,0,74,2,51001,,,0,26,2,51010,,,0,75,2,51018,,,0,38,2,51026,,,0,70,2,50995,,,0,32,2,51002,,,0,72,2,51011,,,0,32,2,51019,,,0,72,2,51027,,,0,32,2,50994,,,0,72,2,51003,,,0,72,2,51012,,,0,32,2,51020,,,0,72,2,51028,,,0,32,2,50996,,,0,74,2,51004,,,0,2,,50992,4,,0,30,2,51013,,,0,72,2,51021,,,0,31,2,51029,,,0,72,2,50997,,,0,32,2,51005,,,0,70,2,51014,,,0,29,2,51022,,,0,66,2,51030,,,0,30,2,50998,,,0,70,2,51006,,,0,30,2,51015,,,0,70,2,51023,,,0,30,2,51031,,,0,70,2,50999,,,0,29,2,51007,,,0,69,2,51016,,,0,30,2,51024,,,0,70,2,51032,,,0,30,2,51000,,,0,70,2,51008,,,0
8900,'Weekday',642,,68138,,,0,82,,68140,,,0,82,,68137,,,0,744,,68141,4,,0,67,,68143,,,0,85,,68142,,,0,39,,68144,,,0,82,,68145,,,0
8900,'1CCSDCUT-Weekday',642,,68150,,,0,82,,68152,,,0,82,,68149,,,0,744,,68153,4,,0,67,,68155,,,0,85,,68154,,,0,39,,68156,,,0,82,,68157,,,0
8900,'1PUBCUT-Weekday',642,,68161,,,0,82,,68163,,,0,82,,68160,,,0,744,,68164,4,,0,67,,68166,,,0,85,,68165,,,0,39,,68167,,,0,82,,68168,,,0
8901,'Weekday',632,,68171,4,,0,82,,68174,4,,0,44,,68172,4,,0,83,,68176,,,0,2,,68179,4,,0,79,,68173,4,,0,778,,68175,4,,0,38,,68178,4,,0,82,,68177,4,,0
8901,'1CCSDCUT-Weekday',632,,68180,4,,0,82,,68183,4,,0,44,,68181,4,,0,83,,68185,,,0,2,,68188,4,,0,79,,68182,4,,0,778,,68184,4,,0,38,,68187,4,,0,82,,68186,4,,0
8901,'1PUBCUT-Weekday',632,,68189,4,,0,82,,68192,4,,0,44,,68190,4,,0,83,,68194,,,0,2,,68197,4,,0,79,,68191,4,,0,778,,68193,4,,0,38,,68196,4,,0,82,,68195,4,,0
10500,'Saturday',640,,72713,,,0,80,,72704,,,0,80,,72719,,,0,40,,72708,,,0,80,,72714,,,0,80,,72703,,,0,40,,72721,,,0,80,,72709,,,0,80,,72715,,,0,40,,72706,,,0,80,,72722,,,0,80,,72710,,,0,40,,72717,,,0,80,,72705,,,0,80,,72723,,,0,40,,72711,,,0,80,,72716,,,0,80,,72707,,,0,40,,72720,,,0,80,,72712,,,0,80,,72718,,,0,40,,72702,,,0
10500,'Sunday',640,,72724,,,0,80,,72731,,,0,80,,72738,,,0,40,,72725,,,0,80,,72732,,,0,80,,72739,,,0,40,,72726,,,0,80,,72733,,,0,80,,72740,,,0,40,,72727,,,0,80,,72734,,,0,80,,72741,,,0,40,,72728,,,0,80,,72735,,,0,80,,72742,,,0,40,,72729,,,0,80,,72736,,,0,80,,72743,,,0,40,,72730,,,0,80,,72737,,,0,80,,72744,,,0,40,,72745,,,0
10500,'Weekday',534,,72771,,,0,70,,72762,,,0,30,,72754,,,0,70,,72746,,,0,30,,72772,,,0,70,,72763,,,0,30,,72755,,,0,70,,72747,,,0,30,,72773,,,0,70,,72765,,,0,30,,72756,,,0,70,,72748,,,0,30,,72774,,,0,70,,72764,,,0,30,,72757,,,0,70,,72749,,,0,30,,72775,,,0,70,,72766,,,0,30,,72758,,,0,66,,72750,,,0,34,,72776,,,0,70,,72767,,,0,30,,72759,,,0,70,,72751,,,0,30,,72777,,,0,70,,72768,,,0,30,,72760,,,0,70,,72752,,,0,30,,72778,,,0,70,,72769,,,0,30,,72761,,,0,70,,72753,,,0,30,,72779,,,0,83,,72770,,,0
10500,'Weekday1111000',1450,,72782,,,0
10500,'1CCSDCUT-Weekday',534,,72808,,,0,70,,72799,,,0,30,,72791,,,0,70,,72783,,,0,30,,72809,,,0,70,,72800,,,0,30,,72792,,,0,70,,72784,,,0,30,,72810,,,0,70,,72802,,,0,30,,72793,,,0,70,,72785,,,0,30,,72811,,,0,70,,72801,,,0,30,,72794,,,0,70,,72786,,,0,30,,72812,,,0,70,,72803,,,0,30,,72795,,,0,66,,72787,,,0,34,,72813,,,0,70,,72804,,,0,30,,72796,,,0,70,,72788,,,0,30,,72814,,,0,70,,72805,,,0,30,,72797,,,0,70,,72789,,,0,30,,72815,,,0,70,,72806,,,0,30,,72798,,,0,70,,72790,,,0,30,,72816,,,0,83,,72807,,,0
10500,'1CCSDCUT-Weekday1111000',1450,,72819,,,0
10500,'1PUBCUT-Weekday',534,,72845,,,0,70,,72836,,,0,30,,72828,,,0,70,,72820,,,0,30,,72846,,,0,70,,72837,,,0,30,,72829,,,0,70,,72821,,,0,30,,72847,,,0,70,,72839,,,0,30,,72830,,,0,70,,72822,,,0,30,,72848,,,0,70,,72838,,,0,30,,72831,,,0,70,,72823,,,0,30,,72849,,,0,70,,72840,,,0,30,,72832,,,0,66,,72824,,,0,34,,72850,,,0,70,,72841,,,0,30,,72833,,,0,70,,72825,,,0,30,,72851,,,0,70,,72842,,,0,30,,72834,,,0,70,,72826,,,0,30,,72852,,,0,70,,72843,,,0,30,,72835,,,0,70,,72827,,,0,30,,72853,,,0,83,,72844,,,0
10501,'Saturday',638,,72855,4,,0,75,,72865,4,,0,40,,72862,4,,0,80,,72864,4,,0,80,,72867,4,,0,40,,72863,4,,0,80,,72866,4,,0,80,,72869,4,,0,40,,72870,4,,0,80,,72872,4,,0,80,,72868,4,,0,40,,72873,4,,0,80,,72874,4,,0,80,,72871,4,,0,40,,72875,4,,0,80,,72876,4,,0,80,,72860,4,,0,40,,72859,4,,0,79,,72861,4,,0,80,,72857,4,,0,40,,72858,4,,0,80,,72856,4,,0
10501,'Sunday',638,,72877,4,,0,75,,72884,4,,0,40,,72891,4,,0,80,,72878,4,,0,80,,72885,4,,0,40,,72892,4,,0,80,,72879,4,,0,80,,72886,4,,0,40,,72893,4,,0,80,,72880,4,,0,80,,72887,4,,0,40,,72894,4,,0,80,,72881,4,,0,80,,72888,4,,0,40,,72895,4,,0,80,,72882,4,,0,80,,72889,4,,0,40,,72896,4,,0,79,,72883,4,,0,80,,72890,4,,0,40,,72898,4,,0,80,,72897,4,,0
10501,'Weekday',529,,72924,4,,0,30,,72915,4,,0,69,,72907,4,,0,73,,72899,4,,0,30,,72925,4,,0,72,,72918,4,,0,30,,72908,4,,0,14,,72933,4,,0,53,,72900,4,,0,30,,72926,4,,0,70,,72916,4,,0,30,,72909,4,,0,70,,72901,4,,0,30,,72927,4,,0,70,,72917,4,,0,30,,72910,4,,0,70,,72902,4,,0,30,,72928,4,,0,70,,72919,4,,0,30,,72911,4,,0,70,,72903,4,,0,33,,72929,4,,0,70,,72920,4,,0,30,,72912,4,,0,70,,72904,4,,0,30,,72930,4,,0,70,,72921,4,,0,30,,72914,4,,0,67,,72905,4,,0,29,,72931,4,,0,30,,72922,4,,0,70,,72913,4,,0,29,,72906,4,,0,69,,72932,4,,0,83,,72923,4,,0
10501,'1CCSDCUT-Weekday',529,,72959,4,,0,30,,72950,4,,0,69,,72942,4,,0,73,,72934,4,,0,30,,72960,4,,0,72,,72953,4,,0,30,,72943,4,,0,14,,72968,4,,0,53,,72935,4,,0,30,,72961,4,,0,70,,72951,4,,0,30,,72944,4,,0,70,,72936,4,,0,30,,72962,4,,0,70,,72952,4,,0,30,,72945,4,,0,70,,72937,4,,0,30,,72963,4,,0,70,,72954,4,,0,30,,72946,4,,0,70,,72938,4,,0,33,,72964,4,,0,70,,72955,4,,0,30,,72947,4,,0,70,,72939,4,,0,30,,72965,4,,0,70,,72956,4,,0,30,,72949,4,,0,67,,72940,4,,0,29,,72966,4,,0,30,,72957,4,,0,70,,72948,4,,0,29,,72941,4,,0,69,,72967,4,,0,83,,72958,4,,0
10501,'1PUBCUT-Weekday',529,,72994,4,,0,30,,72985,4,,0,69,,72977,4,,0,73,,72969,4,,0,30,,72995,4,,0,72,,72988,4,,0,30,,72978,4,,0,14,,73003,4,,0,53,,72970,4,,0,30,,72996,4,,0,70,,72986,4,,0,30,,72979,4,,0,70,,72971,4,,0,30,,72997,4,,0,70,,72987,4,,0,30,,72980,4,,0,70,,72972,4,,0,30,,72998,4,,0,70,,72989,4,,0,30,,72981,4,,0,70,,72973,4,,0,33,,72999,4,,0,70,,72990,4,,0,30,,72982,4,,0,70,,72974,4,,0,30,,73000,4,,0,70,,72991,4,,0,30,,72984,4,,0,67,,72975,4,,0,29,,73001,4,,0,30,,72992,4,,0,70,,72983,4,,0,29,,72976,4,,0,69,,73002,4,,0,83,,72993,4,,0
41401,'Saturday',853,2,88021,0,194 12 119,0,100,2,88020,0,194 12 119,0,100,2,88028,0,194 12 119,0,100,2,88023,0,194 12 119,0,100,2,88027,0,194 12 119,0,100,2,88019,0,194 12 119,0,100,2,88026,0,194 12 119,0,100,2,88025,0,194 12 119,0,100,2,88024,0,194 12 119,0,100,2,88022,0,194 12 119,0,100,2,88018,0,194 12 119,0
41401,'Sunday',953,2,88033,0,194 12 119,0,100,2,88032,0,194 12 119,0,100,2,88030,0,194 12 119,0,100,2,88031,0,194 12 119,0,100,2,88036,0,194 12 119,0,100,2,88034,0,194 12 119,0,100,2,88037,0,194 12 119,0,100,2,88038,0,194 12 119,0,100,2,88035,0,194 12 119,0,100,2,88029,0,194 12 119,0
41401,'Weekday',651,2,88039,0,194 12 119,0,70,2,88051,0,194 12 119,0,30,2,88040,0,194 12 119,0,70,2,88052,0,194 12 119,0,30,2,88041,0,194 12 119,0,70,3,88054,0,194 12 119,0,30,3,88042,0,194 12 119,0,100,3,88044,0,194 12 119,0,100,3,88043,0,194 12 119,0,100,3,88046,0,194 12 119,0,100,3,88045,0,194 12 119,0,100,3,88047,0,194 12 119,0,75,3,88053,0,194 12 119,0,29,3,88048,0,194 12 119,0,78,3,88055,0,194 12 119,0,69,43,88049,0,194 12 119,0,43,3,88056,0,194 12 119,0,71,2,88050,0,194 12 119,0
41401,'1CCSDCUT-Weekday',651,2,88057,0,194 12 119,0,70,2,88069,0,194 12 119,0,30,2,88058,0,194 12 119,0,70,2,88070,0,194 12 119,0,30,2,88059,0,194 12 119,0,70,3,88072,0,194 12 119,0,30,3,88060,0,194 12 119,0,100,3,88062,0,194 12 119,0,100,3,88061,0,194 12 119,0,100,3,88064,0,194 12 119,0,100,3,88063,0,194 12 119,0,100,3,88065,0,194 12 119,0,75,3,88071,0,194 12 119,0,29,3,88066,0,194 12 119,0,78,3,88073,0,194 12 119,0,69,43,88067,0,194 12 119,0,43,3,88074,0,194 12 119,0,71,2,88068,0,194 12 119,0
41401,'1PUBCUT-Weekday',651,2,88075,0,194 12 119,0,70,2,88087,0,194 12 119,0,30,2,88076,0,194 12 119,0,70,2,88088,0,194 12 119,0,30,2,88077,0,194 12 119,0,70,3,88090,0,194 12 119,0,30,3,88078,0,194 12 119,0,100,3,88080,0,194 12 119,0,100,3,88079,0,194 12 119,0,100,3,88082,0,194 12 119,0,100,3,88081,0,194 12 119,0,100,3,88083,0,194 12 119,0,75,3,88089,0,194 12 119,0,29,3,88084,0,194 12 119,0,78,3,88091,0,194 12 119,0,69,43,88085,0,194 12 119,0,43,3,88092,0,194 12 119,0,71,2,88086,0,194 12 119,0
