11900,'Saturday',1325,,119598,23,,,0,100,,119599,23,,,0,100,,119600,23,,,0,96,,119601,23,,,0,99,,119602,23,,,0,98,,119603,23,,,0,94,,119604,23,,,0,93,,119605,23,,,0,53,,119606,23,,,0,94,,119607,23,,,0,94,,119608,23,,,0,94,,119609,23,,,0,94,,119610,23,,,0
11900,'Sunday',1325,,119611,23,,,0,100,,119612,23,,,0,100,,119613,23,,,0,96,,119615,23,,,0,99,,119616,23,,,0,98,,119617,23,,,0,94,,119614,23,,,0,93,,119618,23,,,0,53,,119619,23,,,0,94,,119620,23,,,0,94,,119621,23,,,0,94,,119622,23,,,0,94,,119623,23,,,0
11900,'Weekday',1325,,119627,23,,,0,100,,119624,23,,,0,100,,119626,23,,,0,96,,119625,23,,,0,98,,119628,23,,,0,98,,119629,23,,,0,95,,119630,23,,,0,93,,119631,23,,,0,53,,119632,23,,,0,94,,119633,23,,,0,94,,119634,23,,,0,94,,119635,23,,,0,94,,119636,23,,,0
11900,'STMPSa-Saturday',1325,,119637,23,,,0,100,,119638,23,,,0,100,,119639,23,,,0,96,,119640,23,,,0,99,,119641,23,,,0,98,,119642,23,,,0,94,,119643,23,,,0,93,,119644,23,,,0,53,,119645,23,,,0,94,,119646,23,,,0,94,,119647,23,,,0,94,,119648,23,,,0,94,,119649,23,,,0
11900,'STMPSnea-Weekday',1325,,119653,23,,,0,100,,119650,23,,,0,100,,119652,23,,,0,96,,119651,23,,,0,98,,119654,23,,,0,98,,119655,23,,,0,95,,119656,23,,,0,93,,119657,23,,,0,53,,119658,23,,,0,94,,119659,23,,,0,94,,119660,23,,,0,94,,119661,23,,,0,94,,119662,23,,,0
11900,'STMPSu1-Sunday',1325,,119663,23,,,0,100,,119664,23,,,0,100,,119665,23,,,0,96,,119667,23,,,0,99,,119668,23,,,0,98,,119669,23,,,0,94,,119666,23,,,0,93,,119670,23,,,0,53,,119671,23,,,0,94,,119672,23,,,0,94,,119673,23,,,0,94,,119674,23,,,0,94,,119675,23,,,0
11900,'STMPSu2-Sunday',1325,,119676,23,,,0,100,,119677,23,,,0,100,,119678,23,,,0,96,,119680,23,,,0,99,,119681,23,,,0,98,,119682,23,,,0,94,,119679,23,,,0,93,,119683,23,,,0,53,,119684,23,,,0,94,,119685,23,,,0,94,,119686,23,,,0,94,,119687,23,,,0,94,,119688,23,,,0
11900,'STMPWeek-Weekday',1325,,119692,23,,,0,100,,119689,23,,,0,100,,119691,23,,,0,96,,119690,23,,,0,98,,119693,23,,,0,98,,119694,23,,,0,95,,119695,23,,,0,93,,119696,23,,,0,53,,119697,23,,,0,94,,119698,23,,,0,94,,119699,23,,,0,94,,119700,23,,,0,94,,119701,23,,,0
11900,'STMPar-Weekday',1325,,119705,23,,,0,100,,119702,23,,,0,100,,119704,23,,,0,96,,119703,23,,,0,98,,119706,23,,,0,98,,119707,23,,,0,95,,119708,23,,,0,93,,119709,23,,,0,53,,119710,23,,,0,94,,119711,23,,,0,94,,119712,23,,,0,94,,119713,23,,,0,94,,119714,23,,,0
11901,'Saturday',612,,119715,23,,,0,93,,119716,23,,,0,53,,119717,23,,,0,93,,119719,23,,,0,93,,119720,23,,,0,93,,119721,23,,,0,93,,119718,23,,,0,93,,119722,23,,,0
11901,'Sunday',612,,119724,23,,,0,93,,119725,23,,,0,53,,119726,23,,,0,93,,119723,23,,,0,93,,119728,23,,,0,93,,119729,23,,,0,93,,119730,23,,,0,93,,119727,23,,,0
11901,'Weekday',611,,119731,23,,,0,92,,119732,23,,,0,53,,119733,23,,,0,93,,119735,23,,,0,93,,119736,23,,,0,93,,119737,23,,,0,93,,119734,23,,,0,93,,119738,23,,,0
11901,'STMPSa-Saturday',612,,119739,23,,,0,93,,119740,23,,,0,53,,119741,23,,,0,93,,119743,23,,,0,93,,119744,23,,,0,93,,119745,23,,,0,93,,119742,23,,,0,93,,119746,23,,,0
11901,'STMPSnea-Weekday',611,,119747,23,,,0,92,,119748,23,,,0,53,,119749,23,,,0,93,,119751,23,,,0,93,,119752,23,,,0,93,,119753,23,,,0,93,,119750,23,,,0,93,,119754,23,,,0
11901,'STMPSu1-Sunday',612,,119756,23,,,0,93,,119757,23,,,0,53,,119758,23,,,0,93,,119755,23,,,0,93,,119760,23,,,0,93,,119761,23,,,0,93,,119762,23,,,0,93,,119759,23,,,0
11901,'STMPSu2-Sunday',612,,119764,23,,,0,93,,119765,23,,,0,53,,119766,23,,,0,93,,119763,23,,,0,93,,119768,23,,,0,93,,119769,23,,,0,93,,119770,23,,,0,93,,119767,23,,,0
11901,'STMPWeek-Weekday',611,,119771,23,,,0,92,,119772,23,,,0,53,,119773,23,,,0,93,,119775,23,,,0,93,,119776,23,,,0,93,,119777,23,,,0,93,,119774,23,,,0,93,,119778,23,,,0
11901,'STMPar-Weekday',611,,119780,23,,,0,92,,119779,23,,,0,53,,119781,23,,,0,93,,119783,23,,,0,93,,119784,23,,,0,93,,119785,23,,,0,93,,119782,23,,,0,93,,119786,23,,,0
12801,'Saturday',539,,122852,44,,,0,70,,122853,44,,,0,30,,122854,44,,,0,20,,122855,44,,,0,60,,122862,44,,,0,20,,122856,44,,,0,20,,122857,44,,,0,60,,122867,44,,,0,20,,122868,44,,,0,61,,122869,44,,,0,21,,122870,44,,,0,20,,122871,44,,,0,60,,122872,44,,,0,20,,122873,44,,,0,20,,122874,44,,,0,60,,122875,44,,,0,20,,122876,44,,,0,20,,122877,44,,,0,60,,122878,44,,,0,20,,122879,44,,,0,20,,122880,44,,,0,60,,122881,44,,,0,20,,122882,44,,,0,20,,122883,44,,,0,60,,122884,44,,,0,20,,122885,44,,,0,21,,122886,44,,,0,61,,122887,44,,,0,20,,122888,44,,,0,21,,122889,44,,,0,61,,122890,44,,,0,20,,122891,44,,,0,21,,122892,44,,,0,61,,122893,44,,,0,20,,122894,44,,,0,21,,122895,44,,,0,61,,122896,44,,,0,20,,122897,44,,,0,21,,122899,44,,,0,61,,122900,44,,,0,20,,122902,44,,,0,21,,122898,44,,,0,60,,122903,44,,,0,18,,122904,44,,,0,21,,122901,44,,,0,60,,122905,44,,,0,20,,122906,44,,,0,20,,122907,44,,,0,60,,122908,44,,,0,20,,122909,44,,,0,20,,122863,44,,,0,60,,122865,44,,,0,20,,122864,44,,,0,20,,122866,44,,,0,60,,122859,44,,,0,25,,122858,44,,,0,70,,122860,44,,,0,30,,122861,44,,,0
12801,'Sunday',539,,122911,44,,,0,70,,122929,44,,,0,30,,122912,44,,,0,20,,122949,44,,,0,60,,122930,44,,,0,20,,122910,44,,,0,20,,122950,44,,,0,60,,122932,44,,,0,20,,122913,44,,,0,61,,122951,44,,,0,21,,122933,44,,,0,20,,122914,44,,,0,60,,122952,44,,,0,20,,122934,44,,,0,20,,122915,44,,,0,60,,122953,44,,,0,20,,122931,44,,,0,20,,122916,44,,,0,60,,122955,44,,,0,20,,122935,44,,,0,20,,122917,44,,,0,60,,122956,44,,,0,20,,122936,44,,,0,20,,122918,44,,,0,60,,122957,44,,,0,20,,122937,44,,,0,21,,122919,44,,,0,61,,122954,44,,,0,20,,122938,44,,,0,21,,122921,44,,,0,61,,122958,44,,,0,20,,122940,44,,,0,21,,122922,44,,,0,61,,122959,44,,,0,20,,122941,44,,,0,21,,122923,44,,,0,61,,122960,44,,,0,20,,122942,44,,,0,21,,122920,44,,,0,61,,122961,44,,,0,20,,122939,44,,,0,21,,122924,44,,,0,60,,122962,44,,,0,18,,122943,44,,,0,21,,122926,44,,,0,60,,122963,44,,,0,20,,122944,44,,,0,20,,122927,44,,,0,60,,122964,44,,,0,20,,122945,44,,,0,20,,122928,44,,,0,60,,122965,44,,,0,20,,122946,44,,,0,20,,122925,44,,,0,60,,122966,44,,,0,25,,122947,44,,,0,70,,122967,44,,,0,30,,122948,44,,,0
12801,'Weekday',520,,123050,44,,,0,14,,122969,44,,,0,14,,122968,44,,,0,54,,122971,44,,,0,14,,122972,44,,,0,14,,122973,44,,,0,14,,122970,44,,,0,13,,122974,44,,,0,50,,122975,39,,,0,11,,122976,44,,,0,11,,122978,44,,,0,11,,122977,39,,,0,10,,123053,44,,,0,50,,123054,44,,,0,10,,122979,44,,,0,9,,122980,44,,,0,9,,122981,44,,,0,10,,122982,44,,,0,10,,122984,44,,,0,10,,122983,44,,,0,50,,122987,44,,,0,10,,122985,44,,,0,10,,122986,44,,,0,10,,122988,44,,,0,10,,122989,44,,,0,10,,122990,44,,,0,50,,123047,44,,,0,10,,123036,44,,,0,10,,123048,44,,,0,10,,123037,44,,,0,10,,123049,44,,,0,10,,123033,44,,,0,60,,123034,44,,,0,20,,123038,44,,,0,20,,123040,44,,,0,60,,123041,44,,,0,20,,123042,44,,,0,20,,123039,44,,,0,60,,123043,44,,,0,20,,123044,44,,,0,20,,123031,44,,,0,60,,123030,44,,,0,20,,123035,44,,,0,20,,123032,44,,,0,60,,122991,44,,,0,11,,122992,44,,,0,10,,122993,44,,,0,10,,122994,44,,,0,10,,122996,44,,,0,50,,122998,44,,,0,13,,122995,44,,,0,10,,122997,44,,,0,10,,122999,44,,,0,10,,123001,44,,,0,50,,123000,44,,,0,10,,123002,44,,,0,10,,123005,44,,,0,10,,123004,44,,,0,10,,123003,44,,,0,10,,123006,44,,,0,50,,123012,44,,,0,10,,123009,44,,,0,10,,123008,44,,,0,10,,123011,44,,,0,11,,123010,44,,,0,8,,123007,44,,,0,52,,123013,44,,,0,14,,123014,44,,,0,14,,123016,44,,,0,15,,123015,44,,,0,56,,123017,44,,,0,13,,123045,44,,,0,17,,123018,44,,,0,20,,123020,44,,,0,60,,123046,44,,,0,20,,123021,44,,,0,20,,123022,44,,,0,60,,123019,44,,,0,20,,123051,44,,,0,20,,123024,44,,,0,60,,123023,44,,,0,20,,123052,44,,,0,23,,123025,44,,,0,70,,123026,44,,,0,30,,123027,44,,,0,70,,123028,44,,,0,30,,123029,44,,,0
12801,'STMPSa-Saturday',539,,123055,44,,,0,70,,123056,44,,,0,30,,123057,44,,,0,20,,123058,44,,,0,60,,123065,44,,,0,20,,123059,44,,,0,20,,123060,44,,,0,60,,123071,44,,,0,20,,123072,44,,,0,61,,123069,44,,,0,21,,123073,44,,,0,20,,123074,44,,,0,60,,123075,44,,,0,20,,123076,44,,,0,20,,123077,44,,,0,60,,123078,44,,,0,20,,123079,44,,,0,20,,123080,44,,,0,60,,123081,44,,,0,20,,123082,44,,,0,20,,123083,44,,,0,60,,123084,44,,,0,20,,123085,44,,,0,20,,123086,44,,,0,60,,123087,44,,,0,20,,123088,44,,,0,21,,123089,44,,,0,61,,123090,44,,,0,20,,123091,44,,,0,21,,123092,44,,,0,61,,123093,44,,,0,20,,123094,44,,,0,21,,123095,44,,,0,61,,123096,44,,,0,20,,123097,44,,,0,21,,123098,44,,,0,61,,123099,44,,,0,20,,123100,44,,,0,21,,123102,44,,,0,61,,123103,44,,,0,20,,123105,44,,,0,21,,123101,44,,,0,60,,123106,44,,,0,18,,123107,44,,,0,21,,123104,44,,,0,60,,123108,44,,,0,20,,123109,44,,,0,20,,123110,44,,,0,60,,123111,44,,,0,20,,123112,44,,,0,20,,123066,44,,,0,60,,123068,44,,,0,20,,123067,44,,,0,20,,123070,44,,,0,60,,123062,44,,,0,25,,123061,44,,,0,70,,123063,44,,,0,30,,123064,44,,,0
12801,'STMPSnea-Weekday',520,,123195,44,,,0,14,,123114,44,,,0,14,,123113,44,,,0,54,,123116,44,,,0,14,,123117,44,,,0,14,,123118,44,,,0,14,,123115,44,,,0,13,,123119,44,,,0,50,,123120,39,,,0,11,,123121,44,,,0,11,,123123,44,,,0,11,,123122,39,,,0,10,,123198,44,,,0,50,,123199,44,,,0,10,,123124,44,,,0,9,,123125,44,,,0,9,,123126,44,,,0,10,,123127,44,,,0,10,,123129,44,,,0,10,,123128,44,,,0,50,,123132,44,,,0,10,,123130,44,,,0,10,,123131,44,,,0,10,,123133,44,,,0,10,,123134,44,,,0,10,,123135,44,,,0,50,,123192,44,,,0,10,,123181,44,,,0,10,,123193,44,,,0,10,,123182,44,,,0,10,,123194,44,,,0,10,,123178,44,,,0,60,,123179,44,,,0,20,,123183,44,,,0,20,,123185,44,,,0,60,,123186,44,,,0,20,,123187,44,,,0,20,,123184,44,,,0,60,,123188,44,,,0,20,,123189,44,,,0,20,,123176,44,,,0,60,,123175,44,,,0,20,,123180,44,,,0,20,,123177,44,,,0,60,,123136,44,,,0,11,,123137,44,,,0,10,,123138,44,,,0,10,,123139,44,,,0,10,,123141,44,,,0,50,,123143,44,,,0,13,,123140,44,,,0,10,,123142,44,,,0,10,,123144,44,,,0,10,,123146,44,,,0,50,,123145,44,,,0,10,,123147,44,,,0,10,,123150,44,,,0,10,,123149,44,,,0,10,,123148,44,,,0,10,,123151,44,,,0,50,,123157,44,,,0,10,,123154,44,,,0,10,,123153,44,,,0,10,,123156,44,,,0,11,,123155,44,,,0,8,,123152,44,,,0,52,,123158,44,,,0,14,,123159,44,,,0,14,,123161,44,,,0,15,,123160,44,,,0,56,,123162,44,,,0,13,,123190,44,,,0,17,,123163,44,,,0,20,,123165,44,,,0,60,,123191,44,,,0,20,,123166,44,,,0,20,,123167,44,,,0,60,,123164,44,,,0,20,,123196,44,,,0,20,,123169,44,,,0,60,,123168,44,,,0,20,,123197,44,,,0,23,,123170,44,,,0,70,,123171,44,,,0,30,,123172,44,,,0,70,,123173,44,,,0,30,,123174,44,,,0
12801,'STMPSu1-Sunday',539,,123201,44,,,0,70,,123219,44,,,0,30,,123202,44,,,0,20,,123239,44,,,0,60,,123220,44,,,0,20,,123200,44,,,0,20,,123240,44,,,0,60,,123222,44,,,0,20,,123203,44,,,0,61,,123242,44,,,0,21,,123223,44,,,0,20,,123204,44,,,0,60,,123243,44,,,0,20,,123224,44,,,0,20,,123205,44,,,0,60,,123244,44,,,0,20,,123221,44,,,0,20,,123206,44,,,0,60,,123245,44,,,0,20,,123225,44,,,0,20,,123207,44,,,0,60,,123246,44,,,0,20,,123226,44,,,0,20,,123208,44,,,0,60,,123247,44,,,0,20,,123227,44,,,0,21,,123209,44,,,0,61,,123241,44,,,0,20,,123228,44,,,0,21,,123211,44,,,0,61,,123248,44,,,0,20,,123230,44,,,0,21,,123212,44,,,0,61,,123249,44,,,0,20,,123231,44,,,0,21,,123213,44,,,0,61,,123250,44,,,0,20,,123232,44,,,0,21,,123210,44,,,0,61,,123251,44,,,0,20,,123229,44,,,0,21,,123214,44,,,0,60,,123252,44,,,0,18,,123233,44,,,0,21,,123216,44,,,0,60,,123253,44,,,0,20,,123234,44,,,0,20,,123217,44,,,0,60,,123254,44,,,0,20,,123235,44,,,0,20,,123218,44,,,0,60,,123255,44,,,0,20,,123236,44,,,0,20,,123215,44,,,0,60,,123256,44,,,0,25,,123237,44,,,0,70,,123257,44,,,0,30,,123238,44,,,0
12801,'STMPSu2-Sunday',539,,123259,44,,,0,70,,123277,44,,,0,30,,123260,44,,,0,20,,123297,44,,,0,60,,123278,44,,,0,20,,123258,44,,,0,20,,123298,44,,,0,60,,123280,44,,,0,20,,123261,44,,,0,61,,123299,44,,,0,21,,123281,44,,,0,20,,123262,44,,,0,60,,123300,44,,,0,20,,123282,44,,,0,20,,123263,44,,,0,60,,123301,44,,,0,20,,123279,44,,,0,20,,123264,44,,,0,60,,123303,44,,,0,20,,123283,44,,,0,20,,123265,44,,,0,60,,123304,44,,,0,20,,123284,44,,,0,20,,123266,44,,,0,60,,123305,44,,,0,20,,123285,44,,,0,21,,123267,44,,,0,61,,123302,44,,,0,20,,123286,44,,,0,21,,123269,44,,,0,61,,123306,44,,,0,20,,123288,44,,,0,21,,123270,44,,,0,61,,123307,44,,,0,20,,123289,44,,,0,21,,123271,44,,,0,61,,123308,44,,,0,20,,123290,44,,,0,21,,123268,44,,,0,61,,123309,44,,,0,20,,123287,44,,,0,21,,123272,44,,,0,60,,123310,44,,,0,18,,123291,44,,,0,21,,123274,44,,,0,60,,123311,44,,,0,20,,123292,44,,,0,20,,123275,44,,,0,60,,123312,44,,,0,20,,123293,44,,,0,20,,123276,44,,,0,60,,123313,44,,,0,20,,123294,44,,,0,20,,123273,44,,,0,60,,123314,44,,,0,25,,123295,44,,,0,70,,123315,44,,,0,30,,123296,44,,,0
12801,'STMPWeek-Weekday',520,,123398,44,,,0,14,,123317,44,,,0,14,,123316,44,,,0,54,,123319,44,,,0,14,,123320,44,,,0,14,,123321,44,,,0,14,,123318,44,,,0,13,,123322,44,,,0,50,,123323,39,,,0,11,,123324,44,,,0,11,,123326,44,,,0,11,,123325,39,,,0,10,,123401,44,,,0,50,,123402,44,,,0,10,,123327,44,,,0,9,,123328,44,,,0,9,,123329,44,,,0,10,,123330,44,,,0,10,,123332,44,,,0,10,,123331,44,,,0,50,,123335,44,,,0,10,,123333,44,,,0,10,,123334,44,,,0,10,,123336,44,,,0,10,,123337,44,,,0,10,,123338,44,,,0,50,,123395,44,,,0,10,,123384,44,,,0,10,,123396,44,,,0,10,,123385,44,,,0,10,,123397,44,,,0,10,,123381,44,,,0,60,,123382,44,,,0,20,,123386,44,,,0,20,,123388,44,,,0,60,,123389,44,,,0,20,,123390,44,,,0,20,,123387,44,,,0,60,,123391,44,,,0,20,,123392,44,,,0,20,,123379,44,,,0,60,,123378,44,,,0,20,,123383,44,,,0,20,,123380,44,,,0,60,,123339,44,,,0,11,,123340,44,,,0,10,,123341,44,,,0,10,,123342,44,,,0,10,,123344,44,,,0,50,,123346,44,,,0,13,,123343,44,,,0,10,,123345,44,,,0,10,,123347,44,,,0,10,,123349,44,,,0,50,,123348,44,,,0,10,,123350,44,,,0,10,,123353,44,,,0,10,,123352,44,,,0,10,,123351,44,,,0,10,,123354,44,,,0,50,,123360,44,,,0,10,,123357,44,,,0,10,,123356,44,,,0,10,,123359,44,,,0,11,,123358,44,,,0,8,,123355,44,,,0,52,,123361,44,,,0,14,,123362,44,,,0,14,,123364,44,,,0,15,,123363,44,,,0,56,,123365,44,,,0,13,,123393,44,,,0,17,,123366,44,,,0,20,,123368,44,,,0,60,,123394,44,,,0,20,,123369,44,,,0,20,,123370,44,,,0,60,,123367,44,,,0,20,,123399,44,,,0,20,,123372,44,,,0,60,,123371,44,,,0,20,,123400,44,,,0,23,,123373,44,,,0,70,,123374,44,,,0,30,,123375,44,,,0,70,,123376,44,,,0,30,,123377,44,,,0
12801,'STMPar-Weekday',520,,123485,44,,,0,14,,123404,44,,,0,14,,123403,44,,,0,54,,123406,44,,,0,14,,123407,44,,,0,14,,123408,44,,,0,14,,123405,44,,,0,13,,123409,44,,,0,50,,123410,39,,,0,11,,123411,44,,,0,11,,123413,44,,,0,11,,123412,39,,,0,10,,123488,44,,,0,50,,123489,44,,,0,10,,123414,44,,,0,9,,123415,44,,,0,9,,123416,44,,,0,10,,123417,44,,,0,10,,123419,44,,,0,10,,123418,44,,,0,50,,123422,44,,,0,10,,123420,44,,,0,10,,123421,44,,,0,10,,123423,44,,,0,10,,123424,44,,,0,10,,123425,44,,,0,50,,123482,44,,,0,10,,123471,44,,,0,10,,123483,44,,,0,10,,123472,44,,,0,10,,123484,44,,,0,10,,123468,44,,,0,60,,123469,44,,,0,20,,123473,44,,,0,20,,123475,44,,,0,60,,123476,44,,,0,20,,123477,44,,,0,20,,123474,44,,,0,60,,123478,44,,,0,20,,123479,44,,,0,20,,123466,44,,,0,60,,123465,44,,,0,20,,123470,44,,,0,20,,123467,44,,,0,60,,123426,44,,,0,11,,123427,44,,,0,10,,123428,44,,,0,10,,123429,44,,,0,10,,123431,44,,,0,50,,123433,44,,,0,13,,123430,44,,,0,10,,123432,44,,,0,10,,123434,44,,,0,10,,123436,44,,,0,50,,123435,44,,,0,10,,123437,44,,,0,10,,123440,44,,,0,10,,123439,44,,,0,10,,123438,44,,,0,10,,123441,44,,,0,50,,123447,44,,,0,10,,123444,44,,,0,10,,123443,44,,,0,10,,123446,44,,,0,11,,123445,44,,,0,8,,123442,44,,,0,52,,123448,44,,,0,14,,123449,44,,,0,14,,123451,44,,,0,15,,123450,44,,,0,56,,123452,44,,,0,13,,123480,44,,,0,17,,123453,44,,,0,20,,123455,44,,,0,60,,123481,44,,,0,20,,123456,44,,,0,20,,123457,44,,,0,60,,123454,44,,,0,20,,123486,44,,,0,20,,123459,44,,,0,60,,123458,44,,,0,20,,123487,44,,,0,23,,123460,44,,,0,70,,123461,44,,,0,30,,123462,44,,,0,70,,123463,44,,,0,30,,123464,44,,,0
13600,'Saturday',550,,124591,32,,,0,70,,124592,32,,,0,30,,124589,32,,,0,70,,124590,32,,,0,30,,124558,32,,,0,70,,124559,32,,,0,30,,124561,32,,,0,70,,124562,32,,,0,30,,124563,32,,,0,70,,124560,32,,,0,30,,124564,32,,,0,70,,124565,32,,,0,30,,124566,32,,,0,70,,124567,32,,,0,30,,124568,32,,,0,70,,124569,32,,,0,30,,124570,32,,,0,70,,124571,32,,,0,30,,124573,32,,,0,70,,124574,32,,,0,30,,124575,32,,,0,70,,124572,32,,,0,30,,124576,32,,,0,70,,124577,32,,,0,30,,124578,32,,,0,70,,124579,32,,,0,30,,124580,32,,,0,70,,124581,32,,,0,30,,124582,32,,,0,70,,124583,32,,,0,30,,124585,32,,,0,70,,124586,32,,,0,30,,124587,32,,,0,70,,124584,32,,,0,30,,124588,32,,,0,70,,124595,32,,,0,30,,124596,32,,,0,70,,124593,32,,,0,30,,124594,32,,,0
13600,'Sunday',550,,124597,32,,,0,70,,124598,32,,,0,30,,124599,32,,,0,70,,124600,32,,,0,30,,124601,32,,,0,70,,124602,32,,,0,30,,124603,32,,,0,70,,124604,32,,,0,30,,124605,32,,,0,70,,124607,32,,,0,30,,124609,32,,,0,70,,124610,32,,,0,30,,124606,32,,,0,70,,124611,32,,,0,30,,124608,32,,,0,70,,124612,32,,,0,30,,124613,32,,,0,70,,124614,32,,,0,30,,124616,32,,,0,70,,124617,32,,,0,30,,124615,32,,,0,70,,124619,32,,,0,30,,124620,32,,,0,70,,124618,32,,,0,30,,124621,32,,,0,70,,124622,32,,,0,30,,124623,32,,,0,70,,124624,32,,,0,30,,124625,32,,,0,70,,124627,32,,,0,30,,124628,32,,,0,70,,124629,32,,,0,30,,124626,32,,,0,70,,124630,32,,,0,30,,124634,32,,,0,70,,124631,32,,,0,30,,124632,32,,,0,70,,124635,32,,,0,30,,124633,32,,,0
13600,'Weekday',549,,124676,32,,,0,70,,124643,32,,,0,30,,124636,32,,,0,72,,124637,32,,,0,16,,124674,32,,,0,16,,124638,32,,,0,55,,124675,32,,,0,15,,124639,32,,,0,29,,124640,32,,,0,68,,124641,32,,,0,30,,124642,32,,,0,71,,124654,32,,,0,33,,124655,32,,,0,70,,124656,32,,,0,30,,124657,32,,,0,70,,124658,32,,,0,30,,124659,32,,,0,70,,124661,32,,,0,30,,124662,32,,,0,70,,124660,32,,,0,30,,124645,32,,,0,70,,124646,32,,,0,30,,124644,32,,,0,70,,124647,32,,,0,32,,124648,32,,,0,72,,124649,32,,,0,31,,124650,32,,,0,72,,124651,32,,,0,69,,124652,32,,,0,27,,124653,32,,,0,29,,124664,32,,,0,69,,124665,32,,,0,29,,124663,32,,,0,70,,124666,32,,,0,30,,124667,32,,,0,70,,124668,32,,,0,30,,124669,32,,,0,70,,124670,32,,,0,30,,124671,32,,,0,70,,124672,32,,,0,30,,124673,32,,,0
13600,'STMPSa-Saturday',550,,124711,32,,,0,70,,124712,32,,,0,30,,124708,32,,,0,70,,124710,32,,,0,30,,124677,32,,,0,70,,124678,32,,,0,30,,124680,32,,,0,70,,124681,32,,,0,30,,124682,32,,,0,70,,124679,32,,,0,30,,124683,32,,,0,70,,124684,32,,,0,30,,124685,32,,,0,70,,124686,32,,,0,30,,124687,32,,,0,70,,124688,32,,,0,30,,124689,32,,,0,70,,124690,32,,,0,30,,124692,32,,,0,70,,124693,32,,,0,30,,124694,32,,,0,70,,124691,32,,,0,30,,124695,32,,,0,70,,124696,32,,,0,30,,124697,32,,,0,70,,124698,32,,,0,30,,124699,32,,,0,70,,124700,32,,,0,30,,124701,32,,,0,70,,124702,32,,,0,30,,124704,32,,,0,70,,124705,32,,,0,30,,124706,32,,,0,70,,124703,32,,,0,30,,124707,32,,,0,70,,124714,32,,,0,30,,124715,32,,,0,70,,124709,32,,,0,30,,124713,32,,,0
13600,'STMPSnea-Weekday',549,,124756,32,,,0,70,,124723,32,,,0,30,,124716,32,,,0,72,,124717,32,,,0,16,,124754,32,,,0,16,,124718,32,,,0,55,,124755,32,,,0,15,,124719,32,,,0,29,,124720,32,,,0,68,,124721,32,,,0,30,,124722,32,,,0,71,,124734,32,,,0,33,,124735,32,,,0,70,,124736,32,,,0,30,,124737,32,,,0,70,,124738,32,,,0,30,,124739,32,,,0,70,,124741,32,,,0,30,,124742,32,,,0,70,,124740,32,,,0,30,,124725,32,,,0,70,,124726,32,,,0,30,,124724,32,,,0,70,,124727,32,,,0,32,,124728,32,,,0,72,,124729,32,,,0,31,,124730,32,,,0,72,,124731,32,,,0,69,,124732,32,,,0,27,,124733,32,,,0,29,,124744,32,,,0,69,,124745,32,,,0,29,,124743,32,,,0,70,,124746,32,,,0,30,,124747,32,,,0,70,,124748,32,,,0,30,,124749,32,,,0,70,,124750,32,,,0,30,,124751,32,,,0,70,,124752,32,,,0,30,,124753,32,,,0
13600,'STMPSu1-Sunday',550,,124757,32,,,0,70,,124758,32,,,0,30,,124759,32,,,0,70,,124760,32,,,0,30,,124761,32,,,0,70,,124762,32,,,0,30,,124763,32,,,0,70,,124764,32,,,0,30,,124765,32,,,0,70,,124767,32,,,0,30,,124769,32,,,0,70,,124770,32,,,0,30,,124766,32,,,0,70,,124771,32,,,0,30,,124768,32,,,0,70,,124772,32,,,0,30,,124774,32,,,0,70,,124775,32,,,0,30,,124773,32,,,0,70,,124777,32,,,0,30,,124776,32,,,0,70,,124779,32,,,0,30,,124780,32,,,0,70,,124778,32,,,0,30,,124781,32,,,0,70,,124782,32,,,0,30,,124783,32,,,0,70,,124784,32,,,0,30,,124785,32,,,0,70,,124787,32,,,0,30,,124788,32,,,0,70,,124789,32,,,0,30,,124786,32,,,0,70,,124790,32,,,0,30,,124794,32,,,0,70,,124791,32,,,0,30,,124792,32,,,0,70,,124795,32,,,0,30,,124793,32,,,0
13600,'STMPSu2-Sunday',550,,124796,32,,,0,70,,124797,32,,,0,30,,124798,32,,,0,70,,124799,32,,,0,30,,124800,32,,,0,70,,124801,32,,,0,30,,124802,32,,,0,70,,124803,32,,,0,30,,124804,32,,,0,70,,124806,32,,,0,30,,124808,32,,,0,70,,124809,32,,,0,30,,124805,32,,,0,70,,124810,32,,,0,30,,124807,32,,,0,70,,124811,32,,,0,30,,124812,32,,,0,70,,124813,32,,,0,30,,124815,32,,,0,70,,124816,32,,,0,30,,124814,32,,,0,70,,124818,32,,,0,30,,124819,32,,,0,70,,124817,32,,,0,30,,124820,32,,,0,70,,124821,32,,,0,30,,124822,32,,,0,70,,124823,32,,,0,30,,124824,32,,,0,70,,124826,32,,,0,30,,124827,32,,,0,70,,124828,32,,,0,30,,124825,32,,,0,70,,124829,32,,,0,30,,124833,32,,,0,70,,124830,32,,,0,30,,124831,32,,,0,70,,124834,32,,,0,30,,124832,32,,,0
13600,'STMPWeek-Weekday',549,,124875,32,,,0,70,,124842,32,,,0,30,,124835,32,,,0,72,,124836,32,,,0,16,,124873,32,,,0,16,,124837,32,,,0,55,,124874,32,,,0,15,,124838,32,,,0,29,,124839,32,,,0,68,,124840,32,,,0,30,,124841,32,,,0,71,,124853,32,,,0,33,,124854,32,,,0,70,,124855,32,,,0,30,,124856,32,,,0,70,,124857,32,,,0,30,,124858,32,,,0,70,,124860,32,,,0,30,,124861,32,,,0,70,,124859,32,,,0,30,,124844,32,,,0,70,,124845,32,,,0,30,,124843,32,,,0,70,,124846,32,,,0,32,,124847,32,,,0,72,,124848,32,,,0,31,,124849,32,,,0,72,,124850,32,,,0,69,,124851,32,,,0,27,,124852,32,,,0,29,,124863,32,,,0,69,,124864,32,,,0,29,,124862,32,,,0,70,,124865,32,,,0,30,,124866,32,,,0,70,,124867,32,,,0,30,,124868,32,,,0,70,,124869,32,,,0,30,,124870,32,,,0,70,,124871,32,,,0,30,,124872,32,,,0
13600,'STMPar-Weekday',549,,124916,32,,,0,70,,124880,32,,,0,30,,124876,32,,,0,72,,124877,32,,,0,16,,124914,32,,,0,16,,124878,32,,,0,55,,124915,32,,,0,15,,124879,32,,,0,29,,124881,32,,,0,68,,124882,32,,,0,30,,124883,32,,,0,71,,124895,32,,,0,33,,124894,32,,,0,70,,124896,32,,,0,30,,124897,32,,,0,70,,124898,32,,,0,30,,124899,32,,,0,70,,124901,32,,,0,30,,124902,32,,,0,70,,124900,32,,,0,30,,124885,32,,,0,70,,124886,32,,,0,30,,124884,32,,,0,70,,124887,32,,,0,32,,124888,32,,,0,72,,124889,32,,,0,31,,124890,32,,,0,72,,124891,32,,,0,69,,124892,32,,,0,27,,124893,32,,,0,29,,124904,32,,,0,69,,124905,32,,,0,29,,124903,32,,,0,70,,124906,32,,,0,30,,124907,32,,,0,70,,124908,32,,,0,30,,124909,32,,,0,70,,124910,32,,,0,30,,124911,32,,,0,70,,124912,32,,,0,30,,124913,32,,,0
14500,'Saturday',523,,126091,42,,,0,30,,126089,47,,,0,70,,126092,47,,,0,25,,126093,47,,,0,60,,126132,47,,,0,20,,126094,47,,,0,20,,126095,47,,,0,60,,126133,47,,,0,20,,126096,47,,,0,20,,126099,47,,,0,61,,126134,47,,,0,21,,126100,47,,,0,20,,126097,47,,,0,60,,126131,47,,,0,20,,126101,47,,,0,20,,126102,47,,,0,60,,126135,47,,,0,20,,126103,47,,,0,20,,126104,47,,,0,61,,126136,47,,,0,20,,126098,47,,,0,20,,126105,47,,,0,60,,126106,47,,,0,20,,126137,47,,,0,20,,126107,47,,,0,61,,126138,47,,,0,21,,126108,47,,,0,21,,126109,47,,,0,60,,126139,47,,,0,21,,126110,47,,,0,21,,126111,47,,,0,60,,126112,47,,,0,21,,126140,47,,,0,21,,126114,47,,,0,60,,126115,47,,,0,21,,126141,47,,,0,61,,126116,47,,,0,20,,126113,47,,,0,20,,126142,47,,,0,60,,126118,47,,,0,20,,126119,47,,,0,20,,126143,47,,,0,60,,126120,47,,,0,21,,126121,47,,,0,20,,126144,47,,,0,61,,126122,47,,,0,20,,126117,47,,,0,20,,126145,47,,,0,60,,126124,47,,,0,20,,126125,47,,,0,20,,126146,47,,,0,60,,126123,47,,,0,20,,126127,47,,,0,20,,126147,47,,,0,60,,126128,47,,,0,20,,126129,47,,,0,30,,126126,47,,,0,70,,126130,47,,,0,30,,126090,47,,,0
14500,'Sunday',523,,126148,42,,,0,30,,126169,47,,,0,70,,126150,47,,,0,25,,126170,47,,,0,60,,126188,47,,,0,20,,126151,47,,,0,20,,126171,47,,,0,60,,126189,47,,,0,20,,126152,47,,,0,20,,126172,47,,,0,61,,126190,47,,,0,21,,126149,47,,,0,20,,126174,47,,,0,60,,126191,47,,,0,20,,126153,47,,,0,20,,126176,47,,,0,60,,126192,47,,,0,20,,126155,47,,,0,20,,126177,47,,,0,61,,126193,47,,,0,20,,126156,47,,,0,20,,126173,47,,,0,60,,126194,47,,,0,20,,126157,47,,,0,20,,126178,47,,,0,61,,126195,47,,,0,21,,126154,47,,,0,21,,126175,47,,,0,60,,126197,47,,,0,21,,126158,47,,,0,21,,126179,47,,,0,60,,126198,47,,,0,21,,126159,47,,,0,21,,126180,47,,,0,60,,126199,47,,,0,21,,126160,47,,,0,61,,126181,47,,,0,20,,126196,47,,,0,20,,126161,47,,,0,60,,126183,47,,,0,20,,126200,47,,,0,20,,126162,47,,,0,60,,126184,47,,,0,21,,126201,47,,,0,20,,126163,47,,,0,61,,126185,47,,,0,20,,126202,47,,,0,20,,126164,47,,,0,60,,126182,47,,,0,20,,126203,47,,,0,20,,126165,47,,,0,60,,126186,47,,,0,20,,126204,47,,,0,20,,126166,47,,,0,60,,126187,47,,,0,20,,126205,47,,,0,30,,126167,47,,,0,70,,126206,47,,,0,30,,126168,47,,,0
14500,'Weekday',525,,126208,47,,,0,15,,126207,47,,,0,14,,126209,47,,,0,54,,126210,47,,,0,14,,126212,47,,,0,14,,126211,47,,,0,14,,126213,47,,,0,51,,126214,37,,,0,10,,126215,47,,,0,10,,126216,47,,,0,10,,126217,47,,,0,10,,126218,47,,,0,12,,126294,47,,,0,50,,126220,47,,,0,10,,126222,47,,,0,10,,126219,47,,,0,10,,126221,47,,,0,10,,126223,47,,,0,10,,126224,47,,,0,50,,126225,47,,,0,9,,126228,47,,,0,10,,126226,47,,,0,10,,126227,47,,,0,10,,126229,47,,,0,10,,126284,47,,,0,50,,126230,47,,,0,10,,126290,47,,,0,10,,126232,47,,,0,10,,126289,47,,,0,10,,126233,47,,,0,10,,126291,47,,,0,55,,126235,47,,,0,20,,126231,47,,,0,20,,126236,47,,,0,60,,126237,47,,,0,20,,126238,47,,,0,20,,126285,47,,,0,62,,126234,47,,,0,20,,126241,47,,,0,20,,126286,47,,,0,62,,126239,47,,,0,20,,126242,47,,,0,20,,126243,47,,,0,60,,126240,47,,,0,16,,126247,47,,,0,10,,126246,47,,,0,10,,126244,47,,,0,9,,126248,47,,,0,50,,126245,47,,,0,11,,126250,47,,,0,11,,126249,47,,,0,10,,126251,47,,,0,10,,126252,47,,,0,10,,126253,47,,,0,50,,126254,47,,,0,10,,126255,47,,,0,10,,126257,47,,,0,10,,126258,47,,,0,10,,126259,47,,,0,10,,126260,47,,,0,50,,126256,47,,,0,10,,126263,47,,,0,10,,126262,47,,,0,10,,126261,47,,,0,9,,126264,47,,,0,11,,126266,47,,,0,52,,126265,47,,,0,12,,126267,47,,,0,15,,126269,47,,,0,16,,126268,47,,,0,54,,126271,47,,,0,15,,126288,47,,,0,20,,126272,47,,,0,60,,126273,47,,,0,20,,126287,47,,,0,20,,126270,47,,,0,60,,126274,47,,,0,20,,126292,47,,,0,20,,126275,47,,,0,60,,126277,47,,,0,20,,126278,47,,,0,20,,126293,47,,,0,68,,126279,47,,,0,30,,126281,47,,,0,70,,126276,47,,,0,30,,126282,47,,,0,70,,126283,47,,,0,30,,126280,47,,,0
14500,'STMPSa-Saturday',523,,126295,42,,,0,30,,126296,47,,,0,70,,126298,47,,,0,25,,126299,47,,,0,60,,126338,47,,,0,20,,126300,47,,,0,20,,126301,47,,,0,60,,126339,47,,,0,20,,126302,47,,,0,20,,126305,47,,,0,61,,126340,47,,,0,21,,126306,47,,,0,20,,126303,47,,,0,60,,126337,47,,,0,20,,126307,47,,,0,20,,126308,47,,,0,60,,126341,47,,,0,20,,126309,47,,,0,20,,126310,47,,,0,61,,126342,47,,,0,20,,126304,47,,,0,20,,126311,47,,,0,60,,126312,47,,,0,20,,126343,47,,,0,20,,126313,47,,,0,61,,126344,47,,,0,21,,126314,47,,,0,21,,126315,47,,,0,60,,126345,47,,,0,21,,126316,47,,,0,21,,126317,47,,,0,60,,126318,47,,,0,21,,126346,47,,,0,21,,126320,47,,,0,60,,126321,47,,,0,21,,126347,47,,,0,61,,126322,47,,,0,20,,126319,47,,,0,20,,126348,47,,,0,60,,126324,47,,,0,20,,126325,47,,,0,20,,126349,47,,,0,60,,126326,47,,,0,21,,126327,47,,,0,20,,126350,47,,,0,61,,126328,47,,,0,20,,126323,47,,,0,20,,126351,47,,,0,60,,126330,47,,,0,20,,126331,47,,,0,20,,126352,47,,,0,60,,126329,47,,,0,20,,126333,47,,,0,20,,126353,47,,,0,60,,126334,47,,,0,20,,126335,47,,,0,30,,126332,47,,,0,70,,126336,47,,,0,30,,126297,47,,,0
14500,'STMPSnea-Weekday',525,,126355,47,,,0,15,,126354,47,,,0,14,,126356,47,,,0,54,,126357,47,,,0,14,,126359,47,,,0,14,,126358,47,,,0,14,,126360,47,,,0,51,,126361,37,,,0,10,,126362,47,,,0,10,,126363,47,,,0,10,,126364,47,,,0,10,,126365,47,,,0,12,,126441,47,,,0,50,,126367,47,,,0,10,,126369,47,,,0,10,,126366,47,,,0,10,,126368,47,,,0,10,,126370,47,,,0,10,,126371,47,,,0,50,,126372,47,,,0,9,,126375,47,,,0,10,,126373,47,,,0,10,,126374,47,,,0,10,,126376,47,,,0,10,,126431,47,,,0,50,,126377,47,,,0,10,,126437,47,,,0,10,,126379,47,,,0,10,,126436,47,,,0,10,,126380,47,,,0,10,,126438,47,,,0,55,,126382,47,,,0,20,,126378,47,,,0,20,,126383,47,,,0,60,,126384,47,,,0,20,,126385,47,,,0,20,,126432,47,,,0,62,,126381,47,,,0,20,,126388,47,,,0,20,,126433,47,,,0,62,,126386,47,,,0,20,,126389,47,,,0,20,,126390,47,,,0,60,,126387,47,,,0,16,,126394,47,,,0,10,,126393,47,,,0,10,,126391,47,,,0,9,,126395,47,,,0,50,,126392,47,,,0,11,,126397,47,,,0,11,,126396,47,,,0,10,,126398,47,,,0,10,,126399,47,,,0,10,,126400,47,,,0,50,,126401,47,,,0,10,,126402,47,,,0,10,,126404,47,,,0,10,,126405,47,,,0,10,,126406,47,,,0,10,,126407,47,,,0,50,,126403,47,,,0,10,,126410,47,,,0,10,,126409,47,,,0,10,,126408,47,,,0,9,,126411,47,,,0,11,,126413,47,,,0,52,,126412,47,,,0,12,,126414,47,,,0,15,,126416,47,,,0,16,,126415,47,,,0,54,,126418,47,,,0,15,,126435,47,,,0,20,,126419,47,,,0,60,,126420,47,,,0,20,,126434,47,,,0,20,,126417,47,,,0,60,,126421,47,,,0,20,,126439,47,,,0,20,,126422,47,,,0,60,,126424,47,,,0,20,,126425,47,,,0,20,,126440,47,,,0,68,,126426,47,,,0,30,,126428,47,,,0,70,,126423,47,,,0,30,,126429,47,,,0,70,,126430,47,,,0,30,,126427,47,,,0
14500,'STMPSu1-Sunday',523,,126442,42,,,0,30,,126463,47,,,0,70,,126444,47,,,0,25,,126464,47,,,0,60,,126482,47,,,0,20,,126445,47,,,0,20,,126465,47,,,0,60,,126483,47,,,0,20,,126446,47,,,0,20,,126466,47,,,0,61,,126484,47,,,0,21,,126443,47,,,0,20,,126468,47,,,0,60,,126485,47,,,0,20,,126447,47,,,0,20,,126470,47,,,0,60,,126486,47,,,0,20,,126449,47,,,0,20,,126471,47,,,0,61,,126487,47,,,0,20,,126450,47,,,0,20,,126467,47,,,0,60,,126488,47,,,0,20,,126451,47,,,0,20,,126472,47,,,0,61,,126489,47,,,0,21,,126448,47,,,0,21,,126469,47,,,0,60,,126491,47,,,0,21,,126452,47,,,0,21,,126473,47,,,0,60,,126492,47,,,0,21,,126453,47,,,0,21,,126474,47,,,0,60,,126493,47,,,0,21,,126454,47,,,0,61,,126475,47,,,0,20,,126490,47,,,0,20,,126455,47,,,0,60,,126477,47,,,0,20,,126494,47,,,0,20,,126456,47,,,0,60,,126478,47,,,0,21,,126495,47,,,0,20,,126457,47,,,0,61,,126479,47,,,0,20,,126496,47,,,0,20,,126458,47,,,0,60,,126476,47,,,0,20,,126497,47,,,0,20,,126459,47,,,0,60,,126480,47,,,0,20,,126498,47,,,0,20,,126460,47,,,0,60,,126481,47,,,0,20,,126499,47,,,0,30,,126461,47,,,0,70,,126500,47,,,0,30,,126462,47,,,0
14500,'STMPSu2-Sunday',523,,126501,42,,,0,30,,126522,47,,,0,70,,126503,47,,,0,25,,126523,47,,,0,60,,126541,47,,,0,20,,126504,47,,,0,20,,126524,47,,,0,60,,126542,47,,,0,20,,126505,47,,,0,20,,126525,47,,,0,61,,126543,47,,,0,21,,126502,47,,,0,20,,126527,47,,,0,60,,126544,47,,,0,20,,126506,47,,,0,20,,126529,47,,,0,60,,126545,47,,,0,20,,126508,47,,,0,20,,126530,47,,,0,61,,126546,47,,,0,20,,126509,47,,,0,20,,126526,47,,,0,60,,126547,47,,,0,20,,126510,47,,,0,20,,126531,47,,,0,61,,126548,47,,,0,21,,126507,47,,,0,21,,126528,47,,,0,60,,126550,47,,,0,21,,126511,47,,,0,21,,126532,47,,,0,60,,126551,47,,,0,21,,126512,47,,,0,21,,126533,47,,,0,60,,126552,47,,,0,21,,126513,47,,,0,61,,126534,47,,,0,20,,126549,47,,,0,20,,126514,47,,,0,60,,126536,47,,,0,20,,126553,47,,,0,20,,126515,47,,,0,60,,126537,47,,,0,21,,126554,47,,,0,20,,126516,47,,,0,61,,126538,47,,,0,20,,126555,47,,,0,20,,126517,47,,,0,60,,126535,47,,,0,20,,126556,47,,,0,20,,126518,47,,,0,60,,126539,47,,,0,20,,126557,47,,,0,20,,126519,47,,,0,60,,126540,47,,,0,20,,126558,47,,,0,30,,126520,47,,,0,70,,126559,47,,,0,30,,126521,47,,,0
14500,'STMPWeek-Weekday',525,,126561,47,,,0,15,,126560,47,,,0,14,,126562,47,,,0,54,,126563,47,,,0,14,,126565,47,,,0,14,,126564,47,,,0,14,,126566,47,,,0,51,,126567,37,,,0,10,,126568,47,,,0,10,,126569,47,,,0,10,,126570,47,,,0,10,,126571,47,,,0,12,,126647,47,,,0,50,,126573,47,,,0,10,,126575,47,,,0,10,,126572,47,,,0,10,,126574,47,,,0,10,,126576,47,,,0,10,,126577,47,,,0,50,,126578,47,,,0,9,,126581,47,,,0,10,,126579,47,,,0,10,,126580,47,,,0,10,,126582,47,,,0,10,,126637,47,,,0,50,,126583,47,,,0,10,,126643,47,,,0,10,,126585,47,,,0,10,,126642,47,,,0,10,,126586,47,,,0,10,,126644,47,,,0,55,,126588,47,,,0,20,,126584,47,,,0,20,,126589,47,,,0,60,,126590,47,,,0,20,,126591,47,,,0,20,,126638,47,,,0,62,,126587,47,,,0,20,,126594,47,,,0,20,,126639,47,,,0,62,,126592,47,,,0,20,,126595,47,,,0,20,,126596,47,,,0,60,,126593,47,,,0,16,,126600,47,,,0,10,,126599,47,,,0,10,,126597,47,,,0,9,,126601,47,,,0,50,,126598,47,,,0,11,,126603,47,,,0,11,,126602,47,,,0,10,,126604,47,,,0,10,,126605,47,,,0,10,,126606,47,,,0,50,,126607,47,,,0,10,,126608,47,,,0,10,,126610,47,,,0,10,,126611,47,,,0,10,,126612,47,,,0,10,,126613,47,,,0,50,,126609,47,,,0,10,,126616,47,,,0,10,,126615,47,,,0,10,,126614,47,,,0,9,,126617,47,,,0,11,,126619,47,,,0,52,,126618,47,,,0,12,,126620,47,,,0,15,,126622,47,,,0,16,,126621,47,,,0,54,,126624,47,,,0,15,,126641,47,,,0,20,,126625,47,,,0,60,,126626,47,,,0,20,,126640,47,,,0,20,,126623,47,,,0,60,,126627,47,,,0,20,,126645,47,,,0,20,,126628,47,,,0,60,,126630,47,,,0,20,,126631,47,,,0,20,,126646,47,,,0,68,,126632,47,,,0,30,,126634,47,,,0,70,,126629,47,,,0,30,,126635,47,,,0,70,,126636,47,,,0,30,,126633,47,,,0
14500,'STMPar-Weekday',525,,126649,47,,,0,15,,126648,47,,,0,14,,126650,47,,,0,54,,126651,47,,,0,14,,126653,47,,,0,14,,126652,47,,,0,14,,126654,47,,,0,51,,126655,37,,,0,10,,126656,47,,,0,10,,126658,47,,,0,10,,126659,47,,,0,10,,126660,47,,,0,12,,126735,47,,,0,50,,126661,47,,,0,10,,126663,47,,,0,10,,126657,47,,,0,10,,126662,47,,,0,10,,126664,47,,,0,10,,126665,47,,,0,50,,126666,47,,,0,9,,126669,47,,,0,10,,126667,47,,,0,10,,126668,47,,,0,10,,126670,47,,,0,10,,126725,47,,,0,50,,126671,47,,,0,10,,126731,47,,,0,10,,126673,47,,,0,10,,126730,47,,,0,10,,126674,47,,,0,10,,126732,47,,,0,55,,126676,47,,,0,20,,126672,47,,,0,20,,126677,47,,,0,60,,126678,47,,,0,20,,126679,47,,,0,20,,126726,47,,,0,62,,126675,47,,,0,20,,126682,47,,,0,20,,126727,47,,,0,62,,126680,47,,,0,20,,126683,47,,,0,20,,126684,47,,,0,60,,126681,47,,,0,16,,126688,47,,,0,10,,126687,47,,,0,10,,126685,47,,,0,9,,126689,47,,,0,50,,126686,47,,,0,11,,126691,47,,,0,11,,126690,47,,,0,10,,126692,47,,,0,10,,126693,47,,,0,10,,126694,47,,,0,50,,126695,47,,,0,10,,126696,47,,,0,10,,126698,47,,,0,10,,126699,47,,,0,10,,126700,47,,,0,10,,126701,47,,,0,50,,126697,47,,,0,10,,126704,47,,,0,10,,126703,47,,,0,10,,126702,47,,,0,9,,126705,47,,,0,11,,126707,47,,,0,52,,126706,47,,,0,12,,126708,47,,,0,15,,126710,47,,,0,16,,126709,47,,,0,54,,126712,47,,,0,15,,126729,47,,,0,20,,126713,47,,,0,60,,126714,47,,,0,20,,126728,47,,,0,20,,126711,47,,,0,60,,126715,47,,,0,20,,126733,47,,,0,20,,126716,47,,,0,60,,126718,47,,,0,20,,126719,47,,,0,20,,126734,47,,,0,68,,126720,47,,,0,30,,126722,47,,,0,70,,126717,47,,,0,30,,126723,47,,,0,70,,126724,47,,,0,30,,126721,47,,,0
15700,'Saturday',516,,130591,27,,,0,28,,130596,27,,,0,68,,130597,27,,,0,28,,130598,27,,,0,68,,130599,27,,,0,28,,130600,27,,,0,68,,130601,27,,,0,28,,130602,27,,,0,68,,130603,27,,,0,28,,130604,27,,,0,28,,130605,27,,,0,68,,130606,27,,,0,28,,130607,27,,,0,68,,130608,27,,,0,28,,130609,27,,,0,68,,130610,27,,,0,28,,130612,27,,,0,69,,130613,27,,,0,28,,130614,27,,,0,68,,130611,27,,,0,28,,130615,27,,,0,68,,130616,27,,,0,28,,130618,27,,,0,68,,130619,27,,,0,28,,130620,27,,,0,28,,130617,27,,,0,68,,130622,27,,,0,28,,130623,27,,,0,68,,130624,27,,,0,28,,130621,27,,,0,68,,130625,27,,,0,28,,130626,27,,,0,68,,130627,27,,,0,28,,130628,27,,,0,68,,130630,27,,,0,28,,130631,27,,,0,68,,130632,27,,,0,28,,130629,27,,,0,68,,130593,27,,,0,28,,130592,27,,,0,26,,130594,27,,,0,67,,130595,27,,,0,28,,130590,27,,,0
15700,'Sunday',516,,130647,27,,,0,28,,130633,27,,,0,68,,130659,27,,,0,28,,130648,27,,,0,68,,130634,27,,,0,28,,130663,27,,,0,68,,130649,27,,,0,28,,130635,27,,,0,68,,130664,27,,,0,28,,130650,27,,,0,28,,130636,27,,,0,68,,130665,27,,,0,28,,130651,27,,,0,68,,130637,27,,,0,28,,130666,27,,,0,68,,130652,27,,,0,28,,130638,27,,,0,69,,130667,27,,,0,28,,130653,27,,,0,68,,130639,27,,,0,28,,130668,27,,,0,68,,130654,27,,,0,28,,130641,27,,,0,68,,130669,27,,,0,28,,130655,27,,,0,28,,130640,27,,,0,68,,130671,27,,,0,28,,130656,27,,,0,68,,130642,27,,,0,28,,130670,27,,,0,68,,130658,27,,,0,28,,130643,27,,,0,68,,130672,27,,,0,28,,130657,27,,,0,68,,130644,27,,,0,28,,130673,27,,,0,68,,130660,27,,,0,28,,130645,27,,,0,68,,130674,27,,,0,28,,130661,27,,,0,26,,130646,27,,,0,67,,130675,27,,,0,28,,130662,27,,,0
15700,'Weekday',442,,130726,27,,,0,70,,130719,27,,,0,27,,130676,27,,,0,68,,130686,27,,,0,26,,130687,27,,,0,23,,130688,27,,,0,61,,130722,27,,,0,23,,130685,27,,,0,62,,130689,27,,,0,22,,130690,27,,,0,22,,130691,27,,,0,62,,130723,27,,,0,21,,130692,27,,,0,21,,130693,27,,,0,65,,130694,27,,,0,27,,130696,27,,,0,67,,130698,27,,,0,27,,130699,27,,,0,67,,130695,27,,,0,27,,130697,27,,,0,27,,130701,27,,,0,67,,130702,27,,,0,29,,130700,27,,,0,68,,130703,27,,,0,24,,130704,27,,,0,61,,130705,27,,,0,21,,130706,27,,,0,22,,130724,27,,,0,62,,130707,27,,,0,22,,130708,27,,,0,22,,130709,27,,,0,62,,130725,27,,,0,22,,130710,27,,,0,62,,130711,27,,,0,22,,130712,27,,,0,27,,130713,27,,,0,66,,130715,27,,,0,26,,130716,27,,,0,67,,130717,27,,,0,27,,130714,27,,,0,67,,130718,27,,,0,27,,130679,27,,,0,27,,130684,27,,,0,67,,130683,27,,,0,27,,130681,27,,,0,67,,130678,27,,,0,27,,130682,27,,,0,67,,130677,27,,,0,27,,130680,27,,,0,66,,130721,27,,,0,26,,130720,27,,,0
15700,'STMPSa-Saturday',516,,130728,27,,,0,28,,130733,27,,,0,68,,130734,27,,,0,28,,130735,27,,,0,68,,130736,27,,,0,28,,130737,27,,,0,68,,130738,27,,,0,28,,130739,27,,,0,68,,130740,27,,,0,28,,130741,27,,,0,28,,130742,27,,,0,68,,130743,27,,,0,28,,130744,27,,,0,68,,130745,27,,,0,28,,130746,27,,,0,68,,130747,27,,,0,28,,130749,27,,,0,69,,130750,27,,,0,28,,130751,27,,,0,68,,130748,27,,,0,28,,130752,27,,,0,68,,130753,27,,,0,28,,130755,27,,,0,68,,130756,27,,,0,28,,130757,27,,,0,28,,130754,27,,,0,68,,130759,27,,,0,28,,130760,27,,,0,68,,130761,27,,,0,28,,130758,27,,,0,68,,130762,27,,,0,28,,130763,27,,,0,68,,130764,27,,,0,28,,130765,27,,,0,68,,130768,27,,,0,28,,130769,27,,,0,68,,130766,27,,,0,28,,130767,27,,,0,68,,130730,27,,,0,28,,130729,27,,,0,26,,130731,27,,,0,67,,130732,27,,,0,28,,130727,27,,,0
15700,'STMPSnea-Weekday',442,,130820,27,,,0,70,,130813,27,,,0,27,,130770,27,,,0,68,,130780,27,,,0,26,,130781,27,,,0,23,,130782,27,,,0,61,,130816,27,,,0,23,,130779,27,,,0,62,,130783,27,,,0,22,,130784,27,,,0,22,,130785,27,,,0,62,,130817,27,,,0,21,,130786,27,,,0,21,,130787,27,,,0,65,,130788,27,,,0,27,,130790,27,,,0,67,,130792,27,,,0,27,,130793,27,,,0,67,,130789,27,,,0,27,,130791,27,,,0,27,,130795,27,,,0,67,,130796,27,,,0,29,,130794,27,,,0,68,,130797,27,,,0,24,,130798,27,,,0,61,,130799,27,,,0,21,,130800,27,,,0,22,,130818,27,,,0,62,,130801,27,,,0,22,,130802,27,,,0,22,,130803,27,,,0,62,,130819,27,,,0,22,,130804,27,,,0,62,,130805,27,,,0,22,,130806,27,,,0,27,,130807,27,,,0,66,,130809,27,,,0,26,,130810,27,,,0,67,,130811,27,,,0,27,,130808,27,,,0,67,,130812,27,,,0,27,,130773,27,,,0,27,,130778,27,,,0,67,,130777,27,,,0,27,,130775,27,,,0,67,,130772,27,,,0,27,,130776,27,,,0,67,,130771,27,,,0,27,,130774,27,,,0,66,,130815,27,,,0,26,,130814,27,,,0
15700,'STMPSu1-Sunday',516,,130835,27,,,0,28,,130821,27,,,0,68,,130847,27,,,0,28,,130836,27,,,0,68,,130822,27,,,0,28,,130851,27,,,0,68,,130837,27,,,0,28,,130823,27,,,0,68,,130852,27,,,0,28,,130838,27,,,0,28,,130824,27,,,0,68,,130853,27,,,0,28,,130839,27,,,0,68,,130825,27,,,0,28,,130854,27,,,0,68,,130840,27,,,0,28,,130826,27,,,0,69,,130855,27,,,0,28,,130841,27,,,0,68,,130827,27,,,0,28,,130856,27,,,0,68,,130842,27,,,0,28,,130829,27,,,0,68,,130857,27,,,0,28,,130843,27,,,0,28,,130828,27,,,0,68,,130859,27,,,0,28,,130844,27,,,0,68,,130830,27,,,0,28,,130858,27,,,0,68,,130846,27,,,0,28,,130831,27,,,0,68,,130860,27,,,0,28,,130845,27,,,0,68,,130832,27,,,0,28,,130861,27,,,0,68,,130848,27,,,0,28,,130833,27,,,0,68,,130862,27,,,0,28,,130849,27,,,0,26,,130834,27,,,0,67,,130863,27,,,0,28,,130850,27,,,0
15700,'STMPSu2-Sunday',516,,130878,27,,,0,28,,130864,27,,,0,68,,130890,27,,,0,28,,130879,27,,,0,68,,130865,27,,,0,28,,130894,27,,,0,68,,130880,27,,,0,28,,130866,27,,,0,68,,130895,27,,,0,28,,130881,27,,,0,28,,130867,27,,,0,68,,130896,27,,,0,28,,130882,27,,,0,68,,130868,27,,,0,28,,130897,27,,,0,68,,130883,27,,,0,28,,130869,27,,,0,69,,130898,27,,,0,28,,130884,27,,,0,68,,130870,27,,,0,28,,130899,27,,,0,68,,130885,27,,,0,28,,130872,27,,,0,68,,130900,27,,,0,28,,130886,27,,,0,28,,130871,27,,,0,68,,130902,27,,,0,28,,130887,27,,,0,68,,130873,27,,,0,28,,130901,27,,,0,68,,130889,27,,,0,28,,130874,27,,,0,68,,130903,27,,,0,28,,130888,27,,,0,68,,130875,27,,,0,28,,130904,27,,,0,68,,130891,27,,,0,28,,130876,27,,,0,68,,130905,27,,,0,28,,130892,27,,,0,26,,130877,27,,,0,67,,130906,27,,,0,28,,130893,27,,,0
15700,'STMPWeek-Weekday',442,,130957,27,,,0,70,,130950,27,,,0,27,,130907,27,,,0,68,,130917,27,,,0,26,,130918,27,,,0,23,,130919,27,,,0,61,,130953,27,,,0,23,,130916,27,,,0,62,,130920,27,,,0,22,,130921,27,,,0,22,,130922,27,,,0,62,,130954,27,,,0,21,,130923,27,,,0,21,,130924,27,,,0,65,,130925,27,,,0,27,,130927,27,,,0,67,,130929,27,,,0,27,,130930,27,,,0,67,,130926,27,,,0,27,,130928,27,,,0,27,,130932,27,,,0,67,,130933,27,,,0,29,,130931,27,,,0,68,,130934,27,,,0,24,,130935,27,,,0,61,,130936,27,,,0,21,,130937,27,,,0,22,,130955,27,,,0,62,,130938,27,,,0,22,,130939,27,,,0,22,,130940,27,,,0,62,,130956,27,,,0,22,,130941,27,,,0,62,,130942,27,,,0,22,,130943,27,,,0,27,,130944,27,,,0,66,,130946,27,,,0,26,,130947,27,,,0,67,,130948,27,,,0,27,,130945,27,,,0,67,,130949,27,,,0,27,,130910,27,,,0,27,,130915,27,,,0,67,,130914,27,,,0,27,,130912,27,,,0,67,,130909,27,,,0,27,,130913,27,,,0,67,,130908,27,,,0,27,,130911,27,,,0,66,,130952,27,,,0,26,,130951,27,,,0
15700,'STMPar-Weekday',442,,131008,27,,,0,70,,131001,27,,,0,27,,130958,27,,,0,68,,130969,27,,,0,26,,130970,27,,,0,23,,130967,27,,,0,61,,131004,27,,,0,23,,130968,27,,,0,62,,130971,27,,,0,22,,130972,27,,,0,22,,130973,27,,,0,62,,131005,27,,,0,21,,130974,27,,,0,21,,130975,27,,,0,65,,130976,27,,,0,27,,130978,27,,,0,67,,130980,27,,,0,27,,130981,27,,,0,67,,130977,27,,,0,27,,130979,27,,,0,27,,130983,27,,,0,67,,130984,27,,,0,29,,130982,27,,,0,68,,130985,27,,,0,24,,130986,27,,,0,61,,130987,27,,,0,21,,130988,27,,,0,22,,131006,27,,,0,62,,130989,27,,,0,22,,130990,27,,,0,22,,130991,27,,,0,62,,131007,27,,,0,22,,130992,27,,,0,62,,130993,27,,,0,22,,130994,27,,,0,27,,130995,27,,,0,66,,130997,27,,,0,26,,130998,27,,,0,67,,130999,27,,,0,27,,130996,27,,,0,67,,131000,27,,,0,27,,130961,27,,,0,27,,130966,27,,,0,67,,130965,27,,,0,27,,130963,27,,,0,67,,130960,27,,,0,27,,130964,27,,,0,67,,130959,27,,,0,27,,130962,27,,,0,66,,131003,27,,,0,26,,131002,27,,,0
