5100,'Saturday',614,,93382,15,,,0,38,,93383,15,,,0,74,,93384,15,,,0,78,,93385,15,,,0,38,,93386,15,,,0,78,,93387,15,,,0,38,,93388,15,,,0,78,,93389,15,,,0,78,,93390,15,,,0,38,,93391,15,,,0,78,,93392,15,,,0,78,,93393,15,,,0,38,,93394,15,,,0,78,,93395,15,,,0,78,,93396,15,,,0,38,,93397,15,,,0,78,,93398,15,,,0,38,,93400,15,,,0,78,,93401,15,,,0,78,,93402,15,,,0,38,,93399,15,,,0,78,,93403,15,,,0,78,,93406,15,,,0,38,,93405,15,,,0,78,,93407,15,,,0,78,,93404,15,,,0
5100,'Sunday',614,,93408,15,0,113 31,0,38,,93421,15,0,113 31,0,74,,93409,15,0,113 31,0,78,,93422,15,0,113 31,0,38,,93410,15,0,113 31,0,78,,93423,15,0,113 31,0,38,,93411,15,0,113 31,0,78,,93425,15,0,113 31,0,78,,93412,15,0,113 31,0,38,,93424,15,0,113 31,0,78,,93413,15,0,113 31,0,78,,93427,15,0,113 31,0,38,,93414,15,0,113 31,0,78,,93426,15,0,113 31,0,78,,93415,15,0,113 31,0,38,,93428,15,0,113 31,0,78,,93416,15,0,113 31,0,38,,93429,15,0,113 31,0,78,,93417,15,0,113 31,0,78,,93430,15,0,113 31,0,38,,93418,15,0,113 31,0,78,,93431,15,0,113 31,0,78,,93419,15,0,113 31,0,38,,93432,15,0,113 31,0,78,,93420,15,0,113 31,0,78,,93433,15,0,113 31,0
5100,'Weekday',524,,93434,15,,,0,20,,93453,15,,,0,60,,93437,15,,,0,20,,93463,15,,,0,20,,93435,15,,,0,60,,93454,15,,,0,20,,93439,15,,,0,20,,93464,15,,,0,65,,93436,15,,,0,10,,93455,15,,,0,25,,93438,15,,,0,60,,93465,15,,,0,40,,93456,15,,,0,80,,93467,15,,,0,80,,93457,15,,,0,40,,93466,15,,,0,80,,93458,15,,,0,80,,93468,15,,,0,40,,93459,15,,,0,80,,93469,15,,,0,35,,93460,15,,,0,60,,93440,15,,,0,20,,93470,15,,,0,20,,93447,15,,,0,55,,93461,15,,,0,25,,93441,15,,,0,20,,93471,15,,,0,60,,93449,15,,,0,20,,93462,15,,,0,20,,93442,15,,,0,85,,93448,15,,,0,80,,93444,15,,,0,80,,93450,15,,,0,40,,93443,15,,,0,80,,93451,15,,,0,80,,93445,15,,,0,40,,93452,15,,,0,91,,93446,15,,,0
5100,'STMPSa-Saturday',614,,93472,15,,,0,38,,93473,15,,,0,74,,93474,15,,,0,78,,93475,15,,,0,38,,93476,15,,,0,78,,93477,15,,,0,38,,93478,15,,,0,78,,93479,15,,,0,78,,93480,15,,,0,38,,93481,15,,,0,78,,93482,15,,,0,78,,93483,15,,,0,38,,93484,15,,,0,78,,93485,15,,,0,78,,93486,15,,,0,38,,93487,15,,,0,78,,93488,15,,,0,38,,93490,15,,,0,78,,93491,15,,,0,78,,93492,15,,,0,38,,93489,15,,,0,78,,93493,15,,,0,78,,93496,15,,,0,38,,93495,15,,,0,78,,93497,15,,,0,78,,93494,15,,,0
5100,'STMPSnea-Weekday',524,,93498,15,,,0,20,,93517,15,,,0,60,,93501,15,,,0,20,,93527,15,,,0,20,,93499,15,,,0,60,,93518,15,,,0,20,,93503,15,,,0,20,,93528,15,,,0,65,,93500,15,,,0,10,,93519,15,,,0,25,,93502,15,,,0,60,,93529,15,,,0,40,,93520,15,,,0,80,,93531,15,,,0,80,,93521,15,,,0,40,,93530,15,,,0,80,,93522,15,,,0,80,,93532,15,,,0,40,,93523,15,,,0,80,,93533,15,,,0,35,,93524,15,,,0,60,,93504,15,,,0,20,,93534,15,,,0,20,,93511,15,,,0,55,,93525,15,,,0,25,,93505,15,,,0,20,,93535,15,,,0,60,,93513,15,,,0,20,,93526,15,,,0,20,,93506,15,,,0,85,,93512,15,,,0,80,,93508,15,,,0,80,,93514,15,,,0,40,,93507,15,,,0,80,,93515,15,,,0,80,,93509,15,,,0,40,,93516,15,,,0,91,,93510,15,,,0
5100,'STMPSu1-Sunday',614,,93536,15,0,113 31,0,38,,93549,15,0,113 31,0,74,,93537,15,0,113 31,0,78,,93550,15,0,113 31,0,38,,93538,15,0,113 31,0,78,,93551,15,0,113 31,0,38,,93539,15,0,113 31,0,78,,93553,15,0,113 31,0,78,,93540,15,0,113 31,0,38,,93552,15,0,113 31,0,78,,93541,15,0,113 31,0,78,,93555,15,0,113 31,0,38,,93542,15,0,113 31,0,78,,93554,15,0,113 31,0,78,,93543,15,0,113 31,0,38,,93556,15,0,113 31,0,78,,93544,15,0,113 31,0,38,,93557,15,0,113 31,0,78,,93545,15,0,113 31,0,78,,93558,15,0,113 31,0,38,,93546,15,0,113 31,0,78,,93559,15,0,113 31,0,78,,93547,15,0,113 31,0,38,,93560,15,0,113 31,0,78,,93548,15,0,113 31,0,78,,93561,15,0,113 31,0
5100,'STMPSu2-Sunday',614,,93562,15,0,113 31,0,38,,93575,15,0,113 31,0,74,,93563,15,0,113 31,0,78,,93576,15,0,113 31,0,38,,93564,15,0,113 31,0,78,,93577,15,0,113 31,0,38,,93565,15,0,113 31,0,78,,93579,15,0,113 31,0,78,,93566,15,0,113 31,0,38,,93578,15,0,113 31,0,78,,93567,15,0,113 31,0,78,,93581,15,0,113 31,0,38,,93568,15,0,113 31,0,78,,93580,15,0,113 31,0,78,,93569,15,0,113 31,0,38,,93582,15,0,113 31,0,78,,93570,15,0,113 31,0,38,,93583,15,0,113 31,0,78,,93571,15,0,113 31,0,78,,93584,15,0,113 31,0,38,,93572,15,0,113 31,0,78,,93585,15,0,113 31,0,78,,93573,15,0,113 31,0,38,,93586,15,0,113 31,0,78,,93574,15,0,113 31,0,78,,93587,15,0,113 31,0
5100,'STMPWeek-Weekday',524,,93588,15,,,0,20,,93607,15,,,0,60,,93591,15,,,0,20,,93617,15,,,0,20,,93589,15,,,0,60,,93608,15,,,0,20,,93593,15,,,0,20,,93618,15,,,0,65,,93590,15,,,0,10,,93609,15,,,0,25,,93592,15,,,0,60,,93619,15,,,0,40,,93610,15,,,0,80,,93621,15,,,0,80,,93611,15,,,0,40,,93620,15,,,0,80,,93612,15,,,0,80,,93622,15,,,0,40,,93613,15,,,0,80,,93623,15,,,0,35,,93614,15,,,0,60,,93594,15,,,0,20,,93624,15,,,0,20,,93601,15,,,0,55,,93615,15,,,0,25,,93595,15,,,0,20,,93625,15,,,0,60,,93603,15,,,0,20,,93616,15,,,0,20,,93596,15,,,0,85,,93602,15,,,0,80,,93598,15,,,0,80,,93604,15,,,0,40,,93597,15,,,0,80,,93605,15,,,0,80,,93599,15,,,0,40,,93606,15,,,0,91,,93600,15,,,0
5100,'STMPar-Weekday',524,,93626,15,,,0,20,,93645,15,,,0,60,,93629,15,,,0,20,,93655,15,,,0,20,,93627,15,,,0,60,,93646,15,,,0,20,,93631,15,,,0,20,,93656,15,,,0,65,,93628,15,,,0,10,,93647,15,,,0,25,,93630,15,,,0,60,,93657,15,,,0,40,,93648,15,,,0,80,,93659,15,,,0,80,,93649,15,,,0,40,,93658,15,,,0,80,,93650,15,,,0,80,,93660,15,,,0,40,,93651,15,,,0,80,,93661,15,,,0,35,,93652,15,,,0,60,,93632,15,,,0,20,,93662,15,,,0,20,,93639,15,,,0,55,,93654,15,,,0,25,,93633,15,,,0,20,,93663,15,,,0,60,,93641,15,,,0,20,,93653,15,,,0,20,,93634,15,,,0,85,,93640,15,,,0,80,,93636,15,,,0,80,,93642,15,,,0,40,,93635,15,,,0,80,,93643,15,,,0,80,,93637,15,,,0,40,,93644,15,,,0,91,,93638,15,,,0
11100,'Saturday',626,,117643,10,,,0,85,,117645,10,,,0,45,,117644,10,,,0,85,,117646,10,,,0,85,,117642,10,,,0,85,,117647,10,,,0,45,,117648,10,,,0,85,,117650,10,,,0,85,,117649,10,,,0,85,,117651,10,,,0,45,,117652,10,,,0,85,,117653,10,,,0,85,,117656,10,,,0,85,,117654,10,,,0,45,,117657,10,,,0,85,,117655,10,,,0,85,,117658,10,,,0,85,,117660,10,,,0,45,,117659,10,,,0,85,,117661,10,,,0,85,,117662,10,,,0
11100,'Sunday',626,,117663,10,,,0,85,,117667,10,,,0,45,,117669,10,,,0,85,,117665,10,,,0,85,,117666,10,,,0,85,,117671,10,,,0,45,,117672,10,,,0,85,,117668,10,,,0,85,,117670,10,,,0,85,,117673,10,,,0,45,,117675,10,,,0,85,,117676,10,,,0,85,,117677,10,,,0,85,,117674,10,,,0,45,,117678,10,,,0,85,,117680,10,,,0,85,,117682,10,,,0,85,,117679,10,,,0,45,,117683,10,,,0,85,,117681,10,,,0,85,,117664,10,,,0
11100,'Weekday',552,,117684,10,,,0,70,,117692,10,,,0,30,,117686,10,,,0,70,,117693,10,,,0,30,,117685,10,,,0,70,,117694,10,,,0,30,,117712,10,,,0,70,,117695,10,,,0,30,,117713,10,,,0,70,,117696,10,,,0,30,,117714,10,,,0,70,,117697,10,,,0,30,,117715,10,,,0,70,,117698,10,,,0,30,,117716,10,,,0,70,,117699,10,,,0,30,,117717,10,,,0,70,,117700,10,,,0,30,,117687,10,,,0,70,,117701,10,,,0,30,,117688,10,,,0,70,,117702,10,,,0,15,,117711,10,,,0,15,,117689,10,,,0,70,,117704,10,,,0,30,,117690,10,,,0,70,,117703,10,,,0,30,,117691,10,,,0,70,,117705,10,,,0,90,,117706,10,,,0,90,,117708,10,,,0,50,,117707,10,,,0,90,,117709,10,,,0,90,,117710,10,,,0
11100,'STMPSa-Saturday',626,,117719,10,,,0,85,,117721,10,,,0,45,,117720,10,,,0,85,,117722,10,,,0,85,,117718,10,,,0,85,,117723,10,,,0,45,,117724,10,,,0,85,,117726,10,,,0,85,,117725,10,,,0,85,,117727,10,,,0,45,,117728,10,,,0,85,,117729,10,,,0,85,,117732,10,,,0,85,,117730,10,,,0,45,,117733,10,,,0,85,,117731,10,,,0,85,,117734,10,,,0,85,,117736,10,,,0,45,,117735,10,,,0,85,,117737,10,,,0,85,,117738,10,,,0
11100,'STMPSnea-Weekday',552,,117739,10,,,0,70,,117747,10,,,0,30,,117741,10,,,0,70,,117748,10,,,0,30,,117740,10,,,0,70,,117749,10,,,0,30,,117767,10,,,0,70,,117750,10,,,0,30,,117768,10,,,0,70,,117751,10,,,0,30,,117769,10,,,0,70,,117752,10,,,0,30,,117770,10,,,0,70,,117753,10,,,0,30,,117771,10,,,0,70,,117754,10,,,0,30,,117772,10,,,0,70,,117755,10,,,0,30,,117742,10,,,0,70,,117756,10,,,0,30,,117743,10,,,0,70,,117757,10,,,0,15,,117766,10,,,0,15,,117744,10,,,0,70,,117759,10,,,0,30,,117745,10,,,0,70,,117758,10,,,0,30,,117746,10,,,0,70,,117760,10,,,0,90,,117761,10,,,0,90,,117763,10,,,0,50,,117762,10,,,0,90,,117764,10,,,0,90,,117765,10,,,0
11100,'STMPSu1-Sunday',626,,117773,10,,,0,85,,117777,10,,,0,45,,117779,10,,,0,85,,117775,10,,,0,85,,117776,10,,,0,85,,117781,10,,,0,45,,117782,10,,,0,85,,117778,10,,,0,85,,117780,10,,,0,85,,117783,10,,,0,45,,117785,10,,,0,85,,117786,10,,,0,85,,117787,10,,,0,85,,117784,10,,,0,45,,117788,10,,,0,85,,117790,10,,,0,85,,117792,10,,,0,85,,117789,10,,,0,45,,117793,10,,,0,85,,117791,10,,,0,85,,117774,10,,,0
11100,'STMPSu2-Sunday',626,,117794,10,,,0,85,,117798,10,,,0,45,,117800,10,,,0,85,,117796,10,,,0,85,,117797,10,,,0,85,,117802,10,,,0,45,,117803,10,,,0,85,,117799,10,,,0,85,,117801,10,,,0,85,,117804,10,,,0,45,,117806,10,,,0,85,,117807,10,,,0,85,,117808,10,,,0,85,,117805,10,,,0,45,,117809,10,,,0,85,,117811,10,,,0,85,,117813,10,,,0,85,,117810,10,,,0,45,,117814,10,,,0,85,,117812,10,,,0,85,,117795,10,,,0
11100,'STMPWeek-Weekday',552,,117815,10,,,0,70,,117823,10,,,0,30,,117817,10,,,0,70,,117824,10,,,0,30,,117816,10,,,0,70,,117825,10,,,0,30,,117843,10,,,0,70,,117826,10,,,0,30,,117844,10,,,0,70,,117827,10,,,0,30,,117845,10,,,0,70,,117828,10,,,0,30,,117846,10,,,0,70,,117829,10,,,0,30,,117847,10,,,0,70,,117830,10,,,0,30,,117848,10,,,0,70,,117831,10,,,0,30,,117818,10,,,0,70,,117832,10,,,0,30,,117819,10,,,0,70,,117833,10,,,0,15,,117842,10,,,0,15,,117820,10,,,0,70,,117835,10,,,0,30,,117821,10,,,0,70,,117834,10,,,0,30,,117822,10,,,0,70,,117836,10,,,0,90,,117837,10,,,0,90,,117839,10,,,0,50,,117838,10,,,0,90,,117840,10,,,0,90,,117841,10,,,0
11100,'STMPar-Weekday',552,,117849,10,,,0,70,,117857,10,,,0,30,,117851,10,,,0,70,,117858,10,,,0,30,,117850,10,,,0,70,,117859,10,,,0,30,,117877,10,,,0,70,,117860,10,,,0,30,,117878,10,,,0,70,,117861,10,,,0,30,,117879,10,,,0,70,,117862,10,,,0,30,,117880,10,,,0,70,,117863,10,,,0,30,,117881,10,,,0,70,,117864,10,,,0,30,,117882,10,,,0,70,,117865,10,,,0,30,,117852,10,,,0,70,,117866,10,,,0,30,,117853,10,,,0,70,,117867,10,,,0,15,,117876,10,,,0,15,,117854,10,,,0,70,,117869,10,,,0,30,,117855,10,,,0,70,,117868,10,,,0,30,,117856,10,,,0,70,,117870,10,,,0,90,,117871,10,,,0,90,,117873,10,,,0,50,,117872,10,,,0,90,,117874,10,,,0,90,,117875,10,,,0
