9400,'Saturday',619,,111474,1,,,0,90,,111473,1,,,0,50,,111475,1,,,0,90,,111476,1,,,0,90,,111477,1,,,0,90,,111478,1,,,0,90,,111480,1,,,0,90,,111479,1,,,0,50,,111481,1,,,0,90,,111482,1,,,0,90,,111483,1,,,0,90,,111484,1,,,0,90,,111485,1,,,0,90,,111486,1,,,0,50,,111487,1,,,0,90,,111488,1,,,0,90,,111489,1,,,0,90,,111490,1,,,0,90,,111491,1,,,0
9400,'Sunday',619,,111492,1,,,0,90,,111493,1,,,0,50,,111495,1,,,0,90,,111494,1,,,0,90,,111496,1,,,0,90,,111497,1,,,0,90,,111499,1,,,0,90,,111500,1,,,0,50,,111501,1,,,0,90,,111498,1,,,0,90,,111502,1,,,0,90,,111503,1,,,0,90,,111504,1,,,0,90,,111505,1,,,0,50,,111506,1,,,0,90,,111507,1,,,0,90,,111508,1,,,0,90,,111509,1,,,0,90,,111510,1,,,0
9400,'Weekday',517,,111511,1,,,0,20,,111518,1,,,0,20,,111512,1,,,0,60,,111519,1,,,0,20,,111513,1,,,0,20,,111520,1,,,0,60,,111514,1,,,0,20,,111521,1,,,0,20,,111515,1,,,0,60,,111522,1,,,0,20,,111516,1,,,0,20,,111523,1,,,0,60,,111517,1,,,0,40,,111524,1,,,0,80,,111525,1,,,0,80,,111526,1,,,0,40,,111527,1,,,0,80,,111528,1,,,0,80,,111529,1,,,0,40,,111530,1,,,0,80,,111531,1,,,0,20,,111538,1,,,0,60,,111532,1,,,0,20,,111539,1,,,0,20,,111533,1,,,0,60,,111540,1,,,0,20,,111534,1,,,0,20,,111541,1,,,0,60,,111535,1,,,0,20,,111542,1,,,0,20,,111536,1,,,0,60,,111543,1,,,0,20,,111537,1,,,0,20,,111544,1,,,0,80,,111545,1,,,0,80,,111546,1,,,0,40,,111547,1,,,0,80,,111548,1,,,0,80,,111549,1,,,0,40,,111550,1,,,0,80,,111551,1,,,0
9400,'STMPSa-Saturday',619,,111553,1,,,0,90,,111552,1,,,0,50,,111555,1,,,0,90,,111554,1,,,0,90,,111556,1,,,0,90,,111557,1,,,0,90,,111559,1,,,0,90,,111558,1,,,0,50,,111560,1,,,0,90,,111561,1,,,0,90,,111562,1,,,0,90,,111563,1,,,0,90,,111564,1,,,0,90,,111565,1,,,0,50,,111566,1,,,0,90,,111567,1,,,0,90,,111568,1,,,0,90,,111569,1,,,0,90,,111570,1,,,0
9400,'STMPSnea-Weekday',517,,111571,1,,,0,20,,111578,1,,,0,20,,111572,1,,,0,60,,111579,1,,,0,20,,111573,1,,,0,20,,111580,1,,,0,60,,111574,1,,,0,20,,111581,1,,,0,20,,111575,1,,,0,60,,111582,1,,,0,20,,111576,1,,,0,20,,111583,1,,,0,60,,111577,1,,,0,40,,111584,1,,,0,80,,111585,1,,,0,80,,111586,1,,,0,40,,111587,1,,,0,80,,111588,1,,,0,80,,111589,1,,,0,40,,111590,1,,,0,80,,111591,1,,,0,20,,111598,1,,,0,60,,111592,1,,,0,20,,111599,1,,,0,20,,111593,1,,,0,60,,111600,1,,,0,20,,111594,1,,,0,20,,111601,1,,,0,60,,111595,1,,,0,20,,111602,1,,,0,20,,111596,1,,,0,60,,111603,1,,,0,20,,111597,1,,,0,20,,111604,1,,,0,80,,111605,1,,,0,80,,111606,1,,,0,40,,111607,1,,,0,80,,111608,1,,,0,80,,111609,1,,,0,40,,111610,1,,,0,80,,111611,1,,,0
9400,'STMPSu1-Sunday',619,,111612,1,,,0,90,,111613,1,,,0,50,,111615,1,,,0,90,,111614,1,,,0,90,,111616,1,,,0,90,,111617,1,,,0,90,,111619,1,,,0,90,,111620,1,,,0,50,,111621,1,,,0,90,,111618,1,,,0,90,,111622,1,,,0,90,,111623,1,,,0,90,,111624,1,,,0,90,,111625,1,,,0,50,,111626,1,,,0,90,,111627,1,,,0,90,,111628,1,,,0,90,,111629,1,,,0,90,,111630,1,,,0
9400,'STMPSu2-Sunday',619,,111631,1,,,0,90,,111632,1,,,0,50,,111634,1,,,0,90,,111633,1,,,0,90,,111635,1,,,0,90,,111636,1,,,0,90,,111638,1,,,0,90,,111639,1,,,0,50,,111640,1,,,0,90,,111637,1,,,0,90,,111641,1,,,0,90,,111642,1,,,0,90,,111643,1,,,0,90,,111644,1,,,0,50,,111645,1,,,0,90,,111646,1,,,0,90,,111647,1,,,0,90,,111648,1,,,0,90,,111649,1,,,0
9400,'STMPWeek-Weekday',517,,111650,1,,,0,20,,111657,1,,,0,20,,111651,1,,,0,60,,111658,1,,,0,20,,111652,1,,,0,20,,111659,1,,,0,60,,111653,1,,,0,20,,111660,1,,,0,20,,111654,1,,,0,60,,111661,1,,,0,20,,111655,1,,,0,20,,111662,1,,,0,60,,111656,1,,,0,40,,111663,1,,,0,80,,111664,1,,,0,80,,111665,1,,,0,40,,111666,1,,,0,80,,111667,1,,,0,80,,111668,1,,,0,40,,111669,1,,,0,80,,111670,1,,,0,20,,111677,1,,,0,60,,111671,1,,,0,20,,111678,1,,,0,20,,111672,1,,,0,60,,111679,1,,,0,20,,111673,1,,,0,20,,111680,1,,,0,60,,111674,1,,,0,20,,111681,1,,,0,20,,111675,1,,,0,60,,111682,1,,,0,20,,111676,1,,,0,20,,111683,1,,,0,80,,111684,1,,,0,80,,111685,1,,,0,40,,111686,1,,,0,80,,111687,1,,,0,80,,111688,1,,,0,40,,111689,1,,,0,80,,111690,1,,,0
9400,'STMPar-Weekday',517,,111691,1,,,0,20,,111698,1,,,0,20,,111692,1,,,0,60,,111699,1,,,0,20,,111693,1,,,0,20,,111700,1,,,0,60,,111694,1,,,0,20,,111701,1,,,0,20,,111695,1,,,0,60,,111702,1,,,0,20,,111696,1,,,0,20,,111703,1,,,0,60,,111697,1,,,0,40,,111704,1,,,0,80,,111705,1,,,0,80,,111706,1,,,0,40,,111707,1,,,0,80,,111708,1,,,0,80,,111709,1,,,0,40,,111710,1,,,0,80,,111711,1,,,0,20,,111718,1,,,0,60,,111712,1,,,0,20,,111719,1,,,0,20,,111713,1,,,0,60,,111720,1,,,0,20,,111714,1,,,0,20,,111721,1,,,0,60,,111715,1,,,0,20,,111723,1,,,0,20,,111716,1,,,0,60,,111722,1,,,0,20,,111717,1,,,0,20,,111724,1,,,0,80,,111725,1,,,0,80,,111726,1,,,0,40,,111727,1,,,0,80,,111728,1,,,0,80,,111729,1,,,0,40,,111730,1,,,0,80,,111731,1,,,0
9401,'Saturday',611,,111732,21,4,,0,90,,111735,21,4,,0,50,,111736,21,4,,0,90,,111734,21,4,,0,90,,111733,21,4,,0,90,,111737,21,4,,0,90,,111738,21,4,,0,90,,111739,21,4,,0,50,,111740,21,4,,0,90,,111741,21,4,,0,90,,111742,21,4,,0,90,,111743,21,4,,0,90,,111744,21,4,,0,90,,111746,21,4,,0,50,,111747,21,4,,0,90,,111748,21,4,,0,90,,111745,21,4,,0,90,,111749,21,4,,0,90,,111750,21,4,,0,90,,111751,21,4,,0
9401,'Sunday',611,,111753,21,4,,0,90,,111752,21,4,,0,50,,111754,21,4,,0,90,,111755,21,4,,0,90,,111756,21,4,,0,90,,111757,21,4,,0,90,,111758,21,4,,0,90,,111759,21,4,,0,50,,111760,21,4,,0,90,,111762,21,4,,0,90,,111763,21,4,,0,90,,111761,21,4,,0,90,,111765,21,4,,0,90,,111764,21,4,,0,50,,111766,21,4,,0,90,,111768,21,4,,0,90,,111767,21,4,,0,90,,111769,21,4,,0,90,,111770,21,4,,0,90,,111771,21,4,,0
9401,'Weekday',551,,111772,21,4,,0,60,,111778,21,4,,0,20,,111773,21,4,,0,20,,111779,21,4,,0,60,,111774,21,4,,0,20,,111780,21,4,,0,20,,111775,21,4,,0,60,,111781,21,4,,0,20,,111776,21,4,,0,20,,111782,21,4,,0,60,,111777,21,4,,0,20,,111783,21,4,,0,20,,111784,21,4,,0,80,,111785,21,4,,0,80,,111786,21,4,,0,40,,111787,21,4,,0,80,,111788,21,4,,0,80,,111789,21,4,,0,40,,111790,21,4,,0,80,,111791,21,4,,0,20,,111799,21,4,,0,60,,111792,21,4,,0,20,,111800,21,4,,0,20,,111793,21,4,,0,60,,111801,21,4,,0,20,,111794,21,4,,0,20,,111802,21,4,,0,60,,111795,21,4,,0,20,,111803,21,4,,0,20,,111796,21,4,,0,60,,111804,21,4,,0,20,,111797,21,4,,0,20,,111805,21,4,,0,60,,111798,21,4,,0,20,,111806,21,4,,0,80,,111807,21,4,,0,40,,111808,21,4,,0,80,,111809,21,4,,0,80,,111810,21,4,,0,40,,111811,21,4,,0,80,,111812,21,4,,0,80,,111813,21,4,,0
9401,'STMPSa-Saturday',611,,111814,21,4,,0,90,,111817,21,4,,0,50,,111818,21,4,,0,90,,111816,21,4,,0,90,,111815,21,4,,0,90,,111819,21,4,,0,90,,111820,21,4,,0,90,,111821,21,4,,0,50,,111822,21,4,,0,90,,111823,21,4,,0,90,,111824,21,4,,0,90,,111825,21,4,,0,90,,111826,21,4,,0,90,,111828,21,4,,0,50,,111829,21,4,,0,90,,111830,21,4,,0,90,,111827,21,4,,0,90,,111831,21,4,,0,90,,111832,21,4,,0,90,,111833,21,4,,0
9401,'STMPSnea-Weekday',551,,111834,21,4,,0,60,,111840,21,4,,0,20,,111835,21,4,,0,20,,111841,21,4,,0,60,,111836,21,4,,0,20,,111842,21,4,,0,20,,111837,21,4,,0,60,,111843,21,4,,0,20,,111838,21,4,,0,20,,111844,21,4,,0,60,,111839,21,4,,0,20,,111845,21,4,,0,20,,111846,21,4,,0,80,,111847,21,4,,0,80,,111848,21,4,,0,40,,111849,21,4,,0,80,,111850,21,4,,0,80,,111851,21,4,,0,40,,111852,21,4,,0,80,,111853,21,4,,0,20,,111861,21,4,,0,60,,111854,21,4,,0,20,,111862,21,4,,0,20,,111855,21,4,,0,60,,111863,21,4,,0,20,,111856,21,4,,0,20,,111864,21,4,,0,60,,111857,21,4,,0,20,,111865,21,4,,0,20,,111858,21,4,,0,60,,111866,21,4,,0,20,,111859,21,4,,0,20,,111867,21,4,,0,60,,111860,21,4,,0,20,,111868,21,4,,0,80,,111869,21,4,,0,40,,111870,21,4,,0,80,,111871,21,4,,0,80,,111872,21,4,,0,40,,111873,21,4,,0,80,,111874,21,4,,0,80,,111875,21,4,,0
9401,'STMPSu1-Sunday',611,,111877,21,4,,0,90,,111876,21,4,,0,50,,111878,21,4,,0,90,,111879,21,4,,0,90,,111880,21,4,,0,90,,111881,21,4,,0,90,,111882,21,4,,0,90,,111883,21,4,,0,50,,111884,21,4,,0,90,,111886,21,4,,0,90,,111887,21,4,,0,90,,111885,21,4,,0,90,,111889,21,4,,0,90,,111888,21,4,,0,50,,111890,21,4,,0,90,,111893,21,4,,0,90,,111891,21,4,,0,90,,111892,21,4,,0,90,,111894,21,4,,0,90,,111895,21,4,,0
9401,'STMPSu2-Sunday',611,,111897,21,4,,0,90,,111896,21,4,,0,50,,111898,21,4,,0,90,,111899,21,4,,0,90,,111900,21,4,,0,90,,111901,21,4,,0,90,,111902,21,4,,0,90,,111903,21,4,,0,50,,111904,21,4,,0,90,,111906,21,4,,0,90,,111907,21,4,,0,90,,111905,21,4,,0,90,,111909,21,4,,0,90,,111908,21,4,,0,50,,111910,21,4,,0,90,,111912,21,4,,0,90,,111911,21,4,,0,90,,111913,21,4,,0,90,,111914,21,4,,0,90,,111915,21,4,,0
9401,'STMPWeek-Weekday',551,,111916,21,4,,0,60,,111922,21,4,,0,20,,111917,21,4,,0,20,,111923,21,4,,0,60,,111918,21,4,,0,20,,111924,21,4,,0,20,,111919,21,4,,0,60,,111925,21,4,,0,20,,111920,21,4,,0,20,,111926,21,4,,0,60,,111921,21,4,,0,20,,111927,21,4,,0,20,,111928,21,4,,0,80,,111929,21,4,,0,80,,111930,21,4,,0,40,,111931,21,4,,0,80,,111932,21,4,,0,80,,111933,21,4,,0,40,,111934,21,4,,0,80,,111935,21,4,,0,20,,111943,21,4,,0,60,,111936,21,4,,0,20,,111944,21,4,,0,20,,111937,21,4,,0,60,,111945,21,4,,0,20,,111938,21,4,,0,20,,111946,21,4,,0,60,,111939,21,4,,0,20,,111947,21,4,,0,20,,111940,21,4,,0,60,,111948,21,4,,0,20,,111941,21,4,,0,20,,111949,21,4,,0,60,,111942,21,4,,0,20,,111950,21,4,,0,80,,111951,21,4,,0,40,,111952,21,4,,0,80,,111953,21,4,,0,80,,111954,21,4,,0,40,,111955,21,4,,0,80,,111956,21,4,,0,80,,111957,21,4,,0
9401,'STMPar-Weekday',551,,111958,21,4,,0,60,,111964,21,4,,0,20,,111959,21,4,,0,20,,111965,21,4,,0,60,,111960,21,4,,0,20,,111966,21,4,,0,20,,111961,21,4,,0,60,,111968,21,4,,0,20,,111962,21,4,,0,20,,111967,21,4,,0,60,,111963,21,4,,0,20,,111969,21,4,,0,20,,111970,21,4,,0,80,,111971,21,4,,0,80,,111972,21,4,,0,40,,111973,21,4,,0,80,,111974,21,4,,0,80,,111975,21,4,,0,40,,111976,21,4,,0,80,,111977,21,4,,0,20,,111985,21,4,,0,60,,111978,21,4,,0,20,,111986,21,4,,0,20,,111979,21,4,,0,60,,111987,21,4,,0,20,,111980,21,4,,0,20,,111988,21,4,,0,60,,111981,21,4,,0,20,,111989,21,4,,0,20,,111982,21,4,,0,60,,111990,21,4,,0,20,,111983,21,4,,0,20,,111991,21,4,,0,60,,111984,21,4,,0,20,,111992,21,4,,0,80,,111993,21,4,,0,40,,111994,21,4,,0,80,,111995,21,4,,0,80,,111996,21,4,,0,40,,111997,21,4,,0,80,,111998,21,4,,0,80,,111999,21,4,,0
16400,'Saturday',541,,132328,1,,,0,72,,132345,1,,,0,32,,132329,1,,,0,72,,132344,1,,,0,32,,132330,1,,,0,72,,132346,1,,,0,32,,132331,1,,,0,72,,132347,1,,,0,32,,132332,1,,,0,72,,132349,1,,,0,72,,132333,1,,,0,32,,132348,1,,,0,72,,132334,1,,,0,32,,132352,1,,,0,72,,132335,1,,,0,32,,132350,1,,,0,72,,132336,1,,,0,32,,132351,1,,,0,72,,132337,1,,,0,32,,132353,1,,,0,72,,132338,1,,,0,32,,132354,1,,,0,72,,132339,1,,,0,32,,132355,1,,,0,72,,132340,1,,,0,72,,132356,1,,,0,32,,132341,1,,,0,72,,132357,1,,,0,32,,132342,1,,,0,72,,132358,1,,,0,32,,132343,1,,,0,72,,132359,1,,,0
16400,'Sunday',541,,132360,1,,,0,72,,132376,1,,,0,32,,132361,1,,,0,72,,132378,1,,,0,32,,132362,1,,,0,72,,132377,1,,,0,32,,132363,1,,,0,72,,132380,1,,,0,32,,132364,1,,,0,72,,132379,1,,,0,72,,132365,1,,,0,32,,132381,1,,,0,72,,132366,1,,,0,32,,132382,1,,,0,72,,132367,1,,,0,32,,132383,1,,,0,72,,132368,1,,,0,32,,132384,1,,,0,72,,132370,1,,,0,32,,132385,1,,,0,72,,132369,1,,,0,32,,132386,1,,,0,72,,132371,1,,,0,32,,132387,1,,,0,72,,132372,1,,,0,72,,132388,1,,,0,32,,132373,1,,,0,72,,132389,1,,,0,32,,132374,1,,,0,72,,132390,1,,,0,32,,132375,1,,,0,72,,132391,1,,,0
16400,'Weekday',500,,132393,1,,,0,32,,132411,1,,,0,72,,132392,1,,,0,32,,132412,1,,,0,72,,132394,1,,,0,32,,132413,1,,,0,72,,132395,1,,,0,32,,132414,1,,,0,72,,132396,1,,,0,32,,132415,1,,,0,72,,132397,1,,,0,32,,132417,1,,,0,72,,132399,1,,,0,32,,132416,1,,,0,72,,132398,1,,,0,72,,132418,1,,,0,32,,132400,1,,,0,72,,132419,1,,,0,32,,132401,1,,,0,72,,132420,1,,,0,32,,132403,1,,,0,72,,132421,1,,,0,32,,132402,1,,,0,72,,132422,1,,,0,32,,132404,1,,,0,72,,132424,1,,,0,32,,132405,1,,,0,72,,132423,1,,,0,32,,132406,1,,,0,72,,132425,1,,,0,72,,132407,1,,,0,32,,132426,1,,,0,72,,132408,1,,,0,32,,132427,1,,,0,72,,132409,1,,,0,32,,132428,1,,,0,71,,132410,1,,,0
16400,'STMPSa-Saturday',541,,132429,1,,,0,72,,132446,1,,,0,32,,132430,1,,,0,72,,132445,1,,,0,32,,132431,1,,,0,72,,132447,1,,,0,32,,132432,1,,,0,72,,132448,1,,,0,32,,132433,1,,,0,72,,132450,1,,,0,72,,132434,1,,,0,32,,132449,1,,,0,72,,132435,1,,,0,32,,132453,1,,,0,72,,132436,1,,,0,32,,132451,1,,,0,72,,132437,1,,,0,32,,132452,1,,,0,72,,132438,1,,,0,32,,132454,1,,,0,72,,132439,1,,,0,32,,132455,1,,,0,72,,132440,1,,,0,32,,132456,1,,,0,72,,132441,1,,,0,72,,132457,1,,,0,32,,132442,1,,,0,72,,132458,1,,,0,32,,132443,1,,,0,72,,132459,1,,,0,32,,132444,1,,,0,72,,132460,1,,,0
16400,'STMPSnea-Weekday',500,,132462,1,,,0,32,,132480,1,,,0,72,,132461,1,,,0,32,,132481,1,,,0,72,,132463,1,,,0,32,,132482,1,,,0,72,,132464,1,,,0,32,,132483,1,,,0,72,,132465,1,,,0,32,,132484,1,,,0,72,,132466,1,,,0,32,,132486,1,,,0,72,,132468,1,,,0,32,,132485,1,,,0,72,,132467,1,,,0,72,,132487,1,,,0,32,,132469,1,,,0,72,,132488,1,,,0,32,,132470,1,,,0,72,,132489,1,,,0,32,,132472,1,,,0,72,,132490,1,,,0,32,,132471,1,,,0,72,,132491,1,,,0,32,,132473,1,,,0,72,,132493,1,,,0,32,,132474,1,,,0,72,,132492,1,,,0,32,,132475,1,,,0,72,,132494,1,,,0,72,,132476,1,,,0,32,,132495,1,,,0,72,,132477,1,,,0,32,,132496,1,,,0,72,,132478,1,,,0,32,,132497,1,,,0,71,,132479,1,,,0
16400,'STMPSu1-Sunday',541,,132498,1,,,0,72,,132514,1,,,0,32,,132499,1,,,0,72,,132516,1,,,0,32,,132500,1,,,0,72,,132515,1,,,0,32,,132501,1,,,0,72,,132518,1,,,0,32,,132502,1,,,0,72,,132517,1,,,0,72,,132503,1,,,0,32,,132519,1,,,0,72,,132504,1,,,0,32,,132520,1,,,0,72,,132505,1,,,0,32,,132521,1,,,0,72,,132506,1,,,0,32,,132522,1,,,0,72,,132508,1,,,0,32,,132523,1,,,0,72,,132507,1,,,0,32,,132524,1,,,0,72,,132509,1,,,0,32,,132525,1,,,0,72,,132510,1,,,0,72,,132526,1,,,0,32,,132511,1,,,0,72,,132527,1,,,0,32,,132512,1,,,0,72,,132528,1,,,0,32,,132513,1,,,0,72,,132529,1,,,0
16400,'STMPSu2-Sunday',541,,132530,1,,,0,72,,132546,1,,,0,32,,132531,1,,,0,72,,132548,1,,,0,32,,132532,1,,,0,72,,132547,1,,,0,32,,132533,1,,,0,72,,132550,1,,,0,32,,132534,1,,,0,72,,132549,1,,,0,72,,132535,1,,,0,32,,132551,1,,,0,72,,132536,1,,,0,32,,132552,1,,,0,72,,132537,1,,,0,32,,132553,1,,,0,72,,132538,1,,,0,32,,132554,1,,,0,72,,132540,1,,,0,32,,132555,1,,,0,72,,132539,1,,,0,32,,132556,1,,,0,72,,132541,1,,,0,32,,132557,1,,,0,72,,132542,1,,,0,72,,132558,1,,,0,32,,132543,1,,,0,72,,132559,1,,,0,32,,132544,1,,,0,72,,132560,1,,,0,32,,132545,1,,,0,72,,132561,1,,,0
16400,'STMPWeek-Weekday',500,,132563,1,,,0,32,,132581,1,,,0,72,,132562,1,,,0,32,,132582,1,,,0,72,,132564,1,,,0,32,,132583,1,,,0,72,,132565,1,,,0,32,,132584,1,,,0,72,,132566,1,,,0,32,,132585,1,,,0,72,,132567,1,,,0,32,,132587,1,,,0,72,,132569,1,,,0,32,,132586,1,,,0,72,,132568,1,,,0,72,,132588,1,,,0,32,,132570,1,,,0,72,,132589,1,,,0,32,,132571,1,,,0,72,,132590,1,,,0,32,,132573,1,,,0,72,,132591,1,,,0,32,,132572,1,,,0,72,,132592,1,,,0,32,,132574,1,,,0,72,,132594,1,,,0,32,,132575,1,,,0,72,,132593,1,,,0,32,,132576,1,,,0,72,,132595,1,,,0,72,,132577,1,,,0,32,,132596,1,,,0,72,,132578,1,,,0,32,,132597,1,,,0,72,,132579,1,,,0,32,,132598,1,,,0,71,,132580,1,,,0
16400,'STMPar-Weekday',500,,132600,1,,,0,32,,132618,1,,,0,72,,132599,1,,,0,32,,132619,1,,,0,72,,132601,1,,,0,32,,132620,1,,,0,72,,132602,1,,,0,32,,132621,1,,,0,72,,132603,1,,,0,32,,132622,1,,,0,72,,132604,1,,,0,32,,132624,1,,,0,72,,132606,1,,,0,32,,132623,1,,,0,72,,132605,1,,,0,72,,132625,1,,,0,32,,132607,1,,,0,72,,132626,1,,,0,32,,132608,1,,,0,72,,132627,1,,,0,32,,132610,1,,,0,72,,132628,1,,,0,32,,132609,1,,,0,72,,132630,1,,,0,32,,132611,1,,,0,72,,132631,1,,,0,32,,132612,1,,,0,72,,132629,1,,,0,32,,132614,1,,,0,72,,132632,1,,,0,72,,132615,1,,,0,32,,132633,1,,,0,72,,132613,1,,,0,32,,132634,1,,,0,72,,132616,1,,,0,32,,132635,1,,,0,71,,132617,1,,,0
16401,'Saturday',637,,132637,35,4,,0,72,,132652,35,4,,0,32,,132636,35,4,,0,72,,132653,35,4,,0,32,,132638,35,4,,0,72,,132654,35,4,,0,32,,132639,35,4,,0,72,,132656,35,4,,0,32,,132640,35,4,,0,72,,132658,35,4,,0,32,,132641,35,4,,0,72,,132657,35,4,,0,72,,132642,35,4,,0,32,,132655,35,4,,0,72,,132643,35,4,,0,32,,132659,35,4,,0,72,,132644,35,4,,0,32,,132660,35,4,,0,72,,132645,35,4,,0,32,,132661,35,4,,0,72,,132647,35,4,,0,32,,132662,35,4,,0,72,,132648,35,4,,0,32,,132663,35,4,,0,72,,132649,35,4,,0,32,,132664,35,4,,0,72,,132646,35,4,,0,72,,132665,35,4,,0,32,,132650,35,4,,0,72,,132666,35,4,,0,32,,132651,35,4,,0
16401,'Sunday',637,,132667,35,4,,0,72,,132683,35,4,,0,32,,132668,35,4,,0,72,,132685,35,4,,0,32,,132669,35,4,,0,72,,132684,35,4,,0,32,,132670,35,4,,0,72,,132686,35,4,,0,32,,132671,35,4,,0,72,,132687,35,4,,0,32,,132672,35,4,,0,72,,132688,35,4,,0,72,,132673,35,4,,0,32,,132689,35,4,,0,72,,132674,35,4,,0,32,,132692,35,4,,0,72,,132675,35,4,,0,32,,132690,35,4,,0,72,,132676,35,4,,0,32,,132691,35,4,,0,72,,132677,35,4,,0,32,,132693,35,4,,0,72,,132678,35,4,,0,32,,132694,35,4,,0,72,,132679,35,4,,0,32,,132695,35,4,,0,72,,132680,35,4,,0,72,,132697,35,4,,0,32,,132682,35,4,,0,72,,132696,35,4,,0,32,,132681,35,4,,0
16401,'Weekday',601,,132698,35,4,,0,32,,132715,35,4,,0,72,,132699,35,4,,0,32,,132718,35,4,,0,72,,132700,35,4,,0,32,,132717,35,4,,0,72,,132701,35,4,,0,32,,132719,35,4,,0,72,,132702,35,4,,0,32,,132720,35,4,,0,72,,132703,35,4,,0,32,,132721,35,4,,0,72,,132704,35,4,,0,32,,132722,35,4,,0,72,,132705,35,4,,0,72,,132723,35,4,,0,32,,132707,35,4,,0,72,,132724,35,4,,0,32,,132706,35,4,,0,72,,132725,35,4,,0,32,,132708,35,4,,0,72,,132727,35,4,,0,32,,132709,35,4,,0,72,,132726,35,4,,0,32,,132710,35,4,,0,72,,132728,35,4,,0,32,,132711,35,4,,0,72,,132729,35,4,,0,32,,132713,35,4,,0,72,,132730,35,4,,0,72,,132712,35,4,,0,32,,132731,35,4,,0,72,,132714,35,4,,0,32,,132732,35,4,,0,72,,132716,35,4,,0,32,,132733,35,4,,0
16401,'STMPSa-Saturday',637,,132735,35,4,,0,72,,132751,35,4,,0,32,,132734,35,4,,0,72,,132749,35,4,,0,32,,132736,35,4,,0,72,,132752,35,4,,0,32,,132737,35,4,,0,72,,132754,35,4,,0,32,,132738,35,4,,0,72,,132756,35,4,,0,32,,132739,35,4,,0,72,,132755,35,4,,0,72,,132740,35,4,,0,32,,132753,35,4,,0,72,,132741,35,4,,0,32,,132758,35,4,,0,72,,132742,35,4,,0,32,,132757,35,4,,0,72,,132743,35,4,,0,32,,132759,35,4,,0,72,,132745,35,4,,0,32,,132760,35,4,,0,72,,132746,35,4,,0,32,,132761,35,4,,0,72,,132747,35,4,,0,32,,132762,35,4,,0,72,,132744,35,4,,0,72,,132763,35,4,,0,32,,132748,35,4,,0,72,,132764,35,4,,0,32,,132750,35,4,,0
16401,'STMPSnea-Weekday',601,,132765,35,4,,0,32,,132782,35,4,,0,72,,132766,35,4,,0,32,,132785,35,4,,0,72,,132767,35,4,,0,32,,132784,35,4,,0,72,,132768,35,4,,0,32,,132786,35,4,,0,72,,132769,35,4,,0,32,,132787,35,4,,0,72,,132770,35,4,,0,32,,132788,35,4,,0,72,,132771,35,4,,0,32,,132789,35,4,,0,72,,132772,35,4,,0,72,,132790,35,4,,0,32,,132774,35,4,,0,72,,132791,35,4,,0,32,,132773,35,4,,0,72,,132792,35,4,,0,32,,132775,35,4,,0,72,,132794,35,4,,0,32,,132776,35,4,,0,72,,132793,35,4,,0,32,,132777,35,4,,0,72,,132795,35,4,,0,32,,132778,35,4,,0,72,,132796,35,4,,0,32,,132780,35,4,,0,72,,132797,35,4,,0,72,,132779,35,4,,0,32,,132798,35,4,,0,72,,132781,35,4,,0,32,,132799,35,4,,0,72,,132783,35,4,,0,32,,132800,35,4,,0
16401,'STMPSu1-Sunday',637,,132801,35,4,,0,72,,132817,35,4,,0,32,,132802,35,4,,0,72,,132819,35,4,,0,32,,132803,35,4,,0,72,,132818,35,4,,0,32,,132804,35,4,,0,72,,132821,35,4,,0,32,,132805,35,4,,0,72,,132820,35,4,,0,32,,132806,35,4,,0,72,,132822,35,4,,0,72,,132807,35,4,,0,32,,132823,35,4,,0,72,,132808,35,4,,0,32,,132826,35,4,,0,72,,132809,35,4,,0,32,,132824,35,4,,0,72,,132810,35,4,,0,32,,132825,35,4,,0,72,,132811,35,4,,0,32,,132827,35,4,,0,72,,132812,35,4,,0,32,,132828,35,4,,0,72,,132813,35,4,,0,32,,132829,35,4,,0,72,,132814,35,4,,0,72,,132831,35,4,,0,32,,132816,35,4,,0,72,,132830,35,4,,0,32,,132815,35,4,,0
16401,'STMPSu2-Sunday',637,,132832,35,4,,0,72,,132848,35,4,,0,32,,132833,35,4,,0,72,,132850,35,4,,0,32,,132834,35,4,,0,72,,132849,35,4,,0,32,,132835,35,4,,0,72,,132851,35,4,,0,32,,132836,35,4,,0,72,,132852,35,4,,0,32,,132837,35,4,,0,72,,132853,35,4,,0,72,,132838,35,4,,0,32,,132854,35,4,,0,72,,132839,35,4,,0,32,,132857,35,4,,0,72,,132840,35,4,,0,32,,132855,35,4,,0,72,,132841,35,4,,0,32,,132856,35,4,,0,72,,132842,35,4,,0,32,,132858,35,4,,0,72,,132843,35,4,,0,32,,132859,35,4,,0,72,,132844,35,4,,0,32,,132860,35,4,,0,72,,132845,35,4,,0,72,,132862,35,4,,0,32,,132847,35,4,,0,72,,132861,35,4,,0,32,,132846,35,4,,0
16401,'STMPWeek-Weekday',601,,132863,35,4,,0,32,,132880,35,4,,0,72,,132864,35,4,,0,32,,132883,35,4,,0,72,,132865,35,4,,0,32,,132882,35,4,,0,72,,132866,35,4,,0,32,,132884,35,4,,0,72,,132867,35,4,,0,32,,132885,35,4,,0,72,,132868,35,4,,0,32,,132886,35,4,,0,72,,132869,35,4,,0,32,,132887,35,4,,0,72,,132870,35,4,,0,72,,132888,35,4,,0,32,,132872,35,4,,0,72,,132889,35,4,,0,32,,132871,35,4,,0,72,,132890,35,4,,0,32,,132873,35,4,,0,72,,132892,35,4,,0,32,,132874,35,4,,0,72,,132891,35,4,,0,32,,132875,35,4,,0,72,,132893,35,4,,0,32,,132876,35,4,,0,72,,132894,35,4,,0,32,,132878,35,4,,0,72,,132895,35,4,,0,72,,132877,35,4,,0,32,,132896,35,4,,0,72,,132879,35,4,,0,32,,132897,35,4,,0,72,,132881,35,4,,0,32,,132898,35,4,,0
16401,'STMPar-Weekday',601,,132899,35,4,,0,32,,132916,35,4,,0,72,,132900,35,4,,0,32,,132919,35,4,,0,72,,132901,35,4,,0,32,,132918,35,4,,0,72,,132902,35,4,,0,32,,132920,35,4,,0,72,,132903,35,4,,0,32,,132921,35,4,,0,72,,132904,35,4,,0,32,,132922,35,4,,0,72,,132905,35,4,,0,32,,132923,35,4,,0,72,,132906,35,4,,0,72,,132924,35,4,,0,32,,132908,35,4,,0,72,,132925,35,4,,0,32,,132907,35,4,,0,72,,132926,35,4,,0,32,,132909,35,4,,0,72,,132928,35,4,,0,32,,132910,35,4,,0,72,,132927,35,4,,0,32,,132911,35,4,,0,72,,132929,35,4,,0,32,,132912,35,4,,0,72,,132930,35,4,,0,32,,132914,35,4,,0,72,,132931,35,4,,0,72,,132913,35,4,,0,32,,132932,35,4,,0,72,,132915,35,4,,0,32,,132933,35,4,,0,72,,132917,35,4,,0,32,,132934,35,4,,0
