7600,'Saturday',613,,64789,4,,0,30,,64809,4,,0,80,,64798,4,,0,80,,64804,4,,0,40,,64792,4,,0,80,,64810,4,,0,80,,64797,4,,0,40,,64790,4,,0,80,,64793,4,,0,80,,64811,4,,0,41,,64800,4,,0,80,,64805,4,,0,80,,64791,4,,0,40,,64812,4,,0,80,,64799,4,,0,80,,64806,4,,0,40,,64795,4,,0,80,,64813,4,,0,80,,64801,4,,0,39,,64807,4,,0,79,,64796,4,,0,80,,64815,4,,0,40,,64803,4,,0,80,,64808,4,,0,80,,64794,4,,0,40,,64814,4,,0,80,,64802,4,,0,80,,64816,4,,0
7600,'Sunday',613,,64819,4,,0,30,,64827,4,,0,80,,64838,4,,0,80,,64820,4,,0,40,,64828,4,,0,80,,64836,4,,0,80,,64821,4,,0,40,,64829,4,,0,80,,64837,4,,0,80,,64822,4,,0,41,,64830,4,,0,80,,64839,4,,0,80,,64823,4,,0,40,,64832,4,,0,80,,64841,4,,0,80,,64824,4,,0,40,,64831,4,,0,80,,64840,4,,0,80,,64825,4,,0,39,,64833,4,,0,79,,64842,4,,0,80,,64826,4,,0,40,,64834,4,,0,80,,64817,4,,0,80,,64843,4,,0,40,,64835,4,,0,80,,64818,4,,0,80,,64844,4,,0
7600,'Weekday',533,,64845,4,,0,70,,64857,4,,0,30,,64848,4,,0,72,,64874,4,,0,30,,64866,4,,0,10,,64886,4,,0,60,,64858,4,,0,30,,64846,4,,0,9,,64885,4,,0,61,,64875,4,,0,27,,64867,4,,0,70,,64859,4,,0,30,,64847,4,,0,70,,64876,4,,0,30,,64868,4,,0,70,,64860,4,,0,30,,64849,4,,0,70,,64877,4,,0,30,,64869,4,,0,70,,64861,4,,0,30,,64850,4,,0,70,,64878,4,,0,31,,64870,4,,0,70,,64862,4,,0,30,,64851,4,,0,70,,64879,4,,0,30,,64871,4,,0,70,,64863,4,,0,30,,64852,4,,0,69,,64880,4,,0,30,,64872,4,,0,70,,64864,4,,0,30,,64853,4,,0,70,,64881,4,,0,30,,64873,4,,0,70,,64865,4,,0,30,,64854,4,,0,70,,64882,4,,0,30,,64855,4,,0,70,,64884,4,,0,30,,64856,4,,0,78,,64883,4,,0
7600,'1CCSDCUT-Weekday',533,,64887,4,,0,70,,64899,4,,0,30,,64890,4,,0,72,,64916,4,,0,30,,64908,4,,0,10,,64928,4,,0,60,,64900,4,,0,30,,64888,4,,0,9,,64927,4,,0,61,,64917,4,,0,27,,64909,4,,0,70,,64901,4,,0,30,,64889,4,,0,70,,64918,4,,0,30,,64910,4,,0,70,,64902,4,,0,30,,64891,4,,0,70,,64919,4,,0,30,,64911,4,,0,70,,64903,4,,0,30,,64892,4,,0,70,,64920,4,,0,31,,64912,4,,0,70,,64904,4,,0,30,,64893,4,,0,70,,64921,4,,0,30,,64913,4,,0,70,,64905,4,,0,30,,64894,4,,0,69,,64922,4,,0,30,,64914,4,,0,70,,64906,4,,0,30,,64895,4,,0,70,,64923,4,,0,30,,64915,4,,0,70,,64907,4,,0,30,,64896,4,,0,70,,64924,4,,0,30,,64897,4,,0,70,,64926,4,,0,30,,64898,4,,0,78,,64925,4,,0
7600,'1PUBCUT-Weekday',533,,64929,4,,0,70,,64941,4,,0,30,,64932,4,,0,72,,64958,4,,0,30,,64950,4,,0,70,,64942,4,,0,30,,64930,4,,0,70,,64959,4,,0,27,,64951,4,,0,70,,64943,4,,0,30,,64931,4,,0,70,,64960,4,,0,30,,64952,4,,0,70,,64944,4,,0,30,,64933,4,,0,70,,64961,4,,0,30,,64953,4,,0,70,,64945,4,,0,30,,64934,4,,0,70,,64962,4,,0,31,,64954,4,,0,70,,64946,4,,0,30,,64935,4,,0,70,,64963,4,,0,30,,64955,4,,0,70,,64947,4,,0,30,,64936,4,,0,69,,64964,4,,0,30,,64956,4,,0,70,,64948,4,,0,30,,64937,4,,0,70,,64965,4,,0,30,,64957,4,,0,70,,64949,4,,0,30,,64938,4,,0,70,,64966,4,,0,30,,64939,4,,0,70,,64968,4,,0,30,,64940,4,,0,78,,64967,4,,0
7601,'Saturday',548,,64969,,,0,80,,64978,,,0,80,,64979,,,0,40,,64977,,,0,80,,64980,,,0,80,,64981,,,0,40,,64982,,,0,80,,64983,,,0,80,,64984,,,0,40,,64985,,,0,80,,64986,,,0,80,,64987,,,0,40,,64988,,,0,80,,64990,,,0,80,,64991,,,0,40,,64992,,,0,80,,64989,,,0,80,,64993,,,0,40,,64994,,,0,80,,64995,,,0,80,,64975,,,0,40,,64972,,,0,80,,64974,,,0,80,,64970,,,0,40,,64976,,,0,80,,64973,,,0,80,,64971,,,0,40,,64996,,,0
7601,'Sunday',548,,65006,,,0,80,,65017,,,0,80,,64999,,,0,40,,65007,,,0,80,,65016,,,0,80,,65000,,,0,40,,65008,,,0,80,,65018,,,0,80,,65002,,,0,40,,65009,,,0,80,,65019,,,0,80,,65001,,,0,40,,65010,,,0,80,,65020,,,0,80,,65003,,,0,40,,65011,,,0,80,,65021,,,0,80,,65005,,,0,40,,65012,,,0,80,,65022,,,0,80,,65004,,,0,40,,65013,,,0,80,,64997,,,0,80,,65023,,,0,40,,65014,,,0,80,,64998,,,0,80,,65024,,,0,40,,65015,,,0
7601,'Weekday',501,,65036,,,0,35,,65025,,,0,70,,65053,,,0,30,,65045,,,0,70,,65037,,,0,30,,65026,,,0,64,,65054,,,0,36,,65046,,,0,70,,65038,,,0,30,,65027,,,0,70,,65055,,,0,30,,65047,,,0,70,,65040,,,0,30,,65028,,,0,70,,65056,,,0,30,,65048,,,0,70,,65039,,,0,30,,65029,,,0,70,,65057,,,0,30,,65049,,,0,14,,65064,,,0,56,,65041,,,0,16,,65065,,,0,11,,65030,,,0,73,,65058,,,0,30,,65050,,,0,70,,65042,,,0,30,,65031,,,0,70,,65059,,,0,30,,65051,,,0,70,,65043,,,0,30,,65032,,,0,70,,65060,,,0,30,,65052,,,0,70,,65044,,,0,30,,65033,,,0,70,,65061,,,0,30,,65034,,,0,70,,65063,,,0,30,,65035,,,0,80,,65062,,,0
7601,'Weekday0000100',1215,,65066,,,0
7601,'1CCSDCUT-Weekday',501,,65078,,,0,35,,65067,,,0,70,,65095,,,0,30,,65087,,,0,70,,65079,,,0,30,,65068,,,0,64,,65096,,,0,36,,65088,,,0,70,,65080,,,0,30,,65069,,,0,70,,65097,,,0,30,,65089,,,0,70,,65082,,,0,30,,65070,,,0,70,,65098,,,0,30,,65090,,,0,70,,65081,,,0,30,,65071,,,0,70,,65099,,,0,30,,65091,,,0,14,,65106,,,0,56,,65083,,,0,16,,65107,,,0,11,,65072,,,0,73,,65100,,,0,30,,65092,,,0,70,,65084,,,0,30,,65073,,,0,70,,65101,,,0,30,,65093,,,0,70,,65085,,,0,30,,65074,,,0,70,,65102,,,0,30,,65094,,,0,70,,65086,,,0,30,,65075,,,0,70,,65103,,,0,30,,65076,,,0,70,,65105,,,0,30,,65077,,,0,80,,65104,,,0
7601,'1CCSDCUT-Weekday0000100',1215,,65108,,,0
7601,'1PUBCUT-Weekday',501,,65120,,,0,35,,65109,,,0,70,,65137,,,0,30,,65129,,,0,70,,65121,,,0,30,,65110,,,0,64,,65138,,,0,36,,65130,,,0,70,,65122,,,0,30,,65111,,,0,70,,65139,,,0,30,,65131,,,0,70,,65124,,,0,30,,65112,,,0,70,,65140,,,0,30,,65132,,,0,70,,65123,,,0,30,,65113,,,0,70,,65141,,,0,30,,65133,,,0,14,,65148,,,0,56,,65125,,,0,16,,65149,,,0,11,,65114,,,0,73,,65142,,,0,30,,65134,,,0,70,,65126,,,0,30,,65115,,,0,70,,65143,,,0,30,,65135,,,0,70,,65127,,,0,30,,65116,,,0,70,,65144,,,0,30,,65136,,,0,70,,65128,,,0,30,,65117,,,0,70,,65145,,,0,30,,65118,,,0,70,,65147,,,0,30,,65119,,,0,80,,65146,,,0
