'1BUSWK-Weekday-1-2024JU-1111100',8901,61000,,'',0,4000,,'',0,8400,,'',0,8200,,'',0,4200,,'',0,77200,,'',0,8200,,'',0,4200,,'',0
'STMPPar-Weekday-1-2024JU-1111100',8901,61000,,'',0,4000,,'',0,8400,,'',0,8200,,'',0,4200,,'',0,77200,,'',0,8200,,'',0,4200,,'',0
'STMPSnea-Weekday-1-2024JU-1111100',8901,61000,,'',0,4000,,'',0,8400,,'',0,8200,,'',0,4200,,'',0,77200,,'',0,8200,,'',0,4200,,'',0
'STMPWeek-Weekday-1-2024JU-1111100',8901,61000,,'',0,4000,,'',0,8400,,'',0,8200,,'',0,4200,,'',0,77200,,'',0,8200,,'',0,4200,,'',0
'1BUSSA-Saturday-1-2024JU-0000010',11800,73800,4,'',0,300,,'',0,6500,4,'',0,500,,'',0,2500,4,'',0,500,,'',0,6500,4,'',0,500,,'',0,2500,4,'',0,500,,'',0,6500,4,'',0,500,,'',0,2500,4,'',0,500,,'',0,6500,4,'',0,500,,'',0,2500,4,'',0,500,,'',0,6500,4,'',0,500,,'',0,2500,4,'',0,500,,'',0,6500,4,'',0,500,,'',0,2500,4,'',0,500,,'',0,6500,4,'',0,500,,'',0,2500,4,'',0,500,,'',0,6500,4,'',0,500,,'',0,2500,4,'',0,500,,'',0,6500,4,'',0,500,,'',0,2500,4,'',0,500,,'',0,6500,4,'',0,500,,'',0,2500,4,'',0,500,,'',0,6500,4,'',0,500,,'',0,2500,4,'',0,500,,'',0,6500,4,'',0,500,,'',0,2500,4,'',0,500,,'',0,6500,4,'',0,500,,'',0,2500,4,'',0,500,,'',0,6500,4,'',0,500,,'',0,2500,4,'',0,500,,'',0,6500,4,'',0,500,,'',0
'1BUSSU-Sunday-1-2024JU-0000001',11800,80600,4,'',0,500,,'',0,2500,4,'',0,500,,'',0,6500,4,'',0,500,,'',0,2500,4,'',0,500,,'',0,6500,4,'',0,500,,'',0,2500,4,'',0,500,,'',0,6500,4,'',0,500,,'',0,2500,4,'',0,500,,'',0,6500,4,'',0,500,,'',0,2500,4,'',0,500,,'',0,6500,4,'',0,500,,'',0,2500,4,'',0,500,,'',0,6500,4,'',0,500,,'',0,2500,4,'',0,500,,'',0,6500,4,'',0,500,,'',0,2500,4,'',0,500,,'',0,6500,4,'',0,500,,'',0,2500,4,'',0,500,,'',0,6500,4,'',0,500,,'',0,2500,4,'',0,500,,'',0,6500,4,'',0,500,,'',0,2500,4,'',0,500,,'',0,6500,4,'',0,500,,'',0,2500,4,'',0,500,,'',0,6500,4,'',0,500,,'',0,2500,4,'',0,500,,'',0,6500,4,'',0,500,,'',0,2500,4,'',0,500,,'',0,6500,4,'',0,500,,'',0
'1BUSWK-Weekday-1-2024JU-1111100',11800,51600,4,'',0,1400,,'',0,2800,4,'',0,5000,,'',0,2800,4,'',0,200,,'',0,6800,4,'',0,200,,'',0,2800,4,'',0,200,,'',0,6800,4,'',0,200,,'',0,2800,4,'',0,200,,'',0,6700,4,'',0,300,,'',0,2600,4,'',0,400,,'',0,6600,4,'',0,400,,'',0,2600,4,'',0,400,,'',0,6600,4,'',0,400,,'',0,2600,4,'',0,400,,'',0,6600,4,'',0,400,,'',0,2600,4,'',0,400,,'',0,6600,4,'',0,400,,'',0,2600,4,'',0,400,,'',0,6600,4,'',0,400,,'',0,2600,4,'',0,400,,'',0,6700,4,'',0,300,,'',0,2800,4,'',0,400,,'',0,6800,4,'',0,200,,'',0,2800,4,'',0,200,,'',0,6800,4,'',0,200,,'',0,2800,4,'',0,200,,'',0,6600,4,'',0,900,,'',0,2500,4,'',0,400,,'',0,6500,4,'',0,500,,'',0,2500,4,'',0,500,,'',0,6500,4,'',0,500,,'',0,2500,4,'',0,500,,'',0,6500,4,'',0,500,,'',0,2500,4,'',0,500,,'',0,6500,4,'',0,500,,'',0,2500,4,'',0,500,,'',0,6500,4,'',0,500,,'',0,2500,4,'',0
'STMPPar-Weekday-1-2024JU-1111100',11800,51600,4,'',0,1400,,'',0,2800,4,'',0,5000,,'',0,2800,4,'',0,200,,'',0,6800,4,'',0,200,,'',0,2800,4,'',0,200,,'',0,6800,4,'',0,200,,'',0,2800,4,'',0,200,,'',0,6700,4,'',0,300,,'',0,2600,4,'',0,400,,'',0,6600,4,'',0,400,,'',0,2600,4,'',0,400,,'',0,6600,4,'',0,400,,'',0,2600,4,'',0,400,,'',0,6600,4,'',0,400,,'',0,2600,4,'',0,400,,'',0,6600,4,'',0,400,,'',0,2600,4,'',0,400,,'',0,6600,4,'',0,400,,'',0,2600,4,'',0,400,,'',0,6700,4,'',0,300,,'',0,2800,4,'',0,400,,'',0,6800,4,'',0,200,,'',0,2800,4,'',0,200,,'',0,6800,4,'',0,200,,'',0,2800,4,'',0,200,,'',0,6600,4,'',0,900,,'',0,2500,4,'',0,400,,'',0,6500,4,'',0,500,,'',0,2500,4,'',0,500,,'',0,6500,4,'',0,500,,'',0,2500,4,'',0,500,,'',0,6500,4,'',0,500,,'',0,2500,4,'',0,500,,'',0,6500,4,'',0,500,,'',0,2500,4,'',0,500,,'',0,6500,4,'',0,500,,'',0,2500,4,'',0
'STMPSat-Saturday-1-2024JU-0000010',11800,73800,4,'',0,300,,'',0,6500,4,'',0,500,,'',0,2500,4,'',0,500,,'',0,6500,4,'',0,500,,'',0,2500,4,'',0,500,,'',0,6500,4,'',0,500,,'',0,2500,4,'',0,500,,'',0,6500,4,'',0,500,,'',0,2500,4,'',0,500,,'',0,6500,4,'',0,500,,'',0,2500,4,'',0,500,,'',0,6500,4,'',0,500,,'',0,2500,4,'',0,500,,'',0,6500,4,'',0,500,,'',0,2500,4,'',0,500,,'',0,6500,4,'',0,500,,'',0,2500,4,'',0,500,,'',0,6500,4,'',0,500,,'',0,2500,4,'',0,500,,'',0,6500,4,'',0,500,,'',0,2500,4,'',0,500,,'',0,6500,4,'',0,500,,'',0,2500,4,'',0,500,,'',0,6500,4,'',0,500,,'',0,2500,4,'',0,500,,'',0,6500,4,'',0,500,,'',0,2500,4,'',0,500,,'',0,6500,4,'',0,500,,'',0,2500,4,'',0,500,,'',0,6500,4,'',0,500,,'',0
'STMPSnea-Weekday-1-2024JU-1111100',11800,51600,4,'',0,1400,,'',0,2800,4,'',0,5000,,'',0,2800,4,'',0,200,,'',0,6800,4,'',0,200,,'',0,2800,4,'',0,200,,'',0,6800,4,'',0,200,,'',0,2800,4,'',0,200,,'',0,6700,4,'',0,300,,'',0,2600,4,'',0,400,,'',0,6600,4,'',0,400,,'',0,2600,4,'',0,400,,'',0,6600,4,'',0,400,,'',0,2600,4,'',0,400,,'',0,6600,4,'',0,400,,'',0,2600,4,'',0,400,,'',0,6600,4,'',0,400,,'',0,2600,4,'',0,400,,'',0,6600,4,'',0,400,,'',0,2600,4,'',0,400,,'',0,6700,4,'',0,300,,'',0,2800,4,'',0,400,,'',0,6800,4,'',0,200,,'',0,2800,4,'',0,200,,'',0,6800,4,'',0,200,,'',0,2800,4,'',0,200,,'',0,6600,4,'',0,900,,'',0,2500,4,'',0,400,,'',0,6500,4,'',0,500,,'',0,2500,4,'',0,500,,'',0,6500,4,'',0,500,,'',0,2500,4,'',0,500,,'',0,6500,4,'',0,500,,'',0,2500,4,'',0,500,,'',0,6500,4,'',0,500,,'',0,2500,4,'',0,500,,'',0,6500,4,'',0,500,,'',0,2500,4,'',0
'STMPSu1-Sunday-1-2024JU-0000001',11800,80600,4,'',0,500,,'',0,2500,4,'',0,500,,'',0,6500,4,'',0,500,,'',0,2500,4,'',0,500,,'',0,6500,4,'',0,500,,'',0,2500,4,'',0,500,,'',0,6500,4,'',0,500,,'',0,2500,4,'',0,500,,'',0,6500,4,'',0,500,,'',0,2500,4,'',0,500,,'',0,6500,4,'',0,500,,'',0,2500,4,'',0,500,,'',0,6500,4,'',0,500,,'',0,2500,4,'',0,500,,'',0,6500,4,'',0,500,,'',0,2500,4,'',0,500,,'',0,6500,4,'',0,500,,'',0,2500,4,'',0,500,,'',0,6500,4,'',0,500,,'',0,2500,4,'',0,500,,'',0,6500,4,'',0,500,,'',0,2500,4,'',0,500,,'',0,6500,4,'',0,500,,'',0,2500,4,'',0,500,,'',0,6500,4,'',0,500,,'',0,2500,4,'',0,500,,'',0,6500,4,'',0,500,,'',0,2500,4,'',0,500,,'',0,6500,4,'',0,500,,'',0
'STMPSu2-Sunday-1-2024JU-0000001',11800,80600,4,'',0,500,,'',0,2500,4,'',0,500,,'',0,6500,4,'',0,500,,'',0,2500,4,'',0,500,,'',0,6500,4,'',0,500,,'',0,2500,4,'',0,500,,'',0,6500,4,'',0,500,,'',0,2500,4,'',0,500,,'',0,6500,4,'',0,500,,'',0,2500,4,'',0,500,,'',0,6500,4,'',0,500,,'',0,2500,4,'',0,500,,'',0,6500,4,'',0,500,,'',0,2500,4,'',0,500,,'',0,6500,4,'',0,500,,'',0,2500,4,'',0,500,,'',0,6500,4,'',0,500,,'',0,2500,4,'',0,500,,'',0,6500,4,'',0,500,,'',0,2500,4,'',0,500,,'',0,6500,4,'',0,500,,'',0,2500,4,'',0,500,,'',0,6500,4,'',0,500,,'',0,2500,4,'',0,500,,'',0,6500,4,'',0,500,,'',0,2500,4,'',0,500,,'',0,6500,4,'',0,500,,'',0,2500,4,'',0,500,,'',0,6500,4,'',0,500,,'',0
'STMPWeek-Weekday-1-2024JU-1111100',11800,51600,4,'',0,1400,,'',0,2800,4,'',0,5000,,'',0,2800,4,'',0,200,,'',0,6800,4,'',0,200,,'',0,2800,4,'',0,200,,'',0,6800,4,'',0,200,,'',0,2800,4,'',0,200,,'',0,6700,4,'',0,300,,'',0,2600,4,'',0,400,,'',0,6600,4,'',0,400,,'',0,2600,4,'',0,400,,'',0,6600,4,'',0,400,,'',0,2600,4,'',0,400,,'',0,6600,4,'',0,400,,'',0,2600,4,'',0,400,,'',0,6600,4,'',0,400,,'',0,2600,4,'',0,400,,'',0,6600,4,'',0,400,,'',0,2600,4,'',0,400,,'',0,6700,4,'',0,300,,'',0,2800,4,'',0,400,,'',0,6800,4,'',0,200,,'',0,2800,4,'',0,200,,'',0,6800,4,'',0,200,,'',0,2800,4,'',0,200,,'',0,6600,4,'',0,900,,'',0,2500,4,'',0,400,,'',0,6500,4,'',0,500,,'',0,2500,4,'',0,500,,'',0,6500,4,'',0,500,,'',0,2500,4,'',0,500,,'',0,6500,4,'',0,500,,'',0,2500,4,'',0,500,,'',0,6500,4,'',0,500,,'',0,2500,4,'',0,500,,'',0,6500,4,'',0,500,,'',0,2500,4,'',0
