1100,'Saturday',719,,76967,17,,,0,30,,76977,17,,,0,70,,76963,17,,,0,30,,76978,17,,,0,70,,76966,17,,,0,30,,76979,17,,,0,70,,76974,17,,,0,30,,76980,17,,,0,70,,76965,17,,,0,30,,76981,17,,,0,70,,76964,17,,,0,30,,76982,17,,,0,70,,76962,17,,,0,30,,76983,17,,,0,70,,76968,17,,,0,30,,76986,17,,,0,70,,76975,17,,,0,30,,76987,17,,,0,70,,76969,17,,,0,30,,76984,17,,,0,70,,76970,17,,,0,30,,76985,17,,,0,70,,76973,17,,,0,30,,76988,17,,,0,70,,76971,17,,,0,30,,76989,17,,,0,70,,76972,17,,,0,30,,76976,17,,,0,70,,76991,17,,,0,30,,76993,17,,,0,70,,76992,17,,,0,30,,76990,17,,,0
1100,'Sunday',1100,,76994,17,,,0,30,,77009,17,,,0,70,,76996,17,,,0,30,,77008,17,,,0,70,,76997,17,,,0,30,,77007,17,,,0,70,,76995,17,,,0,30,,77006,17,,,0,70,,77000,17,,,0,30,,77003,17,,,0,70,,76998,17,,,0,30,,77005,17,,,0,70,,76999,17,,,0,30,,77002,17,,,0,70,,77001,17,,,0,30,,77004,17,,,0,70,,77014,17,,,0,30,,77015,17,,,0,70,,77016,17,,,0,30,,77011,17,,,0,70,,77010,17,,,0,30,,77013,17,,,0,70,,77012,17,,,0,30,,77017,17,,,0
1100,'Weekday',544,,77019,17,,,0,70,,77021,17,,,0,30,,77022,17,,,0,71,,77023,17,,,0,27,,77020,17,,,0,72,,77024,17,,,0,25,,77025,17,,,0,74,,77026,17,,,0,30,,77027,17,,,0,70,,77028,17,,,0,30,,77029,17,,,0,70,,77030,17,,,0,30,,77031,17,,,0,70,,77032,17,,,0,30,,77033,17,,,0,70,,77035,17,,,0,35,,77036,17,,,0,68,,77037,17,,,0,29,,77034,17,,,0,71,,77038,17,,,0,30,,77039,17,,,0,70,,77040,17,,,0,30,,77041,17,,,0,70,,77042,17,,,0,30,,77043,17,,,0,67,,77044,17,,,0,30,,77045,17,,,0,70,,77046,17,,,0,30,,77047,17,,,0,70,,77048,17,,,0,30,,77049,17,,,0,70,,77050,17,,,0
1100,'STMPSa-Saturday',719,,77056,17,,,0,30,,77066,17,,,0,70,,77052,17,,,0,30,,77067,17,,,0,70,,77055,17,,,0,30,,77068,17,,,0,70,,77063,17,,,0,30,,77069,17,,,0,70,,77054,17,,,0,30,,77070,17,,,0,70,,77053,17,,,0,30,,77071,17,,,0,70,,77051,17,,,0,30,,77072,17,,,0,70,,77057,17,,,0,30,,77075,17,,,0,70,,77064,17,,,0,30,,77076,17,,,0,70,,77058,17,,,0,30,,77073,17,,,0,70,,77059,17,,,0,30,,77074,17,,,0,70,,77062,17,,,0,30,,77077,17,,,0,70,,77060,17,,,0,30,,77078,17,,,0,70,,77061,17,,,0,30,,77065,17,,,0,70,,77080,17,,,0,30,,77082,17,,,0,70,,77081,17,,,0,30,,77079,17,,,0
1100,'STMPSnea-Weekday',544,,77084,17,,,0,70,,77086,17,,,0,30,,77087,17,,,0,71,,77088,17,,,0,27,,77085,17,,,0,72,,77089,17,,,0,25,,77090,17,,,0,74,,77091,17,,,0,30,,77092,17,,,0,70,,77093,17,,,0,30,,77094,17,,,0,70,,77095,17,,,0,30,,77096,17,,,0,70,,77097,17,,,0,30,,77098,17,,,0,70,,77100,17,,,0,35,,77101,17,,,0,68,,77102,17,,,0,29,,77099,17,,,0,71,,77103,17,,,0,30,,77104,17,,,0,70,,77105,17,,,0,30,,77106,17,,,0,70,,77107,17,,,0,30,,77108,17,,,0,67,,77109,17,,,0,30,,77110,17,,,0,70,,77111,17,,,0,30,,77112,17,,,0,70,,77113,17,,,0,30,,77114,17,,,0,70,,77115,17,,,0
1100,'STMPSu1-Sunday',1100,,77116,17,,,0,30,,77131,17,,,0,70,,77118,17,,,0,30,,77130,17,,,0,70,,77119,17,,,0,30,,77129,17,,,0,70,,77117,17,,,0,30,,77128,17,,,0,70,,77122,17,,,0,30,,77125,17,,,0,70,,77120,17,,,0,30,,77127,17,,,0,70,,77121,17,,,0,30,,77124,17,,,0,70,,77123,17,,,0,30,,77126,17,,,0,70,,77136,17,,,0,30,,77137,17,,,0,70,,77138,17,,,0,30,,77133,17,,,0,70,,77132,17,,,0,30,,77135,17,,,0,70,,77134,17,,,0,30,,77139,17,,,0
1100,'STMPSu2-Sunday',1100,,77140,17,,,0,30,,77155,17,,,0,70,,77142,17,,,0,30,,77154,17,,,0,70,,77143,17,,,0,30,,77153,17,,,0,70,,77141,17,,,0,30,,77152,17,,,0,70,,77146,17,,,0,30,,77149,17,,,0,70,,77144,17,,,0,30,,77151,17,,,0,70,,77145,17,,,0,30,,77148,17,,,0,70,,77147,17,,,0,30,,77150,17,,,0,70,,77160,17,,,0,30,,77161,17,,,0,70,,77162,17,,,0,30,,77157,17,,,0,70,,77156,17,,,0,30,,77159,17,,,0,70,,77158,17,,,0,30,,77163,17,,,0
1100,'STMPWeek-Weekday',544,,77165,17,,,0,70,,77167,17,,,0,30,,77168,17,,,0,71,,77169,17,,,0,27,,77166,17,,,0,72,,77170,17,,,0,25,,77171,17,,,0,74,,77172,17,,,0,30,,77173,17,,,0,70,,77174,17,,,0,30,,77175,17,,,0,70,,77176,17,,,0,30,,77177,17,,,0,70,,77178,17,,,0,30,,77179,17,,,0,70,,77181,17,,,0,35,,77182,17,,,0,68,,77183,17,,,0,29,,77180,17,,,0,71,,77184,17,,,0,30,,77185,17,,,0,70,,77186,17,,,0,30,,77187,17,,,0,70,,77188,17,,,0,30,,77189,17,,,0,67,,77190,17,,,0,30,,77191,17,,,0,70,,77192,17,,,0,30,,77193,17,,,0,70,,77194,17,,,0,30,,77195,17,,,0,70,,77196,17,,,0
1100,'STMPar-Weekday',544,,77198,17,,,0,70,,77200,17,,,0,30,,77201,17,,,0,71,,77202,17,,,0,27,,77199,17,,,0,72,,77203,17,,,0,25,,77204,17,,,0,74,,77205,17,,,0,30,,77206,17,,,0,70,,77207,17,,,0,30,,77208,17,,,0,70,,77209,17,,,0,30,,77210,17,,,0,70,,77211,17,,,0,30,,77212,17,,,0,70,,77214,17,,,0,35,,77215,17,,,0,68,,77216,17,,,0,29,,77213,17,,,0,71,,77217,17,,,0,30,,77218,17,,,0,70,,77219,17,,,0,30,,77220,17,,,0,70,,77221,17,,,0,30,,77222,17,,,0,67,,77223,17,,,0,30,,77224,17,,,0,70,,77225,17,,,0,30,,77226,17,,,0,70,,77227,17,,,0,30,,77228,17,,,0,70,,77229,17,,,0
1201,'Saturday',804,,77231,32,,,0,30,,77235,32,,,0,70,,77251,32,,,0,30,,77236,32,,,0,70,,77249,32,,,0,30,,77234,32,,,0,70,,77232,32,,,0,30,,77233,32,,,0,70,,77250,32,,,0,30,,77238,32,,,0,70,,77242,32,,,0,30,,77257,32,,,0,70,,77237,32,,,0,30,,77243,32,,,0,70,,77253,32,,,0,30,,77240,32,,,0,70,,77239,32,,,0,30,,77258,32,,,0,70,,77241,32,,,0,30,,77245,32,,,0,70,,77254,32,,,0,30,,77246,32,,,0,70,,77259,32,,,0,30,,77252,32,,,0,70,,77260,32,,,0,30,,77247,32,,,0,70,,77261,32,,,0,30,,77244,32,,,0,70,,77262,32,,,0,30,,77256,32,,,0,70,,77263,32,,,0,30,,77248,32,,,0
1201,'Sunday',834,,77266,32,,,0,70,,77288,32,,,0,30,,77267,32,,,0,70,,77264,32,,,0,30,,77284,32,,,0,70,,77269,32,,,0,30,,77271,32,,,0,70,,77290,32,,,0,30,,77268,32,,,0,70,,77272,32,,,0,30,,77274,32,,,0,70,,77287,32,,,0,30,,77275,32,,,0,70,,77270,32,,,0,30,,77285,32,,,0,70,,77273,32,,,0,30,,77276,32,,,0,70,,77291,32,,,0,30,,77277,32,,,0,70,,77278,32,,,0,30,,77286,32,,,0,70,,77279,32,,,0,30,,77280,32,,,0,70,,77289,32,,,0,30,,77281,32,,,0,70,,77282,32,,,0,30,,77294,32,,,0,70,,77283,32,,,0,30,,77296,32,,,0,70,,77292,32,,,0,30,,77295,32,,,0
1201,'Weekday',527,,77298,21,,,0,74,,77297,5,,,0,30,,77303,5,,,0,26,,77300,32,,,0,70,,77301,32,,,0,30,,77304,32,,,0,70,,77305,32,,,0,30,,77306,32,,,0,70,,77307,32,,,0,30,,77309,32,,,0,70,,77310,32,,,0,30,,77308,32,,,0,70,,77312,32,,,0,30,,77313,32,,,0,70,,77311,32,,,0,30,,77314,32,,,0,72,,77315,32,,,0,28,,77316,32,,,0,70,,77317,32,,,0,30,,77318,32,,,0,75,,77319,32,,,0,68,,77320,32,,,0,30,,77322,32,,,0,70,,77323,32,,,0,30,,77324,32,,,0,70,,77321,32,,,0,30,,77325,32,,,0,75,,77326,32,,,0,30,,77327,32,,,0,70,,77328,32,,,0,30,,77329,32,,,0,70,,77330,32,,,0,30,,77331,32,,,0,70,,77332,32,,,0,30,,77333,32,,,0,70,,77334,32,,,0,30,,77335,32,,,0
1201,'STMPSa-Saturday',804,,77337,32,,,0,30,,77341,32,,,0,70,,77358,32,,,0,30,,77342,32,,,0,70,,77355,32,,,0,30,,77340,32,,,0,70,,77338,32,,,0,30,,77339,32,,,0,70,,77356,32,,,0,30,,77344,32,,,0,70,,77348,32,,,0,30,,77363,32,,,0,70,,77343,32,,,0,30,,77349,32,,,0,70,,77357,32,,,0,30,,77346,32,,,0,70,,77345,32,,,0,30,,77364,32,,,0,70,,77347,32,,,0,30,,77351,32,,,0,70,,77360,32,,,0,30,,77352,32,,,0,70,,77365,32,,,0,30,,77359,32,,,0,70,,77367,32,,,0,30,,77353,32,,,0,70,,77368,32,,,0,30,,77350,32,,,0,70,,77366,32,,,0,30,,77362,32,,,0,70,,77369,32,,,0,30,,77354,32,,,0
1201,'STMPSnea-Weekday',527,,77371,21,,,0,74,,77370,5,,,0,30,,77376,5,,,0,26,,77373,32,,,0,70,,77374,32,,,0,30,,77377,32,,,0,70,,77378,32,,,0,30,,77379,32,,,0,70,,77380,32,,,0,30,,77382,32,,,0,70,,77383,32,,,0,30,,77381,32,,,0,70,,77385,32,,,0,30,,77386,32,,,0,70,,77384,32,,,0,30,,77387,32,,,0,72,,77388,32,,,0,28,,77389,32,,,0,70,,77390,32,,,0,30,,77391,32,,,0,75,,77392,32,,,0,68,,77393,32,,,0,30,,77395,32,,,0,70,,77396,32,,,0,30,,77397,32,,,0,70,,77394,32,,,0,30,,77398,32,,,0,75,,77399,32,,,0,30,,77400,32,,,0,70,,77401,32,,,0,30,,77402,32,,,0,70,,77403,32,,,0,30,,77404,32,,,0,70,,77405,32,,,0,30,,77406,32,,,0,70,,77407,32,,,0,30,,77408,32,,,0
1201,'STMPSu1-Sunday',834,,77411,32,,,0,70,,77433,32,,,0,30,,77412,32,,,0,70,,77409,32,,,0,30,,77429,32,,,0,70,,77414,32,,,0,30,,77416,32,,,0,70,,77435,32,,,0,30,,77413,32,,,0,70,,77417,32,,,0,30,,77420,32,,,0,70,,77432,32,,,0,30,,77421,32,,,0,70,,77415,32,,,0,30,,77430,32,,,0,70,,77419,32,,,0,30,,77418,32,,,0,70,,77436,32,,,0,30,,77422,32,,,0,70,,77423,32,,,0,30,,77431,32,,,0,70,,77424,32,,,0,30,,77425,32,,,0,70,,77434,32,,,0,30,,77426,32,,,0,70,,77427,32,,,0,30,,77439,32,,,0,70,,77428,32,,,0,30,,77441,32,,,0,70,,77437,32,,,0,30,,77440,32,,,0
1201,'STMPSu2-Sunday',834,,77444,32,,,0,70,,77466,32,,,0,30,,77445,32,,,0,70,,77442,32,,,0,30,,77462,32,,,0,70,,77447,32,,,0,30,,77449,32,,,0,70,,77468,32,,,0,30,,77446,32,,,0,70,,77450,32,,,0,30,,77452,32,,,0,70,,77465,32,,,0,30,,77453,32,,,0,70,,77448,32,,,0,30,,77463,32,,,0,70,,77451,32,,,0,30,,77454,32,,,0,70,,77469,32,,,0,30,,77455,32,,,0,70,,77456,32,,,0,30,,77464,32,,,0,70,,77457,32,,,0,30,,77458,32,,,0,70,,77467,32,,,0,30,,77459,32,,,0,70,,77460,32,,,0,30,,77472,32,,,0,70,,77461,32,,,0,30,,77474,32,,,0,70,,77470,32,,,0,30,,77473,32,,,0
1201,'STMPWeek-Weekday',527,,77476,21,,,0,74,,77475,5,,,0,30,,77481,5,,,0,26,,77478,32,,,0,70,,77479,32,,,0,30,,77482,32,,,0,70,,77483,32,,,0,30,,77484,32,,,0,70,,77485,32,,,0,30,,77487,32,,,0,70,,77488,32,,,0,30,,77486,32,,,0,70,,77490,32,,,0,30,,77491,32,,,0,70,,77489,32,,,0,30,,77492,32,,,0,72,,77493,32,,,0,28,,77494,32,,,0,70,,77495,32,,,0,30,,77496,32,,,0,75,,77497,32,,,0,68,,77498,32,,,0,30,,77500,32,,,0,70,,77501,32,,,0,30,,77502,32,,,0,70,,77499,32,,,0,30,,77503,32,,,0,75,,77504,32,,,0,30,,77505,32,,,0,70,,77506,32,,,0,30,,77507,32,,,0,70,,77508,32,,,0,30,,77509,32,,,0,70,,77510,32,,,0,30,,77511,32,,,0,70,,77512,32,,,0,30,,77513,32,,,0
1201,'STMPar-Weekday',527,,77516,21,,,0,74,,77514,5,,,0,30,,77520,5,,,0,26,,77518,32,,,0,70,,77515,32,,,0,30,,77521,32,,,0,70,,77522,32,,,0,30,,77523,32,,,0,70,,77524,32,,,0,30,,77526,32,,,0,70,,77527,32,,,0,30,,77525,32,,,0,70,,77529,32,,,0,30,,77530,32,,,0,70,,77528,32,,,0,30,,77531,32,,,0,72,,77532,32,,,0,28,,77533,32,,,0,70,,77534,32,,,0,30,,77535,32,,,0,75,,77536,32,,,0,68,,77537,32,,,0,30,,77539,32,,,0,70,,77540,32,,,0,30,,77541,32,,,0,70,,77538,32,,,0,30,,77542,32,,,0,75,,77543,32,,,0,30,,77544,32,,,0,70,,77545,32,,,0,30,,77546,32,,,0,70,,77547,32,,,0,30,,77548,32,,,0,70,,77549,32,,,0,30,,77550,32,,,0,70,,77551,32,,,0,30,,77552,32,,,0
10200,'Saturday',616,,115281,4,,,0,30,,115282,4,,,0,70,,115283,4,,,0,30,,115287,4,,,0,70,,115284,4,,,0,30,,115285,4,,,0,70,,115286,4,,,0,30,,115288,4,,,0,70,,115289,4,,,0,30,,115290,4,,,0,70,,115291,4,,,0,30,,115292,4,,,0,70,,115293,4,,,0,30,,115294,4,,,0,70,,115295,4,,,0,30,,115296,4,,,0,70,,115297,4,,,0,30,,115298,4,,,0,70,,115299,4,,,0,30,,115300,4,,,0,70,,115302,4,,,0,30,,115303,4,,,0,70,,115304,4,,,0,30,,115301,4,,,0,70,,115305,4,,,0,30,,115306,4,,,0,70,,115307,4,,,0,30,,115308,4,,,0,70,,115313,4,,,0,30,,115314,4,,,0,70,,115312,4,,,0,30,,115315,4,,,0,70,,115316,4,,,0,30,,115317,4,,,0,70,,115310,4,,,0,30,,115311,4,,,0,70,,115309,4,,,0
10200,'Sunday',616,,115318,4,,,0,30,,115333,4,,,0,70,,115319,4,,,0,30,,115332,4,,,0,70,,115320,4,,,0,30,,115334,4,,,0,70,,115321,4,,,0,30,,115335,4,,,0,70,,115322,4,,,0,30,,115336,4,,,0,70,,115323,4,,,0,30,,115338,4,,,0,70,,115324,4,,,0,30,,115337,4,,,0,70,,115325,4,,,0,30,,115339,4,,,0,70,,115326,4,,,0,30,,115340,4,,,0,70,,115327,4,,,0,30,,115341,4,,,0,70,,115329,4,,,0,30,,115342,4,,,0,70,,115330,4,,,0,30,,115344,4,,,0,70,,115331,4,,,0,30,,115345,4,,,0,70,,115328,4,,,0,30,,115346,4,,,0,70,,115350,4,,,0,30,,115349,4,,,0,70,,115351,4,,,0,30,,115352,4,,,0,70,,115347,4,,,0,30,,115343,4,,,0,70,,115348,4,,,0
10200,'Weekday',454,,115353,4,,,0,67,,115354,4,,,0,28,,115355,4,,,0,65,,115357,4,,,0,20,,115359,4,,,0,20,,115356,4,,,0,60,,115360,4,,,0,20,,115358,4,,,0,20,,115361,4,,,0,60,,115362,4,,,0,20,,115363,4,,,0,20,,115364,4,,,0,67,,115365,4,,,0,30,,115366,4,,,0,70,,115367,4,,,0,30,,115368,4,,,0,70,,115369,4,,,0,30,,115370,4,,,0,70,,115372,4,,,0,30,,115373,4,,,0,70,,115374,4,,,0,30,,115375,4,,,0,70,,115376,4,,,0,27,,115377,4,,,0,63,,115371,4,,,0,20,,115378,4,,,0,20,,115379,4,,,0,60,,115380,4,,,0,20,,115381,4,,,0,20,,115382,4,,,0,60,,115383,4,,,0,20,,115384,4,,,0,20,,115385,4,,,0,60,,115386,4,,,0,20,,115388,4,,,0,26,,115389,4,,,0,70,,115390,4,,,0,30,,115387,4,,,0,70,,115391,4,,,0,30,,115392,4,,,0,70,,115393,4,,,0,30,,115394,4,,,0,70,,115395,4,,,0,30,,115396,4,,,0,70,,115397,4,,,0,30,,115398,4,,,0,70,,115399,4,,,0
10200,'STMPSa-Saturday',616,,115400,4,,,0,30,,115401,4,,,0,70,,115402,4,,,0,30,,115407,4,,,0,70,,115403,4,,,0,30,,115404,4,,,0,70,,115405,4,,,0,30,,115408,4,,,0,70,,115409,4,,,0,30,,115406,4,,,0,70,,115410,4,,,0,30,,115411,4,,,0,70,,115412,4,,,0,30,,115413,4,,,0,70,,115414,4,,,0,30,,115415,4,,,0,70,,115416,4,,,0,30,,115417,4,,,0,70,,115418,4,,,0,30,,115419,4,,,0,70,,115421,4,,,0,30,,115422,4,,,0,70,,115423,4,,,0,30,,115420,4,,,0,70,,115424,4,,,0,30,,115425,4,,,0,70,,115426,4,,,0,30,,115427,4,,,0,70,,115432,4,,,0,30,,115433,4,,,0,70,,115431,4,,,0,30,,115434,4,,,0,70,,115435,4,,,0,30,,115436,4,,,0,70,,115429,4,,,0,30,,115430,4,,,0,70,,115428,4,,,0
10200,'STMPSnea-Weekday',454,,115437,4,,,0,67,,115438,4,,,0,28,,115439,4,,,0,65,,115441,4,,,0,20,,115443,4,,,0,20,,115440,4,,,0,60,,115444,4,,,0,20,,115442,4,,,0,20,,115445,4,,,0,60,,115446,4,,,0,20,,115447,4,,,0,20,,115448,4,,,0,67,,115449,4,,,0,30,,115450,4,,,0,70,,115451,4,,,0,30,,115452,4,,,0,70,,115453,4,,,0,30,,115454,4,,,0,70,,115456,4,,,0,30,,115457,4,,,0,70,,115458,4,,,0,30,,115459,4,,,0,70,,115460,4,,,0,27,,115461,4,,,0,63,,115455,4,,,0,20,,115462,4,,,0,20,,115463,4,,,0,60,,115464,4,,,0,20,,115465,4,,,0,20,,115466,4,,,0,60,,115467,4,,,0,20,,115468,4,,,0,20,,115469,4,,,0,60,,115470,4,,,0,20,,115472,4,,,0,26,,115473,4,,,0,70,,115474,4,,,0,30,,115471,4,,,0,70,,115475,4,,,0,30,,115476,4,,,0,70,,115477,4,,,0,30,,115478,4,,,0,70,,115479,4,,,0,30,,115480,4,,,0,70,,115481,4,,,0,30,,115482,4,,,0,70,,115483,4,,,0
10200,'STMPSu1-Sunday',616,,115484,4,,,0,30,,115499,4,,,0,70,,115485,4,,,0,30,,115498,4,,,0,70,,115486,4,,,0,30,,115500,4,,,0,70,,115487,4,,,0,30,,115501,4,,,0,70,,115488,4,,,0,30,,115502,4,,,0,70,,115489,4,,,0,30,,115504,4,,,0,70,,115490,4,,,0,30,,115503,4,,,0,70,,115491,4,,,0,30,,115506,4,,,0,70,,115492,4,,,0,30,,115507,4,,,0,70,,115493,4,,,0,30,,115505,4,,,0,70,,115495,4,,,0,30,,115508,4,,,0,70,,115496,4,,,0,30,,115510,4,,,0,70,,115497,4,,,0,30,,115511,4,,,0,70,,115494,4,,,0,30,,115512,4,,,0,70,,115516,4,,,0,30,,115515,4,,,0,70,,115517,4,,,0,30,,115518,4,,,0,70,,115513,4,,,0,30,,115509,4,,,0,70,,115514,4,,,0
10200,'STMPSu2-Sunday',616,,115519,4,,,0,30,,115534,4,,,0,70,,115520,4,,,0,30,,115533,4,,,0,70,,115521,4,,,0,30,,115535,4,,,0,70,,115522,4,,,0,30,,115536,4,,,0,70,,115523,4,,,0,30,,115537,4,,,0,70,,115524,4,,,0,30,,115539,4,,,0,70,,115525,4,,,0,30,,115538,4,,,0,70,,115526,4,,,0,30,,115540,4,,,0,70,,115527,4,,,0,30,,115541,4,,,0,70,,115528,4,,,0,30,,115542,4,,,0,70,,115530,4,,,0,30,,115543,4,,,0,70,,115531,4,,,0,30,,115545,4,,,0,70,,115532,4,,,0,30,,115546,4,,,0,70,,115529,4,,,0,30,,115547,4,,,0,70,,115551,4,,,0,30,,115550,4,,,0,70,,115552,4,,,0,30,,115553,4,,,0,70,,115548,4,,,0,30,,115544,4,,,0,70,,115549,4,,,0
10200,'STMPWeek-Weekday',454,,115554,4,,,0,67,,115555,4,,,0,28,,115556,4,,,0,65,,115558,4,,,0,20,,115560,4,,,0,20,,115557,4,,,0,60,,115561,4,,,0,20,,115559,4,,,0,20,,115562,4,,,0,60,,115563,4,,,0,20,,115564,4,,,0,20,,115565,4,,,0,67,,115566,4,,,0,30,,115567,4,,,0,70,,115568,4,,,0,30,,115569,4,,,0,70,,115570,4,,,0,30,,115571,4,,,0,70,,115573,4,,,0,30,,115574,4,,,0,70,,115575,4,,,0,30,,115576,4,,,0,70,,115577,4,,,0,27,,115578,4,,,0,63,,115572,4,,,0,20,,115579,4,,,0,20,,115580,4,,,0,60,,115581,4,,,0,20,,115582,4,,,0,20,,115583,4,,,0,60,,115584,4,,,0,20,,115585,4,,,0,20,,115586,4,,,0,60,,115587,4,,,0,20,,115589,4,,,0,26,,115590,4,,,0,70,,115591,4,,,0,30,,115588,4,,,0,70,,115592,4,,,0,30,,115593,4,,,0,70,,115594,4,,,0,30,,115595,4,,,0,70,,115596,4,,,0,30,,115597,4,,,0,70,,115598,4,,,0,30,,115599,4,,,0,70,,115600,4,,,0
10200,'STMPar-Weekday',454,,115601,4,,,0,67,,115602,4,,,0,28,,115603,4,,,0,65,,115605,4,,,0,20,,115607,4,,,0,20,,115604,4,,,0,60,,115608,4,,,0,20,,115606,4,,,0,20,,115609,4,,,0,60,,115610,4,,,0,20,,115611,4,,,0,20,,115612,4,,,0,67,,115613,4,,,0,30,,115614,4,,,0,70,,115615,4,,,0,30,,115616,4,,,0,70,,115617,4,,,0,30,,115618,4,,,0,70,,115620,4,,,0,30,,115621,4,,,0,70,,115622,4,,,0,30,,115623,4,,,0,70,,115624,4,,,0,27,,115625,4,,,0,63,,115619,4,,,0,20,,115626,4,,,0,20,,115627,4,,,0,60,,115628,4,,,0,20,,115629,4,,,0,20,,115630,4,,,0,60,,115631,4,,,0,20,,115632,4,,,0,20,,115633,4,,,0,60,,115634,4,,,0,20,,115636,4,,,0,26,,115637,4,,,0,70,,115638,4,,,0,30,,115635,4,,,0,70,,115639,4,,,0,30,,115640,4,,,0,70,,115641,4,,,0,30,,115642,4,,,0,70,,115643,4,,,0,30,,115645,4,,,0,70,,115646,4,,,0,30,,115647,4,,,0,70,,115644,4,,,0
