1500,'Saturday',551,,79125,9,,,0,78,,79131,9,,,0,78,,79138,9,,,0,38,,79124,9,,,0,78,,79132,9,,,0,78,,79139,9,,,0,38,,79126,9,,,0,78,,79133,9,,,0,38,,79140,9,,,0,78,,79127,9,,,0,78,,79134,9,,,0,38,,79141,9,,,0,78,,79128,9,,,0,78,,79135,9,,,0,38,,79142,9,,,0,78,,79129,9,,,0,38,,79136,9,,,0,78,,79143,9,,,0,78,,79130,9,,,0,38,,79137,9,,,0
1500,'Sunday',551,,79145,9,,,0,97,,79151,9,,,0,97,,79144,9,,,0,97,,79152,9,,,0,97,,79146,9,,,0,97,,79153,9,,,0,97,,79147,9,,,0,97,,79154,9,,,0,97,,79148,9,,,0,97,,79155,9,,,0,97,,79149,9,,,0,97,,79156,9,,,0,97,,79150,9,,,0,97,,79157,9,,,0
1500,'Weekday',533,,79165,9,,,0,74,,79159,9,,,0,37,,79172,9,,,0,79,,79166,9,,,0,77,,79158,9,,,0,40,,79174,9,,,0,80,,79168,9,,,0,80,,79160,9,,,0,40,,79175,9,,,0,80,,79167,9,,,0,80,,79161,9,,,0,40,,79176,9,,,0,80,,79169,9,,,0,39,,79162,9,,,0,77,,79177,9,,,0,68,,79179,9,,,0,28,,79170,9,,,0,69,,79163,9,,,0,30,,79178,9,,,0,71,,79180,9,,,0,33,,79171,9,,,0,80,,79164,9,,,0,39,,79181,9,,,0,76,,79173,9,,,0
1500,'STMPSa-Saturday',551,,79183,9,,,0,78,,79189,9,,,0,78,,79196,9,,,0,38,,79182,9,,,0,78,,79190,9,,,0,78,,79197,9,,,0,38,,79184,9,,,0,78,,79191,9,,,0,38,,79198,9,,,0,78,,79185,9,,,0,78,,79192,9,,,0,38,,79199,9,,,0,78,,79186,9,,,0,78,,79193,9,,,0,38,,79200,9,,,0,78,,79187,9,,,0,38,,79194,9,,,0,78,,79201,9,,,0,78,,79188,9,,,0,38,,79195,9,,,0
1500,'STMPSnea-Weekday',533,,79209,9,,,0,74,,79203,9,,,0,37,,79216,9,,,0,79,,79210,9,,,0,77,,79202,9,,,0,40,,79218,9,,,0,80,,79212,9,,,0,80,,79204,9,,,0,40,,79219,9,,,0,80,,79211,9,,,0,80,,79205,9,,,0,40,,79220,9,,,0,80,,79213,9,,,0,39,,79206,9,,,0,77,,79221,9,,,0,68,,79223,9,,,0,28,,79214,9,,,0,69,,79207,9,,,0,30,,79222,9,,,0,71,,79224,9,,,0,33,,79215,9,,,0,80,,79208,9,,,0,39,,79225,9,,,0,76,,79217,9,,,0
1500,'STMPSu1-Sunday',551,,79227,9,,,0,97,,79233,9,,,0,97,,79226,9,,,0,97,,79234,9,,,0,97,,79228,9,,,0,97,,79235,9,,,0,97,,79229,9,,,0,97,,79236,9,,,0,97,,79230,9,,,0,97,,79237,9,,,0,97,,79231,9,,,0,97,,79238,9,,,0,97,,79232,9,,,0,97,,79239,9,,,0
1500,'STMPSu2-Sunday',551,,79241,9,,,0,97,,79247,9,,,0,97,,79240,9,,,0,97,,79248,9,,,0,97,,79242,9,,,0,97,,79249,9,,,0,97,,79243,9,,,0,97,,79250,9,,,0,97,,79244,9,,,0,97,,79251,9,,,0,97,,79245,9,,,0,97,,79252,9,,,0,97,,79246,9,,,0,97,,79253,9,,,0
1500,'STMPWeek-Weekday',533,,79261,9,,,0,74,,79255,9,,,0,37,,79268,9,,,0,79,,79262,9,,,0,77,,79254,9,,,0,40,,79270,9,,,0,80,,79264,9,,,0,80,,79256,9,,,0,40,,79271,9,,,0,80,,79263,9,,,0,80,,79257,9,,,0,40,,79272,9,,,0,80,,79265,9,,,0,39,,79258,9,,,0,77,,79273,9,,,0,68,,79275,9,,,0,28,,79266,9,,,0,69,,79259,9,,,0,30,,79274,9,,,0,71,,79276,9,,,0,33,,79267,9,,,0,80,,79260,9,,,0,39,,79277,9,,,0,76,,79269,9,,,0
1500,'STMPar-Weekday',533,,79285,9,,,0,74,,79279,9,,,0,37,,79291,9,,,0,79,,79286,9,,,0,77,,79278,9,,,0,40,,79294,9,,,0,80,,79288,9,,,0,80,,79280,9,,,0,40,,79295,9,,,0,80,,79287,9,,,0,80,,79281,9,,,0,40,,79296,9,,,0,80,,79289,9,,,0,39,,79282,9,,,0,77,,79297,9,,,0,68,,79299,9,,,0,28,,79290,9,,,0,69,,79283,9,,,0,30,,79298,9,,,0,71,,79300,9,,,0,33,,79292,9,,,0,80,,79284,9,,,0,39,,79301,9,,,0,76,,79293,9,,,0
14900,'Saturday',544,,127629,6,,,0,66,,127626,6,,,0,26,,127645,6,,,0,66,,127630,6,,,0,26,,127627,6,,,0,26,,127651,6,,,0,66,,127628,6,,,0,26,,127632,6,,,0,66,,127646,6,,,0,26,,127631,6,,,0,66,,127633,6,,,0,26,,127647,6,,,0,26,,127636,6,,,0,66,,127637,6,,,0,26,,127648,6,,,0,66,,127634,6,,,0,26,,127635,6,,,0,66,,127652,6,,,0,26,,127638,6,,,0,26,,127640,6,,,0,66,,127649,6,,,0,26,,127641,6,,,0,66,,127642,6,,,0,26,,127653,6,,,0,66,,127639,6,,,0,26,,127643,6,,,0,66,,127650,6,,,0,26,,127644,6,,,0,26,,127654,6,,,0
14900,'Sunday',544,,127656,6,,,0,66,,127657,6,,,0,26,,127655,6,,,0,66,,127658,6,,,0,26,,127659,6,,,0,26,,127661,6,,,0,66,,127662,6,,,0,26,,127663,6,,,0,66,,127660,6,,,0,26,,127664,6,,,0,66,,127666,6,,,0,26,,127667,6,,,0,26,,127668,6,,,0,66,,127665,6,,,0,26,,127670,6,,,0,66,,127672,6,,,0,26,,127673,6,,,0,66,,127669,6,,,0,26,,127674,6,,,0,26,,127671,6,,,0,66,,127675,6,,,0,26,,127676,6,,,0,66,,127678,6,,,0,26,,127680,6,,,0,66,,127681,6,,,0,26,,127677,6,,,0,66,,127679,6,,,0,26,,127682,6,,,0,26,,127683,6,,,0
14900,'Weekday',451,,127684,6,,,0,70,,127694,6,,,0,30,,127704,6,,,0,70,,127685,6,,,0,30,,127695,6,,,0,70,,127705,6,,,0,30,,127686,6,,,0,70,,127696,6,,,0,30,,127706,6,,,0,70,,127687,6,,,0,30,,127697,6,,,0,70,,127707,6,,,0,30,,127688,6,,,0,70,,127698,6,,,0,30,,127708,6,,,0,70,,127689,6,,,0,30,,127699,6,,,0,69,,127709,6,,,0,31,,127690,6,,,0,70,,127701,6,,,0,30,,127710,6,,,0,71,,127691,6,,,0,30,,127700,6,,,0,70,,127711,6,,,0,30,,127692,6,,,0,70,,127702,6,,,0,29,,127712,6,,,0,70,,127693,6,,,0,30,,127703,6,,,0,70,,127713,6,,,0
14900,'STMPSa-Saturday',544,,127717,6,,,0,66,,127714,6,,,0,26,,127733,6,,,0,66,,127718,6,,,0,26,,127715,6,,,0,26,,127739,6,,,0,66,,127716,6,,,0,26,,127720,6,,,0,66,,127735,6,,,0,26,,127719,6,,,0,66,,127721,6,,,0,26,,127736,6,,,0,26,,127725,6,,,0,66,,127726,6,,,0,26,,127737,6,,,0,66,,127722,6,,,0,26,,127724,6,,,0,66,,127740,6,,,0,26,,127723,6,,,0,26,,127728,6,,,0,66,,127734,6,,,0,26,,127729,6,,,0,66,,127730,6,,,0,26,,127741,6,,,0,66,,127727,6,,,0,26,,127731,6,,,0,66,,127738,6,,,0,26,,127732,6,,,0,26,,127742,6,,,0
14900,'STMPSnea-Weekday',451,,127743,6,,,0,70,,127753,6,,,0,30,,127763,6,,,0,70,,127744,6,,,0,30,,127754,6,,,0,70,,127764,6,,,0,30,,127745,6,,,0,70,,127755,6,,,0,30,,127765,6,,,0,70,,127746,6,,,0,30,,127756,6,,,0,70,,127766,6,,,0,30,,127747,6,,,0,70,,127757,6,,,0,30,,127767,6,,,0,70,,127748,6,,,0,30,,127758,6,,,0,69,,127768,6,,,0,31,,127749,6,,,0,70,,127760,6,,,0,30,,127769,6,,,0,71,,127750,6,,,0,30,,127759,6,,,0,70,,127770,6,,,0,30,,127751,6,,,0,70,,127761,6,,,0,29,,127771,6,,,0,70,,127752,6,,,0,30,,127762,6,,,0,70,,127772,6,,,0
14900,'STMPSu1-Sunday',544,,127774,6,,,0,66,,127775,6,,,0,26,,127773,6,,,0,66,,127776,6,,,0,26,,127777,6,,,0,26,,127779,6,,,0,66,,127780,6,,,0,26,,127781,6,,,0,66,,127778,6,,,0,26,,127782,6,,,0,66,,127784,6,,,0,26,,127785,6,,,0,26,,127786,6,,,0,66,,127783,6,,,0,26,,127788,6,,,0,66,,127790,6,,,0,26,,127791,6,,,0,66,,127787,6,,,0,26,,127792,6,,,0,26,,127789,6,,,0,66,,127793,6,,,0,26,,127794,6,,,0,66,,127797,6,,,0,26,,127795,6,,,0,66,,127799,6,,,0,26,,127796,6,,,0,66,,127798,6,,,0,26,,127800,6,,,0,26,,127801,6,,,0
14900,'STMPSu2-Sunday',544,,127803,6,,,0,66,,127804,6,,,0,26,,127802,6,,,0,66,,127805,6,,,0,26,,127806,6,,,0,26,,127808,6,,,0,66,,127809,6,,,0,26,,127810,6,,,0,66,,127807,6,,,0,26,,127811,6,,,0,66,,127813,6,,,0,26,,127814,6,,,0,26,,127815,6,,,0,66,,127812,6,,,0,26,,127817,6,,,0,66,,127819,6,,,0,26,,127820,6,,,0,66,,127816,6,,,0,26,,127821,6,,,0,26,,127818,6,,,0,66,,127822,6,,,0,26,,127823,6,,,0,66,,127825,6,,,0,26,,127827,6,,,0,66,,127828,6,,,0,26,,127824,6,,,0,66,,127826,6,,,0,26,,127829,6,,,0,26,,127830,6,,,0
14900,'STMPWeek-Weekday',451,,127831,6,,,0,70,,127841,6,,,0,30,,127851,6,,,0,70,,127832,6,,,0,30,,127842,6,,,0,70,,127852,6,,,0,30,,127833,6,,,0,70,,127843,6,,,0,30,,127853,6,,,0,70,,127834,6,,,0,30,,127844,6,,,0,70,,127854,6,,,0,30,,127835,6,,,0,70,,127845,6,,,0,30,,127855,6,,,0,70,,127836,6,,,0,30,,127846,6,,,0,69,,127856,6,,,0,31,,127837,6,,,0,70,,127848,6,,,0,30,,127857,6,,,0,71,,127838,6,,,0,30,,127847,6,,,0,70,,127858,6,,,0,30,,127839,6,,,0,70,,127849,6,,,0,29,,127859,6,,,0,70,,127840,6,,,0,30,,127850,6,,,0,70,,127860,6,,,0
14900,'STMPar-Weekday',451,,127861,6,,,0,70,,127871,6,,,0,30,,127881,6,,,0,70,,127862,6,,,0,30,,127872,6,,,0,70,,127882,6,,,0,30,,127863,6,,,0,70,,127873,6,,,0,30,,127883,6,,,0,70,,127864,6,,,0,30,,127874,6,,,0,70,,127884,6,,,0,30,,127865,6,,,0,70,,127875,6,,,0,30,,127885,6,,,0,70,,127866,6,,,0,30,,127876,6,,,0,69,,127886,6,,,0,31,,127867,6,,,0,70,,127878,6,,,0,30,,127887,6,,,0,71,,127869,6,,,0,30,,127877,6,,,0,70,,127888,6,,,0,30,,127868,6,,,0,70,,127879,6,,,0,29,,127889,6,,,0,70,,127870,6,,,0,30,,127880,6,,,0,70,,127890,6,,,0
