1900,'Saturday',615,,50840,,,0,35,,50854,,,0,77,,50863,,,0,75,,50848,,,0,35,,50842,,,0,75,,50856,,,0,35,,50864,,,0,75,,50850,,,0,35,,50841,,,0,75,,50858,,,0,75,,50865,,,0,35,,50849,,,0,71,,50843,,,0,20,,50870,,,0,68,,50857,,,0,28,,50866,,,0,28,,50851,,,0,68,,50844,,,0,28,,50872,,,0,68,,50860,,,0,28,,50867,,,0,68,,50852,,,0,28,,50845,,,0,68,,50873,,,0,28,,50859,,,0,68,,50869,,,0,35,,50853,,,0,75,,50846,,,0,35,,50862,,,0,75,,50868,,,0,75,,50855,,,0,35,,50847,,,0,75,,50861,,,0,35,,50871,,,0
1900,'Sunday',615,,50874,,,0,35,,50890,,,0,77,,50897,,,0,75,,50882,,,0,35,,50875,,,0,75,,50889,,,0,35,,50898,,,0,75,,50883,,,0,35,,50876,,,0,75,,50892,,,0,75,,50899,,,0,35,,50884,,,0,71,,50877,,,0,20,,50905,,,0,68,,50891,,,0,28,,50901,,,0,28,,50885,,,0,68,,50878,,,0,28,,50906,,,0,68,,50893,,,0,28,,50900,,,0,68,,50886,,,0,28,,50879,,,0,68,,50907,,,0,28,,50894,,,0,68,,50902,,,0,35,,50887,,,0,75,,50880,,,0,35,,50895,,,0,75,,50903,,,0,75,,50888,,,0,35,,50881,,,0,75,,50896,,,0,35,,50904,,,0
1900,'Weekday',538,,50926,,,0,69,,50934,,,0,32,,50942,,,0,67,,50910,,,0,36,,50918,,,0,66,,50927,,,0,35,,50935,,,0,72,,50943,,,0,30,,50912,,,0,72,,50919,,,0,32,,50928,,,0,72,,50936,,,0,33,,50944,,,0,74,,50911,,,0,72,,50920,,,0,30,,50929,,,0,73,,50937,,,0,34,,50945,,,0,75,,50913,,,0,34,,50921,,,0,72,,50930,,,0,29,,50938,,,0,71,,50946,,,0,31,,50914,,,0,71,,50922,,,0,29,,50931,,,0,69,,50939,,,0,26,,50947,,,0,70,,50915,,,0,30,,50923,,,0,70,,50932,,,0,30,,50940,,,0,70,,50948,,,0,29,,50916,,,0,68,,50924,,,0,29,,50933,,,0,70,,50941,,,0,30,,50949,,,0,70,,50917,,,0,30,,50925,,,0
1900,'1CCSDCUT-Weekday',538,,50968,,,0,69,,50976,,,0,32,,50984,,,0,67,,50952,,,0,36,,50960,,,0,66,,50969,,,0,35,,50977,,,0,72,,50985,,,0,30,,50954,,,0,72,,50961,,,0,32,,50970,,,0,72,,50978,,,0,33,,50986,,,0,74,,50953,,,0,72,,50962,,,0,30,,50971,,,0,73,,50979,,,0,34,,50987,,,0,75,,50955,,,0,34,,50963,,,0,72,,50972,,,0,29,,50980,,,0,71,,50988,,,0,31,,50956,,,0,71,,50964,,,0,29,,50973,,,0,69,,50981,,,0,26,,50989,,,0,70,,50957,,,0,30,,50965,,,0,70,,50974,,,0,30,,50982,,,0,70,,50990,,,0,29,,50958,,,0,68,,50966,,,0,29,,50975,,,0,70,,50983,,,0,30,,50991,,,0,70,,50959,,,0,30,,50967,,,0
1900,'1PUBCUT-Weekday',538,,51009,,,0,69,,51017,,,0,32,,51025,,,0,67,,50993,,,0,36,,51001,,,0,66,,51010,,,0,35,,51018,,,0,72,,51026,,,0,30,,50995,,,0,72,,51002,,,0,32,,51011,,,0,72,,51019,,,0,33,,51027,,,0,74,,50994,,,0,72,,51003,,,0,30,,51012,,,0,73,,51020,,,0,34,,51028,,,0,75,,50996,,,0,34,,51004,,,0,72,,51013,,,0,29,,51021,,,0,71,,51029,,,0,31,,50997,,,0,71,,51005,,,0,29,,51014,,,0,69,,51022,,,0,26,,51030,,,0,70,,50998,,,0,30,,51006,,,0,70,,51015,,,0,30,,51023,,,0,70,,51031,,,0,29,,50999,,,0,68,,51007,,,0,29,,51016,,,0,70,,51024,,,0,30,,51032,,,0,70,,51000,,,0,30,,51008,,,0
3300,'Saturday',601,,54723,0,180 179,0,30,,54725,0,180 179,0,70,,54724,0,180 179,0,30,,54754,0,180 179,0,70,,54755,0,180 179,0,30,,54753,0,180 179,0,70,,54749,0,180 179,0,31,,54750,0,180 179,0,70,,54751,0,180 179,0,30,,54752,0,180 179,0,70,,54745,0,180 179,0,30,,54746,0,180 179,0,70,,54747,0,180 179,0,30,,54748,0,180 179,0,70,,54742,0,180 179,0,30,,54741,0,180 179,0,70,,54743,0,180 179,0,30,,54744,0,180 179,0,70,,54739,0,180 179,0,30,,54740,0,180 179,0,70,,54737,0,180 179,0,30,,54738,0,180 179,0,70,,54735,0,180 179,0,30,,54736,0,180 179,0,70,,54731,0,180 179,0,29,,54732,0,180 179,0,70,,54733,0,180 179,0,30,,54734,0,180 179,0,70,,54728,0,180 179,0,30,,54729,0,180 179,0,70,,54727,0,180 179,0,30,,54730,0,180 179,0,70,,54726,0,180 179,0
3300,'Sunday',1002,,54773,0,180 179,0,30,,54772,0,180 179,0,70,,54771,0,180 179,0,30,,54770,0,180 179,0,70,,54769,0,180 179,0,30,,54766,0,180 179,0,70,,54767,0,180 179,0,30,,54768,0,180 179,0,70,,54765,0,180 179,0,30,,54764,0,180 179,0,70,,54763,0,180 179,0,30,,54760,0,180 179,0,70,,54762,0,180 179,0,30,,54761,0,180 179,0,70,,54758,0,180 179,0,30,,54759,0,180 179,0,70,,54757,0,180 179,0,29,,54756,0,180 179,0
3300,'Weekday',543,,54777,,,0,72,,54778,,,0,32,,54779,,,0,74,,54776,,,0,34,,54780,,,0,74,,54781,,,0,73,,54783,,,0,35,,54782,,,0,75,,54784,,,0,35,,54785,,,0,75,,54787,,,0,35,,54788,,,0,75,,54786,,,0,75,,54789,,,0,35,,54790,,,0,75,,54791,,,0,37,,54792,,,0,76,,54793,,,0,76,,54795,,,0,36,,54794,,,0,76,,54796,,,0,35,,54797,,,0,73,,54798,,,0,75,,54799,,,0,34,,54800,,,0,74,,54801,0,180 179,0,50,,54774,0,180 179,0,90,,54775,0,180 179,0
3300,'1CCSDCUT-Weekday',543,,54805,,,0,72,,54806,,,0,32,,54807,,,0,74,,54804,,,0,34,,54808,,,0,74,,54809,,,0,73,,54811,,,0,35,,54810,,,0,75,,54812,,,0,35,,54813,,,0,75,,54815,,,0,35,,54816,,,0,75,,54814,,,0,75,,54817,,,0,35,,54818,,,0,75,,54819,,,0,37,,54820,,,0,76,,54821,,,0,76,,54823,,,0,36,,54822,,,0,76,,54824,,,0,35,,54825,,,0,73,,54826,,,0,75,,54827,,,0,34,,54828,,,0,74,,54829,0,180 179,0,50,,54802,0,180 179,0,90,,54803,0,180 179,0
3300,'1PUBCUT-Weekday',543,,54833,,,0,72,,54834,,,0,32,,54835,,,0,74,,54832,,,0,34,,54836,,,0,74,,54837,,,0,73,,54839,,,0,35,,54838,,,0,75,,54840,,,0,35,,54841,,,0,75,,54843,,,0,35,,54844,,,0,75,,54842,,,0,75,,54845,,,0,35,,54846,,,0,75,,54847,,,0,37,,54848,,,0,76,,54849,,,0,76,,54851,,,0,36,,54850,,,0,76,,54852,,,0,35,,54853,,,0,73,,54854,,,0,75,,54855,,,0,34,,54856,,,0,74,,54857,0,180 179,0,50,,54830,0,180 179,0,90,,54831,0,180 179,0
87200,'Weekday',1504,,89408,,,0
87200,'1PUBCUT-Weekday',1504,,89409,,,0
