3700,'Saturday',538,,35252,5,,,0,70,,35251,5,,,0,30,,35291,5,,,0,70,,35300,5,,,0,30,,35294,5,,,0,70,,35290,5,,,0,30,,35295,5,,,0,69,,35292,5,,,0,20,,35289,5,,,0,18,,35255,5,,,0,58,,35253,5,,,0,18,,35257,5,,,0,18,,35254,5,,,0,18,,35258,5,,,0,58,,35256,5,,,0,18,,35259,5,,,0,18,,35260,5,,,0,58,,35261,5,,,0,18,,35263,5,,,0,18,,35264,5,,,0,58,,35262,5,,,0,18,,35266,5,,,0,18,,35267,5,,,0,18,,35268,5,,,0,58,,35269,5,,,0,18,,35270,5,,,0,18,,35271,5,,,0,58,,35272,5,,,0,18,,35273,5,,,0,18,,35265,5,,,0,58,,35274,5,,,0,18,,35275,5,,,0,18,,35276,5,,,0,18,,35278,5,,,0,58,,35279,5,,,0,18,,35277,5,,,0,18,,35281,5,,,0,58,,35282,5,,,0,18,,35280,5,,,0,18,,35284,5,,,0,57,,35285,5,,,0,18,,35283,5,,,0,18,,35286,5,,,0,68,,35287,5,,,0,30,,35301,5,,,0,70,,35288,5,,,0,30,,35293,5,,,0,70,,35297,5,,,0,30,,35296,5,,,0,70,,35298,5,,,0,30,,35299,5,,,0
3700,'Sunday',538,,35302,5,,,0,70,,35304,5,,,0,30,,35341,5,,,0,70,,35340,5,,,0,30,,35343,5,,,0,70,,35344,5,,,0,30,,35345,5,,,0,69,,35303,5,,,0,20,,35323,5,,,0,18,,35306,5,,,0,58,,35322,5,,,0,18,,35305,5,,,0,18,,35324,5,,,0,18,,35307,5,,,0,58,,35325,5,,,0,18,,35308,5,,,0,18,,35326,5,,,0,58,,35309,5,,,0,18,,35328,5,,,0,18,,35311,5,,,0,58,,35327,5,,,0,18,,35310,5,,,0,18,,35329,5,,,0,18,,35312,5,,,0,58,,35330,5,,,0,18,,35313,5,,,0,18,,35332,5,,,0,58,,35314,5,,,0,18,,35331,5,,,0,18,,35315,5,,,0,58,,35333,5,,,0,18,,35316,5,,,0,18,,35334,5,,,0,18,,35317,5,,,0,58,,35335,5,,,0,18,,35318,5,,,0,18,,35336,5,,,0,58,,35320,5,,,0,18,,35337,5,,,0,18,,35319,5,,,0,57,,35338,5,,,0,18,,35321,5,,,0,18,,35339,5,,,0,68,,35349,5,,,0,30,,35346,5,,,0,70,,35342,5,,,0,30,,35350,5,,,0,70,,35348,5,,,0,30,,35351,5,,,0,70,,35352,5,,,0,30,,35347,5,,,0
3700,'Weekday',423,,35384,5,,,0,28,,35385,5,,,0,64,,35387,5,,,0,31,,35386,5,,,0,68,,35389,5,,,0,19,,35353,5,,,0,18,,35390,5,,,0,58,,35354,5,,,0,18,,35388,5,,,0,18,,35355,5,,,0,12,,35410,5,,,0,47,,35392,5,,,0,18,,35358,5,,,0,19,,35391,5,,,0,16,,35356,5,,,0,58,,35394,5,,,0,18,,35359,5,,,0,18,,35393,5,,,0,58,,35357,5,,,0,18,,35395,5,,,0,18,,35360,5,,,0,58,,35396,5,,,0,18,,35361,5,,,0,18,,35397,5,,,0,18,,35363,5,,,0,58,,35398,5,,,0,18,,35362,5,,,0,18,,35399,5,,,0,58,,35364,5,,,0,18,,35400,5,,,0,18,,35366,5,,,0,58,,35401,5,,,0,18,,35365,5,,,0,18,,35402,5,,,0,18,,35367,5,,,0,60,,35403,5,,,0,18,,35368,5,,,0,18,,35404,5,,,0,58,,35369,5,,,0,18,,35405,5,,,0,18,,35370,5,,,0,58,,35406,5,,,0,18,,35371,5,,,0,18,,35407,5,,,0,16,,35372,5,,,0,58,,35408,5,,,0,18,,35373,5,,,0,18,,35409,5,,,0,61,,35374,5,,,0,30,,35375,5,,,0,69,,35376,5,,,0,30,,35377,5,,,0,70,,35378,5,,,0,30,,35379,5,,,0,70,,35380,5,,,0,30,,35381,5,,,0,70,,35382,5,,,0,30,,35383,5,,,0
3700,'1CCSDCUT-Weekday',423,,35442,5,,,0,28,,35443,5,,,0,64,,35445,5,,,0,31,,35444,5,,,0,68,,35447,5,,,0,19,,35411,5,,,0,18,,35448,5,,,0,58,,35412,5,,,0,18,,35446,5,,,0,18,,35413,5,,,0,12,,35468,5,,,0,47,,35450,5,,,0,18,,35416,5,,,0,19,,35449,5,,,0,16,,35414,5,,,0,58,,35452,5,,,0,18,,35417,5,,,0,18,,35451,5,,,0,58,,35415,5,,,0,18,,35453,5,,,0,18,,35418,5,,,0,58,,35454,5,,,0,18,,35419,5,,,0,18,,35455,5,,,0,18,,35421,5,,,0,58,,35456,5,,,0,18,,35420,5,,,0,18,,35457,5,,,0,58,,35422,5,,,0,18,,35458,5,,,0,18,,35424,5,,,0,58,,35459,5,,,0,18,,35423,5,,,0,18,,35460,5,,,0,18,,35425,5,,,0,60,,35461,5,,,0,18,,35426,5,,,0,18,,35462,5,,,0,58,,35427,5,,,0,18,,35463,5,,,0,18,,35428,5,,,0,58,,35464,5,,,0,18,,35429,5,,,0,18,,35465,5,,,0,16,,35430,5,,,0,58,,35466,5,,,0,18,,35431,5,,,0,18,,35467,5,,,0,61,,35432,5,,,0,30,,35433,5,,,0,69,,35434,5,,,0,30,,35435,5,,,0,70,,35436,5,,,0,30,,35437,5,,,0,70,,35438,5,,,0,30,,35439,5,,,0,70,,35440,5,,,0,30,,35441,5,,,0
3700,'1PUBCUT-Weekday',423,,35500,5,,,0,28,,35501,5,,,0,64,,35503,5,,,0,31,,35502,5,,,0,68,,35505,5,,,0,19,,35469,5,,,0,18,,35506,5,,,0,58,,35470,5,,,0,18,,35504,5,,,0,18,,35471,5,,,0,12,,35526,5,,,0,47,,35508,5,,,0,18,,35474,5,,,0,19,,35507,5,,,0,16,,35472,5,,,0,58,,35510,5,,,0,18,,35475,5,,,0,18,,35509,5,,,0,58,,35473,5,,,0,18,,35511,5,,,0,18,,35476,5,,,0,58,,35512,5,,,0,18,,35477,5,,,0,18,,35513,5,,,0,18,,35479,5,,,0,58,,35514,5,,,0,18,,35478,5,,,0,18,,35515,5,,,0,58,,35480,5,,,0,18,,35516,5,,,0,18,,35482,5,,,0,58,,35517,5,,,0,18,,35481,5,,,0,18,,35518,5,,,0,18,,35483,5,,,0,60,,35519,5,,,0,18,,35484,5,,,0,18,,35520,5,,,0,58,,35485,5,,,0,18,,35521,5,,,0,18,,35486,5,,,0,58,,35522,5,,,0,18,,35487,5,,,0,18,,35523,5,,,0,16,,35488,5,,,0,58,,35524,5,,,0,18,,35489,5,,,0,18,,35525,5,,,0,61,,35490,5,,,0,30,,35491,5,,,0,69,,35492,5,,,0,30,,35493,5,,,0,70,,35494,5,,,0,30,,35495,5,,,0,70,,35496,5,,,0,30,,35497,5,,,0,70,,35498,5,,,0,30,,35499,5,,,0
76700,'Weekday0000100',1341,,68704,3,0,48 49 1 195,0
76700,'Weekday1111000',1546,,68705,3,0,48 49 1 195,0
76700,'1CCSDCUT-Weekday0000100',1341,,68706,3,0,48 49 1 195,0
76700,'1CCSDCUT-Weekday1111000',1546,,68707,3,0,48 49 1 195,0
76701,'Weekday',841,,68708,5,0,48 49 1 195,0
76701,'1CCSDCUT-Weekday',841,,68710,5,0,48 49 1 195,0
