600,'Saturday',552,,46809,,,0,70,,46810,,,0,30,,46808,,,0,70,,46812,,,0,30,,46814,,,0,72,,46815,,,0,31,,46813,,,0,70,,46818,,,0,30,,46811,,,0,70,,46816,,,0,30,,46820,,,0,70,,46817,,,0,30,,46821,,,0,70,,46819,,,0,30,,46822,,,0,70,,46823,,,0,30,,46824,,,0,70,,46825,,,0,30,,46826,,,0,70,,46827,,,0,30,,46828,,,0,70,,46830,,,0,30,,46831,,,0,70,,46829,,,0,30,,46834,,,0,70,,46836,,,0,29,,46832,,,0,69,,46837,,,0,29,,46833,,,0,70,,46838,,,0,30,,46835,,,0,70,,46839,,,0,30,,46841,,,0,70,,46842,,,0,30,,46843,,,0,70,,46840,,,0,91,,46844,,,0
600,'Sunday',552,,46845,,,0,70,,46847,,,0,30,,46848,,,0,70,,46849,,,0,30,,46851,,,0,72,,46853,,,0,31,,46854,,,0,70,,46850,,,0,30,,46855,,,0,70,,46852,,,0,30,,46857,,,0,70,,46858,,,0,30,,46859,,,0,70,,46860,,,0,30,,46861,,,0,70,,46862,,,0,30,,46866,,,0,70,,46867,,,0,30,,46865,,,0,70,,46856,,,0,30,,46863,,,0,70,,46864,,,0,30,,46869,,,0,70,,46870,,,0,30,,46871,,,0,70,,46868,,,0,29,,46875,,,0,69,,46872,,,0,29,,46873,,,0,70,,46874,,,0,30,,46876,,,0,70,,46877,,,0,30,,46879,,,0,70,,46880,,,0,30,,46878,,,0,70,,46881,,,0,78,,46846,,,0
600,'Weekday',526,,46893,,,0,23,,46913,,,0,63,,46916,,,0,24,,46928,,,0,23,,46912,,,0,64,,46915,,,0,23,,46919,,,0,63,,46914,,,0,23,,46911,,,0,9,,46929,,,0,14,,46918,,,0,63,,46917,,,0,23,,46894,,,0,61,,46895,,,0,23,,46897,,,0,23,,46899,,,0,63,,46896,,,0,23,,46900,,,0,23,,46898,,,0,63,,46901,,,0,23,,46902,,,0,63,,46903,,,0,27,,46904,,,0,19,,46905,,,0,63,,46906,,,0,23,,46907,,,0,63,,46908,,,0,23,,46909,,,0,23,,46910,,,0,64,,46922,,,0,23,,46925,,,0,23,,46926,,,0,63,,46923,,,0,23,,46924,,,0,63,,46927,,,0,23,,46920,,,0,25,,46921,,,0,68,,46889,,,0,30,,46888,,,0,70,,46884,,,0,30,,46885,,,0,70,,46882,,,0,30,,46883,,,0,67,,46892,,,0,30,,46891,,,0,70,,46890,,,0,30,,46886,,,0,65,,46887,,,0
600,'1CCSDCUT-Weekday',526,,46941,,,0,23,,46961,,,0,63,,46964,,,0,24,,46976,,,0,23,,46960,,,0,64,,46963,,,0,23,,46967,,,0,63,,46962,,,0,23,,46959,,,0,9,,46977,,,0,14,,46966,,,0,63,,46965,,,0,23,,46942,,,0,61,,46943,,,0,23,,46945,,,0,23,,46947,,,0,63,,46944,,,0,23,,46948,,,0,23,,46946,,,0,63,,46949,,,0,23,,46950,,,0,63,,46951,,,0,27,,46952,,,0,19,,46953,,,0,63,,46954,,,0,23,,46955,,,0,63,,46956,,,0,23,,46957,,,0,23,,46958,,,0,64,,46970,,,0,23,,46973,,,0,23,,46974,,,0,63,,46971,,,0,23,,46972,,,0,63,,46975,,,0,23,,46968,,,0,25,,46969,,,0,68,,46937,,,0,30,,46936,,,0,70,,46932,,,0,30,,46933,,,0,70,,46930,,,0,30,,46931,,,0,67,,46940,,,0,30,,46939,,,0,70,,46938,,,0,30,,46934,,,0,65,,46935,,,0
600,'1PUBCUT-Weekday',526,,46989,,,0,23,,47009,,,0,63,,47012,,,0,24,,47024,,,0,23,,47008,,,0,64,,47011,,,0,23,,47015,,,0,63,,47010,,,0,23,,47007,,,0,9,,47025,,,0,14,,47014,,,0,63,,47013,,,0,23,,46990,,,0,61,,46991,,,0,23,,46993,,,0,23,,46995,,,0,63,,46992,,,0,23,,46996,,,0,23,,46994,,,0,63,,46997,,,0,23,,46998,,,0,63,,46999,,,0,27,,47000,,,0,19,,47001,,,0,63,,47002,,,0,23,,47003,,,0,63,,47004,,,0,23,,47005,,,0,23,,47006,,,0,64,,47018,,,0,23,,47021,,,0,23,,47022,,,0,63,,47019,,,0,23,,47020,,,0,63,,47023,,,0,23,,47016,,,0,25,,47017,,,0,68,,46985,,,0,30,,46984,,,0,70,,46980,,,0,30,,46981,,,0,70,,46978,,,0,30,,46979,,,0,67,,46988,,,0,30,,46987,,,0,70,,46986,,,0,30,,46982,,,0,65,,46983,,,0
69800,'Weekday',838,,88613,0,172 1 12 173 1 106 107 136,0
69800,'Weekday0000100',907,,88614,0,172 1 12 173 1 106 107 136,0
69800,'Weekday1111000',843,,88615,0,172 1 12 173 1 106 107 136,0
69800,'1CCSDCUT-Weekday',838,,88616,0,172 1 12 173 1 106 107 136,0
69800,'1CCSDCUT-Weekday1111000',843,,88617,0,172 1 12 173 1 106 107 136,0
69800,'1PUBCUT-Weekday',838,,88618,0,172 1 12 173 1 106 107 136,0
69800,'1PUBCUT-Weekday0000100',907,,88619,0,172 1 12 173 1 106 107 136,0
69800,'1PUBCUT-Weekday1111000',843,,88620,0,172 1 12 173 1 106 107 136,0
