7601,'Saturday',551,,103539,4,,,0,80,,103548,4,,,0,80,,103549,4,,,0,40,,103547,4,,,0,80,,103550,4,,,0,80,,103551,4,,,0,40,,103552,4,,,0,80,,103553,4,,,0,80,,103554,4,,,0,40,,103555,4,,,0,81,,103556,4,,,0,80,,103557,4,,,0,40,,103558,4,,,0,80,,103560,4,,,0,80,,103561,4,,,0,40,,103562,4,,,0,80,,103559,4,,,0,80,,103563,4,,,0,40,,103564,4,,,0,80,,103565,4,,,0,80,,103545,4,,,0,40,,103542,4,,,0,80,,103544,4,,,0,80,,103540,4,,,0,40,,103546,4,,,0,80,,103543,4,,,0,80,,103541,4,,,0,40,,103566,4,,,0
7601,'Sunday',551,,103576,4,,,0,80,,103587,4,,,0,80,,103569,4,,,0,40,,103577,4,,,0,80,,103586,4,,,0,80,,103570,4,,,0,40,,103578,4,,,0,80,,103588,4,,,0,80,,103572,4,,,0,40,,103579,4,,,0,81,,103589,4,,,0,80,,103571,4,,,0,40,,103580,4,,,0,80,,103590,4,,,0,80,,103573,4,,,0,40,,103581,4,,,0,80,,103591,4,,,0,80,,103575,4,,,0,40,,103582,4,,,0,80,,103592,4,,,0,80,,103574,4,,,0,40,,103583,4,,,0,80,,103567,4,,,0,80,,103593,4,,,0,40,,103584,4,,,0,80,,103568,4,,,0,80,,103594,4,,,0,40,,103585,4,,,0
7601,'Weekday',504,,103606,4,,,0,35,,103595,4,,,0,70,,103623,4,,,0,31,,103615,4,,,0,70,,103607,4,,,0,30,,103596,4,,,0,64,,103624,4,,,0,36,,103616,4,,,0,69,,103608,4,,,0,30,,103597,4,,,0,70,,103625,4,,,0,30,,103617,4,,,0,70,,103610,4,,,0,30,,103598,4,,,0,70,,103626,4,,,0,30,,103618,4,,,0,70,,103609,4,,,0,30,,103599,4,,,0,70,,103627,4,,,0,31,,103619,4,,,0,14,,103634,4,,,0,56,,103611,4,,,0,16,,103635,4,,,0,11,,103600,4,,,0,72,,103628,4,,,0,30,,103620,4,,,0,70,,103612,4,,,0,30,,103601,4,,,0,70,,103629,4,,,0,30,,103621,4,,,0,70,,103613,4,,,0,30,,103602,4,,,0,70,,103630,4,,,0,30,,103622,4,,,0,70,,103614,4,,,0,30,,103603,4,,,0,70,,103631,4,,,0,30,,103604,4,,,0,70,,103633,4,,,0,30,,103605,4,,,0,80,,103632,4,,,0
7601,'STMPSa-Saturday',551,,103636,4,,,0,80,,103645,4,,,0,80,,103646,4,,,0,40,,103644,4,,,0,80,,103647,4,,,0,80,,103648,4,,,0,40,,103649,4,,,0,80,,103650,4,,,0,80,,103651,4,,,0,40,,103652,4,,,0,81,,103653,4,,,0,80,,103654,4,,,0,40,,103655,4,,,0,80,,103657,4,,,0,80,,103658,4,,,0,40,,103659,4,,,0,80,,103656,4,,,0,80,,103660,4,,,0,40,,103661,4,,,0,80,,103662,4,,,0,80,,103642,4,,,0,40,,103639,4,,,0,80,,103641,4,,,0,80,,103637,4,,,0,40,,103643,4,,,0,80,,103640,4,,,0,80,,103638,4,,,0,40,,103663,4,,,0
7601,'STMPSnea-Weekday',504,,103675,4,,,0,35,,103664,4,,,0,70,,103692,4,,,0,31,,103684,4,,,0,70,,103676,4,,,0,30,,103665,4,,,0,64,,103693,4,,,0,36,,103685,4,,,0,69,,103677,4,,,0,30,,103666,4,,,0,70,,103694,4,,,0,30,,103686,4,,,0,70,,103679,4,,,0,30,,103667,4,,,0,70,,103695,4,,,0,30,,103687,4,,,0,70,,103678,4,,,0,30,,103668,4,,,0,70,,103696,4,,,0,31,,103688,4,,,0,14,,103703,4,,,0,56,,103680,4,,,0,16,,103704,4,,,0,11,,103669,4,,,0,72,,103697,4,,,0,30,,103689,4,,,0,70,,103681,4,,,0,30,,103670,4,,,0,70,,103698,4,,,0,30,,103690,4,,,0,70,,103682,4,,,0,30,,103671,4,,,0,70,,103699,4,,,0,30,,103691,4,,,0,70,,103683,4,,,0,30,,103672,4,,,0,70,,103700,4,,,0,30,,103673,4,,,0,70,,103702,4,,,0,30,,103674,4,,,0,80,,103701,4,,,0
7601,'STMPSu1-Sunday',551,,103714,4,,,0,80,,103725,4,,,0,80,,103707,4,,,0,40,,103715,4,,,0,80,,103724,4,,,0,80,,103708,4,,,0,40,,103716,4,,,0,80,,103726,4,,,0,80,,103710,4,,,0,40,,103717,4,,,0,81,,103727,4,,,0,80,,103709,4,,,0,40,,103718,4,,,0,80,,103728,4,,,0,80,,103711,4,,,0,40,,103719,4,,,0,80,,103729,4,,,0,80,,103713,4,,,0,40,,103720,4,,,0,80,,103730,4,,,0,80,,103712,4,,,0,40,,103721,4,,,0,80,,103705,4,,,0,80,,103731,4,,,0,40,,103722,4,,,0,80,,103706,4,,,0,80,,103732,4,,,0,40,,103723,4,,,0
7601,'STMPSu2-Sunday',551,,103742,4,,,0,80,,103753,4,,,0,80,,103735,4,,,0,40,,103743,4,,,0,80,,103752,4,,,0,80,,103736,4,,,0,40,,103744,4,,,0,80,,103754,4,,,0,80,,103738,4,,,0,40,,103745,4,,,0,81,,103755,4,,,0,80,,103737,4,,,0,40,,103746,4,,,0,80,,103756,4,,,0,80,,103739,4,,,0,40,,103747,4,,,0,80,,103757,4,,,0,80,,103741,4,,,0,40,,103748,4,,,0,80,,103758,4,,,0,80,,103740,4,,,0,40,,103749,4,,,0,80,,103733,4,,,0,80,,103759,4,,,0,40,,103750,4,,,0,80,,103734,4,,,0,80,,103760,4,,,0,40,,103751,4,,,0
7601,'STMPWeek-Weekday',504,,103772,4,,,0,35,,103761,4,,,0,70,,103789,4,,,0,31,,103781,4,,,0,70,,103773,4,,,0,30,,103762,4,,,0,64,,103790,4,,,0,36,,103782,4,,,0,69,,103774,4,,,0,30,,103763,4,,,0,70,,103791,4,,,0,30,,103783,4,,,0,70,,103776,4,,,0,30,,103764,4,,,0,70,,103792,4,,,0,30,,103784,4,,,0,70,,103775,4,,,0,30,,103765,4,,,0,70,,103793,4,,,0,31,,103785,4,,,0,14,,103800,4,,,0,56,,103777,4,,,0,16,,103801,4,,,0,11,,103766,4,,,0,72,,103794,4,,,0,30,,103786,4,,,0,70,,103778,4,,,0,30,,103767,4,,,0,70,,103795,4,,,0,30,,103787,4,,,0,70,,103779,4,,,0,30,,103768,4,,,0,70,,103796,4,,,0,30,,103788,4,,,0,70,,103780,4,,,0,30,,103769,4,,,0,70,,103797,4,,,0,30,,103770,4,,,0,70,,103799,4,,,0,30,,103771,4,,,0,80,,103798,4,,,0
7601,'STMPar-Weekday',504,,103813,4,,,0,35,,103802,4,,,0,70,,103830,4,,,0,31,,103822,4,,,0,70,,103814,4,,,0,30,,103803,4,,,0,64,,103831,4,,,0,36,,103823,4,,,0,69,,103815,4,,,0,30,,103804,4,,,0,70,,103832,4,,,0,30,,103824,4,,,0,70,,103817,4,,,0,30,,103805,4,,,0,70,,103833,4,,,0,30,,103825,4,,,0,70,,103816,4,,,0,30,,103806,4,,,0,70,,103834,4,,,0,31,,103826,4,,,0,14,,103841,4,,,0,56,,103818,4,,,0,16,,103842,4,,,0,11,,103807,4,,,0,72,,103835,4,,,0,30,,103827,4,,,0,70,,103819,4,,,0,30,,103808,4,,,0,70,,103836,4,,,0,30,,103828,4,,,0,70,,103820,4,,,0,30,,103809,4,,,0,70,,103837,4,,,0,30,,103829,4,,,0,70,,103821,4,,,0,30,,103810,4,,,0,70,,103839,4,,,0,30,,103811,4,,,0,70,,103840,4,,,0,30,,103812,4,,,0,80,,103838,4,,,0
9701,'Saturday',603,,112786,5,,,0,46,,112804,5,,,0,80,,112795,5,,,0,80,,112787,5,,,0,40,,112805,5,,,0,80,,112796,5,,,0,80,,112788,5,,,0,40,,112806,5,,,0,80,,112797,5,,,0,81,,112789,5,,,0,40,,112807,5,,,0,80,,112798,5,,,0,80,,112790,5,,,0,40,,112808,5,,,0,80,,112799,5,,,0,80,,112791,5,,,0,40,,112809,5,,,0,80,,112800,5,,,0,80,,112792,5,,,0,40,,112810,5,,,0,80,,112801,5,,,0,80,,112793,5,,,0,40,,112811,5,,,0,80,,112802,5,,,0,79,,112794,5,,,0,40,,112812,5,,,0,80,,112803,5,,,0
9701,'Sunday',603,,112814,5,,,0,46,,112832,5,,,0,80,,112822,5,,,0,80,,112813,5,,,0,40,,112830,5,,,0,80,,112823,5,,,0,80,,112815,5,,,0,40,,112833,5,,,0,80,,112824,5,,,0,81,,112816,5,,,0,40,,112834,5,,,0,80,,112825,5,,,0,80,,112817,5,,,0,40,,112835,5,,,0,80,,112826,5,,,0,80,,112818,5,,,0,40,,112836,5,,,0,80,,112827,5,,,0,80,,112819,5,,,0,40,,112837,5,,,0,80,,112828,5,,,0,80,,112820,5,,,0,40,,112838,5,,,0,80,,112829,5,,,0,79,,112821,5,,,0,40,,112839,5,,,0,80,,112831,5,,,0
9701,'Weekday',517,,112840,5,,,0,40,,112859,5,,,0,70,,112872,5,,,0,30,,112853,5,,,0,70,,112841,5,,,0,30,,112860,5,,,0,70,,112873,5,,,0,30,,112854,5,,,0,69,,112842,5,,,0,30,,112861,5,,,0,70,,112874,5,,,0,30,,112855,5,,,0,70,,112843,5,,,0,30,,112862,5,,,0,70,,112875,5,,,0,30,,112856,5,,,0,70,,112844,5,,,0,30,,112863,5,,,0,70,,112876,5,,,0,30,,112857,5,,,0,71,,112845,5,,,0,30,,112864,5,,,0,70,,112877,5,,,0,30,,112858,5,,,0,70,,112847,5,,,0,30,,112866,5,,,0,70,,112846,5,,,0,29,,112865,5,,,0,70,,112848,5,,,0,30,,112867,5,,,0,70,,112849,5,,,0,30,,112869,5,,,0,70,,112850,5,,,0,30,,112868,5,,,0,70,,112851,5,,,0,30,,112870,5,,,0,85,,112871,5,,,0
9701,'STMPSa-Saturday',603,,112878,5,,,0,46,,112896,5,,,0,80,,112887,5,,,0,80,,112879,5,,,0,40,,112897,5,,,0,80,,112888,5,,,0,80,,112880,5,,,0,40,,112898,5,,,0,80,,112889,5,,,0,81,,112881,5,,,0,40,,112899,5,,,0,80,,112890,5,,,0,80,,112882,5,,,0,40,,112900,5,,,0,80,,112891,5,,,0,80,,112883,5,,,0,40,,112901,5,,,0,80,,112892,5,,,0,80,,112884,5,,,0,40,,112902,5,,,0,80,,112893,5,,,0,80,,112885,5,,,0,40,,112903,5,,,0,80,,112894,5,,,0,79,,112886,5,,,0,40,,112904,5,,,0,80,,112895,5,,,0
9701,'STMPSnea-Weekday',517,,112905,5,,,0,40,,112924,5,,,0,70,,112937,5,,,0,30,,112918,5,,,0,70,,112906,5,,,0,30,,112925,5,,,0,70,,112938,5,,,0,30,,112919,5,,,0,69,,112907,5,,,0,30,,112926,5,,,0,70,,112939,5,,,0,30,,112920,5,,,0,70,,112908,5,,,0,30,,112927,5,,,0,70,,112940,5,,,0,30,,112921,5,,,0,70,,112909,5,,,0,30,,112928,5,,,0,70,,112941,5,,,0,30,,112922,5,,,0,71,,112910,5,,,0,30,,112929,5,,,0,70,,112942,5,,,0,30,,112923,5,,,0,70,,112912,5,,,0,30,,112931,5,,,0,70,,112911,5,,,0,29,,112930,5,,,0,70,,112913,5,,,0,30,,112932,5,,,0,70,,112914,5,,,0,30,,112934,5,,,0,70,,112915,5,,,0,30,,112933,5,,,0,70,,112916,5,,,0,30,,112935,5,,,0,85,,112936,5,,,0
9701,'STMPSu1-Sunday',603,,112944,5,,,0,46,,112962,5,,,0,80,,112952,5,,,0,80,,112943,5,,,0,40,,112960,5,,,0,80,,112953,5,,,0,80,,112945,5,,,0,40,,112963,5,,,0,80,,112954,5,,,0,81,,112946,5,,,0,40,,112964,5,,,0,80,,112955,5,,,0,80,,112947,5,,,0,40,,112965,5,,,0,80,,112956,5,,,0,80,,112948,5,,,0,40,,112966,5,,,0,80,,112957,5,,,0,80,,112949,5,,,0,40,,112967,5,,,0,80,,112958,5,,,0,80,,112950,5,,,0,40,,112968,5,,,0,80,,112959,5,,,0,79,,112951,5,,,0,40,,112969,5,,,0,80,,112961,5,,,0
9701,'STMPSu2-Sunday',603,,112971,5,,,0,46,,112989,5,,,0,80,,112979,5,,,0,80,,112970,5,,,0,40,,112987,5,,,0,80,,112980,5,,,0,80,,112972,5,,,0,40,,112990,5,,,0,80,,112981,5,,,0,81,,112973,5,,,0,40,,112991,5,,,0,80,,112982,5,,,0,80,,112974,5,,,0,40,,112992,5,,,0,80,,112983,5,,,0,80,,112975,5,,,0,40,,112993,5,,,0,80,,112984,5,,,0,80,,112976,5,,,0,40,,112994,5,,,0,80,,112985,5,,,0,80,,112977,5,,,0,40,,112995,5,,,0,80,,112986,5,,,0,79,,112978,5,,,0,40,,112996,5,,,0,80,,112988,5,,,0
9701,'STMPWeek-Weekday',517,,112997,5,,,0,40,,113016,5,,,0,70,,113029,5,,,0,30,,113010,5,,,0,70,,112998,5,,,0,30,,113017,5,,,0,70,,113030,5,,,0,30,,113011,5,,,0,69,,112999,5,,,0,30,,113018,5,,,0,70,,113031,5,,,0,30,,113012,5,,,0,70,,113000,5,,,0,30,,113019,5,,,0,70,,113032,5,,,0,30,,113013,5,,,0,70,,113001,5,,,0,30,,113020,5,,,0,70,,113033,5,,,0,30,,113014,5,,,0,71,,113002,5,,,0,30,,113021,5,,,0,70,,113034,5,,,0,30,,113015,5,,,0,70,,113004,5,,,0,30,,113023,5,,,0,70,,113003,5,,,0,29,,113022,5,,,0,70,,113005,5,,,0,30,,113024,5,,,0,70,,113006,5,,,0,30,,113026,5,,,0,70,,113007,5,,,0,30,,113025,5,,,0,70,,113008,5,,,0,30,,113027,5,,,0,85,,113028,5,,,0
9701,'STMPar-Weekday',517,,113035,5,,,0,40,,113054,5,,,0,70,,113067,5,,,0,30,,113048,5,,,0,70,,113036,5,,,0,30,,113055,5,,,0,70,,113068,5,,,0,30,,113049,5,,,0,69,,113037,5,,,0,30,,113056,5,,,0,70,,113069,5,,,0,30,,113050,5,,,0,70,,113038,5,,,0,30,,113057,5,,,0,70,,113070,5,,,0,30,,113051,5,,,0,70,,113039,5,,,0,30,,113058,5,,,0,70,,113071,5,,,0,30,,113052,5,,,0,71,,113040,5,,,0,30,,113059,5,,,0,70,,113072,5,,,0,30,,113053,5,,,0,70,,113042,5,,,0,30,,113061,5,,,0,70,,113041,5,,,0,29,,113060,5,,,0,70,,113043,5,,,0,30,,113062,5,,,0,70,,113044,5,,,0,30,,113064,5,,,0,70,,113045,5,,,0,30,,113063,5,,,0,70,,113046,5,,,0,30,,113065,5,,,0,85,,113066,5,,,0
11301,'Weekday',604,,118260,5,,,0,33,,118252,5,,,0,72,,118261,5,,,0,32,,118253,5,,,0,72,,118262,5,,,0,32,,118254,5,,,0,72,,118263,5,,,0,32,,118255,5,,,0,72,,118265,5,,,0,32,,118256,5,,,0,72,,118264,5,,,0,32,,118257,5,,,0,72,,118266,5,,,0,72,,118258,5,,,0,32,,118267,5,,,0,72,,118259,5,,,0,32,,118268,5,,,0,72,,118277,5,,,0,32,,118269,5,,,0,72,,118278,5,,,0,32,,118270,5,,,0,72,,118279,5,,,0,32,,118271,5,,,0,72,,118280,5,,,0,32,,118272,5,,,0,72,,118281,5,,,0,32,,118273,5,,,0,71,,118282,5,,,0,72,,118274,5,,,0,32,,118284,5,,,0,72,,118275,5,,,0,32,,118283,5,,,0,72,,118276,5,,,0,32,,118285,5,,,0
11301,'STMPSnea-Weekday',604,,118295,5,,,0,33,,118287,5,,,0,72,,118296,5,,,0,32,,118288,5,,,0,72,,118297,5,,,0,32,,118289,5,,,0,72,,118298,5,,,0,32,,118290,5,,,0,72,,118300,5,,,0,32,,118291,5,,,0,72,,118299,5,,,0,32,,118292,5,,,0,72,,118301,5,,,0,72,,118293,5,,,0,32,,118302,5,,,0,72,,118294,5,,,0,32,,118303,5,,,0,72,,118312,5,,,0,32,,118304,5,,,0,72,,118313,5,,,0,32,,118305,5,,,0,72,,118314,5,,,0,32,,118306,5,,,0,72,,118315,5,,,0,32,,118307,5,,,0,72,,118316,5,,,0,32,,118308,5,,,0,71,,118317,5,,,0,72,,118309,5,,,0,32,,118319,5,,,0,72,,118310,5,,,0,32,,118318,5,,,0,72,,118311,5,,,0,32,,118320,5,,,0
11301,'STMPWeek-Weekday',604,,118330,5,,,0,33,,118322,5,,,0,72,,118331,5,,,0,32,,118323,5,,,0,72,,118332,5,,,0,32,,118324,5,,,0,72,,118333,5,,,0,32,,118325,5,,,0,72,,118335,5,,,0,32,,118326,5,,,0,72,,118334,5,,,0,32,,118327,5,,,0,72,,118336,5,,,0,72,,118328,5,,,0,32,,118337,5,,,0,72,,118329,5,,,0,32,,118338,5,,,0,72,,118347,5,,,0,32,,118339,5,,,0,72,,118348,5,,,0,32,,118340,5,,,0,72,,118349,5,,,0,32,,118341,5,,,0,72,,118350,5,,,0,32,,118342,5,,,0,72,,118351,5,,,0,32,,118343,5,,,0,71,,118352,5,,,0,72,,118344,5,,,0,32,,118354,5,,,0,72,,118345,5,,,0,32,,118353,5,,,0,72,,118346,5,,,0,32,,118355,5,,,0
11301,'STMPar-Weekday',604,,118365,5,,,0,33,,118357,5,,,0,72,,118366,5,,,0,32,,118358,5,,,0,72,,118367,5,,,0,32,,118359,5,,,0,72,,118368,5,,,0,32,,118360,5,,,0,72,,118370,5,,,0,32,,118361,5,,,0,72,,118369,5,,,0,32,,118362,5,,,0,72,,118371,5,,,0,72,,118363,5,,,0,32,,118372,5,,,0,72,,118364,5,,,0,32,,118373,5,,,0,72,,118382,5,,,0,32,,118374,5,,,0,72,,118383,5,,,0,32,,118375,5,,,0,72,,118385,5,,,0,32,,118376,5,,,0,72,,118384,5,,,0,32,,118377,5,,,0,72,,118386,5,,,0,32,,118378,5,,,0,71,,118387,5,,,0,72,,118379,5,,,0,32,,118389,5,,,0,72,,118380,5,,,0,32,,118388,5,,,0,72,,118381,5,,,0,32,,118390,5,,,0
