2401,'Saturday',651,,33067,42,,,0,70,,33078,42,,,0,30,,33087,42,,,0,70,,33069,42,,,0,30,,33077,42,,,0,70,,33089,42,,,0,30,,33068,42,,,0,70,,33079,42,,,0,30,,33090,42,,,0,70,,33066,42,,,0,30,,33081,42,,,0,70,,33092,42,,,0,30,,33070,42,,,0,70,,33082,42,,,0,30,,33093,42,,,0,70,,33071,42,,,0,30,,33080,42,,,0,70,,33091,42,,,0,30,,33072,42,,,0,70,,33083,42,,,0,30,,33095,42,,,0,70,,33073,42,,,0,30,,33085,42,,,0,70,,33094,42,,,0,30,,33074,42,,,0,70,,33084,42,,,0,30,,33096,42,,,0,70,,33075,42,,,0,30,,33086,42,,,0,70,,33097,42,,,0,30,,33076,42,,,0,70,,33088,42,,,0
2401,'Sunday',651,,33098,42,,,0,70,,33108,42,,,0,30,,33119,42,,,0,70,,33099,42,,,0,30,,33110,42,,,0,70,,33121,42,,,0,30,,33100,42,,,0,70,,33112,42,,,0,30,,33122,42,,,0,70,,33101,42,,,0,30,,33111,42,,,0,70,,33123,42,,,0,30,,33102,42,,,0,70,,33113,42,,,0,30,,33124,42,,,0,70,,33103,42,,,0,30,,33114,42,,,0,70,,33125,42,,,0,30,,33106,42,,,0,70,,33115,42,,,0,30,,33126,42,,,0,70,,33104,42,,,0,30,,33116,42,,,0,70,,33128,42,,,0,30,,33107,42,,,0,70,,33118,42,,,0,30,,33127,42,,,0,70,,33105,42,,,0,30,,33117,42,,,0,70,,33129,42,,,0,30,,33109,42,,,0,70,,33120,42,,,0
2401,'Weekday',605,,33151,42,,,0,40,,33160,42,,,0,73,,33130,42,,,0,30,,33152,42,,,0,70,,33162,42,,,0,30,,33131,42,,,0,69,,33153,42,,,0,28,,33163,42,,,0,70,,33132,42,,,0,30,,33155,42,,,0,70,,33164,42,,,0,30,,33133,42,,,0,70,,33154,42,,,0,30,,33161,42,,,0,70,,33134,42,,,0,30,,33157,42,,,0,70,,33165,42,,,0,30,,33136,42,,,0,70,,33156,42,,,0,34,,33166,42,,,0,70,,33135,42,,,0,30,,33158,42,,,0,70,,33167,42,,,0,29,,33137,42,,,0,70,,33159,42,,,0,29,,33142,42,,,0,67,,33138,42,,,0,30,,33146,42,,,0,70,,33143,42,,,0,30,,33139,42,,,0,70,,33148,42,,,0,30,,33144,42,,,0,70,,33140,42,,,0,29,,33149,42,,,0,68,,33145,42,,,0,30,,33141,42,,,0,70,,33150,42,,,0,35,,33147,42,,,0
2401,'1CCSDCUT-Weekday',605,,33189,42,,,0,40,,33198,42,,,0,73,,33168,42,,,0,30,,33190,42,,,0,70,,33200,42,,,0,30,,33169,42,,,0,69,,33191,42,,,0,28,,33201,42,,,0,70,,33170,42,,,0,30,,33193,42,,,0,70,,33202,42,,,0,30,,33171,42,,,0,70,,33192,42,,,0,30,,33199,42,,,0,70,,33172,42,,,0,30,,33195,42,,,0,70,,33203,42,,,0,30,,33174,42,,,0,70,,33194,42,,,0,34,,33204,42,,,0,70,,33173,42,,,0,30,,33196,42,,,0,70,,33205,42,,,0,29,,33175,42,,,0,70,,33197,42,,,0,29,,33180,42,,,0,67,,33176,42,,,0,30,,33184,42,,,0,70,,33181,42,,,0,30,,33177,42,,,0,70,,33186,42,,,0,30,,33182,42,,,0,70,,33178,42,,,0,29,,33187,42,,,0,68,,33183,42,,,0,30,,33179,42,,,0,70,,33188,42,,,0,35,,33185,42,,,0
2401,'1PUBCUT-Weekday',605,,33227,42,,,0,40,,33236,42,,,0,73,,33206,42,,,0,30,,33228,42,,,0,70,,33238,42,,,0,30,,33207,42,,,0,69,,33229,42,,,0,28,,33239,42,,,0,70,,33208,42,,,0,30,,33231,42,,,0,70,,33240,42,,,0,30,,33209,42,,,0,70,,33230,42,,,0,30,,33237,42,,,0,70,,33210,42,,,0,30,,33233,42,,,0,70,,33241,42,,,0,30,,33212,42,,,0,70,,33232,42,,,0,34,,33242,42,,,0,70,,33211,42,,,0,30,,33234,42,,,0,70,,33243,42,,,0,29,,33213,42,,,0,70,,33235,42,,,0,29,,33218,42,,,0,67,,33214,42,,,0,30,,33222,42,,,0,70,,33219,42,,,0,30,,33215,42,,,0,70,,33224,42,,,0,30,,33220,42,,,0,70,,33216,42,,,0,29,,33225,42,,,0,68,,33221,42,,,0,30,,33217,42,,,0,70,,33226,42,,,0,35,,33223,42,,,0
3600,'Saturday',622,,35124,44,,,0,85,,35128,44,,,0,45,,35131,44,,,0,85,,35133,44,,,0,85,,35125,44,,,0,85,,35129,44,,,0,45,,35130,44,,,0,85,,35132,44,,,0,85,,35112,44,,,0,85,,35113,44,,,0,45,,35114,44,,,0,85,,35115,44,,,0,85,,35116,44,,,0,85,,35117,44,,,0,45,,35118,44,,,0,85,,35119,44,,,0,85,,35120,44,,,0,85,,35121,44,,,0,45,,35126,44,,,0,85,,35122,44,,,0,85,,35123,44,,,0,85,,35127,44,,,0,45,,35135,44,,,0,85,,35134,44,,,0
3600,'Sunday',752,,35149,44,,,0,85,,35151,44,,,0,85,,35147,44,,,0,85,,35146,44,,,0,45,,35148,44,,,0,85,,35150,44,,,0,85,,35137,44,,,0,85,,35136,44,,,0,45,,35138,44,,,0,85,,35139,44,,,0,85,,35140,44,,,0,85,,35141,44,,,0,45,,35142,44,,,0,85,,35143,44,,,0,85,,35144,44,,,0,85,,35145,44,,,0,45,,35152,44,,,0,85,,35154,44,,,0,85,,35155,44,,,0,85,,35157,44,,,0,45,,35156,44,,,0,85,,35153,44,,,0
3600,'Weekday',537,,35158,41,,,0,115,,35169,44,,,0,75,,35170,44,,,0,75,,35171,44,,,0,35,,35172,44,,,0,75,,35173,44,,,0,33,,35175,44,,,0,75,,35174,44,,,0,35,,35179,44,,,0,75,,35176,44,,,0,75,,35177,44,,,0,35,,35178,44,,,0,75,,35180,44,,,0,35,,35181,44,,,0,75,,35182,44,,,0,75,,35183,44,,,0,35,,35184,44,,,0,78,,35185,44,,,0,35,,35186,44,,,0,75,,35187,44,,,0,33,,35188,44,,,0,73,,35160,44,,,0,75,,35161,44,,,0,31,,35159,44,,,0,72,,35162,44,,,0,41,,35163,44,,,0,81,,35164,44,,,0,81,,35165,44,,,0,41,,35166,44,,,0,81,,35167,44,,,0,81,,35168,44,0,88,0
3600,'1CCSDCUT-Weekday',537,,35189,41,,,0,115,,35200,44,,,0,75,,35201,44,,,0,75,,35202,44,,,0,35,,35203,44,,,0,75,,35204,44,,,0,33,,35206,44,,,0,75,,35205,44,,,0,35,,35210,44,,,0,75,,35207,44,,,0,75,,35208,44,,,0,35,,35209,44,,,0,75,,35211,44,,,0,35,,35212,44,,,0,75,,35213,44,,,0,75,,35214,44,,,0,35,,35215,44,,,0,78,,35216,44,,,0,35,,35217,44,,,0,75,,35218,44,,,0,33,,35219,44,,,0,73,,35191,44,,,0,75,,35192,44,,,0,31,,35190,44,,,0,72,,35193,44,,,0,41,,35194,44,,,0,81,,35195,44,,,0,81,,35196,44,,,0,41,,35197,44,,,0,81,,35198,44,,,0,81,,35199,44,0,88,0
3600,'1PUBCUT-Weekday',537,,35220,41,,,0,115,,35231,44,,,0,75,,35232,44,,,0,75,,35233,44,,,0,35,,35234,44,,,0,75,,35235,44,,,0,33,,35237,44,,,0,75,,35236,44,,,0,35,,35241,44,,,0,75,,35238,44,,,0,75,,35239,44,,,0,35,,35240,44,,,0,75,,35242,44,,,0,35,,35243,44,,,0,75,,35244,44,,,0,75,,35245,44,,,0,35,,35246,44,,,0,78,,35247,44,,,0,35,,35248,44,,,0,75,,35249,44,,,0,33,,35250,44,,,0,73,,35222,44,,,0,75,,35223,44,,,0,31,,35221,44,,,0,72,,35224,44,,,0,41,,35225,44,,,0,81,,35226,44,,,0,81,,35227,44,,,0,41,,35228,44,,,0,81,,35229,44,,,0,81,,35230,44,0,88,0
4100,'Saturday',635,,36780,25,,,0,85,,36778,25,,,0,85,,36763,25,,,0,45,,36764,25,,,0,85,,36765,25,,,0,85,,36766,25,,,0,85,,36767,25,,,0,47,,36768,25,,,0,85,,36769,25,,,0,85,,36770,25,,,0,85,,36771,25,,,0,45,,36772,25,,,0,85,,36774,25,,,0,85,,36775,25,,,0,85,,36776,25,,,0,45,,36773,25,,,0,85,,36777,25,,,0,83,,36779,25,,,0
4100,'Weekday',619,,36785,25,,,0,36,,36786,25,,,0,75,,36787,25,,,0,75,,36788,25,,,0,37,,36789,25,,,0,74,,36793,25,,,0,35,,36791,25,,,0,75,,36794,25,,,0,75,,36792,25,,,0,35,,36790,25,,,0,75,,36796,25,,,0,35,,36795,25,,,0,75,,36799,25,,,0,35,,36797,25,,,0,75,,36798,25,,,0,76,,36800,25,,,0,36,,36801,25,,,0,74,,36802,25,,,0,35,,36803,25,,,0,73,,36804,25,,,0,75,,36805,25,,,0,36,,36783,25,,,0,72,,36784,25,,,0
4100,'Weekday0000100',1238,,36806,12,,,0
4100,'Weekday1111000',1458,,36807,12,,,0
4100,'1CCSDCUT-Weekday',619,,36811,25,,,0,36,,36812,25,,,0,75,,36813,25,,,0,75,,36814,25,,,0,37,,36815,25,,,0,74,,36819,25,,,0,35,,36817,25,,,0,75,,36820,25,,,0,75,,36818,25,,,0,35,,36816,25,,,0,75,,36822,25,,,0,35,,36821,25,,,0,75,,36825,25,,,0,35,,36823,25,,,0,75,,36824,25,,,0,76,,36826,25,,,0,36,,36827,25,,,0,74,,36828,25,,,0,35,,36829,25,,,0,73,,36830,25,,,0,75,,36831,25,,,0,36,,36809,25,,,0,72,,36810,25,,,0
4100,'1CCSDCUT-Weekday0000100',1238,,36832,12,,,0
4100,'1CCSDCUT-Weekday1111000',1458,,36833,12,,,0
4100,'1PUBCUT-Weekday',619,,36837,25,,,0,36,,36838,25,,,0,75,,36839,25,,,0,75,,36840,25,,,0,37,,36841,25,,,0,74,,36845,25,,,0,35,,36843,25,,,0,75,,36846,25,,,0,75,,36844,25,,,0,35,,36842,25,,,0,75,,36848,25,,,0,35,,36847,25,,,0,75,,36851,25,,,0,35,,36849,25,,,0,75,,36850,25,,,0,76,,36852,25,,,0,36,,36853,25,,,0,74,,36854,25,,,0,35,,36855,25,,,0,73,,36856,25,,,0,75,,36857,25,,,0,36,,36835,25,,,0,72,,36836,25,,,0
4301,'Saturday',526,,37489,39,,,0,23,,37487,57,,,0,63,,37497,57,,,0,23,,37492,57,,,0,23,,37494,57,,,0,63,,37496,57,,,0,23,,37498,57,,,0,63,,37499,57,,,0,22,,37500,57,,,0,23,,37491,57,,,0,62,,37490,57,,,0,23,,37495,57,,,0,63,,37493,57,,,0,28,,37488,57,,,0,24,,37537,57,,,0,61,,37538,57,,,0,21,,37539,57,,,0,21,,37540,57,,,0,61,,37541,57,,,0,21,,37542,57,,,0,22,,37517,57,,,0,60,,37518,57,,,0,21,,37519,57,,,0,63,,37520,57,,,0,22,,37521,57,,,0,21,,37522,57,,,0,61,,37523,57,,,0,21,,37526,57,,,0,21,,37527,57,,,0,61,,37528,57,,,0,21,,37524,57,,,0,21,,37525,57,,,0,61,,37529,57,,,0,22,,37530,57,,,0,22,,37505,57,,,0,61,,37507,57,,,0,20,,37508,57,,,0,21,,37514,57,,,0,59,,37503,57,,,0,18,,37509,57,,,0,20,,37504,57,,,0,61,,37511,57,,,0,20,,37506,57,,,0,20,,37516,57,,,0,61,,37501,57,,,0,21,,37502,57,,,0,61,,37531,57,,,0,21,,37532,57,,,0,22,,37533,57,,,0,62,,37534,57,,,0,22,,37515,57,,,0,22,,37510,57,,,0,62,,37535,57,,,0,22,,37512,57,,,0,22,,37536,57,,,0,62,,37513,57,,,0
4301,'Sunday',526,,37549,39,,,0,23,,37543,57,,,0,63,,37566,57,,,0,23,,37555,57,,,0,23,,37573,57,,,0,63,,37584,57,,,0,23,,37560,57,,,0,63,,37578,57,,,0,22,,37550,57,,,0,23,,37544,57,,,0,62,,37567,57,,,0,23,,37556,57,,,0,63,,37572,57,,,0,28,,37585,57,,,0,24,,37561,57,,,0,61,,37594,57,,,0,21,,37579,57,,,0,21,,37551,57,,,0,61,,37545,57,,,0,21,,37568,57,,,0,22,,37590,57,,,0,60,,37557,57,,,0,21,,37575,57,,,0,63,,37586,57,,,0,22,,37562,57,,,0,21,,37595,57,,,0,61,,37580,57,,,0,21,,37552,57,,,0,21,,37546,57,,,0,61,,37569,57,,,0,21,,37591,57,,,0,21,,37558,57,,,0,61,,37574,57,,,0,22,,37587,57,,,0,22,,37564,57,,,0,61,,37596,57,,,0,20,,37581,57,,,0,21,,37553,57,,,0,59,,37547,57,,,0,18,,37570,57,,,0,20,,37592,57,,,0,61,,37559,57,,,0,20,,37576,57,,,0,20,,37588,57,,,0,61,,37563,57,,,0,21,,37597,57,,,0,61,,37582,57,,,0,21,,37554,57,,,0,22,,37548,57,,,0,62,,37571,57,,,0,22,,37593,57,,,0,22,,37577,57,,,0,62,,37589,57,,,0,22,,37565,57,,,0,22,,37598,57,,,0,62,,37583,57,,,0
4301,'Weekday',507,,37605,57,,,0,18,,37638,57,,,0,18,,37600,57,,,0,13,,37653,57,,,0,53,,37611,57,,,0,12,,37663,57,,,0,12,,37647,57,,,0,9,,37665,57,,,0,7,,37667,57,,,0,7,,37609,57,,,0,49,,37617,57,,,0,11,,37646,57,,,0,11,,37620,57,,,0,10,,37654,57,,,0,10,,37624,57,,,0,11,,37659,57,,,0,51,,37615,57,,,0,10,,37606,57,,,0,10,,37616,57,,,0,10,,37640,57,,,0,10,,37619,57,,,0,10,,37599,57,,,0,51,,37655,57,,,0,11,,37610,57,,,0,12,,37664,57,,,0,12,,37648,57,,,0,12,,37625,57,,,0,52,,37618,57,,,0,23,,37621,57,,,0,23,,37656,57,,,0,63,,37660,57,,,0,23,,37607,57,,,0,63,,37639,57,,,0,23,,37601,57,,,0,23,,37612,57,,,0,63,,37649,57,,,0,23,,37626,57,,,0,23,,37622,57,,,0,63,,37657,57,,,0,11,,37661,57,,,0,11,,37641,57,,,0,11,,37643,57,,,0,52,,37629,57,,,0,12,,37602,57,,,0,12,,37613,57,,,0,12,,37634,57,,,0,11,,37650,57,,,0,52,,37637,57,,,0,11,,37652,57,,,0,9,,37604,57,,,0,10,,37627,57,,,0,11,,37623,57,,,0,11,,37632,57,,,0,51,,37658,57,,,0,11,,37633,57,,,0,10,,37662,57,,,0,11,,37635,57,,,0,9,,37608,57,,,0,51,,37631,57,,,0,10,,37645,57,,,0,11,,37642,57,,,0,10,,37644,57,,,0,11,,37630,57,,,0,10,,37603,57,,,0,51,,37614,57,,,0,11,,37636,57,,,0,13,,37651,57,,,0,18,,37628,57,,,0,61,,37671,57,,,0,20,,37672,57,,,0,22,,37673,57,,,0,63,,37676,57,,,0,23,,37675,57,,,0,23,,37678,57,,,0,63,,37669,57,,,0,23,,37677,57,,,0,63,,37674,57,,,0,23,,37680,57,,,0,23,,37670,57,,,0,63,,37679,57,,,0,23,,37668,57,,,0,63,,37681,57,,,0,23,,37666,57,,,0
4301,'1CCSDCUT-Weekday',507,,37688,57,,,0,18,,37721,57,,,0,18,,37683,57,,,0,13,,37736,57,,,0,53,,37694,57,,,0,12,,37746,57,,,0,12,,37730,57,,,0,9,,37748,57,,,0,7,,37750,57,,,0,7,,37692,57,,,0,49,,37700,57,,,0,11,,37729,57,,,0,11,,37703,57,,,0,10,,37737,57,,,0,10,,37707,57,,,0,11,,37742,57,,,0,51,,37698,57,,,0,10,,37689,57,,,0,10,,37699,57,,,0,10,,37723,57,,,0,10,,37702,57,,,0,10,,37682,57,,,0,51,,37738,57,,,0,11,,37693,57,,,0,12,,37747,57,,,0,12,,37731,57,,,0,12,,37708,57,,,0,52,,37701,57,,,0,23,,37704,57,,,0,23,,37739,57,,,0,63,,37743,57,,,0,23,,37690,57,,,0,63,,37722,57,,,0,23,,37684,57,,,0,23,,37695,57,,,0,63,,37732,57,,,0,23,,37709,57,,,0,23,,37705,57,,,0,63,,37740,57,,,0,11,,37744,57,,,0,11,,37724,57,,,0,11,,37726,57,,,0,52,,37712,57,,,0,12,,37685,57,,,0,12,,37696,57,,,0,12,,37717,57,,,0,11,,37733,57,,,0,52,,37720,57,,,0,11,,37735,57,,,0,9,,37687,57,,,0,10,,37710,57,,,0,11,,37706,57,,,0,11,,37715,57,,,0,51,,37741,57,,,0,11,,37716,57,,,0,10,,37745,57,,,0,11,,37718,57,,,0,9,,37691,57,,,0,51,,37714,57,,,0,10,,37728,57,,,0,11,,37725,57,,,0,10,,37727,57,,,0,11,,37713,57,,,0,10,,37686,57,,,0,51,,37697,57,,,0,11,,37719,57,,,0,13,,37734,57,,,0,18,,37711,57,,,0,61,,37754,57,,,0,20,,37755,57,,,0,22,,37756,57,,,0,63,,37759,57,,,0,23,,37758,57,,,0,23,,37761,57,,,0,63,,37752,57,,,0,23,,37760,57,,,0,63,,37757,57,,,0,23,,37763,57,,,0,23,,37753,57,,,0,63,,37762,57,,,0,23,,37751,57,,,0,63,,37764,57,,,0,23,,37749,57,,,0
4301,'1PUBCUT-Weekday',507,,37771,57,,,0,18,,37804,57,,,0,18,,37766,57,,,0,13,,37819,57,,,0,53,,37777,57,,,0,12,,37829,57,,,0,12,,37813,57,,,0,9,,37831,57,,,0,7,,37833,57,,,0,7,,37775,57,,,0,49,,37783,57,,,0,11,,37812,57,,,0,11,,37786,57,,,0,10,,37820,57,,,0,10,,37790,57,,,0,11,,37825,57,,,0,51,,37781,57,,,0,10,,37772,57,,,0,10,,37782,57,,,0,10,,37806,57,,,0,10,,37785,57,,,0,10,,37765,57,,,0,51,,37821,57,,,0,11,,37776,57,,,0,12,,37830,57,,,0,12,,37814,57,,,0,12,,37791,57,,,0,52,,37784,57,,,0,23,,37787,57,,,0,23,,37822,57,,,0,63,,37826,57,,,0,23,,37773,57,,,0,63,,37805,57,,,0,23,,37767,57,,,0,23,,37778,57,,,0,63,,37815,57,,,0,23,,37792,57,,,0,23,,37788,57,,,0,63,,37823,57,,,0,11,,37827,57,,,0,11,,37807,57,,,0,11,,37809,57,,,0,52,,37795,57,,,0,12,,37768,57,,,0,12,,37779,57,,,0,12,,37800,57,,,0,11,,37816,57,,,0,52,,37803,57,,,0,11,,37818,57,,,0,9,,37770,57,,,0,10,,37793,57,,,0,11,,37789,57,,,0,11,,37798,57,,,0,51,,37824,57,,,0,11,,37799,57,,,0,10,,37828,57,,,0,11,,37801,57,,,0,9,,37774,57,,,0,51,,37797,57,,,0,10,,37811,57,,,0,11,,37808,57,,,0,10,,37810,57,,,0,11,,37796,57,,,0,10,,37769,57,,,0,51,,37780,57,,,0,11,,37802,57,,,0,13,,37817,57,,,0,18,,37794,57,,,0,61,,37837,57,,,0,20,,37838,57,,,0,22,,37839,57,,,0,63,,37842,57,,,0,23,,37841,57,,,0,23,,37844,57,,,0,63,,37835,57,,,0,23,,37843,57,,,0,63,,37840,57,,,0,23,,37846,57,,,0,23,,37836,57,,,0,63,,37845,57,,,0,23,,37834,57,,,0,63,,37847,57,,,0,23,,37832,57,,,0
85100,'Weekday',1603,,69040,18,4,,0
85100,'1PUBCUT-Weekday',1603,,69041,18,4,,0
85101,'Weekday',831,,69042,17,0,12 93 168 97,0
85101,'1PUBCUT-Weekday',831,,69043,17,0,12 93 168 97,0
