1900,'Saturday',640,,79956,6,,,0,75,,79941,6,,,0,35,,79935,6,,,0,75,,79949,6,,,0,75,,79957,6,,,0,35,,79943,6,,,0,75,,79934,6,,,0,35,,79951,6,,,0,75,,79958,6,,,0,35,,79942,6,,,0,71,,79936,6,,,0,20,,79963,6,,,0,68,,79950,6,,,0,28,,79959,6,,,0,68,,79944,6,,,0,28,,79937,6,,,0,68,,79965,6,,,0,28,,79953,6,,,0,68,,79960,6,,,0,28,,79945,6,,,0,28,,79938,6,,,0,68,,79966,6,,,0,28,,79952,6,,,0,68,,79962,6,,,0,35,,79946,6,,,0,75,,79939,6,,,0,75,,79955,6,,,0,35,,79961,6,,,0,75,,79948,6,,,0,35,,79940,6,,,0,75,,79954,6,,,0,75,,79964,6,,,0
1900,'Sunday',640,,79990,6,,,0,75,,79975,6,,,0,35,,79968,6,,,0,75,,79982,6,,,0,75,,79991,6,,,0,35,,79976,6,,,0,75,,79969,6,,,0,35,,79985,6,,,0,75,,79992,6,,,0,35,,79977,6,,,0,71,,79970,6,,,0,20,,79998,6,,,0,68,,79984,6,,,0,28,,79994,6,,,0,68,,79978,6,,,0,28,,79971,6,,,0,68,,79999,6,,,0,28,,79986,6,,,0,68,,79993,6,,,0,28,,79979,6,,,0,28,,79972,6,,,0,68,,80000,6,,,0,28,,79987,6,,,0,68,,79995,6,,,0,35,,79980,6,,,0,75,,79973,6,,,0,75,,79988,6,,,0,35,,79996,6,,,0,75,,79981,6,,,0,35,,79974,6,,,0,75,,79989,6,,,0,75,,79997,6,,,0
1900,'Weekday',519,,80025,6,,,0,30,,80033,6,,,0,65,,80001,6,,,0,33,,80009,6,,,0,64,,80018,6,,,0,35,,80026,6,,,0,78,,80034,6,,,0,31,,80003,6,,,0,72,,80010,6,,,0,32,,80019,6,,,0,72,,80027,6,,,0,72,,80035,6,,,0,32,,80002,6,,,0,72,,80011,6,,,0,32,,80020,6,,,0,72,,80028,6,,,0,32,,80036,6,,,0,72,,80004,6,,,0,33,,80012,6,,,0,72,,80021,6,,,0,32,,80029,6,,,0,71,,80037,6,,,0,32,,80005,6,,,0,72,,80013,6,,,0,32,,80022,6,,,0,70,,80030,6,,,0,26,,80038,6,,,0,70,,80006,6,,,0,30,,80014,6,,,0,70,,80023,6,,,0,30,,80031,6,,,0,70,,80039,6,,,0,30,,80007,6,,,0,70,,80015,6,,,0,29,,80024,6,,,0,70,,80032,6,,,0,30,,80040,6,,,0,70,,80008,6,,,0,30,,80016,6,,,0
1900,'STMPSa-Saturday',640,,80064,6,,,0,75,,80049,6,,,0,35,,80043,6,,,0,75,,80057,6,,,0,75,,80065,6,,,0,35,,80051,6,,,0,75,,80042,6,,,0,35,,80059,6,,,0,75,,80066,6,,,0,35,,80050,6,,,0,71,,80044,6,,,0,20,,80071,6,,,0,68,,80058,6,,,0,28,,80067,6,,,0,68,,80052,6,,,0,28,,80045,6,,,0,68,,80073,6,,,0,28,,80061,6,,,0,68,,80068,6,,,0,28,,80053,6,,,0,28,,80046,6,,,0,68,,80074,6,,,0,28,,80060,6,,,0,68,,80070,6,,,0,35,,80054,6,,,0,75,,80047,6,,,0,75,,80063,6,,,0,35,,80069,6,,,0,75,,80056,6,,,0,35,,80048,6,,,0,75,,80062,6,,,0,75,,80072,6,,,0
1900,'STMPSnea-Weekday',519,,80099,6,,,0,30,,80107,6,,,0,65,,80075,6,,,0,33,,80083,6,,,0,64,,80092,6,,,0,35,,80100,6,,,0,78,,80108,6,,,0,31,,80077,6,,,0,72,,80084,6,,,0,32,,80093,6,,,0,72,,80101,6,,,0,72,,80109,6,,,0,32,,80076,6,,,0,72,,80085,6,,,0,32,,80094,6,,,0,72,,80102,6,,,0,32,,80110,6,,,0,72,,80078,6,,,0,33,,80086,6,,,0,72,,80095,6,,,0,32,,80103,6,,,0,71,,80111,6,,,0,32,,80079,6,,,0,72,,80087,6,,,0,32,,80096,6,,,0,70,,80104,6,,,0,26,,80112,6,,,0,70,,80080,6,,,0,30,,80088,6,,,0,70,,80097,6,,,0,30,,80105,6,,,0,70,,80113,6,,,0,30,,80081,6,,,0,70,,80089,6,,,0,29,,80098,6,,,0,70,,80106,6,,,0,30,,80114,6,,,0,70,,80082,6,,,0,30,,80090,6,,,0
1900,'STMPSu1-Sunday',640,,80139,6,,,0,75,,80123,6,,,0,35,,80116,6,,,0,75,,80130,6,,,0,75,,80137,6,,,0,35,,80124,6,,,0,75,,80117,6,,,0,35,,80133,6,,,0,75,,80140,6,,,0,35,,80125,6,,,0,71,,80118,6,,,0,20,,80146,6,,,0,68,,80132,6,,,0,28,,80142,6,,,0,68,,80126,6,,,0,28,,80119,6,,,0,68,,80147,6,,,0,28,,80134,6,,,0,68,,80141,6,,,0,28,,80127,6,,,0,28,,80120,6,,,0,68,,80148,6,,,0,28,,80135,6,,,0,68,,80143,6,,,0,35,,80128,6,,,0,75,,80121,6,,,0,75,,80136,6,,,0,35,,80144,6,,,0,75,,80129,6,,,0,35,,80122,6,,,0,75,,80138,6,,,0,75,,80145,6,,,0
1900,'STMPSu2-Sunday',640,,80172,6,,,0,75,,80157,6,,,0,35,,80150,6,,,0,75,,80164,6,,,0,75,,80173,6,,,0,35,,80158,6,,,0,75,,80151,6,,,0,35,,80167,6,,,0,75,,80174,6,,,0,35,,80159,6,,,0,71,,80152,6,,,0,20,,80180,6,,,0,68,,80166,6,,,0,28,,80176,6,,,0,68,,80160,6,,,0,28,,80153,6,,,0,68,,80181,6,,,0,28,,80168,6,,,0,68,,80175,6,,,0,28,,80161,6,,,0,28,,80154,6,,,0,68,,80182,6,,,0,28,,80169,6,,,0,68,,80177,6,,,0,35,,80162,6,,,0,75,,80155,6,,,0,75,,80170,6,,,0,35,,80178,6,,,0,75,,80163,6,,,0,35,,80156,6,,,0,75,,80171,6,,,0,75,,80179,6,,,0
1900,'STMPWeek-Weekday',519,,80207,6,,,0,30,,80215,6,,,0,65,,80183,6,,,0,33,,80191,6,,,0,64,,80200,6,,,0,35,,80208,6,,,0,78,,80216,6,,,0,31,,80185,6,,,0,72,,80192,6,,,0,32,,80201,6,,,0,72,,80209,6,,,0,72,,80217,6,,,0,32,,80184,6,,,0,72,,80193,6,,,0,32,,80202,6,,,0,72,,80210,6,,,0,32,,80218,6,,,0,72,,80186,6,,,0,33,,80194,6,,,0,72,,80203,6,,,0,32,,80211,6,,,0,71,,80219,6,,,0,32,,80187,6,,,0,72,,80195,6,,,0,32,,80204,6,,,0,70,,80212,6,,,0,26,,80220,6,,,0,70,,80188,6,,,0,30,,80196,6,,,0,70,,80205,6,,,0,30,,80213,6,,,0,70,,80221,6,,,0,30,,80189,6,,,0,70,,80197,6,,,0,29,,80206,6,,,0,70,,80214,6,,,0,30,,80222,6,,,0,70,,80190,6,,,0,30,,80198,6,,,0
1900,'STMPar-Weekday',519,,80247,6,,,0,30,,80255,6,,,0,65,,80223,6,,,0,33,,80231,6,,,0,64,,80240,6,,,0,35,,80248,6,,,0,78,,80256,6,,,0,31,,80225,6,,,0,72,,80232,6,,,0,32,,80241,6,,,0,72,,80249,6,,,0,72,,80257,6,,,0,32,,80224,6,,,0,72,,80233,6,,,0,32,,80242,6,,,0,72,,80250,6,,,0,32,,80258,6,,,0,72,,80226,6,,,0,33,,80234,6,,,0,72,,80243,6,,,0,32,,80251,6,,,0,71,,80259,6,,,0,32,,80227,6,,,0,72,,80235,6,,,0,32,,80244,6,,,0,70,,80252,6,,,0,26,,80260,6,,,0,70,,80228,6,,,0,30,,80236,6,,,0,70,,80245,6,,,0,30,,80253,6,,,0,70,,80261,6,,,0,30,,80229,6,,,0,70,,80237,6,,,0,29,,80246,6,,,0,70,,80254,6,,,0,30,,80262,6,,,0,70,,80230,6,,,0,30,,80238,6,,,0
6500,'Saturday',632,,98902,37,,,0,80,,98915,37,,,0,40,,98903,37,,,0,80,,98916,37,,,0,80,,98904,37,,,0,40,,98917,37,,,0,83,,98905,37,,,0,80,,98918,37,,,0,40,,98906,37,,,0,80,,98919,37,,,0,80,,98907,37,,,0,40,,98920,37,,,0,80,,98908,37,,,0,80,,98921,37,,,0,40,,98909,37,,,0,80,,98924,37,,,0,80,,98910,37,,,0,40,,98923,37,,,0,78,,98911,37,,,0,80,,98922,37,,,0,40,,98913,37,,,0,80,,98925,37,,,0,80,,98912,37,,,0,39,,98926,37,,,0,80,,98914,37,,,0,80,,98927,37,,,0
6500,'Sunday',632,,98928,37,,,0,80,,98941,37,,,0,40,,98929,37,,,0,80,,98944,37,,,0,80,,98930,37,,,0,40,,98942,37,,,0,83,,98931,37,,,0,80,,98943,37,,,0,40,,98933,37,,,0,80,,98946,37,,,0,80,,98932,37,,,0,40,,98947,37,,,0,80,,98935,37,,,0,80,,98945,37,,,0,40,,98936,37,,,0,80,,98948,37,,,0,80,,98934,37,,,0,40,,98949,37,,,0,78,,98937,37,,,0,80,,98950,37,,,0,40,,98939,37,,,0,80,,98951,37,,,0,80,,98938,37,,,0,39,,98952,37,,,0,80,,98940,37,,,0,80,,98953,37,,,0
6500,'Weekday',540,,98965,37,,,0,83,,98978,37,,,0,24,,98954,37,,,0,67,,98966,37,,,0,24,,98956,37,,,0,64,,98979,37,,,0,24,,98955,37,,,0,24,,98967,37,,,0,81,,98980,37,,,0,84,,98968,37,,,0,43,,98981,37,,,0,83,,98969,37,,,0,83,,98982,37,,,0,83,,98970,37,,,0,26,,98961,37,,,0,17,,98984,37,,,0,69,,98957,37,,,0,21,,98971,37,,,0,64,,98962,37,,,0,23,,98983,37,,,0,24,,98958,37,,,0,63,,98972,37,,,0,24,,98963,37,,,0,64,,98985,37,,,0,24,,98959,37,,,0,24,,98973,37,,,0,64,,98964,37,,,0,24,,98986,37,,,0,21,,98960,37,,,0,64,,98974,37,,,0,83,,98987,37,,,0,43,,98975,37,,,0,83,,98988,37,,,0,84,,98976,37,,,0,41,,98989,37,,,0,83,,98977,37,,,0,83,,98990,37,,,0
6500,'STMPSa-Saturday',632,,98991,37,,,0,80,,99004,37,,,0,40,,98992,37,,,0,80,,99005,37,,,0,80,,98993,37,,,0,40,,99006,37,,,0,83,,98994,37,,,0,80,,99007,37,,,0,40,,98995,37,,,0,80,,99008,37,,,0,80,,98996,37,,,0,40,,99009,37,,,0,80,,98997,37,,,0,80,,99010,37,,,0,40,,98998,37,,,0,80,,99013,37,,,0,80,,98999,37,,,0,40,,99012,37,,,0,78,,99000,37,,,0,80,,99011,37,,,0,40,,99002,37,,,0,80,,99014,37,,,0,80,,99001,37,,,0,39,,99015,37,,,0,80,,99003,37,,,0,80,,99016,37,,,0
6500,'STMPSnea-Weekday',540,,99028,37,,,0,83,,99041,37,,,0,24,,99017,37,,,0,67,,99029,37,,,0,24,,99019,37,,,0,64,,99042,37,,,0,24,,99018,37,,,0,24,,99030,37,,,0,81,,99043,37,,,0,84,,99031,37,,,0,43,,99044,37,,,0,83,,99032,37,,,0,83,,99045,37,,,0,83,,99033,37,,,0,26,,99024,37,,,0,17,,99047,37,,,0,69,,99020,37,,,0,21,,99034,37,,,0,64,,99025,37,,,0,23,,99046,37,,,0,24,,99021,37,,,0,63,,99035,37,,,0,24,,99026,37,,,0,64,,99048,37,,,0,24,,99022,37,,,0,24,,99036,37,,,0,64,,99027,37,,,0,24,,99049,37,,,0,21,,99023,37,,,0,64,,99037,37,,,0,83,,99050,37,,,0,43,,99038,37,,,0,83,,99051,37,,,0,84,,99039,37,,,0,41,,99052,37,,,0,83,,99040,37,,,0,83,,99053,37,,,0
6500,'STMPSu1-Sunday',632,,99054,37,,,0,80,,99067,37,,,0,40,,99055,37,,,0,80,,99070,37,,,0,80,,99056,37,,,0,40,,99068,37,,,0,83,,99057,37,,,0,80,,99069,37,,,0,40,,99059,37,,,0,80,,99072,37,,,0,80,,99058,37,,,0,40,,99073,37,,,0,80,,99061,37,,,0,80,,99071,37,,,0,40,,99062,37,,,0,80,,99074,37,,,0,80,,99060,37,,,0,40,,99075,37,,,0,78,,99063,37,,,0,80,,99076,37,,,0,40,,99065,37,,,0,80,,99077,37,,,0,80,,99064,37,,,0,39,,99078,37,,,0,80,,99066,37,,,0,80,,99079,37,,,0
6500,'STMPSu2-Sunday',632,,99080,37,,,0,80,,99093,37,,,0,40,,99081,37,,,0,80,,99096,37,,,0,80,,99082,37,,,0,40,,99094,37,,,0,83,,99083,37,,,0,80,,99095,37,,,0,40,,99085,37,,,0,80,,99098,37,,,0,80,,99084,37,,,0,40,,99099,37,,,0,80,,99087,37,,,0,80,,99097,37,,,0,40,,99088,37,,,0,80,,99100,37,,,0,80,,99086,37,,,0,40,,99101,37,,,0,78,,99089,37,,,0,80,,99102,37,,,0,40,,99091,37,,,0,80,,99103,37,,,0,80,,99090,37,,,0,39,,99104,37,,,0,80,,99092,37,,,0,80,,99105,37,,,0
6500,'STMPWeek-Weekday',540,,99117,37,,,0,83,,99130,37,,,0,24,,99106,37,,,0,67,,99118,37,,,0,24,,99108,37,,,0,64,,99131,37,,,0,24,,99107,37,,,0,24,,99119,37,,,0,81,,99132,37,,,0,84,,99120,37,,,0,43,,99133,37,,,0,83,,99121,37,,,0,83,,99134,37,,,0,83,,99122,37,,,0,26,,99113,37,,,0,17,,99136,37,,,0,69,,99109,37,,,0,21,,99123,37,,,0,64,,99114,37,,,0,23,,99135,37,,,0,24,,99110,37,,,0,63,,99124,37,,,0,24,,99115,37,,,0,64,,99137,37,,,0,24,,99111,37,,,0,24,,99125,37,,,0,64,,99116,37,,,0,24,,99138,37,,,0,21,,99112,37,,,0,64,,99126,37,,,0,83,,99139,37,,,0,43,,99127,37,,,0,83,,99140,37,,,0,84,,99128,37,,,0,41,,99141,37,,,0,83,,99129,37,,,0,83,,99142,37,,,0
6500,'STMPar-Weekday',540,,99154,37,,,0,83,,99167,37,,,0,24,,99143,37,,,0,67,,99155,37,,,0,24,,99145,37,,,0,64,,99168,37,,,0,24,,99144,37,,,0,24,,99156,37,,,0,81,,99169,37,,,0,84,,99157,37,,,0,43,,99171,37,,,0,83,,99158,37,,,0,83,,99172,37,,,0,83,,99159,37,,,0,26,,99150,37,,,0,17,,99173,37,,,0,69,,99146,37,,,0,21,,99160,37,,,0,64,,99151,37,,,0,23,,99170,37,,,0,24,,99147,37,,,0,63,,99161,37,,,0,24,,99152,37,,,0,64,,99174,37,,,0,24,,99148,37,,,0,24,,99162,37,,,0,64,,99153,37,,,0,24,,99175,37,,,0,21,,99149,37,,,0,64,,99163,37,,,0,83,,99176,37,,,0,43,,99164,37,,,0,83,,99177,37,,,0,84,,99165,37,,,0,41,,99178,37,,,0,83,,99166,37,,,0,83,,99179,37,,,0
42201,'Saturday',611,,144984,12,,,0,100,,144985,12,,,0,100,,144986,12,,,0,100,,144988,12,,,0,100,,144987,12,,,0,100,,144989,12,,,0,100,,144990,12,,,0,100,,144991,12,,,0,100,,144992,12,,,0,100,,144994,12,,,0,100,,144993,12,,,0,100,,144995,12,,,0,100,,144996,12,,,0,100,,144997,12,,,0
42201,'Sunday',611,,144998,12,,,0,100,,145001,12,,,0,100,,144999,12,,,0,100,,145000,12,,,0,100,,145003,12,,,0,100,,145002,12,,,0,100,,145004,12,,,0,100,,145005,12,,,0,100,,145008,12,,,0,100,,145006,12,,,0,100,,145007,12,,,0,100,,145011,12,,,0,100,,145009,12,,,0,100,,145010,12,,,0
42201,'Weekday',611,,145012,12,,,0,30,,145029,12,,,0,70,,145013,12,,,0,30,,145034,12,,,0,70,,145014,12,,,0,30,,145028,12,,,0,70,,145015,12,,,0,30,,145036,12,,,0,70,,145017,12,,,0,30,,145031,12,,,0,70,,145016,12,,,0,30,,145035,12,,,0,70,,145018,12,,,0,30,,145033,12,,,0,70,,145019,12,,,0,30,,145037,12,,,0,70,,145020,12,,,0,39,,145038,12,,,0,61,,145021,12,,,0,30,,145030,12,,,0,70,,145023,12,,,0,30,,145039,12,,,0,70,,145022,12,,,0,30,,145032,12,,,0,70,,145024,12,,,0,100,,145025,12,,,0,100,,145026,12,,,0,100,,145027,12,,,0
42201,'STMPSa-Saturday',611,,145040,12,,,0,100,,145041,12,,,0,100,,145042,12,,,0,100,,145044,12,,,0,100,,145043,12,,,0,100,,145045,12,,,0,100,,145046,12,,,0,100,,145047,12,,,0,100,,145048,12,,,0,100,,145050,12,,,0,100,,145049,12,,,0,100,,145051,12,,,0,100,,145052,12,,,0,100,,145053,12,,,0
42201,'STMPSnea-Weekday',611,,145054,12,,,0,30,,145071,12,,,0,70,,145055,12,,,0,30,,145076,12,,,0,70,,145056,12,,,0,30,,145070,12,,,0,70,,145057,12,,,0,30,,145078,12,,,0,70,,145059,12,,,0,30,,145073,12,,,0,70,,145058,12,,,0,30,,145077,12,,,0,70,,145060,12,,,0,30,,145075,12,,,0,70,,145061,12,,,0,30,,145079,12,,,0,70,,145062,12,,,0,39,,145080,12,,,0,61,,145063,12,,,0,30,,145072,12,,,0,70,,145065,12,,,0,30,,145081,12,,,0,70,,145064,12,,,0,30,,145074,12,,,0,70,,145066,12,,,0,100,,145067,12,,,0,100,,145068,12,,,0,100,,145069,12,,,0
42201,'STMPSu1-Sunday',611,,145082,12,,,0,100,,145085,12,,,0,100,,145083,12,,,0,100,,145084,12,,,0,100,,145087,12,,,0,100,,145086,12,,,0,100,,145088,12,,,0,100,,145089,12,,,0,100,,145092,12,,,0,100,,145090,12,,,0,100,,145091,12,,,0,100,,145095,12,,,0,100,,145093,12,,,0,100,,145094,12,,,0
42201,'STMPSu2-Sunday',611,,145096,12,,,0,100,,145099,12,,,0,100,,145097,12,,,0,100,,145098,12,,,0,100,,145101,12,,,0,100,,145100,12,,,0,100,,145102,12,,,0,100,,145103,12,,,0,100,,145106,12,,,0,100,,145104,12,,,0,100,,145105,12,,,0,100,,145109,12,,,0,100,,145107,12,,,0,100,,145108,12,,,0
42201,'STMPWeek-Weekday',611,,145110,12,,,0,30,,145127,12,,,0,70,,145111,12,,,0,30,,145132,12,,,0,70,,145112,12,,,0,30,,145126,12,,,0,70,,145113,12,,,0,30,,145134,12,,,0,70,,145115,12,,,0,30,,145129,12,,,0,70,,145114,12,,,0,30,,145133,12,,,0,70,,145116,12,,,0,30,,145131,12,,,0,70,,145117,12,,,0,30,,145135,12,,,0,70,,145118,12,,,0,39,,145136,12,,,0,61,,145119,12,,,0,30,,145128,12,,,0,70,,145121,12,,,0,30,,145137,12,,,0,70,,145120,12,,,0,30,,145130,12,,,0,70,,145122,12,,,0,100,,145123,12,,,0,100,,145124,12,,,0,100,,145125,12,,,0
42201,'STMPar-Weekday',611,,145138,12,,,0,30,,145155,12,,,0,70,,145139,12,,,0,30,,145160,12,,,0,70,,145140,12,,,0,30,,145154,12,,,0,70,,145141,12,,,0,30,,145162,12,,,0,70,,145143,12,,,0,30,,145157,12,,,0,70,,145142,12,,,0,30,,145161,12,,,0,70,,145144,12,,,0,30,,145159,12,,,0,70,,145145,12,,,0,30,,145163,12,,,0,70,,145146,12,,,0,39,,145164,12,,,0,61,,145147,12,,,0,30,,145156,12,,,0,70,,145149,12,,,0,30,,145165,12,,,0,70,,145148,12,,,0,30,,145158,12,,,0,70,,145150,12,,,0,100,,145151,12,,,0,100,,145152,12,,,0,100,,145153,12,,,0
