12000,'Saturday',657,,74632,,,0,86,,74631,,,0,86,,74633,,,0,86,,74634,,,0,86,,74635,,,0,46,,74636,,,0,86,,74637,,,0,86,,74638,,,0,86,,74640,,,0,46,,74639,,,0,86,,74641,,,0,86,,74642,,,0,86,,74643,,,0,46,,74644,,,0,86,,74645,,,0,86,,74646,,,0,86,,74647,,,0,46,,74648,,,0,86,,74649,,,0,85,,74650,,,0,86,,74651,,,0,86,,74652,,,0,46,,74653,,,0
12000,'Sunday',657,,74654,,,0,86,,74655,,,0,86,,74656,,,0,86,,74657,,,0,86,,74658,,,0,46,,74659,,,0,86,,74660,,,0,86,,74661,,,0,86,,74662,,,0,46,,74664,,,0,86,,74663,,,0,86,,74665,,,0,86,,74666,,,0,46,,74667,,,0,86,,74668,,,0,86,,74669,,,0,86,,74670,,,0,46,,74672,,,0,86,,74671,,,0,85,,74673,,,0,86,,74674,,,0,86,,74675,,,0,46,,74676,,,0
12000,'Weekday',521,,74677,,,0,85,,74678,,,0,23,,74703,,,0,22,,74681,,,0,63,,74704,,,0,22,,74680,,,0,23,,74705,,,0,62,,74682,,,0,85,,74683,,,0,45,,74684,,,0,85,,74685,,,0,85,,74686,,,0,85,,74687,,,0,45,,74688,,,0,85,,74689,,,0,85,,74690,,,0,85,,74691,,,0,23,,74708,,,0,22,,74693,,,0,63,,74707,,,0,22,,74694,,,0,23,,74706,,,0,62,,74695,,,0,85,,74692,,,0,45,,74696,,,0,85,,74697,,,0,85,,74698,,,0,85,,74699,,,0,44,,74700,,,0,85,,74701,,,0,85,,74702,,,0,85,,74679,,,0
12000,'1CCSDCUT-Weekday',521,,74709,,,0,85,,74710,,,0,23,,74735,,,0,22,,74713,,,0,63,,74736,,,0,22,,74712,,,0,23,,74737,,,0,62,,74714,,,0,85,,74715,,,0,45,,74716,,,0,85,,74717,,,0,85,,74718,,,0,85,,74719,,,0,45,,74720,,,0,85,,74721,,,0,85,,74722,,,0,85,,74723,,,0,23,,74740,,,0,22,,74725,,,0,63,,74739,,,0,22,,74726,,,0,23,,74738,,,0,62,,74727,,,0,85,,74724,,,0,45,,74728,,,0,85,,74729,,,0,85,,74730,,,0,85,,74731,,,0,44,,74732,,,0,85,,74733,,,0,85,,74734,,,0,85,,74711,,,0
12000,'1PUBCUT-Weekday',521,,74741,,,0,85,,74742,,,0,23,,74767,,,0,22,,74745,,,0,63,,74768,,,0,22,,74744,,,0,23,,74769,,,0,62,,74746,,,0,85,,74747,,,0,45,,74748,,,0,85,,74749,,,0,85,,74750,,,0,85,,74751,,,0,45,,74752,,,0,85,,74753,,,0,85,,74754,,,0,85,,74755,,,0,23,,74772,,,0,22,,74757,,,0,63,,74771,,,0,22,,74758,,,0,23,,74770,,,0,62,,74759,,,0,85,,74756,,,0,45,,74760,,,0,85,,74761,,,0,85,,74762,,,0,85,,74763,,,0,44,,74764,,,0,85,,74765,,,0,85,,74766,,,0,85,,74743,,,0
81301,'Weekday0000100',1458,,89206,0,12 13 1 142 143 144 145 146 147,0
81301,'Weekday1111000',1558,,89207,0,12 13 1 142 143 144 145 146 147,0
81301,'1PUBCUT-Weekday0000100',1458,,89208,0,12 13 1 142 143 144 145 146 147,0
81301,'1PUBCUT-Weekday1111000',1558,,89209,0,12 13 1 142 143 144 145 146 147,0
82000,'Weekday',817,,89246,0,12 13 1 199 145 119,0
82000,'1PUBCUT-Weekday',817,,89247,0,12 13 1 199 145 119,0
