2700,'Weekday',642,,53853,,,0,60,,53832,,,0,20,,53833,,,0,20,,53835,,,0,60,,53854,,,0,20,,53836,,,0,20,,53837,,,0,62,,53855,,,0,20,,53857,,,0,18,,53858,,,0,60,,53859,,,0,20,,53856,,,0,20,,53834,,,0,60,,53861,,,0,20,,53838,,,0,20,,53839,,,0,60,,53862,,,0,20,,53863,,,0,20,,53840,,,0,60,,53841,,,0,20,,53860,,,0,20,,53864,,,0,60,,53842,,,0,20,,53866,,,0,20,,53867,,,0,60,,53843,,,0,20,,53844,,,0,20,,53868,,,0,60,,53865,,,0,20,,53845,,,0,20,,53869,,,0,60,,53846,,,0,20,,53847,,,0,20,,53848,,,0,60,,53870,,,0,20,,53849,,,0,25,,53850,,,0,65,,53872,,,0,25,,53851,,,0,91,,53871,,,0,90,,53852,,,0
2700,'1CCSDCUT-Weekday',642,,53894,,,0,60,,53873,,,0,20,,53874,,,0,20,,53876,,,0,60,,53895,,,0,20,,53877,,,0,20,,53878,,,0,62,,53896,,,0,20,,53898,,,0,18,,53899,,,0,60,,53900,,,0,20,,53897,,,0,20,,53875,,,0,60,,53902,,,0,20,,53879,,,0,20,,53880,,,0,60,,53903,,,0,20,,53904,,,0,20,,53881,,,0,60,,53882,,,0,20,,53901,,,0,20,,53905,,,0,60,,53883,,,0,20,,53907,,,0,20,,53908,,,0,60,,53884,,,0,20,,53885,,,0,20,,53909,,,0,60,,53906,,,0,20,,53886,,,0,20,,53910,,,0,60,,53887,,,0,20,,53888,,,0,20,,53889,,,0,60,,53911,,,0,20,,53890,,,0,25,,53891,,,0,65,,53913,,,0,25,,53892,,,0,91,,53912,,,0,90,,53893,,,0
2700,'1PUBCUT-Weekday',642,,53935,,,0,60,,53914,,,0,20,,53915,,,0,20,,53917,,,0,60,,53936,,,0,20,,53918,,,0,20,,53919,,,0,62,,53937,,,0,20,,53939,,,0,18,,53940,,,0,60,,53941,,,0,20,,53938,,,0,20,,53916,,,0,60,,53943,,,0,20,,53920,,,0,20,,53921,,,0,60,,53944,,,0,20,,53945,,,0,20,,53922,,,0,60,,53923,,,0,20,,53942,,,0,20,,53946,,,0,60,,53924,,,0,20,,53948,,,0,20,,53949,,,0,60,,53925,,,0,20,,53926,,,0,20,,53950,,,0,60,,53947,,,0,20,,53927,,,0,20,,53951,,,0,60,,53928,,,0,20,,53929,,,0,20,,53930,,,0,60,,53952,,,0,20,,53931,,,0,25,,53932,,,0,65,,53954,,,0,25,,53933,,,0,91,,53953,,,0,90,,53934,,,0
3300,'Saturday',554,,54723,0,180 179,0,70,,54725,0,180 179,0,30,,54724,0,180 179,0,70,,54754,0,180 179,0,30,,54755,0,180 179,0,70,,54753,0,180 179,0,30,,54749,0,180 179,0,70,,54750,0,180 179,0,30,,54751,0,180 179,0,70,,54752,0,180 179,0,30,,54745,0,180 179,0,70,,54746,0,180 179,0,30,,54747,0,180 179,0,70,,54748,0,180 179,0,30,,54742,0,180 179,0,70,,54741,0,180 179,0,30,,54743,0,180 179,0,70,,54744,0,180 179,0,30,,54739,0,180 179,0,70,,54740,0,180 179,0,30,,54737,0,180 179,0,70,,54738,0,180 179,0,30,,54735,0,180 179,0,70,,54736,0,180 179,0,30,,54731,0,180 179,0,70,,54732,0,180 179,0,30,,54733,0,180 179,0,70,,54734,0,180 179,0,30,,54728,0,180 179,0,70,,54729,0,180 179,0,30,,54727,0,180 179,0,70,,54730,0,180 179,0,30,,54726,0,180 179,0
3300,'Sunday',954,,54773,0,180 179,0,70,,54772,0,180 179,0,30,,54771,0,180 179,0,70,,54770,0,180 179,0,30,,54769,0,180 179,0,70,,54766,0,180 179,0,30,,54767,0,180 179,0,70,,54768,0,180 179,0,30,,54765,0,180 179,0,70,,54764,0,180 179,0,30,,54763,0,180 179,0,70,,54760,0,180 179,0,30,,54762,0,180 179,0,70,,54761,0,180 179,0,30,,54758,0,180 179,0,70,,54759,0,180 179,0,30,,54757,0,180 179,0,70,,54756,0,180 179,0
3300,'Weekday',536,,54777,,,0,72,,54778,,,0,32,,54779,,,0,72,,54776,,,0,34,,54780,,,0,74,,54781,,,0,34,,54783,,,0,75,,54782,,,0,75,,54784,,,0,35,,54785,,,0,75,,54787,,,0,35,,54788,,,0,75,,54786,,,0,35,,54789,,,0,75,,54790,,,0,75,,54791,,,0,36,,54792,,,0,76,,54793,,,0,36,,54795,,,0,76,,54794,,,0,76,,54796,,,0,35,,54797,,,0,75,,54798,,,0,35,,54799,,,0,74,,54800,,,0,74,,54801,0,180 179,0,50,,54774,0,180 179,0,90,,54775,0,180 179,0
3300,'1CCSDCUT-Weekday',536,,54805,,,0,72,,54806,,,0,32,,54807,,,0,72,,54804,,,0,34,,54808,,,0,74,,54809,,,0,34,,54811,,,0,75,,54810,,,0,75,,54812,,,0,35,,54813,,,0,75,,54815,,,0,35,,54816,,,0,75,,54814,,,0,35,,54817,,,0,75,,54818,,,0,75,,54819,,,0,36,,54820,,,0,76,,54821,,,0,36,,54823,,,0,76,,54822,,,0,76,,54824,,,0,35,,54825,,,0,75,,54826,,,0,35,,54827,,,0,74,,54828,,,0,74,,54829,0,180 179,0,50,,54802,0,180 179,0,90,,54803,0,180 179,0
3300,'1PUBCUT-Weekday',536,,54833,,,0,72,,54834,,,0,32,,54835,,,0,72,,54832,,,0,34,,54836,,,0,74,,54837,,,0,34,,54839,,,0,75,,54838,,,0,75,,54840,,,0,35,,54841,,,0,75,,54843,,,0,35,,54844,,,0,75,,54842,,,0,35,,54845,,,0,75,,54846,,,0,75,,54847,,,0,36,,54848,,,0,76,,54849,,,0,36,,54851,,,0,76,,54850,,,0,76,,54852,,,0,35,,54853,,,0,75,,54854,,,0,35,,54855,,,0,74,,54856,,,0,74,,54857,0,180 179,0,50,,54830,0,180 179,0,90,,54831,0,180 179,0
12700,'Weekday',528,,76239,,,0,29,,76219,,,0,70,,76238,,,0,30,,76218,,,0,70,,76237,,,0,30,,76217,,,0,70,,76236,,,0,31,,76215,,,0,70,,76235,,,0,31,,76216,,,0,70,,76234,,,0,71,,76210,,,0,30,,76233,,,0,71,,76212,,,0,30,,76232,,,0,71,,76214,,,0,30,,76231,,,0,71,,76213,,,0,30,,76230,,,0,71,,76211,,,0,30,,76245,,,0,71,,76244,,,0,30,,76229,,,0,70,,76242,,,0,30,,76228,,,0,70,,76241,,,0,30,,76227,,,0
12700,'1CCSDCUT-Weekday',528,,76275,,,0,29,,76255,,,0,70,,76274,,,0,30,,76254,,,0,70,,76273,,,0,30,,76253,,,0,70,,76272,,,0,31,,76251,,,0,70,,76271,,,0,31,,76252,,,0,70,,76270,,,0,71,,76246,,,0,30,,76269,,,0,71,,76248,,,0,30,,76268,,,0,71,,76250,,,0,30,,76267,,,0,71,,76249,,,0,30,,76266,,,0,71,,76247,,,0,30,,76281,,,0,71,,76280,,,0,30,,76265,,,0,70,,76278,,,0,30,,76264,,,0,70,,76277,,,0,30,,76263,,,0
12700,'1PUBCUT-Weekday',528,,76311,,,0,29,,76291,,,0,70,,76310,,,0,30,,76290,,,0,70,,76309,,,0,30,,76289,,,0,70,,76308,,,0,31,,76287,,,0,70,,76307,,,0,31,,76288,,,0,70,,76306,,,0,71,,76282,,,0,30,,76305,,,0,71,,76284,,,0,30,,76304,,,0,71,,76286,,,0,30,,76303,,,0,71,,76285,,,0,30,,76302,,,0,71,,76283,,,0,30,,76317,,,0,71,,76316,,,0,30,,76301,,,0,70,,76314,,,0,30,,76300,,,0,70,,76313,,,0,30,,76299,,,0
