1201,'Saturday',736,,77231,7,,,0,70,,77235,7,,,0,30,,77251,7,,,0,70,,77236,7,,,0,30,,77249,7,,,0,70,,77234,7,,,0,30,,77232,7,,,0,70,,77233,7,,,0,30,,77250,7,,,0,70,,77238,7,,,0,30,,77242,7,,,0,70,,77257,7,,,0,30,,77237,7,,,0,70,,77243,7,,,0,30,,77253,7,,,0,70,,77240,7,,,0,30,,77239,7,,,0,70,,77258,7,,,0,30,,77241,7,,,0,70,,77245,7,,,0,30,,77254,7,,,0,70,,77246,7,,,0,30,,77259,7,,,0,70,,77252,7,,,0,30,,77260,7,,,0,70,,77247,7,,,0,30,,77261,7,,,0,70,,77244,7,,,0,30,,77262,7,,,0,70,,77256,7,,,0,30,,77263,7,,,0,70,,77248,7,,,0
1201,'Sunday',806,,77266,7,,,0,30,,77288,7,,,0,70,,77267,7,,,0,30,,77264,7,,,0,70,,77284,7,,,0,30,,77269,7,,,0,70,,77271,7,,,0,30,,77290,7,,,0,70,,77268,7,,,0,30,,77272,7,,,0,70,,77274,7,,,0,30,,77287,7,,,0,70,,77275,7,,,0,30,,77270,7,,,0,70,,77285,7,,,0,30,,77273,7,,,0,70,,77276,7,,,0,30,,77291,7,,,0,70,,77277,7,,,0,30,,77278,7,,,0,70,,77286,7,,,0,30,,77279,7,,,0,70,,77280,7,,,0,30,,77289,7,,,0,70,,77281,7,,,0,30,,77282,7,,,0,70,,77294,7,,,0,30,,77283,7,,,0,70,,77296,7,,,0,30,,77292,7,,,0,70,,77295,7,,,0
1201,'Weekday',534,,77299,7,,,0,66,,77302,7,,,0,30,,77300,7,,,0,70,,77301,7,,,0,30,,77304,7,,,0,70,,77305,7,,,0,30,,77306,7,,,0,70,,77307,7,,,0,30,,77309,7,,,0,70,,77310,7,,,0,30,,77308,7,,,0,70,,77312,7,,,0,30,,77313,7,,,0,70,,77311,7,,,0,30,,77314,7,,,0,72,,77315,7,,,0,28,,77316,7,,,0,70,,77317,7,,,0,30,,77318,7,,,0,75,,77319,7,,,0,28,,77320,7,,,0,70,,77322,7,,,0,30,,77323,7,,,0,70,,77324,7,,,0,30,,77321,7,,,0,70,,77325,7,,,0,35,,77326,7,,,0,70,,77327,7,,,0,30,,77328,7,,,0,70,,77329,7,,,0,30,,77330,7,,,0,70,,77331,7,,,0,30,,77332,7,,,0,70,,77333,7,,,0,30,,77334,7,,,0,70,,77335,7,,,0
1201,'STMPSa-Saturday',736,,77337,7,,,0,70,,77341,7,,,0,30,,77358,7,,,0,70,,77342,7,,,0,30,,77355,7,,,0,70,,77340,7,,,0,30,,77338,7,,,0,70,,77339,7,,,0,30,,77356,7,,,0,70,,77344,7,,,0,30,,77348,7,,,0,70,,77363,7,,,0,30,,77343,7,,,0,70,,77349,7,,,0,30,,77357,7,,,0,70,,77346,7,,,0,30,,77345,7,,,0,70,,77364,7,,,0,30,,77347,7,,,0,70,,77351,7,,,0,30,,77360,7,,,0,70,,77352,7,,,0,30,,77365,7,,,0,70,,77359,7,,,0,30,,77367,7,,,0,70,,77353,7,,,0,30,,77368,7,,,0,70,,77350,7,,,0,30,,77366,7,,,0,70,,77362,7,,,0,30,,77369,7,,,0,70,,77354,7,,,0
1201,'STMPSnea-Weekday',534,,77372,7,,,0,66,,77375,7,,,0,30,,77373,7,,,0,70,,77374,7,,,0,30,,77377,7,,,0,70,,77378,7,,,0,30,,77379,7,,,0,70,,77380,7,,,0,30,,77382,7,,,0,70,,77383,7,,,0,30,,77381,7,,,0,70,,77385,7,,,0,30,,77386,7,,,0,70,,77384,7,,,0,30,,77387,7,,,0,72,,77388,7,,,0,28,,77389,7,,,0,70,,77390,7,,,0,30,,77391,7,,,0,75,,77392,7,,,0,28,,77393,7,,,0,70,,77395,7,,,0,30,,77396,7,,,0,70,,77397,7,,,0,30,,77394,7,,,0,70,,77398,7,,,0,35,,77399,7,,,0,70,,77400,7,,,0,30,,77401,7,,,0,70,,77402,7,,,0,30,,77403,7,,,0,70,,77404,7,,,0,30,,77405,7,,,0,70,,77406,7,,,0,30,,77407,7,,,0,70,,77408,7,,,0
1201,'STMPSu1-Sunday',806,,77411,7,,,0,30,,77433,7,,,0,70,,77412,7,,,0,30,,77409,7,,,0,70,,77429,7,,,0,30,,77414,7,,,0,70,,77416,7,,,0,30,,77435,7,,,0,70,,77413,7,,,0,30,,77417,7,,,0,70,,77420,7,,,0,30,,77432,7,,,0,70,,77421,7,,,0,30,,77415,7,,,0,70,,77430,7,,,0,30,,77419,7,,,0,70,,77418,7,,,0,30,,77436,7,,,0,70,,77422,7,,,0,30,,77423,7,,,0,70,,77431,7,,,0,30,,77424,7,,,0,70,,77425,7,,,0,30,,77434,7,,,0,70,,77426,7,,,0,30,,77427,7,,,0,70,,77439,7,,,0,30,,77428,7,,,0,70,,77441,7,,,0,30,,77437,7,,,0,70,,77440,7,,,0
1201,'STMPSu2-Sunday',806,,77444,7,,,0,30,,77466,7,,,0,70,,77445,7,,,0,30,,77442,7,,,0,70,,77462,7,,,0,30,,77447,7,,,0,70,,77449,7,,,0,30,,77468,7,,,0,70,,77446,7,,,0,30,,77450,7,,,0,70,,77452,7,,,0,30,,77465,7,,,0,70,,77453,7,,,0,30,,77448,7,,,0,70,,77463,7,,,0,30,,77451,7,,,0,70,,77454,7,,,0,30,,77469,7,,,0,70,,77455,7,,,0,30,,77456,7,,,0,70,,77464,7,,,0,30,,77457,7,,,0,70,,77458,7,,,0,30,,77467,7,,,0,70,,77459,7,,,0,30,,77460,7,,,0,70,,77472,7,,,0,30,,77461,7,,,0,70,,77474,7,,,0,30,,77470,7,,,0,70,,77473,7,,,0
1201,'STMPWeek-Weekday',534,,77477,7,,,0,66,,77480,7,,,0,30,,77478,7,,,0,70,,77479,7,,,0,30,,77482,7,,,0,70,,77483,7,,,0,30,,77484,7,,,0,70,,77485,7,,,0,30,,77487,7,,,0,70,,77488,7,,,0,30,,77486,7,,,0,70,,77490,7,,,0,30,,77491,7,,,0,70,,77489,7,,,0,30,,77492,7,,,0,72,,77493,7,,,0,28,,77494,7,,,0,70,,77495,7,,,0,30,,77496,7,,,0,75,,77497,7,,,0,28,,77498,7,,,0,70,,77500,7,,,0,30,,77501,7,,,0,70,,77502,7,,,0,30,,77499,7,,,0,70,,77503,7,,,0,35,,77504,7,,,0,70,,77505,7,,,0,30,,77506,7,,,0,70,,77507,7,,,0,30,,77508,7,,,0,70,,77509,7,,,0,30,,77510,7,,,0,70,,77511,7,,,0,30,,77512,7,,,0,70,,77513,7,,,0
1201,'STMPar-Weekday',534,,77517,7,,,0,66,,77519,7,,,0,30,,77518,7,,,0,70,,77515,7,,,0,30,,77521,7,,,0,70,,77522,7,,,0,30,,77523,7,,,0,70,,77524,7,,,0,30,,77526,7,,,0,70,,77527,7,,,0,30,,77525,7,,,0,70,,77529,7,,,0,30,,77530,7,,,0,70,,77528,7,,,0,30,,77531,7,,,0,72,,77532,7,,,0,28,,77533,7,,,0,70,,77534,7,,,0,30,,77535,7,,,0,75,,77536,7,,,0,28,,77537,7,,,0,70,,77539,7,,,0,30,,77540,7,,,0,70,,77541,7,,,0,30,,77538,7,,,0,70,,77542,7,,,0,35,,77543,7,,,0,70,,77544,7,,,0,30,,77545,7,,,0,70,,77546,7,,,0,30,,77547,7,,,0,70,,77548,7,,,0,30,,77549,7,,,0,70,,77550,7,,,0,30,,77551,7,,,0,70,,77552,7,,,0
5200,'Saturday',613,,93946,26,,,0,45,,93945,26,,,0,85,,93949,26,,,0,85,,93947,26,,,0,85,,93950,26,,,0,45,,93951,26,,,0,85,,93953,26,,,0,85,,93954,26,,,0,85,,93955,26,,,0,45,,93952,26,,,0,92,,93957,26,,,0,85,,93959,26,,,0,85,,93956,26,,,0,85,,93961,26,,,0,44,,93958,26,,,0,86,,93960,26,,,0,80,,93963,26,,,0,90,,93964,26,,,0,42,,93965,26,,,0,88,,93962,26,,,0,85,,93966,26,,,0,85,,93948,26,,,0
5200,'Sunday',752,,93967,26,,,0,100,,93968,26,,,0,85,,93969,26,,,0,85,,93970,26,,,0,85,,93972,26,,,0,45,,93973,26,,,0,85,,93971,26,,,0,85,,93975,26,,,0,85,,93976,26,,,0,45,,93974,26,,,0,85,,93977,26,,,0,85,,93978,26,,,0,85,,93979,26,,,0,45,,93982,26,,,0,85,,93983,26,,,0,85,,93980,26,,,0,85,,93981,26,,,0,45,,93984,26,,,0,85,,93985,26,,,0
5200,'Weekday',543,,94008,23,,,0,85,,94006,26,,,0,85,,94004,26,,,0,45,,94007,26,,,0,85,,94003,26,,,0,85,,94005,26,,,0,85,,93999,26,,,0,45,,94000,26,,,0,85,,94001,26,,,0,85,,94002,26,,,0,85,,93994,26,,,0,45,,93998,26,,,0,85,,93996,26,,,0,84,,93997,26,,,0,84,,93992,26,,,0,45,,93995,26,,,0,85,,93991,26,,,0,84,,93993,26,,,0,87,,93989,26,,,0,44,,93990,26,,,0,85,,93988,26,,,0,85,,93986,26,,,0,86,,93987,26,,,0
5200,'STMPSa-Saturday',613,,94010,26,,,0,45,,94009,26,,,0,85,,94013,26,,,0,85,,94011,26,,,0,85,,94014,26,,,0,45,,94015,26,,,0,85,,94017,26,,,0,85,,94018,26,,,0,85,,94019,26,,,0,45,,94016,26,,,0,92,,94021,26,,,0,85,,94023,26,,,0,85,,94020,26,,,0,85,,94025,26,,,0,44,,94022,26,,,0,86,,94024,26,,,0,80,,94027,26,,,0,90,,94028,26,,,0,42,,94029,26,,,0,88,,94026,26,,,0,85,,94030,26,,,0,85,,94012,26,,,0
5200,'STMPSnea-Weekday',543,,94053,23,,,0,85,,94051,26,,,0,85,,94049,26,,,0,45,,94052,26,,,0,85,,94048,26,,,0,85,,94050,26,,,0,85,,94044,26,,,0,45,,94045,26,,,0,85,,94046,26,,,0,85,,94047,26,,,0,85,,94039,26,,,0,45,,94043,26,,,0,85,,94041,26,,,0,84,,94042,26,,,0,84,,94037,26,,,0,45,,94040,26,,,0,85,,94036,26,,,0,84,,94038,26,,,0,87,,94034,26,,,0,44,,94035,26,,,0,85,,94033,26,,,0,85,,94031,26,,,0,86,,94032,26,,,0
5200,'STMPSu1-Sunday',752,,94054,26,,,0,100,,94055,26,,,0,85,,94056,26,,,0,85,,94057,26,,,0,85,,94059,26,,,0,45,,94060,26,,,0,85,,94058,26,,,0,85,,94062,26,,,0,85,,94063,26,,,0,45,,94061,26,,,0,85,,94064,26,,,0,85,,94065,26,,,0,85,,94066,26,,,0,45,,94069,26,,,0,85,,94070,26,,,0,85,,94067,26,,,0,85,,94068,26,,,0,45,,94071,26,,,0,85,,94072,26,,,0
5200,'STMPSu2-Sunday',752,,94073,26,,,0,100,,94074,26,,,0,85,,94075,26,,,0,85,,94076,26,,,0,85,,94078,26,,,0,45,,94079,26,,,0,85,,94077,26,,,0,85,,94081,26,,,0,85,,94082,26,,,0,45,,94080,26,,,0,85,,94083,26,,,0,85,,94084,26,,,0,85,,94085,26,,,0,45,,94088,26,,,0,85,,94089,26,,,0,85,,94086,26,,,0,85,,94087,26,,,0,45,,94090,26,,,0,85,,94091,26,,,0
5200,'STMPWeek-Weekday',543,,94114,23,,,0,85,,94112,26,,,0,85,,94110,26,,,0,45,,94113,26,,,0,85,,94109,26,,,0,85,,94111,26,,,0,85,,94105,26,,,0,45,,94106,26,,,0,85,,94107,26,,,0,85,,94108,26,,,0,85,,94100,26,,,0,45,,94104,26,,,0,85,,94102,26,,,0,84,,94103,26,,,0,84,,94098,26,,,0,45,,94101,26,,,0,85,,94097,26,,,0,84,,94099,26,,,0,87,,94095,26,,,0,44,,94096,26,,,0,85,,94094,26,,,0,85,,94092,26,,,0,86,,94093,26,,,0
5200,'STMPar-Weekday',543,,94137,23,,,0,85,,94135,26,,,0,85,,94133,26,,,0,45,,94136,26,,,0,85,,94132,26,,,0,85,,94134,26,,,0,85,,94128,26,,,0,45,,94130,26,,,0,85,,94131,26,,,0,85,,94129,26,,,0,85,,94123,26,,,0,45,,94127,26,,,0,85,,94125,26,,,0,84,,94126,26,,,0,84,,94121,26,,,0,45,,94124,26,,,0,85,,94120,26,,,0,84,,94122,26,,,0,87,,94118,26,,,0,44,,94119,26,,,0,85,,94117,26,,,0,85,,94115,26,,,0,86,,94116,26,,,0
6301,'Weekday',607,,98815,7,,,0,35,,98814,7,,,0,75,,98816,7,,,0,35,,98818,7,,,0,75,,98817,7,,,0,680,,98821,7,,,0,35,,98819,7,,,0,75,,98822,7,,,0,35,,98823,7,,,0,75,,98824,7,,,0,75,,98820,7,,,0
6301,'STMPSnea-Weekday',607,,98826,7,,,0,35,,98825,7,,,0,75,,98827,7,,,0,35,,98829,7,,,0,75,,98828,7,,,0,680,,98832,7,,,0,35,,98830,7,,,0,75,,98833,7,,,0,35,,98834,7,,,0,75,,98835,7,,,0,75,,98831,7,,,0
6301,'STMPWeek-Weekday',607,,98837,7,,,0,35,,98836,7,,,0,75,,98838,7,,,0,35,,98840,7,,,0,75,,98839,7,,,0,680,,98843,7,,,0,35,,98841,7,,,0,75,,98844,7,,,0,35,,98845,7,,,0,75,,98846,7,,,0,75,,98842,7,,,0
6301,'STMPar-Weekday',607,,98848,7,,,0,35,,98847,7,,,0,75,,98849,7,,,0,35,,98851,7,,,0,75,,98850,7,,,0,680,,98854,7,,,0,35,,98852,7,,,0,75,,98855,7,,,0,35,,98856,7,,,0,75,,98857,7,,,0,75,,98853,7,,,0
