1700,'Saturday',618,,50558,,,0,85,,50560,,,0,45,,50562,,,0,85,,50563,,,0,85,,50564,,,0,85,,50559,,,0,45,,50561,,,0,85,,50565,,,0,85,,50566,,,0,85,,50568,,,0,45,,50569,,,0,85,,50570,,,0,85,,50567,,,0,85,,50573,,,0,45,,50574,,,0,85,,50571,,,0,85,,50572,0,43 44,0,85,,50575,0,43 44,0
1700,'Sunday',748,,50580,,,0,85,,50582,,,0,85,,50583,,,0,85,,50578,,,0,45,,50579,,,0,85,,50581,,,0,85,,50584,,,0,85,,50586,,,0,45,,50587,,,0,85,,50588,,,0,85,,50585,,,0,85,,50589,,,0,45,,50590,,,0,85,,50591,,,0,85,,50592,0,43 44,0,85,,50593,0,43 44,0
1700,'Weekday',547,,50622,,,0,72,,50598,,,0,32,,50610,,,0,72,,50620,,,0,32,,50599,,,0,72,,50611,,,0,32,,50623,,,0,72,,50600,,,0,72,,50612,,,0,32,,50624,,,0,72,,50602,,,0,32,,50613,,,0,72,,50625,,,0,32,,50601,,,0,72,,50614,,,0,32,,50626,,,0,72,,50603,,,0,32,,50615,,,0,72,,50627,,,0,32,,50604,,,0,72,,50616,,,0,32,,50628,,,0,72,,50605,,,0,72,,50617,,,0,32,,50629,,,0,72,,50606,,,0,32,,50618,,,0,72,,50631,,,0,32,,50607,,,0,72,,50619,,,0,32,,50630,,,0,72,,50608,,,0,32,,50621,,,0,72,,50597,,,0
1700,'1CCSDCUT-Weekday',547,,50658,,,0,72,,50634,,,0,32,,50646,,,0,72,,50656,,,0,32,,50635,,,0,72,,50647,,,0,32,,50659,,,0,72,,50636,,,0,72,,50648,,,0,32,,50660,,,0,72,,50638,,,0,32,,50649,,,0,72,,50661,,,0,32,,50637,,,0,72,,50650,,,0,32,,50662,,,0,72,,50639,,,0,32,,50651,,,0,72,,50663,,,0,32,,50640,,,0,72,,50652,,,0,32,,50664,,,0,72,,50641,,,0,72,,50653,,,0,32,,50665,,,0,72,,50642,,,0,32,,50654,,,0,72,,50667,,,0,32,,50643,,,0,72,,50655,,,0,32,,50666,,,0,72,,50644,,,0,32,,50657,,,0,72,,50633,,,0
1700,'1PUBCUT-Weekday',547,,50694,,,0,72,,50670,,,0,32,,50682,,,0,72,,50692,,,0,32,,50671,,,0,72,,50683,,,0,32,,50695,,,0,72,,50672,,,0,72,,50684,,,0,32,,50696,,,0,72,,50674,,,0,32,,50685,,,0,72,,50697,,,0,32,,50673,,,0,72,,50686,,,0,32,,50698,,,0,72,,50675,,,0,32,,50687,,,0,72,,50699,,,0,32,,50676,,,0,72,,50688,,,0,32,,50700,,,0,72,,50677,,,0,72,,50689,,,0,32,,50701,,,0,72,,50678,,,0,32,,50690,,,0,72,,50703,,,0,32,,50679,,,0,72,,50691,,,0,32,,50702,,,0,72,,50680,,,0,32,,50693,,,0,72,,50669,,,0
1701,'Saturday',618,,50705,4,,0,85,,50706,4,,0,45,,50707,4,,0,85,,50704,4,,0,85,,50708,4,,0,85,,50710,4,,0,45,,50713,4,,0,85,,50711,4,,0,85,,50712,4,,0,85,,50715,4,,0,45,,50716,4,,0,85,,50709,4,,0,85,,50717,4,,0,85,,50719,4,,0,45,,50720,4,,0,85,,50718,4,,0,85,,50714,4,,0,85,,50721,4,,0
1701,'Sunday',748,,50723,4,,0,85,,50724,4,,0,85,,50726,4,,0,85,,50722,4,,0,45,,50727,4,,0,85,,50725,4,,0,85,,50730,4,,0,85,,50729,4,,0,45,,50731,4,,0,85,,50728,4,,0,85,,50732,4,,0,85,,50733,4,,0,45,,50734,4,,0,85,,50735,4,,0,85,,50736,4,,0,85,,50737,4,,0
1701,'Weekday',613,,50739,4,,0,32,,50751,4,,0,73,,50761,4,,0,30,,50738,4,,0,78,,50750,4,,0,32,,50762,4,,0,71,,50740,4,,0,71,,50752,4,,0,32,,50763,4,,0,72,,50741,4,,0,32,,50753,4,,0,72,,50764,4,,0,32,,50742,4,,0,72,,50754,4,,0,32,,50765,4,,0,72,,50743,4,,0,32,,50755,4,,0,72,,50766,4,,0,34,,50746,4,,0,72,,50756,4,,0,32,,50767,4,,0,72,,50744,4,,0,72,,50757,4,,0,30,,50768,4,,0,72,,50745,4,,0,32,,50758,4,,0,73,,50769,4,,0,33,,50747,4,,0,72,,50759,4,,0,32,,50770,4,,0,72,,50748,4,,0,32,,50760,4,,0,72,,50771,4,,0,32,,50749,4,,0
1701,'1CCSDCUT-Weekday',613,,50773,4,,0,32,,50785,4,,0,73,,50795,4,,0,30,,50772,4,,0,78,,50784,4,,0,32,,50796,4,,0,71,,50774,4,,0,71,,50786,4,,0,32,,50797,4,,0,72,,50775,4,,0,32,,50787,4,,0,72,,50798,4,,0,32,,50776,4,,0,72,,50788,4,,0,32,,50799,4,,0,72,,50777,4,,0,32,,50789,4,,0,72,,50800,4,,0,34,,50780,4,,0,72,,50790,4,,0,32,,50801,4,,0,72,,50778,4,,0,72,,50791,4,,0,30,,50802,4,,0,72,,50779,4,,0,32,,50792,4,,0,73,,50803,4,,0,33,,50781,4,,0,72,,50793,4,,0,32,,50804,4,,0,72,,50782,4,,0,32,,50794,4,,0,72,,50805,4,,0,32,,50783,4,,0
1701,'1PUBCUT-Weekday',613,,50807,4,,0,32,,50819,4,,0,73,,50829,4,,0,30,,50806,4,,0,78,,50818,4,,0,32,,50830,4,,0,71,,50808,4,,0,71,,50820,4,,0,32,,50831,4,,0,72,,50809,4,,0,32,,50821,4,,0,72,,50832,4,,0,32,,50810,4,,0,72,,50822,4,,0,32,,50833,4,,0,72,,50811,4,,0,32,,50823,4,,0,72,,50834,4,,0,34,,50814,4,,0,72,,50824,4,,0,32,,50835,4,,0,72,,50812,4,,0,72,,50825,4,,0,30,,50836,4,,0,72,,50813,4,,0,32,,50826,4,,0,73,,50837,4,,0,33,,50815,4,,0,72,,50827,4,,0,32,,50838,4,,0,72,,50816,4,,0,32,,50828,4,,0,72,,50839,4,,0,32,,50817,4,,0
