12300,'Saturday',741,,74915,,,0,85,,74916,,,0,82,,74919,,,0,42,,74917,,,0,82,,74918,,,0,82,,74920,,,0,42,,74922,,,0,82,,74921,,,0,82,,74923,,,0,82,,74924,,,0,42,,74926,,,0,82,,74925,,,0,82,,74927,,,0,42,,74928,,,0,82,,74929,,,0,82,,74930,,,0,42,,74931,,,0,82,,74934,,,0,82,,74938,,,0,82,,74935,,,0,42,,74932,,,0,82,,74936,,,0,82,,74933,,,0,42,,74937,,,0
12300,'Sunday',741,,74939,,,0,85,,74940,,,0,82,,74943,,,0,42,,74941,,,0,82,,74942,,,0,82,,74944,,,0,42,,74946,,,0,82,,74945,,,0,82,,74947,,,0,82,,74948,,,0,42,,74950,,,0,82,,74949,,,0,82,,74951,,,0,42,,74952,,,0,82,,74953,,,0,82,,74954,,,0,42,,74955,,,0,82,,74958,,,0,82,,74962,,,0,82,,74959,,,0,42,,74956,,,0,82,,74960,,,0,82,,74957,,,0,42,,74961,,,0
12300,'Weekday',533,,74963,,,0,24,,74971,,,0,64,,74975,,,0,24,,74991,,,0,65,,74964,,,0,25,,74973,,,0,12,,75013,,,0,12,,74976,,,0,52,,75012,,,0,12,,74992,,,0,12,,75010,,,0,12,,74965,,,0,12,,75011,,,0,50,,74974,,,0,21,,74977,,,0,24,,74993,,,0,70,,74967,,,0,30,,74978,,,0,70,,74994,,,0,30,,74966,,,0,70,,74979,,,0,30,,74995,,,0,70,,74968,,,0,29,,74980,,,0,71,,74996,,,0,32,,74969,,,0,66,,74981,,,0,19,,74988,,,0,12,,75005,,,0,52,,74997,,,0,12,,75007,,,0,12,,74970,,,0,12,,75008,,,0,12,,74982,,,0,52,,75004,,,0,12,,74989,,,0,12,,75006,,,0,12,,74998,,,0,12,,75009,,,0,52,,74972,,,0,24,,74983,,,0,24,,74990,,,0,61,,74999,,,0,44,,74984,,,0,83,,75000,,,0,82,,74985,,,0,82,,75001,,,0,43,,74986,,,0,83,,75003,,,0,83,,74987,,,0,43,,75002,,,0
12300,'1CCSDCUT-Weekday',533,,75014,,,0,24,,75022,,,0,64,,75026,,,0,24,,75042,,,0,65,,75015,,,0,25,,75024,,,0,12,,75064,,,0,12,,75027,,,0,52,,75063,,,0,12,,75043,,,0,12,,75061,,,0,12,,75016,,,0,12,,75062,,,0,50,,75025,,,0,21,,75028,,,0,24,,75044,,,0,70,,75018,,,0,30,,75029,,,0,70,,75045,,,0,30,,75017,,,0,70,,75030,,,0,30,,75046,,,0,70,,75019,,,0,29,,75031,,,0,71,,75047,,,0,32,,75020,,,0,66,,75032,,,0,19,,75039,,,0,12,,75056,,,0,52,,75048,,,0,12,,75058,,,0,12,,75021,,,0,12,,75059,,,0,12,,75033,,,0,52,,75055,,,0,12,,75040,,,0,12,,75057,,,0,12,,75049,,,0,12,,75060,,,0,52,,75023,,,0,24,,75034,,,0,24,,75041,,,0,61,,75050,,,0,44,,75035,,,0,83,,75051,,,0,82,,75036,,,0,82,,75052,,,0,43,,75037,,,0,83,,75054,,,0,83,,75038,,,0,43,,75053,,,0
12300,'1PUBCUT-Weekday',533,,75065,,,0,24,,75073,,,0,64,,75077,,,0,24,,75093,,,0,65,,75066,,,0,25,,75075,,,0,12,,75115,,,0,12,,75078,,,0,52,,75114,,,0,12,,75094,,,0,12,,75112,,,0,12,,75067,,,0,12,,75113,,,0,50,,75076,,,0,21,,75079,,,0,24,,75095,,,0,70,,75069,,,0,30,,75080,,,0,70,,75096,,,0,30,,75068,,,0,70,,75081,,,0,30,,75097,,,0,70,,75070,,,0,29,,75082,,,0,71,,75098,,,0,32,,75071,,,0,66,,75083,,,0,19,,75090,,,0,12,,75107,,,0,52,,75099,,,0,12,,75109,,,0,12,,75072,,,0,12,,75110,,,0,12,,75084,,,0,52,,75106,,,0,12,,75091,,,0,12,,75108,,,0,12,,75100,,,0,12,,75111,,,0,52,,75074,,,0,24,,75085,,,0,24,,75092,,,0,61,,75101,,,0,44,,75086,,,0,83,,75102,,,0,82,,75087,,,0,82,,75103,,,0,43,,75088,,,0,83,,75105,,,0,83,,75089,,,0,43,,75104,,,0
12301,'Saturday',657,,75117,,,0,82,,75116,,,0,82,,75119,,,0,82,,75118,,,0,43,,75120,,,0,82,,75121,,,0,82,,75122,,,0,42,,75123,,,0,82,,75124,,,0,82,,75125,,,0,42,,75128,,,0,82,,75126,,,0,82,,75129,,,0,82,,75127,,,0,42,,75130,,,0,82,,75131,,,0,82,,75133,,,0,41,,75132,,,0,82,,75141,,,0,82,,75136,,,0,42,,75139,,,0,82,,75138,,,0,82,,75134,,,0,82,,75137,,,0,42,,75135,,,0,82,,75140,,,0
12301,'Sunday',657,,75142,,,0,82,,75143,,,0,82,,75144,,,0,82,,75145,,,0,43,,75146,,,0,82,,75147,,,0,82,,75148,,,0,42,,75149,,,0,82,,75150,,,0,82,,75151,,,0,42,,75154,,,0,82,,75152,,,0,82,,75155,,,0,82,,75153,,,0,42,,75156,,,0,82,,75157,,,0,82,,75159,,,0,41,,75158,,,0,82,,75166,,,0,82,,75162,,,0,42,,75167,,,0,82,,75164,,,0,82,,75160,,,0,82,,75163,,,0,42,,75161,,,0,82,,75165,,,0
12301,'Weekday',616,,75169,,,0,24,,75179,,,0,12,,75218,,,0,52,,75182,,,0,12,,75217,,,0,12,,75198,,,0,12,,75215,,,0,12,,75171,,,0,52,,75216,,,0,12,,75180,,,0,24,,75183,,,0,64,,75199,,,0,30,,75170,,,0,70,,75184,,,0,30,,75200,,,0,70,,75172,,,0,30,,75185,,,0,70,,75201,,,0,30,,75173,,,0,70,,75186,,,0,30,,75202,,,0,70,,75174,,,0,24,,75187,,,0,77,,75203,,,0,30,,75175,,,0,12,,75214,,,0,12,,75188,,,0,52,,75211,,,0,12,,75195,,,0,12,,75212,,,0,12,,75204,,,0,12,,75213,,,0,52,,75176,,,0,24,,75189,,,0,24,,75196,,,0,64,,75205,,,0,22,,75177,,,0,64,,75190,,,0,43,,75206,,,0,83,,75191,,,0,83,,75208,,,0,83,,75192,,,0,43,,75207,,,0,83,,75193,,,0,83,,75209,,,0,38,,75194,,,0,84,,75210,,,0
12301,'1CCSDCUT-Weekday',616,,75220,,,0,24,,75230,,,0,12,,75269,,,0,52,,75233,,,0,12,,75268,,,0,12,,75249,,,0,12,,75266,,,0,12,,75222,,,0,52,,75267,,,0,12,,75231,,,0,24,,75234,,,0,64,,75250,,,0,30,,75221,,,0,70,,75235,,,0,30,,75251,,,0,70,,75223,,,0,30,,75236,,,0,70,,75252,,,0,30,,75224,,,0,70,,75237,,,0,30,,75253,,,0,70,,75225,,,0,24,,75238,,,0,77,,75254,,,0,30,,75226,,,0,12,,75265,,,0,12,,75239,,,0,52,,75262,,,0,12,,75246,,,0,12,,75263,,,0,12,,75255,,,0,12,,75264,,,0,52,,75227,,,0,24,,75240,,,0,24,,75247,,,0,64,,75256,,,0,22,,75228,,,0,64,,75241,,,0,43,,75257,,,0,83,,75242,,,0,83,,75259,,,0,83,,75243,,,0,43,,75258,,,0,83,,75244,,,0,83,,75260,,,0,38,,75245,,,0,84,,75261,,,0
12301,'1PUBCUT-Weekday',616,,75271,,,0,24,,75281,,,0,12,,75320,,,0,52,,75284,,,0,12,,75319,,,0,12,,75300,,,0,12,,75317,,,0,12,,75273,,,0,52,,75318,,,0,12,,75282,,,0,24,,75285,,,0,64,,75301,,,0,30,,75272,,,0,70,,75286,,,0,30,,75302,,,0,70,,75274,,,0,30,,75287,,,0,70,,75303,,,0,30,,75275,,,0,70,,75288,,,0,30,,75304,,,0,70,,75276,,,0,24,,75289,,,0,77,,75305,,,0,30,,75277,,,0,12,,75316,,,0,12,,75290,,,0,52,,75313,,,0,12,,75297,,,0,12,,75314,,,0,12,,75306,,,0,12,,75315,,,0,52,,75278,,,0,24,,75291,,,0,24,,75298,,,0,64,,75307,,,0,22,,75279,,,0,64,,75292,,,0,43,,75308,,,0,83,,75293,,,0,83,,75310,,,0,83,,75294,,,0,43,,75309,,,0,83,,75295,,,0,83,,75311,,,0,38,,75296,,,0,84,,75312,,,0
