7700,'Saturday',633,,44857,14,,,0,85,,44858,14,,,0,85,,44859,14,,,0,45,,44861,14,,,0,85,,44862,14,,,0,85,,44863,14,,,0,85,,44860,14,,,0,45,,44864,14,,,0,85,,44865,14,,,0,85,,44866,14,,,0,85,,44868,14,,,0,45,,44869,14,,,0,85,,44870,14,,,0,85,,44867,14,,,0,85,,44871,14,,,0,45,,44873,14,,,0,85,,44876,14,,,0,85,,44877,14,,,0,85,,44872,14,,,0,45,,44874,14,,,0,85,,44875,14,,,0,85,,44878,14,,,0,92,,44879,14,,,0
7700,'Sunday',633,,44882,14,,,0,85,,44880,14,,,0,85,,44883,14,,,0,45,,44884,14,,,0,85,,44885,14,,,0,85,,44886,14,,,0,85,,44887,14,,,0,45,,44888,14,,,0,85,,44889,14,,,0,85,,44890,14,,,0,85,,44891,14,,,0,45,,44893,14,,,0,85,,44894,14,,,0,85,,44895,14,,,0,85,,44892,14,,,0,45,,44896,14,,,0,85,,44897,14,,,0,85,,44898,14,,,0,85,,44899,14,,,0,45,,44900,14,,,0,85,,44901,14,,,0,85,,44902,14,,,0,92,,44903,14,,,0
7700,'Weekday',601,,44932,14,,,0,30,,44914,14,,,0,71,,44904,14,,,0,30,,44924,14,,,0,70,,44933,14,,,0,30,,44915,14,,,0,70,,44905,14,,,0,30,,44923,14,,,0,70,,44935,14,,,0,30,,44916,14,,,0,70,,44906,14,,,0,30,,44925,14,,,0,70,,44934,14,,,0,30,,44917,14,,,0,70,,44907,14,,,0,30,,44926,14,,,0,70,,44937,14,,,0,30,,44919,14,,,0,70,,44908,14,,,0,31,,44928,14,,,0,70,,44936,14,,,0,31,,44918,14,,,0,70,,44910,14,,,0,30,,44927,14,,,0,70,,44938,14,,,0,29,,44920,14,,,0,69,,44909,14,,,0,30,,44929,14,,,0,70,,44939,14,,,0,31,,44921,14,,,0,70,,44912,14,,,0,30,,44930,14,,,0,70,,44940,14,,,0,29,,44922,14,,,0,70,,44911,14,,,0,30,,44931,14,,,0,70,,44941,14,,,0
7700,'1CCSDCUT-Weekday',601,,44970,14,,,0,30,,44952,14,,,0,71,,44942,14,,,0,30,,44962,14,,,0,70,,44971,14,,,0,30,,44953,14,,,0,70,,44943,14,,,0,30,,44961,14,,,0,70,,44973,14,,,0,30,,44954,14,,,0,70,,44944,14,,,0,30,,44963,14,,,0,70,,44972,14,,,0,30,,44955,14,,,0,70,,44945,14,,,0,30,,44964,14,,,0,70,,44975,14,,,0,30,,44957,14,,,0,70,,44946,14,,,0,31,,44966,14,,,0,70,,44974,14,,,0,31,,44956,14,,,0,70,,44948,14,,,0,30,,44965,14,,,0,70,,44976,14,,,0,29,,44958,14,,,0,69,,44947,14,,,0,30,,44967,14,,,0,70,,44977,14,,,0,31,,44959,14,,,0,70,,44950,14,,,0,30,,44968,14,,,0,70,,44978,14,,,0,29,,44960,14,,,0,70,,44949,14,,,0,30,,44969,14,,,0,70,,44979,14,,,0
7700,'1PUBCUT-Weekday',601,,45008,14,,,0,30,,44990,14,,,0,71,,44980,14,,,0,30,,45000,14,,,0,70,,45009,14,,,0,30,,44991,14,,,0,70,,44981,14,,,0,30,,44999,14,,,0,70,,45011,14,,,0,30,,44992,14,,,0,70,,44982,14,,,0,30,,45001,14,,,0,70,,45010,14,,,0,30,,44993,14,,,0,70,,44983,14,,,0,30,,45002,14,,,0,70,,45013,14,,,0,30,,44995,14,,,0,70,,44984,14,,,0,31,,45004,14,,,0,70,,45012,14,,,0,31,,44994,14,,,0,70,,44986,14,,,0,30,,45003,14,,,0,70,,45014,14,,,0,29,,44996,14,,,0,69,,44985,14,,,0,30,,45005,14,,,0,70,,45015,14,,,0,31,,44997,14,,,0,70,,44988,14,,,0,30,,45006,14,,,0,70,,45016,14,,,0,29,,44998,14,,,0,70,,44987,14,,,0,30,,45007,14,,,0,70,,45017,14,,,0
70600,'Weekday0000100',1323,,68381,9,0,130 184 64,0
70600,'Weekday1111000',1533,,68383,9,0,130 184 64,0
70600,'1CCSDCUT-Weekday0000100',1323,,68385,9,0,130 184 64,0
70600,'1CCSDCUT-Weekday1111000',1533,,68387,9,0,130 184 64,0
80901,'Weekday',828,,68890,22,,,0
80901,'1PUBCUT-Weekday',828,,68891,22,,,0
