5100,'Saturday',619,,59028,,,0,38,,59029,,,0,74,,59030,,,0,78,,59031,,,0,38,,59032,,,0,78,,59033,,,0,78,,59034,,,0,38,,59035,,,0,78,,59036,,,0,38,,59037,,,0,78,,59038,,,0,78,,59039,,,0,38,,59040,,,0,78,,59041,,,0,78,,59042,,,0,38,,59043,,,0,78,,59044,,,0,78,,59046,,,0,38,,59047,,,0,78,,59048,,,0,38,,59045,,,0,78,,59049,,,0,78,,59052,,,0,38,,59051,,,0,78,,59053,,,0,78,,59050,,,0
5100,'Sunday',619,,59054,0,113 31,0,38,,59067,0,113 31,0,74,,59055,0,113 31,0,78,,59068,0,113 31,0,38,,59056,0,113 31,0,78,,59069,0,113 31,0,78,,59057,0,113 31,0,38,,59071,0,113 31,0,78,,59058,0,113 31,0,38,,59070,0,113 31,0,78,,59059,0,113 31,0,78,,59073,0,113 31,0,38,,59060,0,113 31,0,78,,59072,0,113 31,0,78,,59061,0,113 31,0,38,,59074,0,113 31,0,78,,59062,0,113 31,0,78,,59075,0,113 31,0,38,,59063,0,113 31,0,78,,59076,0,113 31,0,38,,59064,0,113 31,0,78,,59077,0,113 31,0,78,,59065,0,113 31,0,38,,59078,0,113 31,0,78,,59066,0,113 31,0,78,,59079,0,113 31,0
5100,'Weekday',529,,59080,,,0,20,,59099,,,0,60,,59083,,,0,20,,59109,,,0,20,,59081,,,0,60,,59100,,,0,20,,59085,,,0,20,,59110,,,0,65,,59082,,,0,10,,59101,,,0,25,,59084,,,0,60,,59111,,,0,40,,59102,,,0,80,,59113,,,0,80,,59103,,,0,40,,59112,,,0,80,,59104,,,0,80,,59114,,,0,40,,59105,,,0,80,,59115,,,0,75,,59106,,,0,20,,59086,,,0,20,,59116,,,0,60,,59093,,,0,15,,59107,,,0,25,,59087,,,0,60,,59117,,,0,20,,59095,,,0,20,,59108,,,0,60,,59088,,,0,45,,59094,,,0,80,,59090,,,0,80,,59096,,,0,40,,59089,,,0,80,,59097,,,0,80,,59091,,,0,40,,59098,,,0,91,,59092,,,0
5100,'1CCSDCUT-Weekday',529,,59118,,,0,20,,59137,,,0,60,,59121,,,0,20,,59147,,,0,20,,59119,,,0,60,,59138,,,0,20,,59123,,,0,20,,59148,,,0,65,,59120,,,0,10,,59139,,,0,25,,59122,,,0,60,,59149,,,0,40,,59140,,,0,80,,59151,,,0,80,,59141,,,0,40,,59150,,,0,80,,59142,,,0,80,,59152,,,0,40,,59143,,,0,80,,59153,,,0,75,,59144,,,0,20,,59124,,,0,20,,59154,,,0,60,,59131,,,0,15,,59145,,,0,25,,59125,,,0,60,,59155,,,0,20,,59133,,,0,20,,59146,,,0,60,,59126,,,0,45,,59132,,,0,80,,59128,,,0,80,,59134,,,0,40,,59127,,,0,80,,59135,,,0,80,,59129,,,0,40,,59136,,,0,91,,59130,,,0
5100,'1PUBCUT-Weekday',529,,59156,,,0,20,,59175,,,0,60,,59159,,,0,20,,59185,,,0,20,,59157,,,0,60,,59176,,,0,20,,59161,,,0,20,,59186,,,0,65,,59158,,,0,10,,59177,,,0,25,,59160,,,0,60,,59187,,,0,40,,59178,,,0,80,,59189,,,0,80,,59179,,,0,40,,59188,,,0,80,,59180,,,0,80,,59190,,,0,40,,59181,,,0,80,,59191,,,0,75,,59182,,,0,20,,59162,,,0,20,,59192,,,0,60,,59169,,,0,15,,59183,,,0,25,,59163,,,0,60,,59193,,,0,20,,59171,,,0,20,,59184,,,0,60,,59164,,,0,45,,59170,,,0,80,,59166,,,0,80,,59172,,,0,40,,59165,,,0,80,,59173,,,0,80,,59167,,,0,40,,59174,,,0,91,,59168,,,0
73100,'Weekday0000100',1319,,88816,4,,0
73100,'Weekday1111000',1606,,88817,4,,0
73100,'1CCSDCUT-Weekday0000100',1319,,88818,4,,0
73100,'1CCSDCUT-Weekday1111000',1606,,88819,4,,0
73101,'Weekday',819,,88820,0,76 77 1 78 79,0
73101,'1CCSDCUT-Weekday',819,,88821,0,76 77 1 78 79,0
