11400,'Saturday',602,,118401,48,,,0,31,,118391,48,,,0,84,,118409,48,,,0,40,,118392,48,,,0,80,,118411,48,,,0,80,,118402,48,,,0,40,,118412,48,,,0,80,,118403,48,,,0,80,,118393,48,,,0,40,,118404,48,,,0,80,,118395,48,,,0,80,,118410,48,,,0,40,,118394,48,,,0,80,,118413,48,,,0,80,,118396,48,,,0,40,,118414,48,,,0,80,,118405,48,,,0,80,,118397,48,,,0,40,,118407,48,,,0,80,,118399,48,,,0,80,,118415,48,,,0,40,,118398,48,,,0,80,,118416,48,,,0,80,,118408,48,,,0,40,,118417,48,,,0,80,,118406,48,,,0,80,,118400,48,,,0,90,,118418,48,,,0
11400,'Sunday',602,,118432,48,,,0,31,,118419,48,,,0,84,,118433,48,,,0,40,,118420,48,,,0,80,,118434,48,,,0,80,,118421,48,,,0,40,,118435,48,,,0,80,,118422,48,,,0,80,,118436,48,,,0,40,,118423,48,,,0,80,,118437,48,,,0,80,,118424,48,,,0,40,,118438,48,,,0,80,,118425,48,,,0,80,,118439,48,,,0,40,,118426,48,,,0,80,,118440,48,,,0,80,,118427,48,,,0,40,,118441,48,,,0,80,,118428,48,,,0,80,,118442,48,,,0,40,,118429,48,,,0,80,,118443,48,,,0,80,,118430,48,,,0,40,,118444,48,,,0,80,,118431,48,,,0,80,,118446,48,,,0,90,,118445,48,,,0
11400,'Weekday',508,,118482,23,,,0,38,,118447,48,,,0,76,,118464,48,,,0,32,,118456,48,,,0,72,,118448,48,,,0,30,,118465,48,,,0,70,,118457,48,,,0,30,,118449,48,,,0,67,,118467,48,,,0,28,,118458,48,,,0,70,,118450,48,,,0,30,,118466,48,,,0,70,,118459,48,,,0,30,,118452,48,,,0,70,,118468,48,,,0,30,,118461,48,,,0,70,,118451,48,,,0,30,,118469,48,,,0,70,,118460,48,,,0,30,,118453,48,,,0,73,,118470,48,,,0,31,,118462,48,,,0,70,,118454,48,,,0,30,,118472,48,,,0,70,,118463,48,,,0,30,,118455,48,,,0,70,,118471,48,,,0,23,,118473,48,,,0,80,,118477,48,,,0,82,,118478,48,,,0,42,,118474,48,,,0,82,,118480,48,,,0,82,,118479,48,,,0,42,,118481,48,,,0,82,,118475,48,,,0,82,,118476,48,,,0
11400,'STMPSa-Saturday',602,,118494,48,,,0,31,,118483,48,,,0,84,,118501,48,,,0,40,,118484,48,,,0,80,,118503,48,,,0,80,,118492,48,,,0,40,,118504,48,,,0,80,,118495,48,,,0,80,,118485,48,,,0,40,,118496,48,,,0,80,,118487,48,,,0,80,,118502,48,,,0,40,,118486,48,,,0,80,,118505,48,,,0,80,,118488,48,,,0,40,,118506,48,,,0,80,,118497,48,,,0,80,,118489,48,,,0,40,,118499,48,,,0,80,,118491,48,,,0,80,,118507,48,,,0,40,,118490,48,,,0,80,,118508,48,,,0,80,,118500,48,,,0,40,,118509,48,,,0,80,,118498,48,,,0,80,,118493,48,,,0,90,,118510,48,,,0
11400,'STMPSnea-Weekday',508,,118546,23,,,0,38,,118511,48,,,0,76,,118528,48,,,0,32,,118520,48,,,0,72,,118512,48,,,0,30,,118529,48,,,0,70,,118521,48,,,0,30,,118513,48,,,0,67,,118531,48,,,0,28,,118522,48,,,0,70,,118514,48,,,0,30,,118530,48,,,0,70,,118523,48,,,0,30,,118516,48,,,0,70,,118532,48,,,0,30,,118525,48,,,0,70,,118515,48,,,0,30,,118533,48,,,0,70,,118524,48,,,0,30,,118517,48,,,0,73,,118534,48,,,0,31,,118526,48,,,0,70,,118518,48,,,0,30,,118536,48,,,0,70,,118527,48,,,0,30,,118519,48,,,0,70,,118535,48,,,0,23,,118537,48,,,0,80,,118541,48,,,0,82,,118542,48,,,0,42,,118538,48,,,0,82,,118544,48,,,0,82,,118543,48,,,0,42,,118545,48,,,0,82,,118539,48,,,0,82,,118540,48,,,0
11400,'STMPSu1-Sunday',602,,118560,48,,,0,31,,118547,48,,,0,84,,118561,48,,,0,40,,118548,48,,,0,80,,118562,48,,,0,80,,118549,48,,,0,40,,118563,48,,,0,80,,118550,48,,,0,80,,118564,48,,,0,40,,118551,48,,,0,80,,118565,48,,,0,80,,118552,48,,,0,40,,118566,48,,,0,80,,118553,48,,,0,80,,118567,48,,,0,40,,118554,48,,,0,80,,118568,48,,,0,80,,118555,48,,,0,40,,118569,48,,,0,80,,118556,48,,,0,80,,118570,48,,,0,40,,118557,48,,,0,80,,118571,48,,,0,80,,118558,48,,,0,40,,118572,48,,,0,80,,118559,48,,,0,80,,118574,48,,,0,90,,118573,48,,,0
11400,'STMPSu2-Sunday',602,,118588,48,,,0,31,,118575,48,,,0,84,,118589,48,,,0,40,,118576,48,,,0,80,,118590,48,,,0,80,,118577,48,,,0,40,,118591,48,,,0,80,,118578,48,,,0,80,,118592,48,,,0,40,,118579,48,,,0,80,,118593,48,,,0,80,,118580,48,,,0,40,,118594,48,,,0,80,,118581,48,,,0,80,,118595,48,,,0,40,,118582,48,,,0,80,,118596,48,,,0,80,,118583,48,,,0,40,,118597,48,,,0,80,,118584,48,,,0,80,,118598,48,,,0,40,,118585,48,,,0,80,,118599,48,,,0,80,,118586,48,,,0,40,,118600,48,,,0,80,,118587,48,,,0,80,,118602,48,,,0,90,,118601,48,,,0
11400,'STMPWeek-Weekday',508,,118638,23,,,0,38,,118603,48,,,0,76,,118620,48,,,0,32,,118612,48,,,0,72,,118604,48,,,0,30,,118621,48,,,0,70,,118613,48,,,0,30,,118605,48,,,0,67,,118623,48,,,0,28,,118614,48,,,0,70,,118606,48,,,0,30,,118622,48,,,0,70,,118615,48,,,0,30,,118608,48,,,0,70,,118624,48,,,0,30,,118617,48,,,0,70,,118607,48,,,0,30,,118625,48,,,0,70,,118616,48,,,0,30,,118609,48,,,0,73,,118626,48,,,0,31,,118618,48,,,0,70,,118610,48,,,0,30,,118628,48,,,0,70,,118619,48,,,0,30,,118611,48,,,0,70,,118627,48,,,0,23,,118629,48,,,0,80,,118633,48,,,0,82,,118634,48,,,0,42,,118630,48,,,0,82,,118636,48,,,0,82,,118635,48,,,0,42,,118637,48,,,0,82,,118631,48,,,0,82,,118632,48,,,0
11400,'STMPar-Weekday',508,,118674,23,,,0,38,,118639,48,,,0,76,,118656,48,,,0,32,,118648,48,,,0,72,,118640,48,,,0,30,,118657,48,,,0,70,,118649,48,,,0,30,,118641,48,,,0,67,,118659,48,,,0,28,,118650,48,,,0,70,,118642,48,,,0,30,,118658,48,,,0,70,,118651,48,,,0,30,,118644,48,,,0,70,,118660,48,,,0,30,,118653,48,,,0,70,,118643,48,,,0,30,,118661,48,,,0,70,,118652,48,,,0,30,,118645,48,,,0,73,,118662,48,,,0,31,,118654,48,,,0,70,,118646,48,,,0,30,,118664,48,,,0,70,,118655,48,,,0,30,,118647,48,,,0,70,,118663,48,,,0,23,,118665,48,,,0,80,,118669,48,,,0,82,,118670,48,,,0,42,,118666,48,,,0,82,,118672,48,,,0,82,,118671,48,,,0,42,,118673,48,,,0,82,,118667,48,,,0,82,,118668,48,,,0
11500,'Saturday',655,,118675,45,,,0,78,,118695,45,,,0,78,,118676,45,,,0,38,,118677,45,,,0,80,,118678,45,,,0,78,,118679,45,,,0,38,,118680,45,,,0,78,,118681,45,,,0,78,,118682,45,,,0,38,,118683,45,,,0,78,,118684,45,,,0,38,,118685,45,,,0,78,,118686,45,,,0,78,,118687,45,,,0,38,,118688,45,,,0,78,,118689,45,,,0,78,,118690,45,,,0,38,,118692,45,,,0,78,,118693,45,,,0,38,,118694,45,,,0,75,,118691,45,,,0,77,,118696,45,,,0,38,,118698,45,,,0,78,,118697,45,,,0,78,,118699,45,,,0,38,,118702,45,,,0,78,,118701,45,,,0,38,,118700,45,,,0
11500,'Sunday',655,,118703,45,,,0,78,,118704,45,,,0,78,,118705,45,,,0,38,,118706,45,,,0,80,,118707,45,,,0,78,,118708,45,,,0,38,,118709,45,,,0,78,,118710,45,,,0,78,,118711,45,,,0,38,,118712,45,,,0,78,,118713,45,,,0,38,,118714,45,,,0,78,,118715,45,,,0,78,,118716,45,,,0,38,,118717,45,,,0,78,,118718,45,,,0,78,,118719,45,,,0,38,,118721,45,,,0,78,,118722,45,,,0,38,,118723,45,,,0,75,,118720,45,,,0,77,,118724,45,,,0,38,,118726,45,,,0,78,,118725,45,,,0,78,,118727,45,,,0,38,,118730,45,,,0,78,,118729,45,,,0,38,,118728,45,,,0
11500,'Weekday',515,,118765,45,,,0,34,,118731,45,,,0,5,,118766,45,,,0,69,,118732,45,,,0,34,,118742,45,,,0,72,,118734,45,,,0,12,,118767,45,,,0,15,,118768,45,,,0,45,,118735,45,,,0,32,,118737,45,,,0,72,,118743,45,,,0,31,,118738,45,,,0,71,,118736,45,,,0,32,,118739,45,,,0,72,,118744,45,,,0,32,,118740,45,,,0,72,,118741,45,,,0,32,,118745,45,,,0,72,,118746,45,,,0,32,,118747,45,,,0,72,,118748,45,,,0,33,,118751,45,,,0,73,,118756,45,,,0,72,,118749,45,,,0,32,,118757,45,,,0,72,,118750,45,,,0,32,,118752,45,,,0,72,,118753,45,,,0,32,,118754,45,,,0,71,,118755,45,,,0,32,,118758,45,,,0,71,,118759,45,,,0,32,,118764,45,,,0,72,,118761,45,,,0,32,,118762,45,,,0,72,,118760,45,,,0,32,,118763,45,,,0,72,,118733,45,,,0
11500,'STMPSa-Saturday',655,,118769,45,,,0,78,,118789,45,,,0,78,,118770,45,,,0,38,,118771,45,,,0,80,,118772,45,,,0,78,,118773,45,,,0,38,,118774,45,,,0,78,,118775,45,,,0,78,,118776,45,,,0,38,,118777,45,,,0,78,,118778,45,,,0,38,,118779,45,,,0,78,,118780,45,,,0,78,,118781,45,,,0,38,,118782,45,,,0,78,,118783,45,,,0,78,,118784,45,,,0,38,,118786,45,,,0,78,,118787,45,,,0,38,,118788,45,,,0,75,,118785,45,,,0,77,,118790,45,,,0,38,,118792,45,,,0,78,,118791,45,,,0,78,,118793,45,,,0,38,,118796,45,,,0,78,,118795,45,,,0,38,,118794,45,,,0
11500,'STMPSnea-Weekday',515,,118831,45,,,0,34,,118797,45,,,0,5,,118832,45,,,0,69,,118798,45,,,0,34,,118808,45,,,0,72,,118800,45,,,0,12,,118833,45,,,0,15,,118834,45,,,0,45,,118801,45,,,0,32,,118803,45,,,0,72,,118809,45,,,0,31,,118804,45,,,0,71,,118802,45,,,0,32,,118805,45,,,0,72,,118810,45,,,0,32,,118806,45,,,0,72,,118807,45,,,0,32,,118811,45,,,0,72,,118812,45,,,0,32,,118813,45,,,0,72,,118814,45,,,0,33,,118817,45,,,0,73,,118822,45,,,0,72,,118815,45,,,0,32,,118823,45,,,0,72,,118816,45,,,0,32,,118818,45,,,0,72,,118819,45,,,0,32,,118820,45,,,0,71,,118821,45,,,0,32,,118824,45,,,0,71,,118825,45,,,0,32,,118830,45,,,0,72,,118827,45,,,0,32,,118828,45,,,0,72,,118826,45,,,0,32,,118829,45,,,0,72,,118799,45,,,0
11500,'STMPSu1-Sunday',655,,118835,45,,,0,78,,118836,45,,,0,78,,118837,45,,,0,38,,118838,45,,,0,80,,118839,45,,,0,78,,118840,45,,,0,38,,118841,45,,,0,78,,118842,45,,,0,78,,118843,45,,,0,38,,118844,45,,,0,78,,118845,45,,,0,38,,118846,45,,,0,78,,118847,45,,,0,78,,118848,45,,,0,38,,118849,45,,,0,78,,118850,45,,,0,78,,118851,45,,,0,38,,118853,45,,,0,78,,118854,45,,,0,38,,118855,45,,,0,75,,118852,45,,,0,77,,118856,45,,,0,38,,118858,45,,,0,78,,118857,45,,,0,78,,118859,45,,,0,38,,118862,45,,,0,78,,118861,45,,,0,38,,118860,45,,,0
11500,'STMPSu2-Sunday',655,,118863,45,,,0,78,,118864,45,,,0,78,,118865,45,,,0,38,,118866,45,,,0,80,,118867,45,,,0,78,,118868,45,,,0,38,,118869,45,,,0,78,,118870,45,,,0,78,,118871,45,,,0,38,,118872,45,,,0,78,,118873,45,,,0,38,,118874,45,,,0,78,,118875,45,,,0,78,,118876,45,,,0,38,,118877,45,,,0,78,,118878,45,,,0,78,,118879,45,,,0,38,,118881,45,,,0,78,,118882,45,,,0,38,,118883,45,,,0,75,,118880,45,,,0,77,,118884,45,,,0,38,,118886,45,,,0,78,,118885,45,,,0,78,,118887,45,,,0,38,,118890,45,,,0,78,,118889,45,,,0,38,,118888,45,,,0
11500,'STMPWeek-Weekday',515,,118925,45,,,0,34,,118891,45,,,0,5,,118926,45,,,0,69,,118892,45,,,0,34,,118902,45,,,0,72,,118894,45,,,0,12,,118927,45,,,0,15,,118928,45,,,0,45,,118895,45,,,0,32,,118897,45,,,0,72,,118903,45,,,0,31,,118898,45,,,0,71,,118896,45,,,0,32,,118899,45,,,0,72,,118904,45,,,0,32,,118900,45,,,0,72,,118901,45,,,0,32,,118905,45,,,0,72,,118906,45,,,0,32,,118907,45,,,0,72,,118908,45,,,0,33,,118911,45,,,0,73,,118916,45,,,0,72,,118909,45,,,0,32,,118917,45,,,0,72,,118910,45,,,0,32,,118912,45,,,0,72,,118913,45,,,0,32,,118914,45,,,0,71,,118915,45,,,0,32,,118918,45,,,0,71,,118919,45,,,0,32,,118924,45,,,0,72,,118921,45,,,0,32,,118922,45,,,0,72,,118920,45,,,0,32,,118923,45,,,0,72,,118893,45,,,0
11500,'STMPar-Weekday',515,,118963,45,,,0,34,,118929,45,,,0,5,,118964,45,,,0,69,,118930,45,,,0,34,,118940,45,,,0,72,,118932,45,,,0,12,,118965,45,,,0,15,,118966,45,,,0,45,,118933,45,,,0,32,,118935,45,,,0,72,,118941,45,,,0,31,,118936,45,,,0,71,,118934,45,,,0,32,,118937,45,,,0,72,,118942,45,,,0,32,,118938,45,,,0,72,,118939,45,,,0,32,,118943,45,,,0,72,,118944,45,,,0,32,,118945,45,,,0,72,,118946,45,,,0,33,,118949,45,,,0,73,,118954,45,,,0,72,,118947,45,,,0,32,,118955,45,,,0,72,,118948,45,,,0,32,,118950,45,,,0,72,,118951,45,,,0,32,,118952,45,,,0,71,,118953,45,,,0,32,,118956,45,,,0,71,,118957,45,,,0,32,,118962,45,,,0,72,,118959,45,,,0,32,,118960,45,,,0,72,,118958,45,,,0,32,,118961,45,,,0,72,,118931,45,,,0
12400,'Saturday',725,,120924,23,,,0,25,,120943,23,,,0,65,,120923,23,,,0,25,,120944,23,,,0,65,,120925,23,,,0,25,,120946,23,,,0,25,,120926,23,,,0,65,,120945,23,,,0,25,,120927,23,,,0,65,,120948,23,,,0,25,,120928,23,,,0,65,,120947,23,,,0,25,,120929,23,,,0,25,,120949,23,,,0,65,,120930,23,,,0,25,,120950,23,,,0,65,,120931,23,,,0,25,,120951,23,,,0,25,,120932,23,,,0,65,,120953,23,,,0,25,,120933,23,,,0,65,,120952,23,,,0,25,,120935,23,,,0,65,,120954,23,,,0,25,,120934,23,,,0,25,,120955,23,,,0,65,,120936,23,,,0,25,,120956,23,,,0,64,,120937,23,,,0,25,,120957,23,,,0,25,,120938,23,,,0,65,,120958,23,,,0,25,,120939,23,,,0,65,,120959,23,,,0,25,,120940,23,,,0,25,,120960,23,,,0,65,,120941,23,,,0,25,,120961,23,,,0,65,,120942,23,,,0,25,,120962,23,,,0
12400,'Sunday',725,,120964,23,,,0,25,,120983,23,,,0,65,,120963,23,,,0,25,,120985,23,,,0,65,,120965,23,,,0,25,,120984,23,,,0,25,,120966,23,,,0,65,,120986,23,,,0,25,,120967,23,,,0,65,,120987,23,,,0,25,,120968,23,,,0,65,,120988,23,,,0,25,,120970,23,,,0,25,,120989,23,,,0,65,,120969,23,,,0,25,,120990,23,,,0,65,,120971,23,,,0,25,,120991,23,,,0,25,,120972,23,,,0,65,,120992,23,,,0,25,,120973,23,,,0,65,,120993,23,,,0,25,,120974,23,,,0,65,,120994,23,,,0,25,,120975,23,,,0,25,,120995,23,,,0,65,,120976,23,,,0,25,,120996,23,,,0,64,,120977,23,,,0,25,,120997,23,,,0,25,,120979,23,,,0,65,,120998,23,,,0,25,,120978,23,,,0,65,,120999,23,,,0,25,,120980,23,,,0,25,,121000,23,,,0,65,,120981,23,,,0,25,,121001,23,,,0,65,,120982,23,,,0,25,,121002,23,,,0
12400,'Weekday',609,,121008,23,,,0,12,,121012,23,,,0,12,,121034,23,,,0,12,,121036,23,,,0,12,,121039,23,,,0,52,,121009,23,,,0,13,,121013,23,,,0,12,,121033,23,,,0,12,,121037,23,,,0,12,,121040,23,,,0,53,,121010,23,,,0,12,,121014,23,,,0,11,,121035,23,,,0,11,,121038,23,,,0,10,,121041,23,,,0,52,,121011,23,,,0,12,,121015,23,,,0,25,,121042,23,,,0,68,,121016,23,,,0,26,,121043,23,,,0,68,,121017,23,,,0,28,,121044,23,,,0,68,,121018,23,,,0,28,,121045,23,,,0,28,,121019,23,,,0,68,,121046,23,,,0,28,,121020,23,,,0,68,,121047,23,,,0,29,,121021,23,,,0,54,,121003,23,,,0,15,,121048,23,,,0,13,,121060,23,,,0,12,,121065,23,,,0,12,,121022,23,,,0,52,,121004,23,,,0,11,,121049,23,,,0,12,,121061,23,,,0,12,,121064,23,,,0,12,,121023,23,,,0,52,,121005,23,,,0,12,,121050,23,,,0,12,,121062,23,,,0,12,,121066,23,,,0,12,,121024,23,,,0,52,,121006,23,,,0,14,,121051,23,,,0,10,,121063,23,,,0,10,,121067,23,,,0,12,,121025,23,,,0,52,,121007,23,,,0,11,,121052,23,,,0,28,,121026,23,,,0,68,,121053,23,,,0,28,,121027,23,,,0,68,,121054,23,,,0,27,,121029,23,,,0,67,,121055,23,,,0,28,,121028,23,,,0,28,,121056,23,,,0,68,,121030,23,,,0,28,,121057,23,,,0,68,,121031,23,,,0,28,,121058,23,,,0,68,,121032,23,,,0,28,,121059,23,,,0
12400,'STMPSa-Saturday',725,,121068,23,,,0,25,,121088,23,,,0,65,,121069,23,,,0,25,,121089,23,,,0,65,,121070,23,,,0,25,,121091,23,,,0,25,,121071,23,,,0,65,,121090,23,,,0,25,,121072,23,,,0,65,,121093,23,,,0,25,,121073,23,,,0,65,,121092,23,,,0,25,,121074,23,,,0,25,,121094,23,,,0,65,,121075,23,,,0,25,,121095,23,,,0,65,,121076,23,,,0,25,,121096,23,,,0,25,,121077,23,,,0,65,,121098,23,,,0,25,,121078,23,,,0,65,,121097,23,,,0,25,,121080,23,,,0,65,,121099,23,,,0,25,,121079,23,,,0,25,,121100,23,,,0,65,,121081,23,,,0,25,,121101,23,,,0,64,,121082,23,,,0,25,,121102,23,,,0,25,,121083,23,,,0,65,,121103,23,,,0,25,,121084,23,,,0,65,,121104,23,,,0,25,,121085,23,,,0,25,,121105,23,,,0,65,,121086,23,,,0,25,,121106,23,,,0,65,,121087,23,,,0,25,,121107,23,,,0
12400,'STMPSnea-Weekday',609,,121113,23,,,0,12,,121117,23,,,0,12,,121139,23,,,0,12,,121141,23,,,0,12,,121144,23,,,0,52,,121114,23,,,0,13,,121118,23,,,0,12,,121138,23,,,0,12,,121142,23,,,0,12,,121145,23,,,0,53,,121115,23,,,0,12,,121119,23,,,0,11,,121140,23,,,0,11,,121143,23,,,0,10,,121146,23,,,0,52,,121116,23,,,0,12,,121120,23,,,0,25,,121147,23,,,0,68,,121121,23,,,0,26,,121148,23,,,0,68,,121122,23,,,0,28,,121149,23,,,0,68,,121123,23,,,0,28,,121150,23,,,0,28,,121124,23,,,0,68,,121151,23,,,0,28,,121125,23,,,0,68,,121152,23,,,0,29,,121126,23,,,0,54,,121108,23,,,0,15,,121153,23,,,0,13,,121165,23,,,0,12,,121170,23,,,0,12,,121127,23,,,0,52,,121109,23,,,0,11,,121154,23,,,0,12,,121166,23,,,0,12,,121169,23,,,0,12,,121128,23,,,0,52,,121110,23,,,0,12,,121155,23,,,0,12,,121167,23,,,0,12,,121171,23,,,0,12,,121129,23,,,0,52,,121111,23,,,0,14,,121156,23,,,0,10,,121168,23,,,0,10,,121172,23,,,0,12,,121130,23,,,0,52,,121112,23,,,0,11,,121157,23,,,0,28,,121131,23,,,0,68,,121158,23,,,0,28,,121132,23,,,0,68,,121159,23,,,0,27,,121134,23,,,0,67,,121160,23,,,0,28,,121133,23,,,0,28,,121161,23,,,0,68,,121135,23,,,0,28,,121162,23,,,0,68,,121136,23,,,0,28,,121163,23,,,0,68,,121137,23,,,0,28,,121164,23,,,0
12400,'STMPSu1-Sunday',725,,121174,23,,,0,25,,121193,23,,,0,65,,121173,23,,,0,25,,121195,23,,,0,65,,121175,23,,,0,25,,121194,23,,,0,25,,121176,23,,,0,65,,121196,23,,,0,25,,121177,23,,,0,65,,121197,23,,,0,25,,121178,23,,,0,65,,121198,23,,,0,25,,121180,23,,,0,25,,121199,23,,,0,65,,121179,23,,,0,25,,121200,23,,,0,65,,121181,23,,,0,25,,121201,23,,,0,25,,121182,23,,,0,65,,121202,23,,,0,25,,121183,23,,,0,65,,121203,23,,,0,25,,121184,23,,,0,65,,121204,23,,,0,25,,121185,23,,,0,25,,121205,23,,,0,65,,121186,23,,,0,25,,121206,23,,,0,64,,121187,23,,,0,25,,121207,23,,,0,25,,121189,23,,,0,65,,121208,23,,,0,25,,121188,23,,,0,65,,121209,23,,,0,25,,121190,23,,,0,25,,121210,23,,,0,65,,121191,23,,,0,25,,121211,23,,,0,65,,121192,23,,,0,25,,121212,23,,,0
12400,'STMPSu2-Sunday',725,,121214,23,,,0,25,,121233,23,,,0,65,,121213,23,,,0,25,,121235,23,,,0,65,,121215,23,,,0,25,,121234,23,,,0,25,,121216,23,,,0,65,,121236,23,,,0,25,,121217,23,,,0,65,,121237,23,,,0,25,,121218,23,,,0,65,,121238,23,,,0,25,,121220,23,,,0,25,,121239,23,,,0,65,,121219,23,,,0,25,,121240,23,,,0,65,,121221,23,,,0,25,,121241,23,,,0,25,,121222,23,,,0,65,,121242,23,,,0,25,,121223,23,,,0,65,,121243,23,,,0,25,,121224,23,,,0,65,,121244,23,,,0,25,,121225,23,,,0,25,,121245,23,,,0,65,,121226,23,,,0,25,,121246,23,,,0,64,,121227,23,,,0,25,,121247,23,,,0,25,,121229,23,,,0,65,,121248,23,,,0,25,,121228,23,,,0,65,,121249,23,,,0,25,,121230,23,,,0,25,,121250,23,,,0,65,,121231,23,,,0,25,,121251,23,,,0,65,,121232,23,,,0,25,,121252,23,,,0
12400,'STMPWeek-Weekday',609,,121258,23,,,0,12,,121262,23,,,0,12,,121284,23,,,0,12,,121286,23,,,0,12,,121289,23,,,0,52,,121259,23,,,0,13,,121263,23,,,0,12,,121283,23,,,0,12,,121287,23,,,0,12,,121290,23,,,0,53,,121260,23,,,0,12,,121264,23,,,0,11,,121285,23,,,0,11,,121288,23,,,0,10,,121291,23,,,0,52,,121261,23,,,0,12,,121265,23,,,0,25,,121292,23,,,0,68,,121266,23,,,0,26,,121293,23,,,0,68,,121267,23,,,0,28,,121294,23,,,0,68,,121268,23,,,0,28,,121295,23,,,0,28,,121269,23,,,0,68,,121296,23,,,0,28,,121270,23,,,0,68,,121297,23,,,0,29,,121271,23,,,0,54,,121253,23,,,0,15,,121298,23,,,0,13,,121310,23,,,0,12,,121315,23,,,0,12,,121272,23,,,0,52,,121254,23,,,0,11,,121299,23,,,0,12,,121311,23,,,0,12,,121314,23,,,0,12,,121273,23,,,0,52,,121255,23,,,0,12,,121300,23,,,0,12,,121312,23,,,0,12,,121316,23,,,0,12,,121274,23,,,0,52,,121256,23,,,0,14,,121301,23,,,0,10,,121313,23,,,0,10,,121317,23,,,0,12,,121275,23,,,0,52,,121257,23,,,0,11,,121302,23,,,0,28,,121276,23,,,0,68,,121303,23,,,0,28,,121277,23,,,0,68,,121304,23,,,0,27,,121279,23,,,0,67,,121305,23,,,0,28,,121278,23,,,0,28,,121306,23,,,0,68,,121280,23,,,0,28,,121307,23,,,0,68,,121281,23,,,0,28,,121308,23,,,0,68,,121282,23,,,0,28,,121309,23,,,0
12400,'STMPar-Weekday',609,,121323,23,,,0,12,,121327,23,,,0,12,,121349,23,,,0,12,,121351,23,,,0,12,,121355,23,,,0,52,,121324,23,,,0,13,,121328,23,,,0,12,,121348,23,,,0,12,,121352,23,,,0,12,,121354,23,,,0,53,,121325,23,,,0,12,,121329,23,,,0,11,,121350,23,,,0,11,,121353,23,,,0,10,,121356,23,,,0,52,,121326,23,,,0,12,,121330,23,,,0,25,,121357,23,,,0,68,,121331,23,,,0,26,,121358,23,,,0,68,,121332,23,,,0,28,,121359,23,,,0,68,,121333,23,,,0,28,,121360,23,,,0,28,,121334,23,,,0,68,,121361,23,,,0,28,,121335,23,,,0,68,,121362,23,,,0,29,,121336,23,,,0,54,,121319,23,,,0,15,,121363,23,,,0,13,,121375,23,,,0,12,,121380,23,,,0,12,,121337,23,,,0,52,,121318,23,,,0,11,,121364,23,,,0,12,,121376,23,,,0,12,,121379,23,,,0,12,,121338,23,,,0,52,,121320,23,,,0,12,,121365,23,,,0,12,,121377,23,,,0,12,,121381,23,,,0,12,,121339,23,,,0,52,,121321,23,,,0,14,,121366,23,,,0,10,,121378,23,,,0,10,,121382,23,,,0,12,,121340,23,,,0,52,,121322,23,,,0,11,,121367,23,,,0,28,,121341,23,,,0,68,,121368,23,,,0,28,,121342,23,,,0,68,,121369,23,,,0,27,,121344,23,,,0,67,,121370,23,,,0,28,,121343,23,,,0,28,,121371,23,,,0,68,,121345,23,,,0,28,,121372,23,,,0,68,,121346,23,,,0,28,,121373,23,,,0,68,,121347,23,,,0,28,,121374,23,,,0
14200,'Weekday',1659,,126065,33,,,0,65,,126067,33,,,0,35,,126066,33,,,0
14200,'STMPSnea-Weekday',1659,,126068,33,,,0,65,,126070,33,,,0,35,,126069,33,,,0
14200,'STMPWeek-Weekday',1659,,126071,33,,,0,65,,126073,33,,,0,35,,126072,33,,,0
14200,'STMPar-Weekday',1659,,126074,33,,,0,65,,126076,33,,,0,35,,126075,33,,,0
14201,'Weekday',616,,126077,14,,,0,26,,126078,14,,,0,66,,126079,14,,,0
14201,'STMPSnea-Weekday',616,,126080,14,,,0,26,,126081,14,,,0,66,,126082,14,,,0
14201,'STMPWeek-Weekday',616,,126083,14,,,0,26,,126084,14,,,0,66,,126085,14,,,0
14201,'STMPar-Weekday',616,,126086,14,,,0,26,,126087,14,,,0,66,,126088,14,,,0
