13801,'Saturday',558,,58000,4,,,0,74,,57975,4,,,0,80,,57974,4,,,0,40,,57976,4,,,0,80,,57979,4,,,0,80,,57980,4,,,0,40,,57981,4,,,0,80,,57978,4,,,0,80,,57982,4,,,0,40,,57977,4,,,0,80,,57984,4,,,0,80,,57985,4,,,0,40,,57986,4,,,0,80,,57983,4,,,0,80,,57987,4,,,0,40,,57988,4,,,0,80,,57989,4,,,0,80,,57990,4,,,0,40,,57991,4,,,0,80,,57992,4,,,0,80,,57993,4,,,0,40,,57994,4,,,0,80,,57995,4,,,0,80,,57997,4,,,0,40,,57996,4,,,0,80,,57999,4,,,0,80,,57998,4,,,0,40,,58001,4,,,0
13801,'Sunday',558,,58002,4,,,0,74,,58011,4,,,0,80,,58021,4,,,0,40,,58003,4,,,0,80,,58012,4,,,0,80,,58022,4,,,0,40,,58004,4,,,0,80,,58013,4,,,0,80,,58023,4,,,0,40,,58005,4,,,0,80,,58014,4,,,0,80,,58024,4,,,0,40,,58006,4,,,0,80,,58015,4,,,0,80,,58025,4,,,0,40,,58007,4,,,0,80,,58016,4,,,0,80,,58026,4,,,0,40,,58008,4,,,0,80,,58017,4,,,0,80,,58027,4,,,0,40,,58009,4,,,0,80,,58018,4,,,0,80,,58028,4,,,0,40,,58010,4,,,0,80,,58019,4,,,0,80,,58020,4,,,0
13801,'Weekday',448,,58045,4,,,0,70,,58053,4,,,0,30,,58029,4,,,0,69,,58035,4,,,0,30,,58046,4,,,0,70,,58054,4,,,0,16,,58067,4,,,0,15,,58030,4,,,0,70,,58036,4,,,0,30,,58047,4,,,0,70,,58055,4,,,0,32,,58031,4,,,0,70,,58037,4,,,0,30,,58048,4,,,0,70,,58056,4,,,0,30,,58032,4,,,0,70,,58038,4,,,0,30,,58049,4,,,0,70,,58057,4,,,0,30,,58033,4,,,0,70,,58039,4,,,0,30,,58050,4,,,0,71,,58058,4,,,0,32,,58034,4,,,0,70,,58040,4,,,0,30,,58051,4,,,0,72,,58059,4,,,0,27,,58041,4,,,0,69,,58052,4,,,0,29,,58062,4,,,0,70,,58042,4,,,0,30,,58065,4,,,0,70,,58060,4,,,0,30,,58063,4,,,0,70,,58043,4,,,0,30,,58066,4,,,0,70,,58061,4,,,0,30,,58064,4,,,0,70,,58044,4,,,0,30,,58068,4,,,0
13801,'1CCSDCUT-Weekday',448,,58085,4,,,0,70,,58093,4,,,0,30,,58069,4,,,0,69,,58075,4,,,0,30,,58086,4,,,0,70,,58094,4,,,0,16,,58107,4,,,0,15,,58070,4,,,0,70,,58076,4,,,0,30,,58087,4,,,0,70,,58095,4,,,0,32,,58071,4,,,0,70,,58077,4,,,0,30,,58088,4,,,0,70,,58096,4,,,0,30,,58072,4,,,0,70,,58078,4,,,0,30,,58089,4,,,0,70,,58097,4,,,0,30,,58073,4,,,0,70,,58079,4,,,0,30,,58090,4,,,0,71,,58098,4,,,0,32,,58074,4,,,0,70,,58080,4,,,0,30,,58091,4,,,0,72,,58099,4,,,0,27,,58081,4,,,0,69,,58092,4,,,0,29,,58102,4,,,0,70,,58082,4,,,0,30,,58105,4,,,0,70,,58100,4,,,0,30,,58103,4,,,0,70,,58083,4,,,0,30,,58106,4,,,0,70,,58101,4,,,0,30,,58104,4,,,0,70,,58084,4,,,0,30,,58108,4,,,0
13801,'1PUBCUT-Weekday',448,,58125,4,,,0,70,,58133,4,,,0,30,,58109,4,,,0,69,,58115,4,,,0,30,,58126,4,,,0,70,,58134,4,,,0,16,,58147,4,,,0,15,,58110,4,,,0,70,,58116,4,,,0,30,,58127,4,,,0,70,,58135,4,,,0,32,,58111,4,,,0,70,,58117,4,,,0,30,,58128,4,,,0,70,,58136,4,,,0,30,,58112,4,,,0,70,,58118,4,,,0,30,,58129,4,,,0,70,,58137,4,,,0,30,,58113,4,,,0,70,,58119,4,,,0,30,,58130,4,,,0,71,,58138,4,,,0,32,,58114,4,,,0,70,,58120,4,,,0,30,,58131,4,,,0,72,,58139,4,,,0,27,,58121,4,,,0,69,,58132,4,,,0,29,,58142,4,,,0,70,,58122,4,,,0,30,,58145,4,,,0,70,,58140,4,,,0,30,,58143,4,,,0,70,,58123,4,,,0,30,,58146,4,,,0,70,,58141,4,,,0,30,,58144,4,,,0,70,,58124,4,,,0,30,,58148,4,,,0
77400,'Weekday',741,,68741,12,0,125 6 128 129,0
77400,'1CCSDCUT-Weekday',741,,68743,12,0,125 6 128 129,0
80100,'Weekday',816,,68869,4,0,127 128 129,0
80100,'1PUBCUT-Weekday',816,,68870,4,0,127 128 129,0
80101,'Weekday',1549,,68871,6,0,127 128 129,0
80101,'1PUBCUT-Weekday',1549,,68872,6,0,127 128 129,0
81400,'Weekday',811,,68916,3,0,12 13 128 129,0
81400,'1PUBCUT-Weekday',811,,68917,3,0,12 13 128 129,0
81401,'Weekday0000100',1456,,68918,10,0,12 13 128 129,0
81401,'Weekday1111000',1556,,68919,10,0,12 13 128 129,0
81401,'1PUBCUT-Weekday0000100',1456,,68920,10,0,12 13 128 129,0
81401,'1PUBCUT-Weekday1111000',1556,,68921,10,0,12 13 128 129,0
