9200,'Saturday',730,,110416,15,,,0,85,,110400,15,,,0,85,,110405,15,,,0,45,,110410,15,,,0,85,,110415,15,,,0,85,,110401,15,,,0,85,,110406,15,,,0,45,,110411,15,,,0,85,,110417,15,,,0,85,,110403,15,,,0,85,,110407,15,,,0,45,,110412,15,,,0,85,,110418,15,,,0,85,,110402,15,,,0,85,,110408,15,,,0,45,,110413,15,,,0,84,,110419,15,,,0,85,,110404,15,,,0,45,,110409,15,,,0,78,,110414,15,,,0
9200,'Sunday',729,,110435,15,,,0,85,,110420,15,,,0,45,,110425,15,,,0,85,,110430,15,,,0,85,,110436,15,,,0,85,,110421,15,,,0,45,,110426,15,,,0,85,,110431,15,,,0,85,,110438,15,,,0,85,,110422,15,,,0,45,,110427,15,,,0,85,,110432,15,,,0,85,,110437,15,,,0,85,,110423,15,,,0,45,,110428,15,,,0,85,,110433,15,,,0,85,,110439,15,,,0,85,,110424,15,,,0,45,,110429,15,,,0,78,,110434,15,,,0
9200,'Weekday',430,,110448,15,,,0,29,,110453,15,,,0,71,,110462,15,,,0,71,,110449,15,,,0,32,,110454,15,,,0,73,,110471,15,,,0,31,,110458,15,,,0,71,,110440,15,,,0,31,,110463,15,,,0,68,,110450,15,,,0,31,,110455,15,,,0,71,,110472,15,,,0,31,,110459,15,,,0,71,,110468,15,,,0,31,,110464,15,,,0,71,,110451,15,,,0,31,,110456,15,,,0,71,,110473,15,,,0,31,,110460,15,,,0,71,,110446,15,,,0,31,,110465,15,,,0,73,,110452,15,,,0,31,,110457,15,,,0,71,,110474,15,,,0,31,,110461,15,,,0,71,,110444,15,,,0,27,,110441,15,,,0,83,,110466,15,,,0,85,,110442,15,,,0,85,,110445,15,,,0,45,,110469,15,,,0,85,,110467,15,,,0,85,,110443,15,,,0,85,,110447,15,,,0,43,,110470,15,,,0
9200,'STMPSa-Saturday',730,,110491,15,,,0,85,,110475,15,,,0,85,,110480,15,,,0,45,,110485,15,,,0,85,,110490,15,,,0,85,,110476,15,,,0,85,,110481,15,,,0,45,,110486,15,,,0,85,,110492,15,,,0,85,,110478,15,,,0,85,,110482,15,,,0,45,,110487,15,,,0,85,,110493,15,,,0,85,,110477,15,,,0,85,,110483,15,,,0,45,,110488,15,,,0,84,,110494,15,,,0,85,,110479,15,,,0,45,,110484,15,,,0,78,,110489,15,,,0
9200,'STMPSnea-Weekday',430,,110503,15,,,0,29,,110508,15,,,0,71,,110517,15,,,0,71,,110504,15,,,0,32,,110509,15,,,0,73,,110526,15,,,0,31,,110513,15,,,0,71,,110495,15,,,0,31,,110518,15,,,0,68,,110505,15,,,0,31,,110510,15,,,0,71,,110527,15,,,0,31,,110514,15,,,0,71,,110523,15,,,0,31,,110519,15,,,0,71,,110506,15,,,0,31,,110511,15,,,0,71,,110528,15,,,0,31,,110515,15,,,0,71,,110501,15,,,0,31,,110520,15,,,0,73,,110507,15,,,0,31,,110512,15,,,0,71,,110529,15,,,0,31,,110516,15,,,0,71,,110499,15,,,0,27,,110496,15,,,0,83,,110521,15,,,0,85,,110497,15,,,0,85,,110500,15,,,0,45,,110524,15,,,0,85,,110522,15,,,0,85,,110498,15,,,0,85,,110502,15,,,0,43,,110525,15,,,0
9200,'STMPSu1-Sunday',729,,110545,15,,,0,85,,110530,15,,,0,45,,110535,15,,,0,85,,110540,15,,,0,85,,110546,15,,,0,85,,110531,15,,,0,45,,110536,15,,,0,85,,110541,15,,,0,85,,110548,15,,,0,85,,110532,15,,,0,45,,110537,15,,,0,85,,110542,15,,,0,85,,110547,15,,,0,85,,110533,15,,,0,45,,110538,15,,,0,85,,110543,15,,,0,85,,110549,15,,,0,85,,110534,15,,,0,45,,110539,15,,,0,78,,110544,15,,,0
9200,'STMPSu2-Sunday',729,,110565,15,,,0,85,,110550,15,,,0,45,,110555,15,,,0,85,,110560,15,,,0,85,,110566,15,,,0,85,,110551,15,,,0,45,,110556,15,,,0,85,,110561,15,,,0,85,,110568,15,,,0,85,,110552,15,,,0,45,,110557,15,,,0,85,,110562,15,,,0,85,,110567,15,,,0,85,,110553,15,,,0,45,,110558,15,,,0,85,,110563,15,,,0,85,,110569,15,,,0,85,,110554,15,,,0,45,,110559,15,,,0,78,,110564,15,,,0
9200,'STMPWeek-Weekday',430,,110578,15,,,0,29,,110583,15,,,0,71,,110592,15,,,0,71,,110579,15,,,0,32,,110584,15,,,0,73,,110601,15,,,0,31,,110588,15,,,0,71,,110570,15,,,0,31,,110593,15,,,0,68,,110580,15,,,0,31,,110585,15,,,0,71,,110602,15,,,0,31,,110589,15,,,0,71,,110598,15,,,0,31,,110594,15,,,0,71,,110581,15,,,0,31,,110586,15,,,0,71,,110603,15,,,0,31,,110590,15,,,0,71,,110576,15,,,0,31,,110595,15,,,0,73,,110582,15,,,0,31,,110587,15,,,0,71,,110604,15,,,0,31,,110591,15,,,0,71,,110574,15,,,0,27,,110571,15,,,0,83,,110596,15,,,0,85,,110572,15,,,0,85,,110575,15,,,0,45,,110599,15,,,0,85,,110597,15,,,0,85,,110573,15,,,0,85,,110577,15,,,0,43,,110600,15,,,0
9200,'STMPar-Weekday',430,,110613,15,,,0,29,,110618,15,,,0,71,,110627,15,,,0,71,,110614,15,,,0,32,,110619,15,,,0,73,,110636,15,,,0,31,,110623,15,,,0,71,,110605,15,,,0,31,,110628,15,,,0,68,,110615,15,,,0,31,,110620,15,,,0,71,,110637,15,,,0,31,,110624,15,,,0,71,,110633,15,,,0,31,,110629,15,,,0,71,,110616,15,,,0,31,,110621,15,,,0,71,,110638,15,,,0,31,,110625,15,,,0,71,,110611,15,,,0,31,,110630,15,,,0,73,,110617,15,,,0,31,,110622,15,,,0,71,,110639,15,,,0,31,,110626,15,,,0,71,,110609,15,,,0,27,,110606,15,,,0,83,,110631,15,,,0,85,,110607,15,,,0,85,,110610,15,,,0,45,,110634,15,,,0,85,,110632,15,,,0,85,,110608,15,,,0,85,,110612,15,,,0,43,,110635,15,,,0
11700,'Weekday',606,,119275,11,,,0,21,,119276,11,,,0,25,,119274,11,,,0
11700,'STMPSnea-Weekday',606,,119278,11,,,0,21,,119279,11,,,0,25,,119277,11,,,0
11700,'STMPWeek-Weekday',606,,119281,11,,,0,21,,119282,11,,,0,25,,119280,11,,,0
11700,'STMPar-Weekday',606,,119284,11,,,0,21,,119285,11,,,0,25,,119283,11,,,0
