6501,'Saturday',701,,99180,29,,,0,43,,99193,29,,,0,80,,99182,29,,,0,80,,99194,29,,,0,41,,99181,29,,,0,80,,99196,29,,,0,80,,99183,29,,,0,40,,99195,29,,,0,80,,99185,29,,,0,80,,99197,29,,,0,40,,99184,29,,,0,80,,99198,29,,,0,80,,99186,29,,,0,40,,99199,29,,,0,80,,99187,29,,,0,80,,99201,29,,,0,40,,99188,29,,,0,80,,99202,29,,,0,80,,99189,29,,,0,40,,99200,29,,,0,80,,99190,29,,,0,80,,99204,29,,,0,39,,99191,29,,,0,80,,99203,29,,,0,80,,99192,29,,,0
6501,'Sunday',701,,99205,29,,,0,43,,99217,29,,,0,80,,99206,29,,,0,80,,99220,29,,,0,41,,99207,29,,,0,80,,99219,29,,,0,80,,99208,29,,,0,40,,99221,29,,,0,80,,99209,29,,,0,80,,99223,29,,,0,40,,99210,29,,,0,80,,99222,29,,,0,80,,99212,29,,,0,40,,99224,29,,,0,80,,99211,29,,,0,80,,99226,29,,,0,40,,99213,29,,,0,80,,99225,29,,,0,80,,99214,29,,,0,40,,99227,29,,,0,80,,99215,29,,,0,80,,99229,29,,,0,39,,99216,29,,,0,80,,99228,29,,,0,80,,99218,29,,,0
6501,'Weekday',527,,99255,29,,,0,18,,99230,29,,,0,64,,99243,29,,,0,26,,99233,29,,,0,67,,99257,29,,,0,24,,99231,29,,,0,24,,99244,29,,,0,64,,99235,29,,,0,22,,99256,29,,,0,64,,99232,29,,,0,22,,99245,29,,,0,83,,99258,29,,,0,43,,99246,29,,,0,83,,99259,29,,,0,83,,99247,29,,,0,43,,99260,29,,,0,59,,99236,29,,,0,24,,99248,29,,,0,67,,99239,29,,,0,16,,99261,29,,,0,30,,99234,29,,,0,64,,99249,29,,,0,25,,99240,29,,,0,64,,99262,29,,,0,24,,99237,29,,,0,24,,99250,29,,,0,64,,99241,29,,,0,24,,99264,29,,,0,63,,99238,29,,,0,21,,99251,29,,,0,24,,99242,29,,,0,64,,99263,29,,,0,43,,99253,29,,,0,83,,99265,29,,,0,83,,99252,29,,,0,83,,99266,29,,,0,43,,99254,29,,,0,83,,99267,29,,,0
6501,'STMPSa-Saturday',701,,99268,29,,,0,43,,99281,29,,,0,80,,99270,29,,,0,80,,99282,29,,,0,41,,99269,29,,,0,80,,99284,29,,,0,80,,99272,29,,,0,40,,99283,29,,,0,80,,99273,29,,,0,80,,99285,29,,,0,40,,99271,29,,,0,80,,99286,29,,,0,80,,99274,29,,,0,40,,99287,29,,,0,80,,99275,29,,,0,80,,99289,29,,,0,40,,99276,29,,,0,80,,99290,29,,,0,80,,99277,29,,,0,40,,99288,29,,,0,80,,99278,29,,,0,80,,99292,29,,,0,39,,99279,29,,,0,80,,99291,29,,,0,80,,99280,29,,,0
6501,'STMPSnea-Weekday',527,,99318,29,,,0,18,,99293,29,,,0,64,,99306,29,,,0,26,,99296,29,,,0,67,,99320,29,,,0,24,,99294,29,,,0,24,,99307,29,,,0,64,,99298,29,,,0,22,,99319,29,,,0,64,,99295,29,,,0,22,,99308,29,,,0,83,,99321,29,,,0,43,,99309,29,,,0,83,,99322,29,,,0,83,,99310,29,,,0,43,,99323,29,,,0,59,,99299,29,,,0,24,,99311,29,,,0,67,,99302,29,,,0,16,,99324,29,,,0,30,,99297,29,,,0,64,,99312,29,,,0,25,,99303,29,,,0,64,,99325,29,,,0,24,,99300,29,,,0,24,,99313,29,,,0,64,,99304,29,,,0,24,,99327,29,,,0,63,,99301,29,,,0,21,,99314,29,,,0,24,,99305,29,,,0,64,,99326,29,,,0,43,,99316,29,,,0,83,,99328,29,,,0,83,,99315,29,,,0,83,,99329,29,,,0,43,,99317,29,,,0,83,,99330,29,,,0
6501,'STMPSu1-Sunday',701,,99331,29,,,0,43,,99343,29,,,0,80,,99332,29,,,0,80,,99346,29,,,0,41,,99333,29,,,0,80,,99345,29,,,0,80,,99334,29,,,0,40,,99347,29,,,0,80,,99335,29,,,0,80,,99349,29,,,0,40,,99336,29,,,0,80,,99348,29,,,0,80,,99338,29,,,0,40,,99350,29,,,0,80,,99337,29,,,0,80,,99352,29,,,0,40,,99339,29,,,0,80,,99351,29,,,0,80,,99340,29,,,0,40,,99353,29,,,0,80,,99341,29,,,0,80,,99355,29,,,0,39,,99342,29,,,0,80,,99354,29,,,0,80,,99344,29,,,0
6501,'STMPSu2-Sunday',701,,99356,29,,,0,43,,99368,29,,,0,80,,99357,29,,,0,80,,99371,29,,,0,41,,99358,29,,,0,80,,99370,29,,,0,80,,99359,29,,,0,40,,99372,29,,,0,80,,99360,29,,,0,80,,99374,29,,,0,40,,99361,29,,,0,80,,99373,29,,,0,80,,99363,29,,,0,40,,99375,29,,,0,80,,99362,29,,,0,80,,99377,29,,,0,40,,99364,29,,,0,80,,99376,29,,,0,80,,99365,29,,,0,40,,99378,29,,,0,80,,99366,29,,,0,80,,99380,29,,,0,39,,99367,29,,,0,80,,99379,29,,,0,80,,99369,29,,,0
6501,'STMPWeek-Weekday',527,,99406,29,,,0,18,,99381,29,,,0,64,,99394,29,,,0,26,,99384,29,,,0,67,,99408,29,,,0,24,,99382,29,,,0,24,,99395,29,,,0,64,,99386,29,,,0,22,,99407,29,,,0,64,,99383,29,,,0,22,,99396,29,,,0,83,,99409,29,,,0,43,,99397,29,,,0,83,,99410,29,,,0,83,,99398,29,,,0,43,,99411,29,,,0,59,,99387,29,,,0,24,,99399,29,,,0,67,,99390,29,,,0,16,,99412,29,,,0,30,,99385,29,,,0,64,,99400,29,,,0,25,,99391,29,,,0,64,,99413,29,,,0,24,,99388,29,,,0,24,,99401,29,,,0,64,,99392,29,,,0,24,,99415,29,,,0,63,,99389,29,,,0,21,,99402,29,,,0,24,,99393,29,,,0,64,,99414,29,,,0,43,,99404,29,,,0,83,,99416,29,,,0,83,,99403,29,,,0,83,,99417,29,,,0,43,,99405,29,,,0,83,,99418,29,,,0
6501,'STMPar-Weekday',527,,99444,29,,,0,18,,99419,29,,,0,64,,99432,29,,,0,26,,99422,29,,,0,67,,99446,29,,,0,24,,99420,29,,,0,24,,99433,29,,,0,64,,99424,29,,,0,22,,99445,29,,,0,64,,99421,29,,,0,22,,99434,29,,,0,83,,99447,29,,,0,43,,99435,29,,,0,83,,99448,29,,,0,83,,99436,29,,,0,43,,99449,29,,,0,59,,99425,29,,,0,24,,99437,29,,,0,67,,99428,29,,,0,16,,99450,29,,,0,30,,99423,29,,,0,64,,99438,29,,,0,25,,99429,29,,,0,64,,99451,29,,,0,24,,99426,29,,,0,24,,99439,29,,,0,64,,99430,29,,,0,24,,99453,29,,,0,63,,99427,29,,,0,21,,99440,29,,,0,24,,99431,29,,,0,64,,99452,29,,,0,43,,99442,29,,,0,83,,99454,29,,,0,83,,99441,29,,,0,83,,99455,29,,,0,43,,99443,29,,,0,83,,99456,29,,,0
10501,'Saturday',635,,116861,24,,,0,75,,116871,24,,,0,40,,116868,24,,,0,80,,116870,24,,,0,80,,116873,24,,,0,40,,116869,24,,,0,80,,116872,24,,,0,80,,116875,24,,,0,40,,116876,24,,,0,80,,116878,24,,,0,80,,116874,24,,,0,40,,116879,24,,,0,80,,116880,24,,,0,80,,116877,24,,,0,40,,116881,24,,,0,80,,116882,24,,,0,80,,116866,24,,,0,40,,116865,24,,,0,79,,116867,24,,,0,80,,116863,24,,,0,40,,116864,24,,,0,80,,116862,24,,,0
10501,'Sunday',635,,116883,24,,,0,75,,116890,24,,,0,40,,116897,24,,,0,80,,116884,24,,,0,80,,116891,24,,,0,40,,116898,24,,,0,80,,116885,24,,,0,80,,116892,24,,,0,40,,116899,24,,,0,80,,116886,24,,,0,80,,116893,24,,,0,40,,116900,24,,,0,80,,116887,24,,,0,80,,116894,24,,,0,40,,116901,24,,,0,80,,116888,24,,,0,80,,116895,24,,,0,40,,116902,24,,,0,79,,116889,24,,,0,80,,116896,24,,,0,40,,116904,24,,,0,80,,116903,24,,,0
10501,'Weekday',526,,116930,24,,,0,30,,116921,24,,,0,69,,116913,24,,,0,33,,116905,24,,,0,70,,116931,24,,,0,72,,116924,24,,,0,30,,116914,24,,,0,14,,116939,24,,,0,13,,116906,24,,,0,70,,116932,24,,,0,30,,116922,24,,,0,70,,116915,24,,,0,30,,116907,24,,,0,70,,116933,24,,,0,30,,116923,24,,,0,70,,116916,24,,,0,30,,116908,24,,,0,70,,116934,24,,,0,30,,116925,24,,,0,70,,116917,24,,,0,30,,116909,24,,,0,73,,116935,24,,,0,70,,116926,24,,,0,30,,116918,24,,,0,70,,116910,24,,,0,30,,116936,24,,,0,70,,116927,24,,,0,30,,116920,24,,,0,27,,116911,24,,,0,69,,116937,24,,,0,30,,116928,24,,,0,70,,116919,24,,,0,30,,116912,24,,,0,69,,116938,24,,,0,83,,116929,24,,,0
10501,'STMPSa-Saturday',635,,116940,24,,,0,75,,116950,24,,,0,40,,116947,24,,,0,80,,116949,24,,,0,80,,116952,24,,,0,40,,116948,24,,,0,80,,116951,24,,,0,80,,116954,24,,,0,40,,116955,24,,,0,80,,116957,24,,,0,80,,116953,24,,,0,40,,116958,24,,,0,80,,116959,24,,,0,80,,116956,24,,,0,40,,116960,24,,,0,80,,116961,24,,,0,80,,116945,24,,,0,40,,116944,24,,,0,79,,116946,24,,,0,80,,116942,24,,,0,40,,116943,24,,,0,80,,116941,24,,,0
10501,'STMPSnea-Weekday',526,,116987,24,,,0,30,,116978,24,,,0,69,,116970,24,,,0,33,,116962,24,,,0,70,,116988,24,,,0,72,,116981,24,,,0,30,,116971,24,,,0,14,,116996,24,,,0,13,,116963,24,,,0,70,,116989,24,,,0,30,,116979,24,,,0,70,,116972,24,,,0,30,,116964,24,,,0,70,,116990,24,,,0,30,,116980,24,,,0,70,,116973,24,,,0,30,,116965,24,,,0,70,,116991,24,,,0,30,,116982,24,,,0,70,,116974,24,,,0,30,,116966,24,,,0,73,,116992,24,,,0,70,,116983,24,,,0,30,,116975,24,,,0,70,,116967,24,,,0,30,,116993,24,,,0,70,,116984,24,,,0,30,,116977,24,,,0,27,,116968,24,,,0,69,,116994,24,,,0,30,,116985,24,,,0,70,,116976,24,,,0,30,,116969,24,,,0,69,,116995,24,,,0,83,,116986,24,,,0
10501,'STMPSu1-Sunday',635,,116997,24,,,0,75,,117004,24,,,0,40,,117011,24,,,0,80,,116998,24,,,0,80,,117005,24,,,0,40,,117012,24,,,0,80,,116999,24,,,0,80,,117006,24,,,0,40,,117013,24,,,0,80,,117000,24,,,0,80,,117007,24,,,0,40,,117014,24,,,0,80,,117001,24,,,0,80,,117008,24,,,0,40,,117015,24,,,0,80,,117002,24,,,0,80,,117009,24,,,0,40,,117016,24,,,0,79,,117003,24,,,0,80,,117010,24,,,0,40,,117018,24,,,0,80,,117017,24,,,0
10501,'STMPSu2-Sunday',635,,117019,24,,,0,75,,117026,24,,,0,40,,117033,24,,,0,80,,117020,24,,,0,80,,117027,24,,,0,40,,117034,24,,,0,80,,117021,24,,,0,80,,117028,24,,,0,40,,117035,24,,,0,80,,117022,24,,,0,80,,117029,24,,,0,40,,117036,24,,,0,80,,117023,24,,,0,80,,117030,24,,,0,40,,117037,24,,,0,80,,117024,24,,,0,80,,117031,24,,,0,40,,117038,24,,,0,79,,117025,24,,,0,80,,117032,24,,,0,40,,117040,24,,,0,80,,117039,24,,,0
10501,'STMPWeek-Weekday',526,,117066,24,,,0,30,,117057,24,,,0,69,,117049,24,,,0,33,,117041,24,,,0,70,,117067,24,,,0,72,,117060,24,,,0,30,,117050,24,,,0,14,,117075,24,,,0,13,,117042,24,,,0,70,,117068,24,,,0,30,,117058,24,,,0,70,,117051,24,,,0,30,,117043,24,,,0,70,,117069,24,,,0,30,,117059,24,,,0,70,,117052,24,,,0,30,,117044,24,,,0,70,,117070,24,,,0,30,,117061,24,,,0,70,,117053,24,,,0,30,,117045,24,,,0,73,,117071,24,,,0,70,,117062,24,,,0,30,,117054,24,,,0,70,,117046,24,,,0,30,,117072,24,,,0,70,,117063,24,,,0,30,,117056,24,,,0,27,,117047,24,,,0,69,,117073,24,,,0,30,,117064,24,,,0,70,,117055,24,,,0,30,,117048,24,,,0,69,,117074,24,,,0,83,,117065,24,,,0
10501,'STMPar-Weekday',526,,117101,24,,,0,30,,117092,24,,,0,69,,117084,24,,,0,33,,117076,24,,,0,70,,117102,24,,,0,72,,117095,24,,,0,30,,117085,24,,,0,14,,117110,24,,,0,13,,117077,24,,,0,70,,117103,24,,,0,30,,117093,24,,,0,70,,117086,24,,,0,30,,117078,24,,,0,70,,117104,24,,,0,30,,117094,24,,,0,70,,117087,24,,,0,30,,117079,24,,,0,70,,117105,24,,,0,30,,117096,24,,,0,70,,117088,24,,,0,30,,117080,24,,,0,73,,117106,24,,,0,70,,117097,24,,,0,30,,117089,24,,,0,70,,117081,24,,,0,30,,117107,24,,,0,70,,117098,24,,,0,30,,117091,24,,,0,27,,117082,24,,,0,69,,117108,24,,,0,30,,117099,24,,,0,70,,117090,24,,,0,30,,117083,24,,,0,69,,117109,24,,,0,83,,117100,24,,,0
