9201,'Saturday',703,,110655,27,,,0,45,,110641,27,,,0,85,,110645,27,,,0,87,,110650,27,,,0,87,,110656,27,,,0,45,,110640,27,,,0,85,,110646,27,,,0,85,,110651,27,,,0,85,,110657,27,,,0,45,,110642,27,,,0,85,,110647,27,,,0,85,,110652,27,,,0,85,,110658,27,,,0,46,,110643,27,,,0,82,,110649,27,,,0,85,,110653,27,,,0,85,,110659,27,,,0,45,,110644,27,,,0,85,,110648,27,,,0,83,,110654,27,,,0,82,,110660,27,,,0,45,,110661,27,,,0
9201,'Sunday',704,,110677,27,,,0,45,,110662,27,,,0,85,,110667,27,,,0,85,,110672,27,,,0,85,,110678,27,,,0,45,,110663,27,,,0,88,,110668,27,,,0,85,,110674,27,,,0,85,,110679,27,,,0,45,,110665,27,,,0,85,,110669,27,,,0,85,,110673,27,,,0,85,,110680,27,,,0,45,,110664,27,,,0,85,,110670,27,,,0,83,,110675,27,,,0,84,,110681,27,,,0,45,,110666,27,,,0,85,,110671,27,,,0,85,,110676,27,,,0,82,,110682,27,,,0
9201,'Weekday',539,,110688,27,,,0,71,,110694,27,,,0,32,,110712,27,,,0,73,,110700,27,,,0,30,,110716,27,,,0,70,,110704,27,,,0,31,,110689,27,,,0,74,,110695,27,,,0,30,,110713,27,,,0,71,,110701,27,,,0,31,,110708,27,,,0,71,,110705,27,,,0,31,,110690,27,,,0,71,,110696,27,,,0,31,,110714,27,,,0,71,,110702,27,,,0,31,,110699,27,,,0,71,,110706,27,,,0,71,,110691,27,,,0,31,,110697,27,,,0,70,,110715,27,,,0,31,,110703,27,,,0,71,,110693,27,,,0,31,,110707,27,,,0,71,,110692,27,,,0,31,,110698,27,,,0,68,,110683,27,,,0,43,,110685,27,,,0,85,,110710,27,,,0,84,,110709,27,,,0,84,,110684,27,,,0,45,,110686,27,,,0,85,,110711,27,,,0,81,,110687,27,,,0
9201,'STMPSa-Saturday',703,,110732,27,,,0,45,,110718,27,,,0,85,,110722,27,,,0,87,,110727,27,,,0,87,,110733,27,,,0,45,,110717,27,,,0,85,,110723,27,,,0,85,,110728,27,,,0,85,,110734,27,,,0,45,,110719,27,,,0,85,,110724,27,,,0,85,,110729,27,,,0,85,,110735,27,,,0,46,,110720,27,,,0,82,,110726,27,,,0,85,,110730,27,,,0,85,,110736,27,,,0,45,,110721,27,,,0,85,,110725,27,,,0,83,,110731,27,,,0,82,,110737,27,,,0,45,,110738,27,,,0
9201,'STMPSnea-Weekday',539,,110744,27,,,0,71,,110750,27,,,0,32,,110768,27,,,0,73,,110756,27,,,0,30,,110772,27,,,0,70,,110760,27,,,0,31,,110745,27,,,0,74,,110751,27,,,0,30,,110769,27,,,0,71,,110757,27,,,0,31,,110764,27,,,0,71,,110761,27,,,0,31,,110746,27,,,0,71,,110752,27,,,0,31,,110770,27,,,0,71,,110758,27,,,0,31,,110755,27,,,0,71,,110762,27,,,0,71,,110747,27,,,0,31,,110753,27,,,0,70,,110771,27,,,0,31,,110759,27,,,0,71,,110749,27,,,0,31,,110763,27,,,0,71,,110748,27,,,0,31,,110754,27,,,0,68,,110739,27,,,0,43,,110741,27,,,0,85,,110766,27,,,0,84,,110765,27,,,0,84,,110740,27,,,0,45,,110742,27,,,0,85,,110767,27,,,0,81,,110743,27,,,0
9201,'STMPSu1-Sunday',704,,110788,27,,,0,45,,110773,27,,,0,85,,110778,27,,,0,85,,110783,27,,,0,85,,110789,27,,,0,45,,110774,27,,,0,88,,110779,27,,,0,85,,110785,27,,,0,85,,110790,27,,,0,45,,110776,27,,,0,85,,110780,27,,,0,85,,110784,27,,,0,85,,110791,27,,,0,45,,110775,27,,,0,85,,110781,27,,,0,83,,110786,27,,,0,84,,110792,27,,,0,45,,110777,27,,,0,85,,110782,27,,,0,85,,110787,27,,,0,82,,110793,27,,,0
9201,'STMPSu2-Sunday',704,,110809,27,,,0,45,,110794,27,,,0,85,,110799,27,,,0,85,,110804,27,,,0,85,,110810,27,,,0,45,,110795,27,,,0,88,,110800,27,,,0,85,,110806,27,,,0,85,,110811,27,,,0,45,,110797,27,,,0,85,,110801,27,,,0,85,,110805,27,,,0,85,,110812,27,,,0,45,,110796,27,,,0,85,,110802,27,,,0,83,,110807,27,,,0,84,,110813,27,,,0,45,,110798,27,,,0,85,,110803,27,,,0,85,,110808,27,,,0,82,,110814,27,,,0
9201,'STMPWeek-Weekday',539,,110820,27,,,0,71,,110826,27,,,0,32,,110844,27,,,0,73,,110832,27,,,0,30,,110848,27,,,0,70,,110836,27,,,0,31,,110821,27,,,0,74,,110827,27,,,0,30,,110845,27,,,0,71,,110833,27,,,0,31,,110840,27,,,0,71,,110837,27,,,0,31,,110822,27,,,0,71,,110828,27,,,0,31,,110846,27,,,0,71,,110834,27,,,0,31,,110831,27,,,0,71,,110838,27,,,0,71,,110823,27,,,0,31,,110829,27,,,0,70,,110847,27,,,0,31,,110835,27,,,0,71,,110825,27,,,0,31,,110839,27,,,0,71,,110824,27,,,0,31,,110830,27,,,0,68,,110815,27,,,0,43,,110817,27,,,0,85,,110842,27,,,0,84,,110841,27,,,0,84,,110816,27,,,0,45,,110818,27,,,0,85,,110843,27,,,0,81,,110819,27,,,0
9201,'STMPar-Weekday',539,,110854,27,,,0,71,,110860,27,,,0,32,,110878,27,,,0,73,,110866,27,,,0,30,,110882,27,,,0,70,,110870,27,,,0,31,,110855,27,,,0,74,,110861,27,,,0,30,,110879,27,,,0,71,,110867,27,,,0,31,,110874,27,,,0,71,,110871,27,,,0,31,,110856,27,,,0,71,,110862,27,,,0,31,,110880,27,,,0,71,,110868,27,,,0,31,,110865,27,,,0,71,,110872,27,,,0,71,,110857,27,,,0,31,,110863,27,,,0,70,,110881,27,,,0,31,,110869,27,,,0,71,,110859,27,,,0,31,,110873,27,,,0,71,,110858,27,,,0,31,,110864,27,,,0,68,,110849,27,,,0,43,,110851,27,,,0,85,,110876,27,,,0,84,,110875,27,,,0,84,,110850,27,,,0,45,,110852,27,,,0,85,,110877,27,,,0,81,,110853,27,,,0
11701,'Weekday',1656,,119288,16,,,0,82,,119286,18,,,0,69,,119287,18,,,0
11701,'STMPSnea-Weekday',1656,,119291,16,,,0,82,,119289,18,,,0,69,,119290,18,,,0
11701,'STMPWeek-Weekday',1656,,119294,16,,,0,82,,119292,18,,,0,69,,119293,18,,,0
11701,'STMPar-Weekday',1656,,119297,16,,,0,82,,119295,18,,,0,69,,119296,18,,,0
