3300,'Weekday',550,,86328,24,,,0,72,,86329,24,,,0,32,,86330,24,,,0,76,,86327,24,,,0,74,,86331,24,,,0,34,,86332,24,,,0,73,,86334,24,,,0,35,,86333,24,,,0,75,,86335,24,,,0,35,,86336,24,,,0,75,,86338,24,,,0,75,,86339,24,,,0,35,,86337,24,,,0,75,,86340,24,,,0,35,,86341,24,,,0,75,,86342,24,,,0,77,,86343,24,,,0,36,,86344,24,,,0,76,,86346,24,,,0,36,,86345,24,,,0,76,,86347,24,,,0,75,,86348,24,,,0,32,,86349,24,,,0,75,,86350,24,,,0,34,,86351,24,,,0
3300,'STMPSnea-Weekday',550,,86390,24,,,0,72,,86391,24,,,0,32,,86392,24,,,0,76,,86389,24,,,0,74,,86393,24,,,0,34,,86394,24,,,0,73,,86396,24,,,0,35,,86395,24,,,0,75,,86397,24,,,0,35,,86398,24,,,0,75,,86400,24,,,0,75,,86401,24,,,0,35,,86399,24,,,0,75,,86402,24,,,0,35,,86403,24,,,0,75,,86404,24,,,0,77,,86405,24,,,0,36,,86406,24,,,0,76,,86408,24,,,0,36,,86407,24,,,0,76,,86409,24,,,0,75,,86410,24,,,0,32,,86411,24,,,0,75,,86412,24,,,0,34,,86413,24,,,0
3300,'STMPWeek-Weekday',550,,86455,24,,,0,72,,86456,24,,,0,32,,86457,24,,,0,76,,86454,24,,,0,74,,86458,24,,,0,34,,86459,24,,,0,73,,86461,24,,,0,35,,86460,24,,,0,75,,86462,24,,,0,35,,86463,24,,,0,75,,86465,24,,,0,75,,86466,24,,,0,35,,86464,24,,,0,75,,86467,24,,,0,35,,86468,24,,,0,75,,86469,24,,,0,77,,86470,24,,,0,36,,86471,24,,,0,76,,86473,24,,,0,36,,86472,24,,,0,76,,86474,24,,,0,75,,86475,24,,,0,32,,86476,24,,,0,75,,86477,24,,,0,34,,86478,24,,,0
3300,'STMPar-Weekday',550,,86484,24,,,0,72,,86485,24,,,0,32,,86486,24,,,0,76,,86483,24,,,0,74,,86487,24,,,0,34,,86488,24,,,0,73,,86490,24,,,0,35,,86489,24,,,0,75,,86491,24,,,0,35,,86492,24,,,0,75,,86494,24,,,0,75,,86495,24,,,0,35,,86493,24,,,0,75,,86496,24,,,0,35,,86497,24,,,0,75,,86498,24,,,0,77,,86499,24,,,0,36,,86500,24,,,0,76,,86502,24,,,0,36,,86501,24,,,0,76,,86503,24,,,0,75,,86504,24,,,0,32,,86505,24,,,0,75,,86506,24,,,0,34,,86507,24,,,0
5700,'Saturday',612,,96119,7,,,0,35,,96121,7,,,0,76,,96122,7,,,0,36,,96123,7,,,0,76,,96124,7,,,0,76,,96126,7,,,0,36,,96125,7,,,0,76,,96127,7,,,0,36,,96128,7,,,0,76,,96129,7,,,0,75,,96135,7,,,0,37,,96130,7,,,0,78,,96131,7,,,0,78,,96136,7,,,0,37,,96132,7,,,0,78,,96137,7,,,0,37,,96134,7,,,0,78,,96133,7,,,0,77,,96138,7,,,0,38,,96140,7,,,0,76,,96139,7,,,0,77,,96142,7,,,0,36,,96141,7,,,0,77,,96143,7,,,0,36,,96144,7,,,0,76,,96145,7,,,0,76,,96146,7,,,0,36,,96147,7,,,0,76,,96148,7,,,0,36,,96149,7,,,0,76,,96150,7,0,121 47,0
5700,'Sunday',612,,96151,7,,,0,35,,96168,7,,,0,76,,96152,7,,,0,36,,96169,7,,,0,76,,96153,7,,,0,76,,96171,7,,,0,36,,96154,7,,,0,76,,96170,7,,,0,36,,96155,7,,,0,76,,96173,7,,,0,75,,96156,7,,,0,37,,96172,7,,,0,78,,96157,7,,,0,78,,96174,7,,,0,37,,96158,7,,,0,78,,96175,7,,,0,37,,96159,7,,,0,78,,96176,7,,,0,77,,96161,7,,,0,38,,96177,7,,,0,76,,96160,7,,,0,77,,96178,7,,,0,36,,96162,7,,,0,77,,96179,7,,,0,36,,96163,7,,,0,76,,96180,7,,,0,76,,96164,7,,,0,36,,96181,7,,,0,76,,96165,7,,,0,36,,96182,7,,,0,76,,96166,7,0,121 47,0
5700,'Weekday',540,,96184,7,,,0,62,,96189,7,,,0,28,,96186,7,,,0,22,,96187,7,,,0,60,,96188,7,,,0,22,,96190,7,,,0,20,,96211,7,,,0,58,,96191,7,,,0,19,,96195,7,,,0,19,,96193,7,,,0,60,,96212,7,,,0,19,,96192,7,,,0,19,,96196,7,,,0,66,,96194,7,,,0,26,,96197,7,,,0,66,,96214,7,,,0,26,,96215,7,,,0,26,,96216,7,,,0,66,,96217,7,,,0,26,,96218,7,,,0,66,,96219,7,,,0,26,,96220,7,,,0,66,,96221,7,,,0,26,,96222,7,,,0,66,,96224,7,,,0,25,,96225,7,,,0,26,,96226,7,,,0,66,,96223,7,,,0,26,,96227,7,,,0,66,,96228,7,,,0,26,,96229,7,,,0,66,,96230,7,,,0,26,,96231,7,,,0,25,,96233,7,,,0,67,,96213,7,,,0,25,,96198,7,,,0,66,,96199,7,,,0,26,,96201,7,,,0,66,,96200,7,,,0,26,,96234,7,,,0,26,,96202,7,,,0,65,,96204,7,,,0,26,,96203,7,,,0,71,,96205,7,,,0,34,,96206,7,,,0,74,,96207,7,,,0,34,,96208,7,0,121 47,0,74,,96209,7,0,121 47,0
5700,'STMPSa-Saturday',612,,96235,7,,,0,35,,96237,7,,,0,76,,96238,7,,,0,36,,96239,7,,,0,76,,96240,7,,,0,76,,96242,7,,,0,36,,96241,7,,,0,76,,96243,7,,,0,36,,96244,7,,,0,76,,96245,7,,,0,75,,96251,7,,,0,37,,96246,7,,,0,78,,96247,7,,,0,78,,96252,7,,,0,37,,96248,7,,,0,78,,96253,7,,,0,37,,96250,7,,,0,78,,96249,7,,,0,77,,96254,7,,,0,38,,96257,7,,,0,76,,96255,7,,,0,77,,96258,7,,,0,36,,96256,7,,,0,77,,96259,7,,,0,36,,96260,7,,,0,76,,96261,7,,,0,76,,96262,7,,,0,36,,96263,7,,,0,76,,96264,7,,,0,36,,96265,7,,,0,76,,96266,7,0,121 47,0
5700,'STMPSnea-Weekday',540,,96268,7,,,0,62,,96273,7,,,0,28,,96270,7,,,0,22,,96271,7,,,0,60,,96272,7,,,0,22,,96274,7,,,0,20,,96295,7,,,0,58,,96275,7,,,0,19,,96279,7,,,0,19,,96277,7,,,0,60,,96296,7,,,0,19,,96276,7,,,0,19,,96280,7,,,0,66,,96278,7,,,0,26,,96281,7,,,0,66,,96298,7,,,0,26,,96299,7,,,0,26,,96300,7,,,0,66,,96301,7,,,0,26,,96302,7,,,0,66,,96303,7,,,0,26,,96304,7,,,0,66,,96305,7,,,0,26,,96306,7,,,0,66,,96308,7,,,0,25,,96309,7,,,0,26,,96310,7,,,0,66,,96307,7,,,0,26,,96311,7,,,0,66,,96312,7,,,0,26,,96313,7,,,0,66,,96314,7,,,0,26,,96315,7,,,0,25,,96317,7,,,0,67,,96297,7,,,0,25,,96282,7,,,0,66,,96283,7,,,0,26,,96285,7,,,0,66,,96284,7,,,0,26,,96318,7,,,0,26,,96286,7,,,0,65,,96288,7,,,0,26,,96287,7,,,0,71,,96289,7,,,0,34,,96290,7,,,0,74,,96291,7,,,0,34,,96292,7,0,121 47,0,74,,96293,7,0,121 47,0
5700,'STMPSu1-Sunday',612,,96320,7,,,0,35,,96336,7,,,0,76,,96319,7,,,0,36,,96337,7,,,0,76,,96321,7,,,0,76,,96339,7,,,0,36,,96322,7,,,0,76,,96338,7,,,0,36,,96323,7,,,0,76,,96341,7,,,0,75,,96324,7,,,0,37,,96340,7,,,0,78,,96325,7,,,0,78,,96342,7,,,0,37,,96326,7,,,0,78,,96343,7,,,0,37,,96327,7,,,0,78,,96344,7,,,0,77,,96329,7,,,0,38,,96345,7,,,0,76,,96328,7,,,0,77,,96346,7,,,0,36,,96330,7,,,0,77,,96347,7,,,0,36,,96331,7,,,0,76,,96348,7,,,0,76,,96332,7,,,0,36,,96349,7,,,0,76,,96333,7,,,0,36,,96350,7,,,0,76,,96334,7,0,121 47,0
5700,'STMPSu2-Sunday',612,,96351,7,,,0,35,,96368,7,,,0,76,,96352,7,,,0,36,,96369,7,,,0,76,,96353,7,,,0,76,,96371,7,,,0,36,,96354,7,,,0,76,,96370,7,,,0,36,,96355,7,,,0,76,,96373,7,,,0,75,,96356,7,,,0,37,,96372,7,,,0,78,,96357,7,,,0,78,,96374,7,,,0,37,,96358,7,,,0,78,,96375,7,,,0,37,,96359,7,,,0,78,,96376,7,,,0,77,,96361,7,,,0,38,,96377,7,,,0,76,,96360,7,,,0,77,,96378,7,,,0,36,,96362,7,,,0,77,,96379,7,,,0,36,,96363,7,,,0,76,,96380,7,,,0,76,,96364,7,,,0,36,,96381,7,,,0,76,,96365,7,,,0,36,,96382,7,,,0,76,,96366,7,0,121 47,0
5700,'STMPWeek-Weekday',540,,96384,7,,,0,62,,96389,7,,,0,28,,96386,7,,,0,22,,96387,7,,,0,60,,96388,7,,,0,22,,96390,7,,,0,20,,96411,7,,,0,58,,96391,7,,,0,19,,96395,7,,,0,19,,96393,7,,,0,60,,96412,7,,,0,19,,96392,7,,,0,19,,96396,7,,,0,66,,96394,7,,,0,26,,96397,7,,,0,66,,96414,7,,,0,26,,96415,7,,,0,26,,96416,7,,,0,66,,96417,7,,,0,26,,96418,7,,,0,66,,96419,7,,,0,26,,96420,7,,,0,66,,96421,7,,,0,26,,96422,7,,,0,66,,96424,7,,,0,25,,96425,7,,,0,26,,96426,7,,,0,66,,96423,7,,,0,26,,96427,7,,,0,66,,96428,7,,,0,26,,96429,7,,,0,66,,96430,7,,,0,26,,96431,7,,,0,25,,96433,7,,,0,67,,96413,7,,,0,25,,96398,7,,,0,66,,96399,7,,,0,26,,96401,7,,,0,66,,96400,7,,,0,26,,96434,7,,,0,26,,96402,7,,,0,65,,96404,7,,,0,26,,96403,7,,,0,71,,96405,7,,,0,34,,96406,7,,,0,74,,96407,7,,,0,34,,96408,7,0,121 47,0,74,,96409,7,0,121 47,0
5700,'STMPar-Weekday',540,,96436,7,,,0,62,,96441,7,,,0,28,,96438,7,,,0,22,,96439,7,,,0,60,,96440,7,,,0,22,,96442,7,,,0,20,,96463,7,,,0,58,,96443,7,,,0,19,,96447,7,,,0,19,,96446,7,,,0,60,,96464,7,,,0,19,,96445,7,,,0,19,,96448,7,,,0,66,,96444,7,,,0,26,,96449,7,,,0,66,,96466,7,,,0,26,,96467,7,,,0,26,,96468,7,,,0,66,,96469,7,,,0,26,,96470,7,,,0,66,,96471,7,,,0,26,,96472,7,,,0,66,,96473,7,,,0,26,,96474,7,,,0,66,,96476,7,,,0,25,,96477,7,,,0,26,,96478,7,,,0,66,,96475,7,,,0,26,,96479,7,,,0,66,,96480,7,,,0,26,,96481,7,,,0,66,,96482,7,,,0,26,,96483,7,,,0,25,,96485,7,,,0,67,,96465,7,,,0,25,,96450,7,,,0,66,,96451,7,,,0,26,,96453,7,,,0,66,,96452,7,,,0,26,,96486,7,,,0,26,,96454,7,,,0,65,,96456,7,,,0,26,,96455,7,,,0,71,,96457,7,,,0,34,,96458,7,,,0,74,,96459,7,,,0,34,,96460,7,0,121 47,0,74,,96461,7,0,121 47,0
