901,'Saturday',500,,48505,,,0,50,,48516,,,0,71,,48528,,,0,31,,48533,,,0,71,,48509,,,0,31,,48522,,,0,71,,48506,,,0,31,,48517,,,0,71,,48526,,,0,31,,48534,,,0,71,,48511,,,0,71,,48524,,,0,31,,48508,,,0,71,,48518,,,0,31,,48530,,,0,71,,48535,,,0,31,,48513,,,0,71,,48523,,,0,31,,48504,,,0,71,,48519,,,0,31,,48529,,,0,71,,48536,,,0,31,,48514,,,0,71,,48525,,,0,31,,48507,,,0,71,,48520,,,0,31,,48531,,,0,71,,48537,,,0,31,,48512,,,0,71,,48527,,,0,31,,48510,,,0,71,,48521,,,0,31,,48532,,,0,71,,48538,,,0,31,,48515,,,0
901,'Sunday',500,,48541,,,0,50,,48551,,,0,71,,48570,,,0,31,,48560,,,0,71,,48540,,,0,31,,48547,,,0,71,,48555,,,0,31,,48568,,,0,71,,48563,,,0,31,,48542,,,0,71,,48549,,,0,71,,48557,,,0,31,,48571,,,0,71,,48562,,,0,31,,48539,,,0,71,,48548,,,0,31,,48556,,,0,71,,48572,,,0,31,,48565,,,0,71,,48543,,,0,31,,48550,,,0,71,,48558,,,0,31,,48573,,,0,71,,48564,,,0,31,,48544,,,0,71,,48552,,,0,31,,48559,,,0,71,,48569,,,0,31,,48566,,,0,71,,48545,,,0,31,,48553,,,0,71,,48561,,,0,31,,48554,,,0,71,,48567,,,0,31,,48546,,,0
901,'Weekday',419,,48574,,,0,22,,48589,,,0,62,,48600,,,0,22,,48615,,,0,22,,48582,,,0,62,,48595,,,0,22,,48607,,,0,22,,48575,,,0,62,,48590,,,0,11,,48627,,,0,11,,48601,,,0,11,,48628,,,0,11,,48616,,,0,51,,48629,,,0,11,,48623,,,0,11,,48630,,,0,11,,48583,,,0,11,,48633,,,0,51,,48596,,,0,22,,48608,,,0,22,,48576,,,0,62,,48591,,,0,22,,48602,,,0,22,,48617,,,0,62,,48624,,,0,22,,48584,,,0,62,,48597,,,0,22,,48610,,,0,22,,48577,,,0,62,,48592,,,0,22,,48603,,,0,22,,48618,,,0,62,,48625,,,0,22,,48585,,,0,22,,48598,,,0,62,,48611,,,0,11,,48634,,,0,11,,48578,,,0,11,,48631,,,0,51,,48593,,,0,11,,48632,,,0,11,,48604,,,0,22,,48619,,,0,62,,48626,,,0,22,,48586,,,0,22,,48599,,,0,62,,48612,,,0,22,,48579,,,0,22,,48594,,,0,62,,48605,,,0,30,,48620,,,0,70,,48587,,,0,30,,48613,,,0,70,,48580,,,0,30,,48606,,,0,70,,48621,,,0,30,,48588,,,0,70,,48614,,,0,30,,48581,,,0,70,,48609,,,0,30,,48622,,,0
901,'1CCSDCUT-Weekday',419,,48635,,,0,22,,48650,,,0,62,,48661,,,0,22,,48676,,,0,22,,48643,,,0,62,,48656,,,0,22,,48668,,,0,22,,48636,,,0,62,,48651,,,0,11,,48688,,,0,11,,48662,,,0,11,,48689,,,0,11,,48677,,,0,51,,48690,,,0,11,,48684,,,0,11,,48691,,,0,11,,48644,,,0,11,,48694,,,0,51,,48657,,,0,22,,48669,,,0,22,,48637,,,0,62,,48652,,,0,22,,48663,,,0,22,,48678,,,0,62,,48685,,,0,22,,48645,,,0,62,,48658,,,0,22,,48671,,,0,22,,48638,,,0,62,,48653,,,0,22,,48664,,,0,22,,48679,,,0,62,,48686,,,0,22,,48646,,,0,22,,48659,,,0,62,,48672,,,0,11,,48695,,,0,11,,48639,,,0,11,,48692,,,0,51,,48654,,,0,11,,48693,,,0,11,,48665,,,0,22,,48680,,,0,62,,48687,,,0,22,,48647,,,0,22,,48660,,,0,62,,48673,,,0,22,,48640,,,0,22,,48655,,,0,62,,48666,,,0,30,,48681,,,0,70,,48648,,,0,30,,48674,,,0,70,,48641,,,0,30,,48667,,,0,70,,48682,,,0,30,,48649,,,0,70,,48675,,,0,30,,48642,,,0,70,,48670,,,0,30,,48683,,,0
901,'1PUBCUT-Weekday',419,,48696,,,0,22,,48711,,,0,62,,48722,,,0,22,,48737,,,0,22,,48704,,,0,62,,48717,,,0,22,,48729,,,0,22,,48697,,,0,62,,48712,,,0,11,,48749,,,0,11,,48723,,,0,11,,48750,,,0,11,,48738,,,0,51,,48751,,,0,11,,48745,,,0,11,,48752,,,0,11,,48705,,,0,11,,48755,,,0,51,,48718,,,0,22,,48730,,,0,22,,48698,,,0,62,,48713,,,0,22,,48724,,,0,22,,48739,,,0,62,,48746,,,0,22,,48706,,,0,62,,48719,,,0,22,,48732,,,0,22,,48699,,,0,62,,48714,,,0,22,,48725,,,0,22,,48740,,,0,62,,48747,,,0,22,,48707,,,0,22,,48720,,,0,62,,48733,,,0,11,,48756,,,0,11,,48700,,,0,11,,48753,,,0,51,,48715,,,0,11,,48754,,,0,11,,48726,,,0,22,,48741,,,0,62,,48748,,,0,22,,48708,,,0,22,,48721,,,0,62,,48734,,,0,22,,48701,,,0,22,,48716,,,0,62,,48727,,,0,30,,48742,,,0,70,,48709,,,0,30,,48735,,,0,70,,48702,,,0,30,,48728,,,0,70,,48743,,,0,30,,48710,,,0,70,,48736,,,0,30,,48703,,,0,70,,48731,,,0,30,,48744,,,0
42200,'Saturday',642,,88311,,,0,100,,88312,,,0,100,,88313,,,0,100,,88314,,,0,100,,88315,,,0,100,,88316,,,0,100,,88317,,,0,100,,88319,,,0,100,,88318,,,0,100,,88320,,,0,100,,88321,,,0,100,,88322,,,0,100,,88323,,,0
42200,'Sunday',642,,88324,,,0,100,,88325,,,0,100,,88326,,,0,100,,88327,,,0,100,,88328,,,0,100,,88329,,,0,100,,88330,,,0,100,,88331,,,0,100,,88332,,,0,100,,88333,,,0,100,,88334,,,0,100,,88335,,,0,100,,88336,,,0
42200,'Weekday',641,,88337,,,0,70,,88355,,,0,30,,88338,,,0,70,,88359,,,0,30,,88339,,,0,70,,88360,,,0,30,,88340,,,0,70,,88357,,,0,30,,88341,,,0,70,,88358,,,0,30,,88342,,,0,70,,88361,,,0,30,,88343,,,0,70,,88354,,,0,30,,88344,,,0,70,,88363,,,0,30,,88345,,,0,79,,88362,,,0,21,,88346,,,0,70,,88356,,,0,30,,88348,,,0,70,,88364,,,0,30,,88347,,,0,70,,88353,,,0,30,,88351,,,0,99,,88350,,,0,100,,88349,,,0,100,,88352,,,0
42200,'1CCSDCUT-Weekday',641,,88365,,,0,70,,88383,,,0,30,,88366,,,0,70,,88387,,,0,30,,88367,,,0,70,,88388,,,0,30,,88368,,,0,70,,88385,,,0,30,,88369,,,0,70,,88386,,,0,30,,88370,,,0,70,,88389,,,0,30,,88371,,,0,70,,88382,,,0,30,,88372,,,0,70,,88391,,,0,30,,88373,,,0,79,,88390,,,0,21,,88374,,,0,70,,88384,,,0,30,,88376,,,0,70,,88392,,,0,30,,88375,,,0,70,,88381,,,0,30,,88379,,,0,99,,88378,,,0,100,,88377,,,0,100,,88380,,,0
42200,'1PUBCUT-Weekday',641,,88393,,,0,70,,88411,,,0,30,,88394,,,0,70,,88415,,,0,30,,88395,,,0,70,,88416,,,0,30,,88396,,,0,70,,88413,,,0,30,,88397,,,0,70,,88414,,,0,30,,88398,,,0,70,,88417,,,0,30,,88399,,,0,70,,88410,,,0,30,,88400,,,0,70,,88419,,,0,30,,88401,,,0,79,,88418,,,0,21,,88402,,,0,70,,88412,,,0,30,,88404,,,0,70,,88420,,,0,30,,88403,,,0,70,,88409,,,0,30,,88407,,,0,99,,88406,,,0,100,,88405,,,0,100,,88408,,,0
80200,'Weekday',845,,89167,0,127 187,0
80200,'1PUBCUT-Weekday',845,,89168,0,127 187,0
81500,'Weekday',838,,89216,0,12 13 146 147,0
81500,'1PUBCUT-Weekday',838,,89217,0,12 13 146 147,0
