11500,'Saturday',615,,118675,7,,,0,38,,118695,7,,,0,78,,118676,7,,,0,78,,118677,7,,,0,38,,118678,7,,,0,78,,118679,7,,,0,78,,118680,7,,,0,38,,118681,7,,,0,78,,118682,7,,,0,38,,118683,7,,,0,78,,118684,7,,,0,78,,118685,7,,,0,38,,118686,7,,,0,78,,118687,7,,,0,78,,118688,7,,,0,38,,118689,7,,,0,78,,118690,7,,,0,78,,118692,7,,,0,38,,118693,7,,,0,78,,118694,7,,,0,38,,118691,7,,,0,78,,118696,7,,,0,78,,118698,7,,,0,38,,118697,7,,,0,78,,118699,7,,,0,78,,118702,7,,,0,38,,118701,7,,,0,78,,118700,7,,,0
11500,'Sunday',615,,118703,7,,,0,38,,118704,7,,,0,78,,118705,7,,,0,78,,118706,7,,,0,38,,118707,7,,,0,78,,118708,7,,,0,78,,118709,7,,,0,38,,118710,7,,,0,78,,118711,7,,,0,38,,118712,7,,,0,78,,118713,7,,,0,78,,118714,7,,,0,38,,118715,7,,,0,78,,118716,7,,,0,78,,118717,7,,,0,38,,118718,7,,,0,78,,118719,7,,,0,78,,118721,7,,,0,38,,118722,7,,,0,78,,118723,7,,,0,38,,118720,7,,,0,78,,118724,7,,,0,78,,118726,7,,,0,38,,118725,7,,,0,78,,118727,7,,,0,78,,118730,7,,,0,38,,118729,7,,,0,78,,118728,7,,,0
11500,'Weekday',429,,118765,7,,,0,74,,118731,7,,,0,5,,118766,7,,,0,27,,118732,7,,,0,72,,118742,7,,,0,32,,118734,7,,,0,12,,118767,7,,,0,55,,118768,7,,,0,5,,118735,7,,,0,32,,118737,7,,,0,72,,118743,7,,,0,32,,118738,7,,,0,72,,118736,7,,,0,32,,118739,7,,,0,72,,118744,7,,,0,32,,118740,7,,,0,72,,118741,7,,,0,32,,118745,7,,,0,72,,118746,7,,,0,72,,118747,7,,,0,32,,118748,7,,,0,72,,118751,7,,,0,32,,118756,7,,,0,72,,118749,7,,,0,32,,118757,7,,,0,72,,118750,7,,,0,32,,118752,7,,,0,72,,118753,7,,,0,32,,118754,7,,,0,72,,118755,7,,,0,32,,118758,7,,,0,72,,118759,7,,,0,32,,118764,7,,,0,72,,118761,7,,,0,72,,118762,7,,,0,32,,118760,7,,,0,72,,118763,7,,,0,32,,118733,7,,,0
11500,'STMPSa-Saturday',615,,118769,7,,,0,38,,118789,7,,,0,78,,118770,7,,,0,78,,118771,7,,,0,38,,118772,7,,,0,78,,118773,7,,,0,78,,118774,7,,,0,38,,118775,7,,,0,78,,118776,7,,,0,38,,118777,7,,,0,78,,118778,7,,,0,78,,118779,7,,,0,38,,118780,7,,,0,78,,118781,7,,,0,78,,118782,7,,,0,38,,118783,7,,,0,78,,118784,7,,,0,78,,118786,7,,,0,38,,118787,7,,,0,78,,118788,7,,,0,38,,118785,7,,,0,78,,118790,7,,,0,78,,118792,7,,,0,38,,118791,7,,,0,78,,118793,7,,,0,78,,118796,7,,,0,38,,118795,7,,,0,78,,118794,7,,,0
11500,'STMPSnea-Weekday',429,,118831,7,,,0,74,,118797,7,,,0,5,,118832,7,,,0,27,,118798,7,,,0,72,,118808,7,,,0,32,,118800,7,,,0,12,,118833,7,,,0,55,,118834,7,,,0,5,,118801,7,,,0,32,,118803,7,,,0,72,,118809,7,,,0,32,,118804,7,,,0,72,,118802,7,,,0,32,,118805,7,,,0,72,,118810,7,,,0,32,,118806,7,,,0,72,,118807,7,,,0,32,,118811,7,,,0,72,,118812,7,,,0,72,,118813,7,,,0,32,,118814,7,,,0,72,,118817,7,,,0,32,,118822,7,,,0,72,,118815,7,,,0,32,,118823,7,,,0,72,,118816,7,,,0,32,,118818,7,,,0,72,,118819,7,,,0,32,,118820,7,,,0,72,,118821,7,,,0,32,,118824,7,,,0,72,,118825,7,,,0,32,,118830,7,,,0,72,,118827,7,,,0,72,,118828,7,,,0,32,,118826,7,,,0,72,,118829,7,,,0,32,,118799,7,,,0
11500,'STMPSu1-Sunday',615,,118835,7,,,0,38,,118836,7,,,0,78,,118837,7,,,0,78,,118838,7,,,0,38,,118839,7,,,0,78,,118840,7,,,0,78,,118841,7,,,0,38,,118842,7,,,0,78,,118843,7,,,0,38,,118844,7,,,0,78,,118845,7,,,0,78,,118846,7,,,0,38,,118847,7,,,0,78,,118848,7,,,0,78,,118849,7,,,0,38,,118850,7,,,0,78,,118851,7,,,0,78,,118853,7,,,0,38,,118854,7,,,0,78,,118855,7,,,0,38,,118852,7,,,0,78,,118856,7,,,0,78,,118858,7,,,0,38,,118857,7,,,0,78,,118859,7,,,0,78,,118862,7,,,0,38,,118861,7,,,0,78,,118860,7,,,0
11500,'STMPSu2-Sunday',615,,118863,7,,,0,38,,118864,7,,,0,78,,118865,7,,,0,78,,118866,7,,,0,38,,118867,7,,,0,78,,118868,7,,,0,78,,118869,7,,,0,38,,118870,7,,,0,78,,118871,7,,,0,38,,118872,7,,,0,78,,118873,7,,,0,78,,118874,7,,,0,38,,118875,7,,,0,78,,118876,7,,,0,78,,118877,7,,,0,38,,118878,7,,,0,78,,118879,7,,,0,78,,118881,7,,,0,38,,118882,7,,,0,78,,118883,7,,,0,38,,118880,7,,,0,78,,118884,7,,,0,78,,118886,7,,,0,38,,118885,7,,,0,78,,118887,7,,,0,78,,118890,7,,,0,38,,118889,7,,,0,78,,118888,7,,,0
11500,'STMPWeek-Weekday',429,,118925,7,,,0,74,,118891,7,,,0,5,,118926,7,,,0,27,,118892,7,,,0,72,,118902,7,,,0,32,,118894,7,,,0,12,,118927,7,,,0,55,,118928,7,,,0,5,,118895,7,,,0,32,,118897,7,,,0,72,,118903,7,,,0,32,,118898,7,,,0,72,,118896,7,,,0,32,,118899,7,,,0,72,,118904,7,,,0,32,,118900,7,,,0,72,,118901,7,,,0,32,,118905,7,,,0,72,,118906,7,,,0,72,,118907,7,,,0,32,,118908,7,,,0,72,,118911,7,,,0,32,,118916,7,,,0,72,,118909,7,,,0,32,,118917,7,,,0,72,,118910,7,,,0,32,,118912,7,,,0,72,,118913,7,,,0,32,,118914,7,,,0,72,,118915,7,,,0,32,,118918,7,,,0,72,,118919,7,,,0,32,,118924,7,,,0,72,,118921,7,,,0,72,,118922,7,,,0,32,,118920,7,,,0,72,,118923,7,,,0,32,,118893,7,,,0
11500,'STMPar-Weekday',429,,118963,7,,,0,74,,118929,7,,,0,5,,118964,7,,,0,27,,118930,7,,,0,72,,118940,7,,,0,32,,118932,7,,,0,12,,118965,7,,,0,55,,118966,7,,,0,5,,118933,7,,,0,32,,118935,7,,,0,72,,118941,7,,,0,32,,118936,7,,,0,72,,118934,7,,,0,32,,118937,7,,,0,72,,118942,7,,,0,32,,118938,7,,,0,72,,118939,7,,,0,32,,118943,7,,,0,72,,118944,7,,,0,72,,118945,7,,,0,32,,118946,7,,,0,72,,118949,7,,,0,32,,118954,7,,,0,72,,118947,7,,,0,32,,118955,7,,,0,72,,118948,7,,,0,32,,118950,7,,,0,72,,118951,7,,,0,32,,118952,7,,,0,72,,118953,7,,,0,32,,118956,7,,,0,72,,118957,7,,,0,32,,118962,7,,,0,72,,118959,7,,,0,72,,118960,7,,,0,32,,118958,7,,,0,72,,118961,7,,,0,32,,118931,7,,,0
15800,'Saturday',553,,131453,9,,,0,80,,131428,9,,,0,80,,131430,9,,,0,40,,131433,9,,,0,80,,131429,9,,,0,80,,131431,9,,,0,40,,131432,9,,,0,80,,131434,9,,,0,80,,131435,9,,,0,40,,131436,9,,,0,81,,131437,9,,,0,80,,131438,9,,,0,40,,131439,9,,,0,80,,131440,9,,,0,80,,131441,9,,,0,40,,131442,9,,,0,80,,131443,9,,,0,80,,131444,9,,,0,40,,131446,9,,,0,80,,131447,9,,,0,80,,131445,9,,,0,40,,131448,9,,,0,80,,131449,9,,,0,80,,131450,9,,,0,40,,131454,9,,,0,80,,131451,9,,,0,80,,131452,9,,,0
15800,'Sunday',553,,131464,9,,,0,80,,131474,9,,,0,80,,131455,9,,,0,40,,131465,9,,,0,80,,131475,9,,,0,80,,131456,9,,,0,40,,131466,9,,,0,80,,131476,9,,,0,80,,131457,9,,,0,40,,131467,9,,,0,81,,131477,9,,,0,80,,131458,9,,,0,40,,131468,9,,,0,80,,131478,9,,,0,80,,131459,9,,,0,40,,131469,9,,,0,80,,131479,9,,,0,80,,131460,9,,,0,40,,131470,9,,,0,80,,131480,9,,,0,80,,131461,9,,,0,40,,131472,9,,,0,80,,131481,9,,,0,80,,131462,9,,,0,40,,131471,9,,,0,80,,131482,9,,,0,80,,131463,9,,,0,40,,131473,9,,,0
15800,'Weekday',504,,131483,9,,,0,33,,131491,9,,,0,70,,131501,9,,,0,31,,131506,9,,,0,70,,131484,9,,,0,30,,131492,9,,,0,70,,131500,9,,,0,30,,131507,9,,,0,71,,131485,9,,,0,30,,131493,9,,,0,70,,131502,9,,,0,30,,131508,9,,,0,69,,131486,9,,,0,30,,131494,9,,,0,70,,131503,9,,,0,30,,131509,9,,,0,70,,131487,9,,,0,30,,131495,9,,,0,70,,131504,9,,,0,30,,131510,9,,,0,80,,131488,9,,,0,23,,131496,9,,,0,70,,131505,9,,,0,32,,131511,9,,,0,67,,131489,9,,,0,30,,131497,9,,,0,70,,131490,9,,,0,28,,131517,9,,,0,70,,131518,9,,,0,30,,131512,9,,,0,70,,131515,9,,,0,30,,131498,9,,,0,70,,131519,9,,,0,30,,131513,9,,,0,70,,131516,9,,,0,30,,131499,9,,,0,70,,131520,9,,,0,30,,131514,9,,,0
15800,'STMPSa-Saturday',553,,131546,9,,,0,80,,131521,9,,,0,80,,131523,9,,,0,40,,131526,9,,,0,80,,131522,9,,,0,80,,131524,9,,,0,40,,131525,9,,,0,80,,131527,9,,,0,80,,131528,9,,,0,40,,131529,9,,,0,81,,131530,9,,,0,80,,131531,9,,,0,40,,131532,9,,,0,80,,131534,9,,,0,80,,131535,9,,,0,40,,131536,9,,,0,80,,131533,9,,,0,80,,131537,9,,,0,40,,131539,9,,,0,80,,131540,9,,,0,80,,131538,9,,,0,40,,131541,9,,,0,80,,131542,9,,,0,80,,131543,9,,,0,40,,131547,9,,,0,80,,131544,9,,,0,80,,131545,9,,,0
15800,'STMPSnea-Weekday',504,,131548,9,,,0,33,,131556,9,,,0,70,,131566,9,,,0,31,,131571,9,,,0,70,,131549,9,,,0,30,,131557,9,,,0,70,,131565,9,,,0,30,,131572,9,,,0,71,,131550,9,,,0,30,,131558,9,,,0,70,,131567,9,,,0,30,,131573,9,,,0,69,,131551,9,,,0,30,,131559,9,,,0,70,,131568,9,,,0,30,,131574,9,,,0,70,,131552,9,,,0,30,,131560,9,,,0,70,,131569,9,,,0,30,,131575,9,,,0,80,,131553,9,,,0,23,,131561,9,,,0,70,,131570,9,,,0,32,,131576,9,,,0,67,,131554,9,,,0,30,,131562,9,,,0,70,,131555,9,,,0,28,,131582,9,,,0,70,,131583,9,,,0,30,,131577,9,,,0,70,,131580,9,,,0,30,,131563,9,,,0,70,,131584,9,,,0,30,,131578,9,,,0,70,,131581,9,,,0,30,,131564,9,,,0,70,,131585,9,,,0,30,,131579,9,,,0
15800,'STMPSu1-Sunday',553,,131595,9,,,0,80,,131605,9,,,0,80,,131586,9,,,0,40,,131596,9,,,0,80,,131606,9,,,0,80,,131587,9,,,0,40,,131597,9,,,0,80,,131607,9,,,0,80,,131588,9,,,0,40,,131598,9,,,0,81,,131608,9,,,0,80,,131589,9,,,0,40,,131599,9,,,0,80,,131609,9,,,0,80,,131590,9,,,0,40,,131600,9,,,0,80,,131610,9,,,0,80,,131591,9,,,0,40,,131601,9,,,0,80,,131611,9,,,0,80,,131592,9,,,0,40,,131603,9,,,0,80,,131612,9,,,0,80,,131593,9,,,0,40,,131602,9,,,0,80,,131613,9,,,0,80,,131594,9,,,0,40,,131604,9,,,0
15800,'STMPSu2-Sunday',553,,131623,9,,,0,80,,131633,9,,,0,80,,131614,9,,,0,40,,131624,9,,,0,80,,131634,9,,,0,80,,131615,9,,,0,40,,131625,9,,,0,80,,131635,9,,,0,80,,131616,9,,,0,40,,131626,9,,,0,81,,131636,9,,,0,80,,131617,9,,,0,40,,131627,9,,,0,80,,131637,9,,,0,80,,131618,9,,,0,40,,131628,9,,,0,80,,131638,9,,,0,80,,131619,9,,,0,40,,131629,9,,,0,80,,131639,9,,,0,80,,131620,9,,,0,40,,131631,9,,,0,80,,131640,9,,,0,80,,131621,9,,,0,40,,131630,9,,,0,80,,131641,9,,,0,80,,131622,9,,,0,40,,131632,9,,,0
15800,'STMPWeek-Weekday',504,,131642,9,,,0,33,,131650,9,,,0,70,,131660,9,,,0,31,,131665,9,,,0,70,,131643,9,,,0,30,,131651,9,,,0,70,,131659,9,,,0,30,,131666,9,,,0,71,,131644,9,,,0,30,,131652,9,,,0,70,,131661,9,,,0,30,,131667,9,,,0,69,,131645,9,,,0,30,,131653,9,,,0,70,,131662,9,,,0,30,,131668,9,,,0,70,,131646,9,,,0,30,,131654,9,,,0,70,,131663,9,,,0,30,,131669,9,,,0,80,,131647,9,,,0,23,,131655,9,,,0,70,,131664,9,,,0,32,,131670,9,,,0,67,,131648,9,,,0,30,,131656,9,,,0,70,,131649,9,,,0,28,,131676,9,,,0,70,,131677,9,,,0,30,,131671,9,,,0,70,,131674,9,,,0,30,,131657,9,,,0,70,,131678,9,,,0,30,,131672,9,,,0,70,,131675,9,,,0,30,,131658,9,,,0,70,,131679,9,,,0,30,,131673,9,,,0
15800,'STMPar-Weekday',504,,131680,9,,,0,33,,131688,9,,,0,70,,131698,9,,,0,31,,131703,9,,,0,70,,131681,9,,,0,30,,131689,9,,,0,70,,131697,9,,,0,30,,131704,9,,,0,71,,131682,9,,,0,30,,131690,9,,,0,70,,131699,9,,,0,30,,131705,9,,,0,69,,131683,9,,,0,30,,131691,9,,,0,70,,131700,9,,,0,30,,131706,9,,,0,70,,131684,9,,,0,30,,131692,9,,,0,70,,131701,9,,,0,30,,131707,9,,,0,80,,131685,9,,,0,23,,131693,9,,,0,70,,131702,9,,,0,32,,131708,9,,,0,67,,131686,9,,,0,30,,131694,9,,,0,70,,131687,9,,,0,28,,131714,9,,,0,70,,131715,9,,,0,30,,131709,9,,,0,70,,131712,9,,,0,30,,131695,9,,,0,70,,131716,9,,,0,30,,131710,9,,,0,70,,131713,9,,,0,30,,131696,9,,,0,70,,131717,9,,,0,30,,131711,9,,,0
