16900,'Saturday',622,,62564,18,,,0,80,,62562,18,,,0,40,,62565,18,,,0,80,,62566,18,,,0,80,,62563,18,,,0,40,,62567,18,,,0,80,,62568,18,,,0,80,,62569,18,,,0,40,,62570,18,,,0,81,,62572,18,,,0,80,,62574,18,,,0,40,,62571,18,,,0,80,,62575,18,,,0,80,,62573,18,,,0,40,,62577,18,,,0,80,,62578,18,,,0,80,,62581,18,,,0,40,,62579,18,,,0,79,,62576,18,,,0,80,,62580,18,,,0,40,,62582,18,,,0,80,,62583,18,,,0,80,,62584,18,,,0,40,,62585,18,,,0,80,,62588,18,,,0,80,,62586,18,,,0,40,,62587,18,,,0
16900,'Sunday',622,,62599,18,,,0,80,,62608,18,,,0,40,,62589,18,,,0,80,,62600,18,,,0,80,,62609,18,,,0,40,,62590,18,,,0,80,,62602,18,,,0,80,,62610,18,,,0,40,,62591,18,,,0,81,,62601,18,,,0,80,,62612,18,,,0,40,,62594,18,,,0,80,,62603,18,,,0,80,,62611,18,,,0,40,,62593,18,,,0,80,,62604,18,,,0,80,,62613,18,,,0,40,,62595,18,,,0,79,,62605,18,,,0,80,,62614,18,,,0,40,,62596,18,,,0,80,,62606,18,,,0,80,,62615,18,,,0,40,,62597,18,,,0,80,,62607,18,,,0,80,,62592,18,,,0,40,,62598,18,,,0
16900,'Weekday',509,,62639,18,,,0,31,,62616,18,,,0,70,,62624,18,,,0,29,,62633,18,,,0,70,,62640,18,,,0,32,,62617,18,,,0,70,,62623,18,,,0,28,,62634,18,,,0,69,,62641,18,,,0,32,,62618,18,,,0,70,,62625,18,,,0,30,,62635,18,,,0,70,,62642,18,,,0,29,,62619,18,,,0,70,,62626,18,,,0,30,,62637,18,,,0,70,,62643,18,,,0,30,,62620,18,,,0,70,,62627,18,,,0,30,,62636,18,,,0,70,,62644,18,,,0,34,,62621,18,,,0,70,,62628,18,,,0,30,,62638,18,,,0,72,,62645,18,,,0,29,,62622,18,,,0,70,,62629,18,,,0,28,,62648,18,,,0,67,,62630,18,,,0,30,,62651,18,,,0,70,,62646,18,,,0,30,,62649,18,,,0,70,,62631,18,,,0,30,,62652,18,,,0,70,,62647,18,,,0,30,,62650,18,,,0,70,,62632,18,,,0,30,,62653,18,,,0
16900,'1CCSDCUT-Weekday',509,,62677,18,,,0,31,,62654,18,,,0,70,,62662,18,,,0,29,,62671,18,,,0,70,,62678,18,,,0,32,,62655,18,,,0,70,,62661,18,,,0,28,,62672,18,,,0,69,,62679,18,,,0,32,,62656,18,,,0,70,,62663,18,,,0,30,,62673,18,,,0,70,,62680,18,,,0,29,,62657,18,,,0,70,,62664,18,,,0,30,,62675,18,,,0,70,,62681,18,,,0,30,,62658,18,,,0,70,,62665,18,,,0,30,,62674,18,,,0,70,,62682,18,,,0,34,,62659,18,,,0,70,,62666,18,,,0,30,,62676,18,,,0,72,,62683,18,,,0,29,,62660,18,,,0,70,,62667,18,,,0,28,,62686,18,,,0,67,,62668,18,,,0,30,,62689,18,,,0,70,,62684,18,,,0,30,,62687,18,,,0,70,,62669,18,,,0,30,,62690,18,,,0,70,,62685,18,,,0,30,,62688,18,,,0,70,,62670,18,,,0,30,,62691,18,,,0
16900,'1PUBCUT-Weekday',509,,62715,18,,,0,31,,62692,18,,,0,70,,62700,18,,,0,29,,62709,18,,,0,70,,62716,18,,,0,32,,62693,18,,,0,70,,62699,18,,,0,28,,62710,18,,,0,69,,62717,18,,,0,32,,62694,18,,,0,70,,62701,18,,,0,30,,62711,18,,,0,70,,62718,18,,,0,29,,62695,18,,,0,70,,62702,18,,,0,30,,62713,18,,,0,70,,62719,18,,,0,30,,62696,18,,,0,70,,62703,18,,,0,30,,62712,18,,,0,70,,62720,18,,,0,34,,62697,18,,,0,70,,62704,18,,,0,30,,62714,18,,,0,72,,62721,18,,,0,29,,62698,18,,,0,70,,62705,18,,,0,28,,62724,18,,,0,67,,62706,18,,,0,30,,62727,18,,,0,70,,62722,18,,,0,30,,62725,18,,,0,70,,62707,18,,,0,30,,62728,18,,,0,70,,62723,18,,,0,30,,62726,18,,,0,70,,62708,18,,,0,30,,62729,18,,,0
77300,'Weekday',742,,68734,19,0,125 6 126 31,0
77300,'1CCSDCUT-Weekday',742,,68735,19,0,125 6 126 31,0
80700,'Weekday',826,,68882,15,0,127 126 31,0
80700,'1PUBCUT-Weekday',826,,68883,15,0,127 126 31,0
81700,'Weekday',822,,68934,14,0,12 13 126 31,0
81700,'1PUBCUT-Weekday',822,,68935,14,0,12 13 126 31,0
81701,'Weekday0000100',1458,,68936,21,0,12 13 126 31,0
81701,'Weekday1111000',1558,,68937,21,0,12 13 126 31,0
81701,'1PUBCUT-Weekday0000100',1458,,68938,21,0,12 13 126 31,0
81701,'1PUBCUT-Weekday1111000',1558,,68939,21,0,12 13 126 31,0
