6101,'Saturday',504,,98457,14,,,0,32,,98456,14,,,0,72,,98422,14,,,0,32,,98424,14,,,0,73,,98425,14,,,0,34,,98426,14,,,0,74,,98423,14,,,0,34,,98428,14,,,0,74,,98430,14,,,0,74,,98427,14,,,0,36,,98431,14,,,0,76,,98429,14,,,0,36,,98433,14,,,0,76,,98434,14,,,0,76,,98435,14,,,0,36,,98432,14,,,0,76,,98436,14,,,0,36,,98438,14,,,0,76,,98440,14,,,0,76,,98441,14,,,0,36,,98437,14,,,0,76,,98439,14,,,0,36,,98443,14,,,0,76,,98446,14,,,0,76,,98447,14,,,0,36,,98449,14,,,0,76,,98445,14,,,0,36,,98442,14,,,0,76,,98450,14,,,0,74,,98444,14,,,0,33,,98448,14,,,0,73,,98452,14,,,0,33,,98451,14,,,0,73,,98453,14,,,0,33,,98454,14,,,0,73,,98455,14,,,0
6101,'Sunday',504,,98463,14,,,0,32,,98461,14,,,0,72,,98458,14,,,0,32,,98460,14,,,0,73,,98459,14,,,0,34,,98464,14,,,0,74,,98465,14,,,0,34,,98462,14,,,0,74,,98466,14,,,0,74,,98468,14,,,0,36,,98469,14,,,0,76,,98470,14,,,0,36,,98467,14,,,0,76,,98473,14,,,0,76,,98475,14,,,0,36,,98471,14,,,0,76,,98474,14,,,0,36,,98472,14,,,0,76,,98476,14,,,0,76,,98477,14,,,0,36,,98478,14,,,0,76,,98479,14,,,0,36,,98480,14,,,0,76,,98481,14,,,0,76,,98482,14,,,0,36,,98483,14,,,0,76,,98485,14,,,0,36,,98484,14,,,0,76,,98486,14,,,0,74,,98487,14,,,0,33,,98488,14,,,0,73,,98489,14,,,0,33,,98491,14,,,0,73,,98492,14,,,0,33,,98490,14,,,0,73,,98493,14,,,0
6101,'Weekday',444,,98494,14,,,0,72,,98515,14,,,0,32,,98504,14,,,0,72,,98500,14,,,0,35,,98506,14,,,0,77,,98498,14,,,0,77,,98499,14,,,0,37,,98507,14,,,0,77,,98495,14,,,0,77,,98519,14,,,0,37,,98521,14,,,0,77,,98522,14,,,0,37,,98523,14,,,0,77,,98520,14,,,0,77,,98524,14,,,0,37,,98525,14,,,0,77,,98526,14,,,0,37,,98527,14,,,0,78,,98528,14,,,0,78,,98518,14,,,0,36,,98505,14,,,0,76,,98509,14,,,0,76,,98513,14,,,0,36,,98501,14,,,0,76,,98497,14,,,0,36,,98496,14,,,0,76,,98502,14,,,0,76,,98503,14,,,0,33,,98510,14,,,0,72,,98508,14,,,0,32,,98512,14,,,0,70,,98529,14,,,0,30,,98517,14,,,0,70,,98514,14,,,0,30,,98511,14,,,0,70,,98516,14,,,0
6101,'STMPSa-Saturday',504,,98565,14,,,0,32,,98564,14,,,0,72,,98530,14,,,0,32,,98532,14,,,0,73,,98533,14,,,0,34,,98534,14,,,0,74,,98531,14,,,0,34,,98536,14,,,0,74,,98538,14,,,0,74,,98535,14,,,0,36,,98539,14,,,0,76,,98537,14,,,0,36,,98541,14,,,0,76,,98542,14,,,0,76,,98543,14,,,0,36,,98540,14,,,0,76,,98544,14,,,0,36,,98546,14,,,0,76,,98548,14,,,0,76,,98549,14,,,0,36,,98545,14,,,0,76,,98547,14,,,0,36,,98551,14,,,0,76,,98554,14,,,0,76,,98555,14,,,0,36,,98557,14,,,0,76,,98553,14,,,0,36,,98550,14,,,0,76,,98558,14,,,0,74,,98552,14,,,0,33,,98556,14,,,0,73,,98560,14,,,0,33,,98559,14,,,0,73,,98561,14,,,0,33,,98562,14,,,0,73,,98563,14,,,0
6101,'STMPSnea-Weekday',444,,98566,14,,,0,72,,98587,14,,,0,32,,98576,14,,,0,72,,98572,14,,,0,35,,98578,14,,,0,77,,98570,14,,,0,77,,98571,14,,,0,37,,98579,14,,,0,77,,98567,14,,,0,77,,98591,14,,,0,37,,98593,14,,,0,77,,98594,14,,,0,37,,98595,14,,,0,77,,98592,14,,,0,77,,98596,14,,,0,37,,98597,14,,,0,77,,98598,14,,,0,37,,98599,14,,,0,78,,98600,14,,,0,78,,98590,14,,,0,36,,98577,14,,,0,76,,98581,14,,,0,76,,98585,14,,,0,36,,98573,14,,,0,76,,98569,14,,,0,36,,98568,14,,,0,76,,98574,14,,,0,76,,98575,14,,,0,33,,98582,14,,,0,72,,98580,14,,,0,32,,98584,14,,,0,70,,98601,14,,,0,30,,98589,14,,,0,70,,98586,14,,,0,30,,98583,14,,,0,70,,98588,14,,,0
6101,'STMPSu1-Sunday',504,,98607,14,,,0,32,,98605,14,,,0,72,,98602,14,,,0,32,,98604,14,,,0,73,,98603,14,,,0,34,,98608,14,,,0,74,,98610,14,,,0,34,,98606,14,,,0,74,,98611,14,,,0,74,,98609,14,,,0,36,,98613,14,,,0,76,,98614,14,,,0,36,,98612,14,,,0,76,,98617,14,,,0,76,,98619,14,,,0,36,,98615,14,,,0,76,,98618,14,,,0,36,,98616,14,,,0,76,,98620,14,,,0,76,,98621,14,,,0,36,,98622,14,,,0,76,,98623,14,,,0,36,,98624,14,,,0,76,,98625,14,,,0,76,,98626,14,,,0,36,,98627,14,,,0,76,,98630,14,,,0,36,,98629,14,,,0,76,,98631,14,,,0,74,,98628,14,,,0,33,,98632,14,,,0,73,,98633,14,,,0,33,,98635,14,,,0,73,,98636,14,,,0,33,,98634,14,,,0,73,,98637,14,,,0
6101,'STMPSu2-Sunday',504,,98643,14,,,0,32,,98641,14,,,0,72,,98638,14,,,0,32,,98640,14,,,0,73,,98639,14,,,0,34,,98644,14,,,0,74,,98645,14,,,0,34,,98642,14,,,0,74,,98646,14,,,0,74,,98648,14,,,0,36,,98649,14,,,0,76,,98650,14,,,0,36,,98647,14,,,0,76,,98653,14,,,0,76,,98655,14,,,0,36,,98651,14,,,0,76,,98654,14,,,0,36,,98652,14,,,0,76,,98656,14,,,0,76,,98657,14,,,0,36,,98658,14,,,0,76,,98659,14,,,0,36,,98660,14,,,0,76,,98661,14,,,0,76,,98662,14,,,0,36,,98663,14,,,0,76,,98665,14,,,0,36,,98664,14,,,0,76,,98666,14,,,0,74,,98667,14,,,0,33,,98668,14,,,0,73,,98669,14,,,0,33,,98671,14,,,0,73,,98672,14,,,0,33,,98670,14,,,0,73,,98673,14,,,0
6101,'STMPWeek-Weekday',444,,98674,14,,,0,72,,98695,14,,,0,32,,98684,14,,,0,72,,98680,14,,,0,35,,98686,14,,,0,77,,98678,14,,,0,77,,98679,14,,,0,37,,98687,14,,,0,77,,98675,14,,,0,77,,98699,14,,,0,37,,98701,14,,,0,77,,98702,14,,,0,37,,98703,14,,,0,77,,98700,14,,,0,77,,98704,14,,,0,37,,98705,14,,,0,77,,98706,14,,,0,37,,98707,14,,,0,78,,98708,14,,,0,78,,98698,14,,,0,36,,98685,14,,,0,76,,98689,14,,,0,76,,98693,14,,,0,36,,98681,14,,,0,76,,98677,14,,,0,36,,98676,14,,,0,76,,98682,14,,,0,76,,98683,14,,,0,33,,98690,14,,,0,72,,98688,14,,,0,32,,98692,14,,,0,70,,98709,14,,,0,30,,98697,14,,,0,70,,98694,14,,,0,30,,98691,14,,,0,70,,98696,14,,,0
6101,'STMPar-Weekday',444,,98710,14,,,0,72,,98731,14,,,0,32,,98720,14,,,0,72,,98716,14,,,0,35,,98722,14,,,0,77,,98711,14,,,0,77,,98715,14,,,0,37,,98723,14,,,0,77,,98712,14,,,0,77,,98735,14,,,0,37,,98737,14,,,0,77,,98738,14,,,0,37,,98739,14,,,0,77,,98736,14,,,0,77,,98740,14,,,0,37,,98741,14,,,0,77,,98742,14,,,0,37,,98743,14,,,0,78,,98744,14,,,0,78,,98734,14,,,0,36,,98721,14,,,0,76,,98725,14,,,0,76,,98729,14,,,0,36,,98717,14,,,0,76,,98714,14,,,0,36,,98713,14,,,0,76,,98718,14,,,0,76,,98719,14,,,0,33,,98726,14,,,0,72,,98724,14,,,0,32,,98728,14,,,0,70,,98745,14,,,0,30,,98733,14,,,0,70,,98730,14,,,0,30,,98727,14,,,0,70,,98732,14,,,0
55500,'Sunday',800,42,145258,55,,,0,100,42,145259,55,,,0,100,42,145260,55,,,0,100,42,145261,55,,,0,100,42,145262,55,,,0,100,42,145263,55,,,0,100,41,145264,55,,,0,100,41,145265,55,,,0,100,41,145266,55,,,0,100,41,145267,55,,,0
55500,'STMPSu1-Sunday',800,42,145269,55,,,0,100,42,145270,55,,,0,100,42,145271,55,,,0,100,42,145272,55,,,0,100,42,145273,55,,,0,100,42,145274,55,,,0,100,41,145275,55,,,0,100,41,145276,55,,,0,100,41,145277,55,,,0,100,41,145278,55,,,0
55500,'STMPSu2-Sunday',800,42,145280,55,,,0,100,42,145281,55,,,0,100,42,145282,55,,,0,100,42,145283,55,,,0,100,42,145284,55,,,0,100,42,145285,55,,,0,100,41,145286,55,,,0,100,41,145287,55,,,0,100,41,145288,55,,,0,100,41,145289,55,,,0
