1201,'Saturday',732,,77231,3,,,0,70,,77235,3,,,0,30,,77251,3,,,0,70,,77236,3,,,0,30,,77249,3,,,0,70,,77234,3,,,0,30,,77232,3,,,0,70,,77233,3,,,0,30,,77250,3,,,0,70,,77238,3,,,0,30,,77242,3,,,0,70,,77257,3,,,0,30,,77237,3,,,0,70,,77243,3,,,0,30,,77253,3,,,0,70,,77240,3,,,0,30,,77239,3,,,0,70,,77258,3,,,0,30,,77241,3,,,0,70,,77245,3,,,0,30,,77254,3,,,0,70,,77246,3,,,0,30,,77259,3,,,0,70,,77252,3,,,0,30,,77260,3,,,0,70,,77247,3,,,0,30,,77261,3,,,0,70,,77244,3,,,0,30,,77262,3,,,0,70,,77256,3,,,0,30,,77263,3,,,0,70,,77248,3,,,0
1201,'Sunday',802,,77266,3,,,0,30,,77288,3,,,0,70,,77267,3,,,0,30,,77264,3,,,0,70,,77284,3,,,0,30,,77269,3,,,0,70,,77271,3,,,0,30,,77290,3,,,0,70,,77268,3,,,0,30,,77272,3,,,0,70,,77274,3,,,0,30,,77287,3,,,0,70,,77275,3,,,0,30,,77270,3,,,0,70,,77285,3,,,0,30,,77273,3,,,0,70,,77276,3,,,0,30,,77291,3,,,0,70,,77277,3,,,0,30,,77278,3,,,0,70,,77286,3,,,0,30,,77279,3,,,0,70,,77280,3,,,0,30,,77289,3,,,0,70,,77281,3,,,0,30,,77282,3,,,0,70,,77294,3,,,0,30,,77283,3,,,0,70,,77296,3,,,0,30,,77292,3,,,0,70,,77295,3,,,0
1201,'Weekday',530,,77299,3,,,0,26,,77302,3,,,0,70,,77300,3,,,0,30,,77301,3,,,0,70,,77304,3,,,0,30,,77305,3,,,0,70,,77306,3,,,0,30,,77307,3,,,0,70,,77309,3,,,0,30,,77310,3,,,0,70,,77308,3,,,0,30,,77312,3,,,0,70,,77313,3,,,0,30,,77311,3,,,0,70,,77314,3,,,0,32,,77315,3,,,0,68,,77316,3,,,0,30,,77317,3,,,0,70,,77318,3,,,0,75,,77319,3,,,0,28,,77320,3,,,0,30,,77322,3,,,0,70,,77323,3,,,0,30,,77324,3,,,0,70,,77321,3,,,0,30,,77325,3,,,0,75,,77326,3,,,0,70,,77327,3,,,0,30,,77328,3,,,0,70,,77329,3,,,0,30,,77330,3,,,0,70,,77331,3,,,0,30,,77332,3,,,0,70,,77333,3,,,0,30,,77334,3,,,0,70,,77335,3,,,0
1201,'STMPSa-Saturday',732,,77337,3,,,0,70,,77341,3,,,0,30,,77358,3,,,0,70,,77342,3,,,0,30,,77355,3,,,0,70,,77340,3,,,0,30,,77338,3,,,0,70,,77339,3,,,0,30,,77356,3,,,0,70,,77344,3,,,0,30,,77348,3,,,0,70,,77363,3,,,0,30,,77343,3,,,0,70,,77349,3,,,0,30,,77357,3,,,0,70,,77346,3,,,0,30,,77345,3,,,0,70,,77364,3,,,0,30,,77347,3,,,0,70,,77351,3,,,0,30,,77360,3,,,0,70,,77352,3,,,0,30,,77365,3,,,0,70,,77359,3,,,0,30,,77367,3,,,0,70,,77353,3,,,0,30,,77368,3,,,0,70,,77350,3,,,0,30,,77366,3,,,0,70,,77362,3,,,0,30,,77369,3,,,0,70,,77354,3,,,0
1201,'STMPSnea-Weekday',530,,77372,3,,,0,26,,77375,3,,,0,70,,77373,3,,,0,30,,77374,3,,,0,70,,77377,3,,,0,30,,77378,3,,,0,70,,77379,3,,,0,30,,77380,3,,,0,70,,77382,3,,,0,30,,77383,3,,,0,70,,77381,3,,,0,30,,77385,3,,,0,70,,77386,3,,,0,30,,77384,3,,,0,70,,77387,3,,,0,32,,77388,3,,,0,68,,77389,3,,,0,30,,77390,3,,,0,70,,77391,3,,,0,75,,77392,3,,,0,28,,77393,3,,,0,30,,77395,3,,,0,70,,77396,3,,,0,30,,77397,3,,,0,70,,77394,3,,,0,30,,77398,3,,,0,75,,77399,3,,,0,70,,77400,3,,,0,30,,77401,3,,,0,70,,77402,3,,,0,30,,77403,3,,,0,70,,77404,3,,,0,30,,77405,3,,,0,70,,77406,3,,,0,30,,77407,3,,,0,70,,77408,3,,,0
1201,'STMPSu1-Sunday',802,,77411,3,,,0,30,,77433,3,,,0,70,,77412,3,,,0,30,,77409,3,,,0,70,,77429,3,,,0,30,,77414,3,,,0,70,,77416,3,,,0,30,,77435,3,,,0,70,,77413,3,,,0,30,,77417,3,,,0,70,,77420,3,,,0,30,,77432,3,,,0,70,,77421,3,,,0,30,,77415,3,,,0,70,,77430,3,,,0,30,,77419,3,,,0,70,,77418,3,,,0,30,,77436,3,,,0,70,,77422,3,,,0,30,,77423,3,,,0,70,,77431,3,,,0,30,,77424,3,,,0,70,,77425,3,,,0,30,,77434,3,,,0,70,,77426,3,,,0,30,,77427,3,,,0,70,,77439,3,,,0,30,,77428,3,,,0,70,,77441,3,,,0,30,,77437,3,,,0,70,,77440,3,,,0
1201,'STMPSu2-Sunday',802,,77444,3,,,0,30,,77466,3,,,0,70,,77445,3,,,0,30,,77442,3,,,0,70,,77462,3,,,0,30,,77447,3,,,0,70,,77449,3,,,0,30,,77468,3,,,0,70,,77446,3,,,0,30,,77450,3,,,0,70,,77452,3,,,0,30,,77465,3,,,0,70,,77453,3,,,0,30,,77448,3,,,0,70,,77463,3,,,0,30,,77451,3,,,0,70,,77454,3,,,0,30,,77469,3,,,0,70,,77455,3,,,0,30,,77456,3,,,0,70,,77464,3,,,0,30,,77457,3,,,0,70,,77458,3,,,0,30,,77467,3,,,0,70,,77459,3,,,0,30,,77460,3,,,0,70,,77472,3,,,0,30,,77461,3,,,0,70,,77474,3,,,0,30,,77470,3,,,0,70,,77473,3,,,0
1201,'STMPWeek-Weekday',530,,77477,3,,,0,26,,77480,3,,,0,70,,77478,3,,,0,30,,77479,3,,,0,70,,77482,3,,,0,30,,77483,3,,,0,70,,77484,3,,,0,30,,77485,3,,,0,70,,77487,3,,,0,30,,77488,3,,,0,70,,77486,3,,,0,30,,77490,3,,,0,70,,77491,3,,,0,30,,77489,3,,,0,70,,77492,3,,,0,32,,77493,3,,,0,68,,77494,3,,,0,30,,77495,3,,,0,70,,77496,3,,,0,75,,77497,3,,,0,28,,77498,3,,,0,30,,77500,3,,,0,70,,77501,3,,,0,30,,77502,3,,,0,70,,77499,3,,,0,30,,77503,3,,,0,75,,77504,3,,,0,70,,77505,3,,,0,30,,77506,3,,,0,70,,77507,3,,,0,30,,77508,3,,,0,70,,77509,3,,,0,30,,77510,3,,,0,70,,77511,3,,,0,30,,77512,3,,,0,70,,77513,3,,,0
1201,'STMPar-Weekday',530,,77517,3,,,0,26,,77519,3,,,0,70,,77518,3,,,0,30,,77515,3,,,0,70,,77521,3,,,0,30,,77522,3,,,0,70,,77523,3,,,0,30,,77524,3,,,0,70,,77526,3,,,0,30,,77527,3,,,0,70,,77525,3,,,0,30,,77529,3,,,0,70,,77530,3,,,0,30,,77528,3,,,0,70,,77531,3,,,0,32,,77532,3,,,0,68,,77533,3,,,0,30,,77534,3,,,0,70,,77535,3,,,0,75,,77536,3,,,0,28,,77537,3,,,0,30,,77539,3,,,0,70,,77540,3,,,0,30,,77541,3,,,0,70,,77538,3,,,0,30,,77542,3,,,0,75,,77543,3,,,0,70,,77544,3,,,0,30,,77545,3,,,0,70,,77546,3,,,0,30,,77547,3,,,0,70,,77548,3,,,0,30,,77549,3,,,0,70,,77550,3,,,0,30,,77551,3,,,0,70,,77552,3,,,0
6301,'Weekday',602,,98815,3,,,0,35,,98814,3,,,0,75,,98816,3,,,0,35,,98818,3,,,0,75,,98817,3,,,0,680,,98821,3,,,0,35,,98819,3,,,0,75,,98822,3,,,0,35,,98823,3,,,0,75,,98824,3,,,0,35,,98820,3,,,0
6301,'STMPSnea-Weekday',602,,98826,3,,,0,35,,98825,3,,,0,75,,98827,3,,,0,35,,98829,3,,,0,75,,98828,3,,,0,680,,98832,3,,,0,35,,98830,3,,,0,75,,98833,3,,,0,35,,98834,3,,,0,75,,98835,3,,,0,35,,98831,3,,,0
6301,'STMPWeek-Weekday',602,,98837,3,,,0,35,,98836,3,,,0,75,,98838,3,,,0,35,,98840,3,,,0,75,,98839,3,,,0,680,,98843,3,,,0,35,,98841,3,,,0,75,,98844,3,,,0,35,,98845,3,,,0,75,,98846,3,,,0,35,,98842,3,,,0
6301,'STMPar-Weekday',602,,98848,3,,,0,35,,98847,3,,,0,75,,98849,3,,,0,35,,98851,3,,,0,75,,98850,3,,,0,680,,98854,3,,,0,35,,98852,3,,,0,75,,98855,3,,,0,35,,98856,3,,,0,75,,98857,3,,,0,35,,98853,3,,,0
