1201,'Saturday',803,,49239,,,0,30,,49243,,,0,70,,49259,,,0,30,,49244,,,0,70,,49257,,,0,30,,49242,,,0,70,,49240,,,0,30,,49241,,,0,70,,49258,,,0,30,,49246,,,0,70,,49250,,,0,30,,49265,,,0,70,,49245,,,0,30,,49251,,,0,70,,49261,,,0,30,,49248,,,0,70,,49247,,,0,30,,49266,,,0,70,,49249,,,0,30,,49253,,,0,70,,49262,,,0,30,,49254,,,0,70,,49267,,,0,30,,49260,,,0,70,,49268,,,0,30,,49255,,,0,70,,49269,,,0,30,,49252,,,0,70,,49270,,,0,30,,49264,,,0,70,,49271,,,0,30,,49256,,,0
1201,'Sunday',833,,49274,,,0,70,,49296,,,0,30,,49275,,,0,70,,49272,,,0,30,,49292,,,0,70,,49277,,,0,30,,49279,,,0,70,,49298,,,0,30,,49276,,,0,70,,49280,,,0,30,,49282,,,0,70,,49295,,,0,30,,49283,,,0,70,,49278,,,0,30,,49293,,,0,70,,49281,,,0,30,,49284,,,0,70,,49299,,,0,30,,49285,,,0,70,,49286,,,0,30,,49294,,,0,70,,49287,,,0,30,,49288,,,0,70,,49297,,,0,30,,49289,,,0,70,,49290,,,0,30,,49302,,,0,70,,49291,,,0,30,,49304,,,0,70,,49300,,,0,30,,49303,,,0
1201,'Weekday',526,,49306,,,0,74,,49305,,,0,30,,49311,,,0,26,,49308,,,0,70,,49309,,,0,30,,49312,,,0,70,,49314,,,0,30,,49315,,,0,70,,49316,,,0,30,,49318,,,0,70,,49319,,,0,30,,49317,,,0,70,,49321,,,0,30,,49322,,,0,70,,49320,,,0,30,,49323,,,0,72,,49324,,,0,28,,49325,,,0,70,,49326,,,0,30,,49328,,,0,75,,49329,,,0,28,,49330,,,0,55,,49327,,,0,15,,49332,,,0,30,,49333,,,0,70,,49334,,,0,30,,49331,,,0,70,,49335,,,0,75,,49336,,,0,30,,49337,,,0,70,,49338,,,0,30,,49339,,,0,70,,49340,,,0,30,,49341,,,0,70,,49342,,,0,30,,49343,,,0,70,,49344,,,0,30,,49345,,,0
1201,'1CCSDCUT-Weekday',526,,49348,,,0,74,,49347,,,0,30,,49353,,,0,26,,49350,,,0,70,,49351,,,0,30,,49354,,,0,70,,49356,,,0,30,,49357,,,0,70,,49358,,,0,30,,49360,,,0,70,,49361,,,0,30,,49359,,,0,70,,49363,,,0,30,,49364,,,0,70,,49362,,,0,30,,49365,,,0,72,,49366,,,0,28,,49367,,,0,70,,49368,,,0,30,,49370,,,0,75,,49371,,,0,28,,49372,,,0,55,,49369,,,0,15,,49374,,,0,30,,49375,,,0,70,,49376,,,0,30,,49373,,,0,70,,49377,,,0,75,,49378,,,0,30,,49379,,,0,70,,49380,,,0,30,,49381,,,0,70,,49382,,,0,30,,49383,,,0,70,,49384,,,0,30,,49385,,,0,70,,49386,,,0,30,,49387,,,0
1201,'1PUBCUT-Weekday',526,,49390,,,0,74,,49389,,,0,30,,49395,,,0,26,,49392,,,0,70,,49393,,,0,30,,49396,,,0,70,,49398,,,0,30,,49399,,,0,70,,49400,,,0,30,,49402,,,0,70,,49403,,,0,30,,49401,,,0,70,,49405,,,0,30,,49406,,,0,70,,49404,,,0,30,,49407,,,0,72,,49408,,,0,28,,49409,,,0,70,,49410,,,0,30,,49412,,,0,75,,49413,,,0,28,,49414,,,0,55,,49411,,,0,15,,49416,,,0,30,,49417,,,0,70,,49418,,,0,30,,49415,,,0,70,,49419,,,0,75,,49420,,,0,30,,49421,,,0,70,,49422,,,0,30,,49423,,,0,70,,49424,,,0,30,,49425,,,0,70,,49426,,,0,30,,49427,,,0,70,,49428,,,0,30,,49429,,,0
5200,'Saturday',548,,59362,,,0,85,,59361,,,0,85,,59365,,,0,85,,59363,,,0,45,,59366,,,0,85,,59367,,,0,85,,59369,,,0,85,,59370,,,0,45,,59371,,,0,85,,59368,,,0,92,,59373,,,0,85,,59375,,,0,45,,59372,,,0,85,,59377,,,0,84,,59374,,,0,86,,59376,,,0,40,,59379,,,0,90,,59380,,,0,82,,59381,,,0,88,,59378,,,0,45,,59382,,,0,85,,59364,,,0
5200,'Sunday',727,,59383,,,0,100,,59384,,,0,85,,59385,,,0,45,,59386,,,0,85,,59388,,,0,85,,59389,,,0,85,,59387,,,0,45,,59391,,,0,85,,59392,,,0,85,,59390,,,0,85,,59393,,,0,45,,59394,,,0,85,,59395,,,0,85,,59398,,,0,85,,59399,,,0,45,,59396,,,0,85,,59397,,,0,85,,59400,,,0,85,,59401,,,0
5200,'Weekday',603,,59422,,,0,45,,59420,,,0,85,,59423,,,0,85,,59419,,,0,93,,59421,,,0,45,,59415,,,0,85,,59416,,,0,85,,59417,,,0,85,,59418,,,0,45,,59410,,,0,85,,59414,,,0,85,,59412,,,0,92,,59413,,,0,86,,59408,,,0,44,,59411,,,0,85,,59407,,,0,85,,59409,,,0,83,,59405,,,0,45,,59406,,,0,87,,59404,,,0,81,,59402,,,0,91,,59403,,,0
5200,'1CCSDCUT-Weekday',603,,59445,,,0,45,,59443,,,0,85,,59446,,,0,85,,59442,,,0,93,,59444,,,0,45,,59438,,,0,85,,59439,,,0,85,,59440,,,0,85,,59441,,,0,45,,59433,,,0,85,,59437,,,0,85,,59435,,,0,92,,59436,,,0,86,,59431,,,0,44,,59434,,,0,85,,59430,,,0,85,,59432,,,0,83,,59428,,,0,45,,59429,,,0,87,,59427,,,0,81,,59425,,,0,91,,59426,,,0
5200,'1PUBCUT-Weekday',603,,59468,,,0,45,,59466,,,0,85,,59469,,,0,85,,59465,,,0,93,,59467,,,0,45,,59461,,,0,85,,59462,,,0,85,,59463,,,0,85,,59464,,,0,45,,59456,,,0,85,,59460,,,0,85,,59458,,,0,92,,59459,,,0,86,,59454,,,0,44,,59457,,,0,85,,59453,,,0,85,,59455,,,0,83,,59451,,,0,45,,59452,,,0,87,,59450,,,0,81,,59448,,,0,91,,59449,,,0
7800,'Saturday',635,,65312,,,0,75,,65319,,,0,35,,65320,,,0,75,,65321,,,0,35,,65318,,,0,75,,65322,,,0,75,,65323,,,0,35,,65324,,,0,75,,65325,,,0,35,,65326,,,0,75,,65328,,,0,75,,65329,,,0,35,,65330,,,0,75,,65327,,,0,35,,65331,,,0,75,,65332,,,0,35,,65333,,,0,75,,65334,,,0,75,,65335,,,0,35,,65336,,,0,75,,65339,,,0,35,,65340,,,0,75,,65341,,,0,75,,65337,,,0,35,,65338,,,0,75,,65342,,,0,35,,65317,,,0,75,,65314,,,0,35,,65315,,,0,75,,65316,,,0,75,,65313,,,0
7800,'Sunday',635,,65358,,,0,75,,65343,,,0,35,,65359,,,0,75,,65344,,,0,35,,65360,,,0,75,,65345,,,0,75,,65361,,,0,35,,65346,,,0,75,,65364,,,0,35,,65348,,,0,75,,65363,,,0,75,,65347,,,0,35,,65362,,,0,75,,65349,,,0,35,,65365,,,0,75,,65350,,,0,35,,65366,,,0,75,,65351,,,0,75,,65367,,,0,35,,65352,,,0,75,,65368,,,0,35,,65353,,,0,75,,65369,,,0,75,,65354,,,0,35,,65370,,,0,75,,65355,,,0,35,,65371,,,0,75,,65357,,,0,35,,65372,,,0,75,,65356,,,0,75,,65373,,,0
7800,'Weekday',455,,65374,,,0,70,,65387,,,0,20,,65403,,,0,60,,65375,,,0,31,,65388,,,0,20,,65405,,,0,60,,65376,,,0,20,,65385,,,0,20,,65389,,,0,60,,65406,,,0,20,,65377,,,0,20,,65386,,,0,60,,65390,,,0,22,,65407,,,0,65,,65378,,,0,25,,65391,,,0,25,,65408,,,0,65,,65379,,,0,25,,65392,,,0,65,,65409,,,0,25,,65380,,,0,25,,65393,,,0,65,,65410,,,0,25,,65381,,,0,65,,65394,,,0,25,,65411,,,0,65,,65382,,,0,21,,65414,,,0,20,,65395,,,0,60,,65412,,,0,20,,65383,,,0,20,,65421,,,0,60,,65397,,,0,20,,65413,,,0,20,,65384,,,0,60,,65396,,,0,20,,65398,,,0,32,,65415,,,0,74,,65400,,,0,75,,65416,,,0,35,,65399,,,0,75,,65417,,,0,35,,65401,,,0,75,,65418,,,0,75,,65402,,,0,35,,65419,,,0,77,,65404,,,0,35,,65420,,,0
7800,'1CCSDCUT-Weekday',455,,65422,,,0,70,,65435,,,0,20,,65451,,,0,60,,65423,,,0,31,,65436,,,0,20,,65453,,,0,60,,65424,,,0,20,,65433,,,0,20,,65437,,,0,60,,65454,,,0,20,,65425,,,0,20,,65434,,,0,60,,65438,,,0,22,,65455,,,0,65,,65426,,,0,25,,65439,,,0,25,,65456,,,0,65,,65427,,,0,25,,65440,,,0,65,,65457,,,0,25,,65428,,,0,25,,65441,,,0,65,,65458,,,0,25,,65429,,,0,65,,65442,,,0,25,,65459,,,0,65,,65430,,,0,21,,65462,,,0,20,,65443,,,0,60,,65460,,,0,20,,65431,,,0,20,,65469,,,0,60,,65445,,,0,20,,65461,,,0,20,,65432,,,0,60,,65444,,,0,20,,65446,,,0,32,,65463,,,0,74,,65448,,,0,75,,65464,,,0,35,,65447,,,0,75,,65465,,,0,35,,65449,,,0,75,,65466,,,0,75,,65450,,,0,35,,65467,,,0,75,,65452,,,0,37,,65468,,,0
7800,'1PUBCUT-Weekday',455,,65470,,,0,70,,65483,,,0,20,,65499,,,0,60,,65471,,,0,31,,65484,,,0,20,,65501,,,0,60,,65472,,,0,20,,65481,,,0,20,,65485,,,0,60,,65502,,,0,20,,65473,,,0,20,,65482,,,0,60,,65486,,,0,22,,65503,,,0,65,,65474,,,0,25,,65487,,,0,25,,65504,,,0,65,,65475,,,0,25,,65488,,,0,65,,65505,,,0,25,,65476,,,0,25,,65489,,,0,65,,65506,,,0,25,,65477,,,0,65,,65490,,,0,25,,65507,,,0,65,,65478,,,0,21,,65510,,,0,20,,65491,,,0,60,,65508,,,0,20,,65479,,,0,20,,65517,,,0,60,,65493,,,0,20,,65509,,,0,20,,65480,,,0,60,,65492,,,0,20,,65494,,,0,32,,65511,,,0,74,,65496,,,0,75,,65512,,,0,35,,65495,,,0,75,,65513,,,0,35,,65497,,,0,75,,65514,,,0,75,,65498,,,0,35,,65515,,,0,75,,65500,,,0,37,,65516,,,0
10200,'Saturday',615,,71928,,,0,30,,71929,,,0,70,,71930,,,0,30,,71934,,,0,70,,71931,,,0,30,,71932,,,0,70,,71933,,,0,30,,71935,,,0,70,,71936,,,0,30,,71937,,,0,70,,71938,,,0,30,,71939,,,0,70,,71940,,,0,30,,71941,,,0,70,,71942,,,0,30,,71943,,,0,70,,71944,,,0,30,,71945,,,0,70,,71946,,,0,30,,71947,,,0,70,,71949,,,0,30,,71950,,,0,70,,71951,,,0,30,,71948,,,0,70,,71952,,,0,30,,71953,,,0,70,,71954,,,0,30,,71955,,,0,70,,71960,,,0,30,,71961,,,0,70,,71959,,,0,30,,71962,,,0,70,,71963,,,0,30,,71964,,,0,70,,71957,,,0,30,,71958,,,0,70,,71956,,,0
10200,'Sunday',615,,71965,,,0,30,,71980,,,0,70,,71966,,,0,30,,71979,,,0,70,,71967,,,0,30,,71981,,,0,70,,71968,,,0,30,,71982,,,0,70,,71969,,,0,30,,71983,,,0,70,,71970,,,0,30,,71985,,,0,70,,71971,,,0,30,,71984,,,0,70,,71972,,,0,30,,71986,,,0,70,,71973,,,0,30,,71987,,,0,70,,71974,,,0,30,,71988,,,0,70,,71976,,,0,30,,71989,,,0,70,,71977,,,0,30,,71991,,,0,70,,71978,,,0,30,,71992,,,0,70,,71975,,,0,30,,71993,,,0,70,,71997,,,0,30,,71996,,,0,70,,71998,,,0,30,,71999,,,0,70,,71994,,,0,30,,71990,,,0,70,,71995,,,0
10200,'Weekday',453,,72000,,,0,67,,72001,,,0,28,,72002,,,0,65,,72004,,,0,20,,72006,,,0,20,,72003,,,0,60,,72007,,,0,20,,72005,,,0,20,,72008,,,0,60,,72009,,,0,20,,72010,,,0,20,,72011,,,0,67,,72012,,,0,30,,72013,,,0,70,,72014,,,0,30,,72015,,,0,70,,72016,,,0,30,,72017,,,0,70,,72019,,,0,30,,72020,,,0,70,,72021,,,0,30,,72022,,,0,70,,72023,,,0,27,,72024,,,0,63,,72018,,,0,20,,72025,,,0,20,,72026,,,0,60,,72027,,,0,20,,72028,,,0,20,,72029,,,0,60,,72030,,,0,20,,72031,,,0,20,,72032,,,0,60,,72033,,,0,20,,72035,,,0,26,,72036,,,0,70,,72037,,,0,30,,72034,,,0,70,,72038,,,0,30,,72039,,,0,70,,72040,,,0,30,,72041,,,0,70,,72042,,,0,30,,72043,,,0,70,,72044,,,0,30,,72045,,,0,70,,72046,,,0
10200,'1CCSDCUT-Weekday',453,,72048,,,0,67,,72049,,,0,28,,72050,,,0,65,,72052,,,0,20,,72054,,,0,20,,72051,,,0,60,,72055,,,0,20,,72053,,,0,20,,72056,,,0,60,,72057,,,0,20,,72058,,,0,20,,72059,,,0,67,,72060,,,0,30,,72061,,,0,70,,72062,,,0,30,,72063,,,0,70,,72064,,,0,30,,72065,,,0,70,,72067,,,0,30,,72068,,,0,70,,72069,,,0,30,,72070,,,0,70,,72071,,,0,27,,72072,,,0,63,,72066,,,0,20,,72073,,,0,20,,72074,,,0,60,,72075,,,0,20,,72076,,,0,20,,72077,,,0,60,,72078,,,0,20,,72079,,,0,20,,72080,,,0,60,,72081,,,0,20,,72083,,,0,26,,72084,,,0,70,,72085,,,0,30,,72082,,,0,70,,72086,,,0,30,,72087,,,0,70,,72088,,,0,30,,72089,,,0,70,,72090,,,0,30,,72091,,,0,70,,72092,,,0,30,,72093,,,0,70,,72094,,,0
10200,'1PUBCUT-Weekday',453,,72096,,,0,67,,72097,,,0,28,,72098,,,0,65,,72100,,,0,20,,72102,,,0,20,,72099,,,0,60,,72103,,,0,20,,72101,,,0,20,,72104,,,0,60,,72105,,,0,20,,72106,,,0,20,,72107,,,0,67,,72108,,,0,30,,72109,,,0,70,,72110,,,0,30,,72111,,,0,70,,72112,,,0,30,,72113,,,0,70,,72115,,,0,30,,72116,,,0,70,,72117,,,0,30,,72118,,,0,70,,72119,,,0,27,,72120,,,0,63,,72114,,,0,20,,72121,,,0,20,,72122,,,0,60,,72123,,,0,20,,72124,,,0,20,,72125,,,0,60,,72126,,,0,20,,72127,,,0,20,,72128,,,0,60,,72129,,,0,20,,72131,,,0,26,,72132,,,0,70,,72133,,,0,30,,72130,,,0,70,,72134,,,0,30,,72135,,,0,70,,72136,,,0,30,,72137,,,0,70,,72138,,,0,30,,72139,,,0,70,,72140,,,0,30,,72141,,,0,70,,72142,,,0
19401,'Weekday',455,,83109,,,0,65,,83108,,,0,25,,83110,,,0,66,,83111,,,0,25,,83112,,,0,65,,83113,,,0,25,,83114,,,0,25,,83115,,,0,60,,83116,,,0,40,,83117,,,0,90,,83118,,,0,90,,83119,,,0,90,,83120,,,0,90,,83121,,,0,90,,83122,,,0,50,,83124,,,0,70,,83125,,,0,29,,83126,,,0,61,,83123,,,0,25,,83127,,,0,65,,83128,,,0,25,,83129,,,0,25,,83130,,,0,65,,83131,,,0,25,,83132,,,0,65,,83133,,,0,25,,83134,,,0,20,,83135,,,0
19401,'1CCSDCUT-Weekday',455,,83138,,,0,65,,83137,,,0,25,,83139,,,0,66,,83140,,,0,25,,83141,,,0,65,,83142,,,0,25,,83143,,,0,25,,83144,,,0,60,,83145,,,0,40,,83146,,,0,90,,83147,,,0,90,,83148,,,0,90,,83149,,,0,90,,83150,,,0,90,,83151,,,0,50,,83153,,,0,70,,83154,,,0,29,,83155,,,0,61,,83152,,,0,25,,83156,,,0,65,,83157,,,0,25,,83158,,,0,25,,83159,,,0,65,,83160,,,0,25,,83161,,,0,65,,83162,,,0,25,,83163,,,0,20,,83164,,,0
19401,'1PUBCUT-Weekday',455,,83167,,,0,65,,83166,,,0,25,,83168,,,0,66,,83169,,,0,25,,83170,,,0,65,,83171,,,0,25,,83172,,,0,25,,83173,,,0,60,,83174,,,0,40,,83175,,,0,90,,83176,,,0,90,,83177,,,0,90,,83178,,,0,90,,83179,,,0,90,,83180,,,0,50,,83182,,,0,70,,83183,,,0,29,,83184,,,0,61,,83181,,,0,25,,83185,,,0,65,,83186,,,0,25,,83187,,,0,25,,83188,,,0,65,,83189,,,0,25,,83190,,,0,65,,83191,,,0,25,,83192,,,0,20,,83193,,,0
