801,'Saturday',708,,27659,33,,,0,27,,27660,33,,,0,67,,27661,33,,,0,27,,27662,33,,,0,27,,27663,33,,,0,67,,27664,33,,,0,27,,27665,33,,,0,67,,27666,33,,,0,27,,27667,33,,,0,67,,27668,33,,,0,27,,27669,33,,,0,67,,27670,33,,,0,27,,27671,33,,,0,27,,27672,33,,,0,67,,27673,33,,,0,27,,27674,33,,,0,67,,27676,33,,,0,27,,27677,33,,,0,67,,27678,33,,,0,27,,27675,33,,,0,67,,27679,33,,,0,27,,27680,33,,,0,67,,27681,33,,,0,27,,27682,33,,,0,27,,27683,33,,,0,67,,27685,33,,,0,27,,27686,33,,,0,67,,27687,33,,,0,27,,27684,33,,,0,67,,27688,33,,,0,27,,27689,33,,,0,70,,27690,33,,,0,35,,27691,33,,,0,75,,27692,33,,,0,35,,27693,33,,,0,75,,27694,33,,,0,75,,27695,33,,,0
801,'Sunday',708,,27697,33,,,0,27,,27696,33,,,0,67,,27698,33,,,0,27,,27699,33,,,0,27,,27700,33,,,0,67,,27701,33,,,0,27,,27703,33,,,0,67,,27702,33,,,0,27,,27704,33,,,0,67,,27705,33,,,0,27,,27706,33,,,0,67,,27707,33,,,0,27,,27708,33,,,0,27,,27709,33,,,0,67,,27710,33,,,0,27,,27711,33,,,0,67,,27712,33,,,0,27,,27713,33,,,0,67,,27714,33,,,0,27,,27715,33,,,0,67,,27716,33,,,0,27,,27717,33,,,0,67,,27719,33,,,0,27,,27721,33,,,0,27,,27720,33,,,0,67,,27722,33,,,0,27,,27718,33,,,0,67,,27725,33,,,0,27,,27723,33,,,0,67,,27724,33,,,0,27,,27726,33,,,0,70,,27727,33,,,0,35,,27728,33,,,0,75,,27729,33,,,0,35,,27730,33,,,0,75,,27731,33,,,0,75,,27732,33,,,0
801,'Weekday',539,,27794,33,,,0,18,,27757,33,,,0,59,,27736,33,,,0,18,,27738,33,,,0,17,,27748,33,,,0,55,,27765,33,,,0,18,,27773,33,,,0,6,,27781,33,,,0,5,,27782,33,,,0,7,,27795,33,,,0,5,,27783,33,,,0,5,,27784,33,,,0,7,,27758,33,,,0,45,,27785,33,,,0,5,,27786,33,,,0,7,,27737,33,,,0,5,,27787,33,,,0,5,,27788,33,,,0,7,,27740,33,,,0,5,,27789,33,,,0,12,,27749,33,,,0,56,,27766,33,,,0,16,,27774,33,,,0,13,,27796,33,,,0,21,,27759,33,,,0,61,,27739,33,,,0,21,,27750,33,,,0,21,,27767,33,,,0,61,,27797,33,,,0,21,,27760,33,,,0,61,,27741,33,,,0,21,,27751,33,,,0,21,,27769,33,,,0,61,,27798,33,,,0,21,,27761,33,,,0,21,,27742,33,,,0,61,,27752,33,,,0,21,,27768,33,,,0,25,,27799,33,,,0,52,,27790,33,,,0,10,,27762,33,,,0,10,,27791,33,,,0,10,,27743,33,,,0,5,,27792,33,,,0,9,,27776,33,,,0,59,,27753,33,,,0,5,,27793,33,,,0,7,,27779,33,,,0,5,,27770,33,,,0,5,,27778,33,,,0,5,,27780,33,,,0,5,,27775,33,,,0,17,,27800,33,,,0,57,,27763,33,,,0,17,,27744,33,,,0,17,,27777,33,,,0,57,,27734,33,,,0,22,,27771,33,,,0,19,,27801,33,,,0,61,,27764,33,,,0,21,,27745,33,,,0,21,,27754,33,,,0,61,,27772,33,,,0,20,,27802,33,,,0,75,,27735,33,,,0,29,,27755,33,,,0,75,,27804,33,,,0,31,,27746,33,,,0,73,,27756,33,,,0,33,,27803,33,,,0,73,,27747,33,,,0,33,,27733,33,,,0,85,,27805,33,,,0
801,'Weekday0000100',1418,,27806,33,,,0,39,,27807,33,,,0
801,'Weekday1111000',1600,,27808,33,,,0
801,'1CCSDCUT-Weekday',539,,27870,33,,,0,18,,27833,33,,,0,59,,27812,33,,,0,18,,27814,33,,,0,17,,27824,33,,,0,55,,27841,33,,,0,18,,27849,33,,,0,6,,27857,33,,,0,5,,27858,33,,,0,7,,27871,33,,,0,5,,27859,33,,,0,5,,27860,33,,,0,7,,27834,33,,,0,45,,27861,33,,,0,5,,27862,33,,,0,7,,27813,33,,,0,5,,27863,33,,,0,5,,27864,33,,,0,7,,27816,33,,,0,5,,27865,33,,,0,12,,27825,33,,,0,56,,27842,33,,,0,16,,27850,33,,,0,13,,27872,33,,,0,21,,27835,33,,,0,61,,27815,33,,,0,21,,27826,33,,,0,21,,27843,33,,,0,61,,27873,33,,,0,21,,27836,33,,,0,61,,27817,33,,,0,21,,27827,33,,,0,21,,27845,33,,,0,61,,27874,33,,,0,21,,27837,33,,,0,21,,27818,33,,,0,61,,27828,33,,,0,21,,27844,33,,,0,25,,27875,33,,,0,52,,27866,33,,,0,10,,27838,33,,,0,10,,27867,33,,,0,10,,27819,33,,,0,5,,27868,33,,,0,9,,27852,33,,,0,59,,27829,33,,,0,5,,27869,33,,,0,7,,27855,33,,,0,5,,27846,33,,,0,5,,27854,33,,,0,5,,27856,33,,,0,5,,27851,33,,,0,17,,27876,33,,,0,57,,27839,33,,,0,17,,27820,33,,,0,17,,27853,33,,,0,57,,27810,33,,,0,22,,27847,33,,,0,19,,27877,33,,,0,61,,27840,33,,,0,21,,27821,33,,,0,21,,27830,33,,,0,61,,27848,33,,,0,20,,27878,33,,,0,75,,27811,33,,,0,29,,27831,33,,,0,75,,27880,33,,,0,31,,27822,33,,,0,73,,27832,33,,,0,33,,27879,33,,,0,73,,27823,33,,,0,33,,27809,33,,,0,85,,27881,33,,,0
801,'1CCSDCUT-Weekday0000100',1418,,27882,33,,,0,39,,27883,33,,,0
801,'1CCSDCUT-Weekday1111000',1600,,27884,33,,,0
801,'1PUBCUT-Weekday',539,,27946,33,,,0,18,,27909,33,,,0,59,,27888,33,,,0,18,,27890,33,,,0,17,,27900,33,,,0,55,,27917,33,,,0,18,,27925,33,,,0,6,,27933,33,,,0,5,,27934,33,,,0,7,,27947,33,,,0,5,,27935,33,,,0,5,,27936,33,,,0,7,,27910,33,,,0,45,,27937,33,,,0,5,,27938,33,,,0,7,,27889,33,,,0,5,,27939,33,,,0,5,,27940,33,,,0,7,,27892,33,,,0,5,,27941,33,,,0,12,,27901,33,,,0,56,,27918,33,,,0,16,,27926,33,,,0,13,,27948,33,,,0,21,,27911,33,,,0,61,,27891,33,,,0,21,,27902,33,,,0,21,,27919,33,,,0,61,,27949,33,,,0,21,,27912,33,,,0,61,,27893,33,,,0,21,,27903,33,,,0,21,,27921,33,,,0,61,,27950,33,,,0,21,,27913,33,,,0,21,,27894,33,,,0,61,,27904,33,,,0,21,,27920,33,,,0,25,,27951,33,,,0,52,,27942,33,,,0,10,,27914,33,,,0,10,,27943,33,,,0,10,,27895,33,,,0,5,,27944,33,,,0,9,,27928,33,,,0,59,,27905,33,,,0,5,,27945,33,,,0,7,,27931,33,,,0,5,,27922,33,,,0,5,,27930,33,,,0,5,,27932,33,,,0,5,,27927,33,,,0,17,,27952,33,,,0,57,,27915,33,,,0,17,,27896,33,,,0,17,,27929,33,,,0,57,,27886,33,,,0,22,,27923,33,,,0,19,,27953,33,,,0,61,,27916,33,,,0,21,,27897,33,,,0,21,,27906,33,,,0,61,,27924,33,,,0,20,,27954,33,,,0,75,,27887,33,,,0,29,,27907,33,,,0,75,,27956,33,,,0,31,,27898,33,,,0,73,,27908,33,,,0,33,,27955,33,,,0,73,,27899,33,,,0,33,,27885,33,,,0,85,,27957,33,,,0
801,'1PUBCUT-Weekday0000100',1418,,27958,33,,,0,39,,27959,33,,,0
801,'1PUBCUT-Weekday1111000',1600,,27960,33,,,0
10801,'Saturday',710,,52878,4,,,0,45,,52868,4,,,0,85,,52879,4,,,0,85,,52870,4,,,0,85,,52880,4,,,0,45,,52871,4,,,0,85,,52881,4,,,0,85,,52872,4,,,0,85,,52882,4,,,0,45,,52873,4,,,0,85,,52883,4,,,0,85,,52874,4,,,0,85,,52884,4,,,0,45,,52875,4,,,0,85,,52885,4,,,0,85,,52876,4,,,0,85,,52886,4,,,0,45,,52877,4,,,0,85,,52887,4,,,0,85,,52888,4,,,0,85,,52869,4,,,0
10801,'Sunday',710,,52899,4,,,0,45,,52890,4,,,0,85,,52900,4,,,0,85,,52891,4,,,0,85,,52901,4,,,0,45,,52892,4,,,0,85,,52904,4,,,0,85,,52893,4,,,0,85,,52902,4,,,0,45,,52895,4,,,0,85,,52903,4,,,0,85,,52894,4,,,0,85,,52905,4,,,0,45,,52896,4,,,0,85,,52906,4,,,0,85,,52897,4,,,0,85,,52907,4,,,0,45,,52898,4,,,0,85,,52908,4,,,0,85,,52909,4,,,0,85,,52889,4,,,0
10801,'Weekday',618,,52911,4,,,0,31,,52912,4,,,0,70,,52913,4,,,0,30,,52914,4,,,0,70,,52915,4,,,0,30,,52916,4,,,0,70,,52917,4,,,0,30,,52918,4,,,0,70,,52919,4,,,0,30,,52920,4,,,0,70,,52921,4,,,0,30,,52922,4,,,0,70,,52923,4,,,0,30,,52925,4,,,0,70,,52926,4,,,0,30,,52927,4,,,0,70,,52924,4,,,0,30,,52928,4,,,0,70,,52929,4,,,0,30,,52930,4,,,0,70,,52931,4,,,0,30,,52932,4,,,0,70,,52933,4,,,0,30,,52934,4,,,0,70,,52936,4,,,0,30,,52937,4,,,0,70,,52938,4,,,0,30,,52935,4,,,0,70,,52939,4,,,0,30,,52940,4,,,0,70,,52941,4,,,0,29,,52942,4,,,0,70,,52943,4,,,0,30,,52944,4,,,0,70,,52945,4,,,0,30,,52910,4,,,0
10801,'1CCSDCUT-Weekday',618,,52947,4,,,0,31,,52948,4,,,0,70,,52949,4,,,0,30,,52950,4,,,0,70,,52951,4,,,0,30,,52952,4,,,0,70,,52953,4,,,0,30,,52954,4,,,0,70,,52955,4,,,0,30,,52956,4,,,0,70,,52957,4,,,0,30,,52958,4,,,0,70,,52959,4,,,0,30,,52961,4,,,0,70,,52962,4,,,0,30,,52963,4,,,0,70,,52960,4,,,0,30,,52964,4,,,0,70,,52965,4,,,0,30,,52966,4,,,0,70,,52967,4,,,0,30,,52968,4,,,0,70,,52969,4,,,0,30,,52970,4,,,0,70,,52972,4,,,0,30,,52973,4,,,0,70,,52974,4,,,0,30,,52971,4,,,0,70,,52975,4,,,0,30,,52976,4,,,0,70,,52977,4,,,0,29,,52978,4,,,0,70,,52979,4,,,0,30,,52980,4,,,0,70,,52981,4,,,0,30,,52946,4,,,0
10801,'1PUBCUT-Weekday',618,,52983,4,,,0,31,,52984,4,,,0,70,,52985,4,,,0,30,,52986,4,,,0,70,,52987,4,,,0,30,,52988,4,,,0,70,,52989,4,,,0,30,,52990,4,,,0,70,,52991,4,,,0,30,,52992,4,,,0,70,,52993,4,,,0,30,,52994,4,,,0,70,,52995,4,,,0,30,,52997,4,,,0,70,,52998,4,,,0,30,,52999,4,,,0,70,,52996,4,,,0,30,,53000,4,,,0,70,,53001,4,,,0,30,,53002,4,,,0,70,,53003,4,,,0,30,,53004,4,,,0,70,,53005,4,,,0,30,,53006,4,,,0,70,,53008,4,,,0,30,,53009,4,,,0,70,,53010,4,,,0,30,,53007,4,,,0,70,,53011,4,,,0,30,,53012,4,,,0,70,,53013,4,,,0,29,,53014,4,,,0,70,,53015,4,,,0,30,,53016,4,,,0,70,,53017,4,,,0,30,,52982,4,,,0
