11501,'Saturday',710,,74153,,,0,38,,74154,,,0,78,,74155,,,0,78,,74156,,,0,41,,74157,,,0,78,,74158,,,0,78,,74159,,,0,38,,74160,,,0,78,,74161,,,0,38,,74162,,,0,78,,74163,,,0,78,,74164,,,0,38,,74165,,,0,78,,74166,,,0,78,,74167,,,0,38,,74168,,,0,78,,74171,,,0,38,,74172,,,0,78,,74169,,,0,77,,74170,,,0,36,,74175,,,0,78,,74173,,,0,78,,74174,,,0,38,,74176,,,0,78,,74177,,,0,78,,74178,,,0,38,,74179,,,0
11501,'Sunday',710,,74180,,,0,38,,74181,,,0,78,,74182,,,0,78,,74183,,,0,41,,74184,,,0,78,,74185,,,0,78,,74186,,,0,38,,74187,,,0,78,,74188,,,0,38,,74189,,,0,78,,74190,,,0,78,,74191,,,0,38,,74192,,,0,78,,74193,,,0,78,,74194,,,0,38,,74195,,,0,78,,74198,,,0,38,,74199,,,0,78,,74196,,,0,77,,74197,,,0,36,,74202,,,0,78,,74200,,,0,78,,74201,,,0,38,,74203,,,0,78,,74204,,,0,78,,74205,,,0,38,,74206,,,0
11501,'Weekday',623,,74210,,,0,29,,74239,,,0,48,,74208,,,0,32,,74209,,,0,72,,74221,,,0,32,,74212,,,0,72,,74215,,,0,29,,74214,,,0,69,,74218,,,0,32,,74216,,,0,72,,74213,,,0,32,,74217,,,0,72,,74220,,,0,32,,74219,,,0,72,,74224,,,0,32,,74223,,,0,72,,74225,,,0,33,,74228,,,0,77,,74230,,,0,72,,74232,,,0,32,,74226,,,0,21,,74240,,,0,51,,74229,,,0,3,,74241,,,0,29,,74231,,,0,72,,74233,,,0,32,,74234,,,0,71,,74227,,,0,28,,74238,,,0,71,,74235,,,0,32,,74222,,,0,72,,74236,,,0,32,,74211,,,0,72,,74237,,,0,32,,74207,,,0
11501,'1CCSDCUT-Weekday',623,,74245,,,0,29,,74274,,,0,48,,74243,,,0,32,,74244,,,0,72,,74256,,,0,32,,74247,,,0,72,,74250,,,0,29,,74249,,,0,69,,74253,,,0,32,,74251,,,0,72,,74248,,,0,32,,74252,,,0,72,,74255,,,0,32,,74254,,,0,72,,74259,,,0,32,,74258,,,0,72,,74260,,,0,33,,74263,,,0,77,,74265,,,0,72,,74267,,,0,32,,74261,,,0,21,,74275,,,0,51,,74264,,,0,3,,74276,,,0,29,,74266,,,0,72,,74268,,,0,32,,74269,,,0,71,,74262,,,0,28,,74273,,,0,71,,74270,,,0,32,,74257,,,0,72,,74271,,,0,32,,74246,,,0,72,,74272,,,0,32,,74242,,,0
11501,'1PUBCUT-Weekday',623,,74280,,,0,29,,74309,,,0,48,,74278,,,0,32,,74279,,,0,72,,74291,,,0,32,,74282,,,0,72,,74285,,,0,29,,74284,,,0,69,,74288,,,0,32,,74286,,,0,72,,74283,,,0,32,,74287,,,0,72,,74290,,,0,32,,74289,,,0,72,,74294,,,0,32,,74293,,,0,72,,74295,,,0,33,,74298,,,0,77,,74300,,,0,72,,74302,,,0,32,,74296,,,0,21,,74310,,,0,51,,74299,,,0,3,,74311,,,0,29,,74301,,,0,72,,74303,,,0,32,,74304,,,0,71,,74297,,,0,28,,74308,,,0,71,,74305,,,0,32,,74292,,,0,72,,74306,,,0,32,,74281,,,0,72,,74307,,,0,32,,74277,,,0
15800,'Saturday',603,,81748,,,0,40,,81723,,,0,80,,81725,,,0,80,,81728,,,0,40,,81724,,,0,80,,81726,,,0,80,,81727,,,0,40,,81729,,,0,80,,81730,,,0,80,,81731,,,0,41,,81732,,,0,80,,81733,,,0,80,,81734,,,0,40,,81735,,,0,80,,81736,,,0,80,,81737,,,0,40,,81738,,,0,80,,81739,,,0,80,,81741,,,0,40,,81742,,,0,80,,81740,,,0,80,,81743,,,0,40,,81744,,,0,80,,81745,,,0,80,,81749,,,0,40,,81746,,,0,80,,81747,,,0
15800,'Sunday',603,,81759,,,0,40,,81769,,,0,80,,81750,,,0,80,,81760,,,0,40,,81770,,,0,80,,81751,,,0,80,,81761,,,0,40,,81771,,,0,80,,81752,,,0,80,,81762,,,0,41,,81772,,,0,80,,81753,,,0,80,,81763,,,0,40,,81773,,,0,80,,81754,,,0,80,,81764,,,0,40,,81774,,,0,80,,81755,,,0,80,,81765,,,0,40,,81775,,,0,80,,81756,,,0,80,,81767,,,0,40,,81776,,,0,80,,81757,,,0,80,,81766,,,0,40,,81777,,,0,80,,81758,,,0,80,,81768,,,0
15800,'Weekday',515,,81778,,,0,33,,81786,,,0,70,,81796,,,0,32,,81801,,,0,70,,81779,,,0,30,,81787,,,0,70,,81795,,,0,30,,81802,,,0,69,,81780,,,0,30,,81788,,,0,70,,81797,,,0,30,,81803,,,0,69,,81781,,,0,30,,81789,,,0,70,,81798,,,0,30,,81804,,,0,70,,81782,,,0,30,,81790,,,0,70,,81799,,,0,30,,81805,,,0,81,,81783,,,0,23,,81791,,,0,70,,81800,,,0,32,,81806,,,0,67,,81784,,,0,30,,81792,,,0,70,,81785,,,0,27,,81812,,,0,70,,81813,,,0,30,,81807,,,0,70,,81810,,,0,30,,81793,,,0,70,,81814,,,0,30,,81808,,,0,70,,81811,,,0,30,,81794,,,0,70,,81815,,,0,30,,81809,,,0
15800,'1CCSDCUT-Weekday',515,,81816,,,0,33,,81824,,,0,70,,81834,,,0,32,,81839,,,0,70,,81817,,,0,30,,81825,,,0,70,,81833,,,0,30,,81840,,,0,69,,81818,,,0,30,,81826,,,0,70,,81835,,,0,30,,81841,,,0,69,,81819,,,0,30,,81827,,,0,70,,81836,,,0,30,,81842,,,0,70,,81820,,,0,30,,81828,,,0,70,,81837,,,0,30,,81843,,,0,81,,81821,,,0,23,,81829,,,0,70,,81838,,,0,32,,81844,,,0,67,,81822,,,0,30,,81830,,,0,70,,81823,,,0,27,,81850,,,0,70,,81851,,,0,30,,81845,,,0,70,,81848,,,0,30,,81831,,,0,70,,81852,,,0,30,,81846,,,0,70,,81849,,,0,30,,81832,,,0,70,,81853,,,0,30,,81847,,,0
15800,'1PUBCUT-Weekday',515,,81854,,,0,33,,81862,,,0,70,,81872,,,0,32,,81877,,,0,70,,81855,,,0,30,,81863,,,0,70,,81871,,,0,30,,81878,,,0,69,,81856,,,0,30,,81864,,,0,70,,81873,,,0,30,,81879,,,0,69,,81857,,,0,30,,81865,,,0,70,,81874,,,0,30,,81880,,,0,70,,81858,,,0,30,,81866,,,0,70,,81875,,,0,30,,81881,,,0,81,,81859,,,0,23,,81867,,,0,70,,81876,,,0,32,,81882,,,0,67,,81860,,,0,30,,81868,,,0,70,,81861,,,0,27,,81888,,,0,70,,81889,,,0,30,,81883,,,0,70,,81886,,,0,30,,81869,,,0,70,,81890,,,0,30,,81884,,,0,70,,81887,,,0,30,,81870,,,0,70,,81891,,,0,30,,81885,,,0
16900,'Saturday',624,,82858,,,0,80,,82856,,,0,40,,82859,,,0,80,,82860,,,0,80,,82857,,,0,40,,82861,,,0,80,,82862,,,0,80,,82863,,,0,40,,82864,,,0,82,,82866,,,0,80,,82868,,,0,40,,82865,,,0,80,,82869,,,0,80,,82867,,,0,40,,82871,,,0,80,,82872,,,0,80,,82875,,,0,40,,82873,,,0,78,,82870,,,0,80,,82874,,,0,40,,82876,,,0,80,,82877,,,0,80,,82878,,,0,40,,82879,,,0,80,,82882,,,0,80,,82880,,,0,40,,82881,,,0
16900,'Sunday',624,,82893,,,0,80,,82902,,,0,40,,82883,,,0,80,,82894,,,0,80,,82903,,,0,40,,82884,,,0,80,,82896,,,0,80,,82904,,,0,40,,82885,,,0,82,,82895,,,0,80,,82906,,,0,40,,82888,,,0,80,,82897,,,0,80,,82905,,,0,40,,82887,,,0,80,,82898,,,0,80,,82907,,,0,40,,82889,,,0,78,,82899,,,0,80,,82908,,,0,40,,82890,,,0,80,,82900,,,0,80,,82909,,,0,40,,82891,,,0,80,,82901,,,0,80,,82886,,,0,40,,82892,,,0
16900,'Weekday',512,,82933,,,0,31,,82910,,,0,70,,82918,,,0,28,,82927,,,0,70,,82934,,,0,32,,82911,,,0,70,,82917,,,0,29,,82928,,,0,69,,82935,,,0,32,,82912,,,0,70,,82919,,,0,30,,82929,,,0,69,,82936,,,0,30,,82913,,,0,70,,82920,,,0,30,,82931,,,0,70,,82937,,,0,30,,82914,,,0,70,,82921,,,0,30,,82930,,,0,70,,82938,,,0,34,,82915,,,0,70,,82922,,,0,30,,82932,,,0,72,,82939,,,0,29,,82916,,,0,70,,82923,,,0,28,,82942,,,0,67,,82924,,,0,30,,82945,,,0,70,,82940,,,0,30,,82943,,,0,70,,82925,,,0,30,,82946,,,0,69,,82941,,,0,30,,82944,,,0,70,,82926,,,0,30,,82947,,,0
16900,'1CCSDCUT-Weekday',512,,82971,,,0,31,,82948,,,0,70,,82956,,,0,28,,82965,,,0,70,,82972,,,0,32,,82949,,,0,70,,82955,,,0,29,,82966,,,0,69,,82973,,,0,32,,82950,,,0,70,,82957,,,0,30,,82967,,,0,69,,82974,,,0,30,,82951,,,0,70,,82958,,,0,30,,82969,,,0,70,,82975,,,0,30,,82952,,,0,70,,82959,,,0,30,,82968,,,0,70,,82976,,,0,34,,82953,,,0,70,,82960,,,0,30,,82970,,,0,72,,82977,,,0,29,,82954,,,0,70,,82961,,,0,28,,82980,,,0,67,,82962,,,0,30,,82983,,,0,70,,82978,,,0,30,,82981,,,0,70,,82963,,,0,30,,82984,,,0,69,,82979,,,0,30,,82982,,,0,70,,82964,,,0,30,,82985,,,0
16900,'1PUBCUT-Weekday',512,,83009,,,0,31,,82986,,,0,70,,82994,,,0,28,,83003,,,0,70,,83010,,,0,32,,82987,,,0,70,,82993,,,0,29,,83004,,,0,69,,83011,,,0,32,,82988,,,0,70,,82995,,,0,30,,83005,,,0,69,,83012,,,0,30,,82989,,,0,70,,82996,,,0,30,,83007,,,0,70,,83013,,,0,30,,82990,,,0,70,,82997,,,0,30,,83006,,,0,70,,83014,,,0,34,,82991,,,0,70,,82998,,,0,30,,83008,,,0,72,,83015,,,0,29,,82992,,,0,70,,82999,,,0,28,,83018,,,0,67,,83000,,,0,30,,83021,,,0,70,,83016,,,0,30,,83019,,,0,70,,83001,,,0,30,,83022,,,0,69,,83017,,,0,30,,83020,,,0,70,,83002,,,0,30,,83023,,,0
77400,'Weekday',738,,89035,0,125 6 128 129,0
77400,'1CCSDCUT-Weekday',738,,89037,0,125 6 128 129,0
80100,'Weekday',814,,89163,0,127 128 129,0
80100,'1PUBCUT-Weekday',814,,89164,0,127 128 129,0
80101,'Weekday',1547,,89165,0,127 128 129,0
80101,'1PUBCUT-Weekday',1547,,89166,0,127 128 129,0
81401,'Weekday0000100',1455,,89212,0,12 13 128 129,0
81401,'Weekday1111000',1555,,89213,0,12 13 128 129,0
81401,'1PUBCUT-Weekday0000100',1455,,89214,0,12 13 128 129,0
81401,'1PUBCUT-Weekday1111000',1555,,89215,0,12 13 128 129,0
