13101,'Weekday',1640,,124070,13,,,0,60,,124071,13,,,0,20,,124072,13,,,0,20,,124073,13,,,0
13101,'STMPSnea-Weekday',1640,,124074,13,,,0,60,,124075,13,,,0,20,,124076,13,,,0,20,,124077,13,,,0
13101,'STMPWeek-Weekday',1640,,124078,13,,,0,60,,124079,13,,,0,20,,124080,13,,,0,20,,124081,13,,,0
13101,'STMPar-Weekday',1640,,124082,13,,,0,60,,124083,13,,,0,20,,124084,13,,,0,20,,124085,13,,,0
30201,'Saturday',551,,137032,15,,,0,65,,137040,15,,,0,25,,137058,15,,,0,66,,137022,15,,,0,26,,137049,15,,,0,26,,137033,15,,,0,66,,137041,15,,,0,25,,137059,15,,,0,65,,137024,15,,,0,26,,137050,15,,,0,66,,137034,15,,,0,27,,137042,15,,,0,25,,137060,15,,,0,65,,137023,15,,,0,26,,137051,15,,,0,66,,137035,15,,,0,26,,137044,15,,,0,65,,137061,15,,,0,25,,137025,15,,,0,26,,137052,15,,,0,66,,137037,15,,,0,26,,137043,15,,,0,65,,137031,15,,,0,25,,137026,15,,,0,66,,137053,15,,,0,26,,137038,15,,,0,26,,137045,15,,,0,65,,137048,15,,,0,25,,137027,15,,,0,66,,137054,15,,,0,25,,137039,15,,,0,66,,137046,15,,,0,25,,137030,15,,,0,25,,137028,15,,,0,66,,137055,15,,,0,26,,137036,15,,,0,66,,137047,15,,,0,25,,137057,15,,,0,65,,137029,15,,,0,32,,137056,15,,,0,72,,137063,15,,,0,32,,137062,15,,,0,75,,137064,15,,,0,35,,137065,15,,,0
30201,'Sunday',552,,137075,15,,,0,65,,137105,15,,,0,25,,137091,15,,,0,66,,137067,15,,,0,26,,137082,15,,,0,66,,137076,15,,,0,26,,137102,15,,,0,25,,137092,15,,,0,65,,137068,15,,,0,26,,137085,15,,,0,66,,137077,15,,,0,26,,137099,15,,,0,25,,137093,15,,,0,65,,137069,15,,,0,26,,137084,15,,,0,66,,137078,15,,,0,26,,137100,15,,,0,65,,137094,15,,,0,25,,137070,15,,,0,26,,137086,15,,,0,66,,137080,15,,,0,26,,137103,15,,,0,65,,137095,15,,,0,25,,137071,15,,,0,66,,137087,15,,,0,26,,137081,15,,,0,26,,137101,15,,,0,65,,137096,15,,,0,25,,137073,15,,,0,66,,137088,15,,,0,26,,137083,15,,,0,66,,137104,15,,,0,25,,137097,15,,,0,25,,137072,15,,,0,66,,137090,15,,,0,26,,137079,15,,,0,66,,137106,15,,,0,25,,137098,15,,,0,65,,137074,15,,,0,32,,137089,15,,,0,72,,137108,15,,,0,32,,137107,15,,,0,75,,137109,15,,,0
30201,'Weekday',525,,137129,15,,,0,25,,137138,15,,,0,62,,137146,15,,,0,20,,137128,15,,,0,19,,137130,15,,,0,60,,137112,15,,,0,9,,137163,15,,,0,22,,137119,15,,,0,9,,137164,15,,,0,50,,137131,15,,,0,14,,137137,15,,,0,20,,137147,15,,,0,19,,137162,15,,,0,53,,137132,15,,,0,27,,137113,15,,,0,23,,137121,15,,,0,66,,137139,15,,,0,22,,137148,15,,,0,65,,137133,15,,,0,26,,137114,15,,,0,64,,137122,15,,,0,25,,137140,15,,,0,25,,137149,15,,,0,67,,137134,15,,,0,24,,137115,15,,,0,64,,137125,15,,,0,22,,137141,15,,,0,30,,137150,15,,,0,64,,137155,15,,,0,17,,137135,15,,,0,17,,137116,15,,,0,49,,137165,15,,,0,16,,137126,15,,,0,8,,137166,15,,,0,14,,137142,15,,,0,10,,137160,15,,,0,56,,137157,15,,,0,13,,137151,15,,,0,21,,137156,15,,,0,62,,137136,15,,,0,12,,137118,15,,,0,20,,137123,15,,,0,64,,137143,15,,,0,19,,137159,15,,,0,17,,137152,15,,,0,65,,137153,15,,,0,25,,137117,15,,,0,25,,137127,15,,,0,63,,137144,15,,,0,27,,137154,15,,,0,65,,137158,15,,,0,25,,137120,15,,,0,82,,137145,15,,,0,29,,137169,15,,,0,71,,137170,15,,,0,35,,137168,15,,,0
30201,'STMPSa-Saturday',551,,137181,15,,,0,65,,137189,15,,,0,25,,137207,15,,,0,66,,137171,15,,,0,26,,137198,15,,,0,26,,137182,15,,,0,66,,137190,15,,,0,25,,137208,15,,,0,65,,137173,15,,,0,26,,137199,15,,,0,66,,137183,15,,,0,27,,137191,15,,,0,25,,137209,15,,,0,65,,137172,15,,,0,26,,137200,15,,,0,66,,137184,15,,,0,26,,137193,15,,,0,65,,137210,15,,,0,25,,137174,15,,,0,26,,137201,15,,,0,66,,137187,15,,,0,26,,137192,15,,,0,65,,137178,15,,,0,25,,137175,15,,,0,66,,137202,15,,,0,26,,137185,15,,,0,26,,137194,15,,,0,65,,137197,15,,,0,25,,137176,15,,,0,66,,137203,15,,,0,25,,137188,15,,,0,66,,137195,15,,,0,25,,137180,15,,,0,25,,137177,15,,,0,66,,137204,15,,,0,26,,137186,15,,,0,66,,137196,15,,,0,25,,137206,15,,,0,65,,137179,15,,,0,32,,137205,15,,,0,72,,137212,15,,,0,32,,137211,15,,,0,75,,137213,15,,,0,35,,137214,15,,,0,65,,137215,15,,,0,35,,137216,15,,,0
30201,'STMPSnea-Weekday',525,,137234,15,,,0,25,,137243,15,,,0,62,,137251,15,,,0,20,,137233,15,,,0,19,,137235,15,,,0,60,,137217,15,,,0,9,,137268,15,,,0,22,,137224,15,,,0,9,,137269,15,,,0,50,,137236,15,,,0,14,,137242,15,,,0,20,,137252,15,,,0,19,,137267,15,,,0,53,,137237,15,,,0,27,,137218,15,,,0,23,,137226,15,,,0,66,,137244,15,,,0,22,,137253,15,,,0,65,,137238,15,,,0,26,,137219,15,,,0,64,,137227,15,,,0,25,,137245,15,,,0,25,,137254,15,,,0,67,,137239,15,,,0,24,,137220,15,,,0,64,,137230,15,,,0,22,,137246,15,,,0,30,,137255,15,,,0,64,,137260,15,,,0,17,,137240,15,,,0,17,,137221,15,,,0,49,,137270,15,,,0,16,,137231,15,,,0,8,,137271,15,,,0,14,,137247,15,,,0,10,,137265,15,,,0,56,,137262,15,,,0,13,,137256,15,,,0,21,,137261,15,,,0,62,,137241,15,,,0,12,,137223,15,,,0,20,,137228,15,,,0,64,,137248,15,,,0,19,,137264,15,,,0,17,,137257,15,,,0,65,,137258,15,,,0,25,,137222,15,,,0,25,,137232,15,,,0,63,,137249,15,,,0,27,,137259,15,,,0,65,,137263,15,,,0,25,,137225,15,,,0,82,,137250,15,,,0,29,,137274,15,,,0,71,,137275,15,,,0,35,,137273,15,,,0
30201,'STMPSu1-Sunday',552,,137285,15,,,0,65,,137314,15,,,0,25,,137300,15,,,0,66,,137276,15,,,0,26,,137291,15,,,0,66,,137283,15,,,0,26,,137311,15,,,0,25,,137301,15,,,0,65,,137277,15,,,0,26,,137294,15,,,0,66,,137286,15,,,0,26,,137308,15,,,0,25,,137302,15,,,0,65,,137278,15,,,0,26,,137293,15,,,0,66,,137287,15,,,0,26,,137309,15,,,0,65,,137303,15,,,0,25,,137279,15,,,0,26,,137295,15,,,0,66,,137289,15,,,0,26,,137312,15,,,0,65,,137304,15,,,0,25,,137280,15,,,0,66,,137296,15,,,0,26,,137290,15,,,0,26,,137310,15,,,0,65,,137305,15,,,0,25,,137282,15,,,0,66,,137297,15,,,0,26,,137292,15,,,0,66,,137313,15,,,0,25,,137306,15,,,0,25,,137281,15,,,0,66,,137299,15,,,0,26,,137288,15,,,0,66,,137315,15,,,0,25,,137307,15,,,0,65,,137284,15,,,0,32,,137298,15,,,0,72,,137317,15,,,0,32,,137316,15,,,0,75,,137318,15,,,0,35,,137320,15,,,0,65,,137321,15,,,0,35,,137319,15,,,0
30201,'STMPSu2-Sunday',552,,137366,15,,,0,65,,137367,15,,,0,25,,137365,15,,,0,66,,137364,15,,,0,26,,137363,15,,,0,66,,137362,15,,,0,26,,137361,15,,,0,25,,137360,15,,,0,65,,137359,15,,,0,26,,137358,15,,,0,66,,137357,15,,,0,26,,137356,15,,,0,25,,137355,15,,,0,65,,137354,15,,,0,26,,137353,15,,,0,66,,137352,15,,,0,26,,137351,15,,,0,65,,137350,15,,,0,25,,137349,15,,,0,26,,137348,15,,,0,66,,137347,15,,,0,26,,137346,15,,,0,65,,137345,15,,,0,25,,137340,15,,,0,66,,137339,15,,,0,26,,137338,15,,,0,26,,137337,15,,,0,65,,137336,15,,,0,25,,137342,15,,,0,66,,137335,15,,,0,26,,137334,15,,,0,66,,137333,15,,,0,25,,137332,15,,,0,25,,137341,15,,,0,66,,137331,15,,,0,26,,137330,15,,,0,66,,137329,15,,,0,25,,137328,15,,,0,65,,137343,15,,,0,32,,137327,15,,,0,72,,137326,15,,,0,32,,137325,15,,,0,75,,137344,15,,,0,35,,137323,15,,,0,65,,137324,15,,,0,35,,137322,15,,,0
30201,'STMPWeek-Weekday',525,,137385,15,,,0,25,,137394,15,,,0,62,,137402,15,,,0,20,,137384,15,,,0,19,,137386,15,,,0,60,,137368,15,,,0,9,,137418,15,,,0,22,,137375,15,,,0,9,,137419,15,,,0,50,,137387,15,,,0,14,,137393,15,,,0,20,,137403,15,,,0,19,,137417,15,,,0,53,,137388,15,,,0,27,,137369,15,,,0,23,,137377,15,,,0,66,,137395,15,,,0,22,,137404,15,,,0,65,,137389,15,,,0,26,,137370,15,,,0,64,,137378,15,,,0,25,,137396,15,,,0,25,,137405,15,,,0,67,,137390,15,,,0,24,,137371,15,,,0,64,,137381,15,,,0,22,,137397,15,,,0,30,,137406,15,,,0,64,,137411,15,,,0,17,,137391,15,,,0,17,,137372,15,,,0,49,,137420,15,,,0,16,,137382,15,,,0,8,,137421,15,,,0,14,,137398,15,,,0,10,,137416,15,,,0,56,,137413,15,,,0,13,,137407,15,,,0,21,,137412,15,,,0,62,,137392,15,,,0,12,,137374,15,,,0,20,,137379,15,,,0,64,,137399,15,,,0,19,,137415,15,,,0,17,,137408,15,,,0,65,,137409,15,,,0,25,,137373,15,,,0,25,,137383,15,,,0,63,,137400,15,,,0,27,,137410,15,,,0,65,,137414,15,,,0,25,,137376,15,,,0,82,,137401,15,,,0,29,,137423,15,,,0,71,,137424,15,,,0,35,,137422,15,,,0,65,,137425,15,,,0,35,,137426,15,,,0
30201,'STMPar-Weekday',525,,137444,15,,,0,25,,137453,15,,,0,62,,137461,15,,,0,20,,137443,15,,,0,19,,137445,15,,,0,60,,137427,15,,,0,9,,137477,15,,,0,22,,137434,15,,,0,9,,137478,15,,,0,50,,137446,15,,,0,14,,137452,15,,,0,20,,137462,15,,,0,19,,137476,15,,,0,53,,137447,15,,,0,27,,137428,15,,,0,23,,137436,15,,,0,66,,137454,15,,,0,22,,137463,15,,,0,65,,137448,15,,,0,26,,137429,15,,,0,64,,137437,15,,,0,25,,137455,15,,,0,25,,137464,15,,,0,67,,137449,15,,,0,24,,137430,15,,,0,64,,137440,15,,,0,22,,137456,15,,,0,30,,137465,15,,,0,64,,137470,15,,,0,17,,137450,15,,,0,17,,137431,15,,,0,49,,137479,15,,,0,16,,137441,15,,,0,8,,137480,15,,,0,14,,137457,15,,,0,10,,137475,15,,,0,56,,137472,15,,,0,13,,137466,15,,,0,21,,137471,15,,,0,62,,137451,15,,,0,12,,137433,15,,,0,20,,137438,15,,,0,64,,137458,15,,,0,19,,137474,15,,,0,17,,137467,15,,,0,65,,137468,15,,,0,25,,137432,15,,,0,25,,137442,15,,,0,63,,137459,15,,,0,27,,137469,15,,,0,65,,137473,15,,,0,25,,137435,15,,,0,82,,137460,15,,,0,29,,137482,15,,,0,71,,137483,15,,,0,35,,137481,15,,,0,65,,137484,15,,,0,35,,137485,15,,,0
40601,'STMPSa-Saturday',917,,143899,4,,,0,15,,143898,4,,,0,15,,143897,4,,,0,55,,143896,4,,,0,17,,143895,4,,,0,15,,143894,4,,,0,15,,143893,4,,,0,55,,143892,4,,,0,15,,143881,4,,,0,15,,143882,4,,,0,15,,143880,4,,,0,55,,143879,4,,,0,15,,143878,4,,,0,15,,143877,4,,,0,15,,143876,4,,,0,55,,143883,4,,,0,15,,143875,4,,,0,15,,143874,4,,,0,15,,143873,4,,,0,55,,143872,4,,,0,15,,143871,4,,,0,15,,143884,4,,,0,15,,143870,4,,,0,55,,143869,4,,,0,15,,143867,4,,,0,15,,143868,4,,,0,15,,143866,4,,,0,55,,143888,4,,,0,15,,143865,4,,,0,15,,143864,4,,,0,15,,143863,4,,,0,55,,143861,4,,,0,15,,143862,4,,,0,15,,143885,4,,,0,15,,143860,4,,,0,55,,143859,4,,,0,14,,143858,4,,,0,15,,143857,4,,,0,15,,143856,4,,,0,55,,143889,4,,,0,15,,143855,4,,,0,15,,143854,4,,,0,15,,143852,4,,,0,55,,143853,4,,,0,15,,143851,4,,,0,15,,143891,4,,,0,15,,143850,4,,,0,55,,143849,4,,,0,15,,143848,4,,,0,15,,143847,4,,,0,15,,143846,4,,,0,55,,143890,4,,,0,15,,143845,4,,,0,15,,143844,4,,,0,15,,143843,4,,,0,55,,143842,4,,,0,15,,143841,4,,,0,15,,143887,4,,,0,15,,143840,4,,,0,55,,143839,4,,,0,15,,143838,4,,,0,15,,143837,4,,,0,15,,143836,4,,,0,55,,143886,4,,,0,15,,143835,4,,,0
40601,'STMPSnea-Weekday',1750,,143905,4,,,0,70,,143911,4,,,0,30,,143900,4,,,0,70,,143906,4,,,0,30,,143912,4,,,0,70,,143901,4,,,0,30,,143907,4,,,0,70,,143913,4,,,0,30,,143902,4,,,0,69,,143908,4,,,0,30,,143914,4,,,0,69,,143903,4,,,0,15,,143916,4,,,0,15,,143909,4,,,0,55,,143918,4,,,0,15,,143915,4,,,0,15,,143919,4,,,0,15,,143904,4,,,0,55,,143917,4,,,0,15,,143910,4,,,0
40601,'STMPSu1-Sunday',743,,144000,4,,,0,10,,143999,4,,,0,50,,143998,4,,,0,10,,143996,4,,,0,10,,143997,4,,,0,10,,143995,4,,,0,10,,143994,4,,,0,10,,143992,4,,,0,50,,143993,4,,,0,10,,143991,4,,,0,10,,143990,4,,,0,10,,143988,4,,,0,10,,143989,4,,,0,10,,143987,4,,,0,50,,143986,4,,,0,11,,143984,4,,,0,10,,143985,4,,,0,10,,143982,4,,,0,10,,143983,4,,,0,10,,143980,4,,,0,50,,143981,4,,,0,10,,143979,4,,,0,10,,143978,4,,,0,10,,143977,4,,,0,10,,143976,4,,,0,10,,143975,4,,,0,50,,143974,4,,,0,10,,143973,4,,,0,10,,143972,4,,,0,15,,143971,4,,,0,15,,143970,4,,,0,55,,143969,4,,,0,15,,143968,4,,,0,15,,143967,4,,,0,15,,143966,4,,,0,55,,143965,4,,,0,15,,143964,4,,,0,15,,143963,4,,,0,15,,143962,4,,,0,55,,143961,4,,,0,15,,143960,4,,,0,15,,143959,4,,,0,15,,143958,4,,,0,55,,143957,4,,,0,15,,143956,4,,,0,15,,143954,4,,,0,15,,143955,4,,,0,55,,143953,4,,,0,15,,143952,4,,,0,15,,143951,4,,,0,15,,143950,4,,,0,55,,143949,4,,,0,15,,143948,4,,,0,15,,143947,4,,,0,15,,143942,4,,,0,55,,143941,4,,,0,15,,143940,4,,,0,15,,143946,4,,,0,15,,143939,4,,,0,55,,143938,4,,,0,15,,143937,4,,,0,15,,143936,4,,,0,15,,143935,4,,,0,55,,143943,4,,,0,15,,143934,4,,,0,15,,143933,4,,,0,15,,143932,4,,,0,55,,143931,4,,,0,15,,143930,4,,,0,15,,143944,4,,,0,15,,143929,4,,,0,55,,143928,4,,,0,15,,143927,4,,,0,15,,143926,4,,,0,15,,143925,4,,,0,55,,143945,4,,,0,15,,143924,4,,,0,15,,143923,4,,,0,15,,143922,4,,,0,55,,143921,4,,,0,10,,143920,4,,,0
40601,'STMPSu2-Sunday',918,,144023,4,,,0,15,,144044,4,,,0,15,,144055,4,,,0,55,,144001,4,,,0,16,,144012,4,,,0,15,,144034,4,,,0,15,,144024,4,,,0,55,,144045,4,,,0,15,,144056,4,,,0,15,,144002,4,,,0,15,,144013,4,,,0,55,,144035,4,,,0,15,,144025,4,,,0,15,,144046,4,,,0,15,,144057,4,,,0,55,,144003,4,,,0,15,,144014,4,,,0,15,,144036,4,,,0,15,,144026,4,,,0,55,,144047,4,,,0,15,,144058,4,,,0,15,,144004,4,,,0,15,,144015,4,,,0,55,,144037,4,,,0,15,,144027,4,,,0,15,,144048,4,,,0,15,,144059,4,,,0,55,,144005,4,,,0,15,,144016,4,,,0,15,,144038,4,,,0,15,,144028,4,,,0,55,,144049,4,,,0,15,,144060,4,,,0,15,,144006,4,,,0,15,,144017,4,,,0,55,,144039,4,,,0,15,,144029,4,,,0,15,,144050,4,,,0,15,,144061,4,,,0,55,,144007,4,,,0,15,,144018,4,,,0,15,,144040,4,,,0,15,,144030,4,,,0,55,,144051,4,,,0,15,,144062,4,,,0,15,,144008,4,,,0,15,,144019,4,,,0,55,,144041,4,,,0,15,,144031,4,,,0,15,,144052,4,,,0,15,,144063,4,,,0,55,,144009,4,,,0,15,,144020,4,,,0,15,,144042,4,,,0,15,,144032,4,,,0,55,,144053,4,,,0,15,,144064,4,,,0,15,,144010,4,,,0,15,,144021,4,,,0,55,,144043,4,,,0,15,,144033,4,,,0,15,,144054,4,,,0,15,,144065,4,,,0,55,,144011,4,,,0,15,,144022,4,,,0
40601,'STMPWeek-Weekday',919,,144077,4,,,0,15,,144099,4,,,0,15,,144088,4,,,0,55,,144110,4,,,0,15,,144066,4,,,0,15,,144121,4,,,0,15,,144078,4,,,0,55,,144100,4,,,0,15,,144089,4,,,0,15,,144111,4,,,0,15,,144067,4,,,0,55,,144122,4,,,0,15,,144079,4,,,0,15,,144101,4,,,0,15,,144090,4,,,0,55,,144112,4,,,0,15,,144068,4,,,0,15,,144123,4,,,0,15,,144080,4,,,0,55,,144102,4,,,0,15,,144091,4,,,0,15,,144113,4,,,0,15,,144069,4,,,0,55,,144124,4,,,0,15,,144081,4,,,0,15,,144103,4,,,0,15,,144092,4,,,0,55,,144114,4,,,0,15,,144070,4,,,0,15,,144125,4,,,0,15,,144082,4,,,0,55,,144104,4,,,0,15,,144093,4,,,0,15,,144115,4,,,0,15,,144071,4,,,0,55,,144126,4,,,0,15,,144083,4,,,0,15,,144105,4,,,0,15,,144094,4,,,0,55,,144116,4,,,0,15,,144072,4,,,0,15,,144127,4,,,0,15,,144084,4,,,0,55,,144106,4,,,0,15,,144095,4,,,0,15,,144117,4,,,0,15,,144073,4,,,0,55,,144128,4,,,0,15,,144085,4,,,0,15,,144107,4,,,0,15,,144096,4,,,0,55,,144118,4,,,0,15,,144074,4,,,0,15,,144129,4,,,0,15,,144086,4,,,0,55,,144108,4,,,0,14,,144097,4,,,0,15,,144119,4,,,0,15,,144075,4,,,0,55,,144130,4,,,0,15,,144087,4,,,0,15,,144109,4,,,0,15,,144098,4,,,0,55,,144120,4,,,0,15,,144076,4,,,0
40601,'STMPWeek-Weekday0010000',647,,144134,4,,,0,72,,144131,4,,,0,30,,144133,4,,,0,70,,144135,4,,,0,30,,144132,4,,,0
40601,'STMPar-Weekday',1252,,144136,4,,,0,55,,144145,4,,,0,15,,144154,4,,,0,15,,144163,4,,,0,15,,144171,4,,,0,55,,144179,4,,,0,15,,144137,4,,,0,15,,144146,4,,,0,15,,144155,4,,,0,55,,144164,4,,,0,15,,144172,4,,,0,15,,144180,4,,,0,15,,144138,4,,,0,55,,144147,4,,,0,15,,144156,4,,,0,15,,144165,4,,,0,15,,144173,4,,,0,55,,144181,4,,,0,15,,144139,4,,,0,15,,144148,4,,,0,15,,144157,4,,,0,55,,144166,4,,,0,15,,144174,4,,,0,15,,144182,4,,,0,15,,144140,4,,,0,55,,144149,4,,,0,15,,144158,4,,,0,15,,144167,4,,,0,15,,144175,4,,,0,55,,144183,4,,,0,15,,144141,4,,,0,15,,144150,4,,,0,15,,144159,4,,,0,55,,144168,4,,,0,15,,144176,4,,,0,15,,144184,4,,,0,15,,144142,4,,,0,55,,144151,4,,,0,15,,144160,4,,,0,15,,144169,4,,,0,15,,144177,4,,,0,55,,144185,4,,,0,14,,144143,4,,,0,15,,144152,4,,,0,15,,144161,4,,,0,55,,144170,4,,,0,15,,144178,4,,,0,15,,144186,4,,,0,15,,144144,4,,,0,55,,144153,4,,,0,12,,144162,4,,,0
