13801,'Saturday',615,,58000,22,,,0,34,,57975,22,,,0,80,,57974,22,,,0,80,,57976,22,,,0,40,,57979,22,,,0,80,,57980,22,,,0,80,,57981,22,,,0,40,,57978,22,,,0,80,,57982,22,,,0,80,,57977,22,,,0,40,,57984,22,,,0,80,,57985,22,,,0,80,,57986,22,,,0,40,,57983,22,,,0,80,,57987,22,,,0,80,,57988,22,,,0,40,,57989,22,,,0,80,,57990,22,,,0,80,,57991,22,,,0,40,,57992,22,,,0,80,,57993,22,,,0,80,,57994,22,,,0,40,,57995,22,,,0,80,,57997,22,,,0,80,,57996,22,,,0,40,,57999,22,,,0,80,,57998,22,,,0,80,,58001,22,,,0
13801,'Sunday',615,,58002,22,,,0,34,,58011,22,,,0,80,,58021,22,,,0,80,,58003,22,,,0,40,,58012,22,,,0,80,,58022,22,,,0,80,,58004,22,,,0,40,,58013,22,,,0,80,,58023,22,,,0,80,,58005,22,,,0,40,,58014,22,,,0,80,,58024,22,,,0,80,,58006,22,,,0,40,,58015,22,,,0,80,,58025,22,,,0,80,,58007,22,,,0,40,,58016,22,,,0,80,,58026,22,,,0,80,,58008,22,,,0,40,,58017,22,,,0,80,,58027,22,,,0,80,,58009,22,,,0,40,,58018,22,,,0,80,,58028,22,,,0,80,,58010,22,,,0,40,,58019,22,,,0,80,,58020,22,,,0
13801,'Weekday',504,,58045,22,,,0,30,,58053,22,,,0,70,,58029,22,,,0,31,,58035,22,,,0,70,,58046,22,,,0,30,,58054,22,,,0,16,,58067,22,,,0,55,,58030,22,,,0,30,,58036,22,,,0,69,,58047,22,,,0,30,,58055,22,,,0,72,,58031,22,,,0,30,,58037,22,,,0,70,,58048,22,,,0,30,,58056,22,,,0,70,,58032,22,,,0,30,,58038,22,,,0,70,,58049,22,,,0,30,,58057,22,,,0,70,,58033,22,,,0,30,,58039,22,,,0,70,,58050,22,,,0,33,,58058,22,,,0,72,,58034,22,,,0,30,,58040,22,,,0,70,,58051,22,,,0,32,,58059,22,,,0,67,,58041,22,,,0,27,,58052,22,,,0,69,,58062,22,,,0,30,,58042,22,,,0,70,,58065,22,,,0,30,,58060,22,,,0,70,,58063,22,,,0,29,,58043,22,,,0,70,,58066,22,,,0,30,,58061,22,,,0,70,,58064,22,,,0,30,,58044,22,,,0,70,,58068,22,,,0
13801,'1CCSDCUT-Weekday',504,,58085,22,,,0,30,,58093,22,,,0,70,,58069,22,,,0,31,,58075,22,,,0,70,,58086,22,,,0,30,,58094,22,,,0,16,,58107,22,,,0,55,,58070,22,,,0,30,,58076,22,,,0,69,,58087,22,,,0,30,,58095,22,,,0,72,,58071,22,,,0,30,,58077,22,,,0,70,,58088,22,,,0,30,,58096,22,,,0,70,,58072,22,,,0,30,,58078,22,,,0,70,,58089,22,,,0,30,,58097,22,,,0,70,,58073,22,,,0,30,,58079,22,,,0,70,,58090,22,,,0,33,,58098,22,,,0,72,,58074,22,,,0,30,,58080,22,,,0,70,,58091,22,,,0,32,,58099,22,,,0,67,,58081,22,,,0,27,,58092,22,,,0,69,,58102,22,,,0,30,,58082,22,,,0,70,,58105,22,,,0,30,,58100,22,,,0,70,,58103,22,,,0,29,,58083,22,,,0,70,,58106,22,,,0,30,,58101,22,,,0,70,,58104,22,,,0,30,,58084,22,,,0,70,,58108,22,,,0
13801,'1PUBCUT-Weekday',504,,58125,22,,,0,30,,58133,22,,,0,70,,58109,22,,,0,31,,58115,22,,,0,70,,58126,22,,,0,30,,58134,22,,,0,16,,58147,22,,,0,55,,58110,22,,,0,30,,58116,22,,,0,69,,58127,22,,,0,30,,58135,22,,,0,72,,58111,22,,,0,30,,58117,22,,,0,70,,58128,22,,,0,30,,58136,22,,,0,70,,58112,22,,,0,30,,58118,22,,,0,70,,58129,22,,,0,30,,58137,22,,,0,70,,58113,22,,,0,30,,58119,22,,,0,70,,58130,22,,,0,33,,58138,22,,,0,72,,58114,22,,,0,30,,58120,22,,,0,70,,58131,22,,,0,32,,58139,22,,,0,67,,58121,22,,,0,27,,58132,22,,,0,69,,58142,22,,,0,30,,58122,22,,,0,70,,58145,22,,,0,30,,58140,22,,,0,70,,58143,22,,,0,29,,58123,22,,,0,70,,58146,22,,,0,30,,58141,22,,,0,70,,58144,22,,,0,30,,58124,22,,,0,70,,58148,22,,,0
77201,'Weekday',751,,68732,10,0,185 186 94,0
77201,'1CCSDCUT-Weekday',751,,68733,10,0,185 186 94,0
81200,'Weekday',816,,68904,11,0,12 13 146 147 148,0
81200,'1PUBCUT-Weekday',816,,68905,11,0,12 13 146 147 148,0
81600,'Weekday',812,,68928,6,0,12 13 148,0
81600,'1PUBCUT-Weekday',812,,68929,6,0,12 13 148,0
