1100,'Saturday',721,,76967,18,,,0,30,,76977,18,,,0,70,,76963,18,,,0,30,,76978,18,,,0,70,,76966,18,,,0,30,,76979,18,,,0,70,,76974,18,,,0,30,,76980,18,,,0,70,,76965,18,,,0,30,,76981,18,,,0,70,,76964,18,,,0,30,,76982,18,,,0,70,,76962,18,,,0,30,,76983,18,,,0,70,,76968,18,,,0,30,,76986,18,,,0,70,,76975,18,,,0,30,,76987,18,,,0,70,,76969,18,,,0,30,,76984,18,,,0,70,,76970,18,,,0,30,,76985,18,,,0,70,,76973,18,,,0,30,,76988,18,,,0,70,,76971,18,,,0,30,,76989,18,,,0,70,,76972,18,,,0,30,,76976,18,,,0,70,,76991,18,,,0,30,,76993,18,,,0,70,,76992,18,,,0,30,,76990,18,,,0
1100,'Sunday',1102,,76994,18,,,0,30,,77009,18,,,0,70,,76996,18,,,0,30,,77008,18,,,0,70,,76997,18,,,0,30,,77007,18,,,0,70,,76995,18,,,0,30,,77006,18,,,0,70,,77000,18,,,0,30,,77003,18,,,0,70,,76998,18,,,0,30,,77005,18,,,0,70,,76999,18,,,0,30,,77002,18,,,0,70,,77001,18,,,0,30,,77004,18,,,0,70,,77014,18,,,0,30,,77015,18,,,0,70,,77016,18,,,0,30,,77011,18,,,0,70,,77010,18,,,0,30,,77013,18,,,0,70,,77012,18,,,0,30,,77017,18,,,0
1100,'Weekday',546,,77019,18,,,0,70,,77021,18,,,0,30,,77022,18,,,0,71,,77023,18,,,0,27,,77020,18,,,0,72,,77024,18,,,0,25,,77025,18,,,0,73,,77026,18,,,0,30,,77027,18,,,0,70,,77028,18,,,0,30,,77029,18,,,0,70,,77030,18,,,0,30,,77031,18,,,0,70,,77032,18,,,0,30,,77033,18,,,0,70,,77035,18,,,0,35,,77036,18,,,0,68,,77037,18,,,0,29,,77034,18,,,0,71,,77038,18,,,0,30,,77039,18,,,0,70,,77040,18,,,0,30,,77041,18,,,0,70,,77042,18,,,0,30,,77043,18,,,0,67,,77044,18,,,0,30,,77045,18,,,0,70,,77046,18,,,0,30,,77047,18,,,0,70,,77048,18,,,0,30,,77049,18,,,0,70,,77050,18,,,0
1100,'STMPSa-Saturday',721,,77056,18,,,0,30,,77066,18,,,0,70,,77052,18,,,0,30,,77067,18,,,0,70,,77055,18,,,0,30,,77068,18,,,0,70,,77063,18,,,0,30,,77069,18,,,0,70,,77054,18,,,0,30,,77070,18,,,0,70,,77053,18,,,0,30,,77071,18,,,0,70,,77051,18,,,0,30,,77072,18,,,0,70,,77057,18,,,0,30,,77075,18,,,0,70,,77064,18,,,0,30,,77076,18,,,0,70,,77058,18,,,0,30,,77073,18,,,0,70,,77059,18,,,0,30,,77074,18,,,0,70,,77062,18,,,0,30,,77077,18,,,0,70,,77060,18,,,0,30,,77078,18,,,0,70,,77061,18,,,0,30,,77065,18,,,0,70,,77080,18,,,0,30,,77082,18,,,0,70,,77081,18,,,0,30,,77079,18,,,0
1100,'STMPSnea-Weekday',546,,77084,18,,,0,70,,77086,18,,,0,30,,77087,18,,,0,71,,77088,18,,,0,27,,77085,18,,,0,72,,77089,18,,,0,25,,77090,18,,,0,73,,77091,18,,,0,30,,77092,18,,,0,70,,77093,18,,,0,30,,77094,18,,,0,70,,77095,18,,,0,30,,77096,18,,,0,70,,77097,18,,,0,30,,77098,18,,,0,70,,77100,18,,,0,35,,77101,18,,,0,68,,77102,18,,,0,29,,77099,18,,,0,71,,77103,18,,,0,30,,77104,18,,,0,70,,77105,18,,,0,30,,77106,18,,,0,70,,77107,18,,,0,30,,77108,18,,,0,67,,77109,18,,,0,30,,77110,18,,,0,70,,77111,18,,,0,30,,77112,18,,,0,70,,77113,18,,,0,30,,77114,18,,,0,70,,77115,18,,,0
1100,'STMPSu1-Sunday',1102,,77116,18,,,0,30,,77131,18,,,0,70,,77118,18,,,0,30,,77130,18,,,0,70,,77119,18,,,0,30,,77129,18,,,0,70,,77117,18,,,0,30,,77128,18,,,0,70,,77122,18,,,0,30,,77125,18,,,0,70,,77120,18,,,0,30,,77127,18,,,0,70,,77121,18,,,0,30,,77124,18,,,0,70,,77123,18,,,0,30,,77126,18,,,0,70,,77136,18,,,0,30,,77137,18,,,0,70,,77138,18,,,0,30,,77133,18,,,0,70,,77132,18,,,0,30,,77135,18,,,0,70,,77134,18,,,0,30,,77139,18,,,0
1100,'STMPSu2-Sunday',1102,,77140,18,,,0,30,,77155,18,,,0,70,,77142,18,,,0,30,,77154,18,,,0,70,,77143,18,,,0,30,,77153,18,,,0,70,,77141,18,,,0,30,,77152,18,,,0,70,,77146,18,,,0,30,,77149,18,,,0,70,,77144,18,,,0,30,,77151,18,,,0,70,,77145,18,,,0,30,,77148,18,,,0,70,,77147,18,,,0,30,,77150,18,,,0,70,,77160,18,,,0,30,,77161,18,,,0,70,,77162,18,,,0,30,,77157,18,,,0,70,,77156,18,,,0,30,,77159,18,,,0,70,,77158,18,,,0,30,,77163,18,,,0
1100,'STMPWeek-Weekday',546,,77165,18,,,0,70,,77167,18,,,0,30,,77168,18,,,0,71,,77169,18,,,0,27,,77166,18,,,0,72,,77170,18,,,0,25,,77171,18,,,0,73,,77172,18,,,0,30,,77173,18,,,0,70,,77174,18,,,0,30,,77175,18,,,0,70,,77176,18,,,0,30,,77177,18,,,0,70,,77178,18,,,0,30,,77179,18,,,0,70,,77181,18,,,0,35,,77182,18,,,0,68,,77183,18,,,0,29,,77180,18,,,0,71,,77184,18,,,0,30,,77185,18,,,0,70,,77186,18,,,0,30,,77187,18,,,0,70,,77188,18,,,0,30,,77189,18,,,0,67,,77190,18,,,0,30,,77191,18,,,0,70,,77192,18,,,0,30,,77193,18,,,0,70,,77194,18,,,0,30,,77195,18,,,0,70,,77196,18,,,0
1100,'STMPar-Weekday',546,,77198,18,,,0,70,,77200,18,,,0,30,,77201,18,,,0,71,,77202,18,,,0,27,,77199,18,,,0,72,,77203,18,,,0,25,,77204,18,,,0,73,,77205,18,,,0,30,,77206,18,,,0,70,,77207,18,,,0,30,,77208,18,,,0,70,,77209,18,,,0,30,,77210,18,,,0,70,,77211,18,,,0,30,,77212,18,,,0,70,,77214,18,,,0,35,,77215,18,,,0,68,,77216,18,,,0,29,,77213,18,,,0,71,,77217,18,,,0,30,,77218,18,,,0,70,,77219,18,,,0,30,,77220,18,,,0,70,,77221,18,,,0,30,,77222,18,,,0,67,,77223,18,,,0,30,,77224,18,,,0,70,,77225,18,,,0,30,,77226,18,,,0,70,,77227,18,,,0,30,,77228,18,,,0,70,,77229,18,,,0
1201,'Saturday',805,,77231,33,,,0,30,,77235,33,,,0,70,,77251,33,,,0,30,,77236,33,,,0,70,,77249,33,,,0,30,,77234,33,,,0,70,,77232,33,,,0,30,,77233,33,,,0,70,,77250,33,,,0,30,,77238,33,,,0,70,,77242,33,,,0,30,,77257,33,,,0,70,,77237,33,,,0,30,,77243,33,,,0,70,,77253,33,,,0,30,,77240,33,,,0,70,,77239,33,,,0,30,,77258,33,,,0,70,,77241,33,,,0,30,,77245,33,,,0,70,,77254,33,,,0,30,,77246,33,,,0,70,,77259,33,,,0,30,,77252,33,,,0,70,,77260,33,,,0,30,,77247,33,,,0,70,,77261,33,,,0,30,,77244,33,,,0,70,,77262,33,,,0,30,,77256,33,,,0,70,,77263,33,,,0,30,,77248,33,,,0
1201,'Sunday',835,,77266,33,,,0,70,,77288,33,,,0,30,,77267,33,,,0,70,,77264,33,,,0,30,,77284,33,,,0,70,,77269,33,,,0,30,,77271,33,,,0,70,,77290,33,,,0,30,,77268,33,,,0,70,,77272,33,,,0,30,,77274,33,,,0,70,,77287,33,,,0,30,,77275,33,,,0,70,,77270,33,,,0,30,,77285,33,,,0,70,,77273,33,,,0,30,,77276,33,,,0,70,,77291,33,,,0,30,,77277,33,,,0,70,,77278,33,,,0,30,,77286,33,,,0,70,,77279,33,,,0,30,,77280,33,,,0,70,,77289,33,,,0,30,,77281,33,,,0,70,,77282,33,,,0,30,,77294,33,,,0,70,,77283,33,,,0,30,,77296,33,,,0,70,,77292,33,,,0,30,,77295,33,,,0
1201,'Weekday',528,,77298,22,,,0,74,,77297,6,,,0,30,,77303,6,,,0,26,,77300,33,,,0,70,,77301,33,,,0,30,,77304,33,,,0,70,,77305,33,,,0,30,,77306,33,,,0,70,,77307,33,,,0,30,,77309,33,,,0,70,,77310,33,,,0,30,,77308,33,,,0,70,,77312,33,,,0,30,,77313,33,,,0,70,,77311,33,,,0,30,,77314,33,,,0,72,,77315,33,,,0,28,,77316,33,,,0,70,,77317,33,,,0,30,,77318,33,,,0,75,,77319,33,,,0,68,,77320,33,,,0,30,,77322,33,,,0,70,,77323,33,,,0,30,,77324,33,,,0,70,,77321,33,,,0,30,,77325,33,,,0,75,,77326,33,,,0,30,,77327,33,,,0,70,,77328,33,,,0,30,,77329,33,,,0,70,,77330,33,,,0,30,,77331,33,,,0,70,,77332,33,,,0,30,,77333,33,,,0,70,,77334,33,,,0,30,,77335,33,,,0
1201,'STMPSa-Saturday',805,,77337,33,,,0,30,,77341,33,,,0,70,,77358,33,,,0,30,,77342,33,,,0,70,,77355,33,,,0,30,,77340,33,,,0,70,,77338,33,,,0,30,,77339,33,,,0,70,,77356,33,,,0,30,,77344,33,,,0,70,,77348,33,,,0,30,,77363,33,,,0,70,,77343,33,,,0,30,,77349,33,,,0,70,,77357,33,,,0,30,,77346,33,,,0,70,,77345,33,,,0,30,,77364,33,,,0,70,,77347,33,,,0,30,,77351,33,,,0,70,,77360,33,,,0,30,,77352,33,,,0,70,,77365,33,,,0,30,,77359,33,,,0,70,,77367,33,,,0,30,,77353,33,,,0,70,,77368,33,,,0,30,,77350,33,,,0,70,,77366,33,,,0,30,,77362,33,,,0,70,,77369,33,,,0,30,,77354,33,,,0
1201,'STMPSnea-Weekday',528,,77371,22,,,0,74,,77370,6,,,0,30,,77376,6,,,0,26,,77373,33,,,0,70,,77374,33,,,0,30,,77377,33,,,0,70,,77378,33,,,0,30,,77379,33,,,0,70,,77380,33,,,0,30,,77382,33,,,0,70,,77383,33,,,0,30,,77381,33,,,0,70,,77385,33,,,0,30,,77386,33,,,0,70,,77384,33,,,0,30,,77387,33,,,0,72,,77388,33,,,0,28,,77389,33,,,0,70,,77390,33,,,0,30,,77391,33,,,0,75,,77392,33,,,0,68,,77393,33,,,0,30,,77395,33,,,0,70,,77396,33,,,0,30,,77397,33,,,0,70,,77394,33,,,0,30,,77398,33,,,0,75,,77399,33,,,0,30,,77400,33,,,0,70,,77401,33,,,0,30,,77402,33,,,0,70,,77403,33,,,0,30,,77404,33,,,0,70,,77405,33,,,0,30,,77406,33,,,0,70,,77407,33,,,0,30,,77408,33,,,0
1201,'STMPSu1-Sunday',835,,77411,33,,,0,70,,77433,33,,,0,30,,77412,33,,,0,70,,77409,33,,,0,30,,77429,33,,,0,70,,77414,33,,,0,30,,77416,33,,,0,70,,77435,33,,,0,30,,77413,33,,,0,70,,77417,33,,,0,30,,77420,33,,,0,70,,77432,33,,,0,30,,77421,33,,,0,70,,77415,33,,,0,30,,77430,33,,,0,70,,77419,33,,,0,30,,77418,33,,,0,70,,77436,33,,,0,30,,77422,33,,,0,70,,77423,33,,,0,30,,77431,33,,,0,70,,77424,33,,,0,30,,77425,33,,,0,70,,77434,33,,,0,30,,77426,33,,,0,70,,77427,33,,,0,30,,77439,33,,,0,70,,77428,33,,,0,30,,77441,33,,,0,70,,77437,33,,,0,30,,77440,33,,,0
1201,'STMPSu2-Sunday',835,,77444,33,,,0,70,,77466,33,,,0,30,,77445,33,,,0,70,,77442,33,,,0,30,,77462,33,,,0,70,,77447,33,,,0,30,,77449,33,,,0,70,,77468,33,,,0,30,,77446,33,,,0,70,,77450,33,,,0,30,,77452,33,,,0,70,,77465,33,,,0,30,,77453,33,,,0,70,,77448,33,,,0,30,,77463,33,,,0,70,,77451,33,,,0,30,,77454,33,,,0,70,,77469,33,,,0,30,,77455,33,,,0,70,,77456,33,,,0,30,,77464,33,,,0,70,,77457,33,,,0,30,,77458,33,,,0,70,,77467,33,,,0,30,,77459,33,,,0,70,,77460,33,,,0,30,,77472,33,,,0,70,,77461,33,,,0,30,,77474,33,,,0,70,,77470,33,,,0,30,,77473,33,,,0
1201,'STMPWeek-Weekday',528,,77476,22,,,0,74,,77475,6,,,0,30,,77481,6,,,0,26,,77478,33,,,0,70,,77479,33,,,0,30,,77482,33,,,0,70,,77483,33,,,0,30,,77484,33,,,0,70,,77485,33,,,0,30,,77487,33,,,0,70,,77488,33,,,0,30,,77486,33,,,0,70,,77490,33,,,0,30,,77491,33,,,0,70,,77489,33,,,0,30,,77492,33,,,0,72,,77493,33,,,0,28,,77494,33,,,0,70,,77495,33,,,0,30,,77496,33,,,0,75,,77497,33,,,0,68,,77498,33,,,0,30,,77500,33,,,0,70,,77501,33,,,0,30,,77502,33,,,0,70,,77499,33,,,0,30,,77503,33,,,0,75,,77504,33,,,0,30,,77505,33,,,0,70,,77506,33,,,0,30,,77507,33,,,0,70,,77508,33,,,0,30,,77509,33,,,0,70,,77510,33,,,0,30,,77511,33,,,0,70,,77512,33,,,0,30,,77513,33,,,0
1201,'STMPar-Weekday',528,,77516,22,,,0,74,,77514,6,,,0,30,,77520,6,,,0,26,,77518,33,,,0,70,,77515,33,,,0,30,,77521,33,,,0,70,,77522,33,,,0,30,,77523,33,,,0,70,,77524,33,,,0,30,,77526,33,,,0,70,,77527,33,,,0,30,,77525,33,,,0,70,,77529,33,,,0,30,,77530,33,,,0,70,,77528,33,,,0,30,,77531,33,,,0,72,,77532,33,,,0,28,,77533,33,,,0,70,,77534,33,,,0,30,,77535,33,,,0,75,,77536,33,,,0,68,,77537,33,,,0,30,,77539,33,,,0,70,,77540,33,,,0,30,,77541,33,,,0,70,,77538,33,,,0,30,,77542,33,,,0,75,,77543,33,,,0,30,,77544,33,,,0,70,,77545,33,,,0,30,,77546,33,,,0,70,,77547,33,,,0,30,,77548,33,,,0,70,,77549,33,,,0,30,,77550,33,,,0,70,,77551,33,,,0,30,,77552,33,,,0
10200,'Saturday',618,,115281,5,,,0,30,,115282,5,,,0,70,,115283,5,,,0,30,,115287,5,,,0,70,,115284,5,,,0,30,,115285,5,,,0,70,,115286,5,,,0,30,,115288,5,,,0,70,,115289,5,,,0,30,,115290,5,,,0,70,,115291,5,,,0,30,,115292,5,,,0,70,,115293,5,,,0,30,,115294,5,,,0,70,,115295,5,,,0,30,,115296,5,,,0,70,,115297,5,,,0,30,,115298,5,,,0,70,,115299,5,,,0,30,,115300,5,,,0,70,,115302,5,,,0,30,,115303,5,,,0,70,,115304,5,,,0,30,,115301,5,,,0,70,,115305,5,,,0,30,,115306,5,,,0,70,,115307,5,,,0,30,,115308,5,,,0,70,,115313,5,,,0,30,,115314,5,,,0,70,,115312,5,,,0,30,,115315,5,,,0,70,,115316,5,,,0,30,,115317,5,,,0,70,,115310,5,,,0,30,,115311,5,,,0,70,,115309,5,,,0
10200,'Sunday',618,,115318,5,,,0,30,,115333,5,,,0,70,,115319,5,,,0,30,,115332,5,,,0,70,,115320,5,,,0,30,,115334,5,,,0,70,,115321,5,,,0,30,,115335,5,,,0,70,,115322,5,,,0,30,,115336,5,,,0,70,,115323,5,,,0,30,,115338,5,,,0,70,,115324,5,,,0,30,,115337,5,,,0,70,,115325,5,,,0,30,,115339,5,,,0,70,,115326,5,,,0,30,,115340,5,,,0,70,,115327,5,,,0,30,,115341,5,,,0,70,,115329,5,,,0,30,,115342,5,,,0,70,,115330,5,,,0,30,,115344,5,,,0,70,,115331,5,,,0,30,,115345,5,,,0,70,,115328,5,,,0,30,,115346,5,,,0,70,,115350,5,,,0,30,,115349,5,,,0,70,,115351,5,,,0,30,,115352,5,,,0,70,,115347,5,,,0,30,,115343,5,,,0,70,,115348,5,,,0
10200,'Weekday',455,,115353,5,,,0,67,,115354,5,,,0,28,,115355,5,,,0,66,,115357,5,,,0,20,,115359,5,,,0,20,,115356,5,,,0,60,,115360,5,,,0,20,,115358,5,,,0,20,,115361,5,,,0,60,,115362,5,,,0,20,,115363,5,,,0,20,,115364,5,,,0,67,,115365,5,,,0,30,,115366,5,,,0,70,,115367,5,,,0,30,,115368,5,,,0,70,,115369,5,,,0,30,,115370,5,,,0,70,,115372,5,,,0,30,,115373,5,,,0,70,,115374,5,,,0,30,,115375,5,,,0,70,,115376,5,,,0,27,,115377,5,,,0,63,,115371,5,,,0,20,,115378,5,,,0,20,,115379,5,,,0,60,,115380,5,,,0,20,,115381,5,,,0,20,,115382,5,,,0,60,,115383,5,,,0,20,,115384,5,,,0,20,,115385,5,,,0,60,,115386,5,,,0,20,,115388,5,,,0,26,,115389,5,,,0,69,,115390,5,,,0,30,,115387,5,,,0,70,,115391,5,,,0,30,,115392,5,,,0,70,,115393,5,,,0,30,,115394,5,,,0,70,,115395,5,,,0,30,,115396,5,,,0,70,,115397,5,,,0,30,,115398,5,,,0,70,,115399,5,,,0
10200,'STMPSa-Saturday',618,,115400,5,,,0,30,,115401,5,,,0,70,,115402,5,,,0,30,,115407,5,,,0,70,,115403,5,,,0,30,,115404,5,,,0,70,,115405,5,,,0,30,,115408,5,,,0,70,,115409,5,,,0,30,,115406,5,,,0,70,,115410,5,,,0,30,,115411,5,,,0,70,,115412,5,,,0,30,,115413,5,,,0,70,,115414,5,,,0,30,,115415,5,,,0,70,,115416,5,,,0,30,,115417,5,,,0,70,,115418,5,,,0,30,,115419,5,,,0,70,,115421,5,,,0,30,,115422,5,,,0,70,,115423,5,,,0,30,,115420,5,,,0,70,,115424,5,,,0,30,,115425,5,,,0,70,,115426,5,,,0,30,,115427,5,,,0,70,,115432,5,,,0,30,,115433,5,,,0,70,,115431,5,,,0,30,,115434,5,,,0,70,,115435,5,,,0,30,,115436,5,,,0,70,,115429,5,,,0,30,,115430,5,,,0,70,,115428,5,,,0
10200,'STMPSnea-Weekday',455,,115437,5,,,0,67,,115438,5,,,0,28,,115439,5,,,0,66,,115441,5,,,0,20,,115443,5,,,0,20,,115440,5,,,0,60,,115444,5,,,0,20,,115442,5,,,0,20,,115445,5,,,0,60,,115446,5,,,0,20,,115447,5,,,0,20,,115448,5,,,0,67,,115449,5,,,0,30,,115450,5,,,0,70,,115451,5,,,0,30,,115452,5,,,0,70,,115453,5,,,0,30,,115454,5,,,0,70,,115456,5,,,0,30,,115457,5,,,0,70,,115458,5,,,0,30,,115459,5,,,0,70,,115460,5,,,0,27,,115461,5,,,0,63,,115455,5,,,0,20,,115462,5,,,0,20,,115463,5,,,0,60,,115464,5,,,0,20,,115465,5,,,0,20,,115466,5,,,0,60,,115467,5,,,0,20,,115468,5,,,0,20,,115469,5,,,0,60,,115470,5,,,0,20,,115472,5,,,0,26,,115473,5,,,0,69,,115474,5,,,0,30,,115471,5,,,0,70,,115475,5,,,0,30,,115476,5,,,0,70,,115477,5,,,0,30,,115478,5,,,0,70,,115479,5,,,0,30,,115480,5,,,0,70,,115481,5,,,0,30,,115482,5,,,0,70,,115483,5,,,0
10200,'STMPSu1-Sunday',618,,115484,5,,,0,30,,115499,5,,,0,70,,115485,5,,,0,30,,115498,5,,,0,70,,115486,5,,,0,30,,115500,5,,,0,70,,115487,5,,,0,30,,115501,5,,,0,70,,115488,5,,,0,30,,115502,5,,,0,70,,115489,5,,,0,30,,115504,5,,,0,70,,115490,5,,,0,30,,115503,5,,,0,70,,115491,5,,,0,30,,115506,5,,,0,70,,115492,5,,,0,30,,115507,5,,,0,70,,115493,5,,,0,30,,115505,5,,,0,70,,115495,5,,,0,30,,115508,5,,,0,70,,115496,5,,,0,30,,115510,5,,,0,70,,115497,5,,,0,30,,115511,5,,,0,70,,115494,5,,,0,30,,115512,5,,,0,70,,115516,5,,,0,30,,115515,5,,,0,70,,115517,5,,,0,30,,115518,5,,,0,70,,115513,5,,,0,30,,115509,5,,,0,70,,115514,5,,,0
10200,'STMPSu2-Sunday',618,,115519,5,,,0,30,,115534,5,,,0,70,,115520,5,,,0,30,,115533,5,,,0,70,,115521,5,,,0,30,,115535,5,,,0,70,,115522,5,,,0,30,,115536,5,,,0,70,,115523,5,,,0,30,,115537,5,,,0,70,,115524,5,,,0,30,,115539,5,,,0,70,,115525,5,,,0,30,,115538,5,,,0,70,,115526,5,,,0,30,,115540,5,,,0,70,,115527,5,,,0,30,,115541,5,,,0,70,,115528,5,,,0,30,,115542,5,,,0,70,,115530,5,,,0,30,,115543,5,,,0,70,,115531,5,,,0,30,,115545,5,,,0,70,,115532,5,,,0,30,,115546,5,,,0,70,,115529,5,,,0,30,,115547,5,,,0,70,,115551,5,,,0,30,,115550,5,,,0,70,,115552,5,,,0,30,,115553,5,,,0,70,,115548,5,,,0,30,,115544,5,,,0,70,,115549,5,,,0
10200,'STMPWeek-Weekday',455,,115554,5,,,0,67,,115555,5,,,0,28,,115556,5,,,0,66,,115558,5,,,0,20,,115560,5,,,0,20,,115557,5,,,0,60,,115561,5,,,0,20,,115559,5,,,0,20,,115562,5,,,0,60,,115563,5,,,0,20,,115564,5,,,0,20,,115565,5,,,0,67,,115566,5,,,0,30,,115567,5,,,0,70,,115568,5,,,0,30,,115569,5,,,0,70,,115570,5,,,0,30,,115571,5,,,0,70,,115573,5,,,0,30,,115574,5,,,0,70,,115575,5,,,0,30,,115576,5,,,0,70,,115577,5,,,0,27,,115578,5,,,0,63,,115572,5,,,0,20,,115579,5,,,0,20,,115580,5,,,0,60,,115581,5,,,0,20,,115582,5,,,0,20,,115583,5,,,0,60,,115584,5,,,0,20,,115585,5,,,0,20,,115586,5,,,0,60,,115587,5,,,0,20,,115589,5,,,0,26,,115590,5,,,0,69,,115591,5,,,0,30,,115588,5,,,0,70,,115592,5,,,0,30,,115593,5,,,0,70,,115594,5,,,0,30,,115595,5,,,0,70,,115596,5,,,0,30,,115597,5,,,0,70,,115598,5,,,0,30,,115599,5,,,0,70,,115600,5,,,0
10200,'STMPar-Weekday',455,,115601,5,,,0,67,,115602,5,,,0,28,,115603,5,,,0,66,,115605,5,,,0,20,,115607,5,,,0,20,,115604,5,,,0,60,,115608,5,,,0,20,,115606,5,,,0,20,,115609,5,,,0,60,,115610,5,,,0,20,,115611,5,,,0,20,,115612,5,,,0,67,,115613,5,,,0,30,,115614,5,,,0,70,,115615,5,,,0,30,,115616,5,,,0,70,,115617,5,,,0,30,,115618,5,,,0,70,,115620,5,,,0,30,,115621,5,,,0,70,,115622,5,,,0,30,,115623,5,,,0,70,,115624,5,,,0,27,,115625,5,,,0,63,,115619,5,,,0,20,,115626,5,,,0,20,,115627,5,,,0,60,,115628,5,,,0,20,,115629,5,,,0,20,,115630,5,,,0,60,,115631,5,,,0,20,,115632,5,,,0,20,,115633,5,,,0,60,,115634,5,,,0,20,,115636,5,,,0,26,,115637,5,,,0,69,,115638,5,,,0,30,,115635,5,,,0,70,,115639,5,,,0,30,,115640,5,,,0,70,,115641,5,,,0,30,,115642,5,,,0,70,,115643,5,,,0,30,,115645,5,,,0,70,,115646,5,,,0,30,,115647,5,,,0,70,,115644,5,,,0
