1100,'Saturday',727,,147741,23,,,0,30,,147751,23,,,0,70,,147737,23,,,0,30,,147752,23,,,0,70,,147740,23,,,0,30,,147753,23,,,0,70,,147748,23,,,0,30,,147754,23,,,0,70,,147739,23,,,0,30,,147755,23,,,0,70,,147738,23,,,0,30,,147756,23,,,0,70,,147736,23,,,0,30,,147757,23,,,0,70,,147742,23,,,0,30,,147760,23,,,0,70,,147749,23,,,0,30,,147761,23,,,0,70,,147743,23,,,0,30,,147758,23,,,0,70,,147744,23,,,0,30,,147759,23,,,0,70,,147747,23,,,0,30,,147762,23,,,0,70,,147745,23,,,0,30,,147763,23,,,0,70,,147746,23,,,0,30,,147750,23,,,0,70,,147765,23,,,0,30,,147767,23,,,0,70,,147766,23,,,0,30,,147764,23,,,0
1100,'Sunday',1108,,147768,23,,,0,30,,147783,23,,,0,70,,147770,23,,,0,30,,147782,23,,,0,70,,147771,23,,,0,30,,147781,23,,,0,70,,147769,23,,,0,30,,147780,23,,,0,70,,147774,23,,,0,30,,147777,23,,,0,70,,147772,23,,,0,30,,147779,23,,,0,70,,147773,23,,,0,30,,147776,23,,,0,70,,147775,23,,,0,30,,147778,23,,,0,70,,147788,23,,,0,30,,147789,23,,,0,70,,147790,23,,,0,30,,147785,23,,,0,70,,147784,23,,,0,30,,147787,23,,,0,70,,147786,23,,,0,30,,147791,23,,,0
1100,'Weekday',553,,147793,23,,,0,70,,147795,23,,,0,30,,147796,23,,,0,71,,147797,23,,,0,27,,147794,23,,,0,72,,147798,23,,,0,25,,147799,23,,,0,74,,147800,23,,,0,30,,147801,23,,,0,70,,147802,23,,,0,30,,147803,23,,,0,70,,147804,23,,,0,30,,147805,23,,,0,70,,147806,23,,,0,30,,147807,23,,,0,70,,147809,23,,,0,35,,147810,23,,,0,68,,147811,23,,,0,29,,147808,23,,,0,71,,147812,23,,,0,30,,147813,23,,,0,70,,147814,23,,,0,30,,147815,23,,,0,70,,147816,23,,,0,30,,147817,23,,,0,67,,147818,23,,,0,30,,147819,23,,,0,70,,147820,23,,,0,30,,147821,23,,,0,70,,147822,23,,,0,30,,147823,23,,,0,70,,147824,23,,,0
1400,'Saturday',632,,148165,41,,,0,68,,148152,41,,,0,32,,148140,41,,,0,70,,148129,41,,,0,30,,148153,41,,,0,70,,148142,41,,,0,32,,148128,41,,,0,70,,148154,41,,,0,30,,148141,41,,,0,70,,148130,41,,,0,30,,148156,41,,,0,70,,148144,41,,,0,30,,148131,41,,,0,70,,148157,41,,,0,30,,148143,41,,,0,70,,148132,41,,,0,30,,148158,41,,,0,70,,148145,41,,,0,30,,148133,41,,,0,70,,148155,41,,,0,30,,148146,41,,,0,70,,148134,41,,,0,30,,148159,41,,,0,70,,148148,41,,,0,30,,148136,41,,,0,70,,148160,41,,,0,29,,148147,41,,,0,70,,148135,41,,,0,30,,148161,41,,,0,70,,148150,41,,,0,30,,148137,41,,,0,70,,148162,41,,,0,30,,148149,41,,,0,70,,148139,41,,,0,37,,148163,41,,,0,63,,148151,41,,,0,30,,148138,41,,,0,70,,148164,41,,,0
1400,'Sunday',632,,148180,41,,,0,68,,148168,41,,,0,32,,148193,41,,,0,70,,148181,41,,,0,30,,148169,41,,,0,70,,148195,41,,,0,32,,148182,41,,,0,70,,148171,41,,,0,30,,148194,41,,,0,70,,148183,41,,,0,30,,148170,41,,,0,70,,148196,41,,,0,30,,148185,41,,,0,70,,148167,41,,,0,30,,148197,41,,,0,70,,148184,41,,,0,30,,148172,41,,,0,70,,148198,41,,,0,30,,148186,41,,,0,70,,148174,41,,,0,30,,148199,41,,,0,70,,148188,41,,,0,30,,148173,41,,,0,70,,148200,41,,,0,30,,148187,41,,,0,70,,148175,41,,,0,29,,148201,41,,,0,70,,148189,41,,,0,30,,148177,41,,,0,70,,148202,41,,,0,30,,148190,41,,,0,70,,148176,41,,,0,30,,148203,41,,,0,70,,148191,41,,,0,36,,148178,41,,,0,64,,148166,41,,,0,30,,148192,41,,,0,70,,148179,41,,,0
1400,'Weekday',506,,148213,41,,,0,29,,148204,41,,,0,21,,148225,41,,,0,65,,148238,41,,,0,15,,148248,41,,,0,15,,148246,41,,,0,55,,148205,41,,,0,15,,148226,41,,,0,15,,148250,41,,,0,18,,148239,41,,,0,57,,148249,41,,,0,15,,148247,41,,,0,15,,148206,41,,,0,15,,148227,41,,,0,54,,148251,41,,,0,15,,148240,41,,,0,12,,148252,41,,,0,14,,148214,41,,,0,62,,148207,41,,,0,22,,148228,41,,,0,22,,148241,41,,,0,62,,148215,41,,,0,22,,148208,41,,,0,62,,148229,41,,,0,22,,148242,41,,,0,22,,148216,41,,,0,62,,148209,41,,,0,22,,148230,41,,,0,22,,148243,41,,,0,62,,148217,41,,,0,22,,148210,41,,,0,22,,148231,41,,,0,65,,148244,41,,,0,16,,148253,41,,,0,17,,148218,41,,,0,55,,148211,41,,,0,15,,148256,41,,,0,16,,148232,41,,,0,15,,148260,41,,,0,55,,148254,41,,,0,15,,148258,41,,,0,14,,148245,41,,,0,15,,148212,41,,,0,55,,148219,41,,,0,15,,148233,41,,,0,15,,148261,41,,,0,15,,148255,41,,,0,52,,148259,41,,,0,14,,148257,41,,,0,13,,148220,41,,,0,22,,148234,41,,,0,70,,148221,41,,,0,30,,148262,41,,,0,70,,148235,41,,,0,30,,148222,41,,,0,70,,148263,41,,,0,30,,148236,41,,,0,70,,148223,41,,,0,30,,148264,41,,,0,70,,148237,41,,,0,30,,148224,41,,,0
5201,'Saturday',659,,153240,35,,,0,85,,153231,35,,,0,85,,153241,35,,,0,85,,153232,35,,,0,45,,153242,35,,,0,85,,153235,35,,,0,85,,153245,35,,,0,85,,153236,35,,,0,92,,153246,35,,,0,45,,153234,35,,,0,85,,153247,35,,,0,85,,153230,35,,,0,85,,153243,35,,,0,45,,153237,35,,,0,82,,153244,35,,,0,88,,153238,35,,,0,83,,153228,35,,,0,47,,153239,35,,,0,85,,153227,35,,,0,85,,153233,35,,,0,85,,153229,35,,,0
5201,'Sunday',808,,153257,35,,,0,45,,153248,35,,,0,85,,153258,35,,,0,85,,153252,35,,,0,85,,153261,35,,,0,45,,153249,35,,,0,85,,153262,35,,,0,85,,153250,35,,,0,85,,153259,35,,,0,45,,153253,35,,,0,85,,153260,35,,,0,85,,153251,35,,,0,85,,153264,35,,,0,45,,153254,35,,,0,85,,153263,35,,,0,85,,153255,35,,,0,85,,153265,35,,,0,45,,153256,35,,,0,85,,153266,35,,,0
5201,'Weekday',542,,153287,35,,,0,85,,153286,35,,,0,85,,153285,35,,,0,45,,153284,35,,,0,85,,153288,35,,,0,86,,153281,35,,,0,84,,153283,35,,,0,45,,153279,35,,,0,85,,153282,35,,,0,85,,153280,35,,,0,85,,153278,35,,,0,45,,153273,35,,,0,85,,153277,35,,,0,83,,153276,35,,,0,86,,153275,35,,,0,45,,153271,35,,,0,85,,153274,35,,,0,85,,153272,35,,,0,85,,153270,35,,,0,44,,153269,35,,,0,85,,153268,35,,,0,86,,153267,35,,,0
7800,'Saturday',658,,156441,29,,,0,75,,156448,29,,,0,75,,156449,29,,,0,35,,156450,29,,,0,75,,156447,29,,,0,35,,156451,29,,,0,75,,156452,29,,,0,75,,156453,29,,,0,35,,156454,29,,,0,75,,156455,29,,,0,35,,156457,29,,,0,75,,156458,29,,,0,35,,156459,29,,,0,75,,156456,29,,,0,75,,156460,29,,,0,35,,156461,29,,,0,75,,156462,29,,,0,35,,156463,29,,,0,75,,156464,29,,,0,75,,156465,29,,,0,35,,156468,29,,,0,75,,156469,29,,,0,35,,156470,29,,,0,75,,156466,29,,,0,35,,156467,29,,,0,75,,156471,29,,,0,75,,156446,29,,,0,35,,156443,29,,,0,75,,156444,29,,,0,35,,156445,29,,,0,75,,156442,29,,,0
7800,'Sunday',658,,156487,29,,,0,75,,156472,29,,,0,75,,156488,29,,,0,35,,156473,29,,,0,75,,156489,29,,,0,35,,156474,29,,,0,75,,156490,29,,,0,75,,156475,29,,,0,35,,156493,29,,,0,75,,156477,29,,,0,35,,156492,29,,,0,75,,156476,29,,,0,35,,156491,29,,,0,75,,156478,29,,,0,75,,156494,29,,,0,35,,156479,29,,,0,75,,156495,29,,,0,35,,156480,29,,,0,75,,156496,29,,,0,75,,156481,29,,,0,35,,156497,29,,,0,75,,156482,29,,,0,35,,156498,29,,,0,75,,156483,29,,,0,35,,156499,29,,,0,75,,156484,29,,,0,75,,156500,29,,,0,35,,156486,29,,,0,75,,156501,29,,,0,35,,156485,29,,,0,75,,156502,29,,,0
7800,'Weekday',516,,156503,29,,,0,30,,156516,29,,,0,60,,156532,29,,,0,20,,156504,29,,,0,76,,156517,29,,,0,20,,156534,29,,,0,20,,156505,29,,,0,60,,156514,29,,,0,20,,156518,29,,,0,20,,156535,29,,,0,60,,156506,29,,,0,18,,156515,29,,,0,20,,156519,29,,,0,62,,156536,29,,,0,25,,156507,29,,,0,25,,156520,29,,,0,65,,156537,29,,,0,25,,156508,29,,,0,65,,156521,29,,,0,25,,156538,29,,,0,25,,156509,29,,,0,65,,156522,29,,,0,25,,156539,29,,,0,65,,156510,29,,,0,25,,156523,29,,,0,67,,156540,29,,,0,25,,156511,29,,,0,21,,156543,29,,,0,60,,156524,29,,,0,20,,156541,29,,,0,20,,156512,29,,,0,60,,156550,29,,,0,20,,156526,29,,,0,20,,156542,29,,,0,59,,156513,29,,,0,19,,156525,29,,,0,20,,156527,29,,,0,71,,156544,29,,,0,34,,156529,29,,,0,75,,156545,29,,,0,75,,156528,29,,,0,35,,156546,29,,,0,75,,156530,29,,,0,35,,156547,29,,,0,75,,156531,29,,,0,35,,156548,29,,,0,77,,156533,29,,,0,75,,156549,29,,,0
10201,'Saturday',645,,160141,5,,,0,70,,160143,5,,,0,30,,160144,5,,,0,70,,160145,5,,,0,30,,160142,5,,,0,70,,160146,5,,,0,30,,160147,5,,,0,70,,160148,5,,,0,30,,160150,5,,,0,70,,160151,5,,,0,30,,160154,5,,,0,70,,160149,5,,,0,30,,160155,5,,,0,70,,160156,5,,,0,30,,160152,5,,,0,70,,160153,5,,,0,30,,160158,5,,,0,70,,160159,5,,,0,30,,160160,5,,,0,70,,160157,5,,,0,30,,160161,5,,,0,70,,160162,5,,,0,30,,160163,5,,,0,70,,160164,5,,,0,30,,160165,5,,,0,70,,160166,5,,,0,30,,160167,5,,,0,70,,160168,5,,,0,30,,160169,5,,,0,70,,160171,5,,,0,30,,160172,5,,,0,70,,160173,5,,,0,30,,160170,5,,,0,70,,160174,5,,,0,30,,160175,5,,,0,64,,160176,5,,,0,30,,160177,5,,,0
10201,'Sunday',645,,160178,5,,,0,70,,160191,5,,,0,30,,160180,5,,,0,70,,160193,5,,,0,30,,160179,5,,,0,70,,160192,5,,,0,30,,160181,5,,,0,70,,160194,5,,,0,30,,160182,5,,,0,70,,160195,5,,,0,30,,160183,5,,,0,70,,160196,5,,,0,30,,160184,5,,,0,70,,160197,5,,,0,30,,160185,5,,,0,70,,160199,5,,,0,30,,160186,5,,,0,70,,160198,5,,,0,30,,160187,5,,,0,70,,160200,5,,,0,30,,160188,5,,,0,70,,160202,5,,,0,30,,160189,5,,,0,70,,160201,5,,,0,30,,160190,5,,,0,70,,160203,5,,,0,30,,160204,5,,,0,70,,160205,5,,,0,30,,160206,5,,,0,70,,160207,5,,,0,30,,160208,5,,,0,70,,160209,5,,,0,30,,160210,5,,,0,70,,160211,5,,,0,24,,160212,5,,,0
10201,'Weekday',445,,160216,5,,,0,70,,160217,5,,,0,25,,160218,5,,,0,60,,160219,5,,,0,20,,160220,5,,,0,20,,160221,5,,,0,60,,160222,5,,,0,20,,160223,5,,,0,20,,160224,5,,,0,60,,160225,5,,,0,20,,160226,5,,,0,26,,160227,5,,,0,70,,160229,5,,,0,30,,160230,5,,,0,70,,160231,5,,,0,30,,160228,5,,,0,70,,160232,5,,,0,30,,160233,5,,,0,70,,160234,5,,,0,30,,160235,5,,,0,70,,160238,5,,,0,30,,160239,5,,,0,70,,160236,5,,,0,21,,160241,5,,,0,20,,160242,5,,,0,60,,160237,5,,,0,20,,160240,5,,,0,20,,160243,5,,,0,60,,160244,5,,,0,20,,160245,5,,,0,20,,160247,5,,,0,60,,160249,5,,,0,20,,160246,5,,,0,20,,160250,5,,,0,60,,160248,5,,,0,20,,160251,5,,,0,63,,160252,5,,,0,24,,160253,5,,,0,30,,160254,5,,,0,70,,160255,5,,,0,30,,160256,5,,,0,70,,160257,5,,,0,30,,160258,5,,,0,70,,160259,5,,,0,30,,160260,5,,,0,70,,160214,5,,,0,30,,160215,5,,,0,70,,160213,5,,,0,24,,160261,5,,,0
