9801,'Saturday',600,,70818,,,0,35,,70819,,,0,75,,70821,,,0,35,,70820,,,0,75,,70823,,,0,35,,70824,,,0,75,,70822,,,0,75,,70825,,,0,35,,70826,,,0,75,,70827,,,0,35,,70828,,,0,75,,70829,,,0,75,,70830,,,0,35,,70831,,,0,75,,70832,,,0,35,,70833,,,0,75,,70834,,,0,35,,70835,,,0,75,,70836,,,0,75,,70837,,,0,35,,70838,,,0,75,,70839,,,0,35,,70841,,,0,75,,70840,,,0,75,,70842,,,0,35,,70843,,,0,75,,70845,,,0,35,,70844,,,0,75,,70847,,,0,35,,70846,,,0
9801,'Sunday',819,,70848,,,0,35,,70849,,,0,75,,70850,,,0,75,,70851,,,0,35,,70852,,,0,75,,70854,,,0,35,,70853,,,0,75,,70855,,,0,35,,70856,,,0,75,,70857,,,0,75,,70858,,,0,35,,70859,,,0,75,,70860,,,0,35,,70861,,,0,75,,70862,,,0,75,,70863,,,0,35,,70864,,,0,75,,70866,,,0,35,,70865,,,0,75,,70867,,,0,35,,70868,,,0,75,,70869,,,0,75,,70870,,,0,35,,70871,,,0,75,,70872,,,0,35,,70873,,,0
9801,'Weekday',442,,70876,,,0,73,,70877,,,0,33,,70894,,,0,75,,70878,,,0,33,,70895,,,0,73,,70879,,,0,73,,70896,,,0,27,,70874,,,0,6,,70880,,,0,72,,70897,,,0,33,,70881,,,0,72,,70898,,,0,34,,70882,,,0,73,,70899,,,0,33,,70883,,,0,73,,70900,,,0,33,,70884,,,0,73,,70901,,,0,73,,70885,,,0,33,,70902,,,0,74,,70886,,,0,34,,70903,,,0,57,,70875,,,0,16,,70887,,,0,33,,70904,,,0,73,,70888,,,0,32,,70905,,,0,73,,70889,,,0,72,,70906,,,0,33,,70890,,,0,73,,70907,,,0,33,,70891,,,0,72,,70908,,,0,33,,70892,,,0,73,,70909,,,0,33,,70893,,,0,73,,70910,,,0
9801,'Weekday0000100',1344,,70911,,,0
9801,'Weekday1111000',1606,,70912,,,0
9801,'1CCSDCUT-Weekday',442,,70915,,,0,73,,70916,,,0,33,,70933,,,0,75,,70917,,,0,33,,70934,,,0,73,,70918,,,0,73,,70935,,,0,27,,70913,,,0,6,,70919,,,0,72,,70936,,,0,33,,70920,,,0,72,,70937,,,0,34,,70921,,,0,73,,70938,,,0,33,,70922,,,0,73,,70939,,,0,33,,70923,,,0,73,,70940,,,0,73,,70924,,,0,33,,70941,,,0,74,,70925,,,0,34,,70942,,,0,57,,70914,,,0,16,,70926,,,0,33,,70943,,,0,73,,70927,,,0,32,,70944,,,0,73,,70928,,,0,72,,70945,,,0,33,,70929,,,0,73,,70946,,,0,33,,70930,,,0,72,,70947,,,0,33,,70931,,,0,73,,70948,,,0,33,,70932,,,0,73,,70949,,,0
9801,'1CCSDCUT-Weekday0000100',1344,,70950,,,0
9801,'1CCSDCUT-Weekday1111000',1606,,70951,,,0
9801,'1PUBCUT-Weekday',442,,70954,,,0,73,,70955,,,0,33,,70972,,,0,75,,70956,,,0,33,,70973,,,0,73,,70957,,,0,73,,70974,,,0,27,,70952,,,0,6,,70958,,,0,72,,70975,,,0,33,,70959,,,0,72,,70976,,,0,34,,70960,,,0,73,,70977,,,0,33,,70961,,,0,73,,70978,,,0,33,,70962,,,0,73,,70979,,,0,73,,70963,,,0,33,,70980,,,0,74,,70964,,,0,34,,70981,,,0,57,,70953,,,0,16,,70965,,,0,33,,70982,,,0,73,,70966,,,0,32,,70983,,,0,73,,70967,,,0,72,,70984,,,0,33,,70968,,,0,73,,70985,,,0,33,,70969,,,0,72,,70986,,,0,33,,70970,,,0,73,,70987,,,0,33,,70971,,,0,73,,70988,,,0
69900,'Weekday0000100',1436,,88633,0,115 116,0,80,,88632,0,115 116,0
69900,'Weekday1111000',1628,,88634,0,115 116,0
69900,'1CCSDCUT-Weekday0000100',1436,,88636,0,115 116,0,80,,88635,0,115 116,0
69900,'1CCSDCUT-Weekday1111000',1628,,88637,0,115 116,0
69900,'1PUBCUT-Weekday0000100',1436,,88639,0,115 116,0,80,,88638,0,115 116,0
69900,'1PUBCUT-Weekday1111000',1628,,88640,0,115 116,0
69901,'Weekday',746,,88641,0,115 116,0
69901,'1CCSDCUT-Weekday',746,,88642,0,115 116,0
69901,'1PUBCUT-Weekday',746,,88643,0,115 116,0
72800,'Weekday',818,,88810,0,140 69 31,0
72800,'1CCSDCUT-Weekday',818,,88811,0,140 69 31,0
89400,'Weekday',730,,89459,0,12 68 1 114 12,0
89400,'1PUBCUT-Weekday',730,,89460,0,12 68 1 114 12,0
89401,'Weekday',1532,,89461,0,12 68 1 114 12,0
89401,'1PUBCUT-Weekday',1532,,89462,0,12 68 1 114 12,0
