801,'Saturday',645,,47953,,,0,67,,47954,,,0,27,,47955,,,0,67,,47956,,,0,27,,47957,,,0,67,,47958,,,0,27,,47959,,,0,27,,47960,,,0,67,,47961,,,0,27,,47962,,,0,67,,47963,,,0,27,,47964,,,0,67,,47965,,,0,27,,47966,,,0,67,,47967,,,0,27,,47968,,,0,27,,47970,,,0,67,,47971,,,0,27,,47972,,,0,67,,47969,,,0,27,,47973,,,0,67,,47974,,,0,27,,47975,,,0,67,,47976,,,0,27,,47977,,,0,67,,47979,,,0,27,,47980,,,0,27,,47981,,,0,67,,47978,,,0,27,,47982,,,0,67,,47983,,,0,30,,47984,,,0,75,,47985,,,0,35,,47986,,,0,75,,47987,,,0,75,,47988,,,0,35,,47989,,,0
801,'Sunday',645,,47991,,,0,67,,47990,,,0,27,,47992,,,0,67,,47993,,,0,27,,47994,,,0,67,,47995,,,0,27,,47997,,,0,27,,47996,,,0,67,,47998,,,0,27,,47999,,,0,67,,48000,,,0,27,,48001,,,0,67,,48002,,,0,27,,48003,,,0,67,,48004,,,0,27,,48005,,,0,27,,48006,,,0,67,,48007,,,0,27,,48008,,,0,67,,48009,,,0,27,,48010,,,0,67,,48011,,,0,27,,48013,,,0,67,,48015,,,0,27,,48014,,,0,67,,48016,,,0,27,,48012,,,0,27,,48019,,,0,67,,48017,,,0,27,,48018,,,0,67,,48020,,,0,30,,48021,,,0,75,,48022,,,0,35,,48023,,,0,75,,48024,,,0,75,,48025,,,0,35,,48026,,,0
801,'Weekday',512,,48088,,,0,18,,48051,,,0,17,,48030,,,0,57,,48032,,,0,17,,48042,,,0,17,,48059,,,0,17,,48067,,,0,46,,48075,,,0,5,,48076,,,0,7,,48089,,,0,5,,48077,,,0,5,,48078,,,0,7,,48052,,,0,5,,48079,,,0,5,,48080,,,0,7,,48031,,,0,5,,48081,,,0,5,,48082,,,0,47,,48034,,,0,5,,48083,,,0,12,,48043,,,0,16,,48060,,,0,17,,48068,,,0,53,,48090,,,0,21,,48053,,,0,21,,48033,,,0,61,,48044,,,0,21,,48061,,,0,21,,48091,,,0,61,,48054,,,0,21,,48035,,,0,21,,48045,,,0,61,,48063,,,0,21,,48092,,,0,21,,48055,,,0,61,,48036,,,0,21,,48046,,,0,61,,48062,,,0,23,,48093,,,0,12,,48084,,,0,10,,48056,,,0,10,,48085,,,0,50,,48037,,,0,5,,48086,,,0,9,,48070,,,0,17,,48047,,,0,5,,48087,,,0,8,,48073,,,0,5,,48064,,,0,45,,48072,,,0,5,,48074,,,0,5,,48069,,,0,17,,48094,,,0,17,,48057,,,0,57,,48038,,,0,17,,48071,,,0,17,,48028,,,0,22,,48065,,,0,63,,48095,,,0,21,,48058,,,0,61,,48039,,,0,21,,48048,,,0,21,,48066,,,0,61,,48096,,,0,35,,48029,,,0,69,,48049,,,0,35,,48098,,,0,71,,48040,,,0,33,,48050,,,0,73,,48097,,,0,33,,48041,,,0,73,,48027,,,0,85,,48099,,,0
801,'Weekday0000100',1350,,48100,,,0,77,,48101,,,0
801,'Weekday1111000',1530,,48102,,,0
801,'1CCSDCUT-Weekday',512,,48164,,,0,18,,48127,,,0,17,,48106,,,0,57,,48108,,,0,17,,48118,,,0,17,,48135,,,0,17,,48143,,,0,46,,48151,,,0,5,,48152,,,0,7,,48165,,,0,5,,48153,,,0,5,,48154,,,0,7,,48128,,,0,5,,48155,,,0,5,,48156,,,0,7,,48107,,,0,5,,48157,,,0,5,,48158,,,0,47,,48110,,,0,5,,48159,,,0,12,,48119,,,0,16,,48136,,,0,17,,48144,,,0,53,,48166,,,0,21,,48129,,,0,21,,48109,,,0,61,,48120,,,0,21,,48137,,,0,21,,48167,,,0,61,,48130,,,0,21,,48111,,,0,21,,48121,,,0,61,,48139,,,0,21,,48168,,,0,21,,48131,,,0,61,,48112,,,0,21,,48122,,,0,61,,48138,,,0,23,,48169,,,0,12,,48160,,,0,10,,48132,,,0,10,,48161,,,0,50,,48113,,,0,5,,48162,,,0,9,,48146,,,0,17,,48123,,,0,5,,48163,,,0,8,,48149,,,0,5,,48140,,,0,45,,48148,,,0,5,,48150,,,0,5,,48145,,,0,17,,48170,,,0,17,,48133,,,0,57,,48114,,,0,17,,48147,,,0,17,,48104,,,0,22,,48141,,,0,63,,48171,,,0,21,,48134,,,0,61,,48115,,,0,21,,48124,,,0,21,,48142,,,0,61,,48172,,,0,35,,48105,,,0,69,,48125,,,0,35,,48174,,,0,71,,48116,,,0,33,,48126,,,0,73,,48173,,,0,33,,48117,,,0,73,,48103,,,0,85,,48175,,,0
801,'1CCSDCUT-Weekday0000100',1350,,48176,,,0,77,,48177,,,0
801,'1CCSDCUT-Weekday1111000',1530,,48178,,,0
801,'1PUBCUT-Weekday',512,,48240,,,0,18,,48203,,,0,17,,48182,,,0,57,,48184,,,0,17,,48194,,,0,17,,48211,,,0,17,,48219,,,0,46,,48227,,,0,5,,48228,,,0,7,,48241,,,0,5,,48229,,,0,5,,48230,,,0,7,,48204,,,0,5,,48231,,,0,5,,48232,,,0,7,,48183,,,0,5,,48233,,,0,5,,48234,,,0,47,,48186,,,0,5,,48235,,,0,12,,48195,,,0,16,,48212,,,0,17,,48220,,,0,53,,48242,,,0,21,,48205,,,0,21,,48185,,,0,61,,48196,,,0,21,,48213,,,0,21,,48243,,,0,61,,48206,,,0,21,,48187,,,0,21,,48197,,,0,61,,48215,,,0,21,,48244,,,0,21,,48207,,,0,61,,48188,,,0,21,,48198,,,0,61,,48214,,,0,23,,48245,,,0,12,,48236,,,0,10,,48208,,,0,10,,48237,,,0,50,,48189,,,0,5,,48238,,,0,9,,48222,,,0,17,,48199,,,0,5,,48239,,,0,8,,48225,,,0,5,,48216,,,0,45,,48224,,,0,5,,48226,,,0,5,,48221,,,0,17,,48246,,,0,17,,48209,,,0,57,,48190,,,0,17,,48223,,,0,17,,48180,,,0,22,,48217,,,0,63,,48247,,,0,21,,48210,,,0,61,,48191,,,0,21,,48200,,,0,21,,48218,,,0,61,,48248,,,0,35,,48181,,,0,69,,48201,,,0,35,,48250,,,0,71,,48192,,,0,33,,48202,,,0,73,,48249,,,0,33,,48193,,,0,73,,48179,,,0,85,,48251,,,0
801,'1PUBCUT-Weekday0000100',1350,,48252,,,0,77,,48253,,,0
801,'1PUBCUT-Weekday1111000',1530,,48254,,,0
12301,'Saturday',654,,75117,,,0,82,,75116,,,0,82,,75119,,,0,82,,75118,,,0,43,,75120,,,0,82,,75121,,,0,82,,75122,,,0,42,,75123,,,0,82,,75124,,,0,82,,75125,,,0,42,,75128,,,0,82,,75126,,,0,82,,75129,,,0,82,,75127,,,0,42,,75130,,,0,82,,75131,,,0,82,,75133,,,0,41,,75132,,,0,82,,75141,,,0,82,,75136,,,0,42,,75139,,,0,82,,75138,,,0,82,,75134,,,0,82,,75137,,,0,42,,75135,,,0,82,,75140,,,0
12301,'Sunday',654,,75142,,,0,82,,75143,,,0,82,,75144,,,0,82,,75145,,,0,43,,75146,,,0,82,,75147,,,0,82,,75148,,,0,42,,75149,,,0,82,,75150,,,0,82,,75151,,,0,42,,75154,,,0,82,,75152,,,0,82,,75155,,,0,82,,75153,,,0,42,,75156,,,0,82,,75157,,,0,82,,75159,,,0,41,,75158,,,0,82,,75166,,,0,82,,75162,,,0,42,,75167,,,0,82,,75164,,,0,82,,75160,,,0,82,,75163,,,0,42,,75161,,,0,82,,75165,,,0
12301,'Weekday',612,,75169,,,0,24,,75179,,,0,12,,75218,,,0,52,,75182,,,0,12,,75217,,,0,12,,75198,,,0,12,,75215,,,0,12,,75171,,,0,52,,75216,,,0,12,,75180,,,0,24,,75183,,,0,64,,75199,,,0,30,,75170,,,0,70,,75184,,,0,30,,75200,,,0,70,,75172,,,0,30,,75185,,,0,70,,75201,,,0,30,,75173,,,0,70,,75186,,,0,30,,75202,,,0,70,,75174,,,0,24,,75187,,,0,76,,75203,,,0,30,,75175,,,0,12,,75214,,,0,12,,75188,,,0,52,,75211,,,0,12,,75195,,,0,12,,75212,,,0,12,,75204,,,0,12,,75213,,,0,52,,75176,,,0,24,,75189,,,0,24,,75196,,,0,64,,75205,,,0,23,,75177,,,0,64,,75190,,,0,43,,75206,,,0,83,,75191,,,0,83,,75208,,,0,43,,75192,,,0,83,,75207,,,0,83,,75193,,,0,83,,75209,,,0,38,,75194,,,0,84,,75210,,,0
12301,'1CCSDCUT-Weekday',612,,75220,,,0,24,,75230,,,0,12,,75269,,,0,52,,75233,,,0,12,,75268,,,0,12,,75249,,,0,12,,75266,,,0,12,,75222,,,0,52,,75267,,,0,12,,75231,,,0,24,,75234,,,0,64,,75250,,,0,30,,75221,,,0,70,,75235,,,0,30,,75251,,,0,70,,75223,,,0,30,,75236,,,0,70,,75252,,,0,30,,75224,,,0,70,,75237,,,0,30,,75253,,,0,70,,75225,,,0,24,,75238,,,0,76,,75254,,,0,30,,75226,,,0,12,,75265,,,0,12,,75239,,,0,52,,75262,,,0,12,,75246,,,0,12,,75263,,,0,12,,75255,,,0,12,,75264,,,0,52,,75227,,,0,24,,75240,,,0,24,,75247,,,0,64,,75256,,,0,23,,75228,,,0,64,,75241,,,0,43,,75257,,,0,83,,75242,,,0,83,,75259,,,0,43,,75243,,,0,83,,75258,,,0,83,,75244,,,0,83,,75260,,,0,38,,75245,,,0,84,,75261,,,0
12301,'1PUBCUT-Weekday',612,,75271,,,0,24,,75281,,,0,12,,75320,,,0,52,,75284,,,0,12,,75319,,,0,12,,75300,,,0,12,,75317,,,0,12,,75273,,,0,52,,75318,,,0,12,,75282,,,0,24,,75285,,,0,64,,75301,,,0,30,,75272,,,0,70,,75286,,,0,30,,75302,,,0,70,,75274,,,0,30,,75287,,,0,70,,75303,,,0,30,,75275,,,0,70,,75288,,,0,30,,75304,,,0,70,,75276,,,0,24,,75289,,,0,76,,75305,,,0,30,,75277,,,0,12,,75316,,,0,12,,75290,,,0,52,,75313,,,0,12,,75297,,,0,12,,75314,,,0,12,,75306,,,0,12,,75315,,,0,52,,75278,,,0,24,,75291,,,0,24,,75298,,,0,64,,75307,,,0,23,,75279,,,0,64,,75292,,,0,43,,75308,,,0,83,,75293,,,0,83,,75310,,,0,43,,75294,,,0,83,,75309,,,0,83,,75295,,,0,83,,75311,,,0,38,,75296,,,0,84,,75312,,,0
88701,'Weekday',802,,89444,0,12 89 28 1 90,0
88701,'1PUBCUT-Weekday',802,,89445,0,12 89 28 1 90,0
