7600,'Saturday',553,,44495,8,,,0,70,,44515,8,,,0,80,,44504,8,,,0,40,,44510,8,,,0,80,,44498,8,,,0,80,,44516,8,,,0,40,,44503,8,,,0,80,,44496,8,,,0,80,,44499,8,,,0,40,,44517,8,,,0,81,,44506,8,,,0,80,,44511,8,,,0,40,,44497,8,,,0,80,,44518,8,,,0,80,,44505,8,,,0,40,,44512,8,,,0,80,,44501,8,,,0,80,,44519,8,,,0,40,,44507,8,,,0,80,,44513,8,,,0,79,,44502,8,,,0,40,,44521,8,,,0,80,,44509,8,,,0,80,,44514,8,,,0,40,,44500,8,,,0,80,,44520,8,,,0,80,,44508,8,,,0,40,,44522,8,,,0
7600,'Sunday',553,,44525,8,,,0,70,,44533,8,,,0,80,,44544,8,,,0,40,,44526,8,,,0,80,,44534,8,,,0,80,,44542,8,,,0,40,,44527,8,,,0,80,,44535,8,,,0,80,,44543,8,,,0,40,,44528,8,,,0,81,,44536,8,,,0,80,,44545,8,,,0,40,,44529,8,,,0,80,,44538,8,,,0,80,,44547,8,,,0,40,,44530,8,,,0,80,,44537,8,,,0,80,,44546,8,,,0,40,,44531,8,,,0,80,,44539,8,,,0,79,,44548,8,,,0,40,,44532,8,,,0,80,,44540,8,,,0,80,,44523,8,,,0,40,,44549,8,,,0,80,,44541,8,,,0,80,,44524,8,,,0,40,,44550,8,,,0
7600,'Weekday',513,,44551,8,,,0,30,,44563,8,,,0,70,,44554,8,,,0,30,,44580,8,,,0,70,,44572,8,,,0,10,,44592,8,,,0,20,,44564,8,,,0,70,,44552,8,,,0,9,,44591,8,,,0,21,,44581,8,,,0,69,,44573,8,,,0,30,,44565,8,,,0,70,,44553,8,,,0,30,,44582,8,,,0,70,,44574,8,,,0,30,,44566,8,,,0,70,,44555,8,,,0,30,,44583,8,,,0,70,,44575,8,,,0,30,,44567,8,,,0,70,,44556,8,,,0,30,,44584,8,,,0,71,,44576,8,,,0,30,,44568,8,,,0,70,,44557,8,,,0,30,,44585,8,,,0,70,,44577,8,,,0,30,,44569,8,,,0,70,,44558,8,,,0,29,,44586,8,,,0,70,,44578,8,,,0,30,,44570,8,,,0,70,,44559,8,,,0,30,,44587,8,,,0,70,,44579,8,,,0,30,,44571,8,,,0,70,,44560,8,,,0,30,,44588,8,,,0,70,,44561,8,,,0,30,,44590,8,,,0,70,,44562,8,,,0,39,,44589,8,,,0
7600,'1CCSDCUT-Weekday',513,,44593,8,,,0,30,,44605,8,,,0,70,,44596,8,,,0,30,,44622,8,,,0,70,,44614,8,,,0,10,,44634,8,,,0,20,,44606,8,,,0,70,,44594,8,,,0,9,,44633,8,,,0,21,,44623,8,,,0,69,,44615,8,,,0,30,,44607,8,,,0,70,,44595,8,,,0,30,,44624,8,,,0,70,,44616,8,,,0,30,,44608,8,,,0,70,,44597,8,,,0,30,,44625,8,,,0,70,,44617,8,,,0,30,,44609,8,,,0,70,,44598,8,,,0,30,,44626,8,,,0,71,,44618,8,,,0,30,,44610,8,,,0,70,,44599,8,,,0,30,,44627,8,,,0,70,,44619,8,,,0,30,,44611,8,,,0,70,,44600,8,,,0,29,,44628,8,,,0,70,,44620,8,,,0,30,,44612,8,,,0,70,,44601,8,,,0,30,,44629,8,,,0,70,,44621,8,,,0,30,,44613,8,,,0,70,,44602,8,,,0,30,,44630,8,,,0,70,,44603,8,,,0,30,,44632,8,,,0,70,,44604,8,,,0,39,,44631,8,,,0
7600,'1PUBCUT-Weekday',513,,44635,8,,,0,30,,44647,8,,,0,70,,44638,8,,,0,30,,44664,8,,,0,70,,44656,8,,,0,30,,44648,8,,,0,70,,44636,8,,,0,30,,44665,8,,,0,69,,44657,8,,,0,30,,44649,8,,,0,70,,44637,8,,,0,30,,44666,8,,,0,70,,44658,8,,,0,30,,44650,8,,,0,70,,44639,8,,,0,30,,44667,8,,,0,70,,44659,8,,,0,30,,44651,8,,,0,70,,44640,8,,,0,30,,44668,8,,,0,71,,44660,8,,,0,30,,44652,8,,,0,70,,44641,8,,,0,30,,44669,8,,,0,70,,44661,8,,,0,30,,44653,8,,,0,70,,44642,8,,,0,29,,44670,8,,,0,70,,44662,8,,,0,30,,44654,8,,,0,70,,44643,8,,,0,30,,44671,8,,,0,70,,44663,8,,,0,30,,44655,8,,,0,70,,44644,8,,,0,30,,44672,8,,,0,70,,44645,8,,,0,30,,44674,8,,,0,70,,44646,8,,,0,39,,44673,8,,,0
11300,'Weekday',547,,53324,8,,,0,70,,53316,8,,,0,32,,53326,8,,,0,72,,53317,8,,,0,32,,53327,8,,,0,72,,53318,8,,,0,32,,53328,8,,,0,72,,53319,8,,,0,72,,53329,8,,,0,32,,53320,8,,,0,72,,53330,8,,,0,32,,53321,8,,,0,72,,53331,8,,,0,32,,53322,8,,,0,72,,53332,8,,,0,32,,53323,8,,,0,72,,53333,8,,,0,32,,53325,8,,,0,72,,53334,8,,,0,32,,53342,8,,,0,72,,53335,8,,,0,32,,53343,8,,,0,72,,53336,8,,,0,72,,53344,8,,,0,32,,53337,8,,,0,72,,53345,8,,,0,32,,53338,8,,,0,72,,53346,8,,,0,32,,53339,8,,,0,72,,53347,8,,,0,32,,53340,8,,,0,72,,53348,8,,,0,32,,53341,8,,,0,72,,53349,8,,,0
11300,'1CCSDCUT-Weekday',547,,53358,8,,,0,70,,53350,8,,,0,32,,53360,8,,,0,72,,53351,8,,,0,32,,53361,8,,,0,72,,53352,8,,,0,32,,53362,8,,,0,72,,53353,8,,,0,72,,53363,8,,,0,32,,53354,8,,,0,72,,53364,8,,,0,32,,53355,8,,,0,72,,53365,8,,,0,32,,53356,8,,,0,72,,53366,8,,,0,32,,53357,8,,,0,72,,53367,8,,,0,32,,53359,8,,,0,72,,53368,8,,,0,32,,53376,8,,,0,72,,53369,8,,,0,32,,53377,8,,,0,72,,53370,8,,,0,72,,53378,8,,,0,32,,53371,8,,,0,72,,53379,8,,,0,32,,53372,8,,,0,72,,53380,8,,,0,32,,53373,8,,,0,72,,53381,8,,,0,32,,53374,8,,,0,72,,53382,8,,,0,32,,53375,8,,,0,72,,53383,8,,,0
11300,'1PUBCUT-Weekday',547,,53392,8,,,0,70,,53384,8,,,0,32,,53394,8,,,0,72,,53385,8,,,0,32,,53395,8,,,0,72,,53386,8,,,0,32,,53396,8,,,0,72,,53387,8,,,0,72,,53397,8,,,0,32,,53388,8,,,0,72,,53398,8,,,0,32,,53389,8,,,0,72,,53399,8,,,0,32,,53390,8,,,0,72,,53400,8,,,0,32,,53391,8,,,0,72,,53401,8,,,0,32,,53393,8,,,0,72,,53402,8,,,0,32,,53410,8,,,0,72,,53403,8,,,0,32,,53411,8,,,0,72,,53404,8,,,0,72,,53412,8,,,0,32,,53405,8,,,0,72,,53413,8,,,0,32,,53406,8,,,0,72,,53414,8,,,0,32,,53407,8,,,0,72,,53415,8,,,0,32,,53408,8,,,0,72,,53416,8,,,0,32,,53409,8,,,0,72,,53417,8,,,0
80200,'Weekday',818,,68873,2,0,127 187,0
80200,'1PUBCUT-Weekday',818,,68874,2,0,127 187,0
81600,'Weekday',817,,68928,14,0,12 13 148,0
81600,'1PUBCUT-Weekday',817,,68929,14,0,12 13 148,0
