6201,'Weekday',651,,98758,27,4,,0,68,,98759,27,4,,0,28,,98760,27,4,,0
6201,'STMPSnea-Weekday',651,,98761,27,4,,0,68,,98762,27,4,,0,28,,98763,27,4,,0
6201,'STMPWeek-Weekday',651,,98764,27,4,,0,68,,98765,27,4,,0,28,,98766,27,4,,0
6201,'STMPar-Weekday',651,,98767,27,4,,0,68,,98768,27,4,,0,28,,98769,27,4,,0
6401,'Weekday',648,,98883,30,4,,0,61,,98884,30,4,,0,22,,98885,30,4,,0,20,,98886,30,4,,0,59,,98882,30,4,,0
6401,'STMPSnea-Weekday',648,,98888,30,4,,0,61,,98889,30,4,,0,22,,98890,30,4,,0,20,,98891,30,4,,0,59,,98887,30,4,,0
6401,'STMPWeek-Weekday',648,,98893,30,4,,0,61,,98894,30,4,,0,22,,98895,30,4,,0,20,,98896,30,4,,0,59,,98892,30,4,,0
6401,'STMPar-Weekday',648,,98898,30,4,,0,61,,98899,30,4,,0,22,,98900,30,4,,0,20,,98901,30,4,,0,59,,98897,30,4,,0
10901,'Weekday',652,,117632,24,4,,0,71,,117631,24,4,,0,23,,117630,24,4,,0
10901,'STMPSnea-Weekday',652,,117635,24,4,,0,71,,117634,24,4,,0,23,,117633,24,4,,0
10901,'STMPWeek-Weekday',652,,117638,24,4,,0,71,,117637,24,4,,0,23,,117636,24,4,,0
10901,'STMPar-Weekday',652,,117641,24,4,,0,71,,117639,24,4,,0,23,,117640,24,4,,0
11601,'Weekday',650,,119258,42,4,,0,62,,119259,42,4,,0,20,,119260,42,4,,0,19,,119261,42,4,,0
11601,'STMPSnea-Weekday',650,,119262,42,4,,0,62,,119263,42,4,,0,20,,119264,42,4,,0,19,,119265,42,4,,0
11601,'STMPWeek-Weekday',650,,119266,42,4,,0,62,,119267,42,4,,0,20,,119268,42,4,,0,19,,119269,42,4,,0
11601,'STMPar-Weekday',650,,119270,42,4,,0,62,,119271,42,4,,0,20,,119272,42,4,,0,19,,119273,42,4,,0
14201,'Weekday',648,,126077,30,4,,0,68,,126078,30,4,,0,26,,126079,30,4,,0
14201,'STMPSnea-Weekday',648,,126080,30,4,,0,68,,126081,30,4,,0,26,,126082,30,4,,0
14201,'STMPWeek-Weekday',648,,126083,30,4,,0,68,,126084,30,4,,0,26,,126085,30,4,,0
14201,'STMPar-Weekday',648,,126086,30,4,,0,68,,126087,30,4,,0,26,,126088,30,4,,0
