3600,'Saturday',618,,87432,37,,,0,85,,87436,37,,,0,45,,87439,37,,,0,85,,87441,37,,,0,85,,87433,37,,,0,85,,87437,37,,,0,45,,87438,37,,,0,85,,87440,37,,,0,85,,87420,37,,,0,85,,87421,37,,,0,45,,87422,37,,,0,85,,87423,37,,,0,85,,87424,37,,,0,85,,87425,37,,,0,45,,87426,37,,,0,85,,87427,37,,,0,85,,87428,37,,,0,85,,87429,37,,,0,45,,87434,37,,,0,85,,87430,37,,,0,85,,87431,37,,,0,85,,87435,37,,,0,45,,87443,37,,,0,85,,87442,37,,,0
3600,'Sunday',748,,87457,37,,,0,85,,87459,37,,,0,85,,87455,37,,,0,85,,87454,37,,,0,45,,87456,37,,,0,85,,87458,37,,,0,85,,87445,37,,,0,85,,87444,37,,,0,45,,87446,37,,,0,85,,87447,37,,,0,85,,87448,37,,,0,85,,87449,37,,,0,45,,87450,37,,,0,85,,87451,37,,,0,85,,87452,37,,,0,85,,87453,37,,,0,45,,87460,37,,,0,85,,87462,37,,,0,85,,87463,37,,,0,85,,87465,37,,,0,45,,87464,37,,,0,85,,87461,37,,,0
3600,'Weekday',531,,87466,34,,,0,115,,87477,37,,,0,75,,87478,37,,,0,35,,87479,37,,,0,75,,87480,37,,,0,75,,87481,37,,,0,33,,87483,37,,,0,75,,87482,37,,,0,35,,87487,37,,,0,75,,87484,37,,,0,35,,87485,37,,,0,75,,87486,37,,,0,75,,87488,37,,,0,35,,87489,37,,,0,75,,87490,37,,,0,35,,87491,37,,,0,75,,87492,37,,,0,78,,87493,37,,,0,35,,87494,37,,,0,75,,87495,37,,,0,33,,87496,37,,,0,73,,87468,37,,,0,35,,87469,37,,,0,71,,87467,37,,,0,72,,87470,37,,,0,41,,87471,37,,,0,81,,87472,37,,,0,81,,87473,37,,,0,41,,87474,37,,,0,81,,87475,37,,,0,81,,87476,37,0,88,0
3600,'STMPSa-Saturday',618,,87509,37,,,0,85,,87513,37,,,0,45,,87516,37,,,0,85,,87518,37,,,0,85,,87510,37,,,0,85,,87514,37,,,0,45,,87515,37,,,0,85,,87517,37,,,0,85,,87497,37,,,0,85,,87498,37,,,0,45,,87499,37,,,0,85,,87500,37,,,0,85,,87501,37,,,0,85,,87502,37,,,0,45,,87503,37,,,0,85,,87504,37,,,0,85,,87505,37,,,0,85,,87506,37,,,0,45,,87511,37,,,0,85,,87507,37,,,0,85,,87508,37,,,0,85,,87512,37,,,0,45,,87520,37,,,0,85,,87519,37,,,0
3600,'STMPSnea-Weekday',531,,87521,34,,,0,115,,87532,37,,,0,75,,87533,37,,,0,35,,87534,37,,,0,75,,87535,37,,,0,75,,87536,37,,,0,33,,87538,37,,,0,75,,87537,37,,,0,35,,87542,37,,,0,75,,87539,37,,,0,35,,87540,37,,,0,75,,87541,37,,,0,75,,87543,37,,,0,35,,87544,37,,,0,75,,87545,37,,,0,35,,87546,37,,,0,75,,87547,37,,,0,78,,87548,37,,,0,35,,87549,37,,,0,75,,87550,37,,,0,33,,87551,37,,,0,73,,87523,37,,,0,35,,87524,37,,,0,71,,87522,37,,,0,72,,87525,37,,,0,41,,87526,37,,,0,81,,87527,37,,,0,81,,87528,37,,,0,41,,87529,37,,,0,81,,87530,37,,,0,81,,87531,37,0,88,0
3600,'STMPSu1-Sunday',748,,87565,37,,,0,85,,87567,37,,,0,85,,87563,37,,,0,85,,87562,37,,,0,45,,87564,37,,,0,85,,87566,37,,,0,85,,87553,37,,,0,85,,87552,37,,,0,45,,87554,37,,,0,85,,87555,37,,,0,85,,87556,37,,,0,85,,87557,37,,,0,45,,87558,37,,,0,85,,87559,37,,,0,85,,87560,37,,,0,85,,87561,37,,,0,45,,87568,37,,,0,85,,87570,37,,,0,85,,87571,37,,,0,85,,87573,37,,,0,45,,87572,37,,,0,85,,87569,37,,,0
3600,'STMPSu2-Sunday',748,,87587,37,,,0,85,,87589,37,,,0,85,,87585,37,,,0,85,,87584,37,,,0,45,,87586,37,,,0,85,,87588,37,,,0,85,,87575,37,,,0,85,,87574,37,,,0,45,,87576,37,,,0,85,,87577,37,,,0,85,,87578,37,,,0,85,,87579,37,,,0,45,,87580,37,,,0,85,,87581,37,,,0,85,,87582,37,,,0,85,,87583,37,,,0,45,,87590,37,,,0,85,,87592,37,,,0,85,,87593,37,,,0,85,,87595,37,,,0,45,,87594,37,,,0,85,,87591,37,,,0
3600,'STMPWeek-Weekday',531,,87596,34,,,0,115,,87607,37,,,0,75,,87608,37,,,0,35,,87609,37,,,0,75,,87610,37,,,0,75,,87611,37,,,0,33,,87613,37,,,0,75,,87612,37,,,0,35,,87617,37,,,0,75,,87614,37,,,0,35,,87615,37,,,0,75,,87616,37,,,0,75,,87618,37,,,0,35,,87619,37,,,0,75,,87620,37,,,0,35,,87621,37,,,0,75,,87622,37,,,0,78,,87623,37,,,0,35,,87624,37,,,0,75,,87625,37,,,0,33,,87626,37,,,0,73,,87598,37,,,0,35,,87599,37,,,0,71,,87597,37,,,0,72,,87600,37,,,0,41,,87601,37,,,0,81,,87602,37,,,0,81,,87603,37,,,0,41,,87604,37,,,0,81,,87605,37,,,0,81,,87606,37,0,88,0
3600,'STMPar-Weekday',531,,87627,34,,,0,115,,87638,37,,,0,75,,87639,37,,,0,35,,87640,37,,,0,75,,87641,37,,,0,75,,87642,37,,,0,33,,87644,37,,,0,75,,87643,37,,,0,35,,87648,37,,,0,75,,87645,37,,,0,35,,87646,37,,,0,75,,87647,37,,,0,75,,87649,37,,,0,35,,87650,37,,,0,75,,87651,37,,,0,35,,87652,37,,,0,75,,87653,37,,,0,78,,87654,37,,,0,35,,87655,37,,,0,75,,87656,37,,,0,33,,87657,37,,,0,73,,87629,37,,,0,35,,87630,37,,,0,71,,87628,37,,,0,72,,87631,37,,,0,41,,87632,37,,,0,81,,87633,37,,,0,81,,87634,37,,,0,41,,87635,37,,,0,81,,87636,37,,,0,81,,87637,37,0,88,0
4100,'Saturday',630,,90218,18,,,0,85,,90216,18,,,0,85,,90201,18,,,0,45,,90202,18,,,0,85,,90203,18,,,0,85,,90204,18,,,0,85,,90205,18,,,0,47,,90206,18,,,0,85,,90207,18,,,0,85,,90208,18,,,0,85,,90209,18,,,0,45,,90210,18,,,0,85,,90212,18,,,0,85,,90213,18,,,0,85,,90214,18,,,0,45,,90211,18,,,0,85,,90215,18,,,0,83,,90217,18,,,0
4100,'Weekday',613,,90223,18,,,0,36,,90224,18,,,0,75,,90225,18,,,0,35,,90226,18,,,0,77,,90227,18,,,0,75,,90231,18,,,0,35,,90229,18,,,0,75,,90232,18,,,0,35,,90230,18,,,0,75,,90228,18,,,0,75,,90234,18,,,0,35,,90233,18,,,0,75,,90237,18,,,0,35,,90235,18,,,0,75,,90236,18,,,0,76,,90238,18,,,0,36,,90239,18,,,0,74,,90240,18,,,0,35,,90241,18,,,0,74,,90242,18,,,0,35,,90243,18,,,0,76,,90221,18,,,0,72,,90222,18,,,0
4100,'STMPSa-Saturday',630,,90261,18,,,0,85,,90259,18,,,0,85,,90244,18,,,0,45,,90245,18,,,0,85,,90246,18,,,0,85,,90247,18,,,0,85,,90248,18,,,0,47,,90249,18,,,0,85,,90250,18,,,0,85,,90251,18,,,0,85,,90252,18,,,0,45,,90253,18,,,0,85,,90255,18,,,0,85,,90256,18,,,0,85,,90257,18,,,0,45,,90254,18,,,0,85,,90258,18,,,0,83,,90260,18,,,0
4100,'STMPSnea-Weekday',613,,90266,18,,,0,36,,90267,18,,,0,75,,90268,18,,,0,35,,90269,18,,,0,77,,90270,18,,,0,75,,90274,18,,,0,35,,90272,18,,,0,75,,90275,18,,,0,35,,90273,18,,,0,75,,90271,18,,,0,75,,90277,18,,,0,35,,90276,18,,,0,75,,90280,18,,,0,35,,90278,18,,,0,75,,90279,18,,,0,76,,90281,18,,,0,36,,90282,18,,,0,74,,90283,18,,,0,35,,90284,18,,,0,74,,90285,18,,,0,35,,90286,18,,,0,76,,90264,18,,,0,72,,90265,18,,,0
4100,'STMPWeek-Weekday',613,,90290,18,,,0,36,,90291,18,,,0,75,,90292,18,,,0,35,,90293,18,,,0,77,,90294,18,,,0,75,,90298,18,,,0,35,,90296,18,,,0,75,,90299,18,,,0,35,,90297,18,,,0,75,,90295,18,,,0,75,,90301,18,,,0,35,,90300,18,,,0,75,,90304,18,,,0,35,,90302,18,,,0,75,,90303,18,,,0,76,,90305,18,,,0,36,,90306,18,,,0,74,,90307,18,,,0,35,,90308,18,,,0,74,,90309,18,,,0,35,,90310,18,,,0,76,,90288,18,,,0,72,,90289,18,,,0
4100,'STMPar-Weekday',613,,90314,18,,,0,36,,90315,18,,,0,75,,90316,18,,,0,35,,90317,18,,,0,77,,90318,18,,,0,75,,90322,18,,,0,35,,90320,18,,,0,75,,90323,18,,,0,35,,90321,18,,,0,75,,90319,18,,,0,75,,90325,18,,,0,35,,90324,18,,,0,75,,90328,18,,,0,35,,90326,18,,,0,75,,90327,18,,,0,76,,90329,18,,,0,36,,90330,18,,,0,74,,90331,18,,,0,35,,90332,18,,,0,74,,90333,18,,,0,35,,90334,18,,,0,76,,90312,18,,,0,72,,90313,18,,,0
