69800,'Weekday',816,,88613,0,172 1 12 173 1 106 107 136,0
69800,'Weekday0000100',845,,88614,0,172 1 12 173 1 106 107 136,0
69800,'Weekday1111000',821,,88615,0,172 1 12 173 1 106 107 136,0
69800,'1CCSDCUT-Weekday',816,,88616,0,172 1 12 173 1 106 107 136,0
69800,'1CCSDCUT-Weekday1111000',821,,88617,0,172 1 12 173 1 106 107 136,0
69800,'1PUBCUT-Weekday',816,,88618,0,172 1 12 173 1 106 107 136,0
69800,'1PUBCUT-Weekday0000100',845,,88619,0,172 1 12 173 1 106 107 136,0
69800,'1PUBCUT-Weekday1111000',821,,88620,0,172 1 12 173 1 106 107 136,0
89400,'Weekday',750,,89459,0,12 68 1 114 12,0
89400,'1PUBCUT-Weekday',750,,89460,0,12 68 1 114 12,0
