4000,'Saturday',800,,56803,,,0,35,,56804,,,0,75,,56802,,,0,35,,56805,,,0,75,,56806,,,0,35,,56807,,,0,75,,56808,,,0,75,,56809,,,0,35,,56812,,,0,75,,56813,,,0,35,,56810,,,0,75,,56811,,,0,75,,56814,,,0,35,,56815,,,0,75,,56816,,,0,35,,56817,,,0,75,,56818,,,0,35,,56819,,,0,75,,56820,,,0
4000,'Sunday',800,,56821,,,0,35,,56822,,,0,75,,56824,,,0,35,,56825,,,0,75,,56826,,,0,35,,56823,,,0,75,,56827,,,0,75,,56828,,,0,35,,56829,,,0,75,,56830,,,0,35,,56831,,,0,75,,56833,,,0,75,,56834,,,0,35,,56835,,,0,75,,56832,,,0,35,,56836,,,0,75,,56837,,,0,35,,56838,,,0,75,,56839,,,0
4000,'Weekday',611,,56856,,,0,35,,56850,,,0,75,,56863,,,0,35,,56857,,,0,75,,56851,,,0,75,,56864,,,0,35,,56858,,,0,75,,56852,,,0,35,,56865,,,0,75,,56859,,,0,75,,56853,,,0,35,,56866,,,0,75,,56860,,,0,35,,56854,,,0,76,,56867,,,0,36,,56861,,,0,79,,56855,,,0,78,,56868,,,0,37,,56862,,,0,78,,56840,,,0,73,,56847,,,0,34,,56844,,,0,72,,56841,,,0,32,,56848,,,0,73,,56845,,,0,34,,56842,,,0,75,,56849,,,0,35,,56846,,,0,71,,56843,,,0
4000,'1CCSDCUT-Weekday',611,,56885,,,0,35,,56879,,,0,75,,56892,,,0,35,,56886,,,0,75,,56880,,,0,75,,56893,,,0,35,,56887,,,0,75,,56881,,,0,35,,56894,,,0,75,,56888,,,0,75,,56882,,,0,35,,56895,,,0,75,,56889,,,0,35,,56883,,,0,76,,56896,,,0,36,,56890,,,0,79,,56884,,,0,78,,56897,,,0,37,,56891,,,0,78,,56869,,,0,73,,56876,,,0,34,,56873,,,0,72,,56870,,,0,32,,56877,,,0,73,,56874,,,0,34,,56871,,,0,75,,56878,,,0,35,,56875,,,0,71,,56872,,,0
4000,'1PUBCUT-Weekday',611,,56914,,,0,35,,56908,,,0,75,,56921,,,0,35,,56915,,,0,75,,56909,,,0,75,,56922,,,0,35,,56916,,,0,75,,56910,,,0,35,,56923,,,0,75,,56917,,,0,75,,56911,,,0,35,,56924,,,0,75,,56918,,,0,35,,56912,,,0,76,,56925,,,0,36,,56919,,,0,79,,56913,,,0,78,,56926,,,0,37,,56920,,,0,78,,56898,,,0,73,,56905,,,0,34,,56902,,,0,72,,56899,,,0,32,,56906,,,0,73,,56903,,,0,34,,56900,,,0,75,,56907,,,0,35,,56904,,,0,71,,56901,,,0
7600,'Saturday',551,,64789,,,0,70,,64809,,,0,80,,64798,,,0,40,,64804,,,0,80,,64792,,,0,80,,64810,,,0,40,,64797,,,0,80,,64790,,,0,80,,64793,,,0,40,,64811,,,0,81,,64800,,,0,80,,64805,,,0,40,,64791,,,0,80,,64812,,,0,80,,64799,,,0,40,,64806,,,0,80,,64795,,,0,80,,64813,,,0,40,,64801,,,0,80,,64807,,,0,79,,64796,,,0,40,,64815,,,0,80,,64803,,,0,80,,64808,,,0,40,,64794,,,0,80,,64814,,,0,80,,64802,,,0,40,,64816,,,0
7600,'Sunday',551,,64819,,,0,70,,64827,,,0,80,,64838,,,0,40,,64820,,,0,80,,64828,,,0,80,,64836,,,0,40,,64821,,,0,80,,64829,,,0,80,,64837,,,0,40,,64822,,,0,81,,64830,,,0,80,,64839,,,0,40,,64823,,,0,80,,64832,,,0,80,,64841,,,0,40,,64824,,,0,80,,64831,,,0,80,,64840,,,0,40,,64825,,,0,80,,64833,,,0,79,,64842,,,0,40,,64826,,,0,80,,64834,,,0,80,,64817,,,0,40,,64843,,,0,80,,64835,,,0,80,,64818,,,0,40,,64844,,,0
7600,'Weekday',511,,64845,,,0,30,,64857,,,0,70,,64848,,,0,30,,64874,,,0,70,,64866,,,0,10,,64886,,,0,20,,64858,,,0,70,,64846,,,0,9,,64885,,,0,21,,64875,,,0,69,,64867,,,0,30,,64859,,,0,70,,64847,,,0,30,,64876,,,0,70,,64868,,,0,30,,64860,,,0,70,,64849,,,0,30,,64877,,,0,70,,64869,,,0,30,,64861,,,0,70,,64850,,,0,30,,64878,,,0,71,,64870,,,0,30,,64862,,,0,70,,64851,,,0,30,,64879,,,0,70,,64871,,,0,30,,64863,,,0,70,,64852,,,0,29,,64880,,,0,70,,64872,,,0,30,,64864,,,0,70,,64853,,,0,30,,64881,,,0,70,,64873,,,0,30,,64865,,,0,70,,64854,,,0,30,,64882,,,0,70,,64855,,,0,30,,64884,,,0,70,,64856,,,0,39,,64883,,,0
7600,'1CCSDCUT-Weekday',511,,64887,,,0,30,,64899,,,0,70,,64890,,,0,30,,64916,,,0,70,,64908,,,0,10,,64928,,,0,20,,64900,,,0,70,,64888,,,0,9,,64927,,,0,21,,64917,,,0,69,,64909,,,0,30,,64901,,,0,70,,64889,,,0,30,,64918,,,0,70,,64910,,,0,30,,64902,,,0,70,,64891,,,0,30,,64919,,,0,70,,64911,,,0,30,,64903,,,0,70,,64892,,,0,30,,64920,,,0,71,,64912,,,0,30,,64904,,,0,70,,64893,,,0,30,,64921,,,0,70,,64913,,,0,30,,64905,,,0,70,,64894,,,0,29,,64922,,,0,70,,64914,,,0,30,,64906,,,0,70,,64895,,,0,30,,64923,,,0,70,,64915,,,0,30,,64907,,,0,70,,64896,,,0,30,,64924,,,0,70,,64897,,,0,30,,64926,,,0,70,,64898,,,0,39,,64925,,,0
7600,'1PUBCUT-Weekday',511,,64929,,,0,30,,64941,,,0,70,,64932,,,0,30,,64958,,,0,70,,64950,,,0,30,,64942,,,0,70,,64930,,,0,30,,64959,,,0,69,,64951,,,0,30,,64943,,,0,70,,64931,,,0,30,,64960,,,0,70,,64952,,,0,30,,64944,,,0,70,,64933,,,0,30,,64961,,,0,70,,64953,,,0,30,,64945,,,0,70,,64934,,,0,30,,64962,,,0,71,,64954,,,0,30,,64946,,,0,70,,64935,,,0,30,,64963,,,0,70,,64955,,,0,30,,64947,,,0,70,,64936,,,0,29,,64964,,,0,70,,64956,,,0,30,,64948,,,0,70,,64937,,,0,30,,64965,,,0,70,,64957,,,0,30,,64949,,,0,70,,64938,,,0,30,,64966,,,0,70,,64939,,,0,30,,64968,,,0,70,,64940,,,0,39,,64967,,,0
