13800,'Saturday',612,,78119,,,0,40,,78095,,,0,80,,78093,,,0,80,,78096,,,0,40,,78098,,,0,80,,78099,,,0,80,,78094,,,0,40,,78097,,,0,80,,78101,,,0,81,,78102,,,0,40,,78100,,,0,81,,78103,,,0,80,,78104,,,0,40,,78105,,,0,80,,78106,,,0,80,,78107,,,0,40,,78109,,,0,80,,78110,,,0,78,,78111,,,0,40,,78108,,,0,80,,78112,,,0,80,,78113,,,0,40,,78114,,,0,80,,78115,,,0,80,,78116,,,0,40,,78117,,,0,80,,78118,,,0,80,,78120,,,0
13800,'Sunday',612,,78139,,,0,40,,78121,,,0,80,,78130,,,0,80,,78140,,,0,40,,78122,,,0,80,,78131,,,0,80,,78141,,,0,40,,78123,,,0,80,,78132,,,0,82,,78142,,,0,40,,78125,,,0,81,,78133,,,0,80,,78143,,,0,40,,78124,,,0,80,,78134,,,0,80,,78144,,,0,40,,78126,,,0,80,,78135,,,0,78,,78145,,,0,39,,78127,,,0,80,,78137,,,0,80,,78146,,,0,40,,78128,,,0,80,,78136,,,0,80,,78147,,,0,40,,78129,,,0,80,,78138,,,0
13800,'Weekday',508,,78154,,,0,36,,78165,,,0,70,,78172,,,0,30,,78148,,,0,71,,78155,,,0,30,,78166,,,0,70,,78173,,,0,32,,78150,,,0,70,,78156,,,0,31,,78167,,,0,70,,78174,,,0,28,,78149,,,0,70,,78157,,,0,30,,78168,,,0,70,,78175,,,0,30,,78151,,,0,70,,78158,,,0,30,,78169,,,0,70,,78176,,,0,32,,78152,,,0,71,,78159,,,0,16,,78187,,,0,15,,78170,,,0,72,,78177,,,0,32,,78153,,,0,70,,78160,,,0,30,,78171,,,0,69,,78178,,,0,27,,78161,,,0,65,,78179,,,0,30,,78182,,,0,70,,78162,,,0,30,,78185,,,0,70,,78180,,,0,29,,78183,,,0,70,,78163,,,0,30,,78186,,,0,70,,78181,,,0,30,,78184,,,0,70,,78164,,,0
13800,'1CCSDCUT-Weekday',508,,78194,,,0,36,,78205,,,0,70,,78212,,,0,30,,78188,,,0,71,,78195,,,0,30,,78206,,,0,70,,78213,,,0,32,,78190,,,0,70,,78196,,,0,31,,78207,,,0,70,,78214,,,0,28,,78189,,,0,70,,78197,,,0,30,,78208,,,0,70,,78215,,,0,30,,78191,,,0,70,,78198,,,0,30,,78209,,,0,70,,78216,,,0,32,,78192,,,0,71,,78199,,,0,16,,78227,,,0,15,,78210,,,0,72,,78217,,,0,32,,78193,,,0,70,,78200,,,0,30,,78211,,,0,69,,78218,,,0,27,,78201,,,0,65,,78219,,,0,30,,78222,,,0,70,,78202,,,0,30,,78225,,,0,70,,78220,,,0,29,,78223,,,0,70,,78203,,,0,30,,78226,,,0,70,,78221,,,0,30,,78224,,,0,70,,78204,,,0
13800,'1PUBCUT-Weekday',508,,78234,,,0,36,,78245,,,0,70,,78252,,,0,30,,78228,,,0,71,,78235,,,0,30,,78246,,,0,70,,78253,,,0,32,,78230,,,0,70,,78236,,,0,31,,78247,,,0,70,,78254,,,0,28,,78229,,,0,70,,78237,,,0,30,,78248,,,0,70,,78255,,,0,30,,78231,,,0,70,,78238,,,0,30,,78249,,,0,70,,78256,,,0,32,,78232,,,0,71,,78239,,,0,16,,78267,,,0,15,,78250,,,0,72,,78257,,,0,32,,78233,,,0,70,,78240,,,0,30,,78251,,,0,69,,78258,,,0,27,,78241,,,0,65,,78259,,,0,30,,78262,,,0,70,,78242,,,0,30,,78265,,,0,70,,78260,,,0,29,,78263,,,0,70,,78243,,,0,30,,78266,,,0,70,,78261,,,0,30,,78264,,,0,70,,78244,,,0
15800,'Saturday',558,,81748,,,0,80,,81723,,,0,80,,81725,,,0,40,,81728,,,0,80,,81724,,,0,80,,81726,,,0,40,,81727,,,0,80,,81729,,,0,80,,81730,,,0,40,,81731,,,0,81,,81732,,,0,80,,81733,,,0,40,,81734,,,0,80,,81735,,,0,80,,81736,,,0,40,,81737,,,0,80,,81738,,,0,80,,81739,,,0,40,,81741,,,0,80,,81742,,,0,80,,81740,,,0,40,,81743,,,0,80,,81744,,,0,80,,81745,,,0,40,,81749,,,0,80,,81746,,,0,80,,81747,,,0
15800,'Sunday',558,,81759,,,0,80,,81769,,,0,80,,81750,,,0,40,,81760,,,0,80,,81770,,,0,80,,81751,,,0,40,,81761,,,0,80,,81771,,,0,80,,81752,,,0,40,,81762,,,0,81,,81772,,,0,80,,81753,,,0,40,,81763,,,0,80,,81773,,,0,80,,81754,,,0,40,,81764,,,0,80,,81774,,,0,80,,81755,,,0,40,,81765,,,0,80,,81775,,,0,80,,81756,,,0,40,,81767,,,0,80,,81776,,,0,80,,81757,,,0,40,,81766,,,0,80,,81777,,,0,80,,81758,,,0,40,,81768,,,0
15800,'Weekday',509,,81778,,,0,33,,81786,,,0,70,,81796,,,0,31,,81801,,,0,70,,81779,,,0,30,,81787,,,0,70,,81795,,,0,30,,81802,,,0,71,,81780,,,0,30,,81788,,,0,70,,81797,,,0,30,,81803,,,0,69,,81781,,,0,30,,81789,,,0,70,,81798,,,0,30,,81804,,,0,70,,81782,,,0,30,,81790,,,0,70,,81799,,,0,30,,81805,,,0,80,,81783,,,0,23,,81791,,,0,70,,81800,,,0,32,,81806,,,0,67,,81784,,,0,30,,81792,,,0,70,,81785,,,0,28,,81812,,,0,70,,81813,,,0,30,,81807,,,0,70,,81810,,,0,30,,81793,,,0,70,,81814,,,0,30,,81808,,,0,70,,81811,,,0,30,,81794,,,0,70,,81815,,,0,30,,81809,,,0
15800,'1CCSDCUT-Weekday',509,,81816,,,0,33,,81824,,,0,70,,81834,,,0,31,,81839,,,0,70,,81817,,,0,30,,81825,,,0,70,,81833,,,0,30,,81840,,,0,71,,81818,,,0,30,,81826,,,0,70,,81835,,,0,30,,81841,,,0,69,,81819,,,0,30,,81827,,,0,70,,81836,,,0,30,,81842,,,0,70,,81820,,,0,30,,81828,,,0,70,,81837,,,0,30,,81843,,,0,80,,81821,,,0,23,,81829,,,0,70,,81838,,,0,32,,81844,,,0,67,,81822,,,0,30,,81830,,,0,70,,81823,,,0,28,,81850,,,0,70,,81851,,,0,30,,81845,,,0,70,,81848,,,0,30,,81831,,,0,70,,81852,,,0,30,,81846,,,0,70,,81849,,,0,30,,81832,,,0,70,,81853,,,0,30,,81847,,,0
15800,'1PUBCUT-Weekday',509,,81854,,,0,33,,81862,,,0,70,,81872,,,0,31,,81877,,,0,70,,81855,,,0,30,,81863,,,0,70,,81871,,,0,30,,81878,,,0,71,,81856,,,0,30,,81864,,,0,70,,81873,,,0,30,,81879,,,0,69,,81857,,,0,30,,81865,,,0,70,,81874,,,0,30,,81880,,,0,70,,81858,,,0,30,,81866,,,0,70,,81875,,,0,30,,81881,,,0,80,,81859,,,0,23,,81867,,,0,70,,81876,,,0,32,,81882,,,0,67,,81860,,,0,30,,81868,,,0,70,,81861,,,0,28,,81888,,,0,70,,81889,,,0,30,,81883,,,0,70,,81886,,,0,30,,81869,,,0,70,,81890,,,0,30,,81884,,,0,70,,81887,,,0,30,,81870,,,0,70,,81891,,,0,30,,81885,,,0
77400,'Weekday',730,,89035,0,125 6 128 129,0
77400,'1CCSDCUT-Weekday',730,,89037,0,125 6 128 129,0
77401,'Weekday0000100',1355,,89039,0,125 6 128 129,0
77401,'Weekday1111000',1520,,89041,0,125 6 128 129,0
77401,'1CCSDCUT-Weekday0000100',1355,,89043,0,125 6 128 129,0
77401,'1CCSDCUT-Weekday1111000',1520,,89045,0,125 6 128 129,0
