1201,'Saturday',739,,77231,10,,,0,70,,77235,10,,,0,30,,77251,10,,,0,70,,77236,10,,,0,30,,77249,10,,,0,70,,77234,10,,,0,30,,77232,10,,,0,70,,77233,10,,,0,30,,77250,10,,,0,70,,77238,10,,,0,30,,77242,10,,,0,70,,77257,10,,,0,30,,77237,10,,,0,70,,77243,10,,,0,30,,77253,10,,,0,70,,77240,10,,,0,30,,77239,10,,,0,70,,77258,10,,,0,30,,77241,10,,,0,70,,77245,10,,,0,30,,77254,10,,,0,70,,77246,10,,,0,30,,77259,10,,,0,70,,77252,10,,,0,30,,77260,10,,,0,70,,77247,10,,,0,30,,77261,10,,,0,70,,77244,10,,,0,30,,77262,10,,,0,70,,77256,10,,,0,30,,77263,10,,,0,70,,77248,10,,,0
1201,'Sunday',809,,77266,10,,,0,30,,77288,10,,,0,70,,77267,10,,,0,30,,77264,10,,,0,70,,77284,10,,,0,30,,77269,10,,,0,70,,77271,10,,,0,30,,77290,10,,,0,70,,77268,10,,,0,30,,77272,10,,,0,70,,77274,10,,,0,30,,77287,10,,,0,70,,77275,10,,,0,30,,77270,10,,,0,70,,77285,10,,,0,30,,77273,10,,,0,70,,77276,10,,,0,30,,77291,10,,,0,70,,77277,10,,,0,30,,77278,10,,,0,70,,77286,10,,,0,30,,77279,10,,,0,70,,77280,10,,,0,30,,77289,10,,,0,70,,77281,10,,,0,30,,77282,10,,,0,70,,77294,10,,,0,30,,77283,10,,,0,70,,77296,10,,,0,30,,77292,10,,,0,70,,77295,10,,,0
1201,'Weekday',537,,77299,10,,,0,66,,77302,10,,,0,30,,77300,10,,,0,70,,77301,10,,,0,30,,77304,10,,,0,70,,77305,10,,,0,30,,77306,10,,,0,70,,77307,10,,,0,30,,77309,10,,,0,70,,77310,10,,,0,30,,77308,10,,,0,70,,77312,10,,,0,30,,77313,10,,,0,70,,77311,10,,,0,30,,77314,10,,,0,72,,77315,10,,,0,28,,77316,10,,,0,70,,77317,10,,,0,30,,77318,10,,,0,75,,77319,10,,,0,28,,77320,10,,,0,70,,77322,10,,,0,30,,77323,10,,,0,70,,77324,10,,,0,30,,77321,10,,,0,70,,77325,10,,,0,35,,77326,10,,,0,70,,77327,10,,,0,30,,77328,10,,,0,70,,77329,10,,,0,30,,77330,10,,,0,70,,77331,10,,,0,30,,77332,10,,,0,70,,77333,10,,,0,30,,77334,10,,,0,70,,77335,10,,,0
1201,'STMPSa-Saturday',739,,77337,10,,,0,70,,77341,10,,,0,30,,77358,10,,,0,70,,77342,10,,,0,30,,77355,10,,,0,70,,77340,10,,,0,30,,77338,10,,,0,70,,77339,10,,,0,30,,77356,10,,,0,70,,77344,10,,,0,30,,77348,10,,,0,70,,77363,10,,,0,30,,77343,10,,,0,70,,77349,10,,,0,30,,77357,10,,,0,70,,77346,10,,,0,30,,77345,10,,,0,70,,77364,10,,,0,30,,77347,10,,,0,70,,77351,10,,,0,30,,77360,10,,,0,70,,77352,10,,,0,30,,77365,10,,,0,70,,77359,10,,,0,30,,77367,10,,,0,70,,77353,10,,,0,30,,77368,10,,,0,70,,77350,10,,,0,30,,77366,10,,,0,70,,77362,10,,,0,30,,77369,10,,,0,70,,77354,10,,,0
1201,'STMPSnea-Weekday',537,,77372,10,,,0,66,,77375,10,,,0,30,,77373,10,,,0,70,,77374,10,,,0,30,,77377,10,,,0,70,,77378,10,,,0,30,,77379,10,,,0,70,,77380,10,,,0,30,,77382,10,,,0,70,,77383,10,,,0,30,,77381,10,,,0,70,,77385,10,,,0,30,,77386,10,,,0,70,,77384,10,,,0,30,,77387,10,,,0,72,,77388,10,,,0,28,,77389,10,,,0,70,,77390,10,,,0,30,,77391,10,,,0,75,,77392,10,,,0,28,,77393,10,,,0,70,,77395,10,,,0,30,,77396,10,,,0,70,,77397,10,,,0,30,,77394,10,,,0,70,,77398,10,,,0,35,,77399,10,,,0,70,,77400,10,,,0,30,,77401,10,,,0,70,,77402,10,,,0,30,,77403,10,,,0,70,,77404,10,,,0,30,,77405,10,,,0,70,,77406,10,,,0,30,,77407,10,,,0,70,,77408,10,,,0
1201,'STMPSu1-Sunday',809,,77411,10,,,0,30,,77433,10,,,0,70,,77412,10,,,0,30,,77409,10,,,0,70,,77429,10,,,0,30,,77414,10,,,0,70,,77416,10,,,0,30,,77435,10,,,0,70,,77413,10,,,0,30,,77417,10,,,0,70,,77420,10,,,0,30,,77432,10,,,0,70,,77421,10,,,0,30,,77415,10,,,0,70,,77430,10,,,0,30,,77419,10,,,0,70,,77418,10,,,0,30,,77436,10,,,0,70,,77422,10,,,0,30,,77423,10,,,0,70,,77431,10,,,0,30,,77424,10,,,0,70,,77425,10,,,0,30,,77434,10,,,0,70,,77426,10,,,0,30,,77427,10,,,0,70,,77439,10,,,0,30,,77428,10,,,0,70,,77441,10,,,0,30,,77437,10,,,0,70,,77440,10,,,0
1201,'STMPSu2-Sunday',809,,77444,10,,,0,30,,77466,10,,,0,70,,77445,10,,,0,30,,77442,10,,,0,70,,77462,10,,,0,30,,77447,10,,,0,70,,77449,10,,,0,30,,77468,10,,,0,70,,77446,10,,,0,30,,77450,10,,,0,70,,77452,10,,,0,30,,77465,10,,,0,70,,77453,10,,,0,30,,77448,10,,,0,70,,77463,10,,,0,30,,77451,10,,,0,70,,77454,10,,,0,30,,77469,10,,,0,70,,77455,10,,,0,30,,77456,10,,,0,70,,77464,10,,,0,30,,77457,10,,,0,70,,77458,10,,,0,30,,77467,10,,,0,70,,77459,10,,,0,30,,77460,10,,,0,70,,77472,10,,,0,30,,77461,10,,,0,70,,77474,10,,,0,30,,77470,10,,,0,70,,77473,10,,,0
1201,'STMPWeek-Weekday',537,,77477,10,,,0,66,,77480,10,,,0,30,,77478,10,,,0,70,,77479,10,,,0,30,,77482,10,,,0,70,,77483,10,,,0,30,,77484,10,,,0,70,,77485,10,,,0,30,,77487,10,,,0,70,,77488,10,,,0,30,,77486,10,,,0,70,,77490,10,,,0,30,,77491,10,,,0,70,,77489,10,,,0,30,,77492,10,,,0,72,,77493,10,,,0,28,,77494,10,,,0,70,,77495,10,,,0,30,,77496,10,,,0,75,,77497,10,,,0,28,,77498,10,,,0,70,,77500,10,,,0,30,,77501,10,,,0,70,,77502,10,,,0,30,,77499,10,,,0,70,,77503,10,,,0,35,,77504,10,,,0,70,,77505,10,,,0,30,,77506,10,,,0,70,,77507,10,,,0,30,,77508,10,,,0,70,,77509,10,,,0,30,,77510,10,,,0,70,,77511,10,,,0,30,,77512,10,,,0,70,,77513,10,,,0
1201,'STMPar-Weekday',537,,77517,10,,,0,66,,77519,10,,,0,30,,77518,10,,,0,70,,77515,10,,,0,30,,77521,10,,,0,70,,77522,10,,,0,30,,77523,10,,,0,70,,77524,10,,,0,30,,77526,10,,,0,70,,77527,10,,,0,30,,77525,10,,,0,70,,77529,10,,,0,30,,77530,10,,,0,70,,77528,10,,,0,30,,77531,10,,,0,72,,77532,10,,,0,28,,77533,10,,,0,70,,77534,10,,,0,30,,77535,10,,,0,75,,77536,10,,,0,28,,77537,10,,,0,70,,77539,10,,,0,30,,77540,10,,,0,70,,77541,10,,,0,30,,77538,10,,,0,70,,77542,10,,,0,35,,77543,10,,,0,70,,77544,10,,,0,30,,77545,10,,,0,70,,77546,10,,,0,30,,77547,10,,,0,70,,77548,10,,,0,30,,77549,10,,,0,70,,77550,10,,,0,30,,77551,10,,,0,70,,77552,10,,,0
6301,'Weekday',610,,98815,10,,,0,35,,98814,10,,,0,75,,98816,10,,,0,35,,98818,10,,,0,75,,98817,10,,,0,680,,98821,10,,,0,35,,98819,10,,,0,75,,98822,10,,,0,35,,98823,10,,,0,75,,98824,10,,,0,75,,98820,10,,,0
6301,'STMPSnea-Weekday',610,,98826,10,,,0,35,,98825,10,,,0,75,,98827,10,,,0,35,,98829,10,,,0,75,,98828,10,,,0,680,,98832,10,,,0,35,,98830,10,,,0,75,,98833,10,,,0,35,,98834,10,,,0,75,,98835,10,,,0,75,,98831,10,,,0
6301,'STMPWeek-Weekday',610,,98837,10,,,0,35,,98836,10,,,0,75,,98838,10,,,0,35,,98840,10,,,0,75,,98839,10,,,0,680,,98843,10,,,0,35,,98841,10,,,0,75,,98844,10,,,0,35,,98845,10,,,0,75,,98846,10,,,0,75,,98842,10,,,0
6301,'STMPar-Weekday',610,,98848,10,,,0,35,,98847,10,,,0,75,,98849,10,,,0,35,,98851,10,,,0,75,,98850,10,,,0,680,,98854,10,,,0,35,,98852,10,,,0,75,,98855,10,,,0,35,,98856,10,,,0,75,,98857,10,,,0,75,,98853,10,,,0
