1001,'Saturday',1004,,76703,40,,,0,31,,76714,40,,,0,70,,76694,40,,,0,30,,76704,40,,,0,70,,76715,40,,,0,30,,76695,40,,,0,70,,76705,40,,,0,30,,76716,40,,,0,70,,76696,40,,,0,30,,76706,40,,,0,70,,76717,40,,,0,30,,76697,40,,,0,70,,76708,40,,,0,30,,76718,40,,,0,70,,76698,40,,,0,30,,76707,40,,,0,70,,76719,40,,,0,30,,76699,40,,,0,69,,76709,40,,,0,30,,76720,40,,,0,70,,76701,40,,,0,30,,76710,40,,,0,70,,76721,40,,,0,30,,76700,40,,,0,70,,76712,40,,,0,30,,76713,40,,,0,70,,76702,40,,,0,30,,76711,40,,,0
1001,'Sunday',1004,,76724,40,,,0,31,,76733,40,,,0,70,,76742,40,,,0,30,,76725,40,,,0,70,,76736,40,,,0,30,,76741,40,,,0,70,,76726,40,,,0,30,,76735,40,,,0,70,,76744,40,,,0,30,,76727,40,,,0,70,,76738,40,,,0,30,,76745,40,,,0,70,,76728,40,,,0,30,,76737,40,,,0,70,,76743,40,,,0,30,,76730,40,,,0,70,,76739,40,,,0,30,,76746,40,,,0,69,,76729,40,,,0,30,,76740,40,,,0,70,,76747,40,,,0,30,,76731,40,,,0,70,,76722,40,,,0,30,,76748,40,,,0,70,,76734,40,,,0,30,,76723,40,,,0,70,,76749,40,,,0,30,,76732,40,,,0
1001,'Weekday',701,,76750,40,,,0,39,,76752,40,,,0,73,,76753,40,,,0,33,,76754,40,,,0,74,,76755,40,,,0,34,,76756,40,,,0,73,,76757,40,,,0,73,,76758,40,,,0,33,,76759,40,,,0,73,,76760,40,,,0,33,,76761,40,,,0,73,,76762,40,,,0,33,,76763,40,,,0,73,,76764,40,,,0,33,,76765,40,,,0,73,,76766,40,,,0,35,,76767,40,,,0,73,,76768,40,,,0,73,,76769,40,,,0,32,,76770,40,,,0,73,,76771,40,,,0,32,,76772,40,,,0,73,,76773,40,,,0,33,,76774,40,,,0,72,,76775,40,,,0,31,,76776,40,,,0,73,,76777,40,,,0,33,,76778,40,,,0,73,,76779,40,,,0,73,,76780,40,,,0,33,,76781,40,,,0,81,,76751,40,,,0
1001,'STMPSa-Saturday',1004,,76791,40,,,0,31,,76802,40,,,0,70,,76782,40,,,0,30,,76792,40,,,0,70,,76803,40,,,0,30,,76783,40,,,0,70,,76793,40,,,0,30,,76804,40,,,0,70,,76784,40,,,0,30,,76794,40,,,0,70,,76805,40,,,0,30,,76785,40,,,0,70,,76796,40,,,0,30,,76806,40,,,0,70,,76786,40,,,0,30,,76795,40,,,0,70,,76807,40,,,0,30,,76787,40,,,0,69,,76797,40,,,0,30,,76808,40,,,0,70,,76789,40,,,0,30,,76798,40,,,0,70,,76809,40,,,0,30,,76788,40,,,0,70,,76800,40,,,0,30,,76801,40,,,0,70,,76790,40,,,0,30,,76799,40,,,0
1001,'STMPSnea-Weekday',701,,76810,40,,,0,39,,76812,40,,,0,73,,76813,40,,,0,33,,76814,40,,,0,74,,76815,40,,,0,34,,76816,40,,,0,73,,76817,40,,,0,73,,76818,40,,,0,33,,76819,40,,,0,73,,76820,40,,,0,33,,76821,40,,,0,73,,76822,40,,,0,33,,76823,40,,,0,73,,76824,40,,,0,33,,76825,40,,,0,73,,76826,40,,,0,35,,76827,40,,,0,73,,76828,40,,,0,73,,76829,40,,,0,32,,76830,40,,,0,73,,76831,40,,,0,32,,76832,40,,,0,73,,76833,40,,,0,33,,76834,40,,,0,72,,76835,40,,,0,31,,76836,40,,,0,73,,76837,40,,,0,33,,76838,40,,,0,73,,76839,40,,,0,73,,76840,40,,,0,33,,76841,40,,,0,81,,76811,40,,,0
1001,'STMPSu1-Sunday',1004,,76844,40,,,0,31,,76853,40,,,0,70,,76862,40,,,0,30,,76845,40,,,0,70,,76856,40,,,0,30,,76861,40,,,0,70,,76846,40,,,0,30,,76855,40,,,0,70,,76864,40,,,0,30,,76847,40,,,0,70,,76858,40,,,0,30,,76865,40,,,0,70,,76848,40,,,0,30,,76857,40,,,0,70,,76863,40,,,0,30,,76850,40,,,0,70,,76859,40,,,0,30,,76866,40,,,0,69,,76849,40,,,0,30,,76860,40,,,0,70,,76867,40,,,0,30,,76851,40,,,0,70,,76842,40,,,0,30,,76868,40,,,0,70,,76854,40,,,0,30,,76843,40,,,0,70,,76869,40,,,0,30,,76852,40,,,0
1001,'STMPSu2-Sunday',1004,,76872,40,,,0,31,,76881,40,,,0,70,,76890,40,,,0,30,,76873,40,,,0,70,,76884,40,,,0,30,,76889,40,,,0,70,,76874,40,,,0,30,,76883,40,,,0,70,,76892,40,,,0,30,,76875,40,,,0,70,,76886,40,,,0,30,,76893,40,,,0,70,,76876,40,,,0,30,,76885,40,,,0,70,,76891,40,,,0,30,,76878,40,,,0,70,,76887,40,,,0,30,,76894,40,,,0,69,,76877,40,,,0,30,,76888,40,,,0,70,,76895,40,,,0,30,,76879,40,,,0,70,,76870,40,,,0,30,,76896,40,,,0,70,,76882,40,,,0,30,,76871,40,,,0,70,,76897,40,,,0,30,,76880,40,,,0
1001,'STMPWeek-Weekday',701,,76898,40,,,0,39,,76900,40,,,0,73,,76901,40,,,0,33,,76902,40,,,0,74,,76903,40,,,0,34,,76904,40,,,0,73,,76905,40,,,0,73,,76906,40,,,0,33,,76907,40,,,0,73,,76908,40,,,0,33,,76909,40,,,0,73,,76910,40,,,0,33,,76911,40,,,0,73,,76912,40,,,0,33,,76913,40,,,0,73,,76914,40,,,0,35,,76915,40,,,0,73,,76916,40,,,0,73,,76917,40,,,0,32,,76918,40,,,0,73,,76919,40,,,0,32,,76920,40,,,0,73,,76921,40,,,0,33,,76922,40,,,0,72,,76923,40,,,0,31,,76924,40,,,0,73,,76925,40,,,0,33,,76926,40,,,0,73,,76927,40,,,0,73,,76928,40,,,0,33,,76929,40,,,0,81,,76899,40,,,0
1001,'STMPar-Weekday',701,,76930,40,,,0,39,,76932,40,,,0,73,,76933,40,,,0,33,,76934,40,,,0,74,,76935,40,,,0,34,,76936,40,,,0,73,,76937,40,,,0,73,,76938,40,,,0,33,,76939,40,,,0,73,,76940,40,,,0,33,,76941,40,,,0,73,,76942,40,,,0,33,,76943,40,,,0,73,,76944,40,,,0,33,,76945,40,,,0,73,,76946,40,,,0,35,,76947,40,,,0,73,,76948,40,,,0,73,,76949,40,,,0,32,,76950,40,,,0,73,,76951,40,,,0,32,,76952,40,,,0,73,,76953,40,,,0,33,,76954,40,,,0,72,,76955,40,,,0,31,,76956,40,,,0,73,,76957,40,,,0,33,,76958,40,,,0,73,,76959,40,,,0,73,,76960,40,,,0,33,,76961,40,,,0,81,,76931,40,,,0
2901,'Saturday',705,,85270,50,,,0,47,,85271,50,,,0,87,,85272,50,,,0,87,,85273,50,,,0,87,,85274,50,,,0,87,,85275,50,,,0,47,,85276,50,,,0,87,,85277,50,,,0,87,,85278,50,,,0,87,,85279,50,,,0,47,,85282,50,,,0,87,,85283,50,,,0,87,,85284,50,,,0,87,,85280,50,,,0,87,,85281,50,,,0,47,,85285,50,,,0,87,,85286,50,,,0,87,,85287,50,,,0,87,,85288,50,,,0,47,,85289,50,,,0,87,,85290,50,,,0,87,,85291,50,,,0
2901,'Sunday',705,,85293,50,,,0,47,,85294,50,,,0,87,,85296,50,,,0,87,,85292,50,,,0,87,,85298,50,,,0,87,,85299,50,,,0,47,,85297,50,,,0,87,,85300,50,,,0,87,,85295,50,,,0,87,,85302,50,,,0,47,,85304,50,,,0,87,,85305,50,,,0,87,,85303,50,,,0,87,,85307,50,,,0,87,,85301,50,,,0,47,,85306,50,,,0,87,,85308,50,,,0,87,,85309,50,,,0,87,,85310,50,,,0,47,,85311,50,,,0,87,,85312,50,,,0,87,,85313,50,,,0
2901,'Weekday',511,,85315,40,,,0,39,,85337,50,,,0,78,,85336,50,,,0,77,,85339,50,,,0,35,,85338,50,,,0,75,,85341,50,,,0,35,,85342,50,,,0,74,,85340,50,,,0,34,,85318,50,,,0,75,,85316,50,,,0,75,,85332,50,,,0,35,,85333,50,,,0,75,,85334,50,,,0,35,,85331,50,,,0,77,,85335,50,,,0,76,,85321,50,,,0,35,,85326,50,,,0,75,,85320,50,,,0,35,,85324,50,,,0,75,,85314,50,,,0,75,,85343,50,,,0,35,,85344,50,,,0,75,,85345,50,,,0,34,,85346,50,,,0,73,,85317,50,,,0,34,,85328,50,,,0,75,,85329,50,,,0,75,,85330,50,,,0,35,,85323,50,,,0,75,,85319,50,,,0,33,,85322,50,,,0,75,,85327,50,,,0,35,,85325,50,,,0
2901,'STMPSa-Saturday',705,,85348,50,,,0,47,,85349,50,,,0,87,,85347,50,,,0,87,,85350,50,,,0,87,,85351,50,,,0,87,,85352,50,,,0,47,,85353,50,,,0,87,,85354,50,,,0,87,,85355,50,,,0,87,,85356,50,,,0,47,,85359,50,,,0,87,,85360,50,,,0,87,,85361,50,,,0,87,,85357,50,,,0,87,,85358,50,,,0,47,,85363,50,,,0,87,,85364,50,,,0,87,,85365,50,,,0,87,,85362,50,,,0,47,,85366,50,,,0,87,,85367,50,,,0,87,,85368,50,,,0
2901,'STMPSnea-Weekday',511,,85370,40,,,0,39,,85392,50,,,0,78,,85391,50,,,0,77,,85394,50,,,0,35,,85393,50,,,0,75,,85396,50,,,0,35,,85397,50,,,0,74,,85395,50,,,0,34,,85373,50,,,0,75,,85371,50,,,0,75,,85387,50,,,0,35,,85388,50,,,0,75,,85389,50,,,0,35,,85386,50,,,0,77,,85390,50,,,0,76,,85376,50,,,0,35,,85381,50,,,0,75,,85375,50,,,0,35,,85379,50,,,0,75,,85369,50,,,0,75,,85398,50,,,0,35,,85399,50,,,0,75,,85400,50,,,0,34,,85401,50,,,0,73,,85372,50,,,0,34,,85383,50,,,0,75,,85384,50,,,0,75,,85385,50,,,0,35,,85378,50,,,0,75,,85374,50,,,0,33,,85377,50,,,0,75,,85382,50,,,0,35,,85380,50,,,0
2901,'STMPSu1-Sunday',705,,85403,50,,,0,47,,85404,50,,,0,87,,85406,50,,,0,87,,85402,50,,,0,87,,85408,50,,,0,87,,85409,50,,,0,47,,85407,50,,,0,87,,85410,50,,,0,87,,85405,50,,,0,87,,85412,50,,,0,47,,85414,50,,,0,87,,85415,50,,,0,87,,85413,50,,,0,87,,85417,50,,,0,87,,85411,50,,,0,47,,85416,50,,,0,87,,85418,50,,,0,87,,85419,50,,,0,87,,85420,50,,,0,47,,85421,50,,,0,87,,85422,50,,,0,87,,85423,50,,,0
2901,'STMPSu2-Sunday',705,,85425,50,,,0,47,,85426,50,,,0,87,,85428,50,,,0,87,,85424,50,,,0,87,,85430,50,,,0,87,,85431,50,,,0,47,,85429,50,,,0,87,,85432,50,,,0,87,,85427,50,,,0,87,,85434,50,,,0,47,,85436,50,,,0,87,,85437,50,,,0,87,,85435,50,,,0,87,,85439,50,,,0,87,,85433,50,,,0,47,,85438,50,,,0,87,,85440,50,,,0,87,,85441,50,,,0,87,,85442,50,,,0,47,,85443,50,,,0,87,,85444,50,,,0,87,,85445,50,,,0
2901,'STMPWeek-Weekday',511,,85447,40,,,0,39,,85469,50,,,0,78,,85468,50,,,0,77,,85471,50,,,0,35,,85470,50,,,0,75,,85473,50,,,0,35,,85474,50,,,0,74,,85472,50,,,0,34,,85450,50,,,0,75,,85448,50,,,0,75,,85464,50,,,0,35,,85465,50,,,0,75,,85466,50,,,0,35,,85463,50,,,0,77,,85467,50,,,0,76,,85453,50,,,0,35,,85458,50,,,0,75,,85452,50,,,0,35,,85456,50,,,0,75,,85446,50,,,0,75,,85475,50,,,0,35,,85476,50,,,0,75,,85477,50,,,0,34,,85478,50,,,0,73,,85449,50,,,0,34,,85460,50,,,0,75,,85461,50,,,0,75,,85462,50,,,0,35,,85455,50,,,0,75,,85451,50,,,0,33,,85454,50,,,0,75,,85459,50,,,0,35,,85457,50,,,0
2901,'STMPar-Weekday',511,,85480,40,,,0,39,,85502,50,,,0,78,,85501,50,,,0,77,,85504,50,,,0,35,,85503,50,,,0,75,,85506,50,,,0,35,,85507,50,,,0,74,,85505,50,,,0,34,,85483,50,,,0,75,,85481,50,,,0,75,,85497,50,,,0,35,,85498,50,,,0,75,,85499,50,,,0,35,,85496,50,,,0,77,,85500,50,,,0,76,,85486,50,,,0,35,,85491,50,,,0,75,,85485,50,,,0,35,,85489,50,,,0,75,,85479,50,,,0,75,,85508,50,,,0,35,,85509,50,,,0,75,,85510,50,,,0,34,,85511,50,,,0,73,,85482,50,,,0,34,,85493,50,,,0,75,,85494,50,,,0,75,,85495,50,,,0,35,,85488,50,,,0,75,,85484,50,,,0,33,,85487,50,,,0,75,,85492,50,,,0,35,,85490,50,,,0
3500,'Saturday',652,,87082,34,,,0,100,,87096,34,,,0,100,,87095,34,,,0,100,,87093,34,,,0,100,,87094,34,,,0,100,,87092,34,,,0,100,,87091,34,,,0,100,,87090,34,,,0,100,,87089,34,,,0,100,,87088,34,,,0,100,,87087,34,,,0,100,,87086,34,,,0,100,,87085,34,,,0,100,,87084,34,,,0,100,,87083,34,,,0
3500,'Sunday',752,,87109,34,,,0,100,,87108,34,,,0,100,,87107,34,,,0,100,,87106,34,,,0,100,,87105,34,,,0,100,,87104,34,,,0,100,,87103,34,,,0,100,,87102,34,,,0,100,,87101,34,,,0,100,,87100,34,,,0,100,,87099,34,,,0,100,,87097,34,,,0,100,,87098,34,,,0
3500,'Weekday',615,,87110,34,,,0,30,,87130,34,,,0,70,,87111,34,,,0,30,,87131,34,,,0,67,,87112,34,,,0,30,,87129,34,,,0,73,,87113,34,,,0,101,,87114,34,,,0,100,,87115,34,,,0,100,,87116,34,,,0,100,,87117,34,,,0,100,,87118,34,,,0,100,,87119,34,,,0,30,,87132,34,,,0,70,,87120,34,,,0,30,,87133,34,,,0,70,,87121,34,,,0,30,,87134,34,,,0,70,,87123,34,,,0,100,,87124,34,,,0,99,,87125,34,,,0,100,,87126,34,,,0,100,,87127,34,,,0,100,,87128,34,,,0,100,,87122,34,,,0
3500,'STMPSa-Saturday',652,,87135,34,,,0,100,,87149,34,,,0,100,,87148,34,,,0,100,,87146,34,,,0,100,,87147,34,,,0,100,,87145,34,,,0,100,,87144,34,,,0,100,,87143,34,,,0,100,,87142,34,,,0,100,,87141,34,,,0,100,,87140,34,,,0,100,,87139,34,,,0,100,,87138,34,,,0,100,,87137,34,,,0,100,,87136,34,,,0
3500,'STMPSnea-Weekday',615,,87150,34,,,0,30,,87170,34,,,0,70,,87151,34,,,0,30,,87171,34,,,0,67,,87152,34,,,0,30,,87169,34,,,0,73,,87153,34,,,0,101,,87154,34,,,0,100,,87155,34,,,0,100,,87156,34,,,0,100,,87157,34,,,0,100,,87158,34,,,0,100,,87159,34,,,0,30,,87172,34,,,0,70,,87160,34,,,0,30,,87173,34,,,0,70,,87161,34,,,0,30,,87174,34,,,0,70,,87163,34,,,0,100,,87164,34,,,0,99,,87165,34,,,0,100,,87166,34,,,0,100,,87167,34,,,0,100,,87168,34,,,0,100,,87162,34,,,0
3500,'STMPSu1-Sunday',752,,87187,34,,,0,100,,87186,34,,,0,100,,87185,34,,,0,100,,87184,34,,,0,100,,87183,34,,,0,100,,87182,34,,,0,100,,87181,34,,,0,100,,87180,34,,,0,100,,87179,34,,,0,100,,87178,34,,,0,100,,87177,34,,,0,100,,87175,34,,,0,100,,87176,34,,,0
3500,'STMPSu2-Sunday',752,,87200,34,,,0,100,,87199,34,,,0,100,,87198,34,,,0,100,,87197,34,,,0,100,,87196,34,,,0,100,,87195,34,,,0,100,,87194,34,,,0,100,,87193,34,,,0,100,,87192,34,,,0,100,,87191,34,,,0,100,,87190,34,,,0,100,,87188,34,,,0,100,,87189,34,,,0
3500,'STMPWeek-Weekday',615,,87201,34,,,0,30,,87221,34,,,0,70,,87202,34,,,0,30,,87222,34,,,0,67,,87203,34,,,0,30,,87220,34,,,0,73,,87204,34,,,0,101,,87205,34,,,0,100,,87206,34,,,0,100,,87207,34,,,0,100,,87208,34,,,0,100,,87209,34,,,0,100,,87210,34,,,0,30,,87223,34,,,0,70,,87211,34,,,0,30,,87224,34,,,0,70,,87212,34,,,0,30,,87225,34,,,0,70,,87214,34,,,0,100,,87215,34,,,0,99,,87216,34,,,0,100,,87217,34,,,0,100,,87218,34,,,0,100,,87219,34,,,0,100,,87213,34,,,0
3500,'STMPar-Weekday',615,,87226,34,,,0,30,,87246,34,,,0,70,,87227,34,,,0,30,,87247,34,,,0,67,,87228,34,,,0,30,,87245,34,,,0,73,,87229,34,,,0,101,,87230,34,,,0,100,,87231,34,,,0,100,,87232,34,,,0,100,,87233,34,,,0,100,,87234,34,,,0,100,,87235,34,,,0,30,,87248,34,,,0,70,,87237,34,,,0,30,,87249,34,,,0,70,,87238,34,,,0,30,,87250,34,,,0,70,,87236,34,,,0,100,,87240,34,,,0,99,,87241,34,,,0,100,,87242,34,,,0,100,,87243,34,,,0,100,,87244,34,,,0,100,,87239,34,,,0
