11400,'Saturday',552,,118401,34,,,0,71,,118391,34,,,0,84,,118409,34,,,0,40,,118392,34,,,0,80,,118411,34,,,0,80,,118402,34,,,0,40,,118412,34,,,0,80,,118403,34,,,0,80,,118393,34,,,0,40,,118404,34,,,0,81,,118395,34,,,0,80,,118410,34,,,0,40,,118394,34,,,0,80,,118413,34,,,0,80,,118396,34,,,0,40,,118414,34,,,0,80,,118405,34,,,0,80,,118397,34,,,0,40,,118407,34,,,0,79,,118399,34,,,0,80,,118415,34,,,0,40,,118398,34,,,0,80,,118416,34,,,0,80,,118408,34,,,0,40,,118417,34,,,0,80,,118406,34,,,0,80,,118400,34,,,0,50,,118418,34,,,0
11400,'Sunday',552,,118432,34,,,0,71,,118419,34,,,0,84,,118433,34,,,0,40,,118420,34,,,0,80,,118434,34,,,0,80,,118421,34,,,0,40,,118435,34,,,0,80,,118422,34,,,0,80,,118436,34,,,0,40,,118423,34,,,0,81,,118437,34,,,0,80,,118424,34,,,0,40,,118438,34,,,0,80,,118425,34,,,0,80,,118439,34,,,0,40,,118426,34,,,0,80,,118440,34,,,0,80,,118427,34,,,0,40,,118441,34,,,0,79,,118428,34,,,0,80,,118442,34,,,0,40,,118429,34,,,0,80,,118443,34,,,0,80,,118430,34,,,0,40,,118444,34,,,0,80,,118431,34,,,0,80,,118446,34,,,0,50,,118445,34,,,0
11400,'Weekday',459,,118482,9,,,0,78,,118447,34,,,0,76,,118464,34,,,0,31,,118456,34,,,0,72,,118448,34,,,0,30,,118465,34,,,0,70,,118457,34,,,0,30,,118449,34,,,0,68,,118467,34,,,0,28,,118458,34,,,0,70,,118450,34,,,0,30,,118466,34,,,0,70,,118459,34,,,0,30,,118452,34,,,0,70,,118468,34,,,0,30,,118461,34,,,0,70,,118451,34,,,0,30,,118469,34,,,0,70,,118460,34,,,0,30,,118453,34,,,0,72,,118470,34,,,0,31,,118462,34,,,0,70,,118454,34,,,0,30,,118472,34,,,0,70,,118463,34,,,0,30,,118455,34,,,0,70,,118471,34,,,0,25,,118473,34,,,0,80,,118477,34,,,0,82,,118478,34,,,0,42,,118474,34,,,0,82,,118480,34,,,0,82,,118479,34,,,0,42,,118481,34,,,0,82,,118475,34,,,0,82,,118476,34,,,0
11400,'STMPSa-Saturday',552,,118494,34,,,0,71,,118483,34,,,0,84,,118501,34,,,0,40,,118484,34,,,0,80,,118503,34,,,0,80,,118492,34,,,0,40,,118504,34,,,0,80,,118495,34,,,0,80,,118485,34,,,0,40,,118496,34,,,0,81,,118487,34,,,0,80,,118502,34,,,0,40,,118486,34,,,0,80,,118505,34,,,0,80,,118488,34,,,0,40,,118506,34,,,0,80,,118497,34,,,0,80,,118489,34,,,0,40,,118499,34,,,0,79,,118491,34,,,0,80,,118507,34,,,0,40,,118490,34,,,0,80,,118508,34,,,0,80,,118500,34,,,0,40,,118509,34,,,0,80,,118498,34,,,0,80,,118493,34,,,0,50,,118510,34,,,0
11400,'STMPSnea-Weekday',459,,118546,9,,,0,78,,118511,34,,,0,76,,118528,34,,,0,31,,118520,34,,,0,72,,118512,34,,,0,30,,118529,34,,,0,70,,118521,34,,,0,30,,118513,34,,,0,68,,118531,34,,,0,28,,118522,34,,,0,70,,118514,34,,,0,30,,118530,34,,,0,70,,118523,34,,,0,30,,118516,34,,,0,70,,118532,34,,,0,30,,118525,34,,,0,70,,118515,34,,,0,30,,118533,34,,,0,70,,118524,34,,,0,30,,118517,34,,,0,72,,118534,34,,,0,31,,118526,34,,,0,70,,118518,34,,,0,30,,118536,34,,,0,70,,118527,34,,,0,30,,118519,34,,,0,70,,118535,34,,,0,25,,118537,34,,,0,80,,118541,34,,,0,82,,118542,34,,,0,42,,118538,34,,,0,82,,118544,34,,,0,82,,118543,34,,,0,42,,118545,34,,,0,82,,118539,34,,,0,82,,118540,34,,,0
11400,'STMPSu1-Sunday',552,,118560,34,,,0,71,,118547,34,,,0,84,,118561,34,,,0,40,,118548,34,,,0,80,,118562,34,,,0,80,,118549,34,,,0,40,,118563,34,,,0,80,,118550,34,,,0,80,,118564,34,,,0,40,,118551,34,,,0,81,,118565,34,,,0,80,,118552,34,,,0,40,,118566,34,,,0,80,,118553,34,,,0,80,,118567,34,,,0,40,,118554,34,,,0,80,,118568,34,,,0,80,,118555,34,,,0,40,,118569,34,,,0,79,,118556,34,,,0,80,,118570,34,,,0,40,,118557,34,,,0,80,,118571,34,,,0,80,,118558,34,,,0,40,,118572,34,,,0,80,,118559,34,,,0,80,,118574,34,,,0,50,,118573,34,,,0
11400,'STMPSu2-Sunday',552,,118588,34,,,0,71,,118575,34,,,0,84,,118589,34,,,0,40,,118576,34,,,0,80,,118590,34,,,0,80,,118577,34,,,0,40,,118591,34,,,0,80,,118578,34,,,0,80,,118592,34,,,0,40,,118579,34,,,0,81,,118593,34,,,0,80,,118580,34,,,0,40,,118594,34,,,0,80,,118581,34,,,0,80,,118595,34,,,0,40,,118582,34,,,0,80,,118596,34,,,0,80,,118583,34,,,0,40,,118597,34,,,0,79,,118584,34,,,0,80,,118598,34,,,0,40,,118585,34,,,0,80,,118599,34,,,0,80,,118586,34,,,0,40,,118600,34,,,0,80,,118587,34,,,0,80,,118602,34,,,0,50,,118601,34,,,0
11400,'STMPWeek-Weekday',459,,118638,9,,,0,78,,118603,34,,,0,76,,118620,34,,,0,31,,118612,34,,,0,72,,118604,34,,,0,30,,118621,34,,,0,70,,118613,34,,,0,30,,118605,34,,,0,68,,118623,34,,,0,28,,118614,34,,,0,70,,118606,34,,,0,30,,118622,34,,,0,70,,118615,34,,,0,30,,118608,34,,,0,70,,118624,34,,,0,30,,118617,34,,,0,70,,118607,34,,,0,30,,118625,34,,,0,70,,118616,34,,,0,30,,118609,34,,,0,72,,118626,34,,,0,31,,118618,34,,,0,70,,118610,34,,,0,30,,118628,34,,,0,70,,118619,34,,,0,30,,118611,34,,,0,70,,118627,34,,,0,25,,118629,34,,,0,80,,118633,34,,,0,82,,118634,34,,,0,42,,118630,34,,,0,82,,118636,34,,,0,82,,118635,34,,,0,42,,118637,34,,,0,82,,118631,34,,,0,82,,118632,34,,,0
11400,'STMPar-Weekday',459,,118674,9,,,0,78,,118639,34,,,0,76,,118656,34,,,0,31,,118648,34,,,0,72,,118640,34,,,0,30,,118657,34,,,0,70,,118649,34,,,0,30,,118641,34,,,0,68,,118659,34,,,0,28,,118650,34,,,0,70,,118642,34,,,0,30,,118658,34,,,0,70,,118651,34,,,0,30,,118644,34,,,0,70,,118660,34,,,0,30,,118653,34,,,0,70,,118643,34,,,0,30,,118661,34,,,0,70,,118652,34,,,0,30,,118645,34,,,0,72,,118662,34,,,0,31,,118654,34,,,0,70,,118646,34,,,0,30,,118664,34,,,0,70,,118655,34,,,0,30,,118647,34,,,0,70,,118663,34,,,0,25,,118665,34,,,0,80,,118669,34,,,0,82,,118670,34,,,0,42,,118666,34,,,0,82,,118672,34,,,0,82,,118671,34,,,0,42,,118673,34,,,0,82,,118667,34,,,0,82,,118668,34,,,0
14200,'Weekday',1648,,126065,19,,,0,65,,126067,19,,,0,35,,126066,19,,,0
14200,'STMPSnea-Weekday',1648,,126068,19,,,0,65,,126070,19,,,0,35,,126069,19,,,0
14200,'STMPWeek-Weekday',1648,,126071,19,,,0,65,,126073,19,,,0,35,,126072,19,,,0
14200,'STMPar-Weekday',1648,,126074,19,,,0,65,,126076,19,,,0,35,,126075,19,,,0
