13400,'Weekday',534,,56934,8,,,0,90,,56935,8,,,0,25,,56968,8,,,0,65,,56936,8,,,0,25,,56967,8,,,0,65,,56937,8,,,0,22,,56966,8,,,0,28,,56938,8,,,0,64,,56969,8,,,0,25,,56939,8,,,0,65,,56971,8,,,0,25,,56940,8,,,0,25,,56959,8,,,0,65,,56941,8,,,0,25,,56960,8,,,0,65,,56942,8,,,0,25,,56961,8,,,0,65,,56943,8,,,0,25,,56970,8,,,0,25,,56944,8,,,0,65,,56958,8,,,0,25,,56945,8,,,0,66,,56963,8,,,0,25,,56946,8,,,0,25,,56962,8,,,0,65,,56947,8,,,0,25,,56964,8,,,0,65,,56948,8,,,0,25,,56965,8,,,0,65,,56949,8,,,0,49,,56950,8,,,0,90,,56951,8,,,0,90,,56952,8,,,0,90,,56953,8,,,0,90,,56954,8,,,0,90,,56955,8,,,0,50,,56956,8,,,0,90,,56957,8,,,0
13400,'1CCSDCUT-Weekday',534,,56972,8,,,0,90,,56973,8,,,0,25,,57006,8,,,0,65,,56974,8,,,0,25,,57005,8,,,0,65,,56975,8,,,0,22,,57004,8,,,0,28,,56976,8,,,0,64,,57007,8,,,0,25,,56977,8,,,0,65,,57009,8,,,0,25,,56978,8,,,0,25,,56997,8,,,0,65,,56979,8,,,0,25,,56998,8,,,0,65,,56980,8,,,0,25,,56999,8,,,0,65,,56981,8,,,0,25,,57008,8,,,0,25,,56982,8,,,0,65,,56996,8,,,0,25,,56983,8,,,0,66,,57001,8,,,0,25,,56984,8,,,0,25,,57000,8,,,0,65,,56985,8,,,0,25,,57002,8,,,0,65,,56986,8,,,0,25,,57003,8,,,0,65,,56987,8,,,0,49,,56988,8,,,0,90,,56989,8,,,0,90,,56990,8,,,0,90,,56991,8,,,0,90,,56992,8,,,0,90,,56993,8,,,0,50,,56994,8,,,0,90,,56995,8,,,0
13400,'1PUBCUT-Weekday',534,,57010,8,,,0,90,,57011,8,,,0,25,,57044,8,,,0,65,,57012,8,,,0,25,,57043,8,,,0,65,,57013,8,,,0,22,,57042,8,,,0,28,,57014,8,,,0,64,,57045,8,,,0,25,,57015,8,,,0,65,,57047,8,,,0,25,,57016,8,,,0,25,,57035,8,,,0,65,,57017,8,,,0,25,,57036,8,,,0,65,,57018,8,,,0,25,,57037,8,,,0,65,,57019,8,,,0,25,,57046,8,,,0,25,,57020,8,,,0,65,,57034,8,,,0,25,,57021,8,,,0,66,,57039,8,,,0,25,,57022,8,,,0,25,,57038,8,,,0,65,,57023,8,,,0,25,,57040,8,,,0,65,,57024,8,,,0,25,,57041,8,,,0,65,,57025,8,,,0,49,,57026,8,,,0,90,,57027,8,,,0,90,,57028,8,,,0,90,,57029,8,,,0,90,,57030,8,,,0,90,,57031,8,,,0,50,,57032,8,,,0,90,,57033,8,,,0
79400,'Weekday',740,,68816,16,0,210 56 1 193 79,0
79400,'1CCSDCUT-Weekday',740,,68817,16,0,210 56 1 193 79,0
79400,'1PUBCUT-Weekday',740,,68818,16,0,210 56 1 193 79,0
82000,'Weekday',820,,68952,14,0,12 13 1 199 145 119,0
82000,'1PUBCUT-Weekday',820,,68953,14,0,12 13 1 199 145 119,0
83600,'Weekday',751,,69004,19,0,12 196 197 198 199 145,0
83600,'1PUBCUT-Weekday',751,,69005,19,0,12 196 197 198 199 145,0
