12901,'Saturday',701,,56747,12,,,0,43,,56738,12,,,0,80,,56756,12,,,0,80,,56748,12,,,0,40,,56739,12,,,0,80,,56757,12,,,0,80,,56749,12,,,0,40,,56740,12,,,0,80,,56758,12,,,0,80,,56750,12,,,0,40,,56741,12,,,0,80,,56759,12,,,0,80,,56751,12,,,0,40,,56742,12,,,0,80,,56760,12,,,0,80,,56753,12,,,0,40,,56743,12,,,0,80,,56761,12,,,0,80,,56752,12,,,0,40,,56744,12,,,0,80,,56762,12,,,0,83,,56754,12,,,0,37,,56746,12,,,0,80,,56763,12,,,0,80,,56755,12,,,0,40,,56745,12,,,0
12901,'Sunday',701,,56773,12,,,0,43,,56764,12,,,0,80,,56782,12,,,0,80,,56774,12,,,0,40,,56765,12,,,0,80,,56783,12,,,0,80,,56775,12,,,0,40,,56766,12,,,0,80,,56784,12,,,0,80,,56776,12,,,0,40,,56767,12,,,0,80,,56785,12,,,0,80,,56777,12,,,0,40,,56768,12,,,0,80,,56787,12,,,0,80,,56778,12,,,0,40,,56769,12,,,0,80,,56786,12,,,0,80,,56779,12,,,0,40,,56770,12,,,0,80,,56788,12,,,0,83,,56780,12,,,0,37,,56771,12,,,0,80,,56789,12,,,0,80,,56781,12,,,0,40,,56772,12,,,0
12901,'Weekday',534,,56809,12,,,0,66,,56816,12,,,0,30,,56797,12,,,0,71,,56791,12,,,0,30,,56810,12,,,0,27,,56829,12,,,0,44,,56817,12,,,0,32,,56798,12,,,0,15,,56790,12,,,0,52,,56792,12,,,0,28,,56811,12,,,0,30,,56818,12,,,0,70,,56799,12,,,0,30,,56793,12,,,0,70,,56812,12,,,0,30,,56819,12,,,0,70,,56801,12,,,0,30,,56794,12,,,0,70,,56813,12,,,0,30,,56820,12,,,0,70,,56800,12,,,0,72,,56795,12,,,0,28,,56814,12,,,0,29,,56821,12,,,0,71,,56802,12,,,0,16,,56828,12,,,0,57,,56796,12,,,0,30,,56815,12,,,0,24,,56822,12,,,0,70,,56803,12,,,0,30,,56823,12,,,0,70,,56804,12,,,0,29,,56824,12,,,0,70,,56805,12,,,0,30,,56825,12,,,0,70,,56806,12,,,0,30,,56826,12,,,0,70,,56807,12,,,0,30,,56827,12,,,0,70,,56808,12,,,0
12901,'1CCSDCUT-Weekday',534,,56849,12,,,0,66,,56856,12,,,0,30,,56837,12,,,0,71,,56831,12,,,0,30,,56850,12,,,0,27,,56869,12,,,0,44,,56857,12,,,0,32,,56838,12,,,0,15,,56830,12,,,0,52,,56832,12,,,0,28,,56851,12,,,0,30,,56858,12,,,0,70,,56839,12,,,0,30,,56833,12,,,0,70,,56852,12,,,0,30,,56859,12,,,0,70,,56841,12,,,0,30,,56834,12,,,0,70,,56853,12,,,0,30,,56860,12,,,0,70,,56840,12,,,0,72,,56835,12,,,0,28,,56854,12,,,0,29,,56861,12,,,0,71,,56842,12,,,0,16,,56868,12,,,0,57,,56836,12,,,0,30,,56855,12,,,0,24,,56862,12,,,0,70,,56843,12,,,0,30,,56863,12,,,0,70,,56844,12,,,0,29,,56864,12,,,0,70,,56845,12,,,0,30,,56865,12,,,0,70,,56846,12,,,0,30,,56866,12,,,0,70,,56847,12,,,0,30,,56867,12,,,0,70,,56848,12,,,0
12901,'1PUBCUT-Weekday',534,,56889,12,,,0,66,,56896,12,,,0,30,,56877,12,,,0,71,,56871,12,,,0,30,,56890,12,,,0,27,,56909,12,,,0,44,,56897,12,,,0,32,,56878,12,,,0,15,,56870,12,,,0,52,,56872,12,,,0,28,,56891,12,,,0,30,,56898,12,,,0,70,,56879,12,,,0,30,,56873,12,,,0,70,,56892,12,,,0,30,,56899,12,,,0,70,,56881,12,,,0,30,,56874,12,,,0,70,,56893,12,,,0,30,,56900,12,,,0,70,,56880,12,,,0,72,,56875,12,,,0,28,,56894,12,,,0,29,,56901,12,,,0,71,,56882,12,,,0,16,,56908,12,,,0,57,,56876,12,,,0,30,,56895,12,,,0,24,,56902,12,,,0,70,,56883,12,,,0,30,,56903,12,,,0,70,,56884,12,,,0,29,,56904,12,,,0,70,,56885,12,,,0,30,,56905,12,,,0,70,,56886,12,,,0,30,,56906,12,,,0,70,,56887,12,,,0,30,,56907,12,,,0,70,,56888,12,,,0
70301,'Weekday',738,,68359,6,0,130 14,0
70301,'1CCSDCUT-Weekday',738,,68361,6,0,130 14,0
81800,'Weekday0000100',1511,,68940,36,0,12 13 14 15 16,0
81800,'Weekday1111000',1611,,68941,36,0,12 13 14 15 16,0
81800,'1PUBCUT-Weekday0000100',1511,,68942,36,0,12 13 14 15 16,0
81800,'1PUBCUT-Weekday1111000',1611,,68943,36,0,12 13 14 15 16,0
