5201,'Saturday',656,,39190,34,,,0,85,,39181,34,,,0,85,,39191,34,,,0,85,,39182,34,,,0,45,,39192,34,,,0,85,,39185,34,,,0,85,,39195,34,,,0,85,,39186,34,,,0,92,,39196,34,,,0,45,,39184,34,,,0,85,,39197,34,,,0,85,,39180,34,,,0,85,,39193,34,,,0,45,,39187,34,,,0,82,,39194,34,,,0,88,,39188,34,,,0,83,,39178,34,,,0,47,,39189,34,,,0,85,,39177,34,,,0,85,,39183,34,,,0,85,,39179,34,,,0
5201,'Sunday',805,,39207,34,,,0,45,,39198,34,,,0,85,,39208,34,,,0,85,,39202,34,,,0,85,,39211,34,,,0,45,,39199,34,,,0,85,,39212,34,,,0,85,,39200,34,,,0,85,,39209,34,,,0,45,,39203,34,,,0,85,,39210,34,,,0,85,,39201,34,,,0,85,,39214,34,,,0,45,,39204,34,,,0,85,,39213,34,,,0,85,,39205,34,,,0,85,,39215,34,,,0,45,,39206,34,,,0,85,,39216,34,,,0
5201,'Weekday',540,,39237,34,,,0,85,,39236,34,,,0,85,,39235,34,,,0,45,,39234,34,,,0,85,,39238,34,,,0,93,,39231,34,,,0,85,,39233,34,,,0,85,,39229,34,,,0,45,,39232,34,,,0,85,,39230,34,,,0,85,,39228,34,,,0,85,,39223,34,,,0,45,,39227,34,,,0,96,,39226,34,,,0,84,,39225,34,,,0,83,,39221,34,,,0,45,,39224,34,,,0,83,,39222,34,,,0,83,,39220,34,,,0,84,,39219,34,,,0,45,,39218,34,,,0,91,,39217,34,,,0
5201,'1CCSDCUT-Weekday',540,,39259,34,,,0,85,,39258,34,,,0,85,,39257,34,,,0,45,,39256,34,,,0,85,,39260,34,,,0,93,,39253,34,,,0,85,,39255,34,,,0,85,,39251,34,,,0,45,,39254,34,,,0,85,,39252,34,,,0,85,,39250,34,,,0,85,,39245,34,,,0,45,,39249,34,,,0,96,,39248,34,,,0,84,,39247,34,,,0,83,,39243,34,,,0,45,,39246,34,,,0,83,,39244,34,,,0,83,,39242,34,,,0,84,,39241,34,,,0,45,,39240,34,,,0,91,,39239,34,,,0
5201,'1PUBCUT-Weekday',540,,39281,34,,,0,85,,39280,34,,,0,85,,39279,34,,,0,45,,39278,34,,,0,85,,39282,34,,,0,93,,39275,34,,,0,85,,39277,34,,,0,85,,39273,34,,,0,45,,39276,34,,,0,85,,39274,34,,,0,85,,39272,34,,,0,85,,39267,34,,,0,45,,39271,34,,,0,96,,39270,34,,,0,84,,39269,34,,,0,83,,39265,34,,,0,45,,39268,34,,,0,83,,39266,34,,,0,83,,39264,34,,,0,84,,39263,34,,,0,45,,39262,34,,,0,91,,39261,34,,,0
7800,'Saturday',656,,45018,28,,,0,75,,45025,28,,,0,75,,45026,28,,,0,35,,45027,28,,,0,75,,45024,28,,,0,35,,45028,28,,,0,75,,45029,28,,,0,75,,45030,28,,,0,35,,45031,28,,,0,75,,45032,28,,,0,35,,45034,28,,,0,75,,45035,28,,,0,35,,45036,28,,,0,75,,45033,28,,,0,75,,45037,28,,,0,35,,45038,28,,,0,75,,45039,28,,,0,35,,45040,28,,,0,75,,45041,28,,,0,75,,45042,28,,,0,35,,45045,28,,,0,75,,45046,28,,,0,35,,45047,28,,,0,75,,45043,28,,,0,35,,45044,28,,,0,75,,45048,28,,,0,75,,45023,28,,,0,35,,45020,28,,,0,75,,45021,28,,,0,35,,45022,28,,,0,75,,45019,28,,,0
7800,'Sunday',656,,45064,28,,,0,75,,45049,28,,,0,75,,45065,28,,,0,35,,45050,28,,,0,75,,45066,28,,,0,35,,45051,28,,,0,75,,45067,28,,,0,75,,45052,28,,,0,35,,45070,28,,,0,75,,45054,28,,,0,35,,45069,28,,,0,75,,45053,28,,,0,35,,45068,28,,,0,75,,45055,28,,,0,75,,45071,28,,,0,35,,45056,28,,,0,75,,45072,28,,,0,35,,45057,28,,,0,75,,45073,28,,,0,75,,45058,28,,,0,35,,45074,28,,,0,75,,45059,28,,,0,35,,45075,28,,,0,75,,45060,28,,,0,35,,45076,28,,,0,75,,45061,28,,,0,75,,45077,28,,,0,35,,45063,28,,,0,75,,45078,28,,,0,35,,45062,28,,,0,75,,45079,28,,,0
7800,'Weekday',514,,45080,28,,,0,30,,45093,28,,,0,60,,45109,28,,,0,20,,45081,28,,,0,35,,45094,28,,,0,60,,45111,28,,,0,20,,45082,28,,,0,20,,45091,28,,,0,60,,45095,28,,,0,20,,45112,28,,,0,20,,45083,28,,,0,58,,45092,28,,,0,20,,45096,28,,,0,22,,45113,28,,,0,65,,45084,28,,,0,25,,45097,28,,,0,65,,45114,28,,,0,25,,45085,28,,,0,65,,45098,28,,,0,25,,45115,28,,,0,25,,45086,28,,,0,65,,45099,28,,,0,25,,45116,28,,,0,65,,45087,28,,,0,25,,45100,28,,,0,67,,45117,28,,,0,25,,45088,28,,,0,21,,45120,28,,,0,60,,45101,28,,,0,20,,45118,28,,,0,20,,45089,28,,,0,60,,45127,28,,,0,20,,45103,28,,,0,20,,45119,28,,,0,59,,45090,28,,,0,19,,45102,28,,,0,20,,45104,28,,,0,71,,45121,28,,,0,34,,45106,28,,,0,75,,45122,28,,,0,75,,45105,28,,,0,35,,45123,28,,,0,75,,45107,28,,,0,35,,45124,28,,,0,75,,45108,28,,,0,35,,45125,28,,,0,77,,45110,28,,,0,75,,45126,28,,,0
7800,'1CCSDCUT-Weekday',514,,45128,28,,,0,30,,45141,28,,,0,60,,45157,28,,,0,20,,45129,28,,,0,35,,45142,28,,,0,60,,45159,28,,,0,20,,45130,28,,,0,20,,45139,28,,,0,60,,45143,28,,,0,20,,45160,28,,,0,20,,45131,28,,,0,58,,45140,28,,,0,20,,45144,28,,,0,22,,45161,28,,,0,65,,45132,28,,,0,25,,45145,28,,,0,65,,45162,28,,,0,25,,45133,28,,,0,65,,45146,28,,,0,25,,45163,28,,,0,25,,45134,28,,,0,65,,45147,28,,,0,25,,45164,28,,,0,65,,45135,28,,,0,25,,45148,28,,,0,67,,45165,28,,,0,25,,45136,28,,,0,21,,45168,28,,,0,60,,45149,28,,,0,20,,45166,28,,,0,20,,45137,28,,,0,60,,45175,28,,,0,20,,45151,28,,,0,20,,45167,28,,,0,59,,45138,28,,,0,19,,45150,28,,,0,20,,45152,28,,,0,71,,45169,28,,,0,34,,45154,28,,,0,75,,45170,28,,,0,75,,45153,28,,,0,35,,45171,28,,,0,75,,45155,28,,,0,35,,45172,28,,,0,75,,45156,28,,,0,35,,45173,28,,,0,75,,45158,28,,,0,77,,45174,28,,,0
7800,'1PUBCUT-Weekday',514,,45176,28,,,0,30,,45189,28,,,0,60,,45205,28,,,0,20,,45177,28,,,0,35,,45190,28,,,0,60,,45207,28,,,0,20,,45178,28,,,0,20,,45187,28,,,0,60,,45191,28,,,0,20,,45208,28,,,0,20,,45179,28,,,0,58,,45188,28,,,0,20,,45192,28,,,0,22,,45209,28,,,0,65,,45180,28,,,0,25,,45193,28,,,0,65,,45210,28,,,0,25,,45181,28,,,0,65,,45194,28,,,0,25,,45211,28,,,0,25,,45182,28,,,0,65,,45195,28,,,0,25,,45212,28,,,0,65,,45183,28,,,0,25,,45196,28,,,0,67,,45213,28,,,0,25,,45184,28,,,0,21,,45216,28,,,0,60,,45197,28,,,0,20,,45214,28,,,0,20,,45185,28,,,0,60,,45223,28,,,0,20,,45199,28,,,0,20,,45215,28,,,0,59,,45186,28,,,0,19,,45198,28,,,0,20,,45200,28,,,0,71,,45217,28,,,0,34,,45202,28,,,0,75,,45218,28,,,0,75,,45201,28,,,0,35,,45219,28,,,0,75,,45203,28,,,0,35,,45220,28,,,0,75,,45204,28,,,0,35,,45221,28,,,0,75,,45206,28,,,0,77,,45222,28,,,0
