900,'Saturday',642,,27967,60,,,0,74,,27978,60,,,0,28,,27961,60,,,0,71,,27973,60,,,0,31,,27983,60,,,0,71,,27986,60,,,0,31,,27968,60,,,0,71,,27980,60,,,0,31,,27962,60,,,0,72,,27974,60,,,0,31,,27984,60,,,0,71,,27990,60,,,0,31,,27971,60,,,0,71,,27981,60,,,0,31,,27963,60,,,0,71,,27976,60,,,0,31,,27987,60,,,0,71,,27991,60,,,0,71,,27969,60,,,0,31,,27982,60,,,0,71,,27964,60,,,0,31,,27975,60,,,0,71,,27988,60,,,0,31,,27992,60,,,0,71,,27970,60,,,0,31,,27979,60,,,0,71,,27965,60,,,0,31,,27977,60,,,0,71,,27989,60,,,0,30,,27993,60,,,0,71,,27972,60,,,0,31,,27985,60,,,0,71,,27966,60,,,0,31,,27995,60,,,0,66,,27994,60,,,0
900,'Sunday',642,,28019,60,,,0,74,,27996,60,,,0,28,,28004,60,,,0,71,,28011,60,,,0,31,,28026,60,,,0,71,,28020,60,,,0,31,,27997,60,,,0,71,,28006,60,,,0,31,,28012,60,,,0,72,,28027,60,,,0,31,,28021,60,,,0,71,,27999,60,,,0,31,,28005,60,,,0,71,,28013,60,,,0,31,,28030,60,,,0,71,,28022,60,,,0,31,,28000,60,,,0,71,,28007,60,,,0,71,,28014,60,,,0,31,,28028,60,,,0,71,,28023,60,,,0,31,,27998,60,,,0,71,,28008,60,,,0,31,,28015,60,,,0,71,,28029,60,,,0,31,,28025,60,,,0,71,,28001,60,,,0,31,,28009,60,,,0,71,,28017,60,,,0,30,,28018,60,,,0,71,,28024,60,,,0,31,,28002,60,,,0,71,,28010,60,,,0,31,,28016,60,,,0,66,,28003,60,,,0
900,'Weekday',533,,28039,60,,,0,23,,28052,60,,,0,62,,28065,60,,,0,23,,28031,60,,,0,64,,28047,60,,,0,24,,28057,60,,,0,24,,28072,60,,,0,56,,28079,60,,,0,22,,28040,60,,,0,11,,28084,60,,,0,11,,28053,60,,,0,63,,28064,60,,,0,22,,28032,60,,,0,20,,28048,60,,,0,61,,28059,60,,,0,22,,28073,60,,,0,62,,28080,60,,,0,23,,28041,60,,,0,22,,28054,60,,,0,62,,28066,60,,,0,23,,28034,60,,,0,22,,28049,60,,,0,62,,28058,60,,,0,22,,28074,60,,,0,61,,28081,60,,,0,22,,28042,60,,,0,22,,28055,60,,,0,64,,28067,60,,,0,22,,28033,60,,,0,23,,28050,60,,,0,64,,28060,60,,,0,6,,28085,60,,,0,16,,28075,60,,,0,11,,28088,60,,,0,51,,28082,60,,,0,11,,28086,60,,,0,10,,28043,60,,,0,10,,28087,60,,,0,11,,28056,60,,,0,62,,28068,60,,,0,22,,28035,60,,,0,21,,28051,60,,,0,60,,28061,60,,,0,20,,28076,60,,,0,18,,28083,60,,,0,67,,28044,60,,,0,30,,28070,60,,,0,70,,28036,60,,,0,30,,28062,60,,,0,70,,28077,60,,,0,29,,28045,60,,,0,70,,28069,60,,,0,30,,28037,60,,,0,70,,28063,60,,,0,30,,28078,60,,,0,70,,28046,60,,,0,30,,28071,60,,,0
900,'Weekday0000100',1313,,28089,2,,,0
900,'Weekday1111000',1522,,28090,2,,,0
900,'1CCSDCUT-Weekday',533,,28099,60,,,0,23,,28112,60,,,0,62,,28125,60,,,0,23,,28091,60,,,0,64,,28107,60,,,0,24,,28117,60,,,0,24,,28132,60,,,0,56,,28139,60,,,0,22,,28100,60,,,0,11,,28144,60,,,0,11,,28113,60,,,0,63,,28124,60,,,0,22,,28092,60,,,0,20,,28108,60,,,0,61,,28119,60,,,0,22,,28133,60,,,0,62,,28140,60,,,0,23,,28101,60,,,0,22,,28114,60,,,0,62,,28126,60,,,0,23,,28094,60,,,0,22,,28109,60,,,0,62,,28118,60,,,0,22,,28134,60,,,0,61,,28141,60,,,0,22,,28102,60,,,0,22,,28115,60,,,0,64,,28127,60,,,0,22,,28093,60,,,0,23,,28110,60,,,0,64,,28120,60,,,0,6,,28145,60,,,0,16,,28135,60,,,0,11,,28148,60,,,0,51,,28142,60,,,0,11,,28146,60,,,0,10,,28103,60,,,0,10,,28147,60,,,0,11,,28116,60,,,0,62,,28128,60,,,0,22,,28095,60,,,0,21,,28111,60,,,0,60,,28121,60,,,0,20,,28136,60,,,0,18,,28143,60,,,0,67,,28104,60,,,0,30,,28130,60,,,0,70,,28096,60,,,0,30,,28122,60,,,0,70,,28137,60,,,0,29,,28105,60,,,0,70,,28129,60,,,0,30,,28097,60,,,0,70,,28123,60,,,0,30,,28138,60,,,0,70,,28106,60,,,0,30,,28131,60,,,0
900,'1CCSDCUT-Weekday0000100',1313,,28149,2,,,0
900,'1CCSDCUT-Weekday1111000',1522,,28150,2,,,0
900,'1PUBCUT-Weekday',533,,28159,60,,,0,23,,28172,60,,,0,62,,28185,60,,,0,23,,28151,60,,,0,64,,28167,60,,,0,24,,28177,60,,,0,24,,28192,60,,,0,56,,28199,60,,,0,22,,28160,60,,,0,11,,28204,60,,,0,11,,28173,60,,,0,63,,28184,60,,,0,22,,28152,60,,,0,20,,28168,60,,,0,61,,28179,60,,,0,22,,28193,60,,,0,62,,28200,60,,,0,23,,28161,60,,,0,22,,28174,60,,,0,62,,28186,60,,,0,23,,28154,60,,,0,22,,28169,60,,,0,62,,28178,60,,,0,22,,28194,60,,,0,61,,28201,60,,,0,22,,28162,60,,,0,22,,28175,60,,,0,64,,28187,60,,,0,22,,28153,60,,,0,23,,28170,60,,,0,64,,28180,60,,,0,6,,28205,60,,,0,16,,28195,60,,,0,11,,28208,60,,,0,51,,28202,60,,,0,11,,28206,60,,,0,10,,28163,60,,,0,10,,28207,60,,,0,11,,28176,60,,,0,62,,28188,60,,,0,22,,28155,60,,,0,21,,28171,60,,,0,60,,28181,60,,,0,20,,28196,60,,,0,18,,28203,60,,,0,67,,28164,60,,,0,30,,28190,60,,,0,70,,28156,60,,,0,30,,28182,60,,,0,70,,28197,60,,,0,29,,28165,60,,,0,70,,28189,60,,,0,30,,28157,60,,,0,70,,28183,60,,,0,30,,28198,60,,,0,70,,28166,60,,,0,30,,28191,60,,,0
900,'1PUBCUT-Weekday1111000',1522,,28209,2,,,0
