5100,'Saturday',624,,38734,28,,,0,78,,38735,28,,,0,34,,38736,28,,,0,78,,38737,28,,,0,38,,38738,28,,,0,78,,38739,28,,,0,78,,38740,28,,,0,38,,38741,28,,,0,78,,38742,28,,,0,78,,38743,28,,,0,38,,38744,28,,,0,78,,38745,28,,,0,38,,38746,28,,,0,78,,38747,28,,,0,78,,38748,28,,,0,38,,38749,28,,,0,78,,38750,28,,,0,78,,38752,28,,,0,38,,38753,28,,,0,78,,38754,28,,,0,78,,38751,28,,,0,38,,38755,28,,,0,78,,38758,28,,,0,38,,38757,28,,,0,78,,38759,28,,,0,78,,38756,28,,,0
5100,'Sunday',624,,38760,28,0,113 31,0,78,,38773,28,0,113 31,0,34,,38761,28,0,113 31,0,78,,38774,28,0,113 31,0,38,,38762,28,0,113 31,0,78,,38775,28,0,113 31,0,78,,38763,28,0,113 31,0,38,,38777,28,0,113 31,0,78,,38764,28,0,113 31,0,78,,38776,28,0,113 31,0,38,,38765,28,0,113 31,0,78,,38779,28,0,113 31,0,38,,38766,28,0,113 31,0,78,,38778,28,0,113 31,0,78,,38767,28,0,113 31,0,38,,38780,28,0,113 31,0,78,,38768,28,0,113 31,0,78,,38781,28,0,113 31,0,38,,38769,28,0,113 31,0,78,,38782,28,0,113 31,0,78,,38770,28,0,113 31,0,38,,38783,28,0,113 31,0,78,,38771,28,0,113 31,0,38,,38784,28,0,113 31,0,78,,38772,28,0,113 31,0,78,,38785,28,0,113 31,0
5100,'Weekday',534,,38786,28,,,0,20,,38805,28,,,0,60,,38789,28,,,0,20,,38815,28,,,0,20,,38787,28,,,0,60,,38806,28,,,0,20,,38791,28,,,0,20,,38816,28,,,0,65,,38788,28,,,0,10,,38807,28,,,0,25,,38790,28,,,0,60,,38817,28,,,0,40,,38808,28,,,0,80,,38819,28,,,0,80,,38809,28,,,0,40,,38818,28,,,0,80,,38810,28,,,0,80,,38820,28,,,0,40,,38811,28,,,0,80,,38821,28,,,0,75,,38812,28,,,0,20,,38792,28,,,0,20,,38822,28,,,0,60,,38799,28,,,0,15,,38813,28,,,0,25,,38793,28,,,0,60,,38823,28,,,0,20,,38801,28,,,0,20,,38814,28,,,0,60,,38794,28,,,0,45,,38800,28,,,0,80,,38796,28,,,0,80,,38802,28,,,0,40,,38795,28,,,0,80,,38803,28,,,0,80,,38797,28,,,0,40,,38804,28,,,0,91,,38798,28,,,0
5100,'1CCSDCUT-Weekday',534,,38824,28,,,0,20,,38843,28,,,0,60,,38827,28,,,0,20,,38853,28,,,0,20,,38825,28,,,0,60,,38844,28,,,0,20,,38829,28,,,0,20,,38854,28,,,0,65,,38826,28,,,0,10,,38845,28,,,0,25,,38828,28,,,0,60,,38855,28,,,0,40,,38846,28,,,0,80,,38857,28,,,0,80,,38847,28,,,0,40,,38856,28,,,0,80,,38848,28,,,0,80,,38858,28,,,0,40,,38849,28,,,0,80,,38859,28,,,0,75,,38850,28,,,0,20,,38830,28,,,0,20,,38860,28,,,0,60,,38837,28,,,0,15,,38851,28,,,0,25,,38831,28,,,0,60,,38861,28,,,0,20,,38839,28,,,0,20,,38852,28,,,0,60,,38832,28,,,0,45,,38838,28,,,0,80,,38834,28,,,0,80,,38840,28,,,0,40,,38833,28,,,0,80,,38841,28,,,0,80,,38835,28,,,0,40,,38842,28,,,0,91,,38836,28,,,0
5100,'1PUBCUT-Weekday',534,,38862,28,,,0,20,,38881,28,,,0,60,,38865,28,,,0,20,,38891,28,,,0,20,,38863,28,,,0,60,,38882,28,,,0,20,,38867,28,,,0,20,,38892,28,,,0,65,,38864,28,,,0,10,,38883,28,,,0,25,,38866,28,,,0,60,,38893,28,,,0,40,,38884,28,,,0,80,,38895,28,,,0,80,,38885,28,,,0,40,,38894,28,,,0,80,,38886,28,,,0,80,,38896,28,,,0,40,,38887,28,,,0,80,,38897,28,,,0,75,,38888,28,,,0,20,,38868,28,,,0,20,,38898,28,,,0,60,,38875,28,,,0,15,,38889,28,,,0,25,,38869,28,,,0,60,,38899,28,,,0,20,,38877,28,,,0,20,,38890,28,,,0,60,,38870,28,,,0,45,,38876,28,,,0,80,,38872,28,,,0,80,,38878,28,,,0,40,,38871,28,,,0,80,,38879,28,,,0,80,,38873,28,,,0,40,,38880,28,,,0,91,,38874,28,,,0
9801,'Saturday',602,,50524,14,,,0,35,,50525,14,,,0,75,,50527,14,,,0,35,,50526,14,,,0,75,,50529,14,,,0,35,,50530,14,,,0,75,,50528,14,,,0,75,,50531,14,,,0,35,,50532,14,,,0,75,,50533,14,,,0,35,,50534,14,,,0,75,,50535,14,,,0,75,,50536,14,,,0,35,,50537,14,,,0,75,,50538,14,,,0,35,,50539,14,,,0,75,,50540,14,,,0,35,,50541,14,,,0,75,,50542,14,,,0,75,,50543,14,,,0,35,,50544,14,,,0,75,,50545,14,,,0,35,,50547,14,,,0,75,,50546,14,,,0,75,,50548,14,,,0,35,,50549,14,,,0,75,,50551,14,,,0,35,,50550,14,,,0,75,,50553,14,,,0,35,,50552,14,,,0
9801,'Sunday',821,,50554,14,,,0,35,,50555,14,,,0,75,,50556,14,,,0,75,,50557,14,,,0,35,,50558,14,,,0,75,,50560,14,,,0,35,,50559,14,,,0,75,,50561,14,,,0,75,,50562,14,,,0,35,,50563,14,,,0,75,,50564,14,,,0,35,,50565,14,,,0,75,,50566,14,,,0,35,,50567,14,,,0,75,,50568,14,,,0,75,,50569,14,,,0,35,,50570,14,,,0,75,,50572,14,,,0,35,,50571,14,,,0,75,,50573,14,,,0,75,,50574,14,,,0,35,,50575,14,,,0,75,,50576,14,,,0,35,,50577,14,,,0,75,,50578,14,,,0,35,,50579,14,,,0
9801,'Weekday',445,,50582,14,,,0,73,,50583,14,,,0,33,,50600,14,,,0,75,,50584,14,,,0,33,,50601,14,,,0,73,,50585,14,,,0,73,,50602,14,,,0,27,,50580,14,,,0,6,,50586,14,,,0,72,,50603,14,,,0,33,,50587,14,,,0,72,,50604,14,,,0,34,,50588,14,,,0,73,,50605,14,,,0,33,,50589,14,,,0,73,,50606,14,,,0,73,,50590,14,,,0,33,,50607,14,,,0,73,,50591,14,,,0,33,,50608,14,,,0,74,,50592,14,,,0,34,,50609,14,,,0,57,,50581,14,,,0,16,,50593,14,,,0,33,,50610,14,,,0,73,,50594,14,,,0,73,,50611,14,,,0,32,,50595,14,,,0,72,,50612,14,,,0,33,,50596,14,,,0,73,,50613,14,,,0,33,,50597,14,,,0,72,,50614,14,,,0,33,,50598,14,,,0,73,,50615,14,,,0,33,,50599,14,,,0,73,,50616,14,,,0
9801,'Weekday0000100',1347,,50617,14,,,0
9801,'Weekday1111000',1609,,50618,14,,,0
9801,'1CCSDCUT-Weekday',445,,50621,14,,,0,73,,50622,14,,,0,33,,50639,14,,,0,75,,50623,14,,,0,33,,50640,14,,,0,73,,50624,14,,,0,73,,50641,14,,,0,27,,50619,14,,,0,6,,50625,14,,,0,72,,50642,14,,,0,33,,50626,14,,,0,72,,50643,14,,,0,34,,50627,14,,,0,73,,50644,14,,,0,33,,50628,14,,,0,73,,50645,14,,,0,73,,50629,14,,,0,33,,50646,14,,,0,73,,50630,14,,,0,33,,50647,14,,,0,74,,50631,14,,,0,34,,50648,14,,,0,57,,50620,14,,,0,16,,50632,14,,,0,33,,50649,14,,,0,73,,50633,14,,,0,73,,50650,14,,,0,32,,50634,14,,,0,72,,50651,14,,,0,33,,50635,14,,,0,73,,50652,14,,,0,33,,50636,14,,,0,72,,50653,14,,,0,33,,50637,14,,,0,73,,50654,14,,,0,33,,50638,14,,,0,73,,50655,14,,,0
9801,'1CCSDCUT-Weekday0000100',1347,,50656,14,,,0
9801,'1CCSDCUT-Weekday1111000',1609,,50657,14,,,0
9801,'1PUBCUT-Weekday',445,,50660,14,,,0,73,,50661,14,,,0,33,,50678,14,,,0,75,,50662,14,,,0,33,,50679,14,,,0,73,,50663,14,,,0,73,,50680,14,,,0,27,,50658,14,,,0,6,,50664,14,,,0,72,,50681,14,,,0,33,,50665,14,,,0,72,,50682,14,,,0,34,,50666,14,,,0,73,,50683,14,,,0,33,,50667,14,,,0,73,,50684,14,,,0,73,,50668,14,,,0,33,,50685,14,,,0,73,,50669,14,,,0,33,,50686,14,,,0,74,,50670,14,,,0,34,,50687,14,,,0,57,,50659,14,,,0,16,,50671,14,,,0,33,,50688,14,,,0,73,,50672,14,,,0,73,,50689,14,,,0,32,,50673,14,,,0,72,,50690,14,,,0,33,,50674,14,,,0,73,,50691,14,,,0,33,,50675,14,,,0,72,,50692,14,,,0,33,,50676,14,,,0,73,,50693,14,,,0,33,,50677,14,,,0,73,,50694,14,,,0
69901,'Weekday',749,,68347,10,0,115 116,0
69901,'1CCSDCUT-Weekday',749,,68348,10,0,115 116,0
69901,'1PUBCUT-Weekday',749,,68349,10,0,115 116,0
73101,'Weekday',825,,68526,15,0,76 77 1 78 79,0
73101,'1CCSDCUT-Weekday',825,,68527,15,0,76 77 1 78 79,0
89400,'Weekday',739,,69165,25,0,12 68 1 114 12,0
89400,'1PUBCUT-Weekday',739,,69166,25,0,12 68 1 114 12,0
89401,'Weekday',1541,,69167,56,0,12 68 1 114 12,0
89401,'1PUBCUT-Weekday',1541,,69168,56,0,12 68 1 114 12,0
