801,'Saturday',648,,27659,19,,,0,67,,27660,19,,,0,27,,27661,19,,,0,67,,27662,19,,,0,27,,27663,19,,,0,67,,27664,19,,,0,27,,27665,19,,,0,27,,27666,19,,,0,67,,27667,19,,,0,27,,27668,19,,,0,67,,27669,19,,,0,27,,27670,19,,,0,67,,27671,19,,,0,27,,27672,19,,,0,67,,27673,19,,,0,27,,27674,19,,,0,67,,27676,19,,,0,27,,27677,19,,,0,27,,27678,19,,,0,67,,27675,19,,,0,27,,27679,19,,,0,67,,27680,19,,,0,27,,27681,19,,,0,67,,27682,19,,,0,27,,27683,19,,,0,67,,27685,19,,,0,27,,27686,19,,,0,27,,27687,19,,,0,67,,27684,19,,,0,27,,27688,19,,,0,67,,27689,19,,,0,30,,27690,19,,,0,75,,27691,19,,,0,35,,27692,19,,,0,75,,27693,19,,,0,75,,27694,19,,,0,35,,27695,19,,,0
801,'Sunday',648,,27697,19,,,0,67,,27696,19,,,0,27,,27698,19,,,0,67,,27699,19,,,0,27,,27700,19,,,0,67,,27701,19,,,0,27,,27703,19,,,0,27,,27702,19,,,0,67,,27704,19,,,0,27,,27705,19,,,0,67,,27706,19,,,0,27,,27707,19,,,0,67,,27708,19,,,0,27,,27709,19,,,0,67,,27710,19,,,0,27,,27711,19,,,0,67,,27712,19,,,0,27,,27713,19,,,0,27,,27714,19,,,0,67,,27715,19,,,0,27,,27716,19,,,0,67,,27717,19,,,0,27,,27719,19,,,0,67,,27721,19,,,0,27,,27720,19,,,0,67,,27722,19,,,0,27,,27718,19,,,0,27,,27725,19,,,0,67,,27723,19,,,0,27,,27724,19,,,0,67,,27726,19,,,0,30,,27727,19,,,0,75,,27728,19,,,0,35,,27729,19,,,0,75,,27730,19,,,0,75,,27731,19,,,0,35,,27732,19,,,0
801,'Weekday',516,,27794,19,,,0,18,,27757,19,,,0,17,,27736,19,,,0,57,,27738,19,,,0,17,,27748,19,,,0,17,,27765,19,,,0,17,,27773,19,,,0,46,,27781,19,,,0,5,,27782,19,,,0,7,,27795,19,,,0,5,,27783,19,,,0,5,,27784,19,,,0,7,,27758,19,,,0,5,,27785,19,,,0,5,,27786,19,,,0,7,,27737,19,,,0,5,,27787,19,,,0,45,,27788,19,,,0,7,,27740,19,,,0,5,,27789,19,,,0,12,,27749,19,,,0,16,,27766,19,,,0,17,,27774,19,,,0,53,,27796,19,,,0,21,,27759,19,,,0,21,,27739,19,,,0,61,,27750,19,,,0,21,,27767,19,,,0,21,,27797,19,,,0,61,,27760,19,,,0,21,,27741,19,,,0,21,,27751,19,,,0,61,,27769,19,,,0,21,,27798,19,,,0,61,,27761,19,,,0,21,,27742,19,,,0,21,,27752,19,,,0,61,,27768,19,,,0,23,,27799,19,,,0,12,,27790,19,,,0,10,,27762,19,,,0,50,,27791,19,,,0,10,,27743,19,,,0,5,,27792,19,,,0,9,,27776,19,,,0,17,,27753,19,,,0,5,,27793,19,,,0,8,,27779,19,,,0,5,,27770,19,,,0,45,,27778,19,,,0,5,,27780,19,,,0,5,,27775,19,,,0,17,,27800,19,,,0,17,,27763,19,,,0,57,,27744,19,,,0,17,,27777,19,,,0,17,,27734,19,,,0,62,,27771,19,,,0,23,,27801,19,,,0,21,,27764,19,,,0,61,,27745,19,,,0,21,,27754,19,,,0,21,,27772,19,,,0,61,,27802,19,,,0,35,,27735,19,,,0,69,,27755,19,,,0,35,,27804,19,,,0,71,,27746,19,,,0,33,,27756,19,,,0,73,,27803,19,,,0,33,,27747,19,,,0,73,,27733,19,,,0,85,,27805,19,,,0
801,'Weekday0000100',1354,,27806,19,,,0,77,,27807,19,,,0
801,'Weekday1111000',1534,,27808,19,,,0
801,'1CCSDCUT-Weekday',516,,27870,19,,,0,18,,27833,19,,,0,17,,27812,19,,,0,57,,27814,19,,,0,17,,27824,19,,,0,17,,27841,19,,,0,17,,27849,19,,,0,46,,27857,19,,,0,5,,27858,19,,,0,7,,27871,19,,,0,5,,27859,19,,,0,5,,27860,19,,,0,7,,27834,19,,,0,5,,27861,19,,,0,5,,27862,19,,,0,7,,27813,19,,,0,5,,27863,19,,,0,45,,27864,19,,,0,7,,27816,19,,,0,5,,27865,19,,,0,12,,27825,19,,,0,16,,27842,19,,,0,17,,27850,19,,,0,53,,27872,19,,,0,21,,27835,19,,,0,21,,27815,19,,,0,61,,27826,19,,,0,21,,27843,19,,,0,21,,27873,19,,,0,61,,27836,19,,,0,21,,27817,19,,,0,21,,27827,19,,,0,61,,27845,19,,,0,21,,27874,19,,,0,61,,27837,19,,,0,21,,27818,19,,,0,21,,27828,19,,,0,61,,27844,19,,,0,23,,27875,19,,,0,12,,27866,19,,,0,10,,27838,19,,,0,50,,27867,19,,,0,10,,27819,19,,,0,5,,27868,19,,,0,9,,27852,19,,,0,17,,27829,19,,,0,5,,27869,19,,,0,8,,27855,19,,,0,5,,27846,19,,,0,45,,27854,19,,,0,5,,27856,19,,,0,5,,27851,19,,,0,17,,27876,19,,,0,17,,27839,19,,,0,57,,27820,19,,,0,17,,27853,19,,,0,17,,27810,19,,,0,62,,27847,19,,,0,23,,27877,19,,,0,21,,27840,19,,,0,61,,27821,19,,,0,21,,27830,19,,,0,21,,27848,19,,,0,61,,27878,19,,,0,35,,27811,19,,,0,69,,27831,19,,,0,35,,27880,19,,,0,71,,27822,19,,,0,33,,27832,19,,,0,73,,27879,19,,,0,33,,27823,19,,,0,73,,27809,19,,,0,85,,27881,19,,,0
801,'1CCSDCUT-Weekday0000100',1354,,27882,19,,,0,77,,27883,19,,,0
801,'1CCSDCUT-Weekday1111000',1534,,27884,19,,,0
801,'1PUBCUT-Weekday',516,,27946,19,,,0,18,,27909,19,,,0,17,,27888,19,,,0,57,,27890,19,,,0,17,,27900,19,,,0,17,,27917,19,,,0,17,,27925,19,,,0,46,,27933,19,,,0,5,,27934,19,,,0,7,,27947,19,,,0,5,,27935,19,,,0,5,,27936,19,,,0,7,,27910,19,,,0,5,,27937,19,,,0,5,,27938,19,,,0,7,,27889,19,,,0,5,,27939,19,,,0,45,,27940,19,,,0,7,,27892,19,,,0,5,,27941,19,,,0,12,,27901,19,,,0,16,,27918,19,,,0,17,,27926,19,,,0,53,,27948,19,,,0,21,,27911,19,,,0,21,,27891,19,,,0,61,,27902,19,,,0,21,,27919,19,,,0,21,,27949,19,,,0,61,,27912,19,,,0,21,,27893,19,,,0,21,,27903,19,,,0,61,,27921,19,,,0,21,,27950,19,,,0,61,,27913,19,,,0,21,,27894,19,,,0,21,,27904,19,,,0,61,,27920,19,,,0,23,,27951,19,,,0,12,,27942,19,,,0,10,,27914,19,,,0,50,,27943,19,,,0,10,,27895,19,,,0,5,,27944,19,,,0,9,,27928,19,,,0,17,,27905,19,,,0,5,,27945,19,,,0,8,,27931,19,,,0,5,,27922,19,,,0,45,,27930,19,,,0,5,,27932,19,,,0,5,,27927,19,,,0,17,,27952,19,,,0,17,,27915,19,,,0,57,,27896,19,,,0,17,,27929,19,,,0,17,,27886,19,,,0,62,,27923,19,,,0,23,,27953,19,,,0,21,,27916,19,,,0,61,,27897,19,,,0,21,,27906,19,,,0,21,,27924,19,,,0,61,,27954,19,,,0,35,,27887,19,,,0,69,,27907,19,,,0,35,,27956,19,,,0,71,,27898,19,,,0,33,,27908,19,,,0,73,,27955,19,,,0,33,,27899,19,,,0,73,,27885,19,,,0,85,,27957,19,,,0
801,'1PUBCUT-Weekday0000100',1354,,27958,19,,,0,77,,27959,19,,,0
801,'1PUBCUT-Weekday1111000',1534,,27960,19,,,0
