2401,'Saturday',652,,84187,43,,,0,70,,84198,43,,,0,30,,84207,43,,,0,70,,84189,43,,,0,30,,84197,43,,,0,70,,84209,43,,,0,30,,84188,43,,,0,70,,84199,43,,,0,30,,84210,43,,,0,70,,84186,43,,,0,30,,84201,43,,,0,70,,84212,43,,,0,30,,84190,43,,,0,70,,84202,43,,,0,30,,84213,43,,,0,70,,84191,43,,,0,30,,84200,43,,,0,70,,84211,43,,,0,30,,84192,43,,,0,70,,84203,43,,,0,30,,84215,43,,,0,70,,84193,43,,,0,30,,84205,43,,,0,70,,84214,43,,,0,30,,84194,43,,,0,70,,84204,43,,,0,30,,84216,43,,,0,70,,84195,43,,,0,30,,84206,43,,,0,70,,84217,43,,,0,30,,84196,43,,,0,70,,84208,43,,,0
2401,'Sunday',652,,84218,43,,,0,70,,84228,43,,,0,30,,84239,43,,,0,70,,84219,43,,,0,30,,84230,43,,,0,70,,84241,43,,,0,30,,84220,43,,,0,70,,84232,43,,,0,30,,84242,43,,,0,70,,84221,43,,,0,30,,84231,43,,,0,70,,84243,43,,,0,30,,84222,43,,,0,70,,84233,43,,,0,30,,84244,43,,,0,70,,84223,43,,,0,30,,84234,43,,,0,70,,84245,43,,,0,30,,84226,43,,,0,70,,84235,43,,,0,30,,84246,43,,,0,70,,84224,43,,,0,30,,84236,43,,,0,70,,84248,43,,,0,30,,84227,43,,,0,70,,84238,43,,,0,30,,84247,43,,,0,70,,84225,43,,,0,30,,84237,43,,,0,70,,84249,43,,,0,30,,84229,43,,,0,70,,84240,43,,,0
2401,'Weekday',605,,84271,43,,,0,40,,84280,43,,,0,73,,84250,43,,,0,30,,84272,43,,,0,70,,84282,43,,,0,30,,84251,43,,,0,69,,84273,43,,,0,28,,84283,43,,,0,70,,84252,43,,,0,30,,84275,43,,,0,70,,84284,43,,,0,30,,84253,43,,,0,70,,84274,43,,,0,30,,84281,43,,,0,70,,84254,43,,,0,30,,84277,43,,,0,70,,84285,43,,,0,30,,84256,43,,,0,70,,84276,43,,,0,34,,84286,43,,,0,70,,84255,43,,,0,30,,84278,43,,,0,70,,84287,43,,,0,29,,84257,43,,,0,70,,84279,43,,,0,29,,84262,43,,,0,67,,84258,43,,,0,30,,84266,43,,,0,70,,84263,43,,,0,30,,84259,43,,,0,70,,84268,43,,,0,30,,84264,43,,,0,70,,84260,43,,,0,29,,84269,43,,,0,68,,84265,43,,,0,30,,84261,43,,,0,70,,84270,43,,,0,35,,84267,43,,,0
2401,'STMPSa-Saturday',652,,84289,43,,,0,70,,84300,43,,,0,30,,84309,43,,,0,70,,84291,43,,,0,30,,84299,43,,,0,70,,84310,43,,,0,30,,84290,43,,,0,70,,84301,43,,,0,30,,84312,43,,,0,70,,84288,43,,,0,30,,84303,43,,,0,70,,84314,43,,,0,30,,84292,43,,,0,70,,84304,43,,,0,30,,84315,43,,,0,70,,84293,43,,,0,30,,84302,43,,,0,70,,84313,43,,,0,30,,84294,43,,,0,70,,84305,43,,,0,30,,84317,43,,,0,70,,84295,43,,,0,30,,84307,43,,,0,70,,84316,43,,,0,30,,84296,43,,,0,70,,84306,43,,,0,30,,84318,43,,,0,70,,84297,43,,,0,30,,84308,43,,,0,70,,84319,43,,,0,30,,84298,43,,,0,70,,84311,43,,,0
2401,'STMPSnea-Weekday',605,,84341,43,,,0,40,,84350,43,,,0,73,,84320,43,,,0,30,,84342,43,,,0,70,,84352,43,,,0,30,,84321,43,,,0,69,,84343,43,,,0,28,,84353,43,,,0,70,,84322,43,,,0,30,,84345,43,,,0,70,,84354,43,,,0,30,,84323,43,,,0,70,,84344,43,,,0,30,,84351,43,,,0,70,,84324,43,,,0,30,,84347,43,,,0,70,,84355,43,,,0,30,,84326,43,,,0,70,,84346,43,,,0,34,,84356,43,,,0,70,,84325,43,,,0,30,,84348,43,,,0,70,,84357,43,,,0,29,,84327,43,,,0,70,,84349,43,,,0,29,,84332,43,,,0,67,,84328,43,,,0,30,,84336,43,,,0,70,,84333,43,,,0,30,,84329,43,,,0,70,,84338,43,,,0,30,,84334,43,,,0,70,,84330,43,,,0,29,,84339,43,,,0,68,,84335,43,,,0,30,,84331,43,,,0,70,,84340,43,,,0,35,,84337,43,,,0
2401,'STMPSu1-Sunday',652,,84358,43,,,0,70,,84368,43,,,0,30,,84379,43,,,0,70,,84359,43,,,0,30,,84370,43,,,0,70,,84381,43,,,0,30,,84360,43,,,0,70,,84372,43,,,0,30,,84382,43,,,0,70,,84361,43,,,0,30,,84371,43,,,0,70,,84383,43,,,0,30,,84362,43,,,0,70,,84373,43,,,0,30,,84384,43,,,0,70,,84363,43,,,0,30,,84374,43,,,0,70,,84385,43,,,0,30,,84366,43,,,0,70,,84375,43,,,0,30,,84386,43,,,0,70,,84364,43,,,0,30,,84376,43,,,0,70,,84388,43,,,0,30,,84367,43,,,0,70,,84378,43,,,0,30,,84387,43,,,0,70,,84365,43,,,0,30,,84377,43,,,0,70,,84389,43,,,0,30,,84369,43,,,0,70,,84380,43,,,0
2401,'STMPSu2-Sunday',652,,84390,43,,,0,70,,84400,43,,,0,30,,84411,43,,,0,70,,84391,43,,,0,30,,84402,43,,,0,70,,84413,43,,,0,30,,84392,43,,,0,70,,84404,43,,,0,30,,84414,43,,,0,70,,84393,43,,,0,30,,84403,43,,,0,70,,84415,43,,,0,30,,84394,43,,,0,70,,84405,43,,,0,30,,84416,43,,,0,70,,84395,43,,,0,30,,84406,43,,,0,70,,84417,43,,,0,30,,84398,43,,,0,70,,84407,43,,,0,30,,84418,43,,,0,70,,84396,43,,,0,30,,84408,43,,,0,70,,84420,43,,,0,30,,84399,43,,,0,70,,84410,43,,,0,30,,84419,43,,,0,70,,84397,43,,,0,30,,84409,43,,,0,70,,84421,43,,,0,30,,84401,43,,,0,70,,84412,43,,,0
2401,'STMPWeek-Weekday',605,,84443,43,,,0,40,,84452,43,,,0,73,,84422,43,,,0,30,,84444,43,,,0,70,,84454,43,,,0,30,,84423,43,,,0,69,,84445,43,,,0,28,,84455,43,,,0,70,,84424,43,,,0,30,,84447,43,,,0,70,,84456,43,,,0,30,,84425,43,,,0,70,,84446,43,,,0,30,,84453,43,,,0,70,,84426,43,,,0,30,,84449,43,,,0,70,,84457,43,,,0,30,,84428,43,,,0,70,,84448,43,,,0,34,,84458,43,,,0,70,,84427,43,,,0,30,,84450,43,,,0,70,,84459,43,,,0,29,,84429,43,,,0,70,,84451,43,,,0,29,,84434,43,,,0,67,,84430,43,,,0,30,,84438,43,,,0,70,,84435,43,,,0,30,,84431,43,,,0,70,,84440,43,,,0,30,,84436,43,,,0,70,,84432,43,,,0,29,,84441,43,,,0,68,,84437,43,,,0,30,,84433,43,,,0,70,,84442,43,,,0,35,,84439,43,,,0
2401,'STMPar-Weekday',605,,84481,43,,,0,40,,84490,43,,,0,73,,84460,43,,,0,30,,84482,43,,,0,70,,84492,43,,,0,30,,84461,43,,,0,69,,84483,43,,,0,28,,84493,43,,,0,70,,84462,43,,,0,30,,84485,43,,,0,70,,84494,43,,,0,30,,84464,43,,,0,70,,84484,43,,,0,30,,84491,43,,,0,70,,84465,43,,,0,30,,84487,43,,,0,70,,84495,43,,,0,30,,84466,43,,,0,70,,84486,43,,,0,34,,84496,43,,,0,70,,84463,43,,,0,30,,84488,43,,,0,70,,84497,43,,,0,29,,84467,43,,,0,70,,84489,43,,,0,29,,84472,43,,,0,67,,84468,43,,,0,30,,84476,43,,,0,70,,84473,43,,,0,30,,84469,43,,,0,70,,84478,43,,,0,30,,84474,43,,,0,70,,84470,43,,,0,29,,84479,43,,,0,68,,84475,43,,,0,30,,84471,43,,,0,70,,84480,43,,,0,35,,84477,43,,,0
3600,'Saturday',622,,87432,45,,,0,85,,87436,45,,,0,45,,87439,45,,,0,85,,87441,45,,,0,85,,87433,45,,,0,85,,87437,45,,,0,45,,87438,45,,,0,85,,87440,45,,,0,85,,87420,45,,,0,85,,87421,45,,,0,45,,87422,45,,,0,85,,87423,45,,,0,85,,87424,45,,,0,85,,87425,45,,,0,45,,87426,45,,,0,85,,87427,45,,,0,85,,87428,45,,,0,85,,87429,45,,,0,45,,87434,45,,,0,85,,87430,45,,,0,85,,87431,45,,,0,85,,87435,45,,,0,45,,87443,45,,,0,85,,87442,45,,,0
3600,'Sunday',752,,87457,45,,,0,85,,87459,45,,,0,85,,87455,45,,,0,85,,87454,45,,,0,45,,87456,45,,,0,85,,87458,45,,,0,85,,87445,45,,,0,85,,87444,45,,,0,45,,87446,45,,,0,85,,87447,45,,,0,85,,87448,45,,,0,85,,87449,45,,,0,45,,87450,45,,,0,85,,87451,45,,,0,85,,87452,45,,,0,85,,87453,45,,,0,45,,87460,45,,,0,85,,87462,45,,,0,85,,87463,45,,,0,85,,87465,45,,,0,45,,87464,45,,,0,85,,87461,45,,,0
3600,'Weekday',537,,87466,42,,,0,115,,87477,45,,,0,75,,87478,45,,,0,75,,87479,45,,,0,35,,87480,45,,,0,75,,87481,45,,,0,33,,87483,45,,,0,75,,87482,45,,,0,35,,87487,45,,,0,75,,87484,45,,,0,75,,87485,45,,,0,35,,87486,45,,,0,75,,87488,45,,,0,35,,87489,45,,,0,75,,87490,45,,,0,75,,87491,45,,,0,35,,87492,45,,,0,78,,87493,45,,,0,35,,87494,45,,,0,75,,87495,45,,,0,33,,87496,45,,,0,73,,87468,45,,,0,75,,87469,45,,,0,31,,87467,45,,,0,72,,87470,45,,,0,41,,87471,45,,,0,81,,87472,45,,,0,81,,87473,45,,,0,41,,87474,45,,,0,81,,87475,45,,,0,81,,87476,45,0,88,0
3600,'STMPSa-Saturday',622,,87509,45,,,0,85,,87513,45,,,0,45,,87516,45,,,0,85,,87518,45,,,0,85,,87510,45,,,0,85,,87514,45,,,0,45,,87515,45,,,0,85,,87517,45,,,0,85,,87497,45,,,0,85,,87498,45,,,0,45,,87499,45,,,0,85,,87500,45,,,0,85,,87501,45,,,0,85,,87502,45,,,0,45,,87503,45,,,0,85,,87504,45,,,0,85,,87505,45,,,0,85,,87506,45,,,0,45,,87511,45,,,0,85,,87507,45,,,0,85,,87508,45,,,0,85,,87512,45,,,0,45,,87520,45,,,0,85,,87519,45,,,0
3600,'STMPSnea-Weekday',537,,87521,42,,,0,115,,87532,45,,,0,75,,87533,45,,,0,75,,87534,45,,,0,35,,87535,45,,,0,75,,87536,45,,,0,33,,87538,45,,,0,75,,87537,45,,,0,35,,87542,45,,,0,75,,87539,45,,,0,75,,87540,45,,,0,35,,87541,45,,,0,75,,87543,45,,,0,35,,87544,45,,,0,75,,87545,45,,,0,75,,87546,45,,,0,35,,87547,45,,,0,78,,87548,45,,,0,35,,87549,45,,,0,75,,87550,45,,,0,33,,87551,45,,,0,73,,87523,45,,,0,75,,87524,45,,,0,31,,87522,45,,,0,72,,87525,45,,,0,41,,87526,45,,,0,81,,87527,45,,,0,81,,87528,45,,,0,41,,87529,45,,,0,81,,87530,45,,,0,81,,87531,45,0,88,0
3600,'STMPSu1-Sunday',752,,87565,45,,,0,85,,87567,45,,,0,85,,87563,45,,,0,85,,87562,45,,,0,45,,87564,45,,,0,85,,87566,45,,,0,85,,87553,45,,,0,85,,87552,45,,,0,45,,87554,45,,,0,85,,87555,45,,,0,85,,87556,45,,,0,85,,87557,45,,,0,45,,87558,45,,,0,85,,87559,45,,,0,85,,87560,45,,,0,85,,87561,45,,,0,45,,87568,45,,,0,85,,87570,45,,,0,85,,87571,45,,,0,85,,87573,45,,,0,45,,87572,45,,,0,85,,87569,45,,,0
3600,'STMPSu2-Sunday',752,,87587,45,,,0,85,,87589,45,,,0,85,,87585,45,,,0,85,,87584,45,,,0,45,,87586,45,,,0,85,,87588,45,,,0,85,,87575,45,,,0,85,,87574,45,,,0,45,,87576,45,,,0,85,,87577,45,,,0,85,,87578,45,,,0,85,,87579,45,,,0,45,,87580,45,,,0,85,,87581,45,,,0,85,,87582,45,,,0,85,,87583,45,,,0,45,,87590,45,,,0,85,,87592,45,,,0,85,,87593,45,,,0,85,,87595,45,,,0,45,,87594,45,,,0,85,,87591,45,,,0
3600,'STMPWeek-Weekday',537,,87596,42,,,0,115,,87607,45,,,0,75,,87608,45,,,0,75,,87609,45,,,0,35,,87610,45,,,0,75,,87611,45,,,0,33,,87613,45,,,0,75,,87612,45,,,0,35,,87617,45,,,0,75,,87614,45,,,0,75,,87615,45,,,0,35,,87616,45,,,0,75,,87618,45,,,0,35,,87619,45,,,0,75,,87620,45,,,0,75,,87621,45,,,0,35,,87622,45,,,0,78,,87623,45,,,0,35,,87624,45,,,0,75,,87625,45,,,0,33,,87626,45,,,0,73,,87598,45,,,0,75,,87599,45,,,0,31,,87597,45,,,0,72,,87600,45,,,0,41,,87601,45,,,0,81,,87602,45,,,0,81,,87603,45,,,0,41,,87604,45,,,0,81,,87605,45,,,0,81,,87606,45,0,88,0
3600,'STMPar-Weekday',537,,87627,42,,,0,115,,87638,45,,,0,75,,87639,45,,,0,75,,87640,45,,,0,35,,87641,45,,,0,75,,87642,45,,,0,33,,87644,45,,,0,75,,87643,45,,,0,35,,87648,45,,,0,75,,87645,45,,,0,75,,87646,45,,,0,35,,87647,45,,,0,75,,87649,45,,,0,35,,87650,45,,,0,75,,87651,45,,,0,75,,87652,45,,,0,35,,87653,45,,,0,78,,87654,45,,,0,35,,87655,45,,,0,75,,87656,45,,,0,33,,87657,45,,,0,73,,87629,45,,,0,75,,87630,45,,,0,31,,87628,45,,,0,72,,87631,45,,,0,41,,87632,45,,,0,81,,87633,45,,,0,81,,87634,45,,,0,41,,87635,45,,,0,81,,87636,45,,,0,81,,87637,45,0,88,0
4100,'Saturday',635,,90218,26,,,0,85,,90216,26,,,0,85,,90201,26,,,0,45,,90202,26,,,0,85,,90203,26,,,0,85,,90204,26,,,0,85,,90205,26,,,0,47,,90206,26,,,0,85,,90207,26,,,0,85,,90208,26,,,0,85,,90209,26,,,0,45,,90210,26,,,0,85,,90212,26,,,0,85,,90213,26,,,0,85,,90214,26,,,0,45,,90211,26,,,0,85,,90215,26,,,0,83,,90217,26,,,0
4100,'Weekday',619,,90223,26,,,0,36,,90224,26,,,0,75,,90225,26,,,0,75,,90226,26,,,0,37,,90227,26,,,0,74,,90231,26,,,0,35,,90229,26,,,0,75,,90232,26,,,0,75,,90230,26,,,0,35,,90228,26,,,0,75,,90234,26,,,0,35,,90233,26,,,0,75,,90237,26,,,0,35,,90235,26,,,0,75,,90236,26,,,0,76,,90238,26,,,0,36,,90239,26,,,0,74,,90240,26,,,0,35,,90241,26,,,0,73,,90242,26,,,0,75,,90243,26,,,0,36,,90221,26,,,0,72,,90222,26,,,0
4100,'STMPSa-Saturday',635,,90261,26,,,0,85,,90259,26,,,0,85,,90244,26,,,0,45,,90245,26,,,0,85,,90246,26,,,0,85,,90247,26,,,0,85,,90248,26,,,0,47,,90249,26,,,0,85,,90250,26,,,0,85,,90251,26,,,0,85,,90252,26,,,0,45,,90253,26,,,0,85,,90255,26,,,0,85,,90256,26,,,0,85,,90257,26,,,0,45,,90254,26,,,0,85,,90258,26,,,0,83,,90260,26,,,0
4100,'STMPSnea-Weekday',619,,90266,26,,,0,36,,90267,26,,,0,75,,90268,26,,,0,75,,90269,26,,,0,37,,90270,26,,,0,74,,90274,26,,,0,35,,90272,26,,,0,75,,90275,26,,,0,75,,90273,26,,,0,35,,90271,26,,,0,75,,90277,26,,,0,35,,90276,26,,,0,75,,90280,26,,,0,35,,90278,26,,,0,75,,90279,26,,,0,76,,90281,26,,,0,36,,90282,26,,,0,74,,90283,26,,,0,35,,90284,26,,,0,73,,90285,26,,,0,75,,90286,26,,,0,36,,90264,26,,,0,72,,90265,26,,,0
4100,'STMPWeek-Weekday',619,,90290,26,,,0,36,,90291,26,,,0,75,,90292,26,,,0,75,,90293,26,,,0,37,,90294,26,,,0,74,,90298,26,,,0,35,,90296,26,,,0,75,,90299,26,,,0,75,,90297,26,,,0,35,,90295,26,,,0,75,,90301,26,,,0,35,,90300,26,,,0,75,,90304,26,,,0,35,,90302,26,,,0,75,,90303,26,,,0,76,,90305,26,,,0,36,,90306,26,,,0,74,,90307,26,,,0,35,,90308,26,,,0,73,,90309,26,,,0,75,,90310,26,,,0,36,,90288,26,,,0,72,,90289,26,,,0
4100,'STMPar-Weekday',619,,90314,26,,,0,36,,90315,26,,,0,75,,90316,26,,,0,75,,90317,26,,,0,37,,90318,26,,,0,74,,90322,26,,,0,35,,90320,26,,,0,75,,90323,26,,,0,75,,90321,26,,,0,35,,90319,26,,,0,75,,90325,26,,,0,35,,90324,26,,,0,75,,90328,26,,,0,35,,90326,26,,,0,75,,90327,26,,,0,76,,90329,26,,,0,36,,90330,26,,,0,74,,90331,26,,,0,35,,90332,26,,,0,73,,90333,26,,,0,75,,90334,26,,,0,36,,90312,26,,,0,72,,90313,26,,,0
4301,'Saturday',526,,91354,40,,,0,23,,91352,58,,,0,63,,91362,58,,,0,23,,91357,58,,,0,23,,91359,58,,,0,63,,91361,58,,,0,23,,91363,58,,,0,63,,91364,58,,,0,22,,91365,58,,,0,23,,91356,58,,,0,62,,91355,58,,,0,24,,91360,58,,,0,63,,91358,58,,,0,28,,91353,58,,,0,24,,91402,58,,,0,61,,91403,58,,,0,21,,91404,58,,,0,21,,91405,58,,,0,61,,91406,58,,,0,21,,91407,58,,,0,21,,91382,58,,,0,60,,91383,58,,,0,21,,91384,58,,,0,63,,91385,58,,,0,22,,91386,58,,,0,21,,91387,58,,,0,61,,91388,58,,,0,21,,91391,58,,,0,21,,91392,58,,,0,61,,91393,58,,,0,21,,91389,58,,,0,21,,91390,58,,,0,61,,91394,58,,,0,22,,91395,58,,,0,22,,91370,58,,,0,61,,91372,58,,,0,20,,91373,58,,,0,21,,91379,58,,,0,59,,91368,58,,,0,18,,91374,58,,,0,20,,91369,58,,,0,61,,91376,58,,,0,20,,91371,58,,,0,20,,91381,58,,,0,61,,91366,58,,,0,21,,91367,58,,,0,61,,91396,58,,,0,21,,91397,58,,,0,22,,91398,58,,,0,62,,91399,58,,,0,22,,91380,58,,,0,22,,91375,58,,,0,62,,91400,58,,,0,22,,91377,58,,,0,22,,91401,58,,,0,62,,91378,58,,,0
4301,'Sunday',526,,91414,40,,,0,23,,91408,58,,,0,63,,91431,58,,,0,23,,91420,58,,,0,23,,91438,58,,,0,63,,91449,58,,,0,23,,91425,58,,,0,63,,91443,58,,,0,22,,91415,58,,,0,23,,91409,58,,,0,62,,91432,58,,,0,24,,91421,58,,,0,63,,91437,58,,,0,28,,91450,58,,,0,24,,91426,58,,,0,61,,91459,58,,,0,21,,91444,58,,,0,21,,91416,58,,,0,61,,91410,58,,,0,21,,91433,58,,,0,21,,91455,58,,,0,60,,91422,58,,,0,21,,91440,58,,,0,63,,91451,58,,,0,22,,91427,58,,,0,21,,91460,58,,,0,61,,91445,58,,,0,21,,91417,58,,,0,21,,91411,58,,,0,61,,91434,58,,,0,21,,91456,58,,,0,21,,91423,58,,,0,61,,91439,58,,,0,22,,91452,58,,,0,22,,91429,58,,,0,61,,91461,58,,,0,20,,91446,58,,,0,21,,91418,58,,,0,59,,91412,58,,,0,18,,91435,58,,,0,20,,91457,58,,,0,61,,91424,58,,,0,20,,91441,58,,,0,20,,91453,58,,,0,61,,91428,58,,,0,21,,91462,58,,,0,61,,91447,58,,,0,21,,91419,58,,,0,22,,91413,58,,,0,62,,91436,58,,,0,22,,91458,58,,,0,22,,91442,58,,,0,62,,91454,58,,,0,22,,91430,58,,,0,22,,91463,58,,,0,62,,91448,58,,,0
4301,'Weekday',507,,91470,58,,,0,18,,91503,58,,,0,18,,91465,58,,,0,13,,91518,58,,,0,53,,91476,58,,,0,12,,91528,58,,,0,12,,91512,58,,,0,9,,91530,58,,,0,7,,91532,58,,,0,7,,91474,58,,,0,49,,91482,58,,,0,11,,91511,58,,,0,11,,91485,58,,,0,10,,91519,58,,,0,10,,91489,58,,,0,11,,91524,58,,,0,51,,91480,58,,,0,10,,91471,58,,,0,10,,91481,58,,,0,10,,91505,58,,,0,10,,91484,58,,,0,10,,91464,58,,,0,51,,91520,58,,,0,11,,91475,58,,,0,12,,91529,58,,,0,12,,91513,58,,,0,12,,91490,58,,,0,52,,91483,58,,,0,23,,91486,58,,,0,23,,91521,58,,,0,63,,91525,58,,,0,23,,91472,58,,,0,63,,91504,58,,,0,23,,91466,58,,,0,23,,91477,58,,,0,63,,91514,58,,,0,23,,91491,58,,,0,23,,91487,58,,,0,63,,91522,58,,,0,12,,91526,58,,,0,11,,91506,58,,,0,11,,91508,58,,,0,52,,91494,58,,,0,12,,91467,58,,,0,11,,91478,58,,,0,12,,91499,58,,,0,11,,91515,58,,,0,52,,91502,58,,,0,11,,91517,58,,,0,9,,91469,58,,,0,10,,91492,58,,,0,11,,91488,58,,,0,11,,91497,58,,,0,51,,91523,58,,,0,11,,91498,58,,,0,11,,91527,58,,,0,11,,91500,58,,,0,9,,91473,58,,,0,51,,91496,58,,,0,10,,91510,58,,,0,11,,91507,58,,,0,10,,91509,58,,,0,11,,91495,58,,,0,10,,91468,58,,,0,51,,91479,58,,,0,11,,91501,58,,,0,12,,91516,58,,,0,18,,91493,58,,,0,61,,91536,58,,,0,20,,91537,58,,,0,22,,91538,58,,,0,63,,91541,58,,,0,23,,91540,58,,,0,23,,91543,58,,,0,63,,91534,58,,,0,23,,91542,58,,,0,63,,91539,58,,,0,23,,91545,58,,,0,23,,91535,58,,,0,63,,91544,58,,,0,23,,91533,58,,,0,63,,91546,58,,,0,23,,91531,58,,,0
4301,'STMPSa-Saturday',526,,91549,40,,,0,23,,91547,58,,,0,63,,91557,58,,,0,23,,91553,58,,,0,23,,91551,58,,,0,63,,91556,58,,,0,23,,91558,58,,,0,63,,91559,58,,,0,22,,91560,58,,,0,23,,91552,58,,,0,62,,91550,58,,,0,24,,91555,58,,,0,63,,91554,58,,,0,28,,91548,58,,,0,24,,91597,58,,,0,61,,91598,58,,,0,21,,91599,58,,,0,21,,91600,58,,,0,61,,91601,58,,,0,21,,91602,58,,,0,21,,91577,58,,,0,60,,91578,58,,,0,21,,91579,58,,,0,63,,91580,58,,,0,22,,91581,58,,,0,21,,91582,58,,,0,61,,91583,58,,,0,21,,91586,58,,,0,21,,91587,58,,,0,61,,91588,58,,,0,21,,91584,58,,,0,21,,91585,58,,,0,61,,91589,58,,,0,22,,91590,58,,,0,22,,91565,58,,,0,61,,91567,58,,,0,20,,91568,58,,,0,21,,91574,58,,,0,59,,91563,58,,,0,18,,91569,58,,,0,20,,91564,58,,,0,61,,91571,58,,,0,20,,91566,58,,,0,20,,91576,58,,,0,61,,91561,58,,,0,21,,91562,58,,,0,61,,91591,58,,,0,21,,91592,58,,,0,22,,91593,58,,,0,62,,91594,58,,,0,22,,91575,58,,,0,22,,91570,58,,,0,62,,91595,58,,,0,22,,91572,58,,,0,22,,91596,58,,,0,62,,91573,58,,,0
4301,'STMPSnea-Weekday',507,,91609,58,,,0,18,,91642,58,,,0,18,,91604,58,,,0,13,,91657,58,,,0,53,,91615,58,,,0,12,,91667,58,,,0,12,,91651,58,,,0,9,,91669,58,,,0,7,,91671,58,,,0,7,,91613,58,,,0,49,,91621,58,,,0,11,,91650,58,,,0,11,,91624,58,,,0,10,,91658,58,,,0,10,,91628,58,,,0,11,,91663,58,,,0,51,,91619,58,,,0,10,,91610,58,,,0,10,,91620,58,,,0,10,,91644,58,,,0,10,,91623,58,,,0,10,,91603,58,,,0,51,,91659,58,,,0,11,,91614,58,,,0,12,,91668,58,,,0,12,,91652,58,,,0,12,,91629,58,,,0,52,,91622,58,,,0,23,,91625,58,,,0,23,,91660,58,,,0,63,,91664,58,,,0,23,,91611,58,,,0,63,,91643,58,,,0,23,,91605,58,,,0,23,,91616,58,,,0,63,,91653,58,,,0,23,,91630,58,,,0,23,,91626,58,,,0,63,,91661,58,,,0,12,,91665,58,,,0,11,,91645,58,,,0,11,,91647,58,,,0,52,,91633,58,,,0,12,,91606,58,,,0,11,,91617,58,,,0,12,,91638,58,,,0,11,,91654,58,,,0,52,,91641,58,,,0,11,,91656,58,,,0,9,,91608,58,,,0,10,,91631,58,,,0,11,,91627,58,,,0,11,,91636,58,,,0,51,,91662,58,,,0,11,,91637,58,,,0,11,,91666,58,,,0,11,,91639,58,,,0,9,,91612,58,,,0,51,,91635,58,,,0,10,,91649,58,,,0,11,,91646,58,,,0,10,,91648,58,,,0,11,,91634,58,,,0,10,,91607,58,,,0,51,,91618,58,,,0,11,,91640,58,,,0,12,,91655,58,,,0,18,,91632,58,,,0,61,,91675,58,,,0,20,,91676,58,,,0,22,,91677,58,,,0,63,,91680,58,,,0,23,,91679,58,,,0,23,,91682,58,,,0,63,,91673,58,,,0,23,,91681,58,,,0,63,,91678,58,,,0,23,,91684,58,,,0,23,,91674,58,,,0,63,,91683,58,,,0,23,,91672,58,,,0,63,,91685,58,,,0,23,,91670,58,,,0
4301,'STMPSu1-Sunday',526,,91692,40,,,0,23,,91686,58,,,0,63,,91709,58,,,0,23,,91698,58,,,0,23,,91716,58,,,0,63,,91728,58,,,0,23,,91703,58,,,0,63,,91721,58,,,0,22,,91694,58,,,0,23,,91687,58,,,0,62,,91710,58,,,0,24,,91699,58,,,0,63,,91715,58,,,0,28,,91727,58,,,0,24,,91704,58,,,0,61,,91737,58,,,0,21,,91722,58,,,0,21,,91693,58,,,0,61,,91688,58,,,0,21,,91711,58,,,0,21,,91733,58,,,0,60,,91700,58,,,0,21,,91718,58,,,0,63,,91729,58,,,0,22,,91705,58,,,0,21,,91738,58,,,0,61,,91723,58,,,0,21,,91695,58,,,0,21,,91689,58,,,0,61,,91712,58,,,0,21,,91734,58,,,0,21,,91701,58,,,0,61,,91717,58,,,0,22,,91730,58,,,0,22,,91707,58,,,0,61,,91739,58,,,0,20,,91724,58,,,0,21,,91696,58,,,0,59,,91690,58,,,0,18,,91713,58,,,0,20,,91735,58,,,0,61,,91702,58,,,0,20,,91719,58,,,0,20,,91731,58,,,0,61,,91706,58,,,0,21,,91740,58,,,0,61,,91725,58,,,0,21,,91697,58,,,0,22,,91691,58,,,0,62,,91714,58,,,0,22,,91736,58,,,0,22,,91720,58,,,0,62,,91732,58,,,0,22,,91708,58,,,0,22,,91741,58,,,0,62,,91726,58,,,0
4301,'STMPSu2-Sunday',526,,91748,40,,,0,23,,91742,58,,,0,63,,91765,58,,,0,23,,91754,58,,,0,23,,91772,58,,,0,63,,91783,58,,,0,23,,91759,58,,,0,63,,91777,58,,,0,22,,91749,58,,,0,23,,91743,58,,,0,62,,91766,58,,,0,24,,91755,58,,,0,63,,91771,58,,,0,28,,91784,58,,,0,24,,91760,58,,,0,61,,91793,58,,,0,21,,91778,58,,,0,21,,91750,58,,,0,61,,91744,58,,,0,21,,91767,58,,,0,21,,91789,58,,,0,60,,91756,58,,,0,21,,91774,58,,,0,63,,91785,58,,,0,22,,91761,58,,,0,21,,91794,58,,,0,61,,91779,58,,,0,21,,91751,58,,,0,21,,91745,58,,,0,61,,91768,58,,,0,21,,91790,58,,,0,21,,91757,58,,,0,61,,91773,58,,,0,22,,91786,58,,,0,22,,91763,58,,,0,61,,91795,58,,,0,20,,91780,58,,,0,21,,91752,58,,,0,59,,91746,58,,,0,18,,91769,58,,,0,20,,91791,58,,,0,61,,91758,58,,,0,20,,91775,58,,,0,20,,91787,58,,,0,61,,91762,58,,,0,21,,91796,58,,,0,61,,91781,58,,,0,21,,91753,58,,,0,22,,91747,58,,,0,62,,91770,58,,,0,22,,91792,58,,,0,22,,91776,58,,,0,62,,91788,58,,,0,22,,91764,58,,,0,22,,91797,58,,,0,62,,91782,58,,,0
4301,'STMPWeek-Weekday',507,,91804,58,,,0,18,,91837,58,,,0,18,,91799,58,,,0,13,,91852,58,,,0,53,,91810,58,,,0,12,,91862,58,,,0,12,,91846,58,,,0,9,,91864,58,,,0,7,,91866,58,,,0,7,,91808,58,,,0,49,,91816,58,,,0,11,,91845,58,,,0,11,,91819,58,,,0,10,,91853,58,,,0,10,,91823,58,,,0,11,,91858,58,,,0,51,,91814,58,,,0,10,,91805,58,,,0,10,,91815,58,,,0,10,,91839,58,,,0,10,,91818,58,,,0,10,,91798,58,,,0,51,,91854,58,,,0,11,,91809,58,,,0,12,,91863,58,,,0,12,,91847,58,,,0,12,,91824,58,,,0,52,,91817,58,,,0,23,,91820,58,,,0,23,,91855,58,,,0,63,,91859,58,,,0,23,,91806,58,,,0,63,,91838,58,,,0,23,,91800,58,,,0,23,,91811,58,,,0,63,,91848,58,,,0,23,,91825,58,,,0,23,,91821,58,,,0,63,,91856,58,,,0,12,,91860,58,,,0,11,,91840,58,,,0,11,,91842,58,,,0,52,,91828,58,,,0,12,,91801,58,,,0,11,,91812,58,,,0,12,,91833,58,,,0,11,,91849,58,,,0,52,,91836,58,,,0,11,,91851,58,,,0,9,,91803,58,,,0,10,,91826,58,,,0,11,,91822,58,,,0,11,,91831,58,,,0,51,,91857,58,,,0,11,,91832,58,,,0,11,,91861,58,,,0,11,,91834,58,,,0,9,,91807,58,,,0,51,,91830,58,,,0,10,,91844,58,,,0,11,,91841,58,,,0,10,,91843,58,,,0,11,,91829,58,,,0,10,,91802,58,,,0,51,,91813,58,,,0,11,,91835,58,,,0,12,,91850,58,,,0,18,,91827,58,,,0,61,,91870,58,,,0,20,,91871,58,,,0,22,,91872,58,,,0,63,,91875,58,,,0,23,,91874,58,,,0,23,,91877,58,,,0,63,,91868,58,,,0,23,,91876,58,,,0,63,,91873,58,,,0,23,,91879,58,,,0,23,,91869,58,,,0,63,,91878,58,,,0,23,,91867,58,,,0,63,,91880,58,,,0,23,,91865,58,,,0
4301,'STMPar-Weekday',507,,91887,58,,,0,18,,91920,58,,,0,18,,91882,58,,,0,13,,91935,58,,,0,53,,91893,58,,,0,12,,91945,58,,,0,12,,91929,58,,,0,9,,91947,58,,,0,7,,91949,58,,,0,7,,91891,58,,,0,49,,91899,58,,,0,11,,91928,58,,,0,11,,91902,58,,,0,10,,91936,58,,,0,10,,91906,58,,,0,11,,91941,58,,,0,51,,91897,58,,,0,10,,91888,58,,,0,10,,91898,58,,,0,10,,91922,58,,,0,10,,91901,58,,,0,10,,91881,58,,,0,51,,91937,58,,,0,11,,91892,58,,,0,12,,91946,58,,,0,12,,91930,58,,,0,12,,91907,58,,,0,52,,91900,58,,,0,23,,91903,58,,,0,23,,91938,58,,,0,63,,91942,58,,,0,23,,91889,58,,,0,63,,91921,58,,,0,23,,91883,58,,,0,23,,91894,58,,,0,63,,91931,58,,,0,23,,91908,58,,,0,23,,91904,58,,,0,63,,91939,58,,,0,12,,91943,58,,,0,11,,91923,58,,,0,11,,91925,58,,,0,52,,91911,58,,,0,12,,91884,58,,,0,11,,91895,58,,,0,12,,91916,58,,,0,11,,91932,58,,,0,52,,91919,58,,,0,11,,91934,58,,,0,9,,91886,58,,,0,10,,91909,58,,,0,11,,91905,58,,,0,11,,91914,58,,,0,51,,91940,58,,,0,11,,91915,58,,,0,11,,91944,58,,,0,11,,91917,58,,,0,9,,91890,58,,,0,51,,91913,58,,,0,10,,91927,58,,,0,11,,91924,58,,,0,10,,91926,58,,,0,11,,91912,58,,,0,10,,91885,58,,,0,51,,91896,58,,,0,11,,91918,58,,,0,12,,91933,58,,,0,18,,91910,58,,,0,61,,91953,58,,,0,20,,91954,58,,,0,22,,91955,58,,,0,63,,91958,58,,,0,23,,91957,58,,,0,23,,91960,58,,,0,63,,91951,58,,,0,23,,91959,58,,,0,63,,91956,58,,,0,23,,91962,58,,,0,23,,91952,58,,,0,63,,91961,58,,,0,23,,91950,58,,,0,63,,91963,58,,,0,23,,91948,58,,,0
