1500,'Saturday',553,,79125,11,,,0,78,,79131,11,,,0,78,,79138,11,,,0,38,,79124,11,,,0,78,,79132,11,,,0,78,,79139,11,,,0,38,,79126,11,,,0,78,,79133,11,,,0,38,,79140,11,,,0,78,,79127,11,,,0,78,,79134,11,,,0,38,,79141,11,,,0,78,,79128,11,,,0,78,,79135,11,,,0,38,,79142,11,,,0,78,,79129,11,,,0,78,,79136,11,,,0,38,,79143,11,,,0,78,,79130,11,,,0,38,,79137,11,,,0
1500,'Sunday',553,,79145,11,,,0,97,,79151,11,,,0,97,,79144,11,,,0,97,,79152,11,,,0,97,,79146,11,,,0,97,,79153,11,,,0,97,,79147,11,,,0,97,,79154,11,,,0,97,,79148,11,,,0,97,,79155,11,,,0,97,,79149,11,,,0,97,,79156,11,,,0,97,,79150,11,,,0,97,,79157,11,,,0
1500,'Weekday',535,,79165,11,,,0,74,,79159,11,,,0,37,,79172,11,,,0,79,,79166,11,,,0,77,,79158,11,,,0,40,,79174,11,,,0,80,,79168,11,,,0,80,,79160,11,,,0,40,,79175,11,,,0,80,,79167,11,,,0,80,,79161,11,,,0,40,,79176,11,,,0,80,,79169,11,,,0,79,,79162,11,,,0,37,,79177,11,,,0,68,,79179,11,,,0,28,,79170,11,,,0,69,,79163,11,,,0,30,,79178,11,,,0,71,,79180,11,,,0,33,,79171,11,,,0,80,,79164,11,,,0,38,,79181,11,,,0,76,,79173,11,,,0
1500,'STMPSa-Saturday',553,,79183,11,,,0,78,,79189,11,,,0,78,,79196,11,,,0,38,,79182,11,,,0,78,,79190,11,,,0,78,,79197,11,,,0,38,,79184,11,,,0,78,,79191,11,,,0,38,,79198,11,,,0,78,,79185,11,,,0,78,,79192,11,,,0,38,,79199,11,,,0,78,,79186,11,,,0,78,,79193,11,,,0,38,,79200,11,,,0,78,,79187,11,,,0,78,,79194,11,,,0,38,,79201,11,,,0,78,,79188,11,,,0,38,,79195,11,,,0
1500,'STMPSnea-Weekday',535,,79209,11,,,0,74,,79203,11,,,0,37,,79216,11,,,0,79,,79210,11,,,0,77,,79202,11,,,0,40,,79218,11,,,0,80,,79212,11,,,0,80,,79204,11,,,0,40,,79219,11,,,0,80,,79211,11,,,0,80,,79205,11,,,0,40,,79220,11,,,0,80,,79213,11,,,0,79,,79206,11,,,0,37,,79221,11,,,0,68,,79223,11,,,0,28,,79214,11,,,0,69,,79207,11,,,0,30,,79222,11,,,0,71,,79224,11,,,0,33,,79215,11,,,0,80,,79208,11,,,0,38,,79225,11,,,0,76,,79217,11,,,0
1500,'STMPSu1-Sunday',553,,79227,11,,,0,97,,79233,11,,,0,97,,79226,11,,,0,97,,79234,11,,,0,97,,79228,11,,,0,97,,79235,11,,,0,97,,79229,11,,,0,97,,79236,11,,,0,97,,79230,11,,,0,97,,79237,11,,,0,97,,79231,11,,,0,97,,79238,11,,,0,97,,79232,11,,,0,97,,79239,11,,,0
1500,'STMPSu2-Sunday',553,,79241,11,,,0,97,,79247,11,,,0,97,,79240,11,,,0,97,,79248,11,,,0,97,,79242,11,,,0,97,,79249,11,,,0,97,,79243,11,,,0,97,,79250,11,,,0,97,,79244,11,,,0,97,,79251,11,,,0,97,,79245,11,,,0,97,,79252,11,,,0,97,,79246,11,,,0,97,,79253,11,,,0
1500,'STMPWeek-Weekday',535,,79261,11,,,0,74,,79255,11,,,0,37,,79268,11,,,0,79,,79262,11,,,0,77,,79254,11,,,0,40,,79270,11,,,0,80,,79264,11,,,0,80,,79256,11,,,0,40,,79271,11,,,0,80,,79263,11,,,0,80,,79257,11,,,0,40,,79272,11,,,0,80,,79265,11,,,0,79,,79258,11,,,0,37,,79273,11,,,0,68,,79275,11,,,0,28,,79266,11,,,0,69,,79259,11,,,0,30,,79274,11,,,0,71,,79276,11,,,0,33,,79267,11,,,0,80,,79260,11,,,0,38,,79277,11,,,0,76,,79269,11,,,0
1500,'STMPar-Weekday',535,,79285,11,,,0,74,,79279,11,,,0,37,,79291,11,,,0,79,,79286,11,,,0,77,,79278,11,,,0,40,,79294,11,,,0,80,,79288,11,,,0,80,,79280,11,,,0,40,,79295,11,,,0,80,,79287,11,,,0,80,,79281,11,,,0,40,,79296,11,,,0,80,,79289,11,,,0,79,,79282,11,,,0,37,,79297,11,,,0,68,,79299,11,,,0,28,,79290,11,,,0,69,,79283,11,,,0,30,,79298,11,,,0,71,,79300,11,,,0,33,,79292,11,,,0,80,,79284,11,,,0,38,,79301,11,,,0,76,,79293,11,,,0
4301,'Saturday',534,,91354,43,,,0,23,,91352,61,,,0,63,,91362,61,,,0,23,,91357,61,,,0,63,,91359,61,,,0,23,,91361,61,,,0,23,,91363,61,,,0,63,,91364,61,,,0,22,,91365,61,,,0,63,,91356,61,,,0,22,,91355,61,,,0,25,,91360,61,,,0,63,,91358,61,,,0,28,,91353,61,,,0,64,,91402,61,,,0,21,,91403,61,,,0,21,,91404,61,,,0,61,,91405,61,,,0,21,,91406,61,,,0,21,,91407,61,,,0,62,,91382,61,,,0,20,,91383,61,,,0,21,,91384,61,,,0,63,,91385,61,,,0,22,,91386,61,,,0,21,,91387,61,,,0,61,,91388,61,,,0,21,,91391,61,,,0,21,,91392,61,,,0,61,,91393,61,,,0,21,,91389,61,,,0,61,,91390,61,,,0,21,,91394,61,,,0,22,,91395,61,,,0,62,,91370,61,,,0,21,,91372,61,,,0,19,,91373,61,,,0,61,,91379,61,,,0,19,,91368,61,,,0,18,,91374,61,,,0,60,,91369,61,,,0,21,,91376,61,,,0,20,,91371,61,,,0,60,,91381,61,,,0,21,,91366,61,,,0,21,,91367,61,,,0,61,,91396,61,,,0,21,,91397,61,,,0,22,,91398,61,,,0,62,,91399,61,,,0,22,,91380,61,,,0,22,,91375,61,,,0,62,,91400,61,,,0,22,,91377,61,,,0,62,,91401,61,,,0,22,,91378,61,,,0
4301,'Sunday',534,,91414,43,,,0,23,,91408,61,,,0,63,,91431,61,,,0,23,,91420,61,,,0,63,,91438,61,,,0,23,,91449,61,,,0,23,,91425,61,,,0,63,,91443,61,,,0,22,,91415,61,,,0,63,,91409,61,,,0,22,,91432,61,,,0,25,,91421,61,,,0,63,,91437,61,,,0,28,,91450,61,,,0,64,,91426,61,,,0,21,,91459,61,,,0,21,,91444,61,,,0,61,,91416,61,,,0,21,,91410,61,,,0,21,,91433,61,,,0,62,,91455,61,,,0,20,,91422,61,,,0,21,,91440,61,,,0,63,,91451,61,,,0,22,,91427,61,,,0,21,,91460,61,,,0,61,,91445,61,,,0,21,,91417,61,,,0,21,,91411,61,,,0,61,,91434,61,,,0,21,,91456,61,,,0,61,,91423,61,,,0,21,,91439,61,,,0,22,,91452,61,,,0,62,,91429,61,,,0,21,,91461,61,,,0,19,,91446,61,,,0,61,,91418,61,,,0,19,,91412,61,,,0,18,,91435,61,,,0,60,,91457,61,,,0,21,,91424,61,,,0,20,,91441,61,,,0,60,,91453,61,,,0,21,,91428,61,,,0,21,,91462,61,,,0,61,,91447,61,,,0,21,,91419,61,,,0,22,,91413,61,,,0,62,,91436,61,,,0,22,,91458,61,,,0,22,,91442,61,,,0,62,,91454,61,,,0,22,,91430,61,,,0,62,,91463,61,,,0,22,,91448,61,,,0
4301,'Weekday',515,,91470,61,,,0,18,,91503,61,,,0,18,,91465,61,,,0,53,,91518,61,,,0,13,,91476,61,,,0,12,,91528,61,,,0,12,,91512,61,,,0,9,,91530,61,,,0,7,,91532,61,,,0,47,,91474,61,,,0,10,,91482,61,,,0,11,,91511,61,,,0,11,,91485,61,,,0,10,,91519,61,,,0,10,,91489,61,,,0,51,,91524,61,,,0,11,,91480,61,,,0,10,,91471,61,,,0,10,,91481,61,,,0,10,,91505,61,,,0,10,,91484,61,,,0,50,,91464,61,,,0,11,,91520,61,,,0,11,,91475,61,,,0,12,,91529,61,,,0,12,,91513,61,,,0,52,,91490,61,,,0,12,,91483,61,,,0,23,,91486,61,,,0,63,,91521,61,,,0,23,,91525,61,,,0,23,,91472,61,,,0,63,,91504,61,,,0,23,,91466,61,,,0,23,,91477,61,,,0,63,,91514,61,,,0,23,,91491,61,,,0,63,,91487,61,,,0,23,,91522,61,,,0,12,,91526,61,,,0,11,,91506,61,,,0,51,,91508,61,,,0,12,,91494,61,,,0,12,,91467,61,,,0,12,,91478,61,,,0,12,,91499,61,,,0,51,,91515,61,,,0,12,,91502,61,,,0,11,,91517,61,,,0,9,,91469,61,,,0,10,,91492,61,,,0,11,,91488,61,,,0,51,,91497,61,,,0,11,,91523,61,,,0,11,,91498,61,,,0,10,,91527,61,,,0,11,,91500,61,,,0,49,,91473,61,,,0,11,,91496,61,,,0,10,,91510,61,,,0,11,,91507,61,,,0,10,,91509,61,,,0,11,,91495,61,,,0,50,,91468,61,,,0,11,,91479,61,,,0,11,,91501,61,,,0,12,,91516,61,,,0,18,,91493,61,,,0,61,,91536,61,,,0,20,,91537,61,,,0,22,,91538,61,,,0,63,,91541,61,,,0,23,,91540,61,,,0,63,,91543,61,,,0,23,,91534,61,,,0,23,,91542,61,,,0,63,,91539,61,,,0,23,,91545,61,,,0,63,,91535,61,,,0,23,,91544,61,,,0,23,,91533,61,,,0,63,,91546,61,,,0,23,,91531,61,,,0
4301,'STMPSa-Saturday',534,,91549,43,,,0,23,,91547,61,,,0,63,,91557,61,,,0,23,,91553,61,,,0,63,,91551,61,,,0,23,,91556,61,,,0,23,,91558,61,,,0,63,,91559,61,,,0,22,,91560,61,,,0,63,,91552,61,,,0,22,,91550,61,,,0,25,,91555,61,,,0,63,,91554,61,,,0,28,,91548,61,,,0,64,,91597,61,,,0,21,,91598,61,,,0,21,,91599,61,,,0,61,,91600,61,,,0,21,,91601,61,,,0,21,,91602,61,,,0,62,,91577,61,,,0,20,,91578,61,,,0,21,,91579,61,,,0,63,,91580,61,,,0,22,,91581,61,,,0,21,,91582,61,,,0,61,,91583,61,,,0,21,,91586,61,,,0,21,,91587,61,,,0,61,,91588,61,,,0,21,,91584,61,,,0,61,,91585,61,,,0,21,,91589,61,,,0,22,,91590,61,,,0,62,,91565,61,,,0,21,,91567,61,,,0,19,,91568,61,,,0,61,,91574,61,,,0,19,,91563,61,,,0,18,,91569,61,,,0,60,,91564,61,,,0,21,,91571,61,,,0,20,,91566,61,,,0,60,,91576,61,,,0,21,,91561,61,,,0,21,,91562,61,,,0,61,,91591,61,,,0,21,,91592,61,,,0,22,,91593,61,,,0,62,,91594,61,,,0,22,,91575,61,,,0,22,,91570,61,,,0,62,,91595,61,,,0,22,,91572,61,,,0,62,,91596,61,,,0,22,,91573,61,,,0
4301,'STMPSnea-Weekday',515,,91609,61,,,0,18,,91642,61,,,0,18,,91604,61,,,0,53,,91657,61,,,0,13,,91615,61,,,0,12,,91667,61,,,0,12,,91651,61,,,0,9,,91669,61,,,0,7,,91671,61,,,0,47,,91613,61,,,0,10,,91621,61,,,0,11,,91650,61,,,0,11,,91624,61,,,0,10,,91658,61,,,0,10,,91628,61,,,0,51,,91663,61,,,0,11,,91619,61,,,0,10,,91610,61,,,0,10,,91620,61,,,0,10,,91644,61,,,0,10,,91623,61,,,0,50,,91603,61,,,0,11,,91659,61,,,0,11,,91614,61,,,0,12,,91668,61,,,0,12,,91652,61,,,0,52,,91629,61,,,0,12,,91622,61,,,0,23,,91625,61,,,0,63,,91660,61,,,0,23,,91664,61,,,0,23,,91611,61,,,0,63,,91643,61,,,0,23,,91605,61,,,0,23,,91616,61,,,0,63,,91653,61,,,0,23,,91630,61,,,0,63,,91626,61,,,0,23,,91661,61,,,0,12,,91665,61,,,0,11,,91645,61,,,0,51,,91647,61,,,0,12,,91633,61,,,0,12,,91606,61,,,0,12,,91617,61,,,0,12,,91638,61,,,0,51,,91654,61,,,0,12,,91641,61,,,0,11,,91656,61,,,0,9,,91608,61,,,0,10,,91631,61,,,0,11,,91627,61,,,0,51,,91636,61,,,0,11,,91662,61,,,0,11,,91637,61,,,0,10,,91666,61,,,0,11,,91639,61,,,0,49,,91612,61,,,0,11,,91635,61,,,0,10,,91649,61,,,0,11,,91646,61,,,0,10,,91648,61,,,0,11,,91634,61,,,0,50,,91607,61,,,0,11,,91618,61,,,0,11,,91640,61,,,0,12,,91655,61,,,0,18,,91632,61,,,0,61,,91675,61,,,0,20,,91676,61,,,0,22,,91677,61,,,0,63,,91680,61,,,0,23,,91679,61,,,0,63,,91682,61,,,0,23,,91673,61,,,0,23,,91681,61,,,0,63,,91678,61,,,0,23,,91684,61,,,0,63,,91674,61,,,0,23,,91683,61,,,0,23,,91672,61,,,0,63,,91685,61,,,0,23,,91670,61,,,0
4301,'STMPSu1-Sunday',534,,91692,43,,,0,23,,91686,61,,,0,63,,91709,61,,,0,23,,91698,61,,,0,63,,91716,61,,,0,23,,91728,61,,,0,23,,91703,61,,,0,63,,91721,61,,,0,22,,91694,61,,,0,63,,91687,61,,,0,22,,91710,61,,,0,25,,91699,61,,,0,63,,91715,61,,,0,28,,91727,61,,,0,64,,91704,61,,,0,21,,91737,61,,,0,21,,91722,61,,,0,61,,91693,61,,,0,21,,91688,61,,,0,21,,91711,61,,,0,62,,91733,61,,,0,20,,91700,61,,,0,21,,91718,61,,,0,63,,91729,61,,,0,22,,91705,61,,,0,21,,91738,61,,,0,61,,91723,61,,,0,21,,91695,61,,,0,21,,91689,61,,,0,61,,91712,61,,,0,21,,91734,61,,,0,61,,91701,61,,,0,21,,91717,61,,,0,22,,91730,61,,,0,62,,91707,61,,,0,21,,91739,61,,,0,19,,91724,61,,,0,61,,91696,61,,,0,19,,91690,61,,,0,18,,91713,61,,,0,60,,91735,61,,,0,21,,91702,61,,,0,20,,91719,61,,,0,60,,91731,61,,,0,21,,91706,61,,,0,21,,91740,61,,,0,61,,91725,61,,,0,21,,91697,61,,,0,22,,91691,61,,,0,62,,91714,61,,,0,22,,91736,61,,,0,22,,91720,61,,,0,62,,91732,61,,,0,22,,91708,61,,,0,62,,91741,61,,,0,22,,91726,61,,,0
4301,'STMPSu2-Sunday',534,,91748,43,,,0,23,,91742,61,,,0,63,,91765,61,,,0,23,,91754,61,,,0,63,,91772,61,,,0,23,,91783,61,,,0,23,,91759,61,,,0,63,,91777,61,,,0,22,,91749,61,,,0,63,,91743,61,,,0,22,,91766,61,,,0,25,,91755,61,,,0,63,,91771,61,,,0,28,,91784,61,,,0,64,,91760,61,,,0,21,,91793,61,,,0,21,,91778,61,,,0,61,,91750,61,,,0,21,,91744,61,,,0,21,,91767,61,,,0,62,,91789,61,,,0,20,,91756,61,,,0,21,,91774,61,,,0,63,,91785,61,,,0,22,,91761,61,,,0,21,,91794,61,,,0,61,,91779,61,,,0,21,,91751,61,,,0,21,,91745,61,,,0,61,,91768,61,,,0,21,,91790,61,,,0,61,,91757,61,,,0,21,,91773,61,,,0,22,,91786,61,,,0,62,,91763,61,,,0,21,,91795,61,,,0,19,,91780,61,,,0,61,,91752,61,,,0,19,,91746,61,,,0,18,,91769,61,,,0,60,,91791,61,,,0,21,,91758,61,,,0,20,,91775,61,,,0,60,,91787,61,,,0,21,,91762,61,,,0,21,,91796,61,,,0,61,,91781,61,,,0,21,,91753,61,,,0,22,,91747,61,,,0,62,,91770,61,,,0,22,,91792,61,,,0,22,,91776,61,,,0,62,,91788,61,,,0,22,,91764,61,,,0,62,,91797,61,,,0,22,,91782,61,,,0
4301,'STMPWeek-Weekday',515,,91804,61,,,0,18,,91837,61,,,0,18,,91799,61,,,0,53,,91852,61,,,0,13,,91810,61,,,0,12,,91862,61,,,0,12,,91846,61,,,0,9,,91864,61,,,0,7,,91866,61,,,0,47,,91808,61,,,0,10,,91816,61,,,0,11,,91845,61,,,0,11,,91819,61,,,0,10,,91853,61,,,0,10,,91823,61,,,0,51,,91858,61,,,0,11,,91814,61,,,0,10,,91805,61,,,0,10,,91815,61,,,0,10,,91839,61,,,0,10,,91818,61,,,0,50,,91798,61,,,0,11,,91854,61,,,0,11,,91809,61,,,0,12,,91863,61,,,0,12,,91847,61,,,0,52,,91824,61,,,0,12,,91817,61,,,0,23,,91820,61,,,0,63,,91855,61,,,0,23,,91859,61,,,0,23,,91806,61,,,0,63,,91838,61,,,0,23,,91800,61,,,0,23,,91811,61,,,0,63,,91848,61,,,0,23,,91825,61,,,0,63,,91821,61,,,0,23,,91856,61,,,0,12,,91860,61,,,0,11,,91840,61,,,0,51,,91842,61,,,0,12,,91828,61,,,0,12,,91801,61,,,0,12,,91812,61,,,0,12,,91833,61,,,0,51,,91849,61,,,0,12,,91836,61,,,0,11,,91851,61,,,0,9,,91803,61,,,0,10,,91826,61,,,0,11,,91822,61,,,0,51,,91831,61,,,0,11,,91857,61,,,0,11,,91832,61,,,0,10,,91861,61,,,0,11,,91834,61,,,0,49,,91807,61,,,0,11,,91830,61,,,0,10,,91844,61,,,0,11,,91841,61,,,0,10,,91843,61,,,0,11,,91829,61,,,0,50,,91802,61,,,0,11,,91813,61,,,0,11,,91835,61,,,0,12,,91850,61,,,0,18,,91827,61,,,0,61,,91870,61,,,0,20,,91871,61,,,0,22,,91872,61,,,0,63,,91875,61,,,0,23,,91874,61,,,0,63,,91877,61,,,0,23,,91868,61,,,0,23,,91876,61,,,0,63,,91873,61,,,0,23,,91879,61,,,0,63,,91869,61,,,0,23,,91878,61,,,0,23,,91867,61,,,0,63,,91880,61,,,0,23,,91865,61,,,0
4301,'STMPar-Weekday',515,,91887,61,,,0,18,,91920,61,,,0,18,,91882,61,,,0,53,,91935,61,,,0,13,,91893,61,,,0,12,,91945,61,,,0,12,,91929,61,,,0,9,,91947,61,,,0,7,,91949,61,,,0,47,,91891,61,,,0,10,,91899,61,,,0,11,,91928,61,,,0,11,,91902,61,,,0,10,,91936,61,,,0,10,,91906,61,,,0,51,,91941,61,,,0,11,,91897,61,,,0,10,,91888,61,,,0,10,,91898,61,,,0,10,,91922,61,,,0,10,,91901,61,,,0,50,,91881,61,,,0,11,,91937,61,,,0,11,,91892,61,,,0,12,,91946,61,,,0,12,,91930,61,,,0,52,,91907,61,,,0,12,,91900,61,,,0,23,,91903,61,,,0,63,,91938,61,,,0,23,,91942,61,,,0,23,,91889,61,,,0,63,,91921,61,,,0,23,,91883,61,,,0,23,,91894,61,,,0,63,,91931,61,,,0,23,,91908,61,,,0,63,,91904,61,,,0,23,,91939,61,,,0,12,,91943,61,,,0,11,,91923,61,,,0,51,,91925,61,,,0,12,,91911,61,,,0,12,,91884,61,,,0,12,,91895,61,,,0,12,,91916,61,,,0,51,,91932,61,,,0,12,,91919,61,,,0,11,,91934,61,,,0,9,,91886,61,,,0,10,,91909,61,,,0,11,,91905,61,,,0,51,,91914,61,,,0,11,,91940,61,,,0,11,,91915,61,,,0,10,,91944,61,,,0,11,,91917,61,,,0,49,,91890,61,,,0,11,,91913,61,,,0,10,,91927,61,,,0,11,,91924,61,,,0,10,,91926,61,,,0,11,,91912,61,,,0,50,,91885,61,,,0,11,,91896,61,,,0,11,,91918,61,,,0,12,,91933,61,,,0,18,,91910,61,,,0,61,,91953,61,,,0,20,,91954,61,,,0,22,,91955,61,,,0,63,,91958,61,,,0,23,,91957,61,,,0,63,,91960,61,,,0,23,,91951,61,,,0,23,,91959,61,,,0,63,,91956,61,,,0,23,,91962,61,,,0,63,,91952,61,,,0,23,,91961,61,,,0,23,,91950,61,,,0,63,,91963,61,,,0,23,,91948,61,,,0
14900,'Saturday',548,,127629,11,,,0,66,,127626,11,,,0,26,,127645,11,,,0,66,,127630,11,,,0,26,,127627,11,,,0,26,,127651,11,,,0,66,,127628,11,,,0,26,,127632,11,,,0,66,,127646,11,,,0,26,,127631,11,,,0,66,,127633,11,,,0,26,,127647,11,,,0,66,,127636,11,,,0,26,,127637,11,,,0,26,,127648,11,,,0,66,,127634,11,,,0,26,,127635,11,,,0,66,,127652,11,,,0,26,,127638,11,,,0,66,,127640,11,,,0,26,,127649,11,,,0,26,,127641,11,,,0,66,,127642,11,,,0,26,,127653,11,,,0,66,,127639,11,,,0,26,,127643,11,,,0,66,,127650,11,,,0,26,,127644,11,,,0,26,,127654,11,,,0
14900,'Sunday',548,,127656,11,,,0,66,,127657,11,,,0,26,,127655,11,,,0,66,,127658,11,,,0,26,,127659,11,,,0,26,,127661,11,,,0,66,,127662,11,,,0,26,,127663,11,,,0,66,,127660,11,,,0,26,,127664,11,,,0,66,,127666,11,,,0,26,,127667,11,,,0,66,,127668,11,,,0,26,,127665,11,,,0,26,,127670,11,,,0,66,,127672,11,,,0,26,,127673,11,,,0,66,,127669,11,,,0,26,,127674,11,,,0,66,,127671,11,,,0,26,,127675,11,,,0,26,,127676,11,,,0,66,,127678,11,,,0,26,,127680,11,,,0,66,,127681,11,,,0,26,,127677,11,,,0,66,,127679,11,,,0,26,,127682,11,,,0,26,,127683,11,,,0
14900,'Weekday',455,,127684,11,,,0,70,,127694,11,,,0,30,,127704,11,,,0,71,,127685,11,,,0,30,,127695,11,,,0,70,,127705,11,,,0,30,,127686,11,,,0,70,,127696,11,,,0,30,,127706,11,,,0,69,,127687,11,,,0,30,,127697,11,,,0,70,,127707,11,,,0,30,,127688,11,,,0,70,,127698,11,,,0,30,,127708,11,,,0,70,,127689,11,,,0,30,,127699,11,,,0,69,,127709,11,,,0,31,,127690,11,,,0,70,,127701,11,,,0,31,,127710,11,,,0,72,,127691,11,,,0,30,,127700,11,,,0,70,,127711,11,,,0,29,,127692,11,,,0,70,,127702,11,,,0,29,,127712,11,,,0,69,,127693,11,,,0,30,,127703,11,,,0,70,,127713,11,,,0
14900,'STMPSa-Saturday',548,,127717,11,,,0,66,,127714,11,,,0,26,,127733,11,,,0,66,,127718,11,,,0,26,,127715,11,,,0,26,,127739,11,,,0,66,,127716,11,,,0,26,,127720,11,,,0,66,,127735,11,,,0,26,,127719,11,,,0,66,,127721,11,,,0,26,,127736,11,,,0,66,,127725,11,,,0,26,,127726,11,,,0,26,,127737,11,,,0,66,,127722,11,,,0,26,,127724,11,,,0,66,,127740,11,,,0,26,,127723,11,,,0,66,,127728,11,,,0,26,,127734,11,,,0,26,,127729,11,,,0,66,,127730,11,,,0,26,,127741,11,,,0,66,,127727,11,,,0,26,,127731,11,,,0,66,,127738,11,,,0,26,,127732,11,,,0,26,,127742,11,,,0
14900,'STMPSnea-Weekday',455,,127743,11,,,0,70,,127753,11,,,0,30,,127763,11,,,0,71,,127744,11,,,0,30,,127754,11,,,0,70,,127764,11,,,0,30,,127745,11,,,0,70,,127755,11,,,0,30,,127765,11,,,0,69,,127746,11,,,0,30,,127756,11,,,0,70,,127766,11,,,0,30,,127747,11,,,0,70,,127757,11,,,0,30,,127767,11,,,0,70,,127748,11,,,0,30,,127758,11,,,0,69,,127768,11,,,0,31,,127749,11,,,0,70,,127760,11,,,0,31,,127769,11,,,0,72,,127750,11,,,0,30,,127759,11,,,0,70,,127770,11,,,0,29,,127751,11,,,0,70,,127761,11,,,0,29,,127771,11,,,0,69,,127752,11,,,0,30,,127762,11,,,0,70,,127772,11,,,0
14900,'STMPSu1-Sunday',548,,127774,11,,,0,66,,127775,11,,,0,26,,127773,11,,,0,66,,127776,11,,,0,26,,127777,11,,,0,26,,127779,11,,,0,66,,127780,11,,,0,26,,127781,11,,,0,66,,127778,11,,,0,26,,127782,11,,,0,66,,127784,11,,,0,26,,127785,11,,,0,66,,127786,11,,,0,26,,127783,11,,,0,26,,127788,11,,,0,66,,127790,11,,,0,26,,127791,11,,,0,66,,127787,11,,,0,26,,127792,11,,,0,66,,127789,11,,,0,26,,127793,11,,,0,26,,127794,11,,,0,66,,127797,11,,,0,26,,127795,11,,,0,66,,127799,11,,,0,26,,127796,11,,,0,66,,127798,11,,,0,26,,127800,11,,,0,26,,127801,11,,,0
14900,'STMPSu2-Sunday',548,,127803,11,,,0,66,,127804,11,,,0,26,,127802,11,,,0,66,,127805,11,,,0,26,,127806,11,,,0,26,,127808,11,,,0,66,,127809,11,,,0,26,,127810,11,,,0,66,,127807,11,,,0,26,,127811,11,,,0,66,,127813,11,,,0,26,,127814,11,,,0,66,,127815,11,,,0,26,,127812,11,,,0,26,,127817,11,,,0,66,,127819,11,,,0,26,,127820,11,,,0,66,,127816,11,,,0,26,,127821,11,,,0,66,,127818,11,,,0,26,,127822,11,,,0,26,,127823,11,,,0,66,,127825,11,,,0,26,,127827,11,,,0,66,,127828,11,,,0,26,,127824,11,,,0,66,,127826,11,,,0,26,,127829,11,,,0,26,,127830,11,,,0
14900,'STMPWeek-Weekday',455,,127831,11,,,0,70,,127841,11,,,0,30,,127851,11,,,0,71,,127832,11,,,0,30,,127842,11,,,0,70,,127852,11,,,0,30,,127833,11,,,0,70,,127843,11,,,0,30,,127853,11,,,0,69,,127834,11,,,0,30,,127844,11,,,0,70,,127854,11,,,0,30,,127835,11,,,0,70,,127845,11,,,0,30,,127855,11,,,0,70,,127836,11,,,0,30,,127846,11,,,0,69,,127856,11,,,0,31,,127837,11,,,0,70,,127848,11,,,0,31,,127857,11,,,0,72,,127838,11,,,0,30,,127847,11,,,0,70,,127858,11,,,0,29,,127839,11,,,0,70,,127849,11,,,0,29,,127859,11,,,0,69,,127840,11,,,0,30,,127850,11,,,0,70,,127860,11,,,0
14900,'STMPar-Weekday',455,,127861,11,,,0,70,,127871,11,,,0,30,,127881,11,,,0,71,,127862,11,,,0,30,,127872,11,,,0,70,,127882,11,,,0,30,,127863,11,,,0,70,,127873,11,,,0,30,,127883,11,,,0,69,,127864,11,,,0,30,,127874,11,,,0,70,,127884,11,,,0,30,,127865,11,,,0,70,,127875,11,,,0,30,,127885,11,,,0,70,,127866,11,,,0,30,,127876,11,,,0,69,,127886,11,,,0,31,,127867,11,,,0,70,,127878,11,,,0,31,,127887,11,,,0,72,,127869,11,,,0,30,,127877,11,,,0,70,,127888,11,,,0,29,,127868,11,,,0,70,,127879,11,,,0,29,,127889,11,,,0,69,,127870,11,,,0,30,,127880,11,,,0,70,,127890,11,,,0
30601,'Saturday',636,,140501,13,,,0,20,,140510,13,,,0,60,,140519,13,,,0,20,,140528,13,,,0,20,,140537,13,,,0,60,,140545,13,,,0,20,,140502,13,,,0,20,,140511,13,,,0,60,,140520,13,,,0,20,,140529,13,,,0,20,,140538,13,,,0,60,,140547,13,,,0,20,,140503,13,,,0,20,,140512,13,,,0,60,,140521,13,,,0,20,,140530,13,,,0,20,,140539,13,,,0,62,,140548,13,,,0,22,,140504,13,,,0,60,,140513,13,,,0,20,,140522,13,,,0,20,,140531,13,,,0,60,,140540,13,,,0,20,,140546,13,,,0,20,,140505,13,,,0,60,,140514,13,,,0,20,,140523,13,,,0,20,,140532,13,,,0,60,,140541,13,,,0,20,,140549,13,,,0,20,,140506,13,,,0,60,,140515,13,,,0,20,,140524,13,,,0,20,,140533,13,,,0,60,,140542,13,,,0,18,,140550,13,,,0,18,,140507,13,,,0,20,,140516,13,,,0,60,,140525,13,,,0,20,,140534,13,,,0,20,,140543,13,,,0,60,,140551,13,,,0,20,,140509,13,,,0,20,,140517,13,,,0,60,,140526,13,,,0,20,,140535,13,,,0,20,,140544,13,,,0,60,,140552,13,,,0,20,,140508,13,,,0,20,,140518,13,,,0,60,,140527,13,,,0,20,,140536,13,,,0
30601,'Sunday',636,,140553,13,,,0,20,,140562,13,,,0,60,,140571,13,,,0,20,,140580,13,,,0,20,,140589,13,,,0,60,,140598,13,,,0,20,,140554,13,,,0,20,,140563,13,,,0,60,,140572,13,,,0,20,,140581,13,,,0,20,,140590,13,,,0,60,,140597,13,,,0,20,,140555,13,,,0,20,,140564,13,,,0,60,,140574,13,,,0,20,,140582,13,,,0,20,,140591,13,,,0,62,,140599,13,,,0,22,,140556,13,,,0,60,,140565,13,,,0,20,,140573,13,,,0,20,,140583,13,,,0,60,,140592,13,,,0,20,,140600,13,,,0,20,,140557,13,,,0,60,,140566,13,,,0,20,,140575,13,,,0,20,,140584,13,,,0,60,,140593,13,,,0,20,,140601,13,,,0,20,,140558,13,,,0,60,,140567,13,,,0,20,,140576,13,,,0,20,,140585,13,,,0,60,,140594,13,,,0,18,,140602,13,,,0,18,,140560,13,,,0,20,,140568,13,,,0,60,,140577,13,,,0,20,,140586,13,,,0,20,,140596,13,,,0,60,,140603,13,,,0,20,,140559,13,,,0,20,,140569,13,,,0,60,,140579,13,,,0,20,,140587,13,,,0,20,,140595,13,,,0,60,,140604,13,,,0,20,,140561,13,,,0,20,,140570,13,,,0,60,,140578,13,,,0,20,,140588,13,,,0
30601,'Weekday',616,,140609,13,,,0,20,,140621,13,,,0,22,,140615,13,,,0,61,,140623,13,,,0,20,,140618,13,,,0,20,,140619,13,,,0,60,,140617,13,,,0,20,,140634,13,,,0,19,,140622,13,,,0,59,,140616,13,,,0,24,,140638,14,,,0,64,,140644,14,,,0,24,,140639,13,,,0,24,,140649,14,,,0,64,,140641,13,,,0,24,,140645,13,,,0,64,,140650,13,,,0,24,,140646,13,,,0,24,,140640,13,,,0,64,,140651,13,,,0,24,,140643,13,,,0,64,,140642,13,,,0,24,,140647,13,,,0,24,,140648,13,,,0,65,,140620,13,,,0,22,,140624,13,,,0,60,,140626,13,,,0,20,,140635,13,,,0,20,,140627,13,,,0,60,,140628,13,,,0,20,,140625,13,,,0,20,,140629,13,,,0,60,,140630,13,,,0,19,,140637,13,,,0,18,,140631,13,,,0,18,,140632,13,,,0,60,,140633,13,,,0,18,,140606,13,,,0,22,,140608,13,,,0,60,,140636,13,,,0,28,,140610,13,,,0,68,,140611,13,,,0,28,,140605,13,,,0,68,,140607,13,,,0,28,,140612,13,,,0,68,,140614,13,,,0,30,,140613,13,,,0
30601,'STMPSa-Saturday',636,,140652,13,,,0,20,,140661,13,,,0,60,,140670,13,,,0,20,,140679,13,,,0,20,,140688,13,,,0,60,,140696,13,,,0,20,,140653,13,,,0,20,,140662,13,,,0,60,,140671,13,,,0,20,,140680,13,,,0,20,,140689,13,,,0,60,,140698,13,,,0,20,,140654,13,,,0,20,,140663,13,,,0,60,,140672,13,,,0,20,,140681,13,,,0,20,,140690,13,,,0,62,,140699,13,,,0,22,,140655,13,,,0,60,,140664,13,,,0,20,,140673,13,,,0,20,,140682,13,,,0,60,,140691,13,,,0,20,,140697,13,,,0,20,,140656,13,,,0,60,,140665,13,,,0,20,,140674,13,,,0,20,,140683,13,,,0,60,,140692,13,,,0,20,,140700,13,,,0,20,,140657,13,,,0,60,,140666,13,,,0,20,,140675,13,,,0,20,,140684,13,,,0,60,,140693,13,,,0,18,,140701,13,,,0,18,,140658,13,,,0,20,,140667,13,,,0,60,,140676,13,,,0,20,,140685,13,,,0,20,,140694,13,,,0,60,,140702,13,,,0,20,,140660,13,,,0,20,,140668,13,,,0,60,,140677,13,,,0,20,,140686,13,,,0,20,,140695,13,,,0,60,,140703,13,,,0,20,,140659,13,,,0,20,,140669,13,,,0,60,,140678,13,,,0,20,,140687,13,,,0,70,,140705,13,,,0,30,,140707,13,,,0,70,,140708,13,,,0,20,,140706,13,,,0,30,,140704,13,,,0
30601,'STMPSnea-Weekday',616,,140713,13,,,0,20,,140725,13,,,0,22,,140719,13,,,0,61,,140727,13,,,0,20,,140722,13,,,0,20,,140723,13,,,0,60,,140721,13,,,0,20,,140738,13,,,0,19,,140726,13,,,0,59,,140720,13,,,0,24,,140742,14,,,0,64,,140748,14,,,0,24,,140743,13,,,0,24,,140753,14,,,0,64,,140745,13,,,0,24,,140749,13,,,0,64,,140754,13,,,0,24,,140750,13,,,0,24,,140744,13,,,0,64,,140755,13,,,0,24,,140747,13,,,0,64,,140746,13,,,0,24,,140751,13,,,0,24,,140752,13,,,0,65,,140724,13,,,0,22,,140728,13,,,0,60,,140730,13,,,0,20,,140739,13,,,0,20,,140731,13,,,0,60,,140732,13,,,0,20,,140729,13,,,0,20,,140733,13,,,0,60,,140734,13,,,0,19,,140741,13,,,0,18,,140735,13,,,0,18,,140736,13,,,0,60,,140737,13,,,0,18,,140710,13,,,0,22,,140712,13,,,0,60,,140740,13,,,0,28,,140714,13,,,0,68,,140715,13,,,0,28,,140709,13,,,0,68,,140711,13,,,0,28,,140716,13,,,0,68,,140718,13,,,0,30,,140717,13,,,0
30601,'STMPSu1-Sunday',636,,140756,13,,,0,20,,140765,13,,,0,60,,140774,13,,,0,20,,140783,13,,,0,20,,140792,13,,,0,60,,140801,13,,,0,20,,140757,13,,,0,20,,140766,13,,,0,60,,140775,13,,,0,20,,140784,13,,,0,20,,140793,13,,,0,60,,140800,13,,,0,20,,140758,13,,,0,20,,140767,13,,,0,60,,140777,13,,,0,20,,140785,13,,,0,20,,140794,13,,,0,62,,140802,13,,,0,22,,140759,13,,,0,60,,140768,13,,,0,20,,140776,13,,,0,20,,140786,13,,,0,60,,140795,13,,,0,20,,140803,13,,,0,20,,140760,13,,,0,60,,140769,13,,,0,20,,140778,13,,,0,20,,140787,13,,,0,60,,140796,13,,,0,20,,140804,13,,,0,20,,140761,13,,,0,60,,140770,13,,,0,20,,140779,13,,,0,20,,140788,13,,,0,60,,140797,13,,,0,18,,140805,13,,,0,18,,140763,13,,,0,20,,140771,13,,,0,60,,140780,13,,,0,20,,140790,13,,,0,20,,140799,13,,,0,60,,140806,13,,,0,20,,140762,13,,,0,20,,140772,13,,,0,60,,140782,13,,,0,20,,140789,13,,,0,20,,140798,13,,,0,60,,140807,13,,,0,20,,140764,13,,,0,20,,140773,13,,,0,60,,140781,13,,,0,20,,140791,13,,,0,70,,140809,13,,,0,30,,140811,13,,,0,70,,140812,13,,,0,20,,140810,13,,,0,30,,140808,13,,,0
30601,'STMPSu2-Sunday',636,,140869,13,,,0,20,,140867,13,,,0,60,,140868,13,,,0,20,,140866,13,,,0,20,,140865,13,,,0,60,,140864,13,,,0,20,,140863,13,,,0,20,,140862,13,,,0,60,,140861,13,,,0,20,,140860,13,,,0,20,,140859,13,,,0,60,,140858,13,,,0,20,,140857,13,,,0,20,,140856,13,,,0,60,,140855,13,,,0,20,,140854,13,,,0,20,,140853,13,,,0,62,,140852,13,,,0,22,,140851,13,,,0,60,,140850,13,,,0,20,,140849,13,,,0,20,,140848,13,,,0,60,,140847,13,,,0,20,,140846,13,,,0,20,,140845,13,,,0,60,,140840,13,,,0,20,,140838,13,,,0,20,,140837,13,,,0,60,,140836,13,,,0,20,,140835,13,,,0,20,,140839,13,,,0,60,,140834,13,,,0,20,,140833,13,,,0,20,,140832,13,,,0,60,,140831,13,,,0,18,,140830,13,,,0,18,,140842,13,,,0,20,,140829,13,,,0,60,,140828,13,,,0,20,,140827,13,,,0,20,,140826,13,,,0,60,,140825,13,,,0,20,,140841,13,,,0,20,,140824,13,,,0,60,,140823,13,,,0,20,,140822,13,,,0,20,,140821,13,,,0,60,,140820,13,,,0,20,,140843,13,,,0,20,,140819,13,,,0,60,,140818,13,,,0,20,,140817,13,,,0,70,,140816,13,,,0,30,,140844,13,,,0,70,,140815,13,,,0,20,,140814,13,,,0,30,,140813,13,,,0
30601,'STMPWeek-Weekday',616,,140874,13,,,0,20,,140886,13,,,0,22,,140880,13,,,0,61,,140888,13,,,0,20,,140883,13,,,0,20,,140884,13,,,0,60,,140882,13,,,0,20,,140899,13,,,0,19,,140887,13,,,0,59,,140881,13,,,0,24,,140903,14,,,0,64,,140909,14,,,0,24,,140904,13,,,0,24,,140914,14,,,0,64,,140906,13,,,0,24,,140910,13,,,0,64,,140915,13,,,0,24,,140911,13,,,0,24,,140905,13,,,0,64,,140916,13,,,0,24,,140908,13,,,0,64,,140907,13,,,0,24,,140912,13,,,0,24,,140913,13,,,0,65,,140885,13,,,0,22,,140889,13,,,0,60,,140891,13,,,0,20,,140900,13,,,0,20,,140892,13,,,0,60,,140893,13,,,0,20,,140890,13,,,0,20,,140894,13,,,0,60,,140895,13,,,0,19,,140902,13,,,0,18,,140896,13,,,0,18,,140897,13,,,0,60,,140898,13,,,0,18,,140871,13,,,0,22,,140873,13,,,0,60,,140901,13,,,0,28,,140875,13,,,0,68,,140876,13,,,0,28,,140870,13,,,0,68,,140872,13,,,0,28,,140877,13,,,0,68,,140879,13,,,0,30,,140878,13,,,0,25,,140917,13,,,0,68,,140918,13,,,0,27,,140919,13,,,0,67,,140920,13,,,0,35,,140921,13,,,0
30601,'STMPar-Weekday',616,,140926,13,,,0,20,,140938,13,,,0,22,,140932,13,,,0,61,,140940,13,,,0,20,,140935,13,,,0,20,,140936,13,,,0,60,,140934,13,,,0,20,,140951,13,,,0,19,,140939,13,,,0,59,,140933,13,,,0,24,,140955,14,,,0,64,,140961,14,,,0,24,,140956,13,,,0,24,,140966,14,,,0,64,,140958,13,,,0,24,,140962,13,,,0,64,,140967,13,,,0,24,,140963,13,,,0,24,,140957,13,,,0,64,,140968,13,,,0,24,,140960,13,,,0,64,,140959,13,,,0,24,,140964,13,,,0,24,,140965,13,,,0,65,,140937,13,,,0,22,,140941,13,,,0,60,,140943,13,,,0,20,,140952,13,,,0,20,,140944,13,,,0,60,,140945,13,,,0,20,,140942,13,,,0,20,,140946,13,,,0,60,,140947,13,,,0,19,,140954,13,,,0,18,,140948,13,,,0,18,,140949,13,,,0,60,,140950,13,,,0,18,,140924,13,,,0,22,,140922,13,,,0,60,,140953,13,,,0,28,,140927,13,,,0,68,,140928,13,,,0,28,,140923,13,,,0,68,,140925,13,,,0,28,,140929,13,,,0,68,,140931,13,,,0,30,,140930,13,,,0,25,,140969,13,,,0,68,,140970,13,,,0,27,,140971,13,,,0,67,,140972,13,,,0,35,,140973,13,,,0
