1100,'Saturday',753,,76967,48,,,0,70,,76977,48,,,0,30,,76963,48,,,0,70,,76978,48,,,0,30,,76966,48,,,0,70,,76979,48,,,0,30,,76974,48,,,0,70,,76980,48,,,0,30,,76965,48,,,0,70,,76981,48,,,0,30,,76964,48,,,0,70,,76982,48,,,0,30,,76962,48,,,0,70,,76983,48,,,0,30,,76968,48,,,0,70,,76986,48,,,0,30,,76975,48,,,0,70,,76987,48,,,0,30,,76969,48,,,0,70,,76984,48,,,0,30,,76970,48,,,0,70,,76985,48,,,0,30,,76973,48,,,0,70,,76988,48,,,0,30,,76971,48,,,0,70,,76989,48,,,0,30,,76972,48,,,0,70,,76976,48,,,0,30,,76991,48,,,0,70,,76993,48,,,0,30,,76992,48,,,0,70,,76990,48,,,0
1100,'Sunday',1134,,76994,48,,,0,70,,77009,48,,,0,30,,76996,48,,,0,70,,77008,48,,,0,30,,76997,48,,,0,70,,77007,48,,,0,30,,76995,48,,,0,70,,77006,48,,,0,30,,77000,48,,,0,70,,77003,48,,,0,30,,76998,48,,,0,70,,77005,48,,,0,30,,76999,48,,,0,70,,77002,48,,,0,30,,77001,48,,,0,70,,77004,48,,,0,30,,77014,48,,,0,70,,77015,48,,,0,30,,77016,48,,,0,70,,77011,48,,,0,30,,77010,48,,,0,70,,77013,48,,,0,30,,77012,48,,,0,70,,77017,48,,,0
1100,'Weekday',551,,77018,23,,,0,68,,77019,48,,,0,30,,77021,48,,,0,70,,77022,48,,,0,31,,77023,48,,,0,67,,77020,48,,,0,32,,77024,48,,,0,65,,77025,48,,,0,35,,77026,48,,,0,70,,77027,48,,,0,30,,77028,48,,,0,70,,77029,48,,,0,30,,77030,48,,,0,70,,77031,48,,,0,30,,77032,48,,,0,70,,77033,48,,,0,30,,77035,48,,,0,75,,77036,48,,,0,28,,77037,48,,,0,68,,77034,48,,,0,30,,77038,48,,,0,70,,77039,48,,,0,30,,77040,48,,,0,70,,77041,48,,,0,30,,77042,48,,,0,71,,77043,48,,,0,27,,77044,48,,,0,70,,77045,48,,,0,30,,77046,48,,,0,70,,77047,48,,,0,30,,77048,48,,,0,70,,77049,48,,,0,30,,77050,48,,,0
1100,'STMPSa-Saturday',753,,77056,48,,,0,70,,77066,48,,,0,30,,77052,48,,,0,70,,77067,48,,,0,30,,77055,48,,,0,70,,77068,48,,,0,30,,77063,48,,,0,70,,77069,48,,,0,30,,77054,48,,,0,70,,77070,48,,,0,30,,77053,48,,,0,70,,77071,48,,,0,30,,77051,48,,,0,70,,77072,48,,,0,30,,77057,48,,,0,70,,77075,48,,,0,30,,77064,48,,,0,70,,77076,48,,,0,30,,77058,48,,,0,70,,77073,48,,,0,30,,77059,48,,,0,70,,77074,48,,,0,30,,77062,48,,,0,70,,77077,48,,,0,30,,77060,48,,,0,70,,77078,48,,,0,30,,77061,48,,,0,70,,77065,48,,,0,30,,77080,48,,,0,70,,77082,48,,,0,30,,77081,48,,,0,70,,77079,48,,,0
1100,'STMPSnea-Weekday',551,,77083,23,,,0,68,,77084,48,,,0,30,,77086,48,,,0,70,,77087,48,,,0,31,,77088,48,,,0,67,,77085,48,,,0,32,,77089,48,,,0,65,,77090,48,,,0,35,,77091,48,,,0,70,,77092,48,,,0,30,,77093,48,,,0,70,,77094,48,,,0,30,,77095,48,,,0,70,,77096,48,,,0,30,,77097,48,,,0,70,,77098,48,,,0,30,,77100,48,,,0,75,,77101,48,,,0,28,,77102,48,,,0,68,,77099,48,,,0,30,,77103,48,,,0,70,,77104,48,,,0,30,,77105,48,,,0,70,,77106,48,,,0,30,,77107,48,,,0,71,,77108,48,,,0,27,,77109,48,,,0,70,,77110,48,,,0,30,,77111,48,,,0,70,,77112,48,,,0,30,,77113,48,,,0,70,,77114,48,,,0,30,,77115,48,,,0
1100,'STMPSu1-Sunday',1134,,77116,48,,,0,70,,77131,48,,,0,30,,77118,48,,,0,70,,77130,48,,,0,30,,77119,48,,,0,70,,77129,48,,,0,30,,77117,48,,,0,70,,77128,48,,,0,30,,77122,48,,,0,70,,77125,48,,,0,30,,77120,48,,,0,70,,77127,48,,,0,30,,77121,48,,,0,70,,77124,48,,,0,30,,77123,48,,,0,70,,77126,48,,,0,30,,77136,48,,,0,70,,77137,48,,,0,30,,77138,48,,,0,70,,77133,48,,,0,30,,77132,48,,,0,70,,77135,48,,,0,30,,77134,48,,,0,70,,77139,48,,,0
1100,'STMPSu2-Sunday',1134,,77140,48,,,0,70,,77155,48,,,0,30,,77142,48,,,0,70,,77154,48,,,0,30,,77143,48,,,0,70,,77153,48,,,0,30,,77141,48,,,0,70,,77152,48,,,0,30,,77146,48,,,0,70,,77149,48,,,0,30,,77144,48,,,0,70,,77151,48,,,0,30,,77145,48,,,0,70,,77148,48,,,0,30,,77147,48,,,0,70,,77150,48,,,0,30,,77160,48,,,0,70,,77161,48,,,0,30,,77162,48,,,0,70,,77157,48,,,0,30,,77156,48,,,0,70,,77159,48,,,0,30,,77158,48,,,0,70,,77163,48,,,0
1100,'STMPWeek-Weekday',551,,77164,23,,,0,68,,77165,48,,,0,30,,77167,48,,,0,70,,77168,48,,,0,31,,77169,48,,,0,67,,77166,48,,,0,32,,77170,48,,,0,65,,77171,48,,,0,35,,77172,48,,,0,70,,77173,48,,,0,30,,77174,48,,,0,70,,77175,48,,,0,30,,77176,48,,,0,70,,77177,48,,,0,30,,77178,48,,,0,70,,77179,48,,,0,30,,77181,48,,,0,75,,77182,48,,,0,28,,77183,48,,,0,68,,77180,48,,,0,30,,77184,48,,,0,70,,77185,48,,,0,30,,77186,48,,,0,70,,77187,48,,,0,30,,77188,48,,,0,71,,77189,48,,,0,27,,77190,48,,,0,70,,77191,48,,,0,30,,77192,48,,,0,70,,77193,48,,,0,30,,77194,48,,,0,70,,77195,48,,,0,30,,77196,48,,,0
1100,'STMPar-Weekday',551,,77197,23,,,0,68,,77198,48,,,0,30,,77200,48,,,0,70,,77201,48,,,0,31,,77202,48,,,0,67,,77199,48,,,0,32,,77203,48,,,0,65,,77204,48,,,0,35,,77205,48,,,0,70,,77206,48,,,0,30,,77207,48,,,0,70,,77208,48,,,0,30,,77209,48,,,0,70,,77210,48,,,0,30,,77211,48,,,0,70,,77212,48,,,0,30,,77214,48,,,0,75,,77215,48,,,0,28,,77216,48,,,0,68,,77213,48,,,0,30,,77217,48,,,0,70,,77218,48,,,0,30,,77219,48,,,0,70,,77220,48,,,0,30,,77221,48,,,0,71,,77222,48,,,0,27,,77223,48,,,0,70,,77224,48,,,0,30,,77225,48,,,0,70,,77226,48,,,0,30,,77227,48,,,0,70,,77228,48,,,0,30,,77229,48,,,0
5201,'Saturday',632,,94151,10,,,0,85,,94142,10,,,0,85,,94152,10,,,0,45,,94143,10,,,0,85,,94153,10,,,0,85,,94146,10,,,0,85,,94156,10,,,0,45,,94147,10,,,0,92,,94157,10,,,0,85,,94145,10,,,0,85,,94158,10,,,0,45,,94141,10,,,0,85,,94154,10,,,0,85,,94148,10,,,0,83,,94155,10,,,0,47,,94149,10,,,0,84,,94139,10,,,0,86,,94150,10,,,0,85,,94138,10,,,0,45,,94144,10,,,0,85,,94140,10,,,0
5201,'Sunday',741,,94168,10,,,0,85,,94159,10,,,0,85,,94169,10,,,0,45,,94163,10,,,0,85,,94172,10,,,0,85,,94160,10,,,0,85,,94173,10,,,0,45,,94161,10,,,0,85,,94170,10,,,0,85,,94164,10,,,0,85,,94171,10,,,0,45,,94162,10,,,0,85,,94175,10,,,0,85,,94165,10,,,0,85,,94174,10,,,0,45,,94166,10,,,0,85,,94176,10,,,0,85,,94167,10,,,0,85,,94177,10,,,0
5201,'Weekday',517,,94198,10,,,0,85,,94197,10,,,0,45,,94196,10,,,0,85,,94195,10,,,0,85,,94199,10,,,0,85,,94192,10,,,0,45,,94194,10,,,0,85,,94190,10,,,0,85,,94193,10,,,0,85,,94191,10,,,0,45,,94189,10,,,0,85,,94184,10,,,0,85,,94188,10,,,0,85,,94187,10,,,0,45,,94186,10,,,0,85,,94182,10,,,0,85,,94185,10,,,0,85,,94183,10,,,0,45,,94181,10,,,0,85,,94180,10,,,0,85,,94179,10,,,0,86,,94178,10,,,0
5201,'STMPSa-Saturday',632,,94213,10,,,0,85,,94204,10,,,0,85,,94214,10,,,0,45,,94205,10,,,0,85,,94215,10,,,0,85,,94208,10,,,0,85,,94218,10,,,0,45,,94209,10,,,0,92,,94219,10,,,0,85,,94207,10,,,0,85,,94220,10,,,0,45,,94203,10,,,0,85,,94216,10,,,0,85,,94210,10,,,0,83,,94217,10,,,0,47,,94211,10,,,0,84,,94201,10,,,0,86,,94212,10,,,0,85,,94200,10,,,0,45,,94206,10,,,0,85,,94202,10,,,0
5201,'STMPSnea-Weekday',517,,94241,10,,,0,85,,94240,10,,,0,45,,94239,10,,,0,85,,94238,10,,,0,85,,94242,10,,,0,85,,94235,10,,,0,45,,94237,10,,,0,85,,94233,10,,,0,85,,94236,10,,,0,85,,94234,10,,,0,45,,94232,10,,,0,85,,94227,10,,,0,85,,94231,10,,,0,85,,94230,10,,,0,45,,94229,10,,,0,85,,94225,10,,,0,85,,94228,10,,,0,85,,94226,10,,,0,45,,94224,10,,,0,85,,94223,10,,,0,85,,94222,10,,,0,86,,94221,10,,,0
5201,'STMPSu1-Sunday',741,,94252,10,,,0,85,,94243,10,,,0,85,,94253,10,,,0,45,,94247,10,,,0,85,,94256,10,,,0,85,,94244,10,,,0,85,,94257,10,,,0,45,,94245,10,,,0,85,,94254,10,,,0,85,,94248,10,,,0,85,,94255,10,,,0,45,,94246,10,,,0,85,,94259,10,,,0,85,,94249,10,,,0,85,,94258,10,,,0,45,,94250,10,,,0,85,,94260,10,,,0,85,,94251,10,,,0,85,,94261,10,,,0
5201,'STMPSu2-Sunday',741,,94271,10,,,0,85,,94262,10,,,0,85,,94272,10,,,0,45,,94266,10,,,0,85,,94275,10,,,0,85,,94263,10,,,0,85,,94276,10,,,0,45,,94264,10,,,0,85,,94273,10,,,0,85,,94267,10,,,0,85,,94274,10,,,0,45,,94265,10,,,0,85,,94278,10,,,0,85,,94268,10,,,0,85,,94277,10,,,0,45,,94269,10,,,0,85,,94279,10,,,0,85,,94270,10,,,0,85,,94280,10,,,0
5201,'STMPWeek-Weekday',517,,94301,10,,,0,85,,94300,10,,,0,45,,94299,10,,,0,85,,94298,10,,,0,85,,94302,10,,,0,85,,94295,10,,,0,45,,94297,10,,,0,85,,94293,10,,,0,85,,94296,10,,,0,85,,94294,10,,,0,45,,94292,10,,,0,85,,94287,10,,,0,85,,94291,10,,,0,85,,94290,10,,,0,45,,94289,10,,,0,85,,94285,10,,,0,85,,94288,10,,,0,85,,94286,10,,,0,45,,94284,10,,,0,85,,94283,10,,,0,85,,94282,10,,,0,86,,94281,10,,,0
5201,'STMPar-Weekday',517,,94323,10,,,0,85,,94322,10,,,0,45,,94321,10,,,0,85,,94320,10,,,0,85,,94324,10,,,0,85,,94317,10,,,0,45,,94319,10,,,0,85,,94315,10,,,0,85,,94318,10,,,0,85,,94316,10,,,0,45,,94314,10,,,0,85,,94309,10,,,0,85,,94313,10,,,0,85,,94312,10,,,0,45,,94311,10,,,0,85,,94307,10,,,0,85,,94310,10,,,0,85,,94308,10,,,0,45,,94306,10,,,0,85,,94305,10,,,0,85,,94304,10,,,0,86,,94303,10,,,0
6300,'Weekday',627,,98771,7,,,0,75,,98772,7,,,0,35,,98773,7,,,0,75,,98774,7,,,0,35,,98775,7,,,0,679,,98777,7,,,0,75,,98778,7,,,0,35,,98779,7,,,0,75,,98780,7,,,0,35,,98770,7,,,0,75,,98776,7,,,0
6300,'STMPSnea-Weekday',627,,98782,7,,,0,75,,98783,7,,,0,35,,98784,7,,,0,75,,98785,7,,,0,35,,98786,7,,,0,679,,98788,7,,,0,75,,98789,7,,,0,35,,98790,7,,,0,75,,98791,7,,,0,35,,98781,7,,,0,75,,98787,7,,,0
6300,'STMPWeek-Weekday',627,,98793,7,,,0,75,,98794,7,,,0,35,,98795,7,,,0,75,,98796,7,,,0,35,,98797,7,,,0,679,,98799,7,,,0,75,,98800,7,,,0,35,,98801,7,,,0,75,,98802,7,,,0,35,,98792,7,,,0,75,,98798,7,,,0
6300,'STMPar-Weekday',627,,98804,7,,,0,75,,98805,7,,,0,35,,98806,7,,,0,75,,98807,7,,,0,35,,98808,7,,,0,679,,98810,7,,,0,75,,98811,7,,,0,35,,98812,7,,,0,75,,98813,7,,,0,35,,98803,7,,,0,75,,98809,7,,,0
