11900,'Saturday',1239,,161382,3,,,0,100,,161383,3,,,0,100,,161384,3,,,0,96,,161385,3,,,0,96,,161386,3,,,0,98,,161387,3,,,0,98,,161388,3,,,0,94,,161389,3,,,0,93,,161390,3,,,0,94,,161391,3,,,0,95,,161392,3,,,0,54,,161393,3,,,0,94,,161394,3,,,0
11900,'Sunday',1239,,161395,3,,,0,100,,161396,3,,,0,100,,161397,3,,,0,96,,161399,3,,,0,96,,161400,3,,,0,98,,161401,3,,,0,98,,161398,3,,,0,94,,161402,3,,,0,93,,161403,3,,,0,94,,161404,3,,,0,95,,161405,3,,,0,54,,161406,3,,,0,94,,161407,3,,,0
11900,'Weekday',1239,,161411,3,,,0,100,,161408,3,,,0,100,,161410,3,,,0,96,,161409,3,,,0,96,,161412,3,,,0,98,,161413,3,,,0,98,,161414,3,,,0,94,,161415,3,,,0,93,,161416,3,,,0,94,,161417,3,,,0,95,,161418,3,,,0,54,,161419,3,,,0,94,,161420,3,,,0
11901,'Saturday',532,,161421,3,,,0,90,,161422,3,,,0,93,,161423,3,,,0,93,,161425,3,,,0,93,,161426,3,,,0,53,,161427,3,,,0,93,,161424,3,,,0,93,,161428,3,,,0
11901,'Sunday',532,,161430,3,,,0,90,,161431,3,,,0,93,,161432,3,,,0,93,,161429,3,,,0,93,,161434,3,,,0,53,,161435,3,,,0,93,,161436,3,,,0,93,,161433,3,,,0
11901,'Weekday',532,,161437,3,,,0,90,,161438,3,,,0,93,,161439,3,,,0,93,,161441,3,,,0,93,,161442,3,,,0,53,,161443,3,,,0,93,,161440,3,,,0,93,,161444,3,,,0
12801,'Saturday',452,,162411,3,,,0,70,,162412,3,,,0,30,,162413,3,,,0,60,,162414,3,,,0,20,,162421,3,,,0,20,,162415,3,,,0,60,,162416,3,,,0,20,,162426,3,,,0,20,,162427,3,,,0,60,,162428,3,,,0,20,,162429,3,,,0,20,,162430,3,,,0,60,,162431,3,,,0,20,,162432,3,,,0,20,,162433,3,,,0,60,,162434,3,,,0,20,,162435,3,,,0,20,,162436,3,,,0,60,,162437,3,,,0,20,,162438,3,,,0,20,,162439,3,,,0,60,,162440,3,,,0,20,,162441,3,,,0,20,,162442,3,,,0,60,,162443,3,,,0,20,,162444,3,,,0,20,,162445,3,,,0,60,,162446,3,,,0,20,,162447,3,,,0,21,,162448,3,,,0,61,,162449,3,,,0,20,,162450,3,,,0,21,,162451,3,,,0,61,,162452,3,,,0,20,,162453,3,,,0,21,,162454,3,,,0,61,,162455,3,,,0,20,,162456,3,,,0,21,,162458,3,,,0,61,,162459,3,,,0,20,,162461,3,,,0,61,,162457,3,,,0,20,,162462,3,,,0,20,,162463,3,,,0,61,,162460,3,,,0,20,,162464,3,,,0,20,,162465,3,,,0,60,,162466,3,,,0,20,,162467,3,,,0,20,,162468,3,,,0,60,,162422,3,,,0,20,,162424,3,,,0,20,,162423,3,,,0,60,,162425,3,,,0,20,,162418,3,,,0,25,,162417,3,,,0,70,,162419,3,,,0,30,,162420,3,,,0
12801,'Sunday',452,,162470,3,,,0,70,,162488,3,,,0,30,,162471,3,,,0,60,,162508,3,,,0,20,,162489,3,,,0,20,,162469,3,,,0,60,,162509,3,,,0,20,,162491,3,,,0,20,,162472,3,,,0,60,,162510,3,,,0,20,,162492,3,,,0,20,,162473,3,,,0,60,,162511,3,,,0,20,,162493,3,,,0,20,,162474,3,,,0,60,,162512,3,,,0,20,,162490,3,,,0,20,,162475,3,,,0,60,,162514,3,,,0,20,,162494,3,,,0,20,,162476,3,,,0,60,,162515,3,,,0,20,,162495,3,,,0,20,,162477,3,,,0,60,,162516,3,,,0,20,,162496,3,,,0,20,,162478,3,,,0,60,,162513,3,,,0,20,,162497,3,,,0,21,,162480,3,,,0,61,,162517,3,,,0,20,,162499,3,,,0,21,,162481,3,,,0,61,,162518,3,,,0,20,,162500,3,,,0,21,,162482,3,,,0,61,,162519,3,,,0,20,,162501,3,,,0,21,,162479,3,,,0,61,,162520,3,,,0,20,,162498,3,,,0,61,,162483,3,,,0,20,,162521,3,,,0,20,,162502,3,,,0,61,,162485,3,,,0,20,,162522,3,,,0,20,,162503,3,,,0,60,,162486,3,,,0,20,,162523,3,,,0,20,,162504,3,,,0,60,,162487,3,,,0,20,,162524,3,,,0,20,,162505,3,,,0,60,,162484,3,,,0,20,,162525,3,,,0,25,,162506,3,,,0,70,,162526,3,,,0,30,,162507,3,,,0
12801,'Weekday',433,,162609,3,,,0,14,,162528,3,,,0,54,,162527,3,,,0,14,,162530,3,,,0,14,,162531,3,,,0,14,,162532,3,,,0,14,,162529,3,,,0,53,,162533,3,,,0,20,,162535,3,,,0,10,,162537,3,,,0,60,,162612,3,,,0,10,,162613,3,,,0,10,,162538,3,,,0,10,,162539,3,,,0,10,,162540,3,,,0,10,,162541,3,,,0,50,,162543,3,,,0,10,,162542,3,,,0,10,,162546,3,,,0,10,,162544,3,,,0,10,,162545,3,,,0,10,,162547,3,,,0,50,,162548,3,,,0,10,,162549,3,,,0,10,,162606,3,,,0,10,,162595,3,,,0,10,,162607,3,,,0,10,,162596,3,,,0,50,,162608,3,,,0,10,,162592,3,,,0,20,,162593,3,,,0,20,,162597,3,,,0,60,,162599,3,,,0,20,,162600,3,,,0,20,,162601,3,,,0,60,,162598,3,,,0,20,,162602,3,,,0,20,,162603,3,,,0,60,,162590,3,,,0,20,,162589,3,,,0,20,,162594,3,,,0,60,,162591,3,,,0,20,,162550,3,,,0,11,,162551,3,,,0,10,,162552,3,,,0,50,,162553,3,,,0,10,,162555,3,,,0,10,,162557,3,,,0,11,,162554,3,,,0,10,,162556,3,,,0,10,,162558,3,,,0,50,,162560,3,,,0,10,,162559,3,,,0,10,,162561,3,,,0,10,,162564,3,,,0,10,,162563,3,,,0,10,,162562,3,,,0,50,,162565,3,,,0,10,,162571,3,,,0,10,,162568,3,,,0,10,,162567,3,,,0,10,,162570,3,,,0,10,,162569,3,,,0,49,,162566,3,,,0,12,,162572,3,,,0,14,,162573,3,,,0,14,,162575,3,,,0,15,,162574,3,,,0,56,,162576,3,,,0,14,,162604,3,,,0,18,,162577,3,,,0,60,,162579,3,,,0,20,,162605,3,,,0,20,,162580,3,,,0,60,,162581,3,,,0,20,,162578,3,,,0,20,,162610,3,,,0,60,,162583,3,,,0,20,,162582,3,,,0,20,,162611,3,,,0,63,,162584,3,,,0,30,,162585,3,,,0,70,,162586,3,,,0,30,,162587,3,,,0,70,,162588,3,,,0
13600,'Saturday',502,,162953,3,,,0,30,,162954,3,,,0,70,,162951,3,,,0,30,,162952,3,,,0,70,,162920,3,,,0,30,,162921,3,,,0,70,,162923,3,,,0,30,,162924,3,,,0,70,,162925,3,,,0,30,,162922,3,,,0,70,,162926,3,,,0,30,,162927,3,,,0,70,,162928,3,,,0,30,,162929,3,,,0,70,,162930,3,,,0,30,,162931,3,,,0,70,,162932,3,,,0,30,,162933,3,,,0,70,,162935,3,,,0,30,,162936,3,,,0,70,,162937,3,,,0,30,,162934,3,,,0,70,,162938,3,,,0,30,,162939,3,,,0,70,,162940,3,,,0,30,,162941,3,,,0,70,,162942,3,,,0,30,,162943,3,,,0,70,,162944,3,,,0,30,,162945,3,,,0,70,,162947,3,,,0,30,,162948,3,,,0,70,,162949,3,,,0,30,,162946,3,,,0,70,,162950,3,,,0,30,,162957,3,,,0,70,,162958,3,,,0,30,,162955,3,,,0,70,,162956,3,,,0
13600,'Sunday',502,,162959,3,,,0,30,,162960,3,,,0,70,,162961,3,,,0,30,,162962,3,,,0,70,,162963,3,,,0,30,,162964,3,,,0,70,,162965,3,,,0,30,,162966,3,,,0,70,,162967,3,,,0,30,,162969,3,,,0,70,,162971,3,,,0,30,,162972,3,,,0,70,,162968,3,,,0,30,,162973,3,,,0,70,,162970,3,,,0,30,,162974,3,,,0,70,,162975,3,,,0,30,,162976,3,,,0,70,,162978,3,,,0,30,,162979,3,,,0,70,,162977,3,,,0,30,,162981,3,,,0,70,,162982,3,,,0,30,,162980,3,,,0,70,,162983,3,,,0,30,,162984,3,,,0,70,,162985,3,,,0,30,,162986,3,,,0,70,,162987,3,,,0,30,,162989,3,,,0,70,,162990,3,,,0,30,,162991,3,,,0,70,,162988,3,,,0,30,,162992,3,,,0,70,,162996,3,,,0,30,,162993,3,,,0,70,,162994,3,,,0,30,,162997,3,,,0,70,,162995,3,,,0
13600,'Weekday',502,,163038,3,,,0,30,,163005,3,,,0,70,,162998,3,,,0,30,,162999,3,,,0,15,,163036,3,,,0,55,,163000,3,,,0,15,,163037,3,,,0,15,,163001,3,,,0,70,,163002,3,,,0,30,,163003,3,,,0,70,,163004,3,,,0,30,,163016,3,,,0,70,,163017,3,,,0,30,,163018,3,,,0,70,,163019,3,,,0,30,,163020,3,,,0,70,,163021,3,,,0,30,,163023,3,,,0,70,,163024,3,,,0,30,,163022,3,,,0,70,,163007,3,,,0,30,,163008,3,,,0,70,,163006,3,,,0,30,,163009,3,,,0,70,,163010,3,,,0,32,,163011,3,,,0,71,,163012,3,,,0,32,,163013,3,,,0,71,,163014,3,,,0,31,,163015,3,,,0,69,,163026,3,,,0,29,,163027,3,,,0,69,,163025,3,,,0,30,,163028,3,,,0,70,,163029,3,,,0,30,,163030,3,,,0,70,,163031,3,,,0,30,,163032,3,,,0,70,,163033,3,,,0,30,,163034,3,,,0,70,,163035,3,,,0
14500,'Saturday',506,,163420,3,,,0,29,,163423,3,,,0,24,,163424,3,,,0,60,,163463,3,,,0,20,,163425,3,,,0,20,,163426,3,,,0,60,,163464,3,,,0,20,,163427,3,,,0,20,,163430,3,,,0,61,,163465,3,,,0,21,,163431,3,,,0,60,,163428,3,,,0,20,,163462,3,,,0,20,,163432,3,,,0,60,,163433,3,,,0,20,,163466,3,,,0,20,,163434,3,,,0,60,,163435,3,,,0,21,,163467,3,,,0,20,,163429,3,,,0,60,,163436,3,,,0,20,,163437,3,,,0,20,,163468,3,,,0,60,,163438,3,,,0,20,,163469,3,,,0,20,,163439,3,,,0,60,,163440,3,,,0,20,,163470,3,,,0,21,,163441,3,,,0,61,,163442,3,,,0,20,,163443,3,,,0,21,,163471,3,,,0,61,,163445,3,,,0,20,,163446,3,,,0,21,,163472,3,,,0,61,,163447,3,,,0,20,,163444,3,,,0,21,,163473,3,,,0,61,,163449,3,,,0,20,,163450,3,,,0,20,,163474,3,,,0,60,,163451,3,,,0,21,,163452,3,,,0,20,,163475,3,,,0,61,,163453,3,,,0,20,,163448,3,,,0,20,,163476,3,,,0,60,,163455,3,,,0,20,,163456,3,,,0,20,,163477,3,,,0,60,,163454,3,,,0,20,,163458,3,,,0,20,,163478,3,,,0,60,,163459,3,,,0,20,,163460,3,,,0,70,,163457,3,,,0,30,,163461,3,,,0,70,,163421,3,,,0
14500,'Sunday',506,,163500,3,,,0,29,,163481,3,,,0,24,,163501,3,,,0,60,,163519,3,,,0,20,,163482,3,,,0,20,,163502,3,,,0,60,,163520,3,,,0,20,,163483,3,,,0,20,,163503,3,,,0,61,,163521,3,,,0,21,,163480,3,,,0,60,,163505,3,,,0,20,,163522,3,,,0,20,,163484,3,,,0,60,,163507,3,,,0,20,,163523,3,,,0,20,,163486,3,,,0,60,,163508,3,,,0,21,,163524,3,,,0,20,,163487,3,,,0,60,,163504,3,,,0,20,,163525,3,,,0,20,,163488,3,,,0,60,,163509,3,,,0,20,,163526,3,,,0,20,,163485,3,,,0,60,,163506,3,,,0,20,,163528,3,,,0,21,,163489,3,,,0,61,,163510,3,,,0,20,,163529,3,,,0,21,,163490,3,,,0,61,,163511,3,,,0,20,,163530,3,,,0,21,,163491,3,,,0,61,,163512,3,,,0,20,,163527,3,,,0,21,,163492,3,,,0,61,,163514,3,,,0,20,,163531,3,,,0,20,,163493,3,,,0,60,,163515,3,,,0,21,,163532,3,,,0,20,,163494,3,,,0,61,,163516,3,,,0,20,,163533,3,,,0,20,,163495,3,,,0,60,,163513,3,,,0,20,,163534,3,,,0,20,,163496,3,,,0,60,,163517,3,,,0,20,,163535,3,,,0,20,,163497,3,,,0,60,,163518,3,,,0,20,,163536,3,,,0,70,,163498,3,,,0,30,,163537,3,,,0,70,,163499,3,,,0
14500,'Weekday',438,,163539,3,,,0,15,,163538,3,,,0,54,,163540,3,,,0,14,,163541,3,,,0,14,,163543,3,,,0,14,,163542,3,,,0,54,,163544,3,,,0,21,,163546,3,,,0,9,,163547,3,,,0,10,,163548,3,,,0,10,,163549,3,,,0,50,,163625,3,,,0,10,,163551,3,,,0,10,,163553,3,,,0,10,,163550,3,,,0,10,,163552,3,,,0,10,,163554,3,,,0,50,,163555,3,,,0,10,,163556,3,,,0,10,,163559,3,,,0,10,,163557,3,,,0,10,,163558,3,,,0,10,,163560,3,,,0,50,,163615,3,,,0,10,,163561,3,,,0,10,,163621,3,,,0,10,,163563,3,,,0,10,,163620,3,,,0,10,,163564,3,,,0,50,,163622,3,,,0,15,,163566,3,,,0,20,,163562,3,,,0,20,,163567,3,,,0,60,,163568,3,,,0,20,,163569,3,,,0,20,,163616,3,,,0,62,,163565,3,,,0,20,,163572,3,,,0,60,,163617,3,,,0,20,,163570,3,,,0,20,,163573,3,,,0,60,,163574,3,,,0,20,,163571,3,,,0,16,,163578,3,,,0,10,,163577,3,,,0,10,,163575,3,,,0,50,,163579,3,,,0,10,,163576,3,,,0,10,,163581,3,,,0,10,,163580,3,,,0,10,,163582,3,,,0,10,,163583,3,,,0,50,,163584,3,,,0,10,,163585,3,,,0,10,,163586,3,,,0,10,,163588,3,,,0,10,,163589,3,,,0,10,,163590,3,,,0,50,,163591,3,,,0,10,,163587,3,,,0,10,,163594,3,,,0,10,,163593,3,,,0,10,,163592,3,,,0,10,,163595,3,,,0,51,,163597,3,,,0,13,,163596,3,,,0,14,,163598,3,,,0,15,,163600,3,,,0,56,,163599,3,,,0,14,,163602,3,,,0,15,,163619,3,,,0,20,,163603,3,,,0,60,,163604,3,,,0,20,,163618,3,,,0,20,,163601,3,,,0,60,,163605,3,,,0,20,,163623,3,,,0,20,,163606,3,,,0,60,,163608,3,,,0,20,,163609,3,,,0,20,,163624,3,,,0,68,,163610,3,,,0,30,,163612,3,,,0,70,,163607,3,,,0,30,,163613,3,,,0,70,,163614,3,,,0,30,,163611,3,,,0
15701,'Saturday',432,,164971,3,,,0,68,,164972,3,,,0,28,,164973,3,,,0,28,,164974,3,,,0,68,,164976,3,,,0,28,,164977,3,,,0,68,,164978,3,,,0,28,,164975,3,,,0,68,,164979,3,,,0,28,,164980,3,,,0,68,,164981,3,,,0,28,,164982,3,,,0,68,,164983,3,,,0,28,,164984,3,,,0,68,,164985,3,,,0,28,,164987,3,,,0,68,,164988,3,,,0,28,,164989,3,,,0,28,,164986,3,,,0,68,,164990,3,,,0,28,,164991,3,,,0,68,,164992,3,,,0,28,,164993,3,,,0,68,,164994,3,,,0,28,,164995,3,,,0,68,,164996,3,,,0,28,,164997,3,,,0,68,,164998,3,,,0,28,,164999,3,,,0,68,,165000,3,,,0,28,,165001,3,,,0,68,,165002,3,,,0,28,,165003,3,,,0,28,,165004,3,,,0,68,,165005,3,,,0,28,,165006,3,,,0,68,,165007,3,,,0,28,,165008,3,,,0,68,,165009,3,,,0,28,,165010,3,,,0,68,,165011,3,,,0,28,,165012,3,,,0,68,,164970,3,,,0
15701,'Sunday',432,,165013,3,,,0,68,,165042,3,,,0,28,,165028,3,,,0,28,,165014,3,,,0,68,,165043,3,,,0,28,,165029,3,,,0,68,,165015,3,,,0,28,,165044,3,,,0,68,,165030,3,,,0,28,,165016,3,,,0,68,,165045,3,,,0,28,,165032,3,,,0,68,,165017,3,,,0,28,,165046,3,,,0,68,,165031,3,,,0,28,,165018,3,,,0,68,,165048,3,,,0,28,,165033,3,,,0,28,,165019,3,,,0,68,,165047,3,,,0,28,,165034,3,,,0,68,,165020,3,,,0,28,,165049,3,,,0,68,,165035,3,,,0,28,,165021,3,,,0,68,,165050,3,,,0,28,,165036,3,,,0,68,,165022,3,,,0,28,,165051,3,,,0,68,,165037,3,,,0,28,,165023,3,,,0,68,,165052,3,,,0,28,,165038,3,,,0,28,,165024,3,,,0,68,,165053,3,,,0,28,,165039,3,,,0,68,,165025,3,,,0,28,,165054,3,,,0,68,,165040,3,,,0,28,,165026,3,,,0,68,,165055,3,,,0,28,,165041,3,,,0,68,,165027,3,,,0
15701,'Weekday',401,,165106,3,,,0,31,,165056,3,,,0,24,,165098,3,,,0,63,,165099,3,,,0,22,,165078,3,,,0,62,,165103,3,,,0,22,,165075,3,,,0,22,,165079,3,,,0,62,,165074,3,,,0,22,,165102,3,,,0,22,,165080,3,,,0,62,,165071,3,,,0,22,,165081,3,,,0,65,,165072,3,,,0,27,,165082,3,,,0,28,,165070,3,,,0,67,,165083,3,,,0,27,,165069,3,,,0,67,,165085,3,,,0,27,,165068,3,,,0,67,,165084,3,,,0,27,,165067,3,,,0,67,,165086,3,,,0,26,,165066,3,,,0,20,,165088,3,,,0,60,,165062,3,,,0,22,,165104,3,,,0,22,,165089,3,,,0,62,,165065,3,,,0,22,,165087,3,,,0,62,,165105,3,,,0,22,,165064,3,,,0,22,,165090,3,,,0,62,,165063,3,,,0,28,,165091,3,,,0,67,,165061,3,,,0,28,,165092,3,,,0,28,,165060,3,,,0,67,,165093,3,,,0,26,,165057,3,,,0,67,,165094,3,,,0,27,,165059,3,,,0,67,,165095,3,,,0,27,,165077,3,,,0,67,,165096,3,,,0,27,,165073,3,,,0,67,,165097,3,,,0,27,,165076,3,,,0,27,,165058,3,,,0,67,,165100,3,,,0,26,,165101,3,,,0
