5301,'Saturday',602,,94624,2,,,0,30,,94652,2,,,0,71,,94625,2,,,0,31,,94629,2,,,0,71,,94640,2,,,0,31,,94630,2,,,0,71,,94641,2,,,0,31,,94631,2,,,0,71,,94642,2,,,0,31,,94632,2,,,0,71,,94643,2,,,0,31,,94633,2,,,0,71,,94644,2,,,0,31,,94634,2,,,0,71,,94645,2,,,0,31,,94635,2,,,0,71,,94646,2,,,0,31,,94636,2,,,0,71,,94648,2,,,0,31,,94637,2,,,0,71,,94647,2,,,0,31,,94638,2,,,0,71,,94649,2,,,0,31,,94639,2,,,0,71,,94650,2,,,0,31,,94626,2,,,0,71,,94651,2,,,0,31,,94627,2,,,0,71,,94653,2,,,0,71,,94628,2,,,0,37,,94654,2,,,0
5301,'Sunday',602,,94655,2,,,0,30,,94671,2,,,0,71,,94656,2,,,0,31,,94672,2,,,0,71,,94657,2,,,0,31,,94673,2,,,0,71,,94658,2,,,0,31,,94674,2,,,0,71,,94659,2,,,0,31,,94675,2,,,0,71,,94660,2,,,0,31,,94677,2,,,0,71,,94661,2,,,0,31,,94676,2,,,0,71,,94662,2,,,0,31,,94678,2,,,0,71,,94663,2,,,0,31,,94679,2,,,0,71,,94664,2,,,0,31,,94680,2,,,0,71,,94665,2,,,0,31,,94681,2,,,0,71,,94666,2,,,0,31,,94682,2,,,0,71,,94667,2,,,0,31,,94683,2,,,0,71,,94669,2,,,0,31,,94684,2,,,0,71,,94668,2,,,0,71,,94685,2,,,0,37,,94670,2,,,0
5301,'Weekday',545,,94702,2,,,0,76,,94686,2,,,0,36,,94703,2,,,0,76,,94687,2,,,0,76,,94704,2,,,0,36,,94688,2,,,0,76,,94706,2,,,0,36,,94689,2,,,0,76,,94707,2,,,0,76,,94690,2,,,0,36,,94708,2,,,0,76,,94691,2,,,0,36,,94705,2,,,0,76,,94692,2,,,0,76,,94709,2,,,0,36,,94693,2,,,0,76,,94710,2,,,0,36,,94694,2,,,0,76,,94711,2,,,0,76,,94695,2,,,0,36,,94712,2,,,0,76,,94696,2,,,0,36,,94713,2,,,0,76,,94697,2,,,0,76,,94714,2,,,0,36,,94698,2,,,0,76,,94715,2,,,0,36,,94699,2,,,0,76,,94716,2,,,0,76,,94700,2,,,0,36,,94717,2,,,0,76,,94701,2,,,0,36,,94718,2,,,0
5301,'STMPSa-Saturday',602,,94719,2,,,0,30,,94747,2,,,0,71,,94720,2,,,0,31,,94724,2,,,0,71,,94735,2,,,0,31,,94725,2,,,0,71,,94736,2,,,0,31,,94726,2,,,0,71,,94737,2,,,0,31,,94727,2,,,0,71,,94738,2,,,0,31,,94728,2,,,0,71,,94739,2,,,0,31,,94729,2,,,0,71,,94740,2,,,0,31,,94730,2,,,0,71,,94741,2,,,0,31,,94731,2,,,0,71,,94743,2,,,0,31,,94732,2,,,0,71,,94742,2,,,0,31,,94733,2,,,0,71,,94744,2,,,0,31,,94734,2,,,0,71,,94745,2,,,0,31,,94721,2,,,0,71,,94746,2,,,0,31,,94722,2,,,0,71,,94748,2,,,0,71,,94723,2,,,0,37,,94749,2,,,0
5301,'STMPSnea-Weekday',545,,94766,2,,,0,76,,94750,2,,,0,36,,94767,2,,,0,76,,94751,2,,,0,76,,94768,2,,,0,36,,94752,2,,,0,76,,94770,2,,,0,36,,94753,2,,,0,76,,94771,2,,,0,76,,94754,2,,,0,36,,94772,2,,,0,76,,94755,2,,,0,36,,94769,2,,,0,76,,94756,2,,,0,76,,94773,2,,,0,36,,94757,2,,,0,76,,94774,2,,,0,36,,94758,2,,,0,76,,94775,2,,,0,76,,94759,2,,,0,36,,94776,2,,,0,76,,94760,2,,,0,36,,94777,2,,,0,76,,94761,2,,,0,76,,94778,2,,,0,36,,94762,2,,,0,76,,94779,2,,,0,36,,94763,2,,,0,76,,94780,2,,,0,76,,94764,2,,,0,36,,94781,2,,,0,76,,94765,2,,,0,36,,94782,2,,,0
5301,'STMPSu1-Sunday',602,,94783,2,,,0,30,,94799,2,,,0,71,,94784,2,,,0,31,,94800,2,,,0,71,,94785,2,,,0,31,,94801,2,,,0,71,,94786,2,,,0,31,,94802,2,,,0,71,,94787,2,,,0,31,,94803,2,,,0,71,,94788,2,,,0,31,,94805,2,,,0,71,,94789,2,,,0,31,,94804,2,,,0,71,,94790,2,,,0,31,,94806,2,,,0,71,,94791,2,,,0,31,,94807,2,,,0,71,,94792,2,,,0,31,,94808,2,,,0,71,,94793,2,,,0,31,,94809,2,,,0,71,,94794,2,,,0,31,,94810,2,,,0,71,,94795,2,,,0,31,,94811,2,,,0,71,,94797,2,,,0,31,,94812,2,,,0,71,,94796,2,,,0,71,,94813,2,,,0,37,,94798,2,,,0
5301,'STMPSu2-Sunday',602,,94814,2,,,0,30,,94830,2,,,0,71,,94815,2,,,0,31,,94831,2,,,0,71,,94816,2,,,0,31,,94832,2,,,0,71,,94817,2,,,0,31,,94833,2,,,0,71,,94818,2,,,0,31,,94834,2,,,0,71,,94819,2,,,0,31,,94836,2,,,0,71,,94820,2,,,0,31,,94835,2,,,0,71,,94821,2,,,0,31,,94837,2,,,0,71,,94822,2,,,0,31,,94838,2,,,0,71,,94823,2,,,0,31,,94839,2,,,0,71,,94824,2,,,0,31,,94840,2,,,0,71,,94825,2,,,0,31,,94841,2,,,0,71,,94826,2,,,0,31,,94842,2,,,0,71,,94828,2,,,0,31,,94843,2,,,0,71,,94827,2,,,0,71,,94844,2,,,0,37,,94829,2,,,0
5301,'STMPWeek-Weekday',545,,94861,2,,,0,76,,94845,2,,,0,36,,94862,2,,,0,76,,94846,2,,,0,76,,94863,2,,,0,36,,94847,2,,,0,76,,94865,2,,,0,36,,94848,2,,,0,76,,94866,2,,,0,76,,94849,2,,,0,36,,94867,2,,,0,76,,94850,2,,,0,36,,94864,2,,,0,76,,94851,2,,,0,76,,94868,2,,,0,36,,94852,2,,,0,76,,94869,2,,,0,36,,94853,2,,,0,76,,94870,2,,,0,76,,94854,2,,,0,36,,94871,2,,,0,76,,94855,2,,,0,36,,94872,2,,,0,76,,94856,2,,,0,76,,94873,2,,,0,36,,94857,2,,,0,76,,94874,2,,,0,36,,94858,2,,,0,76,,94875,2,,,0,76,,94859,2,,,0,36,,94876,2,,,0,76,,94860,2,,,0,36,,94877,2,,,0
5301,'STMPar-Weekday',545,,94894,2,,,0,76,,94878,2,,,0,36,,94896,2,,,0,76,,94879,2,,,0,76,,94897,2,,,0,36,,94880,2,,,0,76,,94895,2,,,0,36,,94881,2,,,0,76,,94899,2,,,0,76,,94882,2,,,0,36,,94900,2,,,0,76,,94883,2,,,0,36,,94898,2,,,0,76,,94884,2,,,0,76,,94901,2,,,0,36,,94885,2,,,0,76,,94902,2,,,0,36,,94886,2,,,0,76,,94903,2,,,0,76,,94887,2,,,0,36,,94904,2,,,0,76,,94888,2,,,0,36,,94905,2,,,0,76,,94889,2,,,0,76,,94906,2,,,0,36,,94890,2,,,0,76,,94907,2,,,0,36,,94891,2,,,0,76,,94908,2,,,0,76,,94892,2,,,0,36,,94909,2,,,0,76,,94893,2,,,0,36,,94910,2,,,0
6500,'Saturday',628,,98902,27,,,0,80,,98915,27,,,0,40,,98903,27,,,0,80,,98916,27,,,0,80,,98904,27,,,0,40,,98917,27,,,0,81,,98905,27,,,0,80,,98918,27,,,0,40,,98906,27,,,0,80,,98919,27,,,0,80,,98907,27,,,0,40,,98920,27,,,0,80,,98908,27,,,0,80,,98921,27,,,0,40,,98909,27,,,0,80,,98924,27,,,0,80,,98910,27,,,0,40,,98923,27,,,0,80,,98911,27,,,0,80,,98922,27,,,0,40,,98913,27,,,0,80,,98925,27,,,0,80,,98912,27,,,0,39,,98926,27,,,0,80,,98914,27,,,0,80,,98927,27,,,0
6500,'Sunday',628,,98928,27,,,0,80,,98941,27,,,0,40,,98929,27,,,0,80,,98944,27,,,0,80,,98930,27,,,0,40,,98942,27,,,0,81,,98931,27,,,0,80,,98943,27,,,0,40,,98933,27,,,0,80,,98946,27,,,0,80,,98932,27,,,0,40,,98947,27,,,0,80,,98935,27,,,0,80,,98945,27,,,0,40,,98936,27,,,0,80,,98948,27,,,0,80,,98934,27,,,0,40,,98949,27,,,0,80,,98937,27,,,0,80,,98950,27,,,0,40,,98939,27,,,0,80,,98951,27,,,0,80,,98938,27,,,0,39,,98952,27,,,0,80,,98940,27,,,0,80,,98953,27,,,0
6500,'Weekday',534,,98965,27,,,0,83,,98978,27,,,0,23,,98954,27,,,0,67,,98966,27,,,0,24,,98956,27,,,0,24,,98979,27,,,0,64,,98955,27,,,0,24,,98967,27,,,0,81,,98980,27,,,0,84,,98968,27,,,0,43,,98981,27,,,0,83,,98969,27,,,0,83,,98982,27,,,0,83,,98970,27,,,0,26,,98961,27,,,0,17,,98984,27,,,0,69,,98957,27,,,0,21,,98971,27,,,0,23,,98962,27,,,0,63,,98983,27,,,0,24,,98958,27,,,0,63,,98972,27,,,0,24,,98963,27,,,0,24,,98985,27,,,0,64,,98959,27,,,0,24,,98973,27,,,0,65,,98964,27,,,0,27,,98986,27,,,0,18,,98960,27,,,0,64,,98974,27,,,0,43,,98987,27,,,0,83,,98975,27,,,0,83,,98988,27,,,0,84,,98976,27,,,0,41,,98989,27,,,0,83,,98977,27,,,0,83,,98990,27,,,0
6500,'STMPSa-Saturday',628,,98991,27,,,0,80,,99004,27,,,0,40,,98992,27,,,0,80,,99005,27,,,0,80,,98993,27,,,0,40,,99006,27,,,0,81,,98994,27,,,0,80,,99007,27,,,0,40,,98995,27,,,0,80,,99008,27,,,0,80,,98996,27,,,0,40,,99009,27,,,0,80,,98997,27,,,0,80,,99010,27,,,0,40,,98998,27,,,0,80,,99013,27,,,0,80,,98999,27,,,0,40,,99012,27,,,0,80,,99000,27,,,0,80,,99011,27,,,0,40,,99002,27,,,0,80,,99014,27,,,0,80,,99001,27,,,0,39,,99015,27,,,0,80,,99003,27,,,0,80,,99016,27,,,0
6500,'STMPSnea-Weekday',534,,99028,27,,,0,83,,99041,27,,,0,23,,99017,27,,,0,67,,99029,27,,,0,24,,99019,27,,,0,24,,99042,27,,,0,64,,99018,27,,,0,24,,99030,27,,,0,81,,99043,27,,,0,84,,99031,27,,,0,43,,99044,27,,,0,83,,99032,27,,,0,83,,99045,27,,,0,83,,99033,27,,,0,26,,99024,27,,,0,17,,99047,27,,,0,69,,99020,27,,,0,21,,99034,27,,,0,23,,99025,27,,,0,63,,99046,27,,,0,24,,99021,27,,,0,63,,99035,27,,,0,24,,99026,27,,,0,24,,99048,27,,,0,64,,99022,27,,,0,24,,99036,27,,,0,65,,99027,27,,,0,27,,99049,27,,,0,18,,99023,27,,,0,64,,99037,27,,,0,43,,99050,27,,,0,83,,99038,27,,,0,83,,99051,27,,,0,84,,99039,27,,,0,41,,99052,27,,,0,83,,99040,27,,,0,83,,99053,27,,,0
6500,'STMPSu1-Sunday',628,,99054,27,,,0,80,,99067,27,,,0,40,,99055,27,,,0,80,,99070,27,,,0,80,,99056,27,,,0,40,,99068,27,,,0,81,,99057,27,,,0,80,,99069,27,,,0,40,,99059,27,,,0,80,,99072,27,,,0,80,,99058,27,,,0,40,,99073,27,,,0,80,,99061,27,,,0,80,,99071,27,,,0,40,,99062,27,,,0,80,,99074,27,,,0,80,,99060,27,,,0,40,,99075,27,,,0,80,,99063,27,,,0,80,,99076,27,,,0,40,,99065,27,,,0,80,,99077,27,,,0,80,,99064,27,,,0,39,,99078,27,,,0,80,,99066,27,,,0,80,,99079,27,,,0
6500,'STMPSu2-Sunday',628,,99080,27,,,0,80,,99093,27,,,0,40,,99081,27,,,0,80,,99096,27,,,0,80,,99082,27,,,0,40,,99094,27,,,0,81,,99083,27,,,0,80,,99095,27,,,0,40,,99085,27,,,0,80,,99098,27,,,0,80,,99084,27,,,0,40,,99099,27,,,0,80,,99087,27,,,0,80,,99097,27,,,0,40,,99088,27,,,0,80,,99100,27,,,0,80,,99086,27,,,0,40,,99101,27,,,0,80,,99089,27,,,0,80,,99102,27,,,0,40,,99091,27,,,0,80,,99103,27,,,0,80,,99090,27,,,0,39,,99104,27,,,0,80,,99092,27,,,0,80,,99105,27,,,0
6500,'STMPWeek-Weekday',534,,99117,27,,,0,83,,99130,27,,,0,23,,99106,27,,,0,67,,99118,27,,,0,24,,99108,27,,,0,24,,99131,27,,,0,64,,99107,27,,,0,24,,99119,27,,,0,81,,99132,27,,,0,84,,99120,27,,,0,43,,99133,27,,,0,83,,99121,27,,,0,83,,99134,27,,,0,83,,99122,27,,,0,26,,99113,27,,,0,17,,99136,27,,,0,69,,99109,27,,,0,21,,99123,27,,,0,23,,99114,27,,,0,63,,99135,27,,,0,24,,99110,27,,,0,63,,99124,27,,,0,24,,99115,27,,,0,24,,99137,27,,,0,64,,99111,27,,,0,24,,99125,27,,,0,65,,99116,27,,,0,27,,99138,27,,,0,18,,99112,27,,,0,64,,99126,27,,,0,43,,99139,27,,,0,83,,99127,27,,,0,83,,99140,27,,,0,84,,99128,27,,,0,41,,99141,27,,,0,83,,99129,27,,,0,83,,99142,27,,,0
6500,'STMPar-Weekday',534,,99154,27,,,0,83,,99167,27,,,0,23,,99143,27,,,0,67,,99155,27,,,0,24,,99145,27,,,0,24,,99168,27,,,0,64,,99144,27,,,0,24,,99156,27,,,0,81,,99169,27,,,0,84,,99157,27,,,0,43,,99171,27,,,0,83,,99158,27,,,0,83,,99172,27,,,0,83,,99159,27,,,0,26,,99150,27,,,0,17,,99173,27,,,0,69,,99146,27,,,0,21,,99160,27,,,0,23,,99151,27,,,0,63,,99170,27,,,0,24,,99147,27,,,0,63,,99161,27,,,0,24,,99152,27,,,0,24,,99174,27,,,0,64,,99148,27,,,0,24,,99162,27,,,0,65,,99153,27,,,0,27,,99175,27,,,0,18,,99149,27,,,0,64,,99163,27,,,0,43,,99176,27,,,0,83,,99164,27,,,0,83,,99177,27,,,0,84,,99165,27,,,0,41,,99178,27,,,0,83,,99166,27,,,0,83,,99179,27,,,0
