10900,'Weekday',1605,,117622,1,,,0,35,,117623,1,,,0
10900,'STMPSnea-Weekday',1605,,117624,1,,,0,35,,117625,1,,,0
10900,'STMPWeek-Weekday',1605,,117626,1,,,0,35,,117627,1,,,0
10900,'STMPar-Weekday',1605,,117628,1,,,0,35,,117629,1,,,0
11600,'Weekday',1600,,119242,1,,,0,20,,119243,1,,,0,20,,119244,1,,,0,70,,119245,1,,,0
11600,'STMPSnea-Weekday',1600,,119246,1,,,0,20,,119247,1,,,0,20,,119248,1,,,0,70,,119249,1,,,0
11600,'STMPWeek-Weekday',1600,,119250,1,,,0,20,,119251,1,,,0,20,,119252,1,,,0,70,,119253,1,,,0
11600,'STMPar-Weekday',1600,,119254,1,,,0,20,,119255,1,,,0,20,,119256,1,,,0,70,,119257,1,,,0
14200,'Weekday',1610,,126065,1,,,0,25,,126067,1,,,0,75,,126066,1,,,0
14200,'STMPSnea-Weekday',1610,,126068,1,,,0,25,,126070,1,,,0,75,,126069,1,,,0
14200,'STMPWeek-Weekday',1610,,126071,1,,,0,25,,126073,1,,,0,75,,126072,1,,,0
14200,'STMPar-Weekday',1610,,126074,1,,,0,25,,126076,1,,,0,75,,126075,1,,,0
