1001,'Saturday',1008,,76703,43,,,0,31,,76714,43,,,0,70,,76694,43,,,0,30,,76704,43,,,0,70,,76715,43,,,0,30,,76695,43,,,0,70,,76705,43,,,0,30,,76716,43,,,0,70,,76696,43,,,0,30,,76706,43,,,0,70,,76717,43,,,0,30,,76697,43,,,0,70,,76708,43,,,0,30,,76718,43,,,0,70,,76698,43,,,0,30,,76707,43,,,0,69,,76719,43,,,0,30,,76699,43,,,0,69,,76709,43,,,0,30,,76720,43,,,0,70,,76701,43,,,0,30,,76710,43,,,0,70,,76721,43,,,0,30,,76700,43,,,0,70,,76712,43,,,0,30,,76713,43,,,0,70,,76702,43,,,0,30,,76711,43,,,0
1001,'Sunday',1008,,76724,43,,,0,31,,76733,43,,,0,70,,76742,43,,,0,30,,76725,43,,,0,70,,76736,43,,,0,30,,76741,43,,,0,70,,76726,43,,,0,30,,76735,43,,,0,70,,76744,43,,,0,30,,76727,43,,,0,70,,76738,43,,,0,30,,76745,43,,,0,70,,76728,43,,,0,30,,76737,43,,,0,70,,76743,43,,,0,30,,76730,43,,,0,69,,76739,43,,,0,30,,76746,43,,,0,69,,76729,43,,,0,30,,76740,43,,,0,70,,76747,43,,,0,30,,76731,43,,,0,70,,76722,43,,,0,30,,76748,43,,,0,70,,76734,43,,,0,30,,76723,43,,,0,70,,76749,43,,,0,30,,76732,43,,,0
1001,'Weekday',705,,76750,43,,,0,39,,76752,43,,,0,73,,76753,43,,,0,33,,76754,43,,,0,74,,76755,43,,,0,34,,76756,43,,,0,73,,76757,43,,,0,73,,76758,43,,,0,33,,76759,43,,,0,73,,76760,43,,,0,33,,76761,43,,,0,73,,76762,43,,,0,33,,76763,43,,,0,73,,76764,43,,,0,33,,76765,43,,,0,73,,76766,43,,,0,75,,76767,43,,,0,33,,76768,43,,,0,73,,76769,43,,,0,32,,76770,43,,,0,73,,76771,43,,,0,32,,76772,43,,,0,73,,76773,43,,,0,33,,76774,43,,,0,71,,76775,43,,,0,31,,76776,43,,,0,73,,76777,43,,,0,73,,76778,43,,,0,33,,76779,43,,,0,73,,76780,43,,,0,33,,76781,43,,,0,81,,76751,43,,,0
1001,'STMPSa-Saturday',1008,,76791,43,,,0,31,,76802,43,,,0,70,,76782,43,,,0,30,,76792,43,,,0,70,,76803,43,,,0,30,,76783,43,,,0,70,,76793,43,,,0,30,,76804,43,,,0,70,,76784,43,,,0,30,,76794,43,,,0,70,,76805,43,,,0,30,,76785,43,,,0,70,,76796,43,,,0,30,,76806,43,,,0,70,,76786,43,,,0,30,,76795,43,,,0,69,,76807,43,,,0,30,,76787,43,,,0,69,,76797,43,,,0,30,,76808,43,,,0,70,,76789,43,,,0,30,,76798,43,,,0,70,,76809,43,,,0,30,,76788,43,,,0,70,,76800,43,,,0,30,,76801,43,,,0,70,,76790,43,,,0,30,,76799,43,,,0
1001,'STMPSnea-Weekday',705,,76810,43,,,0,39,,76812,43,,,0,73,,76813,43,,,0,33,,76814,43,,,0,74,,76815,43,,,0,34,,76816,43,,,0,73,,76817,43,,,0,73,,76818,43,,,0,33,,76819,43,,,0,73,,76820,43,,,0,33,,76821,43,,,0,73,,76822,43,,,0,33,,76823,43,,,0,73,,76824,43,,,0,33,,76825,43,,,0,73,,76826,43,,,0,75,,76827,43,,,0,33,,76828,43,,,0,73,,76829,43,,,0,32,,76830,43,,,0,73,,76831,43,,,0,32,,76832,43,,,0,73,,76833,43,,,0,33,,76834,43,,,0,71,,76835,43,,,0,31,,76836,43,,,0,73,,76837,43,,,0,73,,76838,43,,,0,33,,76839,43,,,0,73,,76840,43,,,0,33,,76841,43,,,0,81,,76811,43,,,0
1001,'STMPSu1-Sunday',1008,,76844,43,,,0,31,,76853,43,,,0,70,,76862,43,,,0,30,,76845,43,,,0,70,,76856,43,,,0,30,,76861,43,,,0,70,,76846,43,,,0,30,,76855,43,,,0,70,,76864,43,,,0,30,,76847,43,,,0,70,,76858,43,,,0,30,,76865,43,,,0,70,,76848,43,,,0,30,,76857,43,,,0,70,,76863,43,,,0,30,,76850,43,,,0,69,,76859,43,,,0,30,,76866,43,,,0,69,,76849,43,,,0,30,,76860,43,,,0,70,,76867,43,,,0,30,,76851,43,,,0,70,,76842,43,,,0,30,,76868,43,,,0,70,,76854,43,,,0,30,,76843,43,,,0,70,,76869,43,,,0,30,,76852,43,,,0
1001,'STMPSu2-Sunday',1008,,76872,43,,,0,31,,76881,43,,,0,70,,76890,43,,,0,30,,76873,43,,,0,70,,76884,43,,,0,30,,76889,43,,,0,70,,76874,43,,,0,30,,76883,43,,,0,70,,76892,43,,,0,30,,76875,43,,,0,70,,76886,43,,,0,30,,76893,43,,,0,70,,76876,43,,,0,30,,76885,43,,,0,70,,76891,43,,,0,30,,76878,43,,,0,69,,76887,43,,,0,30,,76894,43,,,0,69,,76877,43,,,0,30,,76888,43,,,0,70,,76895,43,,,0,30,,76879,43,,,0,70,,76870,43,,,0,30,,76896,43,,,0,70,,76882,43,,,0,30,,76871,43,,,0,70,,76897,43,,,0,30,,76880,43,,,0
1001,'STMPWeek-Weekday',705,,76898,43,,,0,39,,76900,43,,,0,73,,76901,43,,,0,33,,76902,43,,,0,74,,76903,43,,,0,34,,76904,43,,,0,73,,76905,43,,,0,73,,76906,43,,,0,33,,76907,43,,,0,73,,76908,43,,,0,33,,76909,43,,,0,73,,76910,43,,,0,33,,76911,43,,,0,73,,76912,43,,,0,33,,76913,43,,,0,73,,76914,43,,,0,75,,76915,43,,,0,33,,76916,43,,,0,73,,76917,43,,,0,32,,76918,43,,,0,73,,76919,43,,,0,32,,76920,43,,,0,73,,76921,43,,,0,33,,76922,43,,,0,71,,76923,43,,,0,31,,76924,43,,,0,73,,76925,43,,,0,73,,76926,43,,,0,33,,76927,43,,,0,73,,76928,43,,,0,33,,76929,43,,,0,81,,76899,43,,,0
1001,'STMPar-Weekday',705,,76930,43,,,0,39,,76932,43,,,0,73,,76933,43,,,0,33,,76934,43,,,0,74,,76935,43,,,0,34,,76936,43,,,0,73,,76937,43,,,0,73,,76938,43,,,0,33,,76939,43,,,0,73,,76940,43,,,0,33,,76941,43,,,0,73,,76942,43,,,0,33,,76943,43,,,0,73,,76944,43,,,0,33,,76945,43,,,0,73,,76946,43,,,0,75,,76947,43,,,0,33,,76948,43,,,0,73,,76949,43,,,0,32,,76950,43,,,0,73,,76951,43,,,0,32,,76952,43,,,0,73,,76953,43,,,0,33,,76954,43,,,0,71,,76955,43,,,0,31,,76956,43,,,0,73,,76957,43,,,0,73,,76958,43,,,0,33,,76959,43,,,0,73,,76960,43,,,0,33,,76961,43,,,0,81,,76931,43,,,0
2901,'Saturday',709,,85270,53,,,0,47,,85271,53,,,0,87,,85272,53,,,0,87,,85273,53,,,0,87,,85274,53,,,0,87,,85275,53,,,0,47,,85276,53,,,0,87,,85277,53,,,0,87,,85278,53,,,0,87,,85279,53,,,0,47,,85282,53,,,0,87,,85283,53,,,0,87,,85284,53,,,0,87,,85280,53,,,0,87,,85281,53,,,0,47,,85285,53,,,0,87,,85286,53,,,0,87,,85287,53,,,0,87,,85288,53,,,0,87,,85289,53,,,0,47,,85290,53,,,0,87,,85291,53,,,0
2901,'Sunday',709,,85293,53,,,0,47,,85294,53,,,0,87,,85296,53,,,0,87,,85292,53,,,0,87,,85298,53,,,0,87,,85299,53,,,0,47,,85297,53,,,0,87,,85300,53,,,0,87,,85295,53,,,0,87,,85302,53,,,0,47,,85304,53,,,0,87,,85305,53,,,0,87,,85303,53,,,0,87,,85307,53,,,0,87,,85301,53,,,0,47,,85306,53,,,0,87,,85308,53,,,0,87,,85309,53,,,0,87,,85310,53,,,0,87,,85311,53,,,0,47,,85312,53,,,0,87,,85313,53,,,0
2901,'Weekday',514,,85315,43,,,0,39,,85337,53,,,0,78,,85336,53,,,0,77,,85339,53,,,0,35,,85338,53,,,0,75,,85341,53,,,0,35,,85342,53,,,0,74,,85340,53,,,0,74,,85318,53,,,0,35,,85316,53,,,0,75,,85332,53,,,0,35,,85333,53,,,0,75,,85334,53,,,0,35,,85331,53,,,0,77,,85335,53,,,0,76,,85321,53,,,0,35,,85326,53,,,0,75,,85320,53,,,0,35,,85324,53,,,0,75,,85314,53,,,0,75,,85343,53,,,0,35,,85344,53,,,0,75,,85345,53,,,0,34,,85346,53,,,0,73,,85317,53,,,0,34,,85328,53,,,0,75,,85329,53,,,0,75,,85330,53,,,0,35,,85323,53,,,0,75,,85319,53,,,0,33,,85322,53,,,0,75,,85327,53,,,0,35,,85325,53,,,0
2901,'STMPSa-Saturday',709,,85348,53,,,0,47,,85349,53,,,0,87,,85347,53,,,0,87,,85350,53,,,0,87,,85351,53,,,0,87,,85352,53,,,0,47,,85353,53,,,0,87,,85354,53,,,0,87,,85355,53,,,0,87,,85356,53,,,0,47,,85359,53,,,0,87,,85360,53,,,0,87,,85361,53,,,0,87,,85357,53,,,0,87,,85358,53,,,0,47,,85363,53,,,0,87,,85364,53,,,0,87,,85365,53,,,0,87,,85362,53,,,0,87,,85366,53,,,0,47,,85367,53,,,0,87,,85368,53,,,0
2901,'STMPSnea-Weekday',514,,85370,43,,,0,39,,85392,53,,,0,78,,85391,53,,,0,77,,85394,53,,,0,35,,85393,53,,,0,75,,85396,53,,,0,35,,85397,53,,,0,74,,85395,53,,,0,74,,85373,53,,,0,35,,85371,53,,,0,75,,85387,53,,,0,35,,85388,53,,,0,75,,85389,53,,,0,35,,85386,53,,,0,77,,85390,53,,,0,76,,85376,53,,,0,35,,85381,53,,,0,75,,85375,53,,,0,35,,85379,53,,,0,75,,85369,53,,,0,75,,85398,53,,,0,35,,85399,53,,,0,75,,85400,53,,,0,34,,85401,53,,,0,73,,85372,53,,,0,34,,85383,53,,,0,75,,85384,53,,,0,75,,85385,53,,,0,35,,85378,53,,,0,75,,85374,53,,,0,33,,85377,53,,,0,75,,85382,53,,,0,35,,85380,53,,,0
2901,'STMPSu1-Sunday',709,,85403,53,,,0,47,,85404,53,,,0,87,,85406,53,,,0,87,,85402,53,,,0,87,,85408,53,,,0,87,,85409,53,,,0,47,,85407,53,,,0,87,,85410,53,,,0,87,,85405,53,,,0,87,,85412,53,,,0,47,,85414,53,,,0,87,,85415,53,,,0,87,,85413,53,,,0,87,,85417,53,,,0,87,,85411,53,,,0,47,,85416,53,,,0,87,,85418,53,,,0,87,,85419,53,,,0,87,,85420,53,,,0,87,,85421,53,,,0,47,,85422,53,,,0,87,,85423,53,,,0
2901,'STMPSu2-Sunday',709,,85425,53,,,0,47,,85426,53,,,0,87,,85428,53,,,0,87,,85424,53,,,0,87,,85430,53,,,0,87,,85431,53,,,0,47,,85429,53,,,0,87,,85432,53,,,0,87,,85427,53,,,0,87,,85434,53,,,0,47,,85436,53,,,0,87,,85437,53,,,0,87,,85435,53,,,0,87,,85439,53,,,0,87,,85433,53,,,0,47,,85438,53,,,0,87,,85440,53,,,0,87,,85441,53,,,0,87,,85442,53,,,0,87,,85443,53,,,0,47,,85444,53,,,0,87,,85445,53,,,0
2901,'STMPWeek-Weekday',514,,85447,43,,,0,39,,85469,53,,,0,78,,85468,53,,,0,77,,85471,53,,,0,35,,85470,53,,,0,75,,85473,53,,,0,35,,85474,53,,,0,74,,85472,53,,,0,74,,85450,53,,,0,35,,85448,53,,,0,75,,85464,53,,,0,35,,85465,53,,,0,75,,85466,53,,,0,35,,85463,53,,,0,77,,85467,53,,,0,76,,85453,53,,,0,35,,85458,53,,,0,75,,85452,53,,,0,35,,85456,53,,,0,75,,85446,53,,,0,75,,85475,53,,,0,35,,85476,53,,,0,75,,85477,53,,,0,34,,85478,53,,,0,73,,85449,53,,,0,34,,85460,53,,,0,75,,85461,53,,,0,75,,85462,53,,,0,35,,85455,53,,,0,75,,85451,53,,,0,33,,85454,53,,,0,75,,85459,53,,,0,35,,85457,53,,,0
2901,'STMPar-Weekday',514,,85480,43,,,0,39,,85502,53,,,0,78,,85501,53,,,0,77,,85504,53,,,0,35,,85503,53,,,0,75,,85506,53,,,0,35,,85507,53,,,0,74,,85505,53,,,0,74,,85483,53,,,0,35,,85481,53,,,0,75,,85497,53,,,0,35,,85498,53,,,0,75,,85499,53,,,0,35,,85496,53,,,0,77,,85500,53,,,0,76,,85486,53,,,0,35,,85491,53,,,0,75,,85485,53,,,0,35,,85489,53,,,0,75,,85479,53,,,0,75,,85508,53,,,0,35,,85509,53,,,0,75,,85510,53,,,0,34,,85511,53,,,0,73,,85482,53,,,0,34,,85493,53,,,0,75,,85494,53,,,0,75,,85495,53,,,0,35,,85488,53,,,0,75,,85484,53,,,0,33,,85487,53,,,0,75,,85492,53,,,0,35,,85490,53,,,0
3500,'Saturday',655,,87082,37,,,0,100,,87096,37,,,0,100,,87095,37,,,0,100,,87093,37,,,0,100,,87094,37,,,0,100,,87092,37,,,0,100,,87091,37,,,0,100,,87090,37,,,0,100,,87089,37,,,0,100,,87088,37,,,0,100,,87087,37,,,0,100,,87086,37,,,0,100,,87085,37,,,0,100,,87084,37,,,0,100,,87083,37,,,0
3500,'Sunday',755,,87109,37,,,0,100,,87108,37,,,0,100,,87107,37,,,0,100,,87106,37,,,0,100,,87105,37,,,0,100,,87104,37,,,0,100,,87103,37,,,0,100,,87102,37,,,0,100,,87101,37,,,0,100,,87100,37,,,0,100,,87099,37,,,0,100,,87097,37,,,0,100,,87098,37,,,0
3500,'Weekday',618,,87110,37,,,0,31,,87130,37,,,0,70,,87111,37,,,0,30,,87131,37,,,0,67,,87112,37,,,0,30,,87129,37,,,0,73,,87113,37,,,0,101,,87114,37,,,0,100,,87115,37,,,0,100,,87116,37,,,0,100,,87117,37,,,0,100,,87118,37,,,0,100,,87119,37,,,0,30,,87132,37,,,0,70,,87120,37,,,0,30,,87133,37,,,0,70,,87121,37,,,0,30,,87134,37,,,0,70,,87123,37,,,0,99,,87124,37,,,0,99,,87125,37,,,0,100,,87126,37,,,0,100,,87127,37,,,0,100,,87128,37,,,0,100,,87122,37,,,0
3500,'STMPSa-Saturday',655,,87135,37,,,0,100,,87149,37,,,0,100,,87148,37,,,0,100,,87146,37,,,0,100,,87147,37,,,0,100,,87145,37,,,0,100,,87144,37,,,0,100,,87143,37,,,0,100,,87142,37,,,0,100,,87141,37,,,0,100,,87140,37,,,0,100,,87139,37,,,0,100,,87138,37,,,0,100,,87137,37,,,0,100,,87136,37,,,0
3500,'STMPSnea-Weekday',618,,87150,37,,,0,31,,87170,37,,,0,70,,87151,37,,,0,30,,87171,37,,,0,67,,87152,37,,,0,30,,87169,37,,,0,73,,87153,37,,,0,101,,87154,37,,,0,100,,87155,37,,,0,100,,87156,37,,,0,100,,87157,37,,,0,100,,87158,37,,,0,100,,87159,37,,,0,30,,87172,37,,,0,70,,87160,37,,,0,30,,87173,37,,,0,70,,87161,37,,,0,30,,87174,37,,,0,70,,87163,37,,,0,99,,87164,37,,,0,99,,87165,37,,,0,100,,87166,37,,,0,100,,87167,37,,,0,100,,87168,37,,,0,100,,87162,37,,,0
3500,'STMPSu1-Sunday',755,,87187,37,,,0,100,,87186,37,,,0,100,,87185,37,,,0,100,,87184,37,,,0,100,,87183,37,,,0,100,,87182,37,,,0,100,,87181,37,,,0,100,,87180,37,,,0,100,,87179,37,,,0,100,,87178,37,,,0,100,,87177,37,,,0,100,,87175,37,,,0,100,,87176,37,,,0
3500,'STMPSu2-Sunday',755,,87200,37,,,0,100,,87199,37,,,0,100,,87198,37,,,0,100,,87197,37,,,0,100,,87196,37,,,0,100,,87195,37,,,0,100,,87194,37,,,0,100,,87193,37,,,0,100,,87192,37,,,0,100,,87191,37,,,0,100,,87190,37,,,0,100,,87188,37,,,0,100,,87189,37,,,0
3500,'STMPWeek-Weekday',618,,87201,37,,,0,31,,87221,37,,,0,70,,87202,37,,,0,30,,87222,37,,,0,67,,87203,37,,,0,30,,87220,37,,,0,73,,87204,37,,,0,101,,87205,37,,,0,100,,87206,37,,,0,100,,87207,37,,,0,100,,87208,37,,,0,100,,87209,37,,,0,100,,87210,37,,,0,30,,87223,37,,,0,70,,87211,37,,,0,30,,87224,37,,,0,70,,87212,37,,,0,30,,87225,37,,,0,70,,87214,37,,,0,99,,87215,37,,,0,99,,87216,37,,,0,100,,87217,37,,,0,100,,87218,37,,,0,100,,87219,37,,,0,100,,87213,37,,,0
3500,'STMPar-Weekday',618,,87226,37,,,0,31,,87246,37,,,0,70,,87227,37,,,0,30,,87247,37,,,0,67,,87228,37,,,0,30,,87245,37,,,0,73,,87229,37,,,0,101,,87230,37,,,0,100,,87231,37,,,0,100,,87232,37,,,0,100,,87233,37,,,0,100,,87234,37,,,0,100,,87235,37,,,0,30,,87248,37,,,0,70,,87237,37,,,0,30,,87249,37,,,0,70,,87238,37,,,0,30,,87250,37,,,0,70,,87236,37,,,0,99,,87240,37,,,0,99,,87241,37,,,0,100,,87242,37,,,0,100,,87243,37,,,0,100,,87244,37,,,0,100,,87239,37,,,0
3501,'Saturday',621,,87264,18,,,0,100,,87265,18,,,0,100,,87263,18,,,0,100,,87261,18,,,0,100,,87262,18,,,0,100,,87260,18,,,0,100,,87259,18,,,0,100,,87256,18,,,0,100,,87258,18,,,0,100,,87257,18,,,0,100,,87255,18,,,0,100,,87254,18,,,0,100,,87252,18,,,0,100,,87253,18,,,0,100,,87251,18,,,0
3501,'Sunday',721,,87278,18,,,0,100,,87277,18,,,0,100,,87276,18,,,0,100,,87275,18,,,0,100,,87274,18,,,0,100,,87273,18,,,0,100,,87272,18,,,0,100,,87271,18,,,0,100,,87270,18,,,0,100,,87269,18,,,0,100,,87268,18,,,0,100,,87267,18,,,0,100,,87266,18,,,0
3501,'Weekday',544,,87279,18,,,0,70,,87299,18,,,0,30,,87280,18,,,0,72,,87300,18,,,0,30,,87281,18,,,0,70,,87298,18,,,0,30,,87282,18,,,0,100,,87284,18,,,0,100,,87283,18,,,0,100,,87285,18,,,0,100,,87286,18,,,0,100,,87287,18,,,0,100,,87288,18,,,0,70,,87301,18,,,0,30,,87289,18,,,0,70,,87302,18,,,0,30,,87290,18,,,0,70,,87303,18,,,0,30,,87291,18,,,0,100,,87292,18,,,0,98,,87294,18,,,0,100,,87295,18,,,0,100,,87293,18,,,0,100,,87296,18,,,0,100,,87297,18,,,0
3501,'STMPSa-Saturday',621,,87317,18,,,0,100,,87318,18,,,0,100,,87316,18,,,0,100,,87314,18,,,0,100,,87315,18,,,0,100,,87313,18,,,0,100,,87312,18,,,0,100,,87309,18,,,0,100,,87311,18,,,0,100,,87310,18,,,0,100,,87308,18,,,0,100,,87307,18,,,0,100,,87305,18,,,0,100,,87306,18,,,0,100,,87304,18,,,0
3501,'STMPSnea-Weekday',544,,87319,18,,,0,70,,87339,18,,,0,30,,87320,18,,,0,72,,87340,18,,,0,30,,87321,18,,,0,70,,87338,18,,,0,30,,87322,18,,,0,100,,87324,18,,,0,100,,87323,18,,,0,100,,87325,18,,,0,100,,87326,18,,,0,100,,87327,18,,,0,100,,87328,18,,,0,70,,87341,18,,,0,30,,87329,18,,,0,70,,87342,18,,,0,30,,87330,18,,,0,70,,87343,18,,,0,30,,87331,18,,,0,100,,87332,18,,,0,98,,87334,18,,,0,100,,87335,18,,,0,100,,87333,18,,,0,100,,87336,18,,,0,100,,87337,18,,,0
3501,'STMPSu1-Sunday',721,,87356,18,,,0,100,,87355,18,,,0,100,,87354,18,,,0,100,,87353,18,,,0,100,,87352,18,,,0,100,,87351,18,,,0,100,,87350,18,,,0,100,,87349,18,,,0,100,,87348,18,,,0,100,,87347,18,,,0,100,,87346,18,,,0,100,,87345,18,,,0,100,,87344,18,,,0
3501,'STMPSu2-Sunday',721,,87369,18,,,0,100,,87368,18,,,0,100,,87367,18,,,0,100,,87366,18,,,0,100,,87365,18,,,0,100,,87364,18,,,0,100,,87363,18,,,0,100,,87362,18,,,0,100,,87361,18,,,0,100,,87360,18,,,0,100,,87359,18,,,0,100,,87358,18,,,0,100,,87357,18,,,0
3501,'STMPWeek-Weekday',544,,87370,18,,,0,70,,87390,18,,,0,30,,87371,18,,,0,72,,87391,18,,,0,30,,87372,18,,,0,70,,87389,18,,,0,30,,87373,18,,,0,100,,87375,18,,,0,100,,87374,18,,,0,100,,87376,18,,,0,100,,87377,18,,,0,100,,87378,18,,,0,100,,87379,18,,,0,70,,87392,18,,,0,30,,87380,18,,,0,70,,87393,18,,,0,30,,87381,18,,,0,70,,87394,18,,,0,30,,87382,18,,,0,100,,87383,18,,,0,98,,87385,18,,,0,100,,87386,18,,,0,100,,87384,18,,,0,100,,87387,18,,,0,100,,87388,18,,,0
3501,'STMPar-Weekday',544,,87395,18,,,0,70,,87415,18,,,0,30,,87396,18,,,0,72,,87416,18,,,0,30,,87397,18,,,0,70,,87414,18,,,0,30,,87398,18,,,0,100,,87400,18,,,0,100,,87399,18,,,0,100,,87401,18,,,0,100,,87402,18,,,0,100,,87403,18,,,0,100,,87404,18,,,0,70,,87417,18,,,0,30,,87405,18,,,0,70,,87418,18,,,0,30,,87406,18,,,0,70,,87419,18,,,0,30,,87407,18,,,0,100,,87408,18,,,0,98,,87410,18,,,0,100,,87411,18,,,0,100,,87409,18,,,0,100,,87412,18,,,0,100,,87413,18,,,0
