11500,'Saturday',654,,118675,44,,,0,78,,118695,44,,,0,78,,118676,44,,,0,38,,118677,44,,,0,80,,118678,44,,,0,78,,118679,44,,,0,38,,118680,44,,,0,78,,118681,44,,,0,78,,118682,44,,,0,38,,118683,44,,,0,78,,118684,44,,,0,38,,118685,44,,,0,78,,118686,44,,,0,78,,118687,44,,,0,38,,118688,44,,,0,78,,118689,44,,,0,78,,118690,44,,,0,38,,118692,44,,,0,78,,118693,44,,,0,38,,118694,44,,,0,75,,118691,44,,,0,77,,118696,44,,,0,38,,118698,44,,,0,78,,118697,44,,,0,78,,118699,44,,,0,38,,118702,44,,,0,78,,118701,44,,,0,38,,118700,44,,,0
11500,'Sunday',654,,118703,44,,,0,78,,118704,44,,,0,78,,118705,44,,,0,38,,118706,44,,,0,80,,118707,44,,,0,78,,118708,44,,,0,38,,118709,44,,,0,78,,118710,44,,,0,78,,118711,44,,,0,38,,118712,44,,,0,78,,118713,44,,,0,38,,118714,44,,,0,78,,118715,44,,,0,78,,118716,44,,,0,38,,118717,44,,,0,78,,118718,44,,,0,78,,118719,44,,,0,38,,118721,44,,,0,78,,118722,44,,,0,38,,118723,44,,,0,75,,118720,44,,,0,77,,118724,44,,,0,38,,118726,44,,,0,78,,118725,44,,,0,78,,118727,44,,,0,38,,118730,44,,,0,78,,118729,44,,,0,38,,118728,44,,,0
11500,'Weekday',514,,118765,44,,,0,34,,118731,44,,,0,5,,118766,44,,,0,69,,118732,44,,,0,34,,118742,44,,,0,72,,118734,44,,,0,12,,118767,44,,,0,15,,118768,44,,,0,45,,118735,44,,,0,32,,118737,44,,,0,72,,118743,44,,,0,31,,118738,44,,,0,71,,118736,44,,,0,32,,118739,44,,,0,72,,118744,44,,,0,32,,118740,44,,,0,72,,118741,44,,,0,32,,118745,44,,,0,72,,118746,44,,,0,32,,118747,44,,,0,72,,118748,44,,,0,33,,118751,44,,,0,73,,118756,44,,,0,72,,118749,44,,,0,32,,118757,44,,,0,72,,118750,44,,,0,32,,118752,44,,,0,72,,118753,44,,,0,32,,118754,44,,,0,71,,118755,44,,,0,32,,118758,44,,,0,71,,118759,44,,,0,32,,118764,44,,,0,72,,118761,44,,,0,32,,118762,44,,,0,72,,118760,44,,,0,32,,118763,44,,,0,72,,118733,44,,,0
11500,'STMPSa-Saturday',654,,118769,44,,,0,78,,118789,44,,,0,78,,118770,44,,,0,38,,118771,44,,,0,80,,118772,44,,,0,78,,118773,44,,,0,38,,118774,44,,,0,78,,118775,44,,,0,78,,118776,44,,,0,38,,118777,44,,,0,78,,118778,44,,,0,38,,118779,44,,,0,78,,118780,44,,,0,78,,118781,44,,,0,38,,118782,44,,,0,78,,118783,44,,,0,78,,118784,44,,,0,38,,118786,44,,,0,78,,118787,44,,,0,38,,118788,44,,,0,75,,118785,44,,,0,77,,118790,44,,,0,38,,118792,44,,,0,78,,118791,44,,,0,78,,118793,44,,,0,38,,118796,44,,,0,78,,118795,44,,,0,38,,118794,44,,,0
11500,'STMPSnea-Weekday',514,,118831,44,,,0,34,,118797,44,,,0,5,,118832,44,,,0,69,,118798,44,,,0,34,,118808,44,,,0,72,,118800,44,,,0,12,,118833,44,,,0,15,,118834,44,,,0,45,,118801,44,,,0,32,,118803,44,,,0,72,,118809,44,,,0,31,,118804,44,,,0,71,,118802,44,,,0,32,,118805,44,,,0,72,,118810,44,,,0,32,,118806,44,,,0,72,,118807,44,,,0,32,,118811,44,,,0,72,,118812,44,,,0,32,,118813,44,,,0,72,,118814,44,,,0,33,,118817,44,,,0,73,,118822,44,,,0,72,,118815,44,,,0,32,,118823,44,,,0,72,,118816,44,,,0,32,,118818,44,,,0,72,,118819,44,,,0,32,,118820,44,,,0,71,,118821,44,,,0,32,,118824,44,,,0,71,,118825,44,,,0,32,,118830,44,,,0,72,,118827,44,,,0,32,,118828,44,,,0,72,,118826,44,,,0,32,,118829,44,,,0,72,,118799,44,,,0
11500,'STMPSu1-Sunday',654,,118835,44,,,0,78,,118836,44,,,0,78,,118837,44,,,0,38,,118838,44,,,0,80,,118839,44,,,0,78,,118840,44,,,0,38,,118841,44,,,0,78,,118842,44,,,0,78,,118843,44,,,0,38,,118844,44,,,0,78,,118845,44,,,0,38,,118846,44,,,0,78,,118847,44,,,0,78,,118848,44,,,0,38,,118849,44,,,0,78,,118850,44,,,0,78,,118851,44,,,0,38,,118853,44,,,0,78,,118854,44,,,0,38,,118855,44,,,0,75,,118852,44,,,0,77,,118856,44,,,0,38,,118858,44,,,0,78,,118857,44,,,0,78,,118859,44,,,0,38,,118862,44,,,0,78,,118861,44,,,0,38,,118860,44,,,0
11500,'STMPSu2-Sunday',654,,118863,44,,,0,78,,118864,44,,,0,78,,118865,44,,,0,38,,118866,44,,,0,80,,118867,44,,,0,78,,118868,44,,,0,38,,118869,44,,,0,78,,118870,44,,,0,78,,118871,44,,,0,38,,118872,44,,,0,78,,118873,44,,,0,38,,118874,44,,,0,78,,118875,44,,,0,78,,118876,44,,,0,38,,118877,44,,,0,78,,118878,44,,,0,78,,118879,44,,,0,38,,118881,44,,,0,78,,118882,44,,,0,38,,118883,44,,,0,75,,118880,44,,,0,77,,118884,44,,,0,38,,118886,44,,,0,78,,118885,44,,,0,78,,118887,44,,,0,38,,118890,44,,,0,78,,118889,44,,,0,38,,118888,44,,,0
11500,'STMPWeek-Weekday',514,,118925,44,,,0,34,,118891,44,,,0,5,,118926,44,,,0,69,,118892,44,,,0,34,,118902,44,,,0,72,,118894,44,,,0,12,,118927,44,,,0,15,,118928,44,,,0,45,,118895,44,,,0,32,,118897,44,,,0,72,,118903,44,,,0,31,,118898,44,,,0,71,,118896,44,,,0,32,,118899,44,,,0,72,,118904,44,,,0,32,,118900,44,,,0,72,,118901,44,,,0,32,,118905,44,,,0,72,,118906,44,,,0,32,,118907,44,,,0,72,,118908,44,,,0,33,,118911,44,,,0,73,,118916,44,,,0,72,,118909,44,,,0,32,,118917,44,,,0,72,,118910,44,,,0,32,,118912,44,,,0,72,,118913,44,,,0,32,,118914,44,,,0,71,,118915,44,,,0,32,,118918,44,,,0,71,,118919,44,,,0,32,,118924,44,,,0,72,,118921,44,,,0,32,,118922,44,,,0,72,,118920,44,,,0,32,,118923,44,,,0,72,,118893,44,,,0
11500,'STMPar-Weekday',514,,118963,44,,,0,34,,118929,44,,,0,5,,118964,44,,,0,69,,118930,44,,,0,34,,118940,44,,,0,72,,118932,44,,,0,12,,118965,44,,,0,15,,118966,44,,,0,45,,118933,44,,,0,32,,118935,44,,,0,72,,118941,44,,,0,31,,118936,44,,,0,71,,118934,44,,,0,32,,118937,44,,,0,72,,118942,44,,,0,32,,118938,44,,,0,72,,118939,44,,,0,32,,118943,44,,,0,72,,118944,44,,,0,32,,118945,44,,,0,72,,118946,44,,,0,33,,118949,44,,,0,73,,118954,44,,,0,72,,118947,44,,,0,32,,118955,44,,,0,72,,118948,44,,,0,32,,118950,44,,,0,72,,118951,44,,,0,32,,118952,44,,,0,71,,118953,44,,,0,32,,118956,44,,,0,71,,118957,44,,,0,32,,118962,44,,,0,72,,118959,44,,,0,32,,118960,44,,,0,72,,118958,44,,,0,32,,118961,44,,,0,72,,118931,44,,,0
12300,'Saturday',750,,120273,37,,,0,85,,120274,37,,,0,82,,120277,37,,,0,42,,120275,37,,,0,82,,120276,37,,,0,82,,120278,37,,,0,82,,120280,37,,,0,42,,120279,37,,,0,82,,120281,37,,,0,82,,120282,37,,,0,42,,120284,37,,,0,82,,120283,37,,,0,82,,120285,37,,,0,42,,120286,37,,,0,82,,120287,37,,,0,82,,120288,37,,,0,81,,120289,37,,,0,42,,120292,37,,,0,82,,120296,37,,,0,82,,120293,37,,,0,42,,120290,37,,,0,82,,120294,37,,,0,82,,120291,37,,,0,42,,120295,37,,,0
12300,'Sunday',750,,120297,37,,,0,85,,120298,37,,,0,82,,120301,37,,,0,42,,120299,37,,,0,82,,120300,37,,,0,82,,120302,37,,,0,82,,120304,37,,,0,42,,120303,37,,,0,82,,120305,37,,,0,82,,120306,37,,,0,42,,120308,37,,,0,82,,120307,37,,,0,82,,120309,37,,,0,42,,120310,37,,,0,82,,120311,37,,,0,82,,120312,37,,,0,81,,120313,37,,,0,42,,120316,37,,,0,82,,120320,37,,,0,82,,120317,37,,,0,42,,120314,37,,,0,82,,120318,37,,,0,82,,120315,37,,,0,42,,120319,37,,,0
12300,'Weekday',546,,120321,37,,,0,64,,120329,37,,,0,24,,120333,37,,,0,24,,120348,37,,,0,65,,120322,37,,,0,25,,120331,37,,,0,52,,120369,37,,,0,12,,120334,37,,,0,12,,120368,37,,,0,12,,120349,37,,,0,12,,120366,37,,,0,52,,120323,37,,,0,12,,120367,37,,,0,10,,120332,37,,,0,21,,120335,37,,,0,64,,120350,37,,,0,30,,120325,37,,,0,70,,120336,37,,,0,30,,120351,37,,,0,70,,120324,37,,,0,30,,120337,37,,,0,70,,120352,37,,,0,30,,120326,37,,,0,69,,120338,37,,,0,31,,120353,37,,,0,72,,120327,37,,,0,26,,120339,37,,,0,71,,120362,37,,,0,12,,120354,37,,,0,24,,120328,37,,,0,12,,120364,37,,,0,52,,120340,37,,,0,12,,120361,37,,,0,12,,120346,37,,,0,12,,120363,37,,,0,12,,120355,37,,,0,52,,120365,37,,,0,12,,120330,37,,,0,24,,120341,37,,,0,63,,120347,37,,,0,21,,120356,37,,,0,84,,120342,37,,,0,43,,120357,37,,,0,82,,120343,37,,,0,82,,120358,37,,,0,83,,120344,37,,,0,43,,120360,37,,,0,83,,120345,37,,,0,83,,120359,37,,,0
12300,'STMPSa-Saturday',750,,120370,37,,,0,85,,120371,37,,,0,82,,120374,37,,,0,42,,120372,37,,,0,82,,120373,37,,,0,82,,120375,37,,,0,82,,120377,37,,,0,42,,120376,37,,,0,82,,120378,37,,,0,82,,120379,37,,,0,42,,120381,37,,,0,82,,120380,37,,,0,82,,120382,37,,,0,42,,120383,37,,,0,82,,120384,37,,,0,82,,120385,37,,,0,81,,120386,37,,,0,42,,120389,37,,,0,82,,120393,37,,,0,82,,120390,37,,,0,42,,120387,37,,,0,82,,120391,37,,,0,82,,120388,37,,,0,42,,120392,37,,,0
12300,'STMPSnea-Weekday',546,,120394,37,,,0,64,,120402,37,,,0,24,,120406,37,,,0,24,,120421,37,,,0,65,,120395,37,,,0,25,,120404,37,,,0,52,,120442,37,,,0,12,,120407,37,,,0,12,,120441,37,,,0,12,,120422,37,,,0,12,,120439,37,,,0,52,,120396,37,,,0,12,,120440,37,,,0,10,,120405,37,,,0,21,,120408,37,,,0,64,,120423,37,,,0,30,,120398,37,,,0,70,,120409,37,,,0,30,,120424,37,,,0,70,,120397,37,,,0,30,,120410,37,,,0,70,,120425,37,,,0,30,,120399,37,,,0,69,,120411,37,,,0,31,,120426,37,,,0,72,,120400,37,,,0,26,,120412,37,,,0,71,,120435,37,,,0,12,,120427,37,,,0,24,,120401,37,,,0,12,,120437,37,,,0,52,,120413,37,,,0,12,,120434,37,,,0,12,,120419,37,,,0,12,,120436,37,,,0,12,,120428,37,,,0,52,,120438,37,,,0,12,,120403,37,,,0,24,,120414,37,,,0,63,,120420,37,,,0,21,,120429,37,,,0,84,,120415,37,,,0,43,,120430,37,,,0,82,,120416,37,,,0,82,,120431,37,,,0,83,,120417,37,,,0,43,,120433,37,,,0,83,,120418,37,,,0,83,,120432,37,,,0
12300,'STMPSu1-Sunday',750,,120443,37,,,0,85,,120444,37,,,0,82,,120447,37,,,0,42,,120445,37,,,0,82,,120446,37,,,0,82,,120448,37,,,0,82,,120449,37,,,0,42,,120450,37,,,0,82,,120451,37,,,0,82,,120452,37,,,0,42,,120454,37,,,0,82,,120453,37,,,0,82,,120455,37,,,0,42,,120456,37,,,0,82,,120457,37,,,0,82,,120458,37,,,0,81,,120459,37,,,0,42,,120462,37,,,0,82,,120466,37,,,0,82,,120463,37,,,0,42,,120460,37,,,0,82,,120464,37,,,0,82,,120461,37,,,0,42,,120465,37,,,0
12300,'STMPSu2-Sunday',750,,120467,37,,,0,85,,120468,37,,,0,82,,120471,37,,,0,42,,120469,37,,,0,82,,120470,37,,,0,82,,120472,37,,,0,82,,120474,37,,,0,42,,120473,37,,,0,82,,120475,37,,,0,82,,120476,37,,,0,42,,120478,37,,,0,82,,120477,37,,,0,82,,120479,37,,,0,42,,120480,37,,,0,82,,120481,37,,,0,82,,120482,37,,,0,81,,120483,37,,,0,42,,120486,37,,,0,82,,120490,37,,,0,82,,120487,37,,,0,42,,120484,37,,,0,82,,120488,37,,,0,82,,120485,37,,,0,42,,120489,37,,,0
12300,'STMPWeek-Weekday',546,,120491,37,,,0,64,,120499,37,,,0,24,,120503,37,,,0,24,,120518,37,,,0,65,,120492,37,,,0,25,,120501,37,,,0,52,,120539,37,,,0,12,,120504,37,,,0,12,,120538,37,,,0,12,,120519,37,,,0,12,,120536,37,,,0,52,,120493,37,,,0,12,,120537,37,,,0,10,,120502,37,,,0,21,,120505,37,,,0,64,,120520,37,,,0,30,,120495,37,,,0,70,,120506,37,,,0,30,,120521,37,,,0,70,,120494,37,,,0,30,,120507,37,,,0,70,,120522,37,,,0,30,,120496,37,,,0,69,,120508,37,,,0,31,,120523,37,,,0,72,,120497,37,,,0,26,,120509,37,,,0,71,,120532,37,,,0,12,,120524,37,,,0,24,,120498,37,,,0,12,,120534,37,,,0,52,,120510,37,,,0,12,,120531,37,,,0,12,,120516,37,,,0,12,,120533,37,,,0,12,,120525,37,,,0,52,,120535,37,,,0,12,,120500,37,,,0,24,,120511,37,,,0,63,,120517,37,,,0,21,,120526,37,,,0,84,,120512,37,,,0,43,,120527,37,,,0,82,,120513,37,,,0,82,,120528,37,,,0,83,,120514,37,,,0,43,,120530,37,,,0,83,,120515,37,,,0,83,,120529,37,,,0
12300,'STMPar-Weekday',546,,120540,37,,,0,64,,120548,37,,,0,24,,120552,37,,,0,24,,120567,37,,,0,65,,120541,37,,,0,25,,120550,37,,,0,52,,120588,37,,,0,12,,120554,37,,,0,12,,120587,37,,,0,12,,120568,37,,,0,12,,120585,37,,,0,52,,120542,37,,,0,12,,120586,37,,,0,10,,120551,37,,,0,21,,120553,37,,,0,64,,120569,37,,,0,30,,120544,37,,,0,70,,120555,37,,,0,30,,120570,37,,,0,70,,120543,37,,,0,30,,120556,37,,,0,70,,120571,37,,,0,30,,120545,37,,,0,69,,120557,37,,,0,31,,120572,37,,,0,72,,120546,37,,,0,26,,120558,37,,,0,71,,120581,37,,,0,12,,120573,37,,,0,24,,120547,37,,,0,12,,120583,37,,,0,52,,120559,37,,,0,12,,120580,37,,,0,12,,120565,37,,,0,12,,120582,37,,,0,12,,120574,37,,,0,52,,120584,37,,,0,12,,120549,37,,,0,24,,120560,37,,,0,63,,120566,37,,,0,21,,120575,37,,,0,84,,120561,37,,,0,43,,120576,37,,,0,82,,120562,37,,,0,82,,120577,37,,,0,83,,120563,37,,,0,43,,120579,37,,,0,83,,120564,37,,,0,83,,120578,37,,,0
12400,'Saturday',724,,120924,22,,,0,25,,120943,22,,,0,65,,120923,22,,,0,25,,120944,22,,,0,65,,120925,22,,,0,25,,120946,22,,,0,25,,120926,22,,,0,65,,120945,22,,,0,25,,120927,22,,,0,65,,120948,22,,,0,25,,120928,22,,,0,25,,120947,22,,,0,65,,120929,22,,,0,25,,120949,22,,,0,65,,120930,22,,,0,25,,120950,22,,,0,65,,120931,22,,,0,25,,120951,22,,,0,25,,120932,22,,,0,65,,120953,22,,,0,25,,120933,22,,,0,65,,120952,22,,,0,25,,120935,22,,,0,25,,120954,22,,,0,65,,120934,22,,,0,25,,120955,22,,,0,65,,120936,22,,,0,25,,120956,22,,,0,64,,120937,22,,,0,25,,120957,22,,,0,25,,120938,22,,,0,65,,120958,22,,,0,25,,120939,22,,,0,65,,120959,22,,,0,25,,120940,22,,,0,25,,120960,22,,,0,65,,120941,22,,,0,25,,120961,22,,,0,65,,120942,22,,,0,25,,120962,22,,,0
12400,'Sunday',724,,120964,22,,,0,25,,120983,22,,,0,65,,120963,22,,,0,25,,120985,22,,,0,65,,120965,22,,,0,25,,120984,22,,,0,25,,120966,22,,,0,65,,120986,22,,,0,25,,120967,22,,,0,65,,120987,22,,,0,25,,120968,22,,,0,25,,120988,22,,,0,65,,120970,22,,,0,25,,120989,22,,,0,65,,120969,22,,,0,25,,120990,22,,,0,65,,120971,22,,,0,25,,120991,22,,,0,25,,120972,22,,,0,65,,120992,22,,,0,25,,120973,22,,,0,65,,120993,22,,,0,25,,120974,22,,,0,25,,120994,22,,,0,65,,120975,22,,,0,25,,120995,22,,,0,65,,120976,22,,,0,25,,120996,22,,,0,64,,120977,22,,,0,25,,120997,22,,,0,25,,120979,22,,,0,65,,120998,22,,,0,25,,120978,22,,,0,65,,120999,22,,,0,25,,120980,22,,,0,25,,121000,22,,,0,65,,120981,22,,,0,25,,121001,22,,,0,65,,120982,22,,,0,25,,121002,22,,,0
12400,'Weekday',607,,121008,22,,,0,12,,121012,22,,,0,12,,121034,22,,,0,12,,121036,22,,,0,12,,121039,22,,,0,52,,121009,22,,,0,13,,121013,22,,,0,12,,121033,22,,,0,12,,121037,22,,,0,12,,121040,22,,,0,53,,121010,22,,,0,12,,121014,22,,,0,12,,121035,22,,,0,11,,121038,22,,,0,10,,121041,22,,,0,52,,121011,22,,,0,12,,121015,22,,,0,25,,121042,22,,,0,68,,121016,22,,,0,26,,121043,22,,,0,68,,121017,22,,,0,28,,121044,22,,,0,68,,121018,22,,,0,28,,121045,22,,,0,28,,121019,22,,,0,68,,121046,22,,,0,28,,121020,22,,,0,68,,121047,22,,,0,29,,121021,22,,,0,53,,121003,22,,,0,15,,121048,22,,,0,13,,121060,22,,,0,12,,121065,22,,,0,12,,121022,22,,,0,52,,121004,22,,,0,11,,121049,22,,,0,12,,121061,22,,,0,12,,121064,22,,,0,12,,121023,22,,,0,52,,121005,22,,,0,12,,121050,22,,,0,12,,121062,22,,,0,12,,121066,22,,,0,12,,121024,22,,,0,52,,121006,22,,,0,14,,121051,22,,,0,10,,121063,22,,,0,11,,121067,22,,,0,12,,121025,22,,,0,52,,121007,22,,,0,11,,121052,22,,,0,28,,121026,22,,,0,68,,121053,22,,,0,28,,121027,22,,,0,68,,121054,22,,,0,27,,121029,22,,,0,67,,121055,22,,,0,28,,121028,22,,,0,28,,121056,22,,,0,68,,121030,22,,,0,28,,121057,22,,,0,68,,121031,22,,,0,28,,121058,22,,,0,68,,121032,22,,,0,28,,121059,22,,,0
12400,'STMPSa-Saturday',724,,121068,22,,,0,25,,121088,22,,,0,65,,121069,22,,,0,25,,121089,22,,,0,65,,121070,22,,,0,25,,121091,22,,,0,25,,121071,22,,,0,65,,121090,22,,,0,25,,121072,22,,,0,65,,121093,22,,,0,25,,121073,22,,,0,25,,121092,22,,,0,65,,121074,22,,,0,25,,121094,22,,,0,65,,121075,22,,,0,25,,121095,22,,,0,65,,121076,22,,,0,25,,121096,22,,,0,25,,121077,22,,,0,65,,121098,22,,,0,25,,121078,22,,,0,65,,121097,22,,,0,25,,121080,22,,,0,25,,121099,22,,,0,65,,121079,22,,,0,25,,121100,22,,,0,65,,121081,22,,,0,25,,121101,22,,,0,64,,121082,22,,,0,25,,121102,22,,,0,25,,121083,22,,,0,65,,121103,22,,,0,25,,121084,22,,,0,65,,121104,22,,,0,25,,121085,22,,,0,25,,121105,22,,,0,65,,121086,22,,,0,25,,121106,22,,,0,65,,121087,22,,,0,25,,121107,22,,,0
12400,'STMPSnea-Weekday',607,,121113,22,,,0,12,,121117,22,,,0,12,,121139,22,,,0,12,,121141,22,,,0,12,,121144,22,,,0,52,,121114,22,,,0,13,,121118,22,,,0,12,,121138,22,,,0,12,,121142,22,,,0,12,,121145,22,,,0,53,,121115,22,,,0,12,,121119,22,,,0,12,,121140,22,,,0,11,,121143,22,,,0,10,,121146,22,,,0,52,,121116,22,,,0,12,,121120,22,,,0,25,,121147,22,,,0,68,,121121,22,,,0,26,,121148,22,,,0,68,,121122,22,,,0,28,,121149,22,,,0,68,,121123,22,,,0,28,,121150,22,,,0,28,,121124,22,,,0,68,,121151,22,,,0,28,,121125,22,,,0,68,,121152,22,,,0,29,,121126,22,,,0,53,,121108,22,,,0,15,,121153,22,,,0,13,,121165,22,,,0,12,,121170,22,,,0,12,,121127,22,,,0,52,,121109,22,,,0,11,,121154,22,,,0,12,,121166,22,,,0,12,,121169,22,,,0,12,,121128,22,,,0,52,,121110,22,,,0,12,,121155,22,,,0,12,,121167,22,,,0,12,,121171,22,,,0,12,,121129,22,,,0,52,,121111,22,,,0,14,,121156,22,,,0,10,,121168,22,,,0,11,,121172,22,,,0,12,,121130,22,,,0,52,,121112,22,,,0,11,,121157,22,,,0,28,,121131,22,,,0,68,,121158,22,,,0,28,,121132,22,,,0,68,,121159,22,,,0,27,,121134,22,,,0,67,,121160,22,,,0,28,,121133,22,,,0,28,,121161,22,,,0,68,,121135,22,,,0,28,,121162,22,,,0,68,,121136,22,,,0,28,,121163,22,,,0,68,,121137,22,,,0,28,,121164,22,,,0
12400,'STMPSu1-Sunday',724,,121174,22,,,0,25,,121193,22,,,0,65,,121173,22,,,0,25,,121195,22,,,0,65,,121175,22,,,0,25,,121194,22,,,0,25,,121176,22,,,0,65,,121196,22,,,0,25,,121177,22,,,0,65,,121197,22,,,0,25,,121178,22,,,0,25,,121198,22,,,0,65,,121180,22,,,0,25,,121199,22,,,0,65,,121179,22,,,0,25,,121200,22,,,0,65,,121181,22,,,0,25,,121201,22,,,0,25,,121182,22,,,0,65,,121202,22,,,0,25,,121183,22,,,0,65,,121203,22,,,0,25,,121184,22,,,0,25,,121204,22,,,0,65,,121185,22,,,0,25,,121205,22,,,0,65,,121186,22,,,0,25,,121206,22,,,0,64,,121187,22,,,0,25,,121207,22,,,0,25,,121189,22,,,0,65,,121208,22,,,0,25,,121188,22,,,0,65,,121209,22,,,0,25,,121190,22,,,0,25,,121210,22,,,0,65,,121191,22,,,0,25,,121211,22,,,0,65,,121192,22,,,0,25,,121212,22,,,0
12400,'STMPSu2-Sunday',724,,121214,22,,,0,25,,121233,22,,,0,65,,121213,22,,,0,25,,121235,22,,,0,65,,121215,22,,,0,25,,121234,22,,,0,25,,121216,22,,,0,65,,121236,22,,,0,25,,121217,22,,,0,65,,121237,22,,,0,25,,121218,22,,,0,25,,121238,22,,,0,65,,121220,22,,,0,25,,121239,22,,,0,65,,121219,22,,,0,25,,121240,22,,,0,65,,121221,22,,,0,25,,121241,22,,,0,25,,121222,22,,,0,65,,121242,22,,,0,25,,121223,22,,,0,65,,121243,22,,,0,25,,121224,22,,,0,25,,121244,22,,,0,65,,121225,22,,,0,25,,121245,22,,,0,65,,121226,22,,,0,25,,121246,22,,,0,64,,121227,22,,,0,25,,121247,22,,,0,25,,121229,22,,,0,65,,121248,22,,,0,25,,121228,22,,,0,65,,121249,22,,,0,25,,121230,22,,,0,25,,121250,22,,,0,65,,121231,22,,,0,25,,121251,22,,,0,65,,121232,22,,,0,25,,121252,22,,,0
12400,'STMPWeek-Weekday',607,,121258,22,,,0,12,,121262,22,,,0,12,,121284,22,,,0,12,,121286,22,,,0,12,,121289,22,,,0,52,,121259,22,,,0,13,,121263,22,,,0,12,,121283,22,,,0,12,,121287,22,,,0,12,,121290,22,,,0,53,,121260,22,,,0,12,,121264,22,,,0,12,,121285,22,,,0,11,,121288,22,,,0,10,,121291,22,,,0,52,,121261,22,,,0,12,,121265,22,,,0,25,,121292,22,,,0,68,,121266,22,,,0,26,,121293,22,,,0,68,,121267,22,,,0,28,,121294,22,,,0,68,,121268,22,,,0,28,,121295,22,,,0,28,,121269,22,,,0,68,,121296,22,,,0,28,,121270,22,,,0,68,,121297,22,,,0,29,,121271,22,,,0,53,,121253,22,,,0,15,,121298,22,,,0,13,,121310,22,,,0,12,,121315,22,,,0,12,,121272,22,,,0,52,,121254,22,,,0,11,,121299,22,,,0,12,,121311,22,,,0,12,,121314,22,,,0,12,,121273,22,,,0,52,,121255,22,,,0,12,,121300,22,,,0,12,,121312,22,,,0,12,,121316,22,,,0,12,,121274,22,,,0,52,,121256,22,,,0,14,,121301,22,,,0,10,,121313,22,,,0,11,,121317,22,,,0,12,,121275,22,,,0,52,,121257,22,,,0,11,,121302,22,,,0,28,,121276,22,,,0,68,,121303,22,,,0,28,,121277,22,,,0,68,,121304,22,,,0,27,,121279,22,,,0,67,,121305,22,,,0,28,,121278,22,,,0,28,,121306,22,,,0,68,,121280,22,,,0,28,,121307,22,,,0,68,,121281,22,,,0,28,,121308,22,,,0,68,,121282,22,,,0,28,,121309,22,,,0
12400,'STMPar-Weekday',607,,121323,22,,,0,12,,121327,22,,,0,12,,121349,22,,,0,12,,121351,22,,,0,12,,121355,22,,,0,52,,121324,22,,,0,13,,121328,22,,,0,12,,121348,22,,,0,12,,121352,22,,,0,12,,121354,22,,,0,53,,121325,22,,,0,12,,121329,22,,,0,12,,121350,22,,,0,11,,121353,22,,,0,10,,121356,22,,,0,52,,121326,22,,,0,12,,121330,22,,,0,25,,121357,22,,,0,68,,121331,22,,,0,26,,121358,22,,,0,68,,121332,22,,,0,28,,121359,22,,,0,68,,121333,22,,,0,28,,121360,22,,,0,28,,121334,22,,,0,68,,121361,22,,,0,28,,121335,22,,,0,68,,121362,22,,,0,29,,121336,22,,,0,53,,121319,22,,,0,15,,121363,22,,,0,13,,121375,22,,,0,12,,121380,22,,,0,12,,121337,22,,,0,52,,121318,22,,,0,11,,121364,22,,,0,12,,121376,22,,,0,12,,121379,22,,,0,12,,121338,22,,,0,52,,121320,22,,,0,12,,121365,22,,,0,12,,121377,22,,,0,12,,121381,22,,,0,12,,121339,22,,,0,52,,121321,22,,,0,14,,121366,22,,,0,10,,121378,22,,,0,11,,121382,22,,,0,12,,121340,22,,,0,52,,121322,22,,,0,11,,121367,22,,,0,28,,121341,22,,,0,68,,121368,22,,,0,28,,121342,22,,,0,68,,121369,22,,,0,27,,121344,22,,,0,67,,121370,22,,,0,28,,121343,22,,,0,28,,121371,22,,,0,68,,121345,22,,,0,28,,121372,22,,,0,68,,121346,22,,,0,28,,121373,22,,,0,68,,121347,22,,,0,28,,121374,22,,,0
42100,'Saturday',720,,144449,28,,,0,30,,144453,28,,,0,70,,144440,28,,,0,30,,144446,28,,,0,70,,144461,28,,,0,30,,144456,28,,,0,70,,144443,28,,,0,30,,144469,28,,,0,70,,144447,28,,,0,30,,144463,28,,,0,70,,144458,28,,,0,30,,144444,28,,,0,70,,144467,28,,,0,30,,144448,28,,,0,70,,144460,28,,,0,30,,144454,28,,,0,70,,144439,28,,,0,30,,144450,28,,,0,70,,144470,28,,,0,30,,144464,28,,,0,70,,144459,28,,,0,30,,144441,28,,,0,70,,144451,28,,,0,30,,144462,28,,,0,70,,144466,28,,,0,30,,144457,28,,,0,70,,144445,28,,,0,30,,144452,28,,,0,70,,144465,28,,,0,30,,144455,28,,,0,70,,144468,28,,,0,30,,144442,28,,,0,70,,144473,28,,,0,30,,144471,28,,,0,70,,144472,28,,,0
42100,'Sunday',719,,144488,28,,,0,30,,144487,28,,,0,70,,144475,28,,,0,30,,144481,28,,,0,70,,144495,28,,,0,30,,144503,28,,,0,70,,144490,28,,,0,30,,144476,28,,,0,70,,144482,28,,,0,30,,144496,28,,,0,71,,144491,28,,,0,30,,144477,28,,,0,70,,144504,28,,,0,30,,144485,28,,,0,70,,144499,28,,,0,30,,144492,28,,,0,70,,144474,28,,,0,30,,144505,28,,,0,70,,144486,28,,,0,30,,144497,28,,,0,70,,144489,28,,,0,30,,144478,28,,,0,70,,144483,28,,,0,29,,144500,28,,,0,70,,144501,28,,,0,30,,144493,28,,,0,70,,144479,28,,,0,30,,144484,28,,,0,70,,144498,28,,,0,30,,144494,28,,,0,70,,144502,28,,,0,30,,144480,28,,,0,70,,144507,28,,,0,30,,144506,28,,,0
42100,'Weekday',552,,144508,28,,,0,70,,144519,28,,,0,15,,144555,28,,,0,15,,144520,28,,,0,55,,144548,28,,,0,15,,144521,28,,,0,15,,144549,28,,,0,15,,144518,28,,,0,55,,144546,28,,,0,15,,144522,28,,,0,15,,144556,28,,,0,10,,144523,28,,,0,75,,144524,28,,,0,30,,144525,28,,,0,70,,144527,28,,,0,30,,144528,28,,,0,70,,144529,28,,,0,30,,144526,28,,,0,70,,144530,28,,,0,30,,144531,28,,,0,70,,144532,28,,,0,30,,144533,28,,,0,70,,144534,28,,,0,30,,144535,28,,,0,65,,144509,28,,,0,15,,144547,28,,,0,15,,144510,28,,,0,55,,144550,28,,,0,15,,144512,28,,,0,15,,144551,28,,,0,15,,144513,28,,,0,55,,144552,28,,,0,15,,144514,28,,,0,15,,144554,28,,,0,15,,144511,28,,,0,55,,144553,28,,,0,15,,144515,28,,,0,25,,144516,28,,,0,68,,144517,28,,,0,30,,144537,28,,,0,70,,144538,28,,,0,30,,144539,28,,,0,70,,144536,28,,,0,30,,144540,28,,,0,69,,144541,28,,,0,30,,144542,28,,,0,70,,144543,28,,,0,30,,144544,28,,,0,70,,144545,28,,,0
42100,'STMPSa-Saturday',720,,144567,28,,,0,30,,144571,28,,,0,70,,144558,28,,,0,30,,144564,28,,,0,70,,144579,28,,,0,30,,144574,28,,,0,70,,144561,28,,,0,30,,144587,28,,,0,70,,144565,28,,,0,30,,144581,28,,,0,70,,144576,28,,,0,30,,144562,28,,,0,70,,144585,28,,,0,30,,144566,28,,,0,70,,144578,28,,,0,30,,144572,28,,,0,70,,144557,28,,,0,30,,144568,28,,,0,70,,144588,28,,,0,30,,144582,28,,,0,70,,144577,28,,,0,30,,144559,28,,,0,70,,144569,28,,,0,30,,144580,28,,,0,70,,144584,28,,,0,30,,144575,28,,,0,70,,144563,28,,,0,30,,144570,28,,,0,70,,144583,28,,,0,30,,144573,28,,,0,70,,144586,28,,,0,30,,144560,28,,,0,70,,144591,28,,,0,30,,144589,28,,,0,70,,144590,28,,,0
42100,'STMPSnea-Weekday',552,,144592,28,,,0,70,,144603,28,,,0,15,,144639,28,,,0,15,,144604,28,,,0,55,,144632,28,,,0,15,,144605,28,,,0,15,,144633,28,,,0,15,,144602,28,,,0,55,,144630,28,,,0,15,,144606,28,,,0,15,,144640,28,,,0,10,,144607,28,,,0,75,,144608,28,,,0,30,,144609,28,,,0,70,,144611,28,,,0,30,,144612,28,,,0,70,,144613,28,,,0,30,,144610,28,,,0,70,,144614,28,,,0,30,,144615,28,,,0,70,,144616,28,,,0,30,,144617,28,,,0,70,,144618,28,,,0,30,,144619,28,,,0,65,,144593,28,,,0,15,,144631,28,,,0,15,,144594,28,,,0,55,,144634,28,,,0,15,,144596,28,,,0,15,,144635,28,,,0,15,,144597,28,,,0,55,,144636,28,,,0,15,,144598,28,,,0,15,,144638,28,,,0,15,,144595,28,,,0,55,,144637,28,,,0,15,,144599,28,,,0,25,,144600,28,,,0,68,,144601,28,,,0,30,,144621,28,,,0,70,,144622,28,,,0,30,,144623,28,,,0,70,,144620,28,,,0,30,,144624,28,,,0,69,,144625,28,,,0,30,,144626,28,,,0,70,,144627,28,,,0,30,,144628,28,,,0,70,,144629,28,,,0
42100,'STMPSu1-Sunday',719,,144655,28,,,0,30,,144654,28,,,0,70,,144642,28,,,0,30,,144648,28,,,0,70,,144662,28,,,0,30,,144670,28,,,0,70,,144657,28,,,0,30,,144643,28,,,0,70,,144650,28,,,0,30,,144663,28,,,0,71,,144658,28,,,0,30,,144644,28,,,0,70,,144671,28,,,0,30,,144649,28,,,0,70,,144666,28,,,0,30,,144659,28,,,0,70,,144641,28,,,0,30,,144672,28,,,0,70,,144653,28,,,0,30,,144664,28,,,0,70,,144656,28,,,0,30,,144645,28,,,0,70,,144651,28,,,0,29,,144667,28,,,0,70,,144668,28,,,0,30,,144660,28,,,0,70,,144646,28,,,0,30,,144652,28,,,0,70,,144665,28,,,0,30,,144661,28,,,0,70,,144669,28,,,0,30,,144647,28,,,0,70,,144674,28,,,0,30,,144673,28,,,0
42100,'STMPSu2-Sunday',719,,144689,28,,,0,30,,144688,28,,,0,70,,144676,28,,,0,30,,144682,28,,,0,70,,144696,28,,,0,30,,144704,28,,,0,70,,144691,28,,,0,30,,144677,28,,,0,70,,144683,28,,,0,30,,144697,28,,,0,71,,144692,28,,,0,30,,144678,28,,,0,70,,144705,28,,,0,30,,144686,28,,,0,70,,144700,28,,,0,30,,144693,28,,,0,70,,144675,28,,,0,30,,144706,28,,,0,70,,144687,28,,,0,30,,144698,28,,,0,70,,144690,28,,,0,30,,144679,28,,,0,70,,144684,28,,,0,29,,144701,28,,,0,70,,144702,28,,,0,30,,144694,28,,,0,70,,144680,28,,,0,30,,144685,28,,,0,70,,144699,28,,,0,30,,144695,28,,,0,70,,144703,28,,,0,30,,144681,28,,,0,70,,144708,28,,,0,30,,144707,28,,,0
42100,'STMPWeek-Weekday',552,,144709,28,,,0,70,,144720,28,,,0,15,,144756,28,,,0,15,,144721,28,,,0,55,,144749,28,,,0,15,,144722,28,,,0,15,,144750,28,,,0,15,,144719,28,,,0,55,,144747,28,,,0,15,,144723,28,,,0,15,,144757,28,,,0,10,,144724,28,,,0,75,,144725,28,,,0,30,,144726,28,,,0,70,,144728,28,,,0,30,,144729,28,,,0,70,,144730,28,,,0,30,,144727,28,,,0,70,,144731,28,,,0,30,,144732,28,,,0,70,,144733,28,,,0,30,,144734,28,,,0,70,,144735,28,,,0,30,,144736,28,,,0,65,,144710,28,,,0,15,,144748,28,,,0,15,,144711,28,,,0,55,,144751,28,,,0,15,,144713,28,,,0,15,,144752,28,,,0,15,,144714,28,,,0,55,,144753,28,,,0,15,,144715,28,,,0,15,,144755,28,,,0,15,,144712,28,,,0,55,,144754,28,,,0,15,,144716,28,,,0,25,,144717,28,,,0,68,,144718,28,,,0,30,,144738,28,,,0,70,,144739,28,,,0,30,,144740,28,,,0,70,,144737,28,,,0,30,,144741,28,,,0,69,,144742,28,,,0,30,,144743,28,,,0,70,,144744,28,,,0,30,,144745,28,,,0,70,,144746,28,,,0
42100,'STMPar-Weekday',552,,144758,28,,,0,70,,144769,28,,,0,15,,144805,28,,,0,15,,144770,28,,,0,55,,144798,28,,,0,15,,144771,28,,,0,15,,144799,28,,,0,15,,144768,28,,,0,55,,144796,28,,,0,15,,144772,28,,,0,15,,144806,28,,,0,10,,144773,28,,,0,75,,144774,28,,,0,30,,144775,28,,,0,70,,144777,28,,,0,30,,144778,28,,,0,70,,144779,28,,,0,30,,144776,28,,,0,70,,144780,28,,,0,30,,144781,28,,,0,70,,144782,28,,,0,30,,144783,28,,,0,70,,144784,28,,,0,30,,144785,28,,,0,65,,144759,28,,,0,15,,144797,28,,,0,15,,144760,28,,,0,55,,144800,28,,,0,15,,144762,28,,,0,15,,144801,28,,,0,15,,144763,28,,,0,55,,144802,28,,,0,15,,144764,28,,,0,15,,144804,28,,,0,15,,144761,28,,,0,55,,144803,28,,,0,15,,144765,28,,,0,25,,144766,28,,,0,68,,144767,28,,,0,30,,144787,28,,,0,70,,144788,28,,,0,30,,144789,28,,,0,70,,144786,28,,,0,30,,144790,28,,,0,69,,144791,28,,,0,30,,144792,28,,,0,70,,144793,28,,,0,30,,144794,28,,,0,70,,144795,28,,,0
