1901,'Saturday',601,,51041,,,0,35,,51033,,,0,75,,51049,,,0,35,,51057,,,0,75,,51042,,,0,35,,51034,,,0,75,,51050,,,0,75,,51058,,,0,35,,51043,,,0,75,,51035,,,0,35,,51051,,,0,74,,51059,,,0,75,,51044,,,0,28,,51036,,,0,24,,51064,,,0,68,,51053,,,0,28,,51060,,,0,68,,51045,,,0,28,,51037,,,0,68,,51065,,,0,28,,51052,,,0,68,,51061,,,0,28,,51046,,,0,68,,51038,,,0,28,,51066,,,0,23,,51055,,,0,73,,51063,,,0,75,,51047,,,0,35,,51039,,,0,75,,51056,,,0,35,,51062,,,0,75,,51048,,,0,35,,51040,,,0,75,,51054,0,45 46 47,0
1901,'Sunday',601,,51075,,,0,35,,51067,,,0,75,,51083,,,0,35,,51090,,,0,75,,51076,,,0,35,,51068,,,0,75,,51084,,,0,75,,51092,,,0,35,,51077,,,0,75,,51069,,,0,35,,51085,,,0,74,,51094,,,0,75,,51079,,,0,28,,51070,,,0,24,,51098,,,0,68,,51086,,,0,28,,51093,,,0,68,,51081,,,0,28,,51071,,,0,68,,51099,,,0,28,,51087,,,0,68,,51095,,,0,28,,51080,,,0,68,,51072,,,0,28,,51100,,,0,23,,51088,,,0,73,,51096,,,0,75,,51078,,,0,35,,51073,,,0,75,,51089,,,0,35,,51097,,,0,75,,51082,,,0,35,,51074,,,0,75,,51091,0,45 46 47,0
1901,'Weekday',459,,51104,,,0,70,,51112,,,0,24,,51120,,,0,72,,51128,,,0,32,,51138,,,0,66,,51105,,,0,78,,51113,,,0,32,,51121,,,0,72,,51129,,,0,32,,51139,,,0,72,,51106,,,0,32,,51114,,,0,72,,51122,,,0,32,,51130,,,0,72,,51140,,,0,32,,51107,,,0,72,,51115,,,0,26,,51103,,,0,8,,51123,,,0,72,,51132,,,0,32,,51141,,,0,72,,51108,,,0,72,,51116,,,0,32,,51124,,,0,72,,51131,,,0,30,,51142,,,0,70,,51109,,,0,30,,51117,,,0,70,,51125,,,0,30,,51133,,,0,70,,51144,,,0,30,,51110,,,0,70,,51118,,,0,30,,51126,,,0,70,,51134,,,0,30,,51143,,,0,70,,51111,,,0,30,,51119,,,0,70,,51127,,,0,30,,51135,,,0,70,,51136,,,0
1901,'1CCSDCUT-Weekday',459,,51149,,,0,70,,51157,,,0,24,,51165,,,0,72,,51173,,,0,32,,51183,,,0,66,,51150,,,0,78,,51158,,,0,32,,51166,,,0,72,,51174,,,0,32,,51184,,,0,72,,51151,,,0,32,,51159,,,0,72,,51167,,,0,32,,51175,,,0,72,,51185,,,0,32,,51152,,,0,72,,51160,,,0,26,,51148,,,0,8,,51168,,,0,72,,51177,,,0,32,,51186,,,0,72,,51153,,,0,72,,51161,,,0,32,,51169,,,0,72,,51176,,,0,30,,51187,,,0,70,,51154,,,0,30,,51162,,,0,70,,51170,,,0,30,,51178,,,0,70,,51189,,,0,30,,51155,,,0,70,,51163,,,0,30,,51171,,,0,70,,51179,,,0,30,,51188,,,0,70,,51156,,,0,30,,51164,,,0,70,,51172,,,0,30,,51180,,,0,70,,51181,,,0
1901,'1PUBCUT-Weekday',459,,51194,,,0,70,,51202,,,0,24,,51210,,,0,72,,51218,,,0,32,,51228,,,0,66,,51195,,,0,78,,51203,,,0,32,,51211,,,0,72,,51219,,,0,32,,51229,,,0,72,,51196,,,0,32,,51204,,,0,72,,51212,,,0,32,,51220,,,0,72,,51230,,,0,32,,51197,,,0,72,,51205,,,0,26,,51193,,,0,8,,51213,,,0,72,,51222,,,0,32,,51231,,,0,72,,51198,,,0,72,,51206,,,0,32,,51214,,,0,72,,51221,,,0,30,,51232,,,0,70,,51199,,,0,30,,51207,,,0,70,,51215,,,0,30,,51223,,,0,70,,51234,,,0,30,,51200,,,0,70,,51208,,,0,30,,51216,,,0,70,,51224,,,0,30,,51233,,,0,70,,51201,,,0,30,,51209,,,0,70,,51217,,,0,30,,51225,,,0,70,,51226,,,0
3201,'Saturday',606,,54501,,,0,30,,54514,,,0,70,,54508,,,0,20,,54521,,,0,30,,54502,,,0,70,,54515,,,0,30,,54509,,,0,70,,54522,,,0,30,,54503,,,0,70,,54516,,,0,30,,54510,,,0,70,,54523,,,0,30,,54504,,,0,70,,54517,,,0,30,,54511,,,0,70,,54524,,,0,30,,54505,,,0,70,,54518,,,0,30,,54512,,,0,70,,54525,,,0,30,,54506,,,0,70,,54519,,,0,30,,54513,,,0,70,,54526,,,0,30,,54507,,,0,70,,54520,,,0,30,,54528,,,0,70,,54529,,,0,30,,54530,,,0,70,,54531,,,0,26,,54532,,,0,70,,54533,,,0,30,,54534,,,0,70,,54535,,,0,30,,54536,,,0,70,,54527,,,0
3201,'Sunday',606,,54537,,,0,30,,54539,,,0,70,,54538,,,0,20,,54540,,,0,30,,54541,,,0,70,,54543,,,0,30,,54542,,,0,70,,54544,,,0,30,,54545,,,0,70,,54548,,,0,30,,54547,,,0,70,,54550,,,0,30,,54546,,,0,70,,54549,,,0,30,,54552,,,0,70,,54555,,,0,30,,54551,,,0,70,,54553,,,0,30,,54554,,,0,70,,54556,,,0,30,,54558,,,0,70,,54559,,,0,30,,54557,,,0,70,,54561,,,0,30,,54560,,,0,70,,54562,,,0,30,,54563,,,0,70,,54564,,,0,30,,54565,,,0,70,,54566,,,0,26,,54567,,,0,70,,54568,,,0,30,,54569,,,0,70,,54570,,,0,30,,54571,,,0,70,,54572,,,0
3201,'Weekday',526,,54573,,,0,20,,54614,,,0,60,,54609,,,0,18,,54610,,,0,15,,54591,,,0,15,,54613,,,0,55,,54579,,,0,15,,54611,,,0,15,,54585,,,0,16,,54616,,,0,56,,54574,,,0,17,,54617,,,0,17,,54592,,,0,69,,54580,,,0,29,,54586,,,0,70,,54575,,,0,30,,54593,,,0,69,,54581,,,0,29,,54587,,,0,70,,54576,,,0,30,,54595,,,0,70,,54582,,,0,30,,54588,,,0,70,,54577,,,0,15,,54618,,,0,15,,54594,,,0,16,,54612,,,0,57,,54584,,,0,17,,54615,,,0,18,,54589,,,0,56,,54619,,,0,15,,54578,,,0,16,,54620,,,0,16,,54597,,,0,57,,54621,,,0,17,,54583,,,0,16,,54622,,,0,16,,54590,,,0,69,,54596,,,0,28,,54601,,,0,68,,54604,,,0,28,,54607,,,0,68,,54598,,,0,28,,54602,,,0,68,,54606,,,0,28,,54608,,,0,68,,54599,,,0,28,,54603,,,0,68,,54605,,,0,28,,54600,,,0
3201,'1CCSDCUT-Weekday',526,,54623,,,0,20,,54664,,,0,60,,54659,,,0,18,,54660,,,0,15,,54641,,,0,15,,54663,,,0,55,,54629,,,0,15,,54661,,,0,15,,54635,,,0,16,,54666,,,0,56,,54624,,,0,17,,54667,,,0,17,,54642,,,0,69,,54630,,,0,29,,54636,,,0,70,,54625,,,0,30,,54643,,,0,69,,54631,,,0,29,,54637,,,0,70,,54626,,,0,30,,54645,,,0,70,,54632,,,0,30,,54638,,,0,70,,54627,,,0,15,,54668,,,0,15,,54644,,,0,16,,54662,,,0,57,,54634,,,0,17,,54665,,,0,18,,54639,,,0,56,,54669,,,0,15,,54628,,,0,16,,54670,,,0,16,,54647,,,0,57,,54671,,,0,17,,54633,,,0,16,,54672,,,0,16,,54640,,,0,69,,54646,,,0,28,,54651,,,0,68,,54654,,,0,28,,54657,,,0,68,,54648,,,0,28,,54652,,,0,68,,54656,,,0,28,,54658,,,0,68,,54649,,,0,28,,54653,,,0,68,,54655,,,0,28,,54650,,,0
3201,'1PUBCUT-Weekday',526,,54673,,,0,20,,54714,,,0,60,,54709,,,0,18,,54710,,,0,15,,54691,,,0,15,,54713,,,0,55,,54679,,,0,15,,54711,,,0,15,,54685,,,0,16,,54716,,,0,56,,54674,,,0,17,,54717,,,0,17,,54692,,,0,69,,54680,,,0,29,,54686,,,0,70,,54675,,,0,30,,54693,,,0,69,,54681,,,0,29,,54687,,,0,70,,54676,,,0,30,,54695,,,0,70,,54682,,,0,30,,54688,,,0,70,,54677,,,0,15,,54718,,,0,15,,54694,,,0,16,,54712,,,0,57,,54684,,,0,17,,54715,,,0,18,,54689,,,0,56,,54719,,,0,15,,54678,,,0,16,,54720,,,0,16,,54697,,,0,57,,54721,,,0,17,,54683,,,0,16,,54722,,,0,16,,54690,,,0,69,,54696,,,0,28,,54701,,,0,68,,54704,,,0,28,,54707,,,0,68,,54698,,,0,28,,54702,,,0,68,,54706,,,0,28,,54708,,,0,68,,54699,,,0,28,,54703,,,0,68,,54705,,,0,28,,54700,,,0
3301,'Weekday',605,,54913,,,0,31,,54914,,,0,72,,54915,,,0,35,,54916,,,0,75,,54917,,,0,35,,54918,,,0,75,,54919,,,0,75,,54920,,,0,35,,54921,,,0,75,,54922,,,0,35,,54924,,,0,75,,54923,,,0,35,,54925,,,0,75,,54926,,,0,75,,54927,,,0,36,,54928,,,0,76,,54930,,,0,36,,54929,,,0,76,,54932,,,0,76,,54931,,,0,36,,54933,,,0,75,,54934,,,0,33,,54935,,,0,73,,54936,,,0
3301,'1CCSDCUT-Weekday',605,,54941,,,0,31,,54942,,,0,72,,54943,,,0,35,,54944,,,0,75,,54945,,,0,35,,54946,,,0,75,,54947,,,0,75,,54948,,,0,35,,54949,,,0,75,,54950,,,0,35,,54952,,,0,75,,54951,,,0,35,,54953,,,0,75,,54954,,,0,75,,54955,,,0,36,,54956,,,0,76,,54958,,,0,36,,54957,,,0,76,,54960,,,0,76,,54959,,,0,36,,54961,,,0,75,,54962,,,0,33,,54963,,,0,73,,54964,,,0
3301,'1PUBCUT-Weekday',605,,54969,,,0,31,,54970,,,0,72,,54971,,,0,35,,54972,,,0,75,,54973,,,0,35,,54974,,,0,75,,54975,,,0,75,,54976,,,0,35,,54977,,,0,75,,54978,,,0,35,,54980,,,0,75,,54979,,,0,35,,54981,,,0,75,,54982,,,0,75,,54983,,,0,36,,54984,,,0,76,,54986,,,0,36,,54985,,,0,76,,54988,,,0,76,,54987,,,0,36,,54989,,,0,75,,54990,,,0,33,,54991,,,0,73,,54992,,,0
