1100,'Saturday',754,,76967,49,,,0,70,,76977,49,,,0,30,,76963,49,,,0,70,,76978,49,,,0,30,,76966,49,,,0,70,,76979,49,,,0,30,,76974,49,,,0,70,,76980,49,,,0,30,,76965,49,,,0,70,,76981,49,,,0,30,,76964,49,,,0,70,,76982,49,,,0,30,,76962,49,,,0,70,,76983,49,,,0,30,,76968,49,,,0,70,,76986,49,,,0,30,,76975,49,,,0,70,,76987,49,,,0,30,,76969,49,,,0,70,,76984,49,,,0,30,,76970,49,,,0,70,,76985,49,,,0,30,,76973,49,,,0,70,,76988,49,,,0,30,,76971,49,,,0,70,,76989,49,,,0,30,,76972,49,,,0,70,,76976,49,,,0,30,,76991,49,,,0,70,,76993,49,,,0,30,,76992,49,,,0,70,,76990,49,,,0
1100,'Sunday',1135,,76994,49,,,0,70,,77009,49,,,0,30,,76996,49,,,0,70,,77008,49,,,0,30,,76997,49,,,0,70,,77007,49,,,0,30,,76995,49,,,0,70,,77006,49,,,0,30,,77000,49,,,0,70,,77003,49,,,0,30,,76998,49,,,0,70,,77005,49,,,0,30,,76999,49,,,0,70,,77002,49,,,0,30,,77001,49,,,0,70,,77004,49,,,0,30,,77014,49,,,0,70,,77015,49,,,0,30,,77016,49,,,0,70,,77011,49,,,0,30,,77010,49,,,0,70,,77013,49,,,0,30,,77012,49,,,0,70,,77017,49,,,0
1100,'Weekday',551,,77018,24,,,0,68,,77019,49,,,0,30,,77021,49,,,0,70,,77022,49,,,0,31,,77023,49,,,0,67,,77020,49,,,0,32,,77024,49,,,0,65,,77025,49,,,0,35,,77026,49,,,0,70,,77027,49,,,0,30,,77028,49,,,0,70,,77029,49,,,0,30,,77030,49,,,0,70,,77031,49,,,0,30,,77032,49,,,0,70,,77033,49,,,0,30,,77035,49,,,0,75,,77036,49,,,0,28,,77037,49,,,0,69,,77034,49,,,0,30,,77038,49,,,0,70,,77039,49,,,0,30,,77040,49,,,0,70,,77041,49,,,0,30,,77042,49,,,0,71,,77043,49,,,0,27,,77044,49,,,0,70,,77045,49,,,0,30,,77046,49,,,0,70,,77047,49,,,0,30,,77048,49,,,0,70,,77049,49,,,0,30,,77050,49,,,0
1100,'STMPSa-Saturday',754,,77056,49,,,0,70,,77066,49,,,0,30,,77052,49,,,0,70,,77067,49,,,0,30,,77055,49,,,0,70,,77068,49,,,0,30,,77063,49,,,0,70,,77069,49,,,0,30,,77054,49,,,0,70,,77070,49,,,0,30,,77053,49,,,0,70,,77071,49,,,0,30,,77051,49,,,0,70,,77072,49,,,0,30,,77057,49,,,0,70,,77075,49,,,0,30,,77064,49,,,0,70,,77076,49,,,0,30,,77058,49,,,0,70,,77073,49,,,0,30,,77059,49,,,0,70,,77074,49,,,0,30,,77062,49,,,0,70,,77077,49,,,0,30,,77060,49,,,0,70,,77078,49,,,0,30,,77061,49,,,0,70,,77065,49,,,0,30,,77080,49,,,0,70,,77082,49,,,0,30,,77081,49,,,0,70,,77079,49,,,0
1100,'STMPSnea-Weekday',551,,77083,24,,,0,68,,77084,49,,,0,30,,77086,49,,,0,70,,77087,49,,,0,31,,77088,49,,,0,67,,77085,49,,,0,32,,77089,49,,,0,65,,77090,49,,,0,35,,77091,49,,,0,70,,77092,49,,,0,30,,77093,49,,,0,70,,77094,49,,,0,30,,77095,49,,,0,70,,77096,49,,,0,30,,77097,49,,,0,70,,77098,49,,,0,30,,77100,49,,,0,75,,77101,49,,,0,28,,77102,49,,,0,69,,77099,49,,,0,30,,77103,49,,,0,70,,77104,49,,,0,30,,77105,49,,,0,70,,77106,49,,,0,30,,77107,49,,,0,71,,77108,49,,,0,27,,77109,49,,,0,70,,77110,49,,,0,30,,77111,49,,,0,70,,77112,49,,,0,30,,77113,49,,,0,70,,77114,49,,,0,30,,77115,49,,,0
1100,'STMPSu1-Sunday',1135,,77116,49,,,0,70,,77131,49,,,0,30,,77118,49,,,0,70,,77130,49,,,0,30,,77119,49,,,0,70,,77129,49,,,0,30,,77117,49,,,0,70,,77128,49,,,0,30,,77122,49,,,0,70,,77125,49,,,0,30,,77120,49,,,0,70,,77127,49,,,0,30,,77121,49,,,0,70,,77124,49,,,0,30,,77123,49,,,0,70,,77126,49,,,0,30,,77136,49,,,0,70,,77137,49,,,0,30,,77138,49,,,0,70,,77133,49,,,0,30,,77132,49,,,0,70,,77135,49,,,0,30,,77134,49,,,0,70,,77139,49,,,0
1100,'STMPSu2-Sunday',1135,,77140,49,,,0,70,,77155,49,,,0,30,,77142,49,,,0,70,,77154,49,,,0,30,,77143,49,,,0,70,,77153,49,,,0,30,,77141,49,,,0,70,,77152,49,,,0,30,,77146,49,,,0,70,,77149,49,,,0,30,,77144,49,,,0,70,,77151,49,,,0,30,,77145,49,,,0,70,,77148,49,,,0,30,,77147,49,,,0,70,,77150,49,,,0,30,,77160,49,,,0,70,,77161,49,,,0,30,,77162,49,,,0,70,,77157,49,,,0,30,,77156,49,,,0,70,,77159,49,,,0,30,,77158,49,,,0,70,,77163,49,,,0
1100,'STMPWeek-Weekday',551,,77164,24,,,0,68,,77165,49,,,0,30,,77167,49,,,0,70,,77168,49,,,0,31,,77169,49,,,0,67,,77166,49,,,0,32,,77170,49,,,0,65,,77171,49,,,0,35,,77172,49,,,0,70,,77173,49,,,0,30,,77174,49,,,0,70,,77175,49,,,0,30,,77176,49,,,0,70,,77177,49,,,0,30,,77178,49,,,0,70,,77179,49,,,0,30,,77181,49,,,0,75,,77182,49,,,0,28,,77183,49,,,0,69,,77180,49,,,0,30,,77184,49,,,0,70,,77185,49,,,0,30,,77186,49,,,0,70,,77187,49,,,0,30,,77188,49,,,0,71,,77189,49,,,0,27,,77190,49,,,0,70,,77191,49,,,0,30,,77192,49,,,0,70,,77193,49,,,0,30,,77194,49,,,0,70,,77195,49,,,0,30,,77196,49,,,0
1100,'STMPar-Weekday',551,,77197,24,,,0,68,,77198,49,,,0,30,,77200,49,,,0,70,,77201,49,,,0,31,,77202,49,,,0,67,,77199,49,,,0,32,,77203,49,,,0,65,,77204,49,,,0,35,,77205,49,,,0,70,,77206,49,,,0,30,,77207,49,,,0,70,,77208,49,,,0,30,,77209,49,,,0,70,,77210,49,,,0,30,,77211,49,,,0,70,,77212,49,,,0,30,,77214,49,,,0,75,,77215,49,,,0,28,,77216,49,,,0,69,,77213,49,,,0,30,,77217,49,,,0,70,,77218,49,,,0,30,,77219,49,,,0,70,,77220,49,,,0,30,,77221,49,,,0,71,,77222,49,,,0,27,,77223,49,,,0,70,,77224,49,,,0,30,,77225,49,,,0,70,,77226,49,,,0,30,,77227,49,,,0,70,,77228,49,,,0,30,,77229,49,,,0
6300,'Weekday',628,,98771,8,,,0,75,,98772,8,,,0,35,,98773,8,,,0,75,,98774,8,,,0,35,,98775,8,,,0,679,,98777,8,,,0,75,,98778,8,,,0,35,,98779,8,,,0,75,,98780,8,,,0,35,,98770,8,,,0,75,,98776,8,,,0
6300,'STMPSnea-Weekday',628,,98782,8,,,0,75,,98783,8,,,0,35,,98784,8,,,0,75,,98785,8,,,0,35,,98786,8,,,0,679,,98788,8,,,0,75,,98789,8,,,0,35,,98790,8,,,0,75,,98791,8,,,0,35,,98781,8,,,0,75,,98787,8,,,0
6300,'STMPWeek-Weekday',628,,98793,8,,,0,75,,98794,8,,,0,35,,98795,8,,,0,75,,98796,8,,,0,35,,98797,8,,,0,679,,98799,8,,,0,75,,98800,8,,,0,35,,98801,8,,,0,75,,98802,8,,,0,35,,98792,8,,,0,75,,98798,8,,,0
6300,'STMPar-Weekday',628,,98804,8,,,0,75,,98805,8,,,0,35,,98806,8,,,0,75,,98807,8,,,0,35,,98808,8,,,0,679,,98810,8,,,0,75,,98811,8,,,0,35,,98812,8,,,0,75,,98813,8,,,0,35,,98803,8,,,0,75,,98809,8,,,0
