2401,'Saturday',623,,84187,2,,,0,30,,84198,2,,,0,70,,84207,2,,,0,30,,84189,2,,,0,70,,84197,2,,,0,30,,84209,2,,,0,70,,84188,2,,,0,30,,84199,2,,,0,70,,84210,2,,,0,30,,84186,2,,,0,70,,84201,2,,,0,30,,84212,2,,,0,70,,84190,2,,,0,30,,84202,2,,,0,70,,84213,2,,,0,30,,84191,2,,,0,70,,84200,2,,,0,30,,84211,2,,,0,70,,84192,2,,,0,30,,84203,2,,,0,70,,84215,2,,,0,30,,84193,2,,,0,70,,84205,2,,,0,30,,84214,2,,,0,70,,84194,2,,,0,30,,84204,2,,,0,70,,84216,2,,,0,30,,84195,2,,,0,70,,84206,2,,,0,30,,84217,2,,,0,70,,84196,2,,,0,30,,84208,2,,,0
2401,'Sunday',623,,84218,2,,,0,30,,84228,2,,,0,70,,84239,2,,,0,30,,84219,2,,,0,70,,84230,2,,,0,30,,84241,2,,,0,70,,84220,2,,,0,30,,84232,2,,,0,70,,84242,2,,,0,30,,84221,2,,,0,70,,84231,2,,,0,30,,84243,2,,,0,70,,84222,2,,,0,30,,84233,2,,,0,70,,84244,2,,,0,30,,84223,2,,,0,70,,84234,2,,,0,30,,84245,2,,,0,70,,84226,2,,,0,30,,84235,2,,,0,70,,84246,2,,,0,30,,84224,2,,,0,70,,84236,2,,,0,30,,84248,2,,,0,70,,84227,2,,,0,30,,84238,2,,,0,70,,84247,2,,,0,30,,84225,2,,,0,70,,84237,2,,,0,30,,84249,2,,,0,70,,84229,2,,,0,30,,84240,2,,,0
2401,'Weekday',536,,84271,2,,,0,80,,84280,2,,,0,30,,84250,2,,,0,70,,84272,2,,,0,30,,84282,2,,,0,70,,84251,2,,,0,30,,84273,2,,,0,70,,84283,2,,,0,30,,84252,2,,,0,70,,84275,2,,,0,30,,84284,2,,,0,70,,84253,2,,,0,30,,84274,2,,,0,70,,84281,2,,,0,30,,84254,2,,,0,70,,84277,2,,,0,30,,84285,2,,,0,70,,84256,2,,,0,30,,84276,2,,,0,70,,84286,2,,,0,30,,84255,2,,,0,70,,84278,2,,,0,30,,84287,2,,,0,70,,84257,2,,,0,30,,84279,2,,,0,70,,84262,2,,,0,30,,84258,2,,,0,70,,84266,2,,,0,30,,84263,2,,,0,70,,84259,2,,,0,30,,84268,2,,,0,70,,84264,2,,,0,30,,84260,2,,,0,70,,84269,2,,,0,30,,84265,2,,,0,70,,84261,2,,,0,30,,84270,2,,,0,75,,84267,2,,,0
2401,'STMPSa-Saturday',623,,84289,2,,,0,30,,84300,2,,,0,70,,84309,2,,,0,30,,84291,2,,,0,70,,84299,2,,,0,30,,84310,2,,,0,70,,84290,2,,,0,30,,84301,2,,,0,70,,84312,2,,,0,30,,84288,2,,,0,70,,84303,2,,,0,30,,84314,2,,,0,70,,84292,2,,,0,30,,84304,2,,,0,70,,84315,2,,,0,30,,84293,2,,,0,70,,84302,2,,,0,30,,84313,2,,,0,70,,84294,2,,,0,30,,84305,2,,,0,70,,84317,2,,,0,30,,84295,2,,,0,70,,84307,2,,,0,30,,84316,2,,,0,70,,84296,2,,,0,30,,84306,2,,,0,70,,84318,2,,,0,30,,84297,2,,,0,70,,84308,2,,,0,30,,84319,2,,,0,70,,84298,2,,,0,30,,84311,2,,,0
2401,'STMPSnea-Weekday',536,,84341,2,,,0,80,,84350,2,,,0,30,,84320,2,,,0,70,,84342,2,,,0,30,,84352,2,,,0,70,,84321,2,,,0,30,,84343,2,,,0,70,,84353,2,,,0,30,,84322,2,,,0,70,,84345,2,,,0,30,,84354,2,,,0,70,,84323,2,,,0,30,,84344,2,,,0,70,,84351,2,,,0,30,,84324,2,,,0,70,,84347,2,,,0,30,,84355,2,,,0,70,,84326,2,,,0,30,,84346,2,,,0,70,,84356,2,,,0,30,,84325,2,,,0,70,,84348,2,,,0,30,,84357,2,,,0,70,,84327,2,,,0,30,,84349,2,,,0,70,,84332,2,,,0,30,,84328,2,,,0,70,,84336,2,,,0,30,,84333,2,,,0,70,,84329,2,,,0,30,,84338,2,,,0,70,,84334,2,,,0,30,,84330,2,,,0,70,,84339,2,,,0,30,,84335,2,,,0,70,,84331,2,,,0,30,,84340,2,,,0,75,,84337,2,,,0
2401,'STMPSu1-Sunday',623,,84358,2,,,0,30,,84368,2,,,0,70,,84379,2,,,0,30,,84359,2,,,0,70,,84370,2,,,0,30,,84381,2,,,0,70,,84360,2,,,0,30,,84372,2,,,0,70,,84382,2,,,0,30,,84361,2,,,0,70,,84371,2,,,0,30,,84383,2,,,0,70,,84362,2,,,0,30,,84373,2,,,0,70,,84384,2,,,0,30,,84363,2,,,0,70,,84374,2,,,0,30,,84385,2,,,0,70,,84366,2,,,0,30,,84375,2,,,0,70,,84386,2,,,0,30,,84364,2,,,0,70,,84376,2,,,0,30,,84388,2,,,0,70,,84367,2,,,0,30,,84378,2,,,0,70,,84387,2,,,0,30,,84365,2,,,0,70,,84377,2,,,0,30,,84389,2,,,0,70,,84369,2,,,0,30,,84380,2,,,0
2401,'STMPSu2-Sunday',623,,84390,2,,,0,30,,84400,2,,,0,70,,84411,2,,,0,30,,84391,2,,,0,70,,84402,2,,,0,30,,84413,2,,,0,70,,84392,2,,,0,30,,84404,2,,,0,70,,84414,2,,,0,30,,84393,2,,,0,70,,84403,2,,,0,30,,84415,2,,,0,70,,84394,2,,,0,30,,84405,2,,,0,70,,84416,2,,,0,30,,84395,2,,,0,70,,84406,2,,,0,30,,84417,2,,,0,70,,84398,2,,,0,30,,84407,2,,,0,70,,84418,2,,,0,30,,84396,2,,,0,70,,84408,2,,,0,30,,84420,2,,,0,70,,84399,2,,,0,30,,84410,2,,,0,70,,84419,2,,,0,30,,84397,2,,,0,70,,84409,2,,,0,30,,84421,2,,,0,70,,84401,2,,,0,30,,84412,2,,,0
2401,'STMPWeek-Weekday',536,,84443,2,,,0,80,,84452,2,,,0,30,,84422,2,,,0,70,,84444,2,,,0,30,,84454,2,,,0,70,,84423,2,,,0,30,,84445,2,,,0,70,,84455,2,,,0,30,,84424,2,,,0,70,,84447,2,,,0,30,,84456,2,,,0,70,,84425,2,,,0,30,,84446,2,,,0,70,,84453,2,,,0,30,,84426,2,,,0,70,,84449,2,,,0,30,,84457,2,,,0,70,,84428,2,,,0,30,,84448,2,,,0,70,,84458,2,,,0,30,,84427,2,,,0,70,,84450,2,,,0,30,,84459,2,,,0,70,,84429,2,,,0,30,,84451,2,,,0,70,,84434,2,,,0,30,,84430,2,,,0,70,,84438,2,,,0,30,,84435,2,,,0,70,,84431,2,,,0,30,,84440,2,,,0,70,,84436,2,,,0,30,,84432,2,,,0,70,,84441,2,,,0,30,,84437,2,,,0,70,,84433,2,,,0,30,,84442,2,,,0,75,,84439,2,,,0
2401,'STMPar-Weekday',536,,84481,2,,,0,80,,84490,2,,,0,30,,84460,2,,,0,70,,84482,2,,,0,30,,84492,2,,,0,70,,84461,2,,,0,30,,84483,2,,,0,70,,84493,2,,,0,30,,84462,2,,,0,70,,84485,2,,,0,30,,84494,2,,,0,70,,84464,2,,,0,30,,84484,2,,,0,70,,84491,2,,,0,30,,84465,2,,,0,70,,84487,2,,,0,30,,84495,2,,,0,70,,84466,2,,,0,30,,84486,2,,,0,70,,84496,2,,,0,30,,84463,2,,,0,70,,84488,2,,,0,30,,84497,2,,,0,70,,84467,2,,,0,30,,84489,2,,,0,70,,84472,2,,,0,30,,84468,2,,,0,70,,84476,2,,,0,30,,84473,2,,,0,70,,84469,2,,,0,30,,84478,2,,,0,70,,84474,2,,,0,30,,84470,2,,,0,70,,84479,2,,,0,30,,84475,2,,,0,70,,84471,2,,,0,30,,84480,2,,,0,75,,84477,2,,,0
9000,'Saturday',654,,108910,30,,,0,72,,108890,30,,,0,32,,108899,30,,,0,72,,108912,30,,,0,72,,108891,30,,,0,32,,108900,30,,,0,72,,108911,30,,,0,32,,108892,30,,,0,72,,108902,30,,,0,32,,108913,30,,,0,75,,108894,30,,,0,33,,108903,30,,,0,72,,108914,30,,,0,32,,108895,30,,,0,72,,108901,30,,,0,32,,108917,30,,,0,72,,108893,30,,,0,72,,108904,30,,,0,32,,108915,30,,,0,71,,108896,30,,,0,33,,108905,30,,,0,70,,108918,30,,,0,30,,108897,30,,,0,72,,108907,30,,,0,32,,108916,30,,,0,72,,108898,30,,,0,32,,108906,30,,,0
9000,'Sunday',654,,108940,30,,,0,72,,108920,30,,,0,32,,108928,30,,,0,72,,108939,30,,,0,72,,108921,30,,,0,32,,108930,30,,,0,72,,108941,30,,,0,32,,108919,30,,,0,72,,108929,30,,,0,32,,108943,30,,,0,74,,108923,30,,,0,34,,108932,30,,,0,72,,108944,30,,,0,32,,108922,30,,,0,72,,108931,30,,,0,32,,108942,30,,,0,72,,108925,30,,,0,72,,108933,30,,,0,32,,108945,30,,,0,71,,108924,30,,,0,33,,108934,30,,,0,70,,108946,30,,,0,30,,108926,30,,,0,72,,108935,30,,,0,32,,108947,30,,,0,72,,108927,30,,,0,32,,108936,30,,,0
9000,'Weekday',638,,108968,30,,,0,71,,108978,30,,,0,29,,108949,30,,,0,70,,108959,30,,,0,30,,108969,30,,,0,70,,108979,30,,,0,29,,108950,30,,,0,70,,108960,30,,,0,30,,108970,30,,,0,70,,108980,30,,,0,30,,108951,30,,,0,70,,108961,30,,,0,30,,108971,30,,,0,70,,108981,30,,,0,30,,108954,30,,,0,70,,108962,30,,,0,30,,108972,30,,,0,70,,108982,30,,,0,31,,108952,30,,,0,70,,108963,30,,,0,30,,108973,30,,,0,70,,108983,30,,,0,30,,108953,30,,,0,66,,108964,30,,,0,30,,108974,30,,,0,70,,108984,30,,,0,20,,108955,30,,,0,30,,108965,30,,,0,70,,108975,30,,,0,28,,108985,30,,,0,56,,108956,30,,,0,30,,108966,30,,,0,70,,108976,30,,,0,30,,108986,30,,,0,10,,108957,30,,,0,70,,108967,30,,,0,25,,108977,30,,,0
9000,'STMPSa-Saturday',654,,109007,30,,,0,72,,108987,30,,,0,32,,108996,30,,,0,72,,109009,30,,,0,72,,108988,30,,,0,32,,108997,30,,,0,72,,109008,30,,,0,32,,108989,30,,,0,72,,108999,30,,,0,32,,109010,30,,,0,75,,108991,30,,,0,33,,109000,30,,,0,72,,109011,30,,,0,32,,108992,30,,,0,72,,108998,30,,,0,32,,109014,30,,,0,72,,108990,30,,,0,72,,109001,30,,,0,32,,109012,30,,,0,71,,108993,30,,,0,33,,109002,30,,,0,70,,109015,30,,,0,30,,108994,30,,,0,72,,109004,30,,,0,32,,109013,30,,,0,72,,108995,30,,,0,32,,109003,30,,,0
9000,'STMPSnea-Weekday',638,,109036,30,,,0,71,,109046,30,,,0,29,,109017,30,,,0,70,,109027,30,,,0,30,,109037,30,,,0,70,,109047,30,,,0,29,,109018,30,,,0,70,,109028,30,,,0,30,,109038,30,,,0,70,,109048,30,,,0,30,,109019,30,,,0,70,,109029,30,,,0,30,,109039,30,,,0,70,,109049,30,,,0,30,,109022,30,,,0,70,,109030,30,,,0,30,,109040,30,,,0,70,,109050,30,,,0,31,,109020,30,,,0,70,,109031,30,,,0,30,,109041,30,,,0,70,,109051,30,,,0,30,,109021,30,,,0,66,,109032,30,,,0,30,,109042,30,,,0,70,,109052,30,,,0,20,,109023,30,,,0,30,,109033,30,,,0,70,,109043,30,,,0,28,,109053,30,,,0,56,,109024,30,,,0,30,,109034,30,,,0,70,,109044,30,,,0,30,,109054,30,,,0,10,,109025,30,,,0,70,,109035,30,,,0,25,,109045,30,,,0
9000,'STMPSu1-Sunday',654,,109076,30,,,0,72,,109056,30,,,0,32,,109064,30,,,0,72,,109075,30,,,0,72,,109057,30,,,0,32,,109065,30,,,0,72,,109077,30,,,0,32,,109055,30,,,0,72,,109066,30,,,0,32,,109079,30,,,0,74,,109059,30,,,0,34,,109068,30,,,0,72,,109080,30,,,0,32,,109058,30,,,0,72,,109067,30,,,0,32,,109078,30,,,0,72,,109061,30,,,0,72,,109069,30,,,0,32,,109081,30,,,0,71,,109060,30,,,0,33,,109070,30,,,0,70,,109082,30,,,0,30,,109062,30,,,0,72,,109071,30,,,0,32,,109083,30,,,0,72,,109063,30,,,0,32,,109072,30,,,0
9000,'STMPSu2-Sunday',654,,109105,30,,,0,72,,109085,30,,,0,32,,109093,30,,,0,72,,109104,30,,,0,72,,109086,30,,,0,32,,109095,30,,,0,72,,109106,30,,,0,32,,109084,30,,,0,72,,109094,30,,,0,32,,109108,30,,,0,74,,109088,30,,,0,34,,109097,30,,,0,72,,109109,30,,,0,32,,109087,30,,,0,72,,109096,30,,,0,32,,109107,30,,,0,72,,109090,30,,,0,72,,109098,30,,,0,32,,109110,30,,,0,71,,109089,30,,,0,33,,109099,30,,,0,70,,109111,30,,,0,30,,109091,30,,,0,72,,109100,30,,,0,32,,109112,30,,,0,72,,109092,30,,,0,32,,109101,30,,,0
9000,'STMPWeek-Weekday',638,,109133,30,,,0,71,,109143,30,,,0,29,,109114,30,,,0,70,,109124,30,,,0,30,,109134,30,,,0,70,,109144,30,,,0,29,,109115,30,,,0,70,,109125,30,,,0,30,,109135,30,,,0,70,,109145,30,,,0,30,,109116,30,,,0,70,,109126,30,,,0,30,,109136,30,,,0,70,,109146,30,,,0,30,,109119,30,,,0,70,,109127,30,,,0,30,,109137,30,,,0,70,,109147,30,,,0,31,,109117,30,,,0,70,,109128,30,,,0,30,,109138,30,,,0,70,,109148,30,,,0,30,,109118,30,,,0,66,,109129,30,,,0,30,,109139,30,,,0,70,,109149,30,,,0,20,,109120,30,,,0,30,,109130,30,,,0,70,,109140,30,,,0,28,,109150,30,,,0,56,,109121,30,,,0,30,,109131,30,,,0,70,,109141,30,,,0,30,,109151,30,,,0,10,,109122,30,,,0,70,,109132,30,,,0,25,,109142,30,,,0
9000,'STMPar-Weekday',638,,109172,30,,,0,71,,109182,30,,,0,29,,109153,30,,,0,70,,109163,30,,,0,30,,109173,30,,,0,70,,109183,30,,,0,29,,109154,30,,,0,70,,109164,30,,,0,30,,109174,30,,,0,70,,109184,30,,,0,30,,109155,30,,,0,70,,109165,30,,,0,30,,109175,30,,,0,70,,109185,30,,,0,30,,109158,30,,,0,70,,109166,30,,,0,30,,109176,30,,,0,70,,109186,30,,,0,31,,109156,30,,,0,70,,109167,30,,,0,30,,109177,30,,,0,70,,109187,30,,,0,30,,109157,30,,,0,66,,109168,30,,,0,30,,109178,30,,,0,70,,109188,30,,,0,20,,109159,30,,,0,30,,109169,30,,,0,70,,109179,30,,,0,28,,109189,30,,,0,56,,109160,30,,,0,30,,109170,30,,,0,70,,109180,30,,,0,30,,109190,30,,,0,10,,109161,30,,,0,70,,109171,30,,,0,25,,109181,30,,,0
10100,'Saturday',911,,115008,2,,,0,90,,115009,2,,,0,50,,115006,2,,,0,90,,115010,2,,,0,90,,115011,2,,,0,90,,115002,2,,,0,90,,115003,2,,,0,90,,115004,2,,,0,50,,115001,2,,,0,90,,115005,2,,,0,90,,115007,2,,,0,90,,115000,2,,,0
10100,'Sunday',911,,115014,2,,,0,90,,115015,2,,,0,50,,115016,2,,,0,90,,115017,2,,,0,90,,115018,2,,,0,90,,115019,2,,,0,90,,115020,2,,,0,90,,115021,2,,,0,50,,115022,2,,,0,90,,115023,2,,,0,90,,115013,2,,,0,90,,115012,2,,,0
10100,'Weekday',550,,115025,2,,,0,87,,115030,2,,,0,90,,115026,2,,,0,90,,115024,2,,,0,90,,115031,2,,,0,50,,115027,2,,,0,90,,115028,2,,,0,90,,115029,2,,,0,90,,115032,2,,,0,90,,115033,2,,,0,90,,115034,2,,,0,50,,115036,2,,,0,90,,115035,2,,,0,90,,115038,2,,,0,90,,115037,2,,,0,90,,115039,2,,,0,89,,115040,2,,,0,50,,115041,2,,,0,90,,115042,2,,,0,90,,115043,2,,,0
10100,'STMPSa-Saturday',911,,115052,2,,,0,90,,115053,2,,,0,50,,115050,2,,,0,90,,115054,2,,,0,90,,115055,2,,,0,90,,115046,2,,,0,90,,115047,2,,,0,90,,115048,2,,,0,50,,115045,2,,,0,90,,115049,2,,,0,90,,115051,2,,,0,90,,115044,2,,,0
10100,'STMPSnea-Weekday',550,,115057,2,,,0,87,,115062,2,,,0,90,,115058,2,,,0,90,,115056,2,,,0,90,,115063,2,,,0,50,,115059,2,,,0,90,,115060,2,,,0,90,,115061,2,,,0,90,,115064,2,,,0,90,,115065,2,,,0,90,,115066,2,,,0,50,,115068,2,,,0,90,,115067,2,,,0,90,,115070,2,,,0,90,,115069,2,,,0,90,,115071,2,,,0,89,,115072,2,,,0,50,,115073,2,,,0,90,,115074,2,,,0,90,,115075,2,,,0
10100,'STMPSu1-Sunday',911,,115078,2,,,0,90,,115079,2,,,0,50,,115080,2,,,0,90,,115081,2,,,0,90,,115082,2,,,0,90,,115083,2,,,0,90,,115084,2,,,0,90,,115085,2,,,0,50,,115086,2,,,0,90,,115087,2,,,0,90,,115077,2,,,0,90,,115076,2,,,0
10100,'STMPSu2-Sunday',911,,115090,2,,,0,90,,115091,2,,,0,50,,115092,2,,,0,90,,115093,2,,,0,90,,115094,2,,,0,90,,115095,2,,,0,90,,115096,2,,,0,90,,115097,2,,,0,50,,115098,2,,,0,90,,115099,2,,,0,90,,115089,2,,,0,90,,115088,2,,,0
10100,'STMPWeek-Weekday',550,,115101,2,,,0,87,,115106,2,,,0,90,,115102,2,,,0,90,,115100,2,,,0,90,,115107,2,,,0,50,,115103,2,,,0,90,,115104,2,,,0,90,,115105,2,,,0,90,,115108,2,,,0,90,,115109,2,,,0,90,,115110,2,,,0,50,,115112,2,,,0,90,,115111,2,,,0,90,,115114,2,,,0,90,,115113,2,,,0,90,,115115,2,,,0,89,,115116,2,,,0,50,,115117,2,,,0,90,,115118,2,,,0,90,,115119,2,,,0
10100,'STMPar-Weekday',550,,115121,2,,,0,87,,115124,2,,,0,90,,115122,2,,,0,90,,115120,2,,,0,90,,115127,2,,,0,50,,115123,2,,,0,90,,115125,2,,,0,90,,115126,2,,,0,90,,115128,2,,,0,90,,115129,2,,,0,90,,115130,2,,,0,50,,115132,2,,,0,90,,115131,2,,,0,90,,115134,2,,,0,90,,115133,2,,,0,90,,115135,2,,,0,89,,115136,2,,,0,50,,115137,2,,,0,90,,115138,2,,,0,90,,115139,2,,,0
