40200,'Saturday',816,,141976,1,,,0,20,,141977,1,,,0,20,,141978,1,,,0,60,,141979,1,,,0,20,,141980,1,,,0,20,,141981,1,,,0,60,,141982,1,,,0,20,,141983,1,,,0,20,,141984,1,,,0,60,,141985,1,,,0,20,,141986,1,,,0,20,,141987,1,,,0,60,,141988,1,,,0,20,,141989,1,,,0,20,,141990,1,,,0,60,,141991,1,,,0,20,,141992,1,,,0,20,,141993,1,,,0,60,,141994,1,,,0,20,,141995,1,,,0,20,,141996,1,,,0,60,,141997,1,,,0,20,,141998,1,,,0,20,,141999,1,,,0,60,,142000,1,,,0,20,,142001,1,,,0,20,,142002,1,,,0,60,,142003,1,,,0,20,,142004,1,,,0,20,,142005,1,,,0,60,,142006,1,,,0
40200,'Sunday',816,,142007,1,,,0,20,,142008,1,,,0,20,,142009,1,,,0,60,,142010,1,,,0,20,,142011,1,,,0,20,,142012,1,,,0,60,,142013,1,,,0,20,,142014,1,,,0,20,,142015,1,,,0,60,,142016,1,,,0,20,,142017,1,,,0,20,,142018,1,,,0,60,,142019,1,,,0,20,,142020,1,,,0,20,,142021,1,,,0,60,,142022,1,,,0,20,,142023,1,,,0,20,,142024,1,,,0,60,,142025,1,,,0,20,,142026,1,,,0,20,,142027,1,,,0,60,,142028,1,,,0,20,,142029,1,,,0,20,,142030,1,,,0,60,,142031,1,,,0,20,,142032,1,,,0,20,,142033,1,,,0,60,,142034,1,,,0,20,,142035,1,,,0,20,,142036,1,,,0,60,,142037,1,,,0
40200,'Weekday',816,,142038,1,,,0,20,,142039,1,,,0,20,,142040,1,,,0,60,,142041,1,,,0,20,,142042,1,,,0,20,,142043,1,,,0,60,,142044,1,,,0,20,,142045,1,,,0,20,,142046,1,,,0,60,,142047,1,,,0,20,,142048,1,,,0,20,,142049,1,,,0,60,,142050,1,,,0,20,,142051,1,,,0,20,,142052,1,,,0,60,,142053,1,,,0,20,,142054,1,,,0,20,,142055,1,,,0,60,,142056,1,,,0,20,,142057,1,,,0,20,,142058,1,,,0,60,,142059,1,,,0,20,,142060,1,,,0,20,,142061,1,,,0,60,,142062,1,,,0,20,,142063,1,,,0,20,,142064,1,,,0,60,,142065,1,,,0,20,,142066,1,,,0,20,,142067,1,,,0,60,,142068,1,,,0
40200,'STMPSa-Saturday',816,,142069,1,,,0,20,,142070,1,,,0,20,,142071,1,,,0,60,,142072,1,,,0,20,,142073,1,,,0,20,,142074,1,,,0,60,,142075,1,,,0,20,,142076,1,,,0,20,,142077,1,,,0,60,,142078,1,,,0,20,,142079,1,,,0,20,,142080,1,,,0,60,,142081,1,,,0,20,,142082,1,,,0,20,,142083,1,,,0,60,,142084,1,,,0,20,,142085,1,,,0,20,,142086,1,,,0,60,,142087,1,,,0,20,,142088,1,,,0,20,,142089,1,,,0,60,,142090,1,,,0,20,,142091,1,,,0,20,,142092,1,,,0,60,,142093,1,,,0,20,,142094,1,,,0,20,,142095,1,,,0,60,,142096,1,,,0,20,,142097,1,,,0,20,,142098,1,,,0,60,,142099,1,,,0
40200,'STMPSnea-Weekday',816,,142100,1,,,0,20,,142101,1,,,0,20,,142102,1,,,0,60,,142103,1,,,0,20,,142104,1,,,0,20,,142105,1,,,0,60,,142106,1,,,0,20,,142107,1,,,0,20,,142108,1,,,0,60,,142109,1,,,0,20,,142110,1,,,0,20,,142111,1,,,0,60,,142112,1,,,0,20,,142113,1,,,0,20,,142114,1,,,0,60,,142115,1,,,0,20,,142116,1,,,0,20,,142117,1,,,0,60,,142118,1,,,0,20,,142119,1,,,0,20,,142120,1,,,0,60,,142121,1,,,0,20,,142122,1,,,0,20,,142123,1,,,0,60,,142124,1,,,0,20,,142125,1,,,0,20,,142126,1,,,0,60,,142127,1,,,0,20,,142128,1,,,0,20,,142129,1,,,0,60,,142130,1,,,0
40200,'STMPSu1-Sunday',816,,142131,1,,,0,20,,142132,1,,,0,20,,142133,1,,,0,60,,142134,1,,,0,20,,142135,1,,,0,20,,142136,1,,,0,60,,142137,1,,,0,20,,142138,1,,,0,20,,142139,1,,,0,60,,142140,1,,,0,20,,142141,1,,,0,20,,142142,1,,,0,60,,142143,1,,,0,20,,142144,1,,,0,20,,142145,1,,,0,60,,142146,1,,,0,20,,142147,1,,,0,20,,142148,1,,,0,60,,142149,1,,,0,20,,142150,1,,,0,20,,142151,1,,,0,60,,142152,1,,,0,20,,142153,1,,,0,20,,142154,1,,,0,60,,142155,1,,,0,20,,142156,1,,,0,20,,142157,1,,,0,60,,142158,1,,,0,20,,142159,1,,,0,20,,142160,1,,,0,60,,142161,1,,,0
40200,'STMPSu2-Sunday',816,,142162,1,,,0,20,,142163,1,,,0,20,,142164,1,,,0,60,,142165,1,,,0,20,,142166,1,,,0,20,,142167,1,,,0,60,,142168,1,,,0,20,,142169,1,,,0,20,,142170,1,,,0,60,,142171,1,,,0,20,,142172,1,,,0,20,,142173,1,,,0,60,,142174,1,,,0,20,,142175,1,,,0,20,,142176,1,,,0,60,,142177,1,,,0,20,,142178,1,,,0,20,,142179,1,,,0,60,,142180,1,,,0,20,,142181,1,,,0,20,,142182,1,,,0,60,,142183,1,,,0,20,,142184,1,,,0,20,,142185,1,,,0,60,,142186,1,,,0,20,,142187,1,,,0,20,,142188,1,,,0,60,,142189,1,,,0,20,,142190,1,,,0,20,,142191,1,,,0,60,,142192,1,,,0
40200,'STMPWeek-Weekday',816,,142193,1,,,0,20,,142194,1,,,0,20,,142195,1,,,0,60,,142196,1,,,0,20,,142197,1,,,0,20,,142198,1,,,0,60,,142199,1,,,0,20,,142200,1,,,0,20,,142201,1,,,0,60,,142202,1,,,0,20,,142203,1,,,0,20,,142204,1,,,0,60,,142205,1,,,0,20,,142206,1,,,0,20,,142207,1,,,0,60,,142208,1,,,0,20,,142209,1,,,0,20,,142210,1,,,0,60,,142211,1,,,0,20,,142212,1,,,0,20,,142213,1,,,0,60,,142214,1,,,0,20,,142215,1,,,0,20,,142216,1,,,0,60,,142217,1,,,0,20,,142218,1,,,0,20,,142219,1,,,0,60,,142220,1,,,0,20,,142221,1,,,0,20,,142222,1,,,0,60,,142223,1,,,0
40200,'STMPar-Weekday',816,,142224,1,,,0,20,,142225,1,,,0,20,,142226,1,,,0,60,,142227,1,,,0,20,,142228,1,,,0,20,,142229,1,,,0,60,,142230,1,,,0,20,,142231,1,,,0,20,,142232,1,,,0,60,,142233,1,,,0,20,,142234,1,,,0,20,,142235,1,,,0,60,,142236,1,,,0,20,,142237,1,,,0,20,,142238,1,,,0,60,,142239,1,,,0,20,,142240,1,,,0,20,,142241,1,,,0,60,,142242,1,,,0,20,,142243,1,,,0,20,,142244,1,,,0,60,,142245,1,,,0,20,,142246,1,,,0,20,,142247,1,,,0,60,,142248,1,,,0,20,,142249,1,,,0,20,,142250,1,,,0,60,,142251,1,,,0,20,,142252,1,,,0,20,,142253,1,,,0,60,,142254,1,,,0
40201,'Saturday',815,,142255,3,4,,0,20,,142256,3,4,,0,20,,142257,3,4,,0,60,,142258,3,4,,0,20,,142259,3,4,,0,20,,142260,3,4,,0,60,,142261,3,4,,0,20,,142262,3,4,,0,20,,142263,3,4,,0,60,,142264,3,4,,0,20,,142265,3,4,,0,20,,142266,3,4,,0,60,,142267,3,4,,0,20,,142268,3,4,,0,20,,142269,3,4,,0,60,,142270,3,4,,0,20,,142271,3,4,,0,20,,142272,3,4,,0,60,,142273,3,4,,0,20,,142274,3,4,,0,20,,142275,3,4,,0,60,,142276,3,4,,0,20,,142277,3,4,,0,20,,142278,3,4,,0,60,,142279,3,4,,0,20,,142280,3,4,,0,20,,142281,3,4,,0,60,,142282,3,4,,0,20,,142283,3,4,,0,20,,142284,3,4,,0,60,,142285,3,4,,0
40201,'Sunday',815,,142286,3,4,,0,20,,142287,3,4,,0,20,,142288,3,4,,0,60,,142289,3,4,,0,20,,142290,3,4,,0,20,,142291,3,4,,0,60,,142292,3,4,,0,20,,142293,3,4,,0,20,,142294,3,4,,0,60,,142295,3,4,,0,20,,142296,3,4,,0,20,,142297,3,4,,0,60,,142298,3,4,,0,20,,142299,3,4,,0,20,,142300,3,4,,0,60,,142301,3,4,,0,20,,142302,3,4,,0,20,,142303,3,4,,0,60,,142304,3,4,,0,20,,142305,3,4,,0,20,,142306,3,4,,0,60,,142307,3,4,,0,20,,142308,3,4,,0,20,,142309,3,4,,0,60,,142310,3,4,,0,20,,142311,3,4,,0,20,,142312,3,4,,0,60,,142313,3,4,,0,20,,142314,3,4,,0,20,,142315,3,4,,0,60,,142316,3,4,,0
40201,'Weekday',815,,142317,3,4,,0,20,,142318,3,4,,0,20,,142319,3,4,,0,60,,142320,3,4,,0,20,,142321,3,4,,0,20,,142322,3,4,,0,60,,142323,3,4,,0,20,,142324,3,4,,0,20,,142325,3,4,,0,60,,142326,3,4,,0,20,,142327,3,4,,0,20,,142328,3,4,,0,60,,142329,3,4,,0,20,,142330,3,4,,0,20,,142331,3,4,,0,60,,142332,3,4,,0,20,,142333,3,4,,0,20,,142334,3,4,,0,60,,142335,3,4,,0,20,,142336,3,4,,0,20,,142337,3,4,,0,60,,142338,3,4,,0,20,,142339,3,4,,0,20,,142340,3,4,,0,60,,142341,3,4,,0,20,,142342,3,4,,0,20,,142343,3,4,,0,60,,142344,3,4,,0,20,,142345,3,4,,0,20,,142346,3,4,,0,60,,142347,3,4,,0
40201,'STMPSa-Saturday',815,,142348,3,4,,0,20,,142349,3,4,,0,20,,142350,3,4,,0,60,,142351,3,4,,0,20,,142352,3,4,,0,20,,142353,3,4,,0,60,,142354,3,4,,0,20,,142355,3,4,,0,20,,142356,3,4,,0,60,,142357,3,4,,0,20,,142358,3,4,,0,20,,142359,3,4,,0,60,,142360,3,4,,0,20,,142361,3,4,,0,20,,142362,3,4,,0,60,,142363,3,4,,0,20,,142364,3,4,,0,20,,142365,3,4,,0,60,,142366,3,4,,0,20,,142367,3,4,,0,20,,142368,3,4,,0,60,,142369,3,4,,0,20,,142370,3,4,,0,20,,142371,3,4,,0,60,,142372,3,4,,0,20,,142373,3,4,,0,20,,142374,3,4,,0,60,,142375,3,4,,0,20,,142376,3,4,,0,20,,142377,3,4,,0,60,,142378,3,4,,0
40201,'STMPSnea-Weekday',815,,142379,3,4,,0,20,,142380,3,4,,0,20,,142381,3,4,,0,60,,142382,3,4,,0,20,,142383,3,4,,0,20,,142384,3,4,,0,60,,142385,3,4,,0,20,,142386,3,4,,0,20,,142387,3,4,,0,60,,142388,3,4,,0,20,,142389,3,4,,0,20,,142390,3,4,,0,60,,142391,3,4,,0,20,,142392,3,4,,0,20,,142393,3,4,,0,60,,142394,3,4,,0,20,,142395,3,4,,0,20,,142396,3,4,,0,60,,142397,3,4,,0,20,,142398,3,4,,0,20,,142399,3,4,,0,60,,142400,3,4,,0,20,,142401,3,4,,0,20,,142402,3,4,,0,60,,142403,3,4,,0,20,,142404,3,4,,0,20,,142405,3,4,,0,60,,142406,3,4,,0,20,,142407,3,4,,0,20,,142408,3,4,,0,60,,142409,3,4,,0
40201,'STMPSu1-Sunday',815,,142410,3,4,,0,20,,142411,3,4,,0,20,,142412,3,4,,0,60,,142413,3,4,,0,20,,142414,3,4,,0,20,,142415,3,4,,0,60,,142416,3,4,,0,20,,142417,3,4,,0,20,,142418,3,4,,0,60,,142419,3,4,,0,20,,142420,3,4,,0,20,,142421,3,4,,0,60,,142422,3,4,,0,20,,142423,3,4,,0,20,,142424,3,4,,0,60,,142425,3,4,,0,20,,142426,3,4,,0,20,,142427,3,4,,0,60,,142428,3,4,,0,20,,142429,3,4,,0,20,,142430,3,4,,0,60,,142431,3,4,,0,20,,142432,3,4,,0,20,,142433,3,4,,0,60,,142434,3,4,,0,20,,142435,3,4,,0,20,,142436,3,4,,0,60,,142437,3,4,,0,20,,142438,3,4,,0,20,,142439,3,4,,0,60,,142440,3,4,,0
40201,'STMPSu2-Sunday',815,,142441,3,4,,0,20,,142442,3,4,,0,20,,142443,3,4,,0,60,,142444,3,4,,0,20,,142445,3,4,,0,20,,142446,3,4,,0,60,,142447,3,4,,0,20,,142448,3,4,,0,20,,142449,3,4,,0,60,,142450,3,4,,0,20,,142451,3,4,,0,20,,142452,3,4,,0,60,,142453,3,4,,0,20,,142454,3,4,,0,20,,142455,3,4,,0,60,,142456,3,4,,0,20,,142457,3,4,,0,20,,142458,3,4,,0,60,,142459,3,4,,0,20,,142460,3,4,,0,20,,142461,3,4,,0,60,,142462,3,4,,0,20,,142463,3,4,,0,20,,142464,3,4,,0,60,,142465,3,4,,0,20,,142466,3,4,,0,20,,142467,3,4,,0,60,,142468,3,4,,0,20,,142469,3,4,,0,20,,142470,3,4,,0,60,,142471,3,4,,0
40201,'STMPWeek-Weekday',815,,142472,3,4,,0,20,,142473,3,4,,0,20,,142474,3,4,,0,60,,142475,3,4,,0,20,,142476,3,4,,0,20,,142477,3,4,,0,60,,142478,3,4,,0,20,,142479,3,4,,0,20,,142480,3,4,,0,60,,142481,3,4,,0,20,,142482,3,4,,0,20,,142483,3,4,,0,60,,142484,3,4,,0,20,,142485,3,4,,0,20,,142486,3,4,,0,60,,142487,3,4,,0,20,,142488,3,4,,0,20,,142489,3,4,,0,60,,142490,3,4,,0,20,,142491,3,4,,0,20,,142492,3,4,,0,60,,142493,3,4,,0,20,,142494,3,4,,0,20,,142495,3,4,,0,60,,142496,3,4,,0,20,,142497,3,4,,0,20,,142498,3,4,,0,60,,142499,3,4,,0,20,,142500,3,4,,0,20,,142501,3,4,,0,60,,142502,3,4,,0
40201,'STMPar-Weekday',815,,142503,3,4,,0,20,,142504,3,4,,0,20,,142505,3,4,,0,60,,142506,3,4,,0,20,,142507,3,4,,0,20,,142508,3,4,,0,60,,142509,3,4,,0,20,,142510,3,4,,0,20,,142511,3,4,,0,60,,142512,3,4,,0,20,,142513,3,4,,0,20,,142514,3,4,,0,60,,142515,3,4,,0,20,,142516,3,4,,0,20,,142517,3,4,,0,60,,142518,3,4,,0,20,,142519,3,4,,0,20,,142520,3,4,,0,60,,142521,3,4,,0,20,,142522,3,4,,0,20,,142523,3,4,,0,60,,142524,3,4,,0,20,,142525,3,4,,0,20,,142526,3,4,,0,60,,142527,3,4,,0,20,,142528,3,4,,0,20,,142529,3,4,,0,60,,142530,3,4,,0,20,,142531,3,4,,0,20,,142532,3,4,,0,60,,142533,3,4,,0
