2600,'Saturday',625,,33244,26,,,0,85,,33254,26,,,0,45,,33246,26,,,0,85,,33255,26,,,0,88,,33245,26,,,0,85,,33256,26,,,0,45,,33247,26,,,0,85,,33257,26,,,0,85,,33248,26,,,0,85,,33258,26,,,0,45,,33249,26,,,0,85,,33259,26,,,0,85,,33250,26,,,0,85,,33260,26,,,0,45,,33251,26,,,0,85,,33261,26,,,0,85,,33252,26,,,0,84,,33262,26,,,0,44,,33253,26,,,0,85,,33263,26,,,0
2600,'Sunday',625,,33264,26,,,0,85,,33274,26,,,0,45,,33265,26,,,0,85,,33275,26,,,0,88,,33266,26,,,0,85,,33277,26,,,0,45,,33267,26,,,0,85,,33276,26,,,0,85,,33268,26,,,0,85,,33278,26,,,0,45,,33269,26,,,0,85,,33279,26,,,0,85,,33270,26,,,0,85,,33280,26,,,0,45,,33271,26,,,0,85,,33281,26,,,0,85,,33272,26,,,0,84,,33282,26,,,0,44,,33273,26,,,0,85,,33283,26,,,0
2600,'Weekday',548,,33284,26,,,0,72,,33285,26,,,0,32,,33286,26,,,0,74,,33287,26,,,0,33,,33288,26,,,0,72,,33289,26,,,0,72,,33290,26,,,0,27,,33291,26,,,0,26,,33293,26,,,0,70,,33294,26,,,0,30,,33295,26,,,0,70,,33292,26,,,0,30,,33296,26,,,0,70,,33297,26,,,0,30,,33298,26,,,0,70,,33299,26,,,0,30,,33300,26,,,0,70,,33302,26,,,0,31,,33303,26,,,0,71,,33304,26,,,0,72,,33301,26,,,0,34,,33305,26,,,0,72,,33306,26,,,0,32,,33307,26,,,0,72,,33308,26,,,0,29,,33310,26,,,0,68,,33311,26,,,0,30,,33312,26,,,0,70,,33313,26,,,0,30,,33315,26,,,0,70,,33317,26,,,0,28,,33316,26,,,0,70,,33314,26,,,0,30,,33309,26,,,0
2600,'Weekday0000100',1424,,33319,14,,,0,10,,33318,14,,,0
2600,'Weekday1111000',1603,,33321,14,,,0,12,,33320,26,,,0
2600,'1CCSDCUT-Weekday',548,,33322,26,,,0,72,,33323,26,,,0,32,,33324,26,,,0,74,,33325,26,,,0,33,,33326,26,,,0,72,,33327,26,,,0,72,,33328,26,,,0,27,,33329,26,,,0,26,,33331,26,,,0,70,,33332,26,,,0,30,,33333,26,,,0,70,,33330,26,,,0,30,,33334,26,,,0,70,,33335,26,,,0,30,,33336,26,,,0,70,,33337,26,,,0,30,,33338,26,,,0,70,,33340,26,,,0,31,,33341,26,,,0,71,,33342,26,,,0,72,,33339,26,,,0,34,,33343,26,,,0,72,,33344,26,,,0,32,,33345,26,,,0,72,,33346,26,,,0,29,,33348,26,,,0,68,,33349,26,,,0,30,,33350,26,,,0,70,,33351,26,,,0,30,,33353,26,,,0,70,,33355,26,,,0,28,,33354,26,,,0,70,,33352,26,,,0,30,,33347,26,,,0
2600,'1CCSDCUT-Weekday0000100',1424,,33357,14,,,0,10,,33356,14,,,0
2600,'1CCSDCUT-Weekday1111000',1603,,33359,14,,,0,12,,33358,26,,,0
2600,'1PUBCUT-Weekday',548,,33360,26,,,0,72,,33361,26,,,0,32,,33362,26,,,0,74,,33363,26,,,0,33,,33364,26,,,0,72,,33365,26,,,0,72,,33366,26,,,0,27,,33367,26,,,0,26,,33369,26,,,0,70,,33370,26,,,0,30,,33371,26,,,0,70,,33368,26,,,0,30,,33372,26,,,0,70,,33373,26,,,0,30,,33374,26,,,0,70,,33375,26,,,0,30,,33376,26,,,0,70,,33378,26,,,0,31,,33379,26,,,0,71,,33380,26,,,0,72,,33377,26,,,0,34,,33381,26,,,0,72,,33382,26,,,0,32,,33383,26,,,0,72,,33384,26,,,0,29,,33386,26,,,0,68,,33387,26,,,0,30,,33388,26,,,0,70,,33389,26,,,0,30,,33391,26,,,0,70,,33393,26,,,0,28,,33392,26,,,0,70,,33390,26,,,0,30,,33385,26,,,0
2600,'1PUBCUT-Weekday1111000',1603,,33395,14,,,0,12,,33394,26,,,0
