1901,'Saturday',702,,30747,66,,,0,35,,30739,66,,,0,75,,30755,66,,,0,35,,30763,66,,,0,75,,30748,66,,,0,35,,30740,66,,,0,75,,30756,66,,,0,75,,30764,66,,,0,35,,30749,66,,,0,75,,30741,66,,,0,35,,30757,66,,,0,74,,30765,66,,,0,75,,30750,66,,,0,28,,30742,66,,,0,24,,30770,66,,,0,68,,30759,66,,,0,28,,30766,66,,,0,68,,30751,66,,,0,28,,30743,66,,,0,68,,30771,66,,,0,28,,30758,66,,,0,68,,30767,66,,,0,28,,30752,66,,,0,68,,30744,66,,,0,28,,30772,66,,,0,23,,30761,66,,,0,73,,30769,66,,,0,75,,30753,66,,,0,35,,30745,66,,,0,75,,30762,66,,,0,35,,30768,66,,,0,75,,30754,66,,,0,35,,30746,66,,,0
1901,'Sunday',702,,30781,66,,,0,35,,30773,66,,,0,75,,30789,66,,,0,35,,30796,66,,,0,75,,30782,66,,,0,35,,30774,66,,,0,75,,30790,66,,,0,75,,30798,66,,,0,35,,30783,66,,,0,75,,30775,66,,,0,35,,30791,66,,,0,74,,30800,66,,,0,75,,30785,66,,,0,28,,30776,66,,,0,24,,30804,66,,,0,68,,30792,66,,,0,28,,30799,66,,,0,68,,30787,66,,,0,28,,30777,66,,,0,68,,30805,66,,,0,28,,30793,66,,,0,68,,30801,66,,,0,28,,30786,66,,,0,68,,30778,66,,,0,28,,30806,66,,,0,23,,30794,66,,,0,73,,30802,66,,,0,75,,30784,66,,,0,35,,30779,66,,,0,75,,30795,66,,,0,35,,30803,66,,,0,75,,30788,66,,,0,35,,30780,66,,,0
1901,'Weekday',543,,30843,25,,,0,64,,30810,66,,,0,34,,30818,66,,,0,64,,30826,66,,,0,33,,30834,66,,,0,72,,30844,66,,,0,27,,30811,66,,,0,76,,30819,66,,,0,29,,30827,66,,,0,74,,30835,66,,,0,33,,30845,66,,,0,72,,30812,66,,,0,32,,30820,66,,,0,72,,30828,66,,,0,8,,30807,25,,,0,24,,30836,66,,,0,72,,30846,66,,,0,72,,30813,66,,,0,32,,30821,66,,,0,68,,30809,66,,,0,3,,30808,25,,,0,5,,30829,66,,,0,32,,30838,66,,,0,72,,30847,66,,,0,31,,30814,66,,,0,71,,30822,66,,,0,32,,30830,66,,,0,71,,30837,66,,,0,24,,30848,66,,,0,69,,30815,66,,,0,30,,30823,66,,,0,70,,30831,66,,,0,30,,30839,66,,,0,70,,30850,66,,,0,30,,30816,66,,,0,70,,30824,66,,,0,26,,30832,66,,,0,68,,30840,66,,,0,30,,30849,66,,,0,70,,30817,66,,,0,30,,30825,66,,,0,70,,30833,66,,,0,30,,30841,66,,,0,70,,30842,66,,,0
1901,'Weekday0000100',1212,,30851,25,,,0
1901,'1CCSDCUT-Weekday',543,,30888,25,,,0,64,,30855,66,,,0,34,,30863,66,,,0,64,,30871,66,,,0,33,,30879,66,,,0,72,,30889,66,,,0,27,,30856,66,,,0,76,,30864,66,,,0,29,,30872,66,,,0,74,,30880,66,,,0,33,,30890,66,,,0,72,,30857,66,,,0,32,,30865,66,,,0,72,,30873,66,,,0,8,,30852,25,,,0,24,,30881,66,,,0,72,,30891,66,,,0,72,,30858,66,,,0,32,,30866,66,,,0,68,,30854,66,,,0,3,,30853,25,,,0,5,,30874,66,,,0,32,,30883,66,,,0,72,,30892,66,,,0,31,,30859,66,,,0,71,,30867,66,,,0,32,,30875,66,,,0,71,,30882,66,,,0,24,,30893,66,,,0,69,,30860,66,,,0,30,,30868,66,,,0,70,,30876,66,,,0,30,,30884,66,,,0,70,,30895,66,,,0,30,,30861,66,,,0,70,,30869,66,,,0,26,,30877,66,,,0,68,,30885,66,,,0,30,,30894,66,,,0,70,,30862,66,,,0,30,,30870,66,,,0,70,,30878,66,,,0,30,,30886,66,,,0,70,,30887,66,,,0
1901,'1CCSDCUT-Weekday0000100',1212,,30896,25,,,0
1901,'1PUBCUT-Weekday',543,,30933,25,,,0,64,,30900,66,,,0,34,,30908,66,,,0,64,,30916,66,,,0,33,,30924,66,,,0,72,,30934,66,,,0,27,,30901,66,,,0,76,,30909,66,,,0,29,,30917,66,,,0,74,,30925,66,,,0,33,,30935,66,,,0,72,,30902,66,,,0,32,,30910,66,,,0,72,,30918,66,,,0,8,,30897,25,,,0,24,,30926,66,,,0,72,,30936,66,,,0,72,,30903,66,,,0,32,,30911,66,,,0,68,,30899,66,,,0,3,,30898,25,,,0,5,,30919,66,,,0,32,,30928,66,,,0,72,,30937,66,,,0,31,,30904,66,,,0,71,,30912,66,,,0,32,,30920,66,,,0,71,,30927,66,,,0,24,,30938,66,,,0,69,,30905,66,,,0,30,,30913,66,,,0,70,,30921,66,,,0,30,,30929,66,,,0,70,,30940,66,,,0,30,,30906,66,,,0,70,,30914,66,,,0,26,,30922,66,,,0,68,,30930,66,,,0,30,,30939,66,,,0,70,,30907,66,,,0,30,,30915,66,,,0,70,,30923,66,,,0,30,,30931,66,,,0,70,,30932,66,,,0
12000,'Saturday',710,,54338,19,,,0,46,,54337,19,,,0,86,,54339,19,,,0,86,,54340,19,,,0,86,,54341,19,,,0,86,,54342,19,,,0,46,,54343,19,,,0,88,,54344,19,,,0,86,,54346,19,,,0,86,,54345,19,,,0,46,,54347,19,,,0,86,,54348,19,,,0,86,,54349,19,,,0,86,,54350,19,,,0,46,,54351,19,,,0,86,,54352,19,,,0,86,,54353,19,,,0,86,,54354,19,,,0,86,,54355,19,,,0,43,,54356,19,,,0,86,,54357,19,,,0,86,,54358,19,,,0,86,,54359,19,,,0
12000,'Sunday',710,,54360,19,,,0,46,,54361,19,,,0,86,,54362,19,,,0,86,,54363,19,,,0,86,,54364,19,,,0,86,,54365,19,,,0,46,,54366,19,,,0,88,,54367,19,,,0,86,,54368,19,,,0,86,,54370,19,,,0,46,,54369,19,,,0,86,,54371,19,,,0,86,,54372,19,,,0,86,,54373,19,,,0,46,,54374,19,,,0,86,,54375,19,,,0,86,,54376,19,,,0,86,,54378,19,,,0,86,,54377,19,,,0,43,,54379,19,,,0,86,,54380,19,,,0,86,,54381,19,,,0,86,,54382,19,,,0
12000,'Weekday',535,,54383,19,,,0,85,,54384,19,,,0,23,,54409,19,,,0,62,,54387,19,,,0,23,,54410,19,,,0,22,,54386,19,,,0,63,,54411,19,,,0,22,,54388,19,,,0,85,,54389,19,,,0,85,,54390,19,,,0,45,,54391,19,,,0,85,,54392,19,,,0,85,,54393,19,,,0,85,,54394,19,,,0,45,,54395,19,,,0,85,,54396,19,,,0,86,,54397,19,,,0,23,,54414,19,,,0,62,,54399,19,,,0,23,,54413,19,,,0,22,,54400,19,,,0,63,,54412,19,,,0,22,,54401,19,,,0,85,,54398,19,,,0,84,,54402,19,,,0,45,,54403,19,,,0,85,,54404,19,,,0,85,,54405,19,,,0,83,,54406,19,,,0,45,,54407,19,,,0,85,,54408,19,,,0,85,,54385,19,,,0
12000,'1CCSDCUT-Weekday',535,,54415,19,,,0,85,,54416,19,,,0,23,,54441,19,,,0,62,,54419,19,,,0,23,,54442,19,,,0,22,,54418,19,,,0,63,,54443,19,,,0,22,,54420,19,,,0,85,,54421,19,,,0,85,,54422,19,,,0,45,,54423,19,,,0,85,,54424,19,,,0,85,,54425,19,,,0,85,,54426,19,,,0,45,,54427,19,,,0,85,,54428,19,,,0,86,,54429,19,,,0,23,,54446,19,,,0,62,,54431,19,,,0,23,,54445,19,,,0,22,,54432,19,,,0,63,,54444,19,,,0,22,,54433,19,,,0,85,,54430,19,,,0,84,,54434,19,,,0,45,,54435,19,,,0,85,,54436,19,,,0,85,,54437,19,,,0,83,,54438,19,,,0,45,,54439,19,,,0,85,,54440,19,,,0,85,,54417,19,,,0
12000,'1PUBCUT-Weekday',535,,54447,19,,,0,85,,54448,19,,,0,23,,54473,19,,,0,62,,54451,19,,,0,23,,54474,19,,,0,22,,54450,19,,,0,63,,54475,19,,,0,22,,54452,19,,,0,85,,54453,19,,,0,85,,54454,19,,,0,45,,54455,19,,,0,85,,54456,19,,,0,85,,54457,19,,,0,85,,54458,19,,,0,45,,54459,19,,,0,85,,54460,19,,,0,86,,54461,19,,,0,23,,54478,19,,,0,62,,54463,19,,,0,23,,54477,19,,,0,22,,54464,19,,,0,63,,54476,19,,,0,22,,54465,19,,,0,85,,54462,19,,,0,84,,54466,19,,,0,45,,54467,19,,,0,85,,54468,19,,,0,85,,54469,19,,,0,83,,54470,19,,,0,45,,54471,19,,,0,85,,54472,19,,,0,85,,54449,19,,,0
13400,'Weekday',543,,56934,16,,,0,90,,56935,16,,,0,25,,56968,16,,,0,65,,56936,16,,,0,25,,56967,16,,,0,65,,56937,16,,,0,22,,56966,16,,,0,68,,56938,16,,,0,24,,56969,16,,,0,25,,56939,16,,,0,65,,56971,16,,,0,25,,56940,16,,,0,65,,56959,16,,,0,25,,56941,16,,,0,25,,56960,16,,,0,65,,56942,16,,,0,25,,56961,16,,,0,65,,56943,16,,,0,25,,56970,16,,,0,65,,56944,16,,,0,25,,56958,16,,,0,25,,56945,16,,,0,66,,56963,16,,,0,25,,56946,16,,,0,65,,56962,16,,,0,25,,56947,16,,,0,25,,56964,16,,,0,65,,56948,16,,,0,25,,56965,16,,,0,65,,56949,16,,,0,89,,56950,16,,,0,50,,56951,16,,,0,90,,56952,16,,,0,90,,56953,16,,,0,90,,56954,16,,,0,90,,56955,16,,,0,90,,56956,16,,,0,50,,56957,16,,,0
13400,'1CCSDCUT-Weekday',543,,56972,16,,,0,90,,56973,16,,,0,25,,57006,16,,,0,65,,56974,16,,,0,25,,57005,16,,,0,65,,56975,16,,,0,22,,57004,16,,,0,68,,56976,16,,,0,24,,57007,16,,,0,25,,56977,16,,,0,65,,57009,16,,,0,25,,56978,16,,,0,65,,56997,16,,,0,25,,56979,16,,,0,25,,56998,16,,,0,65,,56980,16,,,0,25,,56999,16,,,0,65,,56981,16,,,0,25,,57008,16,,,0,65,,56982,16,,,0,25,,56996,16,,,0,25,,56983,16,,,0,66,,57001,16,,,0,25,,56984,16,,,0,65,,57000,16,,,0,25,,56985,16,,,0,25,,57002,16,,,0,65,,56986,16,,,0,25,,57003,16,,,0,65,,56987,16,,,0,89,,56988,16,,,0,50,,56989,16,,,0,90,,56990,16,,,0,90,,56991,16,,,0,90,,56992,16,,,0,90,,56993,16,,,0,90,,56994,16,,,0,50,,56995,16,,,0
13400,'1PUBCUT-Weekday',543,,57010,16,,,0,90,,57011,16,,,0,25,,57044,16,,,0,65,,57012,16,,,0,25,,57043,16,,,0,65,,57013,16,,,0,22,,57042,16,,,0,68,,57014,16,,,0,24,,57045,16,,,0,25,,57015,16,,,0,65,,57047,16,,,0,25,,57016,16,,,0,65,,57035,16,,,0,25,,57017,16,,,0,25,,57036,16,,,0,65,,57018,16,,,0,25,,57037,16,,,0,65,,57019,16,,,0,25,,57046,16,,,0,65,,57020,16,,,0,25,,57034,16,,,0,25,,57021,16,,,0,66,,57039,16,,,0,25,,57022,16,,,0,65,,57038,16,,,0,25,,57023,16,,,0,25,,57040,16,,,0,65,,57024,16,,,0,25,,57041,16,,,0,65,,57025,16,,,0,89,,57026,16,,,0,50,,57027,16,,,0,90,,57028,16,,,0,90,,57029,16,,,0,90,,57030,16,,,0,90,,57031,16,,,0,90,,57032,16,,,0,50,,57033,16,,,0
42200,'Saturday',638,,68017,21,,,0,12,,68017,37,,,0,88,,68018,21,,,0,12,,68018,37,,,0,88,,68019,21,,,0,12,,68019,37,,,0,88,,68020,21,,,0,12,,68020,37,,,0,88,,68021,21,,,0,12,,68021,37,,,0,88,,68022,21,,,0,12,,68022,37,,,0,88,,68023,21,,,0,12,,68023,37,,,0,88,,68025,21,,,0,12,,68025,37,,,0,88,,68024,21,,,0,12,,68024,37,,,0,88,,68026,21,,,0,12,,68026,37,,,0,88,,68027,21,,,0,12,,68027,37,,,0,88,,68028,21,,,0,12,,68028,37,,,0,88,,68029,21,,,0,12,,68029,37,,,0
42200,'Sunday',638,,68030,21,,,0,12,,68030,37,,,0,88,,68031,21,,,0,12,,68031,37,,,0,88,,68032,21,,,0,12,,68032,37,,,0,88,,68033,21,,,0,12,,68033,37,,,0,88,,68034,21,,,0,12,,68034,37,,,0,88,,68035,21,,,0,12,,68035,37,,,0,88,,68036,21,,,0,12,,68036,37,,,0,88,,68037,21,,,0,12,,68037,37,,,0,88,,68038,21,,,0,12,,68038,37,,,0,88,,68039,21,,,0,12,,68039,37,,,0,88,,68040,21,,,0,12,,68040,37,,,0,88,,68041,21,,,0,12,,68041,37,,,0,88,,68042,21,,,0,12,,68042,37,,,0
42200,'Weekday',637,,68043,21,,,0,12,,68043,37,,,0,58,,68061,21,,,0,12,,68061,37,,,0,18,,68044,21,,,0,12,,68044,37,,,0,58,,68065,21,,,0,12,,68065,37,,,0,18,,68045,21,,,0,12,,68045,37,,,0,58,,68066,21,,,0,12,,68066,37,,,0,18,,68046,21,,,0,12,,68046,37,,,0,58,,68063,21,,,0,12,,68063,37,,,0,18,,68047,21,,,0,12,,68047,37,,,0,58,,68064,21,,,0,12,,68064,37,,,0,18,,68048,21,,,0,12,,68048,37,,,0,58,,68067,21,,,0,12,,68067,37,,,0,18,,68049,21,,,0,12,,68049,37,,,0,58,,68060,21,,,0,12,,68060,37,,,0,18,,68050,21,,,0,12,,68050,37,,,0,58,,68069,21,,,0,12,,68069,37,,,0,18,,68051,21,,,0,12,,68051,37,,,0,67,,68068,21,,,0,12,,68068,37,,,0,9,,68052,21,,,0,12,,68052,37,,,0,58,,68062,21,,,0,12,,68062,37,,,0,18,,68054,21,,,0,12,,68054,37,,,0,58,,68070,21,,,0,12,,68070,37,,,0,18,,68053,21,,,0,12,,68053,37,,,0,58,,68059,21,,,0,12,,68059,37,,,0,18,,68057,21,,,0,12,,68057,37,,,0,87,,68056,21,,,0,12,,68056,37,,,0,88,,68055,21,,,0,12,,68055,37,,,0,88,,68058,21,,,0,12,,68058,37,,,0
42200,'1CCSDCUT-Weekday',637,,68071,21,,,0,12,,68071,37,,,0,58,,68089,21,,,0,12,,68089,37,,,0,18,,68072,21,,,0,12,,68072,37,,,0,58,,68093,21,,,0,12,,68093,37,,,0,18,,68073,21,,,0,12,,68073,37,,,0,58,,68094,21,,,0,12,,68094,37,,,0,18,,68074,21,,,0,12,,68074,37,,,0,58,,68091,21,,,0,12,,68091,37,,,0,18,,68075,21,,,0,12,,68075,37,,,0,58,,68092,21,,,0,12,,68092,37,,,0,18,,68076,21,,,0,12,,68076,37,,,0,58,,68095,21,,,0,12,,68095,37,,,0,18,,68077,21,,,0,12,,68077,37,,,0,58,,68088,21,,,0,12,,68088,37,,,0,18,,68078,21,,,0,12,,68078,37,,,0,58,,68097,21,,,0,12,,68097,37,,,0,18,,68079,21,,,0,12,,68079,37,,,0,67,,68096,21,,,0,12,,68096,37,,,0,9,,68080,21,,,0,12,,68080,37,,,0,58,,68090,21,,,0,12,,68090,37,,,0,18,,68082,21,,,0,12,,68082,37,,,0,58,,68098,21,,,0,12,,68098,37,,,0,18,,68081,21,,,0,12,,68081,37,,,0,58,,68087,21,,,0,12,,68087,37,,,0,18,,68085,21,,,0,12,,68085,37,,,0,87,,68084,21,,,0,12,,68084,37,,,0,88,,68083,21,,,0,12,,68083,37,,,0,88,,68086,21,,,0,12,,68086,37,,,0
42200,'1PUBCUT-Weekday',637,,68099,21,,,0,12,,68099,37,,,0,58,,68117,21,,,0,12,,68117,37,,,0,18,,68100,21,,,0,12,,68100,37,,,0,58,,68121,21,,,0,12,,68121,37,,,0,18,,68101,21,,,0,12,,68101,37,,,0,58,,68122,21,,,0,12,,68122,37,,,0,18,,68102,21,,,0,12,,68102,37,,,0,58,,68119,21,,,0,12,,68119,37,,,0,18,,68103,21,,,0,12,,68103,37,,,0,58,,68120,21,,,0,12,,68120,37,,,0,18,,68104,21,,,0,12,,68104,37,,,0,58,,68123,21,,,0,12,,68123,37,,,0,18,,68105,21,,,0,12,,68105,37,,,0,58,,68116,21,,,0,12,,68116,37,,,0,18,,68106,21,,,0,12,,68106,37,,,0,58,,68125,21,,,0,12,,68125,37,,,0,18,,68107,21,,,0,12,,68107,37,,,0,67,,68124,21,,,0,12,,68124,37,,,0,9,,68108,21,,,0,12,,68108,37,,,0,58,,68118,21,,,0,12,,68118,37,,,0,18,,68110,21,,,0,12,,68110,37,,,0,58,,68126,21,,,0,12,,68126,37,,,0,18,,68109,21,,,0,12,,68109,37,,,0,58,,68115,21,,,0,12,,68115,37,,,0,18,,68113,21,,,0,12,,68113,37,,,0,87,,68112,21,,,0,12,,68112,37,,,0,88,,68111,21,,,0,12,,68111,37,,,0,88,,68114,21,,,0,12,,68114,37,,,0
