5400,'Saturday',607,,39613,24,,,0,48,,39614,32,,,0,85,,39615,32,,,0,85,,39616,32,,,0,85,,39617,32,,,0,45,,39618,32,,,0,85,,39619,32,,,0,85,,39622,32,,,0,85,,39623,32,,,0,45,,39624,32,,,0,85,,39620,32,,,0,85,,39621,32,,,0,85,,39625,32,,,0,45,,39626,32,,,0,85,,39629,32,,,0,85,,39630,32,,,0,85,,39631,32,,,0,45,,39627,32,,,0,85,,39628,32,,,0,85,,39632,32,,,0,85,,39633,32,,,0,45,,39634,32,,,0,85,,39635,32,,,0,85,,39636,32,,,0
5400,'Sunday',607,,39637,24,,,0,48,,39638,32,,,0,85,,39639,32,,,0,85,,39641,32,,,0,85,,39642,32,,,0,45,,39643,32,,,0,85,,39640,32,,,0,85,,39645,32,,,0,85,,39647,32,,,0,45,,39648,32,,,0,85,,39646,32,,,0,85,,39649,32,,,0,85,,39644,32,,,0,45,,39651,32,,,0,85,,39653,32,,,0,85,,39654,32,,,0,85,,39652,32,,,0,45,,39656,32,,,0,85,,39650,32,,,0,85,,39655,32,,,0,85,,39657,32,,,0,45,,39658,32,,,0,85,,39659,32,,,0,85,,39660,32,,,0
5400,'Weekday',530,,39680,32,,,0,77,,39670,32,,,0,30,,39662,32,,,0,71,,39681,32,,,0,30,,39690,32,,,0,70,,39671,32,,,0,29,,39661,32,,,0,70,,39682,32,,,0,30,,39691,32,,,0,70,,39672,32,,,0,30,,39663,32,,,0,70,,39683,32,,,0,30,,39692,32,,,0,70,,39673,32,,,0,30,,39664,32,,,0,70,,39684,32,,,0,30,,39693,32,,,0,70,,39674,32,,,0,30,,39666,32,,,0,70,,39685,32,,,0,31,,39694,32,,,0,71,,39675,32,,,0,30,,39665,32,,,0,70,,39686,32,,,0,30,,39695,32,,,0,68,,39676,32,,,0,29,,39667,32,,,0,70,,39688,32,,,0,30,,39696,32,,,0,71,,39677,32,,,0,30,,39668,32,,,0,70,,39687,32,,,0,30,,39697,32,,,0,69,,39678,32,,,0,30,,39669,32,,,0,70,,39689,32,,,0,30,,39698,32,,,0,71,,39679,32,,,0
5400,'1CCSDCUT-Weekday',530,,39718,32,,,0,77,,39708,32,,,0,30,,39700,32,,,0,71,,39719,32,,,0,30,,39728,32,,,0,70,,39709,32,,,0,29,,39699,32,,,0,70,,39720,32,,,0,30,,39729,32,,,0,70,,39710,32,,,0,30,,39701,32,,,0,70,,39721,32,,,0,30,,39730,32,,,0,70,,39711,32,,,0,30,,39702,32,,,0,70,,39722,32,,,0,30,,39731,32,,,0,70,,39712,32,,,0,30,,39704,32,,,0,70,,39723,32,,,0,31,,39732,32,,,0,71,,39713,32,,,0,30,,39703,32,,,0,70,,39724,32,,,0,30,,39733,32,,,0,68,,39714,32,,,0,29,,39705,32,,,0,70,,39726,32,,,0,30,,39734,32,,,0,71,,39715,32,,,0,30,,39706,32,,,0,70,,39725,32,,,0,30,,39735,32,,,0,69,,39716,32,,,0,30,,39707,32,,,0,70,,39727,32,,,0,30,,39736,32,,,0,71,,39717,32,,,0
5400,'1PUBCUT-Weekday',530,,39756,32,,,0,77,,39746,32,,,0,30,,39738,32,,,0,71,,39757,32,,,0,30,,39766,32,,,0,70,,39747,32,,,0,29,,39737,32,,,0,70,,39758,32,,,0,30,,39767,32,,,0,70,,39748,32,,,0,30,,39739,32,,,0,70,,39759,32,,,0,30,,39768,32,,,0,70,,39749,32,,,0,30,,39740,32,,,0,70,,39760,32,,,0,30,,39769,32,,,0,70,,39750,32,,,0,30,,39742,32,,,0,70,,39761,32,,,0,31,,39770,32,,,0,71,,39751,32,,,0,30,,39741,32,,,0,70,,39762,32,,,0,30,,39771,32,,,0,68,,39752,32,,,0,29,,39743,32,,,0,70,,39764,32,,,0,30,,39772,32,,,0,71,,39753,32,,,0,30,,39744,32,,,0,70,,39763,32,,,0,30,,39773,32,,,0,69,,39754,32,,,0,30,,39745,32,,,0,70,,39765,32,,,0,30,,39774,32,,,0,71,,39755,32,,,0
12901,'Saturday',712,,56747,19,,,0,43,,56738,19,,,0,80,,56756,19,,,0,80,,56748,19,,,0,40,,56739,19,,,0,80,,56757,19,,,0,80,,56749,19,,,0,40,,56740,19,,,0,80,,56758,19,,,0,80,,56750,19,,,0,40,,56741,19,,,0,80,,56759,19,,,0,80,,56751,19,,,0,40,,56742,19,,,0,80,,56760,19,,,0,80,,56753,19,,,0,40,,56743,19,,,0,80,,56761,19,,,0,80,,56752,19,,,0,40,,56744,19,,,0,80,,56762,19,,,0,83,,56754,19,,,0,37,,56746,19,,,0,80,,56763,19,,,0,80,,56755,19,,,0,40,,56745,19,,,0
12901,'Sunday',712,,56773,19,,,0,43,,56764,19,,,0,80,,56782,19,,,0,80,,56774,19,,,0,40,,56765,19,,,0,80,,56783,19,,,0,80,,56775,19,,,0,40,,56766,19,,,0,80,,56784,19,,,0,80,,56776,19,,,0,40,,56767,19,,,0,80,,56785,19,,,0,80,,56777,19,,,0,40,,56768,19,,,0,80,,56787,19,,,0,80,,56778,19,,,0,40,,56769,19,,,0,80,,56786,19,,,0,80,,56779,19,,,0,40,,56770,19,,,0,80,,56788,19,,,0,83,,56780,19,,,0,37,,56771,19,,,0,80,,56789,19,,,0,80,,56781,19,,,0,40,,56772,19,,,0
12901,'Weekday',543,,56809,19,,,0,66,,56816,19,,,0,32,,56797,19,,,0,72,,56791,19,,,0,30,,56810,19,,,0,67,,56829,19,,,0,4,,56817,19,,,0,32,,56798,19,,,0,55,,56790,19,,,0,12,,56792,19,,,0,28,,56811,19,,,0,70,,56818,19,,,0,30,,56799,19,,,0,70,,56793,19,,,0,30,,56812,19,,,0,70,,56819,19,,,0,30,,56801,19,,,0,70,,56794,19,,,0,30,,56813,19,,,0,70,,56820,19,,,0,30,,56800,19,,,0,72,,56795,19,,,0,28,,56814,19,,,0,69,,56821,19,,,0,31,,56802,19,,,0,16,,56828,19,,,0,57,,56796,19,,,0,30,,56815,19,,,0,63,,56822,19,,,0,30,,56803,19,,,0,70,,56823,19,,,0,30,,56804,19,,,0,68,,56824,19,,,0,30,,56805,19,,,0,70,,56825,19,,,0,30,,56806,19,,,0,70,,56826,19,,,0,30,,56807,19,,,0,70,,56827,19,,,0,30,,56808,19,,,0
12901,'1CCSDCUT-Weekday',543,,56849,19,,,0,66,,56856,19,,,0,32,,56837,19,,,0,72,,56831,19,,,0,30,,56850,19,,,0,67,,56869,19,,,0,4,,56857,19,,,0,32,,56838,19,,,0,55,,56830,19,,,0,12,,56832,19,,,0,28,,56851,19,,,0,70,,56858,19,,,0,30,,56839,19,,,0,70,,56833,19,,,0,30,,56852,19,,,0,70,,56859,19,,,0,30,,56841,19,,,0,70,,56834,19,,,0,30,,56853,19,,,0,70,,56860,19,,,0,30,,56840,19,,,0,72,,56835,19,,,0,28,,56854,19,,,0,69,,56861,19,,,0,31,,56842,19,,,0,16,,56868,19,,,0,57,,56836,19,,,0,30,,56855,19,,,0,63,,56862,19,,,0,30,,56843,19,,,0,70,,56863,19,,,0,30,,56844,19,,,0,68,,56864,19,,,0,30,,56845,19,,,0,70,,56865,19,,,0,30,,56846,19,,,0,70,,56866,19,,,0,30,,56847,19,,,0,70,,56867,19,,,0,30,,56848,19,,,0
12901,'1PUBCUT-Weekday',543,,56889,19,,,0,66,,56896,19,,,0,32,,56877,19,,,0,72,,56871,19,,,0,30,,56890,19,,,0,67,,56909,19,,,0,4,,56897,19,,,0,32,,56878,19,,,0,55,,56870,19,,,0,12,,56872,19,,,0,28,,56891,19,,,0,70,,56898,19,,,0,30,,56879,19,,,0,70,,56873,19,,,0,30,,56892,19,,,0,70,,56899,19,,,0,30,,56881,19,,,0,70,,56874,19,,,0,30,,56893,19,,,0,70,,56900,19,,,0,30,,56880,19,,,0,72,,56875,19,,,0,28,,56894,19,,,0,69,,56901,19,,,0,31,,56882,19,,,0,16,,56908,19,,,0,57,,56876,19,,,0,30,,56895,19,,,0,63,,56902,19,,,0,30,,56883,19,,,0,70,,56903,19,,,0,30,,56884,19,,,0,68,,56904,19,,,0,30,,56885,19,,,0,70,,56905,19,,,0,30,,56886,19,,,0,70,,56906,19,,,0,30,,56887,19,,,0,70,,56907,19,,,0,30,,56888,19,,,0
70401,'Weekday',738,,68370,12,0,130 189 190,0,1,,68371,12,0,130 189 190,0
70401,'1CCSDCUT-Weekday',738,,68372,12,0,130 189 190,0,1,,68373,12,0,130 189 190,0
81801,'Weekday',822,,68944,31,0,12 13 14 15 16,0
81801,'1PUBCUT-Weekday',822,,68945,31,0,12 13 14 15 16,0
