10201,'Saturday',700,,72144,,,0,30,,72146,,,0,70,,72147,,,0,30,,72148,,,0,70,,72145,,,0,30,,72149,,,0,70,,72150,,,0,30,,72151,,,0,70,,72153,,,0,30,,72154,,,0,70,,72157,,,0,30,,72152,,,0,70,,72158,,,0,30,,72159,,,0,70,,72155,,,0,30,,72156,,,0,70,,72161,,,0,30,,72162,,,0,70,,72163,,,0,30,,72160,,,0,70,,72164,,,0,30,,72165,,,0,70,,72166,,,0,30,,72167,,,0,70,,72168,,,0,30,,72169,,,0,70,,72170,,,0,30,,72171,,,0,70,,72172,,,0,30,,72174,,,0,70,,72175,,,0,30,,72176,,,0,70,,72173,,,0,30,,72177,,,0,70,,72178,,,0
10201,'Sunday',700,,72181,,,0,30,,72194,,,0,70,,72183,,,0,30,,72196,,,0,70,,72182,,,0,30,,72195,,,0,70,,72184,,,0,30,,72197,,,0,70,,72185,,,0,30,,72198,,,0,70,,72186,,,0,30,,72199,,,0,70,,72187,,,0,30,,72200,,,0,70,,72188,,,0,30,,72202,,,0,70,,72189,,,0,30,,72201,,,0,70,,72190,,,0,30,,72203,,,0,70,,72191,,,0,30,,72205,,,0,70,,72192,,,0,30,,72204,,,0,70,,72193,,,0,30,,72206,,,0,70,,72207,,,0,30,,72208,,,0,70,,72209,,,0,30,,72210,,,0,70,,72211,,,0,30,,72212,,,0,70,,72213,,,0,30,,72214,,,0
10201,'Weekday',500,,72219,,,0,30,,72220,,,0,25,,72221,,,0,61,,72222,,,0,20,,72223,,,0,20,,72224,,,0,60,,72225,,,0,20,,72226,,,0,20,,72227,,,0,60,,72228,,,0,20,,72229,,,0,66,,72230,,,0,29,,72232,,,0,70,,72233,,,0,30,,72234,,,0,70,,72231,,,0,30,,72235,,,0,70,,72236,,,0,30,,72237,,,0,70,,72238,,,0,30,,72241,,,0,70,,72242,,,0,30,,72239,,,0,22,,72244,,,0,60,,72245,,,0,20,,72240,,,0,20,,72243,,,0,60,,72246,,,0,20,,72247,,,0,20,,72248,,,0,60,,72250,,,0,20,,72252,,,0,20,,72249,,,0,60,,72253,,,0,20,,72251,,,0,20,,72254,,,0,62,,72255,,,0,24,,72256,,,0,70,,72257,,,0,30,,72258,,,0,70,,72259,,,0,30,,72260,,,0,70,,72261,,,0,30,,72262,,,0,70,,72263,,,0,30,,72217,,,0,70,,72218,,,0,30,,72216,,,0
10201,'1CCSDCUT-Weekday',500,,72268,,,0,30,,72269,,,0,25,,72270,,,0,61,,72271,,,0,20,,72272,,,0,20,,72273,,,0,60,,72274,,,0,20,,72275,,,0,20,,72276,,,0,60,,72277,,,0,20,,72278,,,0,66,,72279,,,0,29,,72281,,,0,70,,72282,,,0,30,,72283,,,0,70,,72280,,,0,30,,72284,,,0,70,,72285,,,0,30,,72286,,,0,70,,72287,,,0,30,,72290,,,0,70,,72291,,,0,30,,72288,,,0,22,,72293,,,0,60,,72294,,,0,20,,72289,,,0,20,,72292,,,0,60,,72295,,,0,20,,72296,,,0,20,,72297,,,0,60,,72299,,,0,20,,72301,,,0,20,,72298,,,0,60,,72302,,,0,20,,72300,,,0,20,,72303,,,0,62,,72304,,,0,24,,72305,,,0,70,,72306,,,0,30,,72307,,,0,70,,72308,,,0,30,,72309,,,0,70,,72310,,,0,30,,72311,,,0,70,,72312,,,0,30,,72266,,,0,70,,72267,,,0,30,,72265,,,0
10201,'1PUBCUT-Weekday',500,,72317,,,0,30,,72318,,,0,25,,72319,,,0,61,,72320,,,0,20,,72321,,,0,20,,72322,,,0,60,,72323,,,0,20,,72324,,,0,20,,72325,,,0,60,,72326,,,0,20,,72327,,,0,66,,72328,,,0,29,,72330,,,0,70,,72331,,,0,30,,72332,,,0,70,,72329,,,0,30,,72333,,,0,70,,72334,,,0,30,,72335,,,0,70,,72336,,,0,30,,72339,,,0,70,,72340,,,0,30,,72337,,,0,22,,72342,,,0,60,,72343,,,0,20,,72338,,,0,20,,72341,,,0,60,,72344,,,0,20,,72345,,,0,20,,72346,,,0,60,,72348,,,0,20,,72350,,,0,20,,72347,,,0,60,,72351,,,0,20,,72349,,,0,20,,72352,,,0,62,,72353,,,0,24,,72354,,,0,70,,72355,,,0,30,,72356,,,0,70,,72357,,,0,30,,72358,,,0,70,,72359,,,0,30,,72360,,,0,70,,72361,,,0,30,,72315,,,0,70,,72316,,,0,30,,72314,,,0
76500,'Weekday',817,,88963,0,48 49 50 47,0
76500,'1CCSDCUT-Weekday',817,,88965,0,48 49 50 47,0
86500,'Weekday',830,,89373,0,17 18 19 1 51,0
86500,'1PUBCUT-Weekday',830,,89375,0,17 18 19 1 51,0
86501,'Weekday0000100',1446,,89377,0,17 18 19 1 51,0
86501,'Weekday1111000',1602,,89379,0,17 18 19 1 51,0
86501,'1PUBCUT-Weekday0000100',1446,,89381,0,17 18 19 1 51,0
86501,'1PUBCUT-Weekday1111000',1602,,89383,0,17 18 19 1 51,0
