6200,'Weekday',1637,,62152,,,0,73,,62151,,,0,35,,62153,,,0
6200,'1CCSDCUT-Weekday',1638,,62155,,,0,73,,62154,,,0,35,,62156,,,0
6200,'1PUBCUT-Weekday',1638,,62158,,,0,73,,62157,,,0,35,,62159,,,0
6400,'Weekday',1623,,62237,,,0,18,,62239,,,0,60,,62238,,,0,20,,62236,,,0,19,,62240,,,0,19,,62235,,,0
6400,'1CCSDCUT-Weekday',1624,,62243,,,0,18,,62245,,,0,60,,62244,,,0,20,,62242,,,0,19,,62246,,,0,18,,62241,,,0
6400,'1PUBCUT-Weekday',1624,,62249,,,0,18,,62251,,,0,60,,62250,,,0,20,,62248,,,0,19,,62252,,,0,18,,62247,,,0
10900,'Weekday',1634,,73312,,,0,75,,73313,,,0
10900,'1CCSDCUT-Weekday',1634,,73314,,,0,75,,73315,,,0
10900,'1PUBCUT-Weekday',1634,,73316,,,0,75,,73317,,,0
11600,'Weekday',1634,,74312,,,0,20,,74313,,,0,60,,74314,,,0,30,,74315,,,0
11600,'1CCSDCUT-Weekday',1634,,74316,,,0,20,,74317,,,0,60,,74318,,,0,30,,74319,,,0
11600,'1PUBCUT-Weekday',1634,,74320,,,0,20,,74321,,,0,60,,74322,,,0,30,,74323,,,0
14200,'Weekday',1640,,78443,,,0,65,,78445,,,0,35,,78444,,,0
14200,'1CCSDCUT-Weekday',1640,,78446,,,0,65,,78448,,,0,35,,78447,,,0
14200,'1PUBCUT-Weekday',1640,,78449,,,0,65,,78451,,,0,35,,78450,,,0
