901,'CUT-Weekday',508,,4070,,,0,22,,4085,,,0,22,,4096,,,0,62,,4111,,,0,23,,4078,,,0,64,,4091,,,0,27,,4103,,,0,22,,4071,,,0,61,,4086,,,0,11,,4123,,,0,11,,4097,,,0,11,,4124,,,0,11,,4112,,,0,62,,4119,,,0,21,,4079,,,0,11,,4127,,,0,10,,4092,,,0,61,,4104,,,0,22,,4072,,,0,62,,4087,,,0,22,,4098,,,0,22,,4113,,,0,62,,4120,,,0,22,,4080,,,0,22,,4093,,,0,62,,4106,,,0,22,,4073,,,0,62,,4088,,,0,22,,4099,,,0,22,,4114,,,0,63,,4121,,,0,24,,4081,,,0,24,,4094,,,0,62,,4107,,,0,11,,4128,,,0,11,,4074,,,0,11,,4125,,,0,51,,4089,,,0,11,,4126,,,0,11,,4100,,,0,22,,4115,,,0,62,,4122,,,0,22,,4082,,,0,19,,4095,,,0,59,,4108,,,0,19,,4075,,,0,22,,4090,,,0,62,,4101,,,0,30,,4116,,,0,70,,4083,,,0,29,,4109,,,0,68,,4076,,,0,30,,4102,,,0,70,,4117,,,0,30,,4084,,,0,70,,4110,,,0,30,,4077,,,0,70,,4105,,,0,30,,4118,,,0
901,'Saturday',545,,4130,,,0,90,,4141,,,0,71,,4153,,,0,31,,4158,,,0,72,,4134,,,0,31,,4147,,,0,71,,4131,,,0,32,,4142,,,0,71,,4152,,,0,32,,4159,,,0,71,,4136,,,0,31,,4149,,,0,71,,4132,,,0,33,,4143,,,0,71,,4155,,,0,31,,4160,,,0,71,,4138,,,0,31,,4148,,,0,71,,4129,,,0,31,,4144,,,0,71,,4154,,,0,71,,4161,,,0,31,,4139,,,0,71,,4150,,,0,31,,4133,,,0,70,,4145,,,0,29,,4156,,,0,71,,4162,,,0,31,,4137,,,0,70,,4151,,,0,31,,4135,,,0,71,,4146,,,0,31,,4157,,,0,71,,4163,,,0,31,,4140,,,0
901,'Sunday',545,,4166,,,0,90,,4176,,,0,71,,4195,,,0,31,,4185,,,0,72,,4165,,,0,31,,4172,,,0,71,,4180,,,0,32,,4193,,,0,71,,4188,,,0,32,,4167,,,0,71,,4174,,,0,31,,4181,,,0,71,,4196,,,0,33,,4187,,,0,71,,4164,,,0,31,,4173,,,0,71,,4182,,,0,31,,4197,,,0,71,,4190,,,0,31,,4168,,,0,71,,4175,,,0,71,,4183,,,0,31,,4198,,,0,71,,4189,,,0,31,,4169,,,0,70,,4177,,,0,29,,4184,,,0,71,,4194,,,0,31,,4191,,,0,70,,4170,,,0,31,,4178,,,0,71,,4186,,,0,31,,4179,,,0,71,,4192,,,0,31,,4171,,,0
901,'Weekday',508,,4199,,,0,22,,4214,,,0,22,,4225,,,0,62,,4240,,,0,23,,4207,,,0,64,,4220,,,0,27,,4232,,,0,22,,4200,,,0,61,,4215,,,0,11,,4252,,,0,11,,4226,,,0,11,,4253,,,0,11,,4241,,,0,51,,4254,,,0,11,,4248,,,0,10,,4255,,,0,11,,4208,,,0,11,,4258,,,0,10,,4221,,,0,61,,4233,,,0,22,,4201,,,0,62,,4216,,,0,22,,4227,,,0,22,,4242,,,0,62,,4249,,,0,22,,4209,,,0,22,,4222,,,0,62,,4235,,,0,22,,4202,,,0,62,,4217,,,0,22,,4228,,,0,22,,4243,,,0,63,,4250,,,0,24,,4210,,,0,24,,4223,,,0,62,,4236,,,0,11,,4259,,,0,11,,4203,,,0,11,,4256,,,0,51,,4218,,,0,11,,4257,,,0,11,,4229,,,0,22,,4244,,,0,62,,4251,,,0,22,,4211,,,0,19,,4224,,,0,59,,4237,,,0,19,,4204,,,0,22,,4219,,,0,62,,4230,,,0,30,,4245,,,0,70,,4212,,,0,29,,4238,,,0,68,,4205,,,0,30,,4231,,,0,70,,4246,,,0,30,,4213,,,0,70,,4239,,,0,30,,4206,,,0,70,,4234,,,0,30,,4247,,,0
901,'pBxDec31-Weekday',508,,4260,,,0,22,,4275,,,0,22,,4284,,,0,62,,4301,,,0,23,,4268,,,0,64,,4281,,,0,27,,4293,,,0,22,,4261,,,0,61,,4276,,,0,11,,4313,,,0,11,,4287,,,0,11,,4314,,,0,11,,4302,,,0,62,,4309,,,0,21,,4269,,,0,11,,4317,,,0,10,,4282,,,0,61,,4294,,,0,22,,4262,,,0,62,,4277,,,0,22,,4288,,,0,22,,4303,,,0,62,,4310,,,0,22,,4270,,,0,22,,4283,,,0,62,,4296,,,0,22,,4263,,,0,62,,4278,,,0,22,,4289,,,0,22,,4304,,,0,63,,4311,,,0,24,,4271,,,0,24,,4285,,,0,62,,4297,,,0,11,,4318,,,0,11,,4264,,,0,11,,4315,,,0,51,,4279,,,0,11,,4316,,,0,11,,4290,,,0,22,,4305,,,0,62,,4312,,,0,22,,4272,,,0,19,,4286,,,0,59,,4298,,,0,19,,4265,,,0,22,,4280,,,0,62,,4291,,,0,30,,4306,,,0,70,,4273,,,0,29,,4299,,,0,68,,4266,,,0,30,,4292,,,0,70,,4307,,,0,30,,4274,,,0,70,,4300,,,0,30,,4267,,,0,70,,4295,,,0,30,,4308,,,0
1300,'CUT-Weekday',556,,4984,,,0,70,,4992,,,0,28,,5010,,,0,70,,5001,,,0,30,,4985,,,0,69,,4993,,,0,30,,5011,,,0,70,,5002,,,0,30,,4983,,,0,71,,4994,,,0,30,,5013,,,0,70,,5003,,,0,30,,4986,,,0,70,,4995,,,0,30,,5012,,,0,70,,5004,,,0,30,,4987,,,0,70,,4996,,,0,30,,5014,,,0,71,,5005,,,0,30,,4989,,,0,70,,4997,,,0,30,,5015,,,0,70,,5006,,,0,30,,4988,,,0,65,,4998,,,0,30,,5017,,,0,70,,5007,,,0,30,,4990,,,0,70,,4999,,,0,30,,5016,,,0,70,,5008,,,0,30,,4991,,,0,70,,5000,,,0,30,,5018,,,0,64,,5009,,,0
1300,'Saturday',724,,5021,,,0,34,,5029,,,0,74,,5039,,,0,74,,5020,,,0,34,,5030,,,0,74,,5040,,,0,34,,5023,,,0,74,,5031,,,0,34,,5022,,,0,74,,5034,,,0,74,,5041,,,0,34,,5024,,,0,74,,5033,,,0,34,,5042,,,0,76,,5025,,,0,34,,5032,,,0,74,,5043,,,0,74,,5026,,,0,34,,5035,,,0,73,,5045,,,0,33,,5027,,,0,74,,5036,,,0,34,,5044,,,0,74,,5037,,,0,74,,5046,,,0,34,,5028,,,0,74,,5038,,,0,34,,5047,,,0,74,,5048,,,0
1300,'Sunday',724,,5050,,,0,34,,5061,,,0,74,,5071,,,0,75,,5051,,,0,34,,5062,,,0,74,,5072,,,0,34,,5052,,,0,74,,5063,,,0,34,,5073,,,0,74,,5054,,,0,74,,5064,,,0,34,,5075,,,0,74,,5053,,,0,34,,5065,,,0,76,,5074,,,0,34,,5055,,,0,74,,5066,,,0,74,,5076,,,0,34,,5056,,,0,72,,5067,,,0,33,,5077,,,0,74,,5058,,,0,34,,5068,,,0,74,,5078,,,0,74,,5059,,,0,34,,5069,,,0,74,,5079,,,0,34,,5057,,,0,74,,5070,,,0,34,,5080,,,0,74,,5060,,,0
1300,'Weekday',556,,5082,,,0,70,,5090,,,0,28,,5108,,,0,70,,5099,,,0,30,,5083,,,0,69,,5091,,,0,30,,5109,,,0,70,,5100,,,0,30,,5081,,,0,71,,5092,,,0,30,,5111,,,0,70,,5101,,,0,30,,5084,,,0,70,,5093,,,0,30,,5110,,,0,70,,5102,,,0,30,,5085,,,0,70,,5094,,,0,30,,5112,,,0,71,,5103,,,0,30,,5086,,,0,70,,5095,,,0,30,,5113,,,0,70,,5104,,,0,30,,5087,,,0,65,,5096,,,0,30,,5115,,,0,70,,5105,,,0,30,,5088,,,0,70,,5097,,,0,30,,5114,,,0,70,,5106,,,0,30,,5089,,,0,70,,5098,,,0,30,,5116,,,0,64,,5107,,,0
1300,'pBxDec31-Weekday',556,,5118,,,0,70,,5126,,,0,28,,5144,,,0,70,,5135,,,0,30,,5119,,,0,69,,5127,,,0,30,,5145,,,0,70,,5136,,,0,30,,5117,,,0,71,,5128,,,0,30,,5147,,,0,70,,5137,,,0,30,,5120,,,0,70,,5129,,,0,30,,5146,,,0,70,,5138,,,0,30,,5121,,,0,70,,5130,,,0,30,,5148,,,0,71,,5139,,,0,30,,5123,,,0,70,,5131,,,0,30,,5149,,,0,70,,5140,,,0,30,,5122,,,0,65,,5132,,,0,30,,5151,,,0,70,,5141,,,0,30,,5124,,,0,70,,5133,,,0,30,,5150,,,0,70,,5142,,,0,30,,5125,,,0,70,,5134,,,0,30,,5152,,,0,64,,5143,,,0
