8200,'Saturday',706,,11706,37,4,,0,30,,11707,37,4,,0,70,,11708,37,4,,0,30,,11709,37,4,,0,70,,11710,37,4,,0,30,,11711,37,4,,0,70,,11712,37,4,,0,30,,11729,37,4,,0,70,,11731,37,4,,0,30,,11714,37,4,,0,70,,11727,37,4,,0,30,,11720,37,4,,0,70,,11715,37,4,,0,30,,11728,37,4,,0,70,,11721,37,4,,0,30,,11713,37,4,,0,70,,11726,37,4,,0,30,,11722,37,4,,0,70,,11716,37,4,,0,30,,11725,37,4,,0,70,,11732,37,4,,0,30,,11717,37,4,,0,70,,11723,37,4,,0,30,,11730,37,4,,0,70,,11718,37,4,,0,30,,11724,37,4,,0,70,,11733,37,4,,0,30,,11719,37,4,,0,70,,11739,37,4,,0,30,,11740,37,4,,0,70,,11741,37,4,,0,30,,11736,37,4,,0,70,,11735,37,4,,0,30,,11737,37,4,,0,70,,11734,37,4,,0,30,,11738,37,4,,0
8200,'Sunday',706,,11742,37,4,,0,30,,11754,37,4,,0,70,,11766,37,4,,0,30,,11743,37,4,,0,70,,11755,37,4,,0,30,,11767,37,4,,0,70,,11744,37,4,,0,30,,11756,37,4,,0,70,,11768,37,4,,0,30,,11745,37,4,,0,70,,11757,37,4,,0,30,,11769,37,4,,0,70,,11746,37,4,,0,30,,11758,37,4,,0,70,,11770,37,4,,0,30,,11747,37,4,,0,70,,11759,37,4,,0,30,,11771,37,4,,0,70,,11748,37,4,,0,30,,11760,37,4,,0,70,,11772,37,4,,0,30,,11749,37,4,,0,70,,11761,37,4,,0,30,,11773,37,4,,0,70,,11750,37,4,,0,30,,11762,37,4,,0,70,,11775,37,4,,0,30,,11751,37,4,,0,70,,11763,37,4,,0,30,,11776,37,4,,0,70,,11752,37,4,,0,30,,11764,37,4,,0,70,,11774,37,4,,0,30,,11753,37,4,,0,70,,11765,37,4,,0,30,,11777,37,4,,0
8200,'Weekday',703,,11783,37,4,,0,36,,11793,37,4,,0,73,,11803,37,4,,0,17,,11812,37,4,,0,16,,11784,37,4,,0,73,,11794,37,4,,0,32,,11804,37,4,,0,72,,11785,37,4,,0,33,,11795,37,4,,0,73,,11805,37,4,,0,73,,11787,37,4,,0,35,,11796,37,4,,0,73,,11806,37,4,,0,33,,11786,37,4,,0,12,,11782,37,4,,0,61,,11797,37,4,,0,33,,11807,37,4,,0,75,,11788,37,4,,0,36,,11798,37,4,,0,54,,11778,37,4,,0,19,,11808,37,4,,0,17,,11780,37,4,,0,56,,11789,37,4,,0,16,,11779,37,4,,0,15,,11799,37,4,,0,17,,11781,37,4,,0,56,,11809,37,4,,0,33,,11790,37,4,,0,70,,11800,37,4,,0,31,,11810,37,4,,0,73,,11792,37,4,,0,33,,11801,37,4,,0,73,,11811,37,4,,0,33,,11791,37,4,,0,73,,11802,37,4,,0,73,,11813,37,4,,0,33,,11814,37,4,,0,73,,11815,37,4,,0,33,,11816,37,4,,0
8201,'Saturday',540,,11844,1,,,0,70,,11845,1,,,0,30,,11838,1,,,0,70,,11817,1,,,0,30,,11818,1,,,0,70,,11819,1,,,0,30,,11823,1,,,0,70,,11824,1,,,0,30,,11820,1,,,0,70,,11821,1,,,0,30,,11837,1,,,0,70,,11841,1,,,0,30,,11822,1,,,0,70,,11839,1,,,0,30,,11842,1,,,0,70,,11825,1,,,0,30,,11835,1,,,0,70,,11830,1,,,0,30,,11826,1,,,0,70,,11836,1,,,0,30,,11843,1,,,0,70,,11827,1,,,0,30,,11834,1,,,0,70,,11840,1,,,0,30,,11828,1,,,0,70,,11833,1,,,0,30,,11831,1,,,0,70,,11829,1,,,0,30,,11832,1,,,0,70,,11846,1,,,0,30,,11847,1,,,0,70,,11848,1,,,0,30,,11849,1,,,0,70,,11850,1,,,0,30,,11851,1,,,0,70,,11852,1,,,0,30,,11853,1,,,0
8201,'Sunday',540,,11854,1,,,0,70,,11867,1,,,0,30,,11879,1,,,0,70,,11855,1,,,0,30,,11868,1,,,0,70,,11880,1,,,0,30,,11856,1,,,0,70,,11869,1,,,0,30,,11881,1,,,0,70,,11857,1,,,0,30,,11870,1,,,0,70,,11882,1,,,0,30,,11858,1,,,0,70,,11871,1,,,0,30,,11883,1,,,0,70,,11859,1,,,0,30,,11872,1,,,0,70,,11884,1,,,0,30,,11861,1,,,0,70,,11874,1,,,0,30,,11885,1,,,0,70,,11860,1,,,0,30,,11873,1,,,0,70,,11886,1,,,0,30,,11862,1,,,0,70,,11875,1,,,0,30,,11889,1,,,0,70,,11864,1,,,0,30,,11876,1,,,0,70,,11890,1,,,0,30,,11863,1,,,0,70,,11877,1,,,0,30,,11887,1,,,0,70,,11865,1,,,0,30,,11878,1,,,0,70,,11888,1,,,0,30,,11866,1,,,0
8201,'Weekday',532,,11894,1,,,0,73,,11905,1,,,0,33,,11916,1,,,0,16,,11926,1,,,0,57,,11895,1,,,0,16,,11928,1,,,0,17,,11906,1,,,0,56,,11893,1,,,0,17,,11917,1,,,0,16,,11927,1,,,0,17,,11896,1,,,0,73,,11907,1,,,0,33,,11918,1,,,0,73,,11897,1,,,0,73,,11908,1,,,0,33,,11919,1,,,0,73,,11898,1,,,0,33,,11909,1,,,0,73,,11920,1,,,0,33,,11899,1,,,0,73,,11910,1,,,0,33,,11921,1,,,0,73,,11900,1,,,0,33,,11911,1,,,0,56,,11891,1,,,0,17,,11922,1,,,0,73,,11901,1,,,0,16,,11892,1,,,0,17,,11912,1,,,0,16,,11915,1,,,0,57,,11923,1,,,0,33,,11902,1,,,0,73,,11913,1,,,0,33,,11924,1,,,0,73,,11903,1,,,0,33,,11914,1,,,0,73,,11925,1,,,0,73,,11904,1,,,0,33,,11929,1,,,0,73,,11930,1,,,0,33,,11931,1,,,0,73,,11932,1,,,0
11501,'Saturday',656,,16049,28,,,0,78,,16050,28,,,0,78,,16051,28,,,0,38,,16052,28,,,0,80,,16053,28,,,0,78,,16054,28,,,0,38,,16055,28,,,0,78,,16056,28,,,0,78,,16057,28,,,0,38,,16058,28,,,0,78,,16059,28,,,0,38,,16060,28,,,0,78,,16061,28,,,0,78,,16062,28,,,0,38,,16063,28,,,0,78,,16064,28,,,0,78,,16067,28,,,0,38,,16068,28,,,0,78,,16065,28,,,0,78,,16066,28,,,0,36,,16071,28,,,0,78,,16069,28,,,0,38,,16070,28,,,0,78,,16072,28,,,0,78,,16073,28,,,0,38,,16074,28,,,0,78,,16075,28,,,0
11501,'Sunday',656,,16076,28,,,0,78,,16077,28,,,0,78,,16078,28,,,0,38,,16079,28,,,0,80,,16080,28,,,0,78,,16081,28,,,0,38,,16082,28,,,0,78,,16083,28,,,0,78,,16084,28,,,0,38,,16085,28,,,0,78,,16086,28,,,0,38,,16087,28,,,0,78,,16088,28,,,0,78,,16089,28,,,0,38,,16090,28,,,0,78,,16091,28,,,0,78,,16094,28,,,0,38,,16095,28,,,0,78,,16092,28,,,0,78,,16093,28,,,0,36,,16098,28,,,0,78,,16096,28,,,0,38,,16097,28,,,0,78,,16099,28,,,0,78,,16100,28,,,0,38,,16101,28,,,0,78,,16102,28,,,0
11501,'Weekday',602,,16106,28,,,0,29,,16135,28,,,0,8,,16104,28,,,0,72,,16105,28,,,0,32,,16117,28,,,0,72,,16108,28,,,0,32,,16111,28,,,0,70,,16110,28,,,0,29,,16114,28,,,0,72,,16112,28,,,0,32,,16109,28,,,0,72,,16113,28,,,0,32,,16116,28,,,0,72,,16115,28,,,0,32,,16120,28,,,0,72,,16119,28,,,0,72,,16121,28,,,0,32,,16124,28,,,0,77,,16126,28,,,0,32,,16128,28,,,0,72,,16122,28,,,0,21,,16136,28,,,0,11,,16125,28,,,0,3,,16137,28,,,0,69,,16127,28,,,0,32,,16129,28,,,0,72,,16130,28,,,0,32,,16123,28,,,0,68,,16134,28,,,0,31,,16131,28,,,0,72,,16118,28,,,0,32,,16132,28,,,0,72,,16107,28,,,0,72,,16133,28,,,0,32,,16103,28,,,0
12901,'Saturday',703,,17589,14,,,0,43,,17580,14,,,0,80,,17598,14,,,0,80,,17590,14,,,0,40,,17581,14,,,0,80,,17599,14,,,0,80,,17591,14,,,0,40,,17582,14,,,0,80,,17600,14,,,0,80,,17592,14,,,0,40,,17583,14,,,0,80,,17601,14,,,0,80,,17593,14,,,0,40,,17584,14,,,0,80,,17602,14,,,0,80,,17595,14,,,0,40,,17585,14,,,0,80,,17603,14,,,0,80,,17594,14,,,0,40,,17586,14,,,0,80,,17604,14,,,0,83,,17596,14,,,0,37,,17587,14,,,0,80,,17605,14,,,0,80,,17597,14,,,0,40,,17588,14,,,0
12901,'Sunday',703,,17615,14,,,0,43,,17606,14,,,0,80,,17624,14,,,0,80,,17616,14,,,0,40,,17607,14,,,0,80,,17625,14,,,0,80,,17617,14,,,0,40,,17608,14,,,0,80,,17626,14,,,0,80,,17618,14,,,0,40,,17609,14,,,0,80,,17627,14,,,0,80,,17619,14,,,0,40,,17610,14,,,0,80,,17629,14,,,0,80,,17620,14,,,0,40,,17611,14,,,0,80,,17628,14,,,0,80,,17621,14,,,0,40,,17612,14,,,0,80,,17630,14,,,0,83,,17622,14,,,0,37,,17613,14,,,0,80,,17631,14,,,0,80,,17623,14,,,0,40,,17614,14,,,0
12901,'Weekday',535,,17651,14,,,0,66,,17658,14,,,0,30,,17639,14,,,0,72,,17633,14,,,0,30,,17652,14,,,0,67,,17671,14,,,0,4,,17659,14,,,0,32,,17640,14,,,0,15,,17632,14,,,0,52,,17634,14,,,0,28,,17653,14,,,0,70,,17660,14,,,0,30,,17641,14,,,0,70,,17635,14,,,0,30,,17654,14,,,0,70,,17661,14,,,0,30,,17643,14,,,0,70,,17636,14,,,0,30,,17655,14,,,0,70,,17662,14,,,0,30,,17642,14,,,0,72,,17637,14,,,0,28,,17656,14,,,0,69,,17663,14,,,0,31,,17644,14,,,0,16,,17670,14,,,0,57,,17638,14,,,0,30,,17657,14,,,0,24,,17664,14,,,0,70,,17645,14,,,0,30,,17665,14,,,0,70,,17646,14,,,0,28,,17666,14,,,0,70,,17647,14,,,0,30,,17667,14,,,0,70,,17648,14,,,0,30,,17668,14,,,0,70,,17649,14,,,0,30,,17669,14,,,0,70,,17650,14,,,0
77101,'Weekday',748,,23928,15,0,5 6 1 7 8,0
