6200,'Weekday',1638,,98747,12,,,0,73,,98746,12,,,0,35,,98748,12,,,0
6200,'STMPSnea-Weekday',1638,,98750,12,,,0,73,,98749,12,,,0,35,,98751,12,,,0
6200,'STMPWeek-Weekday',1638,,98753,12,,,0,73,,98752,12,,,0,35,,98754,12,,,0
6200,'STMPar-Weekday',1638,,98756,12,,,0,73,,98755,12,,,0,35,,98757,12,,,0
6400,'Weekday',1624,,98860,12,,,0,18,,98862,12,,,0,60,,98861,12,,,0,20,,98859,12,,,0,19,,98863,12,,,0,18,,98858,12,,,0
6400,'STMPSnea-Weekday',1624,,98866,12,,,0,18,,98868,12,,,0,60,,98867,12,,,0,20,,98865,12,,,0,19,,98869,12,,,0,18,,98864,12,,,0
6400,'STMPWeek-Weekday',1624,,98872,12,,,0,18,,98874,12,,,0,60,,98873,12,,,0,20,,98871,12,,,0,19,,98875,12,,,0,18,,98870,12,,,0
6400,'STMPar-Weekday',1624,,98878,12,,,0,18,,98880,12,,,0,60,,98879,12,,,0,20,,98877,12,,,0,19,,98881,12,,,0,18,,98876,12,,,0
10900,'Weekday',1634,,117622,12,,,0,75,,117623,12,,,0
10900,'STMPSnea-Weekday',1634,,117624,12,,,0,75,,117625,12,,,0
10900,'STMPWeek-Weekday',1634,,117626,12,,,0,75,,117627,12,,,0
10900,'STMPar-Weekday',1634,,117628,12,,,0,75,,117629,12,,,0
11600,'Weekday',1634,,119242,12,,,0,20,,119243,12,,,0,60,,119244,12,,,0,30,,119245,12,,,0
11600,'STMPSnea-Weekday',1634,,119246,12,,,0,20,,119247,12,,,0,60,,119248,12,,,0,30,,119249,12,,,0
11600,'STMPWeek-Weekday',1634,,119250,12,,,0,20,,119251,12,,,0,60,,119252,12,,,0,30,,119253,12,,,0
11600,'STMPar-Weekday',1634,,119254,12,,,0,20,,119255,12,,,0,60,,119256,12,,,0,30,,119257,12,,,0
14200,'Weekday',1640,,126065,13,,,0,65,,126067,13,,,0,35,,126066,13,,,0
14200,'STMPSnea-Weekday',1640,,126068,13,,,0,65,,126070,13,,,0,35,,126069,13,,,0
14200,'STMPWeek-Weekday',1640,,126071,13,,,0,65,,126073,13,,,0,35,,126072,13,,,0
14200,'STMPar-Weekday',1640,,126074,13,,,0,65,,126076,13,,,0,35,,126075,13,,,0
40500,'STMPSa-Saturday',1000,,142761,9,,,0,15,,142772,9,,,0,15,,142783,9,,,0,15,,142794,9,,,0,55,,142804,9,,,0,15,,142814,9,,,0,15,,142762,9,,,0,15,,142773,9,,,0,55,,142784,9,,,0,17,,142795,9,,,0,17,,142805,9,,,0,13,,142815,9,,,0,53,,142763,9,,,0,14,,142774,9,,,0,15,,142785,9,,,0,15,,142796,9,,,0,15,,142806,9,,,0,55,,142816,9,,,0,15,,142764,9,,,0,15,,142775,9,,,0,15,,142786,9,,,0,55,,142797,9,,,0,15,,142807,9,,,0,15,,142817,9,,,0,15,,142765,9,,,0,55,,142776,9,,,0,15,,142787,9,,,0,15,,142798,9,,,0,15,,142808,9,,,0,55,,142818,9,,,0,15,,142766,9,,,0,15,,142777,9,,,0,15,,142788,9,,,0,55,,142799,9,,,0,15,,142809,9,,,0,15,,142819,9,,,0,15,,142767,9,,,0,55,,142778,9,,,0,15,,142789,9,,,0,15,,142800,9,,,0,15,,142810,9,,,0,55,,142820,9,,,0,15,,142768,9,,,0,15,,142779,9,,,0,15,,142790,9,,,0,55,,142801,9,,,0,15,,142811,9,,,0,15,,142821,9,,,0,15,,142769,9,,,0,55,,142780,9,,,0,15,,142791,9,,,0,15,,142802,9,,,0,15,,142812,9,,,0,55,,142822,9,,,0,15,,142770,9,,,0,15,,142781,9,,,0,15,,142792,9,,,0,55,,142803,9,,,0,15,,142813,9,,,0,15,,142823,9,,,0,15,,142771,9,,,0,55,,142782,9,,,0,15,,142793,9,,,0
40500,'STMPSnea-Weekday',1802,,142829,9,,,0,29,,142835,9,,,0,26,,142824,9,,,0,70,,142830,9,,,0,30,,142836,9,,,0,70,,142825,9,,,0,30,,142831,9,,,0,70,,142837,9,,,0,30,,142826,9,,,0,70,,142832,9,,,0,30,,142838,9,,,0,70,,142827,9,,,0,15,,142841,9,,,0,15,,142833,9,,,0,55,,142843,9,,,0,15,,142839,9,,,0,15,,142840,9,,,0,15,,142828,9,,,0,55,,142842,9,,,0,15,,142834,9,,,0
40500,'STMPSu1-Sunday',750,,142926,9,,,0,50,,142923,9,,,0,12,,142925,9,,,0,7,,142924,9,,,0,7,,142919,9,,,0,7,,142920,9,,,0,7,,142921,9,,,0,7,,142922,9,,,0,54,,142918,9,,,0,14,,142916,9,,,0,7,,142917,9,,,0,7,,142915,9,,,0,14,,142913,9,,,0,7,,142914,9,,,0,54,,142910,9,,,0,10,,142911,9,,,0,11,,142912,9,,,0,10,,142908,9,,,0,10,,142909,9,,,0,10,,142905,9,,,0,50,,142906,9,,,0,10,,142907,9,,,0,10,,142904,9,,,0,10,,142903,9,,,0,10,,142902,9,,,0,10,,142901,9,,,0,51,,142900,9,,,0,11,,142899,9,,,0,12,,142898,9,,,0,9,,142897,9,,,0,9,,142896,9,,,0,9,,142895,9,,,0,49,,142894,9,,,0,9,,142893,9,,,0,15,,142892,9,,,0,15,,142891,9,,,0,15,,142890,9,,,0,55,,142889,9,,,0,15,,142888,9,,,0,15,,142887,9,,,0,15,,142886,9,,,0,55,,142885,9,,,0,15,,142884,9,,,0,15,,142883,9,,,0,15,,142882,9,,,0,55,,142881,9,,,0,15,,142880,9,,,0,15,,142879,9,,,0,15,,142878,9,,,0,55,,142877,9,,,0,15,,142876,9,,,0,15,,142875,9,,,0,15,,142874,9,,,0,55,,142873,9,,,0,15,,142872,9,,,0,15,,142871,9,,,0,15,,142870,9,,,0,55,,142869,9,,,0,15,,142868,9,,,0,15,,142867,9,,,0,15,,142866,9,,,0,55,,142865,9,,,0,15,,142864,9,,,0,15,,142863,9,,,0,15,,142862,9,,,0,55,,142861,9,,,0,15,,142860,9,,,0,15,,142859,9,,,0,15,,142858,9,,,0,55,,142857,9,,,0,15,,142856,9,,,0,15,,142855,9,,,0,15,,142854,9,,,0,55,,142853,9,,,0,15,,142852,9,,,0,15,,142851,9,,,0,15,,142850,9,,,0,55,,142849,9,,,0,15,,142848,9,,,0,15,,142847,9,,,0,15,,142845,9,,,0,55,,142846,9,,,0,15,,142844,9,,,0
40500,'STMPSu2-Sunday',1000,,142927,9,,,0,15,,142938,9,,,0,15,,142949,9,,,0,15,,142960,9,,,0,55,,142970,9,,,0,15,,142980,9,,,0,15,,142928,9,,,0,15,,142939,9,,,0,55,,142950,9,,,0,17,,142961,9,,,0,17,,142971,9,,,0,13,,142981,9,,,0,53,,142929,9,,,0,14,,142940,9,,,0,15,,142951,9,,,0,15,,142962,9,,,0,15,,142972,9,,,0,55,,142982,9,,,0,15,,142930,9,,,0,15,,142941,9,,,0,15,,142952,9,,,0,55,,142963,9,,,0,15,,142973,9,,,0,15,,142983,9,,,0,15,,142931,9,,,0,55,,142942,9,,,0,15,,142953,9,,,0,15,,142964,9,,,0,15,,142974,9,,,0,55,,142984,9,,,0,15,,142932,9,,,0,15,,142943,9,,,0,15,,142954,9,,,0,55,,142965,9,,,0,15,,142975,9,,,0,15,,142985,9,,,0,15,,142933,9,,,0,55,,142944,9,,,0,15,,142955,9,,,0,15,,142966,9,,,0,15,,142976,9,,,0,55,,142986,9,,,0,15,,142934,9,,,0,15,,142945,9,,,0,15,,142956,9,,,0,55,,142967,9,,,0,15,,142977,9,,,0,15,,142987,9,,,0,15,,142935,9,,,0,55,,142946,9,,,0,15,,142957,9,,,0,15,,142968,9,,,0,15,,142978,9,,,0,55,,142988,9,,,0,15,,142936,9,,,0,15,,142947,9,,,0,15,,142958,9,,,0,55,,142969,9,,,0,15,,142979,9,,,0,15,,142989,9,,,0,15,,142937,9,,,0,55,,142948,9,,,0,15,,142959,9,,,0
40500,'STMPWeek-Weekday',1010,,143031,9,,,0,15,,142990,9,,,0,15,,143001,9,,,0,15,,143011,9,,,0,51,,143021,9,,,0,10,,143042,9,,,0,15,,143032,9,,,0,15,,142991,9,,,0,55,,143002,9,,,0,15,,143012,9,,,0,15,,143022,9,,,0,15,,143043,9,,,0,55,,143033,9,,,0,15,,142992,9,,,0,15,,143003,9,,,0,15,,143013,9,,,0,55,,143023,9,,,0,15,,143044,9,,,0,15,,143034,9,,,0,15,,142993,9,,,0,57,,143004,9,,,0,17,,143014,9,,,0,17,,143024,9,,,0,15,,143045,9,,,0,55,,143035,9,,,0,15,,142994,9,,,0,15,,143005,9,,,0,15,,143015,9,,,0,55,,143025,9,,,0,15,,143046,9,,,0,15,,143036,9,,,0,15,,143047,9,,,0,55,,142995,9,,,0,14,,143006,9,,,0,14,,143016,9,,,0,9,,143026,9,,,0,13,,143037,9,,,0,55,,143048,9,,,0,15,,142996,9,,,0,15,,143007,9,,,0,15,,143017,9,,,0,55,,143027,9,,,0,15,,143038,9,,,0,15,,143049,9,,,0,15,,142997,9,,,0,55,,143008,9,,,0,15,,143018,9,,,0,15,,143028,9,,,0,15,,143039,9,,,0,55,,143050,9,,,0,15,,142998,9,,,0,15,,143009,9,,,0,15,,143019,9,,,0,55,,143029,9,,,0,15,,143040,9,,,0,15,,143051,9,,,0,15,,142999,9,,,0,55,,143010,9,,,0,15,,143020,9,,,0,15,,143030,9,,,0,15,,143041,9,,,0,55,,143052,9,,,0,15,,143000,9,,,0
40500,'STMPWeek-Weekday0010000',728,,143057,9,,,0,15,,143059,9,,,0,10,,143053,9,,,0,50,,143061,9,,,0,10,,143063,9,,,0,10,,143066,9,,,0,10,,143055,9,,,0,10,,143065,9,,,0,10,,143056,9,,,0,49,,143058,9,,,0,10,,143060,9,,,0,9,,143054,9,,,0,10,,143062,9,,,0,10,,143064,9,,,0,14,,143067,9,,,0
40500,'STMPar-Weekday',1301,,143068,9,,,0,15,,143077,9,,,0,15,,143086,9,,,0,15,,143103,9,,,0,55,,143095,9,,,0,15,,143111,9,,,0,15,,143069,9,,,0,15,,143078,9,,,0,57,,143087,9,,,0,17,,143104,9,,,0,17,,143096,9,,,0,15,,143112,9,,,0,55,,143070,9,,,0,15,,143079,9,,,0,15,,143088,9,,,0,15,,143105,9,,,0,55,,143097,9,,,0,15,,143113,9,,,0,15,,143071,9,,,0,15,,143080,9,,,0,55,,143089,9,,,0,14,,143106,9,,,0,14,,143098,9,,,0,14,,143114,9,,,0,8,,143072,9,,,0,55,,143081,9,,,0,15,,143090,9,,,0,15,,143107,9,,,0,15,,143099,9,,,0,55,,143115,9,,,0,15,,143073,9,,,0,15,,143082,9,,,0,15,,143091,9,,,0,55,,143108,9,,,0,15,,143100,9,,,0,15,,143116,9,,,0,15,,143074,9,,,0,55,,143083,9,,,0,15,,143092,9,,,0,15,,143109,9,,,0,15,,143101,9,,,0,55,,143117,9,,,0,15,,143075,9,,,0,15,,143084,9,,,0,15,,143093,9,,,0,55,,143110,9,,,0,15,,143102,9,,,0,15,,143118,9,,,0,15,,143076,9,,,0,55,,143085,9,,,0,15,,143094,9,,,0
