1201,'2025DE-1BUSCUT-Weekday-02',523,,4797,,,0,33,,4798,4,,0,1,,4796,,,0,65,,4801,4,,0,5,,4802,,,0,26,,4799,,,0,70,,4800,,,0,30,,4803,,,0,70,,4804,,,0,30,,4805,,,0,70,,4806,,,0,30,,4808,,,0,70,,4809,,,0,30,,4807,,,0,70,,4811,,,0,30,,4812,,,0,70,,4810,,,0,30,,4813,,,0,72,,4814,,,0,28,,4815,,,0,70,,4816,,,0,30,,4817,,,0,75,,4818,,,0,28,,4819,,,0,70,,4822,,,0,30,,4823,,,0,70,,4824,,,0,30,,4820,,,0,70,,4821,,,0,75,,4825,,,0,30,,4826,,,0,70,,4827,,,0,30,,4828,,,0,70,,4829,,,0,30,,4830,,,0,70,,4831,,,0,30,,4832,,,0,70,,4833,,,0,30,,4834,,,0
1201,'2025DE-1BUSSA-Saturday-02',800,42,4836,,,0,30,2,4840,,,0,70,42,4856,,,0,30,2,4841,,,0,70,42,4854,,,0,30,2,4839,,,0,70,42,4837,,,0,30,2,4838,,,0,70,42,4855,,,0,30,2,4843,,,0,70,42,4847,,,0,30,2,4862,,,0,70,42,4842,,,0,30,2,4848,,,0,70,42,4858,,,0,30,2,4845,,,0,70,42,4844,,,0,30,2,4863,,,0,70,42,4846,,,0,30,2,4850,,,0,70,42,4859,,,0,30,2,4851,,,0,70,42,4864,,,0,30,2,4857,,,0,70,42,4865,,,0,30,2,4852,,,0,70,42,4866,,,0,30,2,4849,,,0,70,42,4867,,,0,30,2,4861,,,0,70,42,4868,,,0,30,2,4853,,,0
1201,'2025DE-1BUSSU-Sunday-02',830,2,4871,,,0,70,42,4893,,,0,30,2,4872,,,0,70,42,4869,,,0,30,2,4889,,,0,70,42,4874,,,0,30,2,4876,,,0,70,42,4895,,,0,30,2,4873,,,0,70,42,4877,,,0,30,2,4879,,,0,70,42,4892,,,0,30,2,4880,,,0,70,42,4875,,,0,30,2,4890,,,0,70,42,4878,,,0,30,2,4881,,,0,70,42,4896,,,0,30,2,4882,,,0,70,42,4883,,,0,30,2,4891,,,0,70,42,4884,,,0,30,2,4885,,,0,70,42,4894,,,0,30,2,4886,,,0,70,42,4887,,,0,30,2,4899,,,0,70,42,4888,,,0,30,2,4901,,,0,70,42,4897,,,0,30,2,4900,,,0
1201,'2025DE-1BUSWK-Weekday-02',523,,4903,,,0,33,,4904,4,,0,1,,4902,,,0,65,,4907,4,,0,5,,4908,,,0,26,,4905,,,0,70,,4906,,,0,30,,4909,,,0,55,,4910,4,,0,15,,4911,,,0,30,,4912,,,0,70,,4913,,,0,30,,4915,,,0,70,,4916,,,0,30,,4914,,,0,70,,4918,,,0,30,,4919,,,0,70,,4917,,,0,30,,4920,,,0,72,,4921,,,0,28,,4922,,,0,70,,4923,,,0,30,,4925,,,0,75,,4926,,,0,28,,4927,,,0,55,,4924,,,0,15,,4929,,,0,30,,4930,,,0,70,,4931,,,0,30,,4928,,,0,70,,4932,,,0,75,,4933,,,0,30,,4934,,,0,70,,4935,,,0,30,,4936,,,0,70,,4937,,,0,30,,4938,,,0,70,,4939,,,0,30,,4940,,,0,70,,4941,,,0,30,,4942,,,0
1201,'2025DE-pBxDec31-Weekday-02',523,,4945,,,0,33,,4946,4,,0,1,,4944,,,0,65,,4949,4,,0,5,,4950,,,0,26,,4947,,,0,70,,4948,,,0,30,,4951,,,0,70,,4952,,,0,30,,4953,,,0,70,,4954,,,0,30,,4956,,,0,70,,4957,,,0,30,,4955,,,0,70,,4959,,,0,30,,4960,,,0,70,,4958,,,0,30,,4961,,,0,72,,4962,,,0,28,,4963,,,0,70,,4964,,,0,30,,4965,,,0,75,,4966,,,0,28,,4967,,,0,70,,4970,,,0,30,,4971,,,0,70,,4972,,,0,30,,4968,,,0,70,,4969,,,0,75,,4973,,,0,30,,4974,,,0,70,,4975,,,0,30,,4976,,,0,70,,4977,,,0,30,,4978,,,0,70,,4979,,,0,30,,4980,,,0,70,,4981,,,0,30,,4982,,,0
19400,'2025DE-1BUSCUT-Weekday-02',518,,38355,4,,0,19,,38356,4,,0,65,,38357,4,,0,27,,38358,4,,0,25,,38359,4,,0,65,,38360,4,,0,25,,38361,4,,0,65,,38362,4,,0,25,,38363,4,,0,25,,38364,4,,0,74,,38365,4,,0,90,,38366,4,,0,90,,38368,4,,0,90,,38369,4,,0,50,,38370,4,,0,90,,38367,4,,0,91,,38371,4,,0,70,,38372,4,,0,30,,38373,4,,0,20,,38375,4,,0,66,,38377,4,,0,24,,38378,4,,0,65,,38376,4,,0,25,,38380,4,,0,25,,38381,4,,0,65,,38374,4,,0,25,,38379,4,,0,64,,38382,4,,0
19400,'2025DE-1BUSWK-Weekday-02',518,,38383,4,,0,19,,38384,4,,0,65,,38385,4,,0,27,,38386,4,,0,25,,38387,4,,0,65,,38388,4,,0,25,,38389,4,,0,65,,38390,4,,0,25,,38391,4,,0,25,,38392,4,,0,74,,38393,4,,0,90,,38394,4,,0,90,,38396,4,,0,90,,38397,4,,0,50,,38398,4,,0,90,,38395,4,,0,91,,38399,4,,0,70,,38400,4,,0,30,,38401,4,,0,20,,38403,4,,0,66,,38405,4,,0,24,,38406,4,,0,65,,38404,4,,0,25,,38408,4,,0,25,,38409,4,,0,65,,38402,4,,0,25,,38407,4,,0,64,,38410,4,,0
19400,'2025DE-pBxDec31-Weekday-02',518,,38411,4,,0,19,,38412,4,,0,65,,38413,4,,0,27,,38414,4,,0,25,,38415,4,,0,65,,38416,4,,0,25,,38417,4,,0,65,,38418,4,,0,25,,38419,4,,0,25,,38420,4,,0,74,,38421,4,,0,90,,38422,4,,0,90,,38424,4,,0,90,,38425,4,,0,50,,38426,4,,0,90,,38423,4,,0,91,,38427,4,,0,70,,38428,4,,0,30,,38429,4,,0,20,,38431,4,,0,66,,38433,4,,0,24,,38434,4,,0,65,,38432,4,,0,25,,38436,4,,0,25,,38437,4,,0,65,,38430,4,,0,25,,38435,4,,0,64,,38438,4,,0
19401,'2025DE-1BUSCUT-Weekday-02',454,,38439,,,0,65,,38440,,,0,25,,38441,,,0,65,,38442,,,0,25,,38443,,,0,25,,38444,,,0,65,,38445,,,0,25,,38446,,,0,60,,38447,0,,0,40,,38448,,,0,90,,38449,,,0,90,,38450,,,0,90,,38451,,,0,90,,38452,,,0,50,,38453,,,0,90,,38455,,,0,70,,38456,,,0,29,,38457,0,,0,61,,38454,,,0,25,,38458,0,,0,25,,38459,,,0,65,,38460,,,0,25,,38461,,,0,65,,38462,,,0,25,,38463,,,0,65,,38464,,,0,25,,38465,,,0,20,,38466,,,0
19401,'2025DE-1BUSWK-Weekday-02',454,,38468,,,0,65,,38469,,,0,25,,38470,,,0,65,,38471,,,0,25,,38472,,,0,25,,38473,,,0,65,,38474,,,0,25,,38475,,,0,60,,38476,0,,0,40,,38477,,,0,90,,38478,,,0,90,,38479,,,0,90,,38480,,,0,90,,38481,,,0,50,,38482,,,0,90,,38484,,,0,70,,38485,,,0,29,,38486,0,,0,61,,38483,,,0,25,,38487,0,,0,25,,38488,,,0,65,,38489,,,0,25,,38490,,,0,65,,38491,,,0,25,,38492,,,0,65,,38493,,,0,25,,38494,,,0,20,,38495,,,0
19401,'2025DE-pBxDec31-Weekday-02',454,,38497,,,0,65,,38498,,,0,25,,38499,,,0,65,,38500,,,0,25,,38501,,,0,25,,38502,,,0,65,,38503,,,0,25,,38504,,,0,60,,38505,0,,0,40,,38506,,,0,90,,38507,,,0,90,,38508,,,0,90,,38509,,,0,90,,38510,,,0,50,,38511,,,0,90,,38513,,,0,70,,38514,,,0,29,,38515,0,,0,61,,38512,,,0,25,,38516,0,,0,25,,38517,,,0,65,,38518,,,0,25,,38519,,,0,65,,38520,,,0,25,,38521,,,0,65,,38522,,,0,25,,38523,,,0,20,,38524,,,0
87301,'2025DE-1BUSWK-Weekday-02',1512,,44423,4,,0
