4600,'Saturday',654,,38021,14,,,0,70,,38034,14,,,0,30,,38028,14,,,0,60,,38040,14,,,0,30,,38022,14,,,0,70,,38035,14,,,0,30,,38029,14,,,0,70,,38041,14,,,0,30,,38023,14,,,0,70,,38036,14,,,0,30,,38030,14,,,0,70,,38042,14,,,0,30,,38024,14,,,0,70,,38037,14,,,0,30,,38031,14,,,0,70,,38044,14,,,0,30,,38026,14,,,0,70,,38038,14,,,0,30,,38032,14,,,0,70,,38045,14,,,0,30,,38025,14,,,0,70,,38039,14,,,0,30,,38033,14,,,0,70,,38043,14,,,0,30,,38027,14,,,0,70,,38051,14,,,0,30,,38053,14,,,0,70,,38049,14,,,0,30,,38048,14,,,0,70,,38050,14,,,0,30,,38047,14,,,0,70,,38052,14,,,0,30,,38054,14,,,0,70,,38046,14,,,0
4600,'Sunday',654,,38055,14,,,0,70,,38056,14,,,0,30,,38057,14,,,0,60,,38058,14,,,0,30,,38059,14,,,0,70,,38060,14,,,0,30,,38061,14,,,0,70,,38063,14,,,0,30,,38062,14,,,0,70,,38065,14,,,0,30,,38064,14,,,0,70,,38066,14,,,0,30,,38067,14,,,0,70,,38068,14,,,0,30,,38070,14,,,0,70,,38071,14,,,0,30,,38069,14,,,0,70,,38072,14,,,0,30,,38073,14,,,0,70,,38076,14,,,0,30,,38074,14,,,0,70,,38075,14,,,0,30,,38077,14,,,0,70,,38078,14,,,0,30,,38079,14,,,0,70,,38081,14,,,0,30,,38080,14,,,0,70,,38082,14,,,0,30,,38083,14,,,0,70,,38084,14,,,0,30,,38087,14,,,0,70,,38086,14,,,0,30,,38085,14,,,0,70,,38088,14,,,0
4600,'Weekday',524,,38095,14,,,0,33,,38093,14,,,0,55,,38129,14,,,0,15,,38103,14,,,0,15,,38130,14,,,0,16,,38127,14,,,0,56,,38131,14,,,0,17,,38108,14,,,0,16,,38132,14,,,0,55,,38096,14,,,0,15,,38133,14,,,0,15,,38102,14,,,0,17,,38134,14,,,0,57,,38089,14,,,0,30,,38109,14,,,0,69,,38097,14,,,0,29,,38104,14,,,0,70,,38090,14,,,0,30,,38111,14,,,0,70,,38098,14,,,0,29,,38105,14,,,0,70,,38092,14,,,0,30,,38112,14,,,0,70,,38099,14,,,0,30,,38106,14,,,0,70,,38091,14,,,0,17,,38135,14,,,0,17,,38110,14,,,0,17,,38128,14,,,0,57,,38100,14,,,0,17,,38136,14,,,0,18,,38107,14,,,0,56,,38137,14,,,0,14,,38094,14,,,0,15,,38138,14,,,0,15,,38113,14,,,0,55,,38139,14,,,0,15,,38101,14,,,0,30,,38122,14,,,0,69,,38115,14,,,0,28,,38118,14,,,0,68,,38120,14,,,0,28,,38123,14,,,0,68,,38114,14,,,0,28,,38119,14,,,0,68,,38121,14,,,0,28,,38125,14,,,0,72,,38126,14,,,0,32,,38124,14,,,0,72,,38116,14,,,0,32,,38117,14,,,0
4600,'1CCSDCUT-Weekday',524,,38146,14,,,0,33,,38144,14,,,0,55,,38180,14,,,0,15,,38154,14,,,0,15,,38181,14,,,0,16,,38178,14,,,0,56,,38182,14,,,0,17,,38159,14,,,0,16,,38183,14,,,0,55,,38147,14,,,0,15,,38184,14,,,0,15,,38153,14,,,0,17,,38185,14,,,0,57,,38140,14,,,0,30,,38160,14,,,0,69,,38148,14,,,0,29,,38155,14,,,0,70,,38141,14,,,0,30,,38162,14,,,0,70,,38149,14,,,0,29,,38156,14,,,0,70,,38143,14,,,0,30,,38163,14,,,0,70,,38150,14,,,0,30,,38157,14,,,0,70,,38142,14,,,0,17,,38186,14,,,0,17,,38161,14,,,0,17,,38179,14,,,0,57,,38151,14,,,0,17,,38187,14,,,0,18,,38158,14,,,0,56,,38188,14,,,0,14,,38145,14,,,0,15,,38189,14,,,0,15,,38164,14,,,0,55,,38190,14,,,0,15,,38152,14,,,0,30,,38173,14,,,0,69,,38166,14,,,0,28,,38169,14,,,0,68,,38171,14,,,0,28,,38174,14,,,0,68,,38165,14,,,0,28,,38170,14,,,0,68,,38172,14,,,0,28,,38176,14,,,0,72,,38177,14,,,0,32,,38175,14,,,0,72,,38167,14,,,0,32,,38168,14,,,0
4600,'1PUBCUT-Weekday',524,,38197,14,,,0,33,,38195,14,,,0,55,,38231,14,,,0,15,,38205,14,,,0,15,,38232,14,,,0,16,,38229,14,,,0,56,,38233,14,,,0,17,,38210,14,,,0,16,,38234,14,,,0,55,,38198,14,,,0,15,,38235,14,,,0,15,,38204,14,,,0,17,,38236,14,,,0,57,,38191,14,,,0,30,,38211,14,,,0,69,,38199,14,,,0,29,,38206,14,,,0,70,,38192,14,,,0,30,,38213,14,,,0,70,,38200,14,,,0,29,,38207,14,,,0,70,,38194,14,,,0,30,,38214,14,,,0,70,,38201,14,,,0,30,,38208,14,,,0,70,,38193,14,,,0,17,,38237,14,,,0,17,,38212,14,,,0,17,,38230,14,,,0,57,,38202,14,,,0,17,,38238,14,,,0,18,,38209,14,,,0,56,,38239,14,,,0,14,,38196,14,,,0,15,,38240,14,,,0,15,,38215,14,,,0,55,,38241,14,,,0,15,,38203,14,,,0,30,,38224,14,,,0,69,,38217,14,,,0,28,,38220,14,,,0,68,,38222,14,,,0,28,,38225,14,,,0,68,,38216,14,,,0,28,,38221,14,,,0,68,,38223,14,,,0,28,,38227,14,,,0,72,,38228,14,,,0,32,,38226,14,,,0,72,,38218,14,,,0,32,,38219,14,,,0
8900,'Weekday',705,,47844,8,,,0,42,,47846,8,,,0,82,,47843,8,,,0,780,,47852,9,,,0,31,,47849,8,,,0,85,,47848,8,,,0,79,,47850,8,,,0,42,,47851,8,,,0
8900,'Weekday0000100',1440,,47853,5,,,0
8900,'1CCSDCUT-Weekday',705,,47856,8,,,0,42,,47858,8,,,0,82,,47855,8,,,0,780,,47864,9,,,0,31,,47861,8,,,0,85,,47860,8,,,0,79,,47862,8,,,0,42,,47863,8,,,0
8900,'1PUBCUT-Weekday',705,,47867,8,,,0,42,,47869,8,,,0,82,,47866,8,,,0,780,,47875,9,,,0,31,,47872,8,,,0,85,,47871,8,,,0,79,,47873,8,,,0,42,,47874,8,,,0
8900,'1PUBCUT-Weekday0000100',1440,,47876,5,,,0
