5100,'Saturday',619,,38734,22,,,0,38,,38735,22,,,0,74,,38736,22,,,0,78,,38737,22,,,0,38,,38738,22,,,0,78,,38739,22,,,0,78,,38740,22,,,0,38,,38741,22,,,0,78,,38742,22,,,0,38,,38743,22,,,0,78,,38744,22,,,0,78,,38745,22,,,0,38,,38746,22,,,0,78,,38747,22,,,0,78,,38748,22,,,0,38,,38749,22,,,0,78,,38750,22,,,0,78,,38752,22,,,0,38,,38753,22,,,0,78,,38754,22,,,0,38,,38751,22,,,0,78,,38755,22,,,0,78,,38758,22,,,0,38,,38757,22,,,0,78,,38759,22,,,0,78,,38756,22,,,0
5100,'Sunday',619,,38760,22,0,113 31,0,38,,38773,22,0,113 31,0,74,,38761,22,0,113 31,0,78,,38774,22,0,113 31,0,38,,38762,22,0,113 31,0,78,,38775,22,0,113 31,0,78,,38763,22,0,113 31,0,38,,38777,22,0,113 31,0,78,,38764,22,0,113 31,0,38,,38776,22,0,113 31,0,78,,38765,22,0,113 31,0,78,,38779,22,0,113 31,0,38,,38766,22,0,113 31,0,78,,38778,22,0,113 31,0,78,,38767,22,0,113 31,0,38,,38780,22,0,113 31,0,78,,38768,22,0,113 31,0,78,,38781,22,0,113 31,0,38,,38769,22,0,113 31,0,78,,38782,22,0,113 31,0,38,,38770,22,0,113 31,0,78,,38783,22,0,113 31,0,78,,38771,22,0,113 31,0,38,,38784,22,0,113 31,0,78,,38772,22,0,113 31,0,78,,38785,22,0,113 31,0
5100,'Weekday',529,,38786,22,,,0,20,,38805,22,,,0,60,,38789,22,,,0,20,,38815,22,,,0,20,,38787,22,,,0,60,,38806,22,,,0,20,,38791,22,,,0,20,,38816,22,,,0,65,,38788,22,,,0,10,,38807,22,,,0,25,,38790,22,,,0,60,,38817,22,,,0,40,,38808,22,,,0,80,,38819,22,,,0,80,,38809,22,,,0,40,,38818,22,,,0,80,,38810,22,,,0,80,,38820,22,,,0,40,,38811,22,,,0,80,,38821,22,,,0,75,,38812,22,,,0,20,,38792,22,,,0,20,,38822,22,,,0,60,,38799,22,,,0,15,,38813,22,,,0,25,,38793,22,,,0,60,,38823,22,,,0,20,,38801,22,,,0,20,,38814,22,,,0,60,,38794,22,,,0,45,,38800,22,,,0,80,,38796,22,,,0,80,,38802,22,,,0,40,,38795,22,,,0,80,,38803,22,,,0,80,,38797,22,,,0,40,,38804,22,,,0,91,,38798,22,,,0
5100,'1CCSDCUT-Weekday',529,,38824,22,,,0,20,,38843,22,,,0,60,,38827,22,,,0,20,,38853,22,,,0,20,,38825,22,,,0,60,,38844,22,,,0,20,,38829,22,,,0,20,,38854,22,,,0,65,,38826,22,,,0,10,,38845,22,,,0,25,,38828,22,,,0,60,,38855,22,,,0,40,,38846,22,,,0,80,,38857,22,,,0,80,,38847,22,,,0,40,,38856,22,,,0,80,,38848,22,,,0,80,,38858,22,,,0,40,,38849,22,,,0,80,,38859,22,,,0,75,,38850,22,,,0,20,,38830,22,,,0,20,,38860,22,,,0,60,,38837,22,,,0,15,,38851,22,,,0,25,,38831,22,,,0,60,,38861,22,,,0,20,,38839,22,,,0,20,,38852,22,,,0,60,,38832,22,,,0,45,,38838,22,,,0,80,,38834,22,,,0,80,,38840,22,,,0,40,,38833,22,,,0,80,,38841,22,,,0,80,,38835,22,,,0,40,,38842,22,,,0,91,,38836,22,,,0
73100,'Weekday0000100',1319,,68522,2,4,,0
73100,'Weekday1111000',1606,,68523,2,4,,0
73100,'1CCSDCUT-Weekday0000100',1319,,68524,2,4,,0
73100,'1CCSDCUT-Weekday1111000',1606,,68525,2,4,,0
73101,'Weekday',819,,68526,9,0,76 77 1 78 79,0
73101,'1CCSDCUT-Weekday',819,,68527,9,0,76 77 1 78 79,0
