9200,'Saturday',740,,48776,23,,,0,85,,48760,23,,,0,85,,48765,23,,,0,45,,48770,23,,,0,85,,48775,23,,,0,85,,48761,23,,,0,85,,48766,23,,,0,45,,48771,23,,,0,85,,48777,23,,,0,85,,48763,23,,,0,85,,48767,23,,,0,45,,48772,23,,,0,85,,48778,23,,,0,85,,48762,23,,,0,85,,48768,23,,,0,45,,48773,23,,,0,83,,48779,23,,,0,85,,48764,23,,,0,85,,48769,23,,,0,38,,48774,23,,,0
9200,'Sunday',739,,48795,23,,,0,85,,48780,23,,,0,85,,48785,23,,,0,45,,48790,23,,,0,85,,48796,23,,,0,85,,48781,23,,,0,85,,48786,23,,,0,45,,48791,23,,,0,85,,48798,23,,,0,85,,48782,23,,,0,85,,48787,23,,,0,45,,48792,23,,,0,85,,48797,23,,,0,85,,48783,23,,,0,85,,48788,23,,,0,45,,48793,23,,,0,85,,48799,23,,,0,85,,48784,23,,,0,85,,48789,23,,,0,38,,48794,23,,,0
9200,'Weekday',440,,48808,23,,,0,69,,48813,23,,,0,31,,48822,23,,,0,71,,48809,23,,,0,32,,48814,23,,,0,73,,48831,23,,,0,31,,48818,23,,,0,71,,48800,23,,,0,31,,48823,23,,,0,68,,48810,23,,,0,31,,48815,23,,,0,71,,48832,23,,,0,31,,48819,23,,,0,71,,48828,23,,,0,31,,48824,23,,,0,71,,48811,23,,,0,31,,48816,23,,,0,71,,48833,23,,,0,31,,48820,23,,,0,71,,48806,23,,,0,31,,48825,23,,,0,73,,48812,23,,,0,71,,48817,23,,,0,31,,48834,23,,,0,71,,48821,23,,,0,31,,48804,23,,,0,67,,48801,23,,,0,43,,48826,23,,,0,85,,48802,23,,,0,85,,48805,23,,,0,85,,48829,23,,,0,45,,48827,23,,,0,85,,48803,23,,,0,85,,48807,23,,,0,43,,48830,23,,,0
9200,'1CCSDCUT-Weekday',440,,48843,23,,,0,69,,48848,23,,,0,31,,48857,23,,,0,71,,48844,23,,,0,32,,48849,23,,,0,73,,48866,23,,,0,31,,48853,23,,,0,71,,48835,23,,,0,31,,48858,23,,,0,68,,48845,23,,,0,31,,48850,23,,,0,71,,48867,23,,,0,31,,48854,23,,,0,71,,48863,23,,,0,31,,48859,23,,,0,71,,48846,23,,,0,31,,48851,23,,,0,71,,48868,23,,,0,31,,48855,23,,,0,71,,48841,23,,,0,31,,48860,23,,,0,73,,48847,23,,,0,71,,48852,23,,,0,31,,48869,23,,,0,71,,48856,23,,,0,31,,48839,23,,,0,67,,48836,23,,,0,43,,48861,23,,,0,85,,48837,23,,,0,85,,48840,23,,,0,85,,48864,23,,,0,45,,48862,23,,,0,85,,48838,23,,,0,85,,48842,23,,,0,43,,48865,23,,,0
11700,'Weekday',614,,54043,18,,,0,21,,54044,18,,,0,65,,54042,18,,,0
11700,'1CCSDCUT-Weekday',614,,54046,18,,,0,21,,54047,18,,,0,65,,54045,18,,,0
15100,'Weekday',606,,59581,27,,,0,50,,59580,28,,,0
15100,'1CCSDCUT-Weekday',606,,59583,27,,,0,50,,59582,28,,,0
71600,'Weekday',821,,68443,12,0,29 30 31,0
71600,'1CCSDCUT-Weekday',821,,68445,12,0,29 30 31,0
71700,'Weekday',828,,68454,22,0,29 1 132,0
71700,'1CCSDCUT-Weekday',828,,68455,22,0,29 1 132,0
72000,'Weekday',826,,68480,15,,,0
72000,'1CCSDCUT-Weekday',826,,68481,15,,,0
82500,'Weekday',817,,68974,6,0,40 85 1 42 86,0
