900,'Saturday',627,,27967,45,,,0,74,,27978,45,,,0,28,,27961,45,,,0,71,,27973,45,,,0,31,,27983,45,,,0,71,,27986,45,,,0,31,,27968,45,,,0,71,,27980,45,,,0,31,,27962,45,,,0,71,,27974,45,,,0,31,,27984,45,,,0,71,,27990,45,,,0,31,,27971,45,,,0,71,,27981,45,,,0,31,,27963,45,,,0,71,,27976,45,,,0,31,,27987,45,,,0,71,,27991,45,,,0,31,,27969,45,,,0,71,,27982,45,,,0,31,,27964,45,,,0,71,,27975,45,,,0,31,,27988,45,,,0,71,,27992,45,,,0,31,,27970,45,,,0,71,,27979,45,,,0,31,,27965,45,,,0,71,,27977,45,,,0,31,,27989,45,,,0,71,,27993,45,,,0,31,,27972,45,,,0,71,,27985,45,,,0,31,,27966,45,,,0,71,,27995,45,,,0,26,,27994,45,,,0
900,'Sunday',627,,28019,45,,,0,74,,27996,45,,,0,28,,28004,45,,,0,71,,28011,45,,,0,31,,28026,45,,,0,71,,28020,45,,,0,31,,27997,45,,,0,71,,28006,45,,,0,31,,28012,45,,,0,71,,28027,45,,,0,31,,28021,45,,,0,71,,27999,45,,,0,31,,28005,45,,,0,71,,28013,45,,,0,31,,28030,45,,,0,71,,28022,45,,,0,31,,28000,45,,,0,71,,28007,45,,,0,31,,28014,45,,,0,71,,28028,45,,,0,31,,28023,45,,,0,71,,27998,45,,,0,31,,28008,45,,,0,71,,28015,45,,,0,31,,28029,45,,,0,71,,28025,45,,,0,31,,28001,45,,,0,71,,28009,45,,,0,31,,28017,45,,,0,71,,28018,45,,,0,31,,28024,45,,,0,71,,28002,45,,,0,31,,28010,45,,,0,71,,28016,45,,,0,26,,28003,45,,,0
900,'Weekday',513,,28039,45,,,0,27,,28052,45,,,0,62,,28065,45,,,0,22,,28031,45,,,0,23,,28047,45,,,0,64,,28057,45,,,0,24,,28072,45,,,0,16,,28079,45,,,0,62,,28040,45,,,0,11,,28084,45,,,0,11,,28053,45,,,0,22,,28064,45,,,0,62,,28032,45,,,0,20,,28048,45,,,0,61,,28059,45,,,0,22,,28073,45,,,0,22,,28080,45,,,0,62,,28041,45,,,0,22,,28054,45,,,0,22,,28066,45,,,0,63,,28034,45,,,0,22,,28049,45,,,0,22,,28058,45,,,0,62,,28074,45,,,0,22,,28081,45,,,0,62,,28042,45,,,0,22,,28055,45,,,0,24,,28067,45,,,0,62,,28033,45,,,0,23,,28050,45,,,0,24,,28060,45,,,0,46,,28085,45,,,0,16,,28075,45,,,0,11,,28088,45,,,0,11,,28082,45,,,0,11,,28086,45,,,0,50,,28043,45,,,0,10,,28087,45,,,0,11,,28056,45,,,0,22,,28068,45,,,0,62,,28035,45,,,0,22,,28051,45,,,0,21,,28061,45,,,0,60,,28076,45,,,0,18,,28083,45,,,0,27,,28044,45,,,0,70,,28070,45,,,0,30,,28036,45,,,0,70,,28062,45,,,0,30,,28077,45,,,0,69,,28045,45,,,0,30,,28069,45,,,0,70,,28037,45,,,0,30,,28063,45,,,0,70,,28078,45,,,0,30,,28046,45,,,0,70,,28071,45,,,0
1901,'Saturday',645,,30747,48,,,0,75,,30739,48,,,0,35,,30755,48,,,0,75,,30763,48,,,0,75,,30748,48,,,0,35,,30740,48,,,0,75,,30756,48,,,0,35,,30764,48,,,0,75,,30749,48,,,0,75,,30741,48,,,0,35,,30757,48,,,0,74,,30765,48,,,0,35,,30750,48,,,0,68,,30742,48,,,0,24,,30770,48,,,0,68,,30759,48,,,0,28,,30766,48,,,0,68,,30751,48,,,0,28,,30743,48,,,0,28,,30771,48,,,0,68,,30758,48,,,0,28,,30767,48,,,0,68,,30752,48,,,0,28,,30744,48,,,0,68,,30772,48,,,0,23,,30761,48,,,0,73,,30769,48,,,0,35,,30753,48,,,0,75,,30745,48,,,0,35,,30762,48,,,0,75,,30768,48,,,0,75,,30754,48,,,0,35,,30746,48,,,0
1901,'Sunday',645,,30781,48,,,0,75,,30773,48,,,0,35,,30789,48,,,0,75,,30796,48,,,0,75,,30782,48,,,0,35,,30774,48,,,0,75,,30790,48,,,0,35,,30798,48,,,0,75,,30783,48,,,0,75,,30775,48,,,0,35,,30791,48,,,0,74,,30800,48,,,0,35,,30785,48,,,0,68,,30776,48,,,0,24,,30804,48,,,0,68,,30792,48,,,0,28,,30799,48,,,0,68,,30787,48,,,0,28,,30777,48,,,0,28,,30805,48,,,0,68,,30793,48,,,0,28,,30801,48,,,0,68,,30786,48,,,0,28,,30778,48,,,0,68,,30806,48,,,0,23,,30794,48,,,0,73,,30802,48,,,0,35,,30784,48,,,0,75,,30779,48,,,0,35,,30795,48,,,0,75,,30803,48,,,0,75,,30788,48,,,0,35,,30780,48,,,0
1901,'Weekday',526,,30843,7,,,0,24,,30810,48,,,0,74,,30818,48,,,0,24,,30826,48,,,0,72,,30834,48,,,0,32,,30844,48,,,0,67,,30811,48,,,0,36,,30819,48,,,0,69,,30827,48,,,0,34,,30835,48,,,0,73,,30845,48,,,0,72,,30812,48,,,0,32,,30820,48,,,0,72,,30828,48,,,0,8,,30807,7,,,0,24,,30836,48,,,0,72,,30846,48,,,0,32,,30813,48,,,0,72,,30821,48,,,0,27,,30809,48,,,0,3,,30808,7,,,0,5,,30829,48,,,0,72,,30838,48,,,0,32,,30847,48,,,0,72,,30814,48,,,0,31,,30822,48,,,0,72,,30830,48,,,0,72,,30837,48,,,0,24,,30848,48,,,0,29,,30815,48,,,0,70,,30823,48,,,0,30,,30831,48,,,0,70,,30839,48,,,0,30,,30850,48,,,0,70,,30816,48,,,0,30,,30824,48,,,0,66,,30832,48,,,0,28,,30840,48,,,0,70,,30849,48,,,0,30,,30817,48,,,0,70,,30825,48,,,0,30,,30833,48,,,0,70,,30841,48,,,0,30,,30842,48,,,0
1901,'Weekday0000100',1154,,30851,7,,,0
9001,'Saturday',644,,48079,35,,,0,72,,48089,35,,,0,32,,48099,35,,,0,72,,48080,35,,,0,32,,48090,35,,,0,72,,48100,35,,,0,32,,48082,35,,,0,72,,48092,35,,,0,72,,48101,35,,,0,32,,48083,35,,,0,72,,48091,35,,,0,34,,48102,35,,,0,72,,48084,35,,,0,32,,48093,35,,,0,72,,48103,35,,,0,32,,48081,35,,,0,72,,48094,35,,,0,32,,48104,35,,,0,72,,48085,35,,,0,32,,48095,35,,,0,72,,48105,35,,,0,32,,48086,35,,,0,69,,48098,35,,,0,31,,48106,35,,,0,72,,48088,35,,,0,72,,48097,35,,,0,32,,48107,35,,,0,72,,48087,35,,,0,32,,48096,35,,,0
9001,'Sunday',638,,48108,35,,,0,72,,48118,35,,,0,38,,48129,35,,,0,72,,48109,35,,,0,32,,48119,35,,,0,72,,48128,35,,,0,32,,48111,35,,,0,72,,48121,35,,,0,72,,48131,35,,,0,32,,48110,35,,,0,72,,48120,35,,,0,34,,48130,35,,,0,72,,48112,35,,,0,32,,48122,35,,,0,72,,48132,35,,,0,32,,48113,35,,,0,72,,48123,35,,,0,32,,48134,35,,,0,72,,48114,35,,,0,32,,48124,35,,,0,72,,48133,35,,,0,32,,48115,35,,,0,69,,48125,35,,,0,31,,48135,35,,,0,72,,48116,35,,,0,72,,48126,35,,,0,32,,48136,35,,,0,72,,48117,35,,,0,32,,48127,35,,,0
9001,'Weekday',642,,48137,35,,,0,76,,48147,35,,,0,30,,48156,35,,,0,70,,48165,35,,,0,30,,48138,35,,,0,70,,48146,35,,,0,29,,48157,35,,,0,70,,48166,35,,,0,30,,48140,35,,,0,70,,48148,35,,,0,30,,48158,35,,,0,70,,48167,35,,,0,30,,48139,35,,,0,70,,48149,35,,,0,30,,48159,35,,,0,70,,48168,35,,,0,30,,48142,35,,,0,71,,48150,35,,,0,30,,48160,35,,,0,70,,48169,35,,,0,30,,48141,35,,,0,70,,48151,35,,,0,30,,48161,35,,,0,70,,48170,35,,,0,29,,48143,35,,,0,62,,48152,35,,,0,30,,48162,35,,,0,70,,48171,35,,,0,15,,48144,35,,,0,30,,48153,35,,,0,70,,48163,35,,,0,30,,48172,35,,,0,50,,48145,35,,,0,30,,48154,35,,,0,70,,48164,35,,,0,30,,48173,35,,,0,75,,48155,35,,,0
10401,'Saturday',623,,52253,25,,,0,32,,52241,25,,,0,72,,52255,25,,,0,32,,52240,25,,,0,72,,52257,25,,,0,72,,52243,25,,,0,32,,52259,25,,,0,72,,52242,25,,,0,32,,52258,25,,,0,72,,52244,25,,,0,32,,52260,25,,,0,72,,52245,25,,,0,32,,52261,25,,,0,72,,52246,25,,,0,32,,52262,25,,,0,72,,52248,25,,,0,32,,52263,25,,,0,72,,52247,25,,,0,32,,52264,25,,,0,72,,52249,25,,,0,72,,52265,25,,,0,32,,52250,25,,,0,72,,52266,25,,,0,31,,52251,25,,,0,72,,52267,25,,,0,32,,52252,25,,,0,72,,52268,25,,,0,32,,52256,25,,,0,72,,52269,25,,,0,34,,52254,25,,,0
10401,'Sunday',623,,52284,25,,,0,32,,52270,25,,,0,72,,52287,25,,,0,32,,52271,25,,,0,72,,52286,25,,,0,72,,52273,25,,,0,32,,52288,25,,,0,72,,52272,25,,,0,32,,52289,25,,,0,72,,52274,25,,,0,32,,52290,25,,,0,72,,52275,25,,,0,32,,52291,25,,,0,72,,52276,25,,,0,32,,52292,25,,,0,72,,52277,25,,,0,32,,52293,25,,,0,72,,52278,25,,,0,32,,52294,25,,,0,72,,52279,25,,,0,72,,52295,25,,,0,32,,52280,25,,,0,72,,52296,25,,,0,31,,52281,25,,,0,72,,52298,25,,,0,32,,52282,25,,,0,72,,52297,25,,,0,32,,52283,25,,,0,72,,52299,25,,,0,34,,52285,25,,,0
10401,'Weekday',603,,52318,25,,,0,35,,52301,25,,,0,71,,52319,25,,,0,36,,52300,25,,,0,72,,52320,25,,,0,31,,52302,25,,,0,72,,52321,25,,,0,31,,52303,25,,,0,72,,52323,25,,,0,32,,52304,25,,,0,72,,52322,25,,,0,32,,52305,25,,,0,72,,52324,25,,,0,72,,52306,25,,,0,32,,52325,25,,,0,72,,52307,25,,,0,32,,52327,25,,,0,75,,52308,25,,,0,32,,52326,25,,,0,73,,52309,25,,,0,32,,52328,25,,,0,73,,52310,25,,,0,30,,52329,25,,,0,72,,52311,25,,,0,30,,52330,25,,,0,69,,52312,25,,,0,32,,52331,25,,,0,72,,52313,25,,,0,72,,52332,25,,,0,32,,52314,25,,,0,72,,52333,25,,,0,32,,52315,25,,,0,72,,52334,25,,,0,32,,52316,25,,,0,72,,52335,25,,,0,37,,52317,25,,,0
