5100,'Saturday',614,,38734,15,,,0,38,,38735,15,,,0,74,,38736,15,,,0,78,,38737,15,,,0,38,,38738,15,,,0,78,,38739,15,,,0,38,,38740,15,,,0,78,,38741,15,,,0,78,,38742,15,,,0,38,,38743,15,,,0,78,,38744,15,,,0,78,,38745,15,,,0,38,,38746,15,,,0,78,,38747,15,,,0,78,,38748,15,,,0,38,,38749,15,,,0,78,,38750,15,,,0,38,,38752,15,,,0,78,,38753,15,,,0,78,,38754,15,,,0,38,,38751,15,,,0,78,,38755,15,,,0,78,,38758,15,,,0,38,,38757,15,,,0,78,,38759,15,,,0,78,,38756,15,,,0
5100,'Sunday',614,,38760,15,0,113 31,0,38,,38773,15,0,113 31,0,74,,38761,15,0,113 31,0,78,,38774,15,0,113 31,0,38,,38762,15,0,113 31,0,78,,38775,15,0,113 31,0,38,,38763,15,0,113 31,0,78,,38777,15,0,113 31,0,78,,38764,15,0,113 31,0,38,,38776,15,0,113 31,0,78,,38765,15,0,113 31,0,78,,38779,15,0,113 31,0,38,,38766,15,0,113 31,0,78,,38778,15,0,113 31,0,78,,38767,15,0,113 31,0,38,,38780,15,0,113 31,0,78,,38768,15,0,113 31,0,38,,38781,15,0,113 31,0,78,,38769,15,0,113 31,0,78,,38782,15,0,113 31,0,38,,38770,15,0,113 31,0,78,,38783,15,0,113 31,0,78,,38771,15,0,113 31,0,38,,38784,15,0,113 31,0,78,,38772,15,0,113 31,0,78,,38785,15,0,113 31,0
5100,'Weekday',524,,38786,15,,,0,20,,38805,15,,,0,60,,38789,15,,,0,20,,38815,15,,,0,20,,38787,15,,,0,60,,38806,15,,,0,20,,38791,15,,,0,20,,38816,15,,,0,65,,38788,15,,,0,10,,38807,15,,,0,25,,38790,15,,,0,60,,38817,15,,,0,40,,38808,15,,,0,80,,38819,15,,,0,80,,38809,15,,,0,40,,38818,15,,,0,80,,38810,15,,,0,80,,38820,15,,,0,40,,38811,15,,,0,80,,38821,15,,,0,35,,38812,15,,,0,60,,38792,15,,,0,20,,38822,15,,,0,20,,38799,15,,,0,55,,38813,15,,,0,25,,38793,15,,,0,20,,38823,15,,,0,60,,38801,15,,,0,20,,38814,15,,,0,20,,38794,15,,,0,85,,38800,15,,,0,80,,38796,15,,,0,80,,38802,15,,,0,40,,38795,15,,,0,80,,38803,15,,,0,80,,38797,15,,,0,40,,38804,15,,,0,91,,38798,15,,,0
5100,'1CCSDCUT-Weekday',524,,38824,15,,,0,20,,38843,15,,,0,60,,38827,15,,,0,20,,38853,15,,,0,20,,38825,15,,,0,60,,38844,15,,,0,20,,38829,15,,,0,20,,38854,15,,,0,65,,38826,15,,,0,10,,38845,15,,,0,25,,38828,15,,,0,60,,38855,15,,,0,40,,38846,15,,,0,80,,38857,15,,,0,80,,38847,15,,,0,40,,38856,15,,,0,80,,38848,15,,,0,80,,38858,15,,,0,40,,38849,15,,,0,80,,38859,15,,,0,35,,38850,15,,,0,60,,38830,15,,,0,20,,38860,15,,,0,20,,38837,15,,,0,55,,38851,15,,,0,25,,38831,15,,,0,20,,38861,15,,,0,60,,38839,15,,,0,20,,38852,15,,,0,20,,38832,15,,,0,85,,38838,15,,,0,80,,38834,15,,,0,80,,38840,15,,,0,40,,38833,15,,,0,80,,38841,15,,,0,80,,38835,15,,,0,40,,38842,15,,,0,91,,38836,15,,,0
11100,'Saturday',626,,53034,10,,,0,85,,53036,10,,,0,45,,53035,10,,,0,85,,53037,10,,,0,85,,53033,10,,,0,85,,53038,10,,,0,45,,53039,10,,,0,85,,53041,10,,,0,85,,53040,10,,,0,85,,53042,10,,,0,45,,53043,10,,,0,85,,53044,10,,,0,85,,53047,10,,,0,85,,53045,10,,,0,45,,53048,10,,,0,85,,53046,10,,,0,85,,53049,10,,,0,85,,53051,10,,,0,45,,53050,10,,,0,85,,53052,10,,,0,85,,53053,10,,,0
11100,'Sunday',626,,53054,10,,,0,85,,53058,10,,,0,45,,53060,10,,,0,85,,53056,10,,,0,85,,53057,10,,,0,85,,53062,10,,,0,45,,53063,10,,,0,85,,53059,10,,,0,85,,53061,10,,,0,85,,53064,10,,,0,45,,53066,10,,,0,85,,53067,10,,,0,85,,53068,10,,,0,85,,53065,10,,,0,45,,53069,10,,,0,85,,53071,10,,,0,85,,53073,10,,,0,85,,53070,10,,,0,45,,53074,10,,,0,85,,53072,10,,,0,85,,53055,10,,,0
11100,'Weekday',552,,53075,10,,,0,70,,53083,10,,,0,30,,53077,10,,,0,70,,53084,10,,,0,30,,53076,10,,,0,70,,53085,10,,,0,30,,53103,10,,,0,70,,53086,10,,,0,30,,53104,10,,,0,70,,53087,10,,,0,30,,53105,10,,,0,70,,53088,10,,,0,30,,53106,10,,,0,70,,53089,10,,,0,30,,53107,10,,,0,70,,53090,10,,,0,30,,53108,10,,,0,70,,53091,10,,,0,30,,53078,10,,,0,70,,53092,10,,,0,30,,53079,10,,,0,70,,53093,10,,,0,15,,53102,10,,,0,15,,53080,10,,,0,70,,53095,10,,,0,30,,53081,10,,,0,70,,53094,10,,,0,30,,53082,10,,,0,70,,53096,10,,,0,90,,53097,10,,,0,90,,53099,10,,,0,50,,53098,10,,,0,90,,53100,10,,,0,90,,53101,10,,,0
11100,'1CCSDCUT-Weekday',552,,53109,10,,,0,70,,53117,10,,,0,30,,53111,10,,,0,70,,53118,10,,,0,30,,53110,10,,,0,70,,53119,10,,,0,30,,53137,10,,,0,70,,53120,10,,,0,30,,53138,10,,,0,70,,53121,10,,,0,30,,53139,10,,,0,70,,53122,10,,,0,30,,53140,10,,,0,70,,53123,10,,,0,30,,53141,10,,,0,70,,53124,10,,,0,30,,53142,10,,,0,70,,53125,10,,,0,30,,53112,10,,,0,70,,53126,10,,,0,30,,53113,10,,,0,70,,53127,10,,,0,15,,53136,10,,,0,15,,53114,10,,,0,70,,53129,10,,,0,30,,53115,10,,,0,70,,53128,10,,,0,30,,53116,10,,,0,70,,53130,10,,,0,90,,53131,10,,,0,90,,53133,10,,,0,50,,53132,10,,,0,90,,53134,10,,,0,90,,53135,10,,,0
73101,'Weekday',812,,68526,2,0,76 77 1 78 79,0
73101,'1CCSDCUT-Weekday',812,,68527,2,0,76 77 1 78 79,0
