1900,'STMPSa-Saturday',700,,80064,28,,,0,35,,80049,28,,,0,75,,80043,28,,,0,35,,80057,28,,,0,75,,80065,28,,,0,35,,80051,28,,,0,75,,80042,28,,,0,75,,80059,28,,,0,35,,80066,28,,,0,75,,80050,28,,,0,31,,80044,28,,,0,60,,80071,28,,,0,28,,80058,28,,,0,68,,80067,28,,,0,28,,80052,28,,,0,28,,80045,28,,,0,68,,80073,28,,,0,28,,80061,28,,,0,68,,80068,28,,,0,28,,80053,28,,,0,68,,80046,28,,,0,28,,80074,28,,,0,68,,80060,28,,,0,28,,80070,28,,,0,75,,80054,28,,,0,35,,80047,28,,,0,75,,80063,28,,,0,75,,80069,28,,,0,35,,80056,28,,,0,75,,80048,28,,,0,35,,80062,28,,,0,75,,80072,28,,,0
1900,'STMPSu2-Sunday',700,,80172,28,,,0,35,,80157,28,,,0,75,,80150,28,,,0,35,,80164,28,,,0,75,,80173,28,,,0,35,,80158,28,,,0,75,,80151,28,,,0,75,,80167,28,,,0,35,,80174,28,,,0,75,,80159,28,,,0,31,,80152,28,,,0,60,,80180,28,,,0,28,,80166,28,,,0,68,,80176,28,,,0,28,,80160,28,,,0,28,,80153,28,,,0,68,,80181,28,,,0,28,,80168,28,,,0,68,,80175,28,,,0,28,,80161,28,,,0,68,,80154,28,,,0,28,,80182,28,,,0,68,,80169,28,,,0,28,,80177,28,,,0,75,,80162,28,,,0,35,,80155,28,,,0,75,,80170,28,,,0,75,,80178,28,,,0,35,,80163,28,,,0,75,,80156,28,,,0,35,,80171,28,,,0,75,,80179,28,,,0
1900,'STMPWeek-Weekday',537,,80207,28,,,0,70,,80215,28,,,0,26,,80183,28,,,0,74,,80191,28,,,0,26,,80200,28,,,0,75,,80208,28,,,0,38,,80216,28,,,0,70,,80185,28,,,0,32,,80192,28,,,0,72,,80201,28,,,0,32,,80209,28,,,0,72,,80217,28,,,0,32,,80184,28,,,0,72,,80193,28,,,0,72,,80202,28,,,0,32,,80210,28,,,0,72,,80218,28,,,0,32,,80186,28,,,0,74,,80194,28,,,0,32,,80203,28,,,0,72,,80211,28,,,0,31,,80219,28,,,0,72,,80187,28,,,0,32,,80195,28,,,0,70,,80204,28,,,0,29,,80212,28,,,0,66,,80220,28,,,0,30,,80188,28,,,0,70,,80196,28,,,0,30,,80205,28,,,0,70,,80213,28,,,0,30,,80221,28,,,0,70,,80189,28,,,0,29,,80197,28,,,0,69,,80206,28,,,0,30,,80214,28,,,0,70,,80222,28,,,0,30,,80190,28,,,0,70,,80198,28,,,0
10501,'STMPSa-Saturday',637,,116940,26,,,0,75,,116950,26,,,0,40,,116947,26,,,0,80,,116949,26,,,0,80,,116952,26,,,0,40,,116948,26,,,0,80,,116951,26,,,0,80,,116954,26,,,0,40,,116955,26,,,0,80,,116957,26,,,0,80,,116953,26,,,0,40,,116958,26,,,0,80,,116959,26,,,0,80,,116956,26,,,0,40,,116960,26,,,0,80,,116961,26,,,0,80,,116945,26,,,0,40,,116944,26,,,0,79,,116946,26,,,0,80,,116942,26,,,0,40,,116943,26,,,0,80,,116941,26,,,0
10501,'STMPSu2-Sunday',637,,117019,26,,,0,75,,117026,26,,,0,40,,117033,26,,,0,80,,117020,26,,,0,80,,117027,26,,,0,40,,117034,26,,,0,80,,117021,26,,,0,80,,117028,26,,,0,40,,117035,26,,,0,80,,117022,26,,,0,80,,117029,26,,,0,40,,117036,26,,,0,80,,117023,26,,,0,80,,117030,26,,,0,40,,117037,26,,,0,80,,117024,26,,,0,80,,117031,26,,,0,40,,117038,26,,,0,79,,117025,26,,,0,80,,117032,26,,,0,40,,117040,26,,,0,80,,117039,26,,,0
10501,'STMPWeek-Weekday',528,,117066,26,,,0,30,,117057,26,,,0,69,,117049,26,,,0,73,,117041,26,,,0,30,,117067,26,,,0,72,,117060,26,,,0,30,,117050,26,,,0,14,,117075,26,,,0,13,,117042,26,,,0,70,,117068,26,,,0,30,,117058,26,,,0,70,,117051,26,,,0,30,,117043,26,,,0,70,,117069,26,,,0,30,,117059,26,,,0,70,,117052,26,,,0,30,,117044,26,,,0,70,,117070,26,,,0,30,,117061,26,,,0,70,,117053,26,,,0,30,,117045,26,,,0,73,,117071,26,,,0,70,,117062,26,,,0,30,,117054,26,,,0,70,,117046,26,,,0,30,,117072,26,,,0,70,,117063,26,,,0,30,,117056,26,,,0,27,,117047,26,,,0,69,,117073,26,,,0,30,,117064,26,,,0,70,,117055,26,,,0,29,,117048,26,,,0,69,,117074,26,,,0,83,,117065,26,,,0
40400,'STMPSa-Saturday',725,,142572,30,,,0,100,,142573,30,,,0,100,,142574,30,,,0,100,,142576,30,,,0,100,,142575,30,,,0,101,,142577,30,,,0,100,,142578,30,,,0,100,,142579,30,,,0,100,,142580,30,,,0,100,,142581,30,,,0,100,,142582,30,,,0,99,,142583,30,,,0
40400,'STMPSu2-Sunday',725,,142610,30,,,0,100,,142611,30,,,0,100,,142612,30,,,0,100,,142613,30,,,0,100,,142615,30,,,0,101,,142614,30,,,0,100,,142617,30,,,0,100,,142616,30,,,0,100,,142618,30,,,0,100,,142619,30,,,0,100,,142620,30,,,0,99,,142621,30,,,0
40400,'STMPWeek-Weekday',731,,142622,30,,,0,97,,142623,30,,,0,101,,142624,30,,,0,100,,142625,30,,,0,100,,142626,30,,,0,100,,142627,30,,,0,100,,142628,30,,,0,100,,142629,30,,,0,111,,142630,30,,,0,102,,142632,30,,,0,100,,142631,30,,,0,98,,142633,30,,,0,100,,142634,30,,,0,100,,142635,30,,,0
41401,'STMPSa-Saturday',849,,144357,16,0,194 12 119,0,100,,144356,16,0,194 12 119,0,100,,144364,16,0,194 12 119,0,100,,144359,16,0,194 12 119,0,100,,144363,16,0,194 12 119,0,100,,144355,16,0,194 12 119,0,100,,144362,16,0,194 12 119,0,100,,144361,16,0,194 12 119,0,100,,144360,16,0,194 12 119,0,100,,144358,16,0,194 12 119,0,100,,144354,16,0,194 12 119,0
41401,'STMPSu2-Sunday',949,,144397,16,0,194 12 119,0,100,,144396,16,0,194 12 119,0,100,,144394,16,0,194 12 119,0,100,,144395,16,0,194 12 119,0,100,,144400,16,0,194 12 119,0,100,,144398,16,0,194 12 119,0,100,,144401,16,0,194 12 119,0,100,,144402,16,0,194 12 119,0,100,,144399,16,0,194 12 119,0,100,,144393,16,0,194 12 119,0
41401,'STMPWeek-Weekday',648,,144403,16,0,194 12 119,0,70,,144415,16,0,194 12 119,0,30,,144404,16,0,194 12 119,0,70,,144416,16,0,194 12 119,0,30,,144405,16,0,194 12 119,0,69,,144418,16,0,194 12 119,0,30,,144406,16,0,194 12 119,0,100,,144408,16,0,194 12 119,0,100,,144407,16,0,194 12 119,0,100,,144410,16,0,194 12 119,0,100,,144409,16,0,194 12 119,0,100,,144411,16,0,194 12 119,0,75,,144417,16,0,194 12 119,0,29,,144412,16,0,194 12 119,0,78,,144419,16,0,194 12 119,0,29,,144413,16,0,194 12 119,0,83,,144420,16,0,194 12 119,0,72,,144414,16,0,194 12 119,0
