1201,'Saturday',757,,2570,27,,,0,70,,2574,27,,,0,30,,2590,27,,,0,70,,2575,27,,,0,30,,2588,27,,,0,70,,2573,27,,,0,30,,2571,27,,,0,70,,2572,27,,,0,30,,2589,27,,,0,70,,2577,27,,,0,30,,2581,27,,,0,70,,2596,27,,,0,30,,2576,27,,,0,70,,2582,27,,,0,30,,2592,27,,,0,70,,2579,27,,,0,30,,2578,27,,,0,70,,2597,27,,,0,30,,2580,27,,,0,70,,2584,27,,,0,30,,2593,27,,,0,70,,2585,27,,,0,30,,2598,27,,,0,70,,2591,27,,,0,30,,2599,27,,,0,70,,2586,27,,,0,30,,2600,27,,,0,70,,2583,27,,,0,30,,2601,27,,,0,70,,2595,27,,,0,30,,2602,27,,,0,70,,2587,27,,,0
1201,'Sunday',827,,2605,27,,,0,30,,2627,27,,,0,70,,2606,27,,,0,30,,2603,27,,,0,70,,2623,27,,,0,30,,2608,27,,,0,70,,2610,27,,,0,30,,2629,27,,,0,70,,2607,27,,,0,30,,2611,27,,,0,70,,2613,27,,,0,30,,2626,27,,,0,70,,2614,27,,,0,30,,2609,27,,,0,70,,2624,27,,,0,30,,2612,27,,,0,70,,2615,27,,,0,30,,2630,27,,,0,70,,2616,27,,,0,30,,2617,27,,,0,70,,2625,27,,,0,30,,2618,27,,,0,70,,2619,27,,,0,30,,2628,27,,,0,70,,2620,27,,,0,30,,2621,27,,,0,70,,2633,27,,,0,30,,2622,27,,,0,70,,2635,27,,,0,30,,2631,27,,,0,70,,2634,27,,,0
1201,'Weekday',521,,2637,16,,,0,34,,2638,27,,,0,66,,2641,27,,,0,30,,2639,27,,,0,70,,2640,27,,,0,30,,2643,27,,,0,56,,2644,27,,,0,14,,2645,27,,,0,30,,2646,27,,,0,70,,2647,27,,,0,30,,2649,27,,,0,70,,2650,27,,,0,30,,2648,27,,,0,70,,2652,27,,,0,30,,2653,27,,,0,70,,2651,27,,,0,30,,2654,27,,,0,72,,2655,27,,,0,28,,2656,27,,,0,70,,2657,27,,,0,30,,2659,27,,,0,75,,2660,27,,,0,28,,2661,27,,,0,55,,2658,27,,,0,15,,2663,27,,,0,30,,2664,27,,,0,70,,2665,27,,,0,30,,2662,27,,,0,70,,2666,27,,,0,35,,2667,27,,,0,70,,2668,27,,,0,30,,2669,27,,,0,70,,2670,27,,,0,30,,2671,27,,,0,70,,2672,27,,,0,30,,2673,27,,,0,70,,2674,27,,,0,30,,2675,27,,,0,70,,2676,27,,,0
15301,'Saturday',703,,19150,29,,,0,37,,19149,29,,,0,77,,19151,29,,,0,37,,19152,29,,,0,77,,19157,29,,,0,77,,19160,29,,,0,37,,19161,29,,,0,77,,19162,29,,,0,37,,19163,29,,,0,77,,19164,29,,,0,77,,19165,29,,,0,37,,19166,29,,,0,77,,19167,29,,,0,77,,19168,29,,,0,37,,19169,29,,,0,77,,19170,29,,,0,37,,19171,29,,,0,77,,19172,29,,,0,77,,19173,29,,,0,37,,19174,29,,,0,77,,19175,29,,,0,77,,19154,29,,,0,37,,19155,29,,,0,77,,19156,29,,,0,37,,19158,29,,,0,77,,19159,29,,,0,77,,19153,29,,,0
15301,'Sunday',932,,19177,29,,,0,77,,19182,29,,,0,37,,19185,29,,,0,77,,19183,29,,,0,77,,19186,29,,,0,37,,19188,29,,,0,77,,19189,29,,,0,37,,19190,29,,,0,77,,19187,29,,,0,77,,19184,29,,,0,37,,19191,29,,,0,77,,19192,29,,,0,37,,19193,29,,,0,77,,19196,29,,,0,77,,19197,29,,,0,37,,19194,29,,,0,76,,19195,29,,,0,36,,19198,29,,,0,77,,19178,29,,,0,77,,19180,29,,,0,36,,19181,29,,,0,75,,19179,29,,,0,32,,19176,29,,,0
15301,'Weekday',623,,19199,29,,,0,26,,19200,29,,,0,66,,19201,29,,,0,26,,19202,29,,,0,65,,19203,29,,,0,10,,19204,29,,,0,12,,19205,29,,,0,10,,19244,29,,,0,8,,19243,29,,,0,8,,19206,29,,,0,1,,19242,11,,,0,53,,19207,29,,,0,11,,19208,29,,,0,25,,19209,29,,,0,66,,19210,29,,,0,25,,19211,29,,,0,65,,19212,29,,,0,25,,19213,29,,,0,25,,19214,29,,,0,65,,19215,29,,,0,25,,19216,29,,,0,65,,19217,29,,,0,25,,19218,29,,,0,25,,19219,29,,,0,65,,19220,29,,,0,27,,19221,29,,,0,66,,19222,29,,,0,29,,19224,29,,,0,70,,19225,29,,,0,30,,19223,29,,,0,60,,19226,29,,,0,13,,19247,29,,,0,10,,19227,29,,,0,20,,19246,29,,,0,10,,19245,29,,,0,51,,19230,29,,,0,18,,19231,29,,,0,19,,19232,29,,,0,60,,19229,29,,,0,35,,19234,29,,,0,76,,19236,29,,,0,36,,19233,29,,,0,76,,19237,29,,,0,76,,19235,29,,,0,36,,19238,29,,,0,76,,19239,29,,,0,36,,19240,29,,,0,73,,19241,29,,,0
15301,'Weekday0000100',1557,,19248,29,,,0
16701,'Saturday',649,,20468,33,,,0,67,,20469,33,,,0,27,,20470,33,,,0,67,,20471,33,,,0,27,,20472,33,,,0,67,,20473,33,,,0,27,,20474,33,,,0,27,,20475,33,,,0,67,,20476,33,,,0,27,,20477,33,,,0,67,,20478,33,,,0,27,,20479,33,,,0,67,,20480,33,,,0,27,,20481,33,,,0,67,,20482,33,,,0,27,,20483,33,,,0,67,,20484,33,,,0,27,,20485,33,,,0,27,,20486,33,,,0,67,,20487,33,,,0,27,,20488,33,,,0,67,,20489,33,,,0,27,,20490,33,,,0,67,,20491,33,,,0,27,,20492,33,,,0,67,,20493,33,,,0,27,,20494,33,,,0,27,,20496,33,,,0,67,,20497,33,,,0,27,,20498,33,,,0,67,,20495,33,,,0,27,,20499,33,,,0,67,,20500,33,,,0,27,,20501,33,,,0,67,,20502,33,,,0,27,,20503,33,,,0,67,,20504,33,,,0,27,,20506,33,,,0,27,,20507,33,,,0,67,,20508,33,,,0,27,,20505,33,,,0
16701,'Sunday',649,,20509,33,,,0,67,,20530,33,,,0,27,,20510,33,,,0,67,,20531,33,,,0,27,,20511,33,,,0,67,,20532,33,,,0,27,,20513,33,,,0,27,,20533,33,,,0,67,,20514,33,,,0,27,,20534,33,,,0,67,,20515,33,,,0,27,,20535,33,,,0,67,,20512,33,,,0,27,,20536,33,,,0,67,,20516,33,,,0,27,,20537,33,,,0,67,,20517,33,,,0,27,,20538,33,,,0,27,,20518,33,,,0,67,,20539,33,,,0,27,,20519,33,,,0,67,,20540,33,,,0,27,,20520,33,,,0,67,,20541,33,,,0,27,,20521,33,,,0,67,,20542,33,,,0,27,,20522,33,,,0,27,,20543,33,,,0,67,,20523,33,,,0,27,,20545,33,,,0,67,,20524,33,,,0,27,,20546,33,,,0,67,,20525,33,,,0,27,,20547,33,,,0,67,,20526,33,,,0,27,,20544,33,,,0,67,,20527,33,,,0,27,,20548,33,,,0,27,,20528,33,,,0,67,,20549,33,,,0,27,,20529,33,,,0
16701,'Weekday',623,,20550,33,,,0,15,,20564,33,,,0,15,,20568,33,,,0,55,,20581,33,,,0,15,,20551,33,,,0,15,,20565,33,,,0,15,,20569,33,,,0,55,,20582,33,,,0,15,,20552,33,,,0,15,,20566,33,,,0,15,,20570,33,,,0,54,,20583,33,,,0,14,,20553,33,,,0,14,,20567,33,,,0,13,,20571,33,,,0,68,,20554,33,,,0,28,,20572,33,,,0,68,,20555,33,,,0,28,,20573,33,,,0,68,,20556,33,,,0,28,,20574,33,,,0,68,,20557,33,,,0,28,,20575,33,,,0,68,,20558,33,,,0,28,,20577,33,,,0,29,,20559,33,,,0,72,,20578,33,,,0,15,,20585,33,,,0,15,,20560,33,,,0,55,,20595,33,,,0,15,,20576,33,,,0,15,,20586,33,,,0,15,,20561,33,,,0,55,,20596,33,,,0,15,,20579,33,,,0,15,,20584,33,,,0,15,,20562,33,,,0,55,,20593,33,,,0,15,,20580,33,,,0,15,,20587,33,,,0,15,,20563,33,,,0,55,,20597,33,,,0,22,,20588,33,,,0,64,,20599,33,,,0,28,,20589,33,,,0,28,,20600,33,,,0,68,,20590,33,,,0,28,,20601,33,,,0,68,,20591,33,,,0,28,,20598,33,,,0,68,,20592,33,,,0,28,,20602,33,,,0,68,,20594,33,,,0,31,,20603,33,,,0
87301,'Weekday',1511,,24129,24,,,0
