1001,'Saturday',949,,76703,17,,,0,71,,76714,17,,,0,30,,76694,17,,,0,70,,76704,17,,,0,30,,76715,17,,,0,70,,76695,17,,,0,30,,76705,17,,,0,70,,76716,17,,,0,30,,76696,17,,,0,70,,76706,17,,,0,30,,76717,17,,,0,70,,76697,17,,,0,30,,76708,17,,,0,70,,76718,17,,,0,30,,76698,17,,,0,70,,76707,17,,,0,30,,76719,17,,,0,70,,76699,17,,,0,29,,76709,17,,,0,70,,76720,17,,,0,30,,76701,17,,,0,70,,76710,17,,,0,30,,76721,17,,,0,70,,76700,17,,,0,30,,76712,17,,,0,70,,76713,17,,,0,30,,76702,17,,,0,70,,76711,17,,,0
1001,'Sunday',949,,76724,17,,,0,71,,76733,17,,,0,30,,76742,17,,,0,70,,76725,17,,,0,30,,76736,17,,,0,70,,76741,17,,,0,30,,76726,17,,,0,70,,76735,17,,,0,30,,76744,17,,,0,70,,76727,17,,,0,30,,76738,17,,,0,70,,76745,17,,,0,30,,76728,17,,,0,70,,76737,17,,,0,30,,76743,17,,,0,70,,76730,17,,,0,30,,76739,17,,,0,70,,76746,17,,,0,29,,76729,17,,,0,70,,76740,17,,,0,30,,76747,17,,,0,70,,76731,17,,,0,30,,76722,17,,,0,70,,76748,17,,,0,30,,76734,17,,,0,70,,76723,17,,,0,30,,76749,17,,,0,70,,76732,17,,,0
1001,'Weekday',644,,76750,17,,,0,79,,76752,17,,,0,33,,76753,17,,,0,73,,76754,17,,,0,74,,76755,17,,,0,34,,76756,17,,,0,73,,76757,17,,,0,33,,76758,17,,,0,73,,76759,17,,,0,33,,76760,17,,,0,73,,76761,17,,,0,33,,76762,17,,,0,73,,76763,17,,,0,73,,76764,17,,,0,33,,76765,17,,,0,73,,76766,17,,,0,34,,76767,17,,,0,73,,76768,17,,,0,33,,76769,17,,,0,72,,76770,17,,,0,34,,76771,17,,,0,72,,76772,17,,,0,33,,76773,17,,,0,73,,76774,17,,,0,73,,76775,17,,,0,31,,76776,17,,,0,73,,76777,17,,,0,33,,76778,17,,,0,73,,76779,17,,,0,33,,76780,17,,,0,73,,76781,17,,,0,81,,76751,17,,,0
1001,'STMPSa-Saturday',949,,76791,17,,,0,71,,76802,17,,,0,30,,76782,17,,,0,70,,76792,17,,,0,30,,76803,17,,,0,70,,76783,17,,,0,30,,76793,17,,,0,70,,76804,17,,,0,30,,76784,17,,,0,70,,76794,17,,,0,30,,76805,17,,,0,70,,76785,17,,,0,30,,76796,17,,,0,70,,76806,17,,,0,30,,76786,17,,,0,70,,76795,17,,,0,30,,76807,17,,,0,70,,76787,17,,,0,29,,76797,17,,,0,70,,76808,17,,,0,30,,76789,17,,,0,70,,76798,17,,,0,30,,76809,17,,,0,70,,76788,17,,,0,30,,76800,17,,,0,70,,76801,17,,,0,30,,76790,17,,,0,70,,76799,17,,,0
1001,'STMPSnea-Weekday',644,,76810,17,,,0,79,,76812,17,,,0,33,,76813,17,,,0,73,,76814,17,,,0,74,,76815,17,,,0,34,,76816,17,,,0,73,,76817,17,,,0,33,,76818,17,,,0,73,,76819,17,,,0,33,,76820,17,,,0,73,,76821,17,,,0,33,,76822,17,,,0,73,,76823,17,,,0,73,,76824,17,,,0,33,,76825,17,,,0,73,,76826,17,,,0,34,,76827,17,,,0,73,,76828,17,,,0,33,,76829,17,,,0,72,,76830,17,,,0,34,,76831,17,,,0,72,,76832,17,,,0,33,,76833,17,,,0,73,,76834,17,,,0,73,,76835,17,,,0,31,,76836,17,,,0,73,,76837,17,,,0,33,,76838,17,,,0,73,,76839,17,,,0,33,,76840,17,,,0,73,,76841,17,,,0,81,,76811,17,,,0
1001,'STMPSu1-Sunday',949,,76844,17,,,0,71,,76853,17,,,0,30,,76862,17,,,0,70,,76845,17,,,0,30,,76856,17,,,0,70,,76861,17,,,0,30,,76846,17,,,0,70,,76855,17,,,0,30,,76864,17,,,0,70,,76847,17,,,0,30,,76858,17,,,0,70,,76865,17,,,0,30,,76848,17,,,0,70,,76857,17,,,0,30,,76863,17,,,0,70,,76850,17,,,0,30,,76859,17,,,0,70,,76866,17,,,0,29,,76849,17,,,0,70,,76860,17,,,0,30,,76867,17,,,0,70,,76851,17,,,0,30,,76842,17,,,0,70,,76868,17,,,0,30,,76854,17,,,0,70,,76843,17,,,0,30,,76869,17,,,0,70,,76852,17,,,0
1001,'STMPSu2-Sunday',949,,76872,17,,,0,71,,76881,17,,,0,30,,76890,17,,,0,70,,76873,17,,,0,30,,76884,17,,,0,70,,76889,17,,,0,30,,76874,17,,,0,70,,76883,17,,,0,30,,76892,17,,,0,70,,76875,17,,,0,30,,76886,17,,,0,70,,76893,17,,,0,30,,76876,17,,,0,70,,76885,17,,,0,30,,76891,17,,,0,70,,76878,17,,,0,30,,76887,17,,,0,70,,76894,17,,,0,29,,76877,17,,,0,70,,76888,17,,,0,30,,76895,17,,,0,70,,76879,17,,,0,30,,76870,17,,,0,70,,76896,17,,,0,30,,76882,17,,,0,70,,76871,17,,,0,30,,76897,17,,,0,70,,76880,17,,,0
1001,'STMPWeek-Weekday',644,,76898,17,,,0,79,,76900,17,,,0,33,,76901,17,,,0,73,,76902,17,,,0,74,,76903,17,,,0,34,,76904,17,,,0,73,,76905,17,,,0,33,,76906,17,,,0,73,,76907,17,,,0,33,,76908,17,,,0,73,,76909,17,,,0,33,,76910,17,,,0,73,,76911,17,,,0,73,,76912,17,,,0,33,,76913,17,,,0,73,,76914,17,,,0,34,,76915,17,,,0,73,,76916,17,,,0,33,,76917,17,,,0,72,,76918,17,,,0,34,,76919,17,,,0,72,,76920,17,,,0,33,,76921,17,,,0,73,,76922,17,,,0,73,,76923,17,,,0,31,,76924,17,,,0,73,,76925,17,,,0,33,,76926,17,,,0,73,,76927,17,,,0,33,,76928,17,,,0,73,,76929,17,,,0,81,,76899,17,,,0
1001,'STMPar-Weekday',644,,76930,17,,,0,79,,76932,17,,,0,33,,76933,17,,,0,73,,76934,17,,,0,74,,76935,17,,,0,34,,76936,17,,,0,73,,76937,17,,,0,33,,76938,17,,,0,73,,76939,17,,,0,33,,76940,17,,,0,73,,76941,17,,,0,33,,76942,17,,,0,73,,76943,17,,,0,73,,76944,17,,,0,33,,76945,17,,,0,73,,76946,17,,,0,34,,76947,17,,,0,73,,76948,17,,,0,33,,76949,17,,,0,72,,76950,17,,,0,34,,76951,17,,,0,72,,76952,17,,,0,33,,76953,17,,,0,73,,76954,17,,,0,73,,76955,17,,,0,31,,76956,17,,,0,73,,76957,17,,,0,33,,76958,17,,,0,73,,76959,17,,,0,33,,76960,17,,,0,73,,76961,17,,,0,81,,76931,17,,,0
8101,'Saturday',736,,105343,31,,,0,85,,105335,31,,,0,85,,105344,31,,,0,45,,105336,31,,,0,85,,105345,31,,,0,85,,105338,31,,,0,85,,105346,31,,,0,45,,105337,31,,,0,85,,105348,31,,,0,85,,105339,31,,,0,85,,105347,31,,,0,45,,105340,31,,,0,85,,105350,31,,,0,85,,105341,31,,,0,85,,105349,31,,,0,45,,105342,31,,,0,85,,105351,31,,,0
8101,'Weekday',555,,105352,16,,,0,75,,105353,31,,,0,72,,105354,31,,,0,34,,105355,31,,,0,73,,105356,31,,,0,31,,105357,31,,,0,74,,105358,31,,,0,31,,105359,31,,,0,72,,105360,31,,,0,29,,105361,31,,,0,72,,105363,31,,,0,32,,105364,31,,,0,72,,105362,31,,,0,32,,105366,31,,,0,72,,105367,31,,,0,32,,105365,31,,,0,72,,105368,31,,,0,72,,105369,31,,,0,33,,105370,31,,,0,72,,105373,31,,,0,32,,105371,31,,,0,72,,105372,31,,,0,32,,105374,31,,,0,72,,105376,31,,,0,32,,105375,31,,,0,71,,105377,31,,,0,32,,105378,31,,,0
8101,'STMPSa-Saturday',736,,105387,31,,,0,85,,105379,31,,,0,85,,105388,31,,,0,45,,105380,31,,,0,85,,105389,31,,,0,85,,105382,31,,,0,85,,105390,31,,,0,45,,105381,31,,,0,85,,105392,31,,,0,85,,105383,31,,,0,85,,105391,31,,,0,45,,105384,31,,,0,85,,105394,31,,,0,85,,105385,31,,,0,85,,105393,31,,,0,45,,105386,31,,,0,85,,105395,31,,,0
8101,'STMPSnea-Weekday',555,,105396,16,,,0,75,,105397,31,,,0,72,,105398,31,,,0,34,,105399,31,,,0,73,,105400,31,,,0,31,,105401,31,,,0,74,,105402,31,,,0,31,,105403,31,,,0,72,,105404,31,,,0,29,,105405,31,,,0,72,,105407,31,,,0,32,,105408,31,,,0,72,,105406,31,,,0,32,,105410,31,,,0,72,,105411,31,,,0,32,,105409,31,,,0,72,,105412,31,,,0,72,,105413,31,,,0,33,,105414,31,,,0,72,,105417,31,,,0,32,,105415,31,,,0,72,,105416,31,,,0,32,,105418,31,,,0,72,,105420,31,,,0,32,,105419,31,,,0,71,,105421,31,,,0,32,,105422,31,,,0
8101,'STMPWeek-Weekday',555,,105423,16,,,0,75,,105424,31,,,0,72,,105425,31,,,0,34,,105426,31,,,0,73,,105427,31,,,0,31,,105428,31,,,0,74,,105429,31,,,0,31,,105430,31,,,0,72,,105431,31,,,0,29,,105432,31,,,0,72,,105434,31,,,0,32,,105435,31,,,0,72,,105433,31,,,0,32,,105437,31,,,0,72,,105438,31,,,0,32,,105436,31,,,0,72,,105439,31,,,0,72,,105440,31,,,0,33,,105441,31,,,0,72,,105444,31,,,0,32,,105442,31,,,0,72,,105443,31,,,0,32,,105445,31,,,0,72,,105447,31,,,0,32,,105446,31,,,0,71,,105448,31,,,0,32,,105449,31,,,0
8101,'STMPar-Weekday',555,,105450,16,,,0,75,,105451,31,,,0,72,,105452,31,,,0,34,,105453,31,,,0,73,,105454,31,,,0,31,,105455,31,,,0,74,,105456,31,,,0,31,,105457,31,,,0,72,,105458,31,,,0,29,,105459,31,,,0,72,,105461,31,,,0,32,,105462,31,,,0,72,,105460,31,,,0,32,,105464,31,,,0,72,,105465,31,,,0,32,,105463,31,,,0,72,,105466,31,,,0,72,,105467,31,,,0,33,,105468,31,,,0,72,,105471,31,,,0,32,,105469,31,,,0,72,,105470,31,,,0,32,,105472,31,,,0,72,,105474,31,,,0,32,,105473,31,,,0,71,,105475,31,,,0,32,,105476,31,,,0
