2600,'Saturday',626,,4910,27,,,0,85,,4920,27,,,0,45,,4911,27,,,0,85,,4921,27,,,0,88,,4912,27,,,0,85,,4922,27,,,0,45,,4913,27,,,0,85,,4923,27,,,0,85,,4914,27,,,0,85,,4924,27,,,0,45,,4915,27,,,0,85,,4925,27,,,0,85,,4916,27,,,0,85,,4926,27,,,0,45,,4917,27,,,0,85,,4927,27,,,0,85,,4918,27,,,0,84,,4928,27,,,0,44,,4919,27,,,0,85,,4929,27,,,0
2600,'Sunday',626,,4930,27,,,0,85,,4940,27,,,0,45,,4931,27,,,0,85,,4941,27,,,0,88,,4932,27,,,0,85,,4942,27,,,0,45,,4933,27,,,0,85,,4943,27,,,0,85,,4934,27,,,0,85,,4944,27,,,0,45,,4935,27,,,0,85,,4945,27,,,0,85,,4936,27,,,0,85,,4946,27,,,0,45,,4937,27,,,0,85,,4947,27,,,0,85,,4938,27,,,0,84,,4948,27,,,0,44,,4939,27,,,0,85,,4949,27,,,0
2600,'Weekday',549,,4950,27,,,0,72,,4951,27,,,0,32,,4952,27,,,0,75,,4953,27,,,0,73,,4954,27,,,0,32,,4955,27,,,0,71,,4956,27,,,0,27,,4957,27,,,0,26,,4959,27,,,0,70,,4960,27,,,0,30,,4961,27,,,0,70,,4958,27,,,0,30,,4962,27,,,0,70,,4963,27,,,0,30,,4964,27,,,0,70,,4965,27,,,0,30,,4966,27,,,0,70,,4968,27,,,0,32,,4969,27,,,0,71,,4970,27,,,0,72,,4967,27,,,0,34,,4971,27,,,0,72,,4972,27,,,0,32,,4973,27,,,0,72,,4974,27,,,0,28,,4976,27,,,0,68,,4977,27,,,0,30,,4978,27,,,0,70,,4979,27,,,0,30,,4981,27,,,0,70,,4983,27,,,0,28,,4982,27,,,0,70,,4980,27,,,0,30,,4975,27,,,0
2600,'Weekday0000100',1425,,4985,15,,,0,10,,4984,15,,,0
2600,'Weekday1111000',1605,,4987,15,,,0,12,,4986,27,,,0
72200,'Weekday',830,,23812,7,0,141 152 1 140,0
72401,'Weekday',828,,23817,13,0,140 141 119,0
81000,'Weekday',828,,24010,17,0,12 13 1 141 152,0
81001,'Weekday0000100',1457,,24011,19,0,12 13 1 141 152,0
81100,'Weekday',828,,24013,33,0,12 13 141,0
81101,'Weekday0000100',1512,,24015,34,0,12 13 141,0
81101,'Weekday1111000',1612,,24017,34,0,12 13 141,0
