1000,'Saturday',916,,76419,36,,,0,30,,76429,36,,,0,72,,76407,36,,,0,31,,76420,36,,,0,70,,76430,36,,,0,30,,76409,36,,,0,70,,76421,36,,,0,30,,76431,36,,,0,70,,76408,36,,,0,30,,76422,36,,,0,70,,76433,36,,,0,30,,76410,36,,,0,70,,76423,36,,,0,30,,76432,36,,,0,70,,76411,36,,,0,30,,76424,36,,,0,70,,76434,36,,,0,30,,76412,36,,,0,70,,76425,36,,,0,30,,76435,36,,,0,67,,76414,36,,,0,29,,76426,36,,,0,70,,76436,36,,,0,30,,76413,36,,,0,70,,76427,36,,,0,30,,76418,36,,,0,70,,76416,36,,,0,30,,76428,36,,,0,70,,76415,36,,,0,30,,76417,36,,,0
1000,'Sunday',916,,76442,36,,,0,30,,76450,36,,,0,72,,76458,36,,,0,31,,76441,36,,,0,70,,76452,36,,,0,30,,76459,36,,,0,70,,76443,36,,,0,30,,76451,36,,,0,70,,76460,36,,,0,30,,76444,36,,,0,70,,76454,36,,,0,30,,76462,36,,,0,70,,76445,36,,,0,30,,76456,36,,,0,70,,76461,36,,,0,30,,76447,36,,,0,70,,76453,36,,,0,30,,76463,36,,,0,67,,76446,36,,,0,29,,76455,36,,,0,70,,76465,36,,,0,30,,76448,36,,,0,70,,76439,36,,,0,30,,76464,36,,,0,70,,76440,36,,,0,30,,76437,36,,,0,70,,76466,36,,,0,30,,76449,36,,,0,70,,76438,36,,,0,30,,76457,36,,,0
1000,'Weekday',610,,76467,36,,,0,35,,76472,36,,,0,75,,76473,36,,,0,33,,76474,36,,,0,73,,76475,36,,,0,32,,76476,36,,,0,72,,76477,36,,,0,73,,76478,36,,,0,33,,76479,36,,,0,73,,76480,36,,,0,33,,76481,36,,,0,73,,76482,36,,,0,33,,76483,36,,,0,73,,76484,36,,,0,33,,76485,36,,,0,73,,76486,36,,,0,74,,76487,36,,,0,33,,76488,36,,,0,73,,76489,36,,,0,33,,76490,36,,,0,73,,76491,36,,,0,33,,76492,36,,,0,71,,76493,36,,,0,33,,76494,36,,,0,73,,76495,36,,,0,32,,76496,36,,,0,73,,76497,36,,,0,73,,76498,36,,,0,33,,76499,36,,,0,73,,76500,36,,,0,33,,76470,36,,,0,73,,76469,36,,,0,33,,76471,36,,,0,69,,76468,36,,,0
1000,'STMPSa-Saturday',916,,76513,36,,,0,30,,76523,36,,,0,72,,76501,36,,,0,31,,76514,36,,,0,70,,76524,36,,,0,30,,76503,36,,,0,70,,76515,36,,,0,30,,76525,36,,,0,70,,76502,36,,,0,30,,76516,36,,,0,70,,76527,36,,,0,30,,76504,36,,,0,70,,76517,36,,,0,30,,76526,36,,,0,70,,76506,36,,,0,30,,76518,36,,,0,70,,76528,36,,,0,30,,76505,36,,,0,70,,76519,36,,,0,30,,76529,36,,,0,67,,76508,36,,,0,29,,76520,36,,,0,70,,76530,36,,,0,30,,76507,36,,,0,70,,76521,36,,,0,30,,76512,36,,,0,70,,76510,36,,,0,30,,76522,36,,,0,70,,76509,36,,,0,30,,76511,36,,,0
1000,'STMPSnea-Weekday',610,,76531,36,,,0,35,,76536,36,,,0,75,,76537,36,,,0,33,,76538,36,,,0,73,,76539,36,,,0,32,,76540,36,,,0,72,,76541,36,,,0,73,,76542,36,,,0,33,,76543,36,,,0,73,,76544,36,,,0,33,,76545,36,,,0,73,,76546,36,,,0,33,,76547,36,,,0,73,,76548,36,,,0,33,,76549,36,,,0,73,,76550,36,,,0,74,,76551,36,,,0,33,,76552,36,,,0,73,,76553,36,,,0,33,,76554,36,,,0,73,,76555,36,,,0,33,,76556,36,,,0,71,,76557,36,,,0,33,,76558,36,,,0,73,,76559,36,,,0,32,,76560,36,,,0,73,,76561,36,,,0,73,,76562,36,,,0,33,,76563,36,,,0,73,,76564,36,,,0,33,,76534,36,,,0,73,,76533,36,,,0,33,,76535,36,,,0,69,,76532,36,,,0
1000,'STMPSu1-Sunday',916,,76570,36,,,0,30,,76578,36,,,0,72,,76586,36,,,0,31,,76569,36,,,0,70,,76580,36,,,0,30,,76587,36,,,0,70,,76571,36,,,0,30,,76579,36,,,0,70,,76588,36,,,0,30,,76572,36,,,0,70,,76582,36,,,0,30,,76590,36,,,0,70,,76573,36,,,0,30,,76584,36,,,0,70,,76589,36,,,0,30,,76575,36,,,0,70,,76581,36,,,0,30,,76591,36,,,0,67,,76574,36,,,0,29,,76583,36,,,0,70,,76593,36,,,0,30,,76576,36,,,0,70,,76567,36,,,0,30,,76592,36,,,0,70,,76568,36,,,0,30,,76565,36,,,0,70,,76594,36,,,0,30,,76577,36,,,0,70,,76566,36,,,0,30,,76585,36,,,0
1000,'STMPSu2-Sunday',916,,76600,36,,,0,30,,76608,36,,,0,72,,76616,36,,,0,31,,76599,36,,,0,70,,76610,36,,,0,30,,76617,36,,,0,70,,76601,36,,,0,30,,76609,36,,,0,70,,76618,36,,,0,30,,76602,36,,,0,70,,76612,36,,,0,30,,76620,36,,,0,70,,76603,36,,,0,30,,76614,36,,,0,70,,76619,36,,,0,30,,76605,36,,,0,70,,76611,36,,,0,30,,76621,36,,,0,67,,76604,36,,,0,29,,76613,36,,,0,70,,76623,36,,,0,30,,76606,36,,,0,70,,76597,36,,,0,30,,76622,36,,,0,70,,76598,36,,,0,30,,76595,36,,,0,70,,76624,36,,,0,30,,76607,36,,,0,70,,76596,36,,,0,30,,76615,36,,,0
1000,'STMPWeek-Weekday',610,,76625,36,,,0,35,,76630,36,,,0,75,,76631,36,,,0,33,,76632,36,,,0,73,,76633,36,,,0,32,,76634,36,,,0,72,,76635,36,,,0,73,,76636,36,,,0,33,,76637,36,,,0,73,,76638,36,,,0,33,,76639,36,,,0,73,,76640,36,,,0,33,,76641,36,,,0,73,,76642,36,,,0,33,,76643,36,,,0,73,,76644,36,,,0,74,,76645,36,,,0,33,,76646,36,,,0,73,,76647,36,,,0,33,,76648,36,,,0,73,,76649,36,,,0,33,,76650,36,,,0,71,,76651,36,,,0,33,,76652,36,,,0,73,,76653,36,,,0,32,,76654,36,,,0,73,,76655,36,,,0,73,,76656,36,,,0,33,,76657,36,,,0,73,,76658,36,,,0,33,,76628,36,,,0,73,,76627,36,,,0,33,,76629,36,,,0,69,,76626,36,,,0
1000,'STMPar-Weekday',610,,76659,36,,,0,35,,76665,36,,,0,75,,76664,36,,,0,33,,76666,36,,,0,56,,76693,36,0,43 44,0,17,,76667,36,,,0,32,,76668,36,,,0,72,,76669,36,,,0,73,,76670,36,,,0,33,,76671,36,,,0,73,,76672,36,,,0,33,,76673,36,,,0,73,,76674,36,,,0,33,,76675,36,,,0,73,,76676,36,,,0,33,,76677,36,,,0,73,,76678,36,,,0,74,,76679,36,,,0,33,,76680,36,,,0,73,,76681,36,,,0,33,,76682,36,,,0,73,,76683,36,,,0,33,,76684,36,,,0,71,,76685,36,,,0,33,,76686,36,,,0,73,,76687,36,,,0,32,,76688,36,,,0,73,,76689,36,,,0,73,,76690,36,,,0,33,,76691,36,,,0,73,,76692,36,,,0,33,,76662,36,,,0,73,,76661,36,,,0,33,,76663,36,,,0,69,,76660,36,,,0
1500,'Saturday',607,,79125,28,,,0,38,,79131,28,,,0,78,,79138,28,,,0,78,,79124,28,,,0,38,,79132,28,,,0,78,,79139,28,,,0,38,,79126,28,,,0,78,,79133,28,,,0,78,,79140,28,,,0,38,,79127,28,,,0,78,,79134,28,,,0,78,,79141,28,,,0,38,,79128,28,,,0,78,,79135,28,,,0,38,,79142,28,,,0,78,,79129,28,,,0,78,,79136,28,,,0,38,,79143,28,,,0,78,,79130,28,,,0,78,,79137,28,,,0
1500,'Sunday',607,,79145,28,,,0,97,,79151,28,,,0,97,,79144,28,,,0,57,,79152,28,,,0,97,,79146,28,,,0,97,,79153,28,,,0,97,,79147,28,,,0,97,,79154,28,,,0,97,,79148,28,,,0,97,,79155,28,,,0,97,,79149,28,,,0,97,,79156,28,,,0,97,,79150,28,,,0,97,,79157,28,,,0
1500,'Weekday',549,,79165,28,,,0,74,,79159,28,,,0,77,,79172,28,,,0,39,,79166,28,,,0,77,,79158,28,,,0,40,,79174,28,,,0,80,,79168,28,,,0,80,,79160,28,,,0,40,,79175,28,,,0,80,,79167,28,,,0,80,,79161,28,,,0,40,,79176,28,,,0,80,,79169,28,,,0,81,,79162,28,,,0,37,,79177,28,,,0,68,,79179,28,,,0,28,,79170,28,,,0,69,,79163,28,,,0,30,,79178,28,,,0,71,,79180,28,,,0,33,,79171,28,,,0,80,,79164,28,,,0,78,,79181,28,,,0,36,,79173,28,,,0
1500,'STMPSa-Saturday',607,,79183,28,,,0,38,,79189,28,,,0,78,,79196,28,,,0,78,,79182,28,,,0,38,,79190,28,,,0,78,,79197,28,,,0,38,,79184,28,,,0,78,,79191,28,,,0,78,,79198,28,,,0,38,,79185,28,,,0,78,,79192,28,,,0,78,,79199,28,,,0,38,,79186,28,,,0,78,,79193,28,,,0,38,,79200,28,,,0,78,,79187,28,,,0,78,,79194,28,,,0,38,,79201,28,,,0,78,,79188,28,,,0,78,,79195,28,,,0
1500,'STMPSnea-Weekday',549,,79209,28,,,0,74,,79203,28,,,0,77,,79216,28,,,0,39,,79210,28,,,0,77,,79202,28,,,0,40,,79218,28,,,0,80,,79212,28,,,0,80,,79204,28,,,0,40,,79219,28,,,0,80,,79211,28,,,0,80,,79205,28,,,0,40,,79220,28,,,0,80,,79213,28,,,0,81,,79206,28,,,0,37,,79221,28,,,0,68,,79223,28,,,0,28,,79214,28,,,0,69,,79207,28,,,0,30,,79222,28,,,0,71,,79224,28,,,0,33,,79215,28,,,0,80,,79208,28,,,0,78,,79225,28,,,0,36,,79217,28,,,0
1500,'STMPSu1-Sunday',607,,79227,28,,,0,97,,79233,28,,,0,97,,79226,28,,,0,57,,79234,28,,,0,97,,79228,28,,,0,97,,79235,28,,,0,97,,79229,28,,,0,97,,79236,28,,,0,97,,79230,28,,,0,97,,79237,28,,,0,97,,79231,28,,,0,97,,79238,28,,,0,97,,79232,28,,,0,97,,79239,28,,,0
1500,'STMPSu2-Sunday',607,,79241,28,,,0,97,,79247,28,,,0,97,,79240,28,,,0,57,,79248,28,,,0,97,,79242,28,,,0,97,,79249,28,,,0,97,,79243,28,,,0,97,,79250,28,,,0,97,,79244,28,,,0,97,,79251,28,,,0,97,,79245,28,,,0,97,,79252,28,,,0,97,,79246,28,,,0,97,,79253,28,,,0
1500,'STMPWeek-Weekday',549,,79261,28,,,0,74,,79255,28,,,0,77,,79268,28,,,0,39,,79262,28,,,0,77,,79254,28,,,0,40,,79270,28,,,0,80,,79264,28,,,0,80,,79256,28,,,0,40,,79271,28,,,0,80,,79263,28,,,0,80,,79257,28,,,0,40,,79272,28,,,0,80,,79265,28,,,0,81,,79258,28,,,0,37,,79273,28,,,0,68,,79275,28,,,0,28,,79266,28,,,0,69,,79259,28,,,0,30,,79274,28,,,0,71,,79276,28,,,0,33,,79267,28,,,0,80,,79260,28,,,0,78,,79277,28,,,0,36,,79269,28,,,0
1500,'STMPar-Weekday',549,,79285,28,,,0,74,,79279,28,,,0,77,,79291,28,,,0,39,,79286,28,,,0,77,,79278,28,,,0,40,,79294,28,,,0,80,,79288,28,,,0,80,,79280,28,,,0,40,,79295,28,,,0,80,,79287,28,,,0,80,,79281,28,,,0,40,,79296,28,,,0,80,,79289,28,,,0,81,,79282,28,,,0,37,,79297,28,,,0,68,,79299,28,,,0,28,,79290,28,,,0,69,,79283,28,,,0,30,,79298,28,,,0,71,,79300,28,,,0,33,,79292,28,,,0,80,,79284,28,,,0,78,,79301,28,,,0,36,,79293,28,,,0
