1500,'Saturday',606,,79125,26,,,0,38,,79131,26,,,0,78,,79138,26,,,0,78,,79124,26,,,0,38,,79132,26,,,0,78,,79139,26,,,0,38,,79126,26,,,0,78,,79133,26,,,0,78,,79140,26,,,0,38,,79127,26,,,0,78,,79134,26,,,0,78,,79141,26,,,0,38,,79128,26,,,0,78,,79135,26,,,0,38,,79142,26,,,0,78,,79129,26,,,0,78,,79136,26,,,0,38,,79143,26,,,0,78,,79130,26,,,0,78,,79137,26,,,0
1500,'Sunday',606,,79145,26,,,0,97,,79151,26,,,0,97,,79144,26,,,0,57,,79152,26,,,0,97,,79146,26,,,0,97,,79153,26,,,0,97,,79147,26,,,0,97,,79154,26,,,0,97,,79148,26,,,0,97,,79155,26,,,0,97,,79149,26,,,0,97,,79156,26,,,0,97,,79150,26,,,0,97,,79157,26,,,0
1500,'Weekday',548,,79165,26,,,0,74,,79159,26,,,0,37,,79172,26,,,0,79,,79166,26,,,0,77,,79158,26,,,0,40,,79174,26,,,0,80,,79168,26,,,0,80,,79160,26,,,0,40,,79175,26,,,0,80,,79167,26,,,0,80,,79161,26,,,0,40,,79176,26,,,0,80,,79169,26,,,0,80,,79162,26,,,0,37,,79177,26,,,0,68,,79179,26,,,0,28,,79170,26,,,0,69,,79163,26,,,0,30,,79178,26,,,0,71,,79180,26,,,0,33,,79171,26,,,0,80,,79164,26,,,0,78,,79181,26,,,0,36,,79173,26,,,0
1500,'STMPSa-Saturday',606,,79183,26,,,0,38,,79189,26,,,0,78,,79196,26,,,0,78,,79182,26,,,0,38,,79190,26,,,0,78,,79197,26,,,0,38,,79184,26,,,0,78,,79191,26,,,0,78,,79198,26,,,0,38,,79185,26,,,0,78,,79192,26,,,0,78,,79199,26,,,0,38,,79186,26,,,0,78,,79193,26,,,0,38,,79200,26,,,0,78,,79187,26,,,0,78,,79194,26,,,0,38,,79201,26,,,0,78,,79188,26,,,0,78,,79195,26,,,0
1500,'STMPSnea-Weekday',548,,79209,26,,,0,74,,79203,26,,,0,37,,79216,26,,,0,79,,79210,26,,,0,77,,79202,26,,,0,40,,79218,26,,,0,80,,79212,26,,,0,80,,79204,26,,,0,40,,79219,26,,,0,80,,79211,26,,,0,80,,79205,26,,,0,40,,79220,26,,,0,80,,79213,26,,,0,80,,79206,26,,,0,37,,79221,26,,,0,68,,79223,26,,,0,28,,79214,26,,,0,69,,79207,26,,,0,30,,79222,26,,,0,71,,79224,26,,,0,33,,79215,26,,,0,80,,79208,26,,,0,78,,79225,26,,,0,36,,79217,26,,,0
1500,'STMPSu1-Sunday',606,,79227,26,,,0,97,,79233,26,,,0,97,,79226,26,,,0,57,,79234,26,,,0,97,,79228,26,,,0,97,,79235,26,,,0,97,,79229,26,,,0,97,,79236,26,,,0,97,,79230,26,,,0,97,,79237,26,,,0,97,,79231,26,,,0,97,,79238,26,,,0,97,,79232,26,,,0,97,,79239,26,,,0
1500,'STMPSu2-Sunday',606,,79241,26,,,0,97,,79247,26,,,0,97,,79240,26,,,0,57,,79248,26,,,0,97,,79242,26,,,0,97,,79249,26,,,0,97,,79243,26,,,0,97,,79250,26,,,0,97,,79244,26,,,0,97,,79251,26,,,0,97,,79245,26,,,0,97,,79252,26,,,0,97,,79246,26,,,0,97,,79253,26,,,0
1500,'STMPWeek-Weekday',548,,79261,26,,,0,74,,79255,26,,,0,37,,79268,26,,,0,79,,79262,26,,,0,77,,79254,26,,,0,40,,79270,26,,,0,80,,79264,26,,,0,80,,79256,26,,,0,40,,79271,26,,,0,80,,79263,26,,,0,80,,79257,26,,,0,40,,79272,26,,,0,80,,79265,26,,,0,80,,79258,26,,,0,37,,79273,26,,,0,68,,79275,26,,,0,28,,79266,26,,,0,69,,79259,26,,,0,30,,79274,26,,,0,71,,79276,26,,,0,33,,79267,26,,,0,80,,79260,26,,,0,78,,79277,26,,,0,36,,79269,26,,,0
1500,'STMPar-Weekday',548,,79285,26,,,0,74,,79279,26,,,0,37,,79291,26,,,0,79,,79286,26,,,0,77,,79278,26,,,0,40,,79294,26,,,0,80,,79288,26,,,0,80,,79280,26,,,0,40,,79295,26,,,0,80,,79287,26,,,0,80,,79281,26,,,0,40,,79296,26,,,0,80,,79289,26,,,0,80,,79282,26,,,0,37,,79297,26,,,0,68,,79299,26,,,0,28,,79290,26,,,0,69,,79283,26,,,0,30,,79298,26,,,0,71,,79300,26,,,0,33,,79292,26,,,0,80,,79284,26,,,0,78,,79301,26,,,0,36,,79293,26,,,0
14701,'Weekday',628,,126836,24,,,0,72,,126839,24,,,0,32,,126837,24,,,0,72,,126840,24,,,0,32,,126838,24,,,0,72,,126841,24,,,0,30,,126853,24,,,0,72,,126850,24,,,0,32,,126855,24,,,0,72,,126849,24,,,0,32,,126856,24,,,0,72,,126851,24,,,0,32,,126857,24,,,0,72,,126852,24,,,0,32,,126858,24,,,0,72,,126854,24,,,0,32,,126859,24,,,0,76,,126842,24,,,0,72,,126847,24,,,0,32,,126843,24,,,0,72,,126846,24,,,0,31,,126845,24,,,0,70,,126848,24,,,0,32,,126844,24,,,0
14701,'STMPSnea-Weekday',628,,126860,24,,,0,72,,126863,24,,,0,32,,126861,24,,,0,72,,126864,24,,,0,32,,126862,24,,,0,72,,126865,24,,,0,30,,126877,24,,,0,72,,126874,24,,,0,32,,126879,24,,,0,72,,126873,24,,,0,32,,126880,24,,,0,72,,126875,24,,,0,32,,126881,24,,,0,72,,126876,24,,,0,32,,126882,24,,,0,72,,126878,24,,,0,32,,126883,24,,,0,76,,126866,24,,,0,72,,126871,24,,,0,32,,126867,24,,,0,72,,126870,24,,,0,31,,126869,24,,,0,70,,126872,24,,,0,32,,126868,24,,,0
14701,'STMPWeek-Weekday',628,,126884,24,,,0,72,,126887,24,,,0,32,,126885,24,,,0,72,,126888,24,,,0,32,,126886,24,,,0,72,,126889,24,,,0,30,,126901,24,,,0,72,,126898,24,,,0,32,,126903,24,,,0,72,,126897,24,,,0,32,,126904,24,,,0,72,,126899,24,,,0,32,,126905,24,,,0,72,,126900,24,,,0,32,,126906,24,,,0,72,,126902,24,,,0,32,,126907,24,,,0,76,,126890,24,,,0,72,,126895,24,,,0,32,,126891,24,,,0,72,,126894,24,,,0,31,,126893,24,,,0,70,,126896,24,,,0,32,,126892,24,,,0
14701,'STMPar-Weekday',628,,126908,24,,,0,72,,126911,24,,,0,32,,126909,24,,,0,72,,126913,24,,,0,32,,126910,24,,,0,72,,126912,24,,,0,30,,126925,24,,,0,72,,126922,24,,,0,32,,126927,24,,,0,72,,126921,24,,,0,32,,126928,24,,,0,72,,126923,24,,,0,32,,126929,24,,,0,72,,126924,24,,,0,32,,126930,24,,,0,72,,126926,24,,,0,32,,126931,24,,,0,76,,126914,24,,,0,72,,126919,24,,,0,32,,126915,24,,,0,72,,126918,24,,,0,31,,126917,24,,,0,70,,126920,24,,,0,32,,126916,24,,,0
