801,'Saturday',642,,27659,10,,,0,67,,27660,10,,,0,27,,27661,10,,,0,67,,27662,10,,,0,27,,27663,10,,,0,27,,27664,10,,,0,67,,27665,10,,,0,27,,27666,10,,,0,67,,27667,10,,,0,27,,27668,10,,,0,67,,27669,10,,,0,27,,27670,10,,,0,67,,27671,10,,,0,27,,27672,10,,,0,67,,27673,10,,,0,27,,27674,10,,,0,27,,27676,10,,,0,67,,27677,10,,,0,27,,27678,10,,,0,67,,27675,10,,,0,27,,27679,10,,,0,67,,27680,10,,,0,27,,27681,10,,,0,67,,27682,10,,,0,27,,27683,10,,,0,27,,27685,10,,,0,67,,27686,10,,,0,27,,27687,10,,,0,67,,27684,10,,,0,27,,27688,10,,,0,67,,27689,10,,,0,30,,27690,10,,,0,75,,27691,10,,,0,35,,27692,10,,,0,75,,27693,10,,,0,75,,27694,10,,,0,35,,27695,10,,,0
801,'Sunday',642,,27697,10,,,0,67,,27696,10,,,0,27,,27698,10,,,0,67,,27699,10,,,0,27,,27700,10,,,0,27,,27701,10,,,0,67,,27703,10,,,0,27,,27702,10,,,0,67,,27704,10,,,0,27,,27705,10,,,0,67,,27706,10,,,0,27,,27707,10,,,0,67,,27708,10,,,0,27,,27709,10,,,0,67,,27710,10,,,0,27,,27711,10,,,0,27,,27712,10,,,0,67,,27713,10,,,0,27,,27714,10,,,0,67,,27715,10,,,0,27,,27716,10,,,0,67,,27717,10,,,0,27,,27719,10,,,0,67,,27721,10,,,0,27,,27720,10,,,0,27,,27722,10,,,0,67,,27718,10,,,0,27,,27725,10,,,0,67,,27723,10,,,0,27,,27724,10,,,0,67,,27726,10,,,0,30,,27727,10,,,0,75,,27728,10,,,0,35,,27729,10,,,0,75,,27730,10,,,0,75,,27731,10,,,0,35,,27732,10,,,0
801,'Weekday',509,,27794,10,,,0,18,,27757,10,,,0,17,,27736,10,,,0,57,,27738,10,,,0,17,,27748,10,,,0,17,,27765,10,,,0,17,,27773,10,,,0,5,,27781,10,,,0,45,,27782,10,,,0,7,,27795,10,,,0,5,,27783,10,,,0,5,,27784,10,,,0,7,,27758,10,,,0,5,,27785,10,,,0,5,,27786,10,,,0,7,,27737,10,,,0,5,,27787,10,,,0,5,,27788,10,,,0,47,,27740,10,,,0,5,,27789,10,,,0,12,,27749,10,,,0,17,,27766,10,,,0,17,,27774,10,,,0,53,,27796,10,,,0,21,,27759,10,,,0,21,,27739,10,,,0,61,,27750,10,,,0,21,,27767,10,,,0,21,,27797,10,,,0,61,,27760,10,,,0,21,,27741,10,,,0,21,,27751,10,,,0,61,,27769,10,,,0,21,,27798,10,,,0,21,,27761,10,,,0,61,,27742,10,,,0,21,,27752,10,,,0,21,,27768,10,,,0,63,,27799,10,,,0,12,,27790,10,,,0,10,,27762,10,,,0,10,,27791,10,,,0,50,,27743,10,,,0,5,,27792,10,,,0,9,,27776,10,,,0,17,,27753,10,,,0,5,,27793,10,,,0,8,,27779,10,,,0,5,,27770,10,,,0,5,,27778,10,,,0,45,,27780,10,,,0,5,,27775,10,,,0,17,,27800,10,,,0,17,,27763,10,,,0,17,,27744,10,,,0,57,,27777,10,,,0,17,,27734,10,,,0,22,,27771,10,,,0,63,,27801,10,,,0,21,,27764,10,,,0,21,,27745,10,,,0,61,,27754,10,,,0,21,,27772,10,,,0,61,,27802,10,,,0,35,,27735,10,,,0,69,,27755,10,,,0,35,,27804,10,,,0,71,,27746,10,,,0,33,,27756,10,,,0,73,,27803,10,,,0,33,,27747,10,,,0,73,,27733,10,,,0,85,,27805,10,,,0
801,'Weekday0000100',1347,,27806,10,,,0,77,,27807,10,,,0
801,'Weekday1111000',1527,,27808,10,,,0
801,'1CCSDCUT-Weekday',509,,27870,10,,,0,18,,27833,10,,,0,17,,27812,10,,,0,57,,27814,10,,,0,17,,27824,10,,,0,17,,27841,10,,,0,17,,27849,10,,,0,5,,27857,10,,,0,45,,27858,10,,,0,7,,27871,10,,,0,5,,27859,10,,,0,5,,27860,10,,,0,7,,27834,10,,,0,5,,27861,10,,,0,5,,27862,10,,,0,7,,27813,10,,,0,5,,27863,10,,,0,5,,27864,10,,,0,47,,27816,10,,,0,5,,27865,10,,,0,12,,27825,10,,,0,17,,27842,10,,,0,17,,27850,10,,,0,53,,27872,10,,,0,21,,27835,10,,,0,21,,27815,10,,,0,61,,27826,10,,,0,21,,27843,10,,,0,21,,27873,10,,,0,61,,27836,10,,,0,21,,27817,10,,,0,21,,27827,10,,,0,61,,27845,10,,,0,21,,27874,10,,,0,21,,27837,10,,,0,61,,27818,10,,,0,21,,27828,10,,,0,21,,27844,10,,,0,63,,27875,10,,,0,12,,27866,10,,,0,10,,27838,10,,,0,10,,27867,10,,,0,50,,27819,10,,,0,5,,27868,10,,,0,9,,27852,10,,,0,17,,27829,10,,,0,5,,27869,10,,,0,8,,27855,10,,,0,5,,27846,10,,,0,5,,27854,10,,,0,45,,27856,10,,,0,5,,27851,10,,,0,17,,27876,10,,,0,17,,27839,10,,,0,17,,27820,10,,,0,57,,27853,10,,,0,17,,27810,10,,,0,22,,27847,10,,,0,63,,27877,10,,,0,21,,27840,10,,,0,21,,27821,10,,,0,61,,27830,10,,,0,21,,27848,10,,,0,61,,27878,10,,,0,35,,27811,10,,,0,69,,27831,10,,,0,35,,27880,10,,,0,71,,27822,10,,,0,33,,27832,10,,,0,73,,27879,10,,,0,33,,27823,10,,,0,73,,27809,10,,,0,85,,27881,10,,,0
801,'1CCSDCUT-Weekday0000100',1347,,27882,10,,,0,77,,27883,10,,,0
801,'1CCSDCUT-Weekday1111000',1527,,27884,10,,,0
801,'1PUBCUT-Weekday',509,,27946,10,,,0,18,,27909,10,,,0,17,,27888,10,,,0,57,,27890,10,,,0,17,,27900,10,,,0,17,,27917,10,,,0,17,,27925,10,,,0,5,,27933,10,,,0,45,,27934,10,,,0,7,,27947,10,,,0,5,,27935,10,,,0,5,,27936,10,,,0,7,,27910,10,,,0,5,,27937,10,,,0,5,,27938,10,,,0,7,,27889,10,,,0,5,,27939,10,,,0,5,,27940,10,,,0,47,,27892,10,,,0,5,,27941,10,,,0,12,,27901,10,,,0,17,,27918,10,,,0,17,,27926,10,,,0,53,,27948,10,,,0,21,,27911,10,,,0,21,,27891,10,,,0,61,,27902,10,,,0,21,,27919,10,,,0,21,,27949,10,,,0,61,,27912,10,,,0,21,,27893,10,,,0,21,,27903,10,,,0,61,,27921,10,,,0,21,,27950,10,,,0,21,,27913,10,,,0,61,,27894,10,,,0,21,,27904,10,,,0,21,,27920,10,,,0,63,,27951,10,,,0,12,,27942,10,,,0,10,,27914,10,,,0,10,,27943,10,,,0,50,,27895,10,,,0,5,,27944,10,,,0,9,,27928,10,,,0,17,,27905,10,,,0,5,,27945,10,,,0,8,,27931,10,,,0,5,,27922,10,,,0,5,,27930,10,,,0,45,,27932,10,,,0,5,,27927,10,,,0,17,,27952,10,,,0,17,,27915,10,,,0,17,,27896,10,,,0,57,,27929,10,,,0,17,,27886,10,,,0,22,,27923,10,,,0,63,,27953,10,,,0,21,,27916,10,,,0,21,,27897,10,,,0,61,,27906,10,,,0,21,,27924,10,,,0,61,,27954,10,,,0,35,,27887,10,,,0,69,,27907,10,,,0,35,,27956,10,,,0,71,,27898,10,,,0,33,,27908,10,,,0,73,,27955,10,,,0,33,,27899,10,,,0,73,,27885,10,,,0,85,,27957,10,,,0
801,'1PUBCUT-Weekday0000100',1347,,27958,10,,,0,77,,27959,10,,,0
801,'1PUBCUT-Weekday1111000',1527,,27960,10,,,0
12301,'Saturday',651,,54823,11,,,0,82,,54822,11,,,0,82,,54825,11,,,0,42,,54824,11,,,0,83,,54826,11,,,0,82,,54827,11,,,0,82,,54828,11,,,0,42,,54829,11,,,0,82,,54830,11,,,0,82,,54831,11,,,0,42,,54834,11,,,0,82,,54832,11,,,0,82,,54835,11,,,0,42,,54833,11,,,0,82,,54836,11,,,0,82,,54837,11,,,0,82,,54839,11,,,0,41,,54838,11,,,0,82,,54847,11,,,0,82,,54842,11,,,0,42,,54845,11,,,0,82,,54844,11,,,0,82,,54840,11,,,0,42,,54843,11,,,0,82,,54841,11,,,0,82,,54846,11,,,0
12301,'Sunday',651,,54848,11,,,0,82,,54849,11,,,0,82,,54850,11,,,0,42,,54851,11,,,0,83,,54852,11,,,0,82,,54853,11,,,0,82,,54854,11,,,0,42,,54855,11,,,0,82,,54856,11,,,0,82,,54857,11,,,0,42,,54860,11,,,0,82,,54858,11,,,0,82,,54861,11,,,0,42,,54859,11,,,0,82,,54862,11,,,0,82,,54863,11,,,0,82,,54865,11,,,0,41,,54864,11,,,0,82,,54872,11,,,0,82,,54868,11,,,0,42,,54873,11,,,0,82,,54870,11,,,0,82,,54866,11,,,0,42,,54869,11,,,0,82,,54867,11,,,0,82,,54871,11,,,0
12301,'Weekday',608,,54875,11,,,0,24,,54885,11,,,0,12,,54924,11,,,0,12,,54888,11,,,0,52,,54923,11,,,0,12,,54904,11,,,0,12,,54921,11,,,0,12,,54877,11,,,0,12,,54922,11,,,0,52,,54886,11,,,0,24,,54889,11,,,0,24,,54905,11,,,0,70,,54876,11,,,0,30,,54890,11,,,0,70,,54906,11,,,0,30,,54878,11,,,0,70,,54891,11,,,0,30,,54907,11,,,0,70,,54879,11,,,0,30,,54892,11,,,0,70,,54908,11,,,0,30,,54880,11,,,0,64,,54893,11,,,0,36,,54909,11,,,0,70,,54881,11,,,0,12,,54920,11,,,0,12,,54894,11,,,0,52,,54917,11,,,0,12,,54901,11,,,0,12,,54918,11,,,0,12,,54910,11,,,0,12,,54919,11,,,0,52,,54882,11,,,0,24,,54895,11,,,0,24,,54902,11,,,0,64,,54911,11,,,0,23,,54883,11,,,0,64,,54896,11,,,0,43,,54912,11,,,0,83,,54897,11,,,0,83,,54914,11,,,0,43,,54898,11,,,0,83,,54913,11,,,0,83,,54899,11,,,0,83,,54915,11,,,0,38,,54900,11,,,0,84,,54916,11,,,0
12301,'1CCSDCUT-Weekday',608,,54926,11,,,0,24,,54936,11,,,0,12,,54975,11,,,0,12,,54939,11,,,0,52,,54974,11,,,0,12,,54955,11,,,0,12,,54972,11,,,0,12,,54928,11,,,0,12,,54973,11,,,0,52,,54937,11,,,0,24,,54940,11,,,0,24,,54956,11,,,0,70,,54927,11,,,0,30,,54941,11,,,0,70,,54957,11,,,0,30,,54929,11,,,0,70,,54942,11,,,0,30,,54958,11,,,0,70,,54930,11,,,0,30,,54943,11,,,0,70,,54959,11,,,0,30,,54931,11,,,0,64,,54944,11,,,0,36,,54960,11,,,0,70,,54932,11,,,0,12,,54971,11,,,0,12,,54945,11,,,0,52,,54968,11,,,0,12,,54952,11,,,0,12,,54969,11,,,0,12,,54961,11,,,0,12,,54970,11,,,0,52,,54933,11,,,0,24,,54946,11,,,0,24,,54953,11,,,0,64,,54962,11,,,0,23,,54934,11,,,0,64,,54947,11,,,0,43,,54963,11,,,0,83,,54948,11,,,0,83,,54965,11,,,0,43,,54949,11,,,0,83,,54964,11,,,0,83,,54950,11,,,0,83,,54966,11,,,0,38,,54951,11,,,0,84,,54967,11,,,0
12301,'1PUBCUT-Weekday',608,,54977,11,,,0,24,,54987,11,,,0,12,,55026,11,,,0,12,,54990,11,,,0,52,,55025,11,,,0,12,,55006,11,,,0,12,,55023,11,,,0,12,,54979,11,,,0,12,,55024,11,,,0,52,,54988,11,,,0,24,,54991,11,,,0,24,,55007,11,,,0,70,,54978,11,,,0,30,,54992,11,,,0,70,,55008,11,,,0,30,,54980,11,,,0,70,,54993,11,,,0,30,,55009,11,,,0,70,,54981,11,,,0,30,,54994,11,,,0,70,,55010,11,,,0,30,,54982,11,,,0,64,,54995,11,,,0,36,,55011,11,,,0,70,,54983,11,,,0,12,,55022,11,,,0,12,,54996,11,,,0,52,,55019,11,,,0,12,,55003,11,,,0,12,,55020,11,,,0,12,,55012,11,,,0,12,,55021,11,,,0,52,,54984,11,,,0,24,,54997,11,,,0,24,,55004,11,,,0,64,,55013,11,,,0,23,,54985,11,,,0,64,,54998,11,,,0,43,,55014,11,,,0,83,,54999,11,,,0,83,,55016,11,,,0,43,,55000,11,,,0,83,,55015,11,,,0,83,,55001,11,,,0,83,,55017,11,,,0,38,,55002,11,,,0,84,,55018,11,,,0
88701,'Weekday',754,,69150,18,0,12 89 28 1 90,0
88701,'1PUBCUT-Weekday',754,,69151,18,0,12 89 28 1 90,0
