6200,'Weekday',1628,,98747,9,,,0,74,,98746,9,,,0,35,,98748,9,,,0
6200,'STMPSnea-Weekday',1628,,98750,9,,,0,74,,98749,9,,,0,35,,98751,9,,,0
6200,'STMPWeek-Weekday',1628,,98753,9,,,0,74,,98752,9,,,0,35,,98754,9,,,0
6200,'STMPar-Weekday',1628,,98756,9,,,0,74,,98755,9,,,0,35,,98757,9,,,0
6400,'Weekday',1614,,98860,9,,,0,18,,98862,9,,,0,19,,98861,9,,,0,60,,98859,9,,,0,19,,98863,9,,,0,20,,98858,9,,,0
6400,'STMPSnea-Weekday',1614,,98866,9,,,0,18,,98868,9,,,0,19,,98867,9,,,0,60,,98865,9,,,0,19,,98869,9,,,0,20,,98864,9,,,0
6400,'STMPWeek-Weekday',1614,,98872,9,,,0,18,,98874,9,,,0,19,,98873,9,,,0,60,,98871,9,,,0,19,,98875,9,,,0,20,,98870,9,,,0
6400,'STMPar-Weekday',1614,,98878,9,,,0,18,,98880,9,,,0,19,,98879,9,,,0,60,,98877,9,,,0,19,,98881,9,,,0,20,,98876,9,,,0
10900,'Weekday',1625,,117622,9,,,0,75,,117623,9,,,0
10900,'STMPSnea-Weekday',1625,,117624,9,,,0,75,,117625,9,,,0
10900,'STMPWeek-Weekday',1625,,117626,9,,,0,75,,117627,9,,,0
10900,'STMPar-Weekday',1625,,117628,9,,,0,75,,117629,9,,,0
11600,'Weekday',1624,,119242,9,,,0,20,,119243,9,,,0,60,,119244,9,,,0,30,,119245,9,,,0
11600,'STMPSnea-Weekday',1624,,119246,9,,,0,20,,119247,9,,,0,60,,119248,9,,,0,30,,119249,9,,,0
11600,'STMPWeek-Weekday',1624,,119250,9,,,0,20,,119251,9,,,0,60,,119252,9,,,0,30,,119253,9,,,0
11600,'STMPar-Weekday',1624,,119254,9,,,0,20,,119255,9,,,0,60,,119256,9,,,0,30,,119257,9,,,0
14200,'Weekday',1630,,126065,10,,,0,25,,126067,10,,,0,75,,126066,10,,,0
14200,'STMPSnea-Weekday',1630,,126068,10,,,0,25,,126070,10,,,0,75,,126069,10,,,0
14200,'STMPWeek-Weekday',1630,,126071,10,,,0,25,,126073,10,,,0,75,,126072,10,,,0
14200,'STMPar-Weekday',1630,,126074,10,,,0,25,,126076,10,,,0,75,,126075,10,,,0
