1000,'Saturday',859,,28475,10,,,0,70,,28485,10,,,0,30,,28463,10,,,0,71,,28476,10,,,0,70,,28486,10,,,0,30,,28465,10,,,0,70,,28477,10,,,0,30,,28487,10,,,0,70,,28464,10,,,0,30,,28478,10,,,0,70,,28489,10,,,0,30,,28466,10,,,0,70,,28479,10,,,0,30,,28488,10,,,0,70,,28467,10,,,0,30,,28480,10,,,0,70,,28490,10,,,0,30,,28468,10,,,0,70,,28481,10,,,0,30,,28491,10,,,0,70,,28470,10,,,0,29,,28482,10,,,0,30,,28492,10,,,0,70,,28469,10,,,0,30,,28483,10,,,0,70,,28474,10,,,0,30,,28472,10,,,0,70,,28484,10,,,0,30,,28471,10,,,0,70,,28473,10,,,0
1000,'Sunday',859,,28498,10,,,0,70,,28506,10,,,0,30,,28514,10,,,0,71,,28497,10,,,0,70,,28508,10,,,0,30,,28515,10,,,0,70,,28499,10,,,0,30,,28507,10,,,0,70,,28516,10,,,0,30,,28500,10,,,0,70,,28510,10,,,0,30,,28518,10,,,0,70,,28501,10,,,0,30,,28512,10,,,0,70,,28517,10,,,0,30,,28503,10,,,0,70,,28509,10,,,0,30,,28519,10,,,0,70,,28502,10,,,0,29,,28511,10,,,0,30,,28521,10,,,0,70,,28504,10,,,0,30,,28495,10,,,0,70,,28520,10,,,0,30,,28496,10,,,0,70,,28493,10,,,0,30,,28522,10,,,0,70,,28505,10,,,0,30,,28494,10,,,0,70,,28513,10,,,0
1000,'Weekday',549,,28523,10,,,0,72,,28535,10,,,0,33,,28545,10,,,0,72,,28525,10,,,0,32,,28536,10,,,0,72,,28548,10,,,0,72,,28524,10,,,0,32,,28537,10,,,0,72,,28549,10,,,0,32,,28526,10,,,0,72,,28538,10,,,0,32,,28550,10,,,0,72,,28527,10,,,0,32,,28539,10,,,0,72,,28551,10,,,0,32,,28528,10,,,0,72,,28541,10,,,0,29,,28552,10,,,0,72,,28529,10,,,0,35,,28540,10,,,0,72,,28553,10,,,0,72,,28530,10,,,0,32,,28543,10,,,0,71,,28554,10,,,0,32,,28531,10,,,0,72,,28542,10,,,0,32,,28555,10,,,0,72,,28532,10,,,0,32,,28544,10,,,0,72,,28556,10,,,0,32,,28533,10,,,0,72,,28546,10,,,0,32,,28557,10,,,0,72,,28534,10,,,0,29,,28547,10,,,0
1000,'1CCSDCUT-Weekday',549,,28558,10,,,0,72,,28570,10,,,0,33,,28580,10,,,0,72,,28560,10,,,0,32,,28571,10,,,0,72,,28583,10,,,0,72,,28559,10,,,0,32,,28572,10,,,0,72,,28584,10,,,0,32,,28561,10,,,0,72,,28573,10,,,0,32,,28585,10,,,0,72,,28562,10,,,0,32,,28574,10,,,0,72,,28586,10,,,0,32,,28563,10,,,0,72,,28576,10,,,0,29,,28587,10,,,0,72,,28564,10,,,0,35,,28575,10,,,0,72,,28588,10,,,0,72,,28565,10,,,0,32,,28578,10,,,0,71,,28589,10,,,0,32,,28566,10,,,0,72,,28577,10,,,0,32,,28590,10,,,0,72,,28567,10,,,0,32,,28579,10,,,0,72,,28591,10,,,0,32,,28568,10,,,0,72,,28581,10,,,0,32,,28592,10,,,0,72,,28569,10,,,0,29,,28582,10,,,0
71200,'Weekday',848,,68404,28,0,29 158,0
71200,'1CCSDCUT-Weekday',848,,68405,28,0,29 158,0
71300,'Weekday',848,,68410,35,0,29 160,0
71300,'1CCSDCUT-Weekday',848,,68411,35,0,29 160,0
71500,'Weekday',848,,68433,29,0,29 161,0
71500,'1CCSDCUT-Weekday',848,,68435,29,0,29 161,0
