800,'Saturday',734,,27357,26,,,0,67,,27354,26,,,0,27,,27355,26,,,0,27,,27358,26,,,0,67,,27359,26,,,0,27,,27360,26,,,0,67,,27361,26,,,0,27,,27362,26,,,0,67,,27364,26,,,0,27,,27365,26,,,0,67,,27366,26,,,0,27,,27363,26,,,0,27,,27367,26,,,0,67,,27368,26,,,0,27,,27369,26,,,0,67,,27370,26,,,0,27,,27371,26,,,0,67,,27372,26,,,0,27,,27373,26,,,0,67,,27374,26,,,0,27,,27356,26,,,0,67,,27375,26,,,0,27,,27376,26,,,0,27,,27377,26,,,0,67,,27378,26,,,0,27,,27379,26,,,0,67,,27380,26,,,0,27,,27381,26,,,0,67,,27382,26,,,0,37,,27383,26,,,0,77,,27384,26,,,0,35,,27385,26,,,0,75,,27386,26,,,0,75,,27387,26,,,0,35,,27388,26,,,0,75,,27389,26,,,0,35,,27390,26,,,0
800,'Sunday',734,,27392,26,,,0,67,,27391,26,,,0,27,,27394,26,,,0,27,,27393,26,,,0,67,,27395,26,,,0,27,,27396,26,,,0,67,,27397,26,,,0,27,,27399,26,,,0,67,,27398,26,,,0,27,,27400,26,,,0,67,,27401,26,,,0,27,,27402,26,,,0,27,,27404,26,,,0,67,,27406,26,,,0,27,,27405,26,,,0,67,,27403,26,,,0,27,,27408,26,,,0,67,,27407,26,,,0,27,,27409,26,,,0,67,,27411,26,,,0,27,,27413,26,,,0,67,,27412,26,,,0,27,,27414,26,,,0,27,,27415,26,,,0,67,,27410,26,,,0,27,,27416,26,,,0,67,,27418,26,,,0,27,,27417,26,,,0,67,,27419,26,,,0,37,,27420,26,,,0,77,,27421,26,,,0,35,,27422,26,,,0,75,,27423,26,,,0,75,,27425,26,,,0,35,,27424,26,,,0,75,,27426,26,,,0,35,,27427,26,,,0
800,'Weekday',518,,27428,26,,,0,17,,27431,26,,,0,17,,27443,26,,,0,57,,27463,26,,,0,17,,27473,26,,,0,17,,27492,26,,,0,57,,27455,26,,,0,17,,27429,26,,,0,17,,27432,26,,,0,17,,27444,26,,,0,57,,27464,26,,,0,17,,27471,26,,,0,5,,27486,26,,,0,6,,27487,26,,,0,6,,27493,26,,,0,9,,27488,26,,,0,8,,27456,26,,,0,55,,27430,26,,,0,15,,27433,26,,,0,16,,27445,26,,,0,61,,27465,26,,,0,21,,27494,26,,,0,21,,27457,26,,,0,61,,27434,26,,,0,21,,27446,26,,,0,21,,27466,26,,,0,61,,27495,26,,,0,21,,27458,26,,,0,21,,27435,26,,,0,61,,27447,26,,,0,22,,27468,26,,,0,63,,27496,26,,,0,22,,27460,26,,,0,20,,27503,3,,,0,1,,27436,26,,,0,64,,27448,26,,,0,17,,27467,26,,,0,5,,27478,26,,,0,5,,27480,26,,,0,7,,27474,26,,,0,5,,27481,13,,,0,5,,27477,26,,,0,7,,27497,26,,,0,45,,27489,26,,,0,5,,27482,13,,,0,7,,27459,26,,,0,5,,27490,26,,,0,5,,27483,13,,,0,7,,27437,26,,,0,5,,27491,26,,,0,5,,27484,13,,,0,7,,27476,26,,,0,5,,27485,13,,,0,5,,27479,26,,,0,47,,27449,26,,,0,17,,27469,26,,,0,17,,27475,26,,,0,17,,27498,26,,,0,57,,27461,26,,,0,24,,27438,26,,,0,21,,27450,26,,,0,61,,27470,26,,,0,19,,27499,26,,,0,19,,27462,26,,,0,61,,27439,26,,,0,20,,27451,26,,,0,61,,27472,26,,,0,21,,27502,26,,,0,32,,27440,26,,,0,74,,27452,26,,,0,73,,27500,26,,,0,33,,27441,26,,,0,73,,27453,26,,,0,33,,27501,26,,,0,73,,27442,26,,,0,26,,27454,26,,,0
800,'Weekday1111000',1438,,27504,1,,,0
800,'1CCSDCUT-Weekday',518,,27505,26,,,0,17,,27508,26,,,0,17,,27520,26,,,0,57,,27540,26,,,0,17,,27550,26,,,0,17,,27569,26,,,0,57,,27532,26,,,0,17,,27506,26,,,0,17,,27509,26,,,0,17,,27521,26,,,0,57,,27541,26,,,0,17,,27548,26,,,0,5,,27563,26,,,0,6,,27564,26,,,0,6,,27570,26,,,0,9,,27565,26,,,0,8,,27533,26,,,0,55,,27507,26,,,0,15,,27510,26,,,0,16,,27522,26,,,0,61,,27542,26,,,0,21,,27571,26,,,0,21,,27534,26,,,0,61,,27511,26,,,0,21,,27523,26,,,0,21,,27543,26,,,0,61,,27572,26,,,0,21,,27535,26,,,0,21,,27512,26,,,0,61,,27524,26,,,0,22,,27545,26,,,0,63,,27573,26,,,0,22,,27537,26,,,0,20,,27580,3,,,0,1,,27513,26,,,0,64,,27525,26,,,0,17,,27544,26,,,0,5,,27555,26,,,0,5,,27557,26,,,0,7,,27551,26,,,0,5,,27558,13,,,0,5,,27554,26,,,0,7,,27574,26,,,0,45,,27566,26,,,0,5,,27559,13,,,0,7,,27536,26,,,0,5,,27567,26,,,0,5,,27560,13,,,0,7,,27514,26,,,0,5,,27568,26,,,0,5,,27561,13,,,0,7,,27553,26,,,0,5,,27562,13,,,0,5,,27556,26,,,0,47,,27526,26,,,0,17,,27546,26,,,0,17,,27552,26,,,0,17,,27575,26,,,0,57,,27538,26,,,0,24,,27515,26,,,0,21,,27527,26,,,0,61,,27547,26,,,0,19,,27576,26,,,0,19,,27539,26,,,0,61,,27516,26,,,0,20,,27528,26,,,0,61,,27549,26,,,0,21,,27579,26,,,0,32,,27517,26,,,0,74,,27529,26,,,0,73,,27577,26,,,0,33,,27518,26,,,0,73,,27530,26,,,0,33,,27578,26,,,0,73,,27519,26,,,0,26,,27531,26,,,0
800,'1CCSDCUT-Weekday1111000',1438,,27581,1,,,0
6200,'Weekday',1655,,41858,22,,,0,72,,41857,22,,,0,75,,41859,22,,,0
6200,'1CCSDCUT-Weekday',1655,,41861,22,,,0,73,,41860,22,,,0,75,,41862,22,,,0
6201,'Weekday',610,,41866,8,,,0,26,,41867,8,,,0,68,,41868,8,,,0
6201,'1CCSDCUT-Weekday',610,,41869,8,,,0,26,,41870,8,,,0,68,,41871,8,,,0
11800,'Saturday',723,,54089,8,,,0,28,,54063,14,,,0,70,,54060,14,,,0,30,,54061,14,,,0,70,,54065,14,,,0,30,,54070,14,,,0,70,,54071,14,,,0,30,,54067,14,,,0,70,,54066,14,,,0,30,,54068,14,,,0,70,,54064,14,,,0,30,,54072,14,,,0,70,,54076,14,,,0,30,,54077,14,,,0,70,,54073,14,,,0,30,,54069,14,,,0,70,,54074,14,,,0,30,,54062,14,,,0,70,,54075,14,,,0,30,,54079,14,,,0,70,,54078,14,,,0,30,,54081,14,,,0,70,,54082,14,,,0,30,,54083,14,,,0,70,,54080,14,,,0,30,,54084,14,,,0,70,,54085,14,,,0,30,,54086,14,,,0,70,,54087,14,,,0,30,,54088,14,,,0,70,,54090,14,,,0
11800,'Sunday',751,,54118,8,,,0,70,,54091,14,,,0,30,,54094,14,,,0,70,,54092,14,,,0,30,,54095,14,,,0,70,,54096,14,,,0,30,,54097,14,,,0,70,,54099,14,,,0,30,,54100,14,,,0,70,,54101,14,,,0,30,,54098,14,,,0,70,,54093,14,,,0,30,,54102,14,,,0,70,,54103,14,,,0,30,,54104,14,,,0,70,,54105,14,,,0,30,,54106,14,,,0,70,,54108,14,,,0,30,,54109,14,,,0,70,,54110,14,,,0,30,,54107,14,,,0,70,,54111,14,,,0,30,,54112,14,,,0,70,,54113,14,,,0,30,,54114,14,,,0,70,,54115,14,,,0,30,,54116,14,,,0,70,,54117,14,,,0,30,,54119,14,,,0,70,,54120,14,,,0
11800,'Weekday',501,,54124,8,,,0,42,,54126,14,,,0,78,,54121,14,,,0,30,,54122,14,,,0,70,,54123,14,,,0,30,,54127,14,,,0,70,,54125,14,,,0,29,,54128,14,,,0,69,,54129,14,,,0,30,,54130,14,,,0,70,,54131,14,,,0,30,,54132,14,,,0,70,,54134,14,,,0,30,,54135,14,,,0,70,,54136,14,,,0,30,,54133,14,,,0,70,,54137,14,,,0,30,,54138,14,,,0,70,,54139,14,,,0,30,,54140,14,,,0,71,,54141,14,,,0,32,,54142,14,,,0,70,,54145,14,,,0,30,,54147,14,,,0,70,,54143,14,,,0,30,,54144,14,,,0,74,,54146,14,,,0,29,,54148,14,,,0,70,,54149,14,,,0,30,,54151,14,,,0,70,,54152,14,,,0,30,,54153,14,,,0,70,,54150,14,,,0,30,,54154,14,,,0,70,,54155,14,,,0,30,,54156,14,,,0,70,,54157,14,,,0
11800,'1CCSDCUT-Weekday',501,,54161,8,,,0,42,,54163,14,,,0,78,,54158,14,,,0,30,,54159,14,,,0,70,,54160,14,,,0,30,,54164,14,,,0,70,,54162,14,,,0,29,,54165,14,,,0,69,,54166,14,,,0,30,,54167,14,,,0,70,,54168,14,,,0,30,,54169,14,,,0,70,,54171,14,,,0,30,,54172,14,,,0,70,,54173,14,,,0,30,,54170,14,,,0,70,,54174,14,,,0,30,,54175,14,,,0,70,,54176,14,,,0,30,,54177,14,,,0,71,,54178,14,,,0,32,,54179,14,,,0,70,,54182,14,,,0,30,,54184,14,,,0,70,,54180,14,,,0,30,,54181,14,,,0,74,,54183,14,,,0,29,,54185,14,,,0,70,,54186,14,,,0,30,,54188,14,,,0,70,,54189,14,,,0,30,,54190,14,,,0,70,,54187,14,,,0,30,,54191,14,,,0,70,,54192,14,,,0,30,,54193,14,,,0,70,,54194,14,,,0
