2600,'Saturday',623,,33244,25,,,0,85,,33254,25,,,0,45,,33246,25,,,0,85,,33255,25,,,0,88,,33245,25,,,0,85,,33256,25,,,0,45,,33247,25,,,0,85,,33257,25,,,0,85,,33248,25,,,0,85,,33258,25,,,0,45,,33249,25,,,0,86,,33259,25,,,0,85,,33250,25,,,0,85,,33260,25,,,0,45,,33251,25,,,0,85,,33261,25,,,0,85,,33252,25,,,0,83,,33262,25,,,0,44,,33253,25,,,0,85,,33263,25,,,0
2600,'Sunday',623,,33264,25,,,0,85,,33274,25,,,0,45,,33265,25,,,0,85,,33275,25,,,0,88,,33266,25,,,0,85,,33277,25,,,0,45,,33267,25,,,0,85,,33276,25,,,0,85,,33268,25,,,0,85,,33278,25,,,0,45,,33269,25,,,0,86,,33279,25,,,0,85,,33270,25,,,0,85,,33280,25,,,0,45,,33271,25,,,0,85,,33281,25,,,0,85,,33272,25,,,0,83,,33282,25,,,0,44,,33273,25,,,0,85,,33283,25,,,0
2600,'Weekday',547,,33284,25,,,0,72,,33285,25,,,0,32,,33286,25,,,0,74,,33287,25,,,0,33,,33288,25,,,0,72,,33289,25,,,0,72,,33290,25,,,0,27,,33291,25,,,0,26,,33293,25,,,0,70,,33294,25,,,0,30,,33295,25,,,0,70,,33292,25,,,0,30,,33296,25,,,0,70,,33297,25,,,0,30,,33298,25,,,0,70,,33299,25,,,0,30,,33300,25,,,0,70,,33302,25,,,0,31,,33303,25,,,0,71,,33304,25,,,0,32,,33301,25,,,0,74,,33305,25,,,0,72,,33306,25,,,0,32,,33307,25,,,0,72,,33308,25,,,0,29,,33310,25,,,0,68,,33311,25,,,0,30,,33312,25,,,0,70,,33313,25,,,0,30,,33315,25,,,0,70,,33317,25,,,0,28,,33316,25,,,0,70,,33314,25,,,0,30,,33309,25,,,0
2600,'Weekday0000100',1423,,33319,13,,,0,10,,33318,13,,,0
2600,'Weekday1111000',1602,,33321,13,,,0,12,,33320,25,,,0
2600,'1CCSDCUT-Weekday',547,,33322,25,,,0,72,,33323,25,,,0,32,,33324,25,,,0,74,,33325,25,,,0,33,,33326,25,,,0,72,,33327,25,,,0,72,,33328,25,,,0,27,,33329,25,,,0,26,,33331,25,,,0,70,,33332,25,,,0,30,,33333,25,,,0,70,,33330,25,,,0,30,,33334,25,,,0,70,,33335,25,,,0,30,,33336,25,,,0,70,,33337,25,,,0,30,,33338,25,,,0,70,,33340,25,,,0,31,,33341,25,,,0,71,,33342,25,,,0,32,,33339,25,,,0,74,,33343,25,,,0,72,,33344,25,,,0,32,,33345,25,,,0,72,,33346,25,,,0,29,,33348,25,,,0,68,,33349,25,,,0,30,,33350,25,,,0,70,,33351,25,,,0,30,,33353,25,,,0,70,,33355,25,,,0,28,,33354,25,,,0,70,,33352,25,,,0,30,,33347,25,,,0
2600,'1CCSDCUT-Weekday0000100',1423,,33357,13,,,0,10,,33356,13,,,0
2600,'1CCSDCUT-Weekday1111000',1602,,33359,13,,,0,12,,33358,25,,,0
2600,'1PUBCUT-Weekday',547,,33360,25,,,0,72,,33361,25,,,0,32,,33362,25,,,0,74,,33363,25,,,0,33,,33364,25,,,0,72,,33365,25,,,0,72,,33366,25,,,0,27,,33367,25,,,0,26,,33369,25,,,0,70,,33370,25,,,0,30,,33371,25,,,0,70,,33368,25,,,0,30,,33372,25,,,0,70,,33373,25,,,0,30,,33374,25,,,0,70,,33375,25,,,0,30,,33376,25,,,0,70,,33378,25,,,0,31,,33379,25,,,0,71,,33380,25,,,0,32,,33377,25,,,0,74,,33381,25,,,0,72,,33382,25,,,0,32,,33383,25,,,0,72,,33384,25,,,0,29,,33386,25,,,0,68,,33387,25,,,0,30,,33388,25,,,0,70,,33389,25,,,0,30,,33391,25,,,0,70,,33393,25,,,0,28,,33392,25,,,0,70,,33390,25,,,0,30,,33385,25,,,0
2600,'1PUBCUT-Weekday1111000',1602,,33395,13,,,0,12,,33394,25,,,0
