16701,'Saturday',613,,62318,6,,,0,27,,62319,6,,,0,67,,62320,6,,,0,27,,62322,6,,,0,67,,62323,6,,,0,27,,62324,6,,,0,27,,62321,6,,,0,67,,62325,6,,,0,27,,62326,6,,,0,67,,62327,6,,,0,27,,62328,6,,,0,67,,62329,6,,,0,27,,62330,6,,,0,67,,62331,6,,,0,27,,62332,6,,,0,27,,62333,6,,,0,67,,62334,6,,,0,27,,62335,6,,,0,67,,62336,6,,,0,27,,62337,6,,,0,67,,62338,6,,,0,27,,62339,6,,,0,67,,62340,6,,,0,27,,62341,6,,,0,67,,62342,6,,,0,27,,62343,6,,,0,27,,62344,6,,,0,67,,62346,6,,,0,27,,62347,6,,,0,67,,62348,6,,,0,27,,62345,6,,,0,67,,62349,6,,,0,27,,62350,6,,,0,67,,62351,6,,,0,27,,62352,6,,,0,27,,62353,6,,,0,67,,62354,6,,,0,27,,62356,6,,,0,67,,62357,6,,,0,27,,62358,6,,,0,67,,62355,6,,,0
16701,'Sunday',613,,62359,6,,,0,27,,62380,6,,,0,67,,62360,6,,,0,27,,62381,6,,,0,67,,62361,6,,,0,27,,62382,6,,,0,27,,62363,6,,,0,67,,62383,6,,,0,27,,62364,6,,,0,67,,62384,6,,,0,27,,62365,6,,,0,67,,62385,6,,,0,27,,62362,6,,,0,67,,62386,6,,,0,27,,62366,6,,,0,27,,62387,6,,,0,67,,62367,6,,,0,27,,62388,6,,,0,67,,62368,6,,,0,27,,62389,6,,,0,67,,62369,6,,,0,27,,62390,6,,,0,67,,62370,6,,,0,27,,62391,6,,,0,67,,62371,6,,,0,27,,62392,6,,,0,27,,62372,6,,,0,67,,62393,6,,,0,27,,62373,6,,,0,67,,62395,6,,,0,27,,62374,6,,,0,67,,62396,6,,,0,27,,62375,6,,,0,67,,62397,6,,,0,27,,62376,6,,,0,27,,62394,6,,,0,67,,62377,6,,,0,27,,62398,6,,,0,67,,62378,6,,,0,27,,62399,6,,,0,67,,62379,6,,,0
16701,'Weekday',543,,62400,6,,,0,15,,62414,6,,,0,55,,62418,6,,,0,15,,62431,6,,,0,15,,62401,6,,,0,15,,62415,6,,,0,55,,62419,6,,,0,15,,62432,6,,,0,15,,62402,6,,,0,15,,62416,6,,,0,55,,62420,6,,,0,15,,62433,6,,,0,15,,62403,6,,,0,15,,62417,6,,,0,53,,62421,6,,,0,28,,62404,6,,,0,68,,62422,6,,,0,28,,62405,6,,,0,68,,62423,6,,,0,28,,62406,6,,,0,28,,62424,6,,,0,68,,62407,6,,,0,28,,62425,6,,,0,68,,62408,6,,,0,28,,62427,6,,,0,68,,62409,6,,,0,31,,62428,6,,,0,55,,62435,6,,,0,15,,62410,6,,,0,15,,62445,6,,,0,15,,62426,6,,,0,55,,62436,6,,,0,15,,62411,6,,,0,15,,62446,6,,,0,15,,62429,6,,,0,55,,62434,6,,,0,15,,62412,6,,,0,15,,62443,6,,,0,15,,62430,6,,,0,55,,62437,6,,,0,15,,62413,6,,,0,15,,62447,6,,,0,67,,62438,6,,,0,24,,62449,6,,,0,28,,62439,6,,,0,68,,62450,6,,,0,28,,62440,6,,,0,68,,62451,6,,,0,28,,62441,6,,,0,68,,62448,6,,,0,28,,62442,6,,,0,68,,62452,6,,,0,28,,62444,6,,,0,71,,62453,6,,,0
16701,'1CCSDCUT-Weekday',543,,62454,6,,,0,15,,62468,6,,,0,55,,62472,6,,,0,15,,62485,6,,,0,15,,62455,6,,,0,15,,62469,6,,,0,55,,62473,6,,,0,15,,62486,6,,,0,15,,62456,6,,,0,15,,62470,6,,,0,55,,62474,6,,,0,15,,62487,6,,,0,15,,62457,6,,,0,15,,62471,6,,,0,53,,62475,6,,,0,28,,62458,6,,,0,68,,62476,6,,,0,28,,62459,6,,,0,68,,62477,6,,,0,28,,62460,6,,,0,28,,62478,6,,,0,68,,62461,6,,,0,28,,62479,6,,,0,68,,62462,6,,,0,28,,62481,6,,,0,68,,62463,6,,,0,31,,62482,6,,,0,55,,62489,6,,,0,15,,62464,6,,,0,15,,62499,6,,,0,15,,62480,6,,,0,55,,62490,6,,,0,15,,62465,6,,,0,15,,62500,6,,,0,15,,62483,6,,,0,55,,62488,6,,,0,15,,62466,6,,,0,15,,62497,6,,,0,15,,62484,6,,,0,55,,62491,6,,,0,15,,62467,6,,,0,15,,62501,6,,,0,67,,62492,6,,,0,24,,62503,6,,,0,28,,62493,6,,,0,68,,62504,6,,,0,28,,62494,6,,,0,68,,62505,6,,,0,28,,62495,6,,,0,68,,62502,6,,,0,28,,62496,6,,,0,68,,62506,6,,,0,28,,62498,6,,,0,71,,62507,6,,,0
16701,'1PUBCUT-Weekday',543,,62508,6,,,0,15,,62522,6,,,0,55,,62526,6,,,0,15,,62539,6,,,0,15,,62509,6,,,0,15,,62523,6,,,0,55,,62527,6,,,0,15,,62540,6,,,0,15,,62510,6,,,0,15,,62524,6,,,0,55,,62528,6,,,0,15,,62541,6,,,0,15,,62511,6,,,0,15,,62525,6,,,0,53,,62529,6,,,0,28,,62512,6,,,0,68,,62530,6,,,0,28,,62513,6,,,0,68,,62531,6,,,0,28,,62514,6,,,0,28,,62532,6,,,0,68,,62515,6,,,0,28,,62533,6,,,0,68,,62516,6,,,0,28,,62535,6,,,0,68,,62517,6,,,0,31,,62536,6,,,0,55,,62543,6,,,0,15,,62518,6,,,0,15,,62553,6,,,0,15,,62534,6,,,0,55,,62544,6,,,0,15,,62519,6,,,0,15,,62554,6,,,0,15,,62537,6,,,0,55,,62542,6,,,0,15,,62520,6,,,0,15,,62551,6,,,0,15,,62538,6,,,0,55,,62545,6,,,0,15,,62521,6,,,0,15,,62555,6,,,0,67,,62546,6,,,0,24,,62557,6,,,0,28,,62547,6,,,0,68,,62558,6,,,0,28,,62548,6,,,0,68,,62559,6,,,0,28,,62549,6,,,0,68,,62556,6,,,0,28,,62550,6,,,0,68,,62560,6,,,0,28,,62552,6,,,0,71,,62561,6,,,0
86701,'Weekday',842,,69106,18,0,17 18 19 1 61,0
86701,'1PUBCUT-Weekday',842,,69107,18,0,17 18 19 1 61,0
87700,'Weekday',741,,69121,2,0,55 62 63,0
87700,'1PUBCUT-Weekday',741,,69123,2,0,55 62 63,0
87701,'Weekday',1504,,69125,9,0,55 62 63,0
87701,'1PUBCUT-Weekday',1504,,69127,9,0,55 62 63,0
