8701,'Saturday',602,,47452,3,,,0,30,,47473,3,,,0,70,,47461,3,,,0,30,,47453,3,,,0,70,,47474,3,,,0,31,,47462,3,,,0,70,,47454,3,,,0,30,,47475,3,,,0,70,,47463,3,,,0,30,,47455,3,,,0,70,,47476,3,,,0,30,,47464,3,,,0,70,,47456,3,,,0,30,,47477,3,,,0,70,,47465,3,,,0,30,,47457,3,,,0,70,,47478,3,,,0,30,,47467,3,,,0,70,,47458,3,,,0,30,,47479,3,,,0,70,,47466,3,,,0,30,,47459,3,,,0,70,,47480,3,,,0,30,,47469,3,,,0,70,,47460,3,,,0,30,,47468,3,,,0,70,,47481,3,,,0,30,,47486,3,,,0,70,,47470,3,,,0,30,,47482,3,,,0,70,,47485,3,,,0,30,,47471,3,,,0,70,,47483,3,,,0,30,,47487,3,,,0,70,,47472,3,,,0,30,,47484,3,,,0,70,,47488,3,,,0
8701,'Sunday',602,,47489,3,,,0,30,,47514,3,,,0,70,,47502,3,,,0,30,,47490,3,,,0,70,,47515,3,,,0,31,,47503,3,,,0,70,,47491,3,,,0,30,,47516,3,,,0,70,,47504,3,,,0,30,,47492,3,,,0,70,,47517,3,,,0,30,,47505,3,,,0,70,,47493,3,,,0,30,,47518,3,,,0,70,,47507,3,,,0,30,,47494,3,,,0,70,,47519,3,,,0,30,,47506,3,,,0,70,,47495,3,,,0,30,,47520,3,,,0,70,,47508,3,,,0,30,,47496,3,,,0,70,,47521,3,,,0,30,,47509,3,,,0,70,,47497,3,,,0,30,,47522,3,,,0,70,,47510,3,,,0,30,,47498,3,,,0,70,,47523,3,,,0,30,,47511,3,,,0,70,,47499,3,,,0,30,,47524,3,,,0,70,,47512,3,,,0,30,,47500,3,,,0,70,,47525,3,,,0,30,,47513,3,,,0,70,,47501,3,,,0
8701,'Weekday',500,,47549,3,,,0,30,,47526,3,,,0,70,,47550,3,,,0,30,,47527,3,,,0,70,,47551,3,,,0,30,,47553,3,,,0,71,,47528,3,,,0,12,,47565,3,,,0,19,,47552,3,,,0,70,,47554,3,,,0,30,,47529,3,,,0,70,,47539,3,,,0,30,,47555,3,,,0,70,,47531,3,,,0,30,,47540,3,,,0,70,,47556,3,,,0,30,,47532,3,,,0,70,,47541,3,,,0,30,,47557,3,,,0,70,,47530,3,,,0,30,,47542,3,,,0,74,,47558,3,,,0,31,,47533,3,,,0,71,,47543,3,,,0,31,,47559,3,,,0,72,,47534,3,,,0,30,,47544,3,,,0,71,,47560,3,,,0,32,,47535,3,,,0,69,,47545,3,,,0,30,,47562,3,,,0,70,,47536,3,,,0,30,,47546,3,,,0,69,,47561,3,,,0,28,,47537,3,,,0,68,,47547,3,,,0,28,,47563,3,,,0,69,,47538,3,,,0,28,,47548,3,,,0,69,,47564,3,,,0
8701,'Weekday0000100',1445,,47566,3,,,0
8701,'Weekday1111000',1558,,47567,3,,,0
8701,'1CCSDCUT-Weekday',500,,47591,3,,,0,30,,47568,3,,,0,70,,47592,3,,,0,30,,47569,3,,,0,70,,47593,3,,,0,30,,47595,3,,,0,71,,47570,3,,,0,12,,47607,3,,,0,19,,47594,3,,,0,70,,47596,3,,,0,30,,47571,3,,,0,70,,47581,3,,,0,30,,47597,3,,,0,70,,47573,3,,,0,30,,47582,3,,,0,70,,47598,3,,,0,30,,47574,3,,,0,70,,47583,3,,,0,30,,47599,3,,,0,70,,47572,3,,,0,30,,47584,3,,,0,74,,47600,3,,,0,31,,47575,3,,,0,71,,47585,3,,,0,31,,47601,3,,,0,72,,47576,3,,,0,30,,47586,3,,,0,71,,47602,3,,,0,32,,47577,3,,,0,69,,47587,3,,,0,30,,47604,3,,,0,70,,47578,3,,,0,30,,47588,3,,,0,69,,47603,3,,,0,28,,47579,3,,,0,68,,47589,3,,,0,28,,47605,3,,,0,69,,47580,3,,,0,28,,47590,3,,,0,69,,47606,3,,,0
8701,'1CCSDCUT-Weekday0000100',1445,,47608,3,,,0
8701,'1CCSDCUT-Weekday1111000',1558,,47609,3,,,0
8701,'1PUBCUT-Weekday',500,,47633,3,,,0,30,,47610,3,,,0,70,,47634,3,,,0,30,,47611,3,,,0,70,,47635,3,,,0,30,,47637,3,,,0,71,,47612,3,,,0,12,,47649,3,,,0,19,,47636,3,,,0,70,,47638,3,,,0,30,,47613,3,,,0,70,,47623,3,,,0,30,,47639,3,,,0,70,,47615,3,,,0,30,,47624,3,,,0,70,,47640,3,,,0,30,,47616,3,,,0,70,,47625,3,,,0,30,,47641,3,,,0,70,,47614,3,,,0,30,,47626,3,,,0,74,,47642,3,,,0,31,,47617,3,,,0,71,,47627,3,,,0,31,,47643,3,,,0,72,,47618,3,,,0,30,,47628,3,,,0,71,,47644,3,,,0,32,,47619,3,,,0,69,,47629,3,,,0,30,,47646,3,,,0,70,,47620,3,,,0,30,,47630,3,,,0,69,,47645,3,,,0,28,,47621,3,,,0,68,,47631,3,,,0,28,,47647,3,,,0,69,,47622,3,,,0,28,,47632,3,,,0,69,,47648,3,,,0
8701,'1PUBCUT-Weekday0000100',1445,,47650,3,,,0
8701,'1PUBCUT-Weekday1111000',1558,,47651,3,,,0
