9200,'Saturday',747,,110416,31,,,0,85,,110400,31,,,0,85,,110405,31,,,0,85,,110410,31,,,0,45,,110415,31,,,0,85,,110401,31,,,0,85,,110406,31,,,0,85,,110411,31,,,0,45,,110417,31,,,0,85,,110403,31,,,0,85,,110407,31,,,0,85,,110412,31,,,0,45,,110418,31,,,0,85,,110402,31,,,0,85,,110408,31,,,0,85,,110413,31,,,0,43,,110419,31,,,0,85,,110404,31,,,0,85,,110409,31,,,0,38,,110414,31,,,0
9200,'Sunday',746,,110435,31,,,0,85,,110420,31,,,0,85,,110425,31,,,0,85,,110430,31,,,0,45,,110436,31,,,0,85,,110421,31,,,0,85,,110426,31,,,0,85,,110431,31,,,0,45,,110438,31,,,0,85,,110422,31,,,0,85,,110427,31,,,0,85,,110432,31,,,0,45,,110437,31,,,0,85,,110423,31,,,0,85,,110428,31,,,0,85,,110433,31,,,0,45,,110439,31,,,0,85,,110424,31,,,0,85,,110429,31,,,0,38,,110434,31,,,0
9200,'Weekday',447,,110448,31,,,0,69,,110453,31,,,0,31,,110462,31,,,0,71,,110449,31,,,0,32,,110454,31,,,0,73,,110471,31,,,0,31,,110458,31,,,0,71,,110440,31,,,0,31,,110463,31,,,0,68,,110450,31,,,0,31,,110455,31,,,0,71,,110472,31,,,0,31,,110459,31,,,0,71,,110468,31,,,0,31,,110464,31,,,0,71,,110451,31,,,0,71,,110456,31,,,0,31,,110473,31,,,0,71,,110460,31,,,0,31,,110446,31,,,0,71,,110465,31,,,0,33,,110452,31,,,0,71,,110457,31,,,0,31,,110474,31,,,0,71,,110461,31,,,0,31,,110444,31,,,0,67,,110441,31,,,0,43,,110466,31,,,0,85,,110442,31,,,0,85,,110445,31,,,0,85,,110469,31,,,0,45,,110467,31,,,0,85,,110443,31,,,0,85,,110447,31,,,0,83,,110470,31,,,0
9200,'STMPSa-Saturday',747,,110491,31,,,0,85,,110475,31,,,0,85,,110480,31,,,0,85,,110485,31,,,0,45,,110490,31,,,0,85,,110476,31,,,0,85,,110481,31,,,0,85,,110486,31,,,0,45,,110492,31,,,0,85,,110478,31,,,0,85,,110482,31,,,0,85,,110487,31,,,0,45,,110493,31,,,0,85,,110477,31,,,0,85,,110483,31,,,0,85,,110488,31,,,0,43,,110494,31,,,0,85,,110479,31,,,0,85,,110484,31,,,0,38,,110489,31,,,0
9200,'STMPSnea-Weekday',447,,110503,31,,,0,69,,110508,31,,,0,31,,110517,31,,,0,71,,110504,31,,,0,32,,110509,31,,,0,73,,110526,31,,,0,31,,110513,31,,,0,71,,110495,31,,,0,31,,110518,31,,,0,68,,110505,31,,,0,31,,110510,31,,,0,71,,110527,31,,,0,31,,110514,31,,,0,71,,110523,31,,,0,31,,110519,31,,,0,71,,110506,31,,,0,71,,110511,31,,,0,31,,110528,31,,,0,71,,110515,31,,,0,31,,110501,31,,,0,71,,110520,31,,,0,33,,110507,31,,,0,71,,110512,31,,,0,31,,110529,31,,,0,71,,110516,31,,,0,31,,110499,31,,,0,67,,110496,31,,,0,43,,110521,31,,,0,85,,110497,31,,,0,85,,110500,31,,,0,85,,110524,31,,,0,45,,110522,31,,,0,85,,110498,31,,,0,85,,110502,31,,,0,83,,110525,31,,,0
9200,'STMPSu1-Sunday',746,,110545,31,,,0,85,,110530,31,,,0,85,,110535,31,,,0,85,,110540,31,,,0,45,,110546,31,,,0,85,,110531,31,,,0,85,,110536,31,,,0,85,,110541,31,,,0,45,,110548,31,,,0,85,,110532,31,,,0,85,,110537,31,,,0,85,,110542,31,,,0,45,,110547,31,,,0,85,,110533,31,,,0,85,,110538,31,,,0,85,,110543,31,,,0,45,,110549,31,,,0,85,,110534,31,,,0,85,,110539,31,,,0,38,,110544,31,,,0
9200,'STMPSu2-Sunday',746,,110565,31,,,0,85,,110550,31,,,0,85,,110555,31,,,0,85,,110560,31,,,0,45,,110566,31,,,0,85,,110551,31,,,0,85,,110556,31,,,0,85,,110561,31,,,0,45,,110568,31,,,0,85,,110552,31,,,0,85,,110557,31,,,0,85,,110562,31,,,0,45,,110567,31,,,0,85,,110553,31,,,0,85,,110558,31,,,0,85,,110563,31,,,0,45,,110569,31,,,0,85,,110554,31,,,0,85,,110559,31,,,0,38,,110564,31,,,0
9200,'STMPWeek-Weekday',447,,110578,31,,,0,69,,110583,31,,,0,31,,110592,31,,,0,71,,110579,31,,,0,32,,110584,31,,,0,73,,110601,31,,,0,31,,110588,31,,,0,71,,110570,31,,,0,31,,110593,31,,,0,68,,110580,31,,,0,31,,110585,31,,,0,71,,110602,31,,,0,31,,110589,31,,,0,71,,110598,31,,,0,31,,110594,31,,,0,71,,110581,31,,,0,71,,110586,31,,,0,31,,110603,31,,,0,71,,110590,31,,,0,31,,110576,31,,,0,71,,110595,31,,,0,33,,110582,31,,,0,71,,110587,31,,,0,31,,110604,31,,,0,71,,110591,31,,,0,31,,110574,31,,,0,67,,110571,31,,,0,43,,110596,31,,,0,85,,110572,31,,,0,85,,110575,31,,,0,85,,110599,31,,,0,45,,110597,31,,,0,85,,110573,31,,,0,85,,110577,31,,,0,83,,110600,31,,,0
9200,'STMPar-Weekday',447,,110613,31,,,0,69,,110618,31,,,0,31,,110627,31,,,0,71,,110614,31,,,0,32,,110619,31,,,0,73,,110636,31,,,0,31,,110623,31,,,0,71,,110605,31,,,0,31,,110628,31,,,0,68,,110615,31,,,0,31,,110620,31,,,0,71,,110637,31,,,0,31,,110624,31,,,0,71,,110633,31,,,0,31,,110629,31,,,0,71,,110616,31,,,0,71,,110621,31,,,0,31,,110638,31,,,0,71,,110625,31,,,0,31,,110611,31,,,0,71,,110630,31,,,0,33,,110617,31,,,0,71,,110622,31,,,0,31,,110639,31,,,0,71,,110626,31,,,0,31,,110609,31,,,0,67,,110606,31,,,0,43,,110631,31,,,0,85,,110607,31,,,0,85,,110610,31,,,0,85,,110634,31,,,0,45,,110632,31,,,0,85,,110608,31,,,0,85,,110612,31,,,0,83,,110635,31,,,0
13100,'Weekday',611,,124056,33,,,0,20,,124055,33,,,0,20,,124054,33,,,0,60,,124057,33,,,0
13100,'STMPSnea-Weekday',611,,124060,33,,,0,20,,124059,33,,,0,20,,124058,33,,,0,60,,124061,33,,,0
13100,'STMPWeek-Weekday',611,,124064,33,,,0,20,,124063,33,,,0,20,,124062,33,,,0,60,,124065,33,,,0
13100,'STMPar-Weekday',611,,124068,33,,,0,20,,124067,33,,,0,20,,124066,33,,,0,60,,124069,33,,,0
