200,'2025DE-1BUSCUT-Weekday-02',514,,606,,,0,30,,615,,,0,14,,595,,,0,54,,632,,,0,16,,624,,,0,14,,642,,,0,17,,638,,,0,57,,597,,,0,18,,608,,,0,18,,643,,,0,56,,617,,,0,16,,594,,,0,17,,596,,,0,17,,635,,,0,57,,625,,,0,17,,640,,,0,26,,648,,,0,66,,609,,,0,26,,618,,,0,66,,636,,,0,26,,626,,,0,66,,639,,,0,27,,649,,,0,66,,610,,,0,26,,619,,,0,26,,637,,,0,66,,650,,,0,13,,627,,,0,14,,611,,,0,13,,620,,,0,55,,644,,,0,16,,598,,,0,17,,601,,,0,56,,604,,,0,14,,628,,,0,15,,645,,,0,16,,630,,,0,56,,641,,,0,17,,646,,,0,16,,612,,,0,15,,621,,,0,55,,599,,,0,13,,647,,,0,14,,600,,,0,13,,629,,,0,55,,631,,,0,15,,651,,,0,17,,613,,,0,68,,622,,,0,27,,602,,,0,26,,605,,,0,65,,633,,,0,31,,614,,,0,68,,623,,,0,28,,603,,,0,67,,607,,,0,21,,634,,,0,71,,616,,,0
200,'2025DE-1BUSSA-Saturday-02',600,,652,,,0,30,,654,,,0,70,,655,,,0,30,,656,,,0,70,,653,,,0,30,,657,,,0,70,,658,,,0,30,,659,,,0,70,,660,,,0,30,,661,,,0,71,,662,,,0,30,,663,,,0,70,,664,,,0,30,,665,,,0,70,,666,,,0,30,,667,,,0,71,,668,,,0,31,,669,,,0,71,,670,,,0,30,,671,,,0,70,,672,,,0,30,,673,,,0,70,,674,,,0,30,,675,,,0,71,,676,,,0,31,,677,,,0,70,,678,,,0,30,,679,,,0,70,,680,,,0,31,,681,,,0,71,,682,,,0,30,,683,,,0,70,,684,,,0,28,,685,,,0,69,,686,,,0,30,,687,,,0,70,,688,,,0
200,'2025DE-1BUSSU-Sunday-02',600,,689,,,0,30,,704,,,0,70,,719,,,0,30,,697,,,0,70,,712,,,0,30,,690,,,0,70,,705,,,0,30,,720,,,0,70,,698,,,0,30,,713,,,0,71,,691,,,0,30,,706,,,0,70,,721,,,0,30,,699,,,0,70,,714,,,0,30,,692,,,0,71,,707,,,0,31,,722,,,0,71,,700,,,0,30,,715,,,0,70,,693,,,0,30,,708,,,0,70,,723,,,0,30,,701,,,0,71,,716,,,0,31,,694,,,0,70,,709,,,0,30,,724,,,0,70,,702,,,0,31,,717,,,0,71,,695,,,0,30,,710,,,0,70,,711,,,0,28,,703,,,0,69,,718,,,0,30,,696,,,0
200,'2025DE-1BUSWK-Weekday-02',514,,737,,,0,30,,746,,,0,14,,726,,,0,54,,763,,,0,16,,755,,,0,14,,774,,,0,17,,767,,,0,57,,728,,,0,18,,739,,,0,18,,773,,,0,56,,748,,,0,16,,725,,,0,17,,727,,,0,17,,766,,,0,57,,756,,,0,17,,771,,,0,26,,779,,,0,66,,740,,,0,26,,749,,,0,66,,768,,,0,26,,757,,,0,66,,770,,,0,27,,780,,,0,66,,741,,,0,26,,750,,,0,26,,769,,,0,66,,781,,,0,13,,758,,,0,14,,742,,,0,13,,751,,,0,55,,775,,,0,16,,729,,,0,17,,730,,,0,56,,735,,,0,14,,759,,,0,15,,776,,,0,16,,761,,,0,56,,772,,,0,17,,777,,,0,16,,743,,,0,15,,752,,,0,55,,731,,,0,13,,778,,,0,14,,732,,,0,13,,760,,,0,55,,762,,,0,15,,782,,,0,17,,744,,,0,68,,753,,,0,27,,733,,,0,26,,736,,,0,65,,764,,,0,31,,745,,,0,68,,754,,,0,28,,734,,,0,67,,738,,,0,21,,765,,,0,71,,747,,,0
200,'2025DE-pBxDec31-Weekday-02',514,,795,,,0,30,,804,,,0,14,,784,,,0,54,,821,,,0,16,,813,,,0,14,,831,,,0,17,,827,,,0,57,,786,,,0,18,,797,,,0,18,,832,,,0,56,,806,,,0,16,,783,,,0,17,,785,,,0,17,,824,,,0,57,,814,,,0,17,,829,,,0,26,,837,,,0,66,,798,,,0,26,,807,,,0,66,,825,,,0,26,,815,,,0,66,,828,,,0,27,,838,,,0,66,,799,,,0,26,,808,,,0,26,,826,,,0,66,,839,,,0,13,,816,,,0,14,,800,,,0,13,,809,,,0,55,,833,,,0,16,,787,,,0,17,,790,,,0,56,,793,,,0,14,,817,,,0,15,,834,,,0,16,,819,,,0,56,,830,,,0,17,,835,,,0,16,,801,,,0,15,,810,,,0,55,,788,,,0,13,,836,,,0,14,,789,,,0,13,,818,,,0,55,,820,,,0,15,,840,,,0,17,,802,,,0,68,,811,,,0,27,,791,,,0,26,,794,,,0,65,,822,,,0,31,,803,,,0,68,,812,,,0,28,,792,,,0,67,,796,,,0,21,,823,,,0,71,,805,,,0
1300,'2025DE-1BUSCUT-Weekday-02',621,,4984,,,0,37,,4992,,,0,69,,5010,,,0,29,,5001,,,0,70,,4985,,,0,29,,4993,,,0,70,,5011,,,0,30,,5002,,,0,70,,4983,,,0,31,,4994,,,0,70,,5013,,,0,30,,5003,,,0,70,,4986,,,0,30,,4995,,,0,70,,5012,,,0,30,,5004,,,0,70,,4987,,,0,30,,4996,,,0,71,,5014,,,0,31,,5005,,,0,70,,4989,,,0,30,,4997,,,0,70,,5015,,,0,29,,5006,,,0,64,,4988,,,0,24,,4998,,,0,70,,5017,,,0,30,,5007,,,0,70,,4990,,,0,30,,4999,,,0,70,,5016,,,0,30,,5008,,,0,70,,4991,,,0,30,,5000,,,0,70,,5018,,,0,24,,5009,,,0
1300,'2025DE-1BUSSA-Saturday-02',749,,5021,,,0,74,,5029,,,0,35,,5039,,,0,74,,5020,,,0,74,,5030,,,0,34,,5040,,,0,74,,5023,,,0,34,,5031,,,0,74,,5022,,,0,34,,5034,,,0,74,,5041,,,0,74,,5024,,,0,34,,5033,,,0,75,,5042,,,0,36,,5025,,,0,74,,5032,,,0,34,,5043,,,0,74,,5026,,,0,73,,5035,,,0,32,,5045,,,0,73,,5027,,,0,34,,5036,,,0,74,,5044,,,0,34,,5037,,,0,74,,5046,,,0,34,,5028,,,0,74,,5038,,,0,74,,5047,,,0,34,,5048,,,0
1300,'2025DE-1BUSSU-Sunday-02',749,,5050,,,0,74,,5061,,,0,34,,5071,,,0,76,,5051,,,0,74,,5062,,,0,34,,5072,,,0,74,,5052,,,0,34,,5063,,,0,74,,5073,,,0,34,,5054,,,0,74,,5064,,,0,74,,5075,,,0,34,,5053,,,0,74,,5065,,,0,35,,5074,,,0,74,,5055,,,0,34,,5066,,,0,74,,5076,,,0,74,,5056,,,0,32,,5067,,,0,73,,5077,,,0,34,,5058,,,0,74,,5068,,,0,34,,5078,,,0,74,,5059,,,0,34,,5069,,,0,74,,5079,,,0,74,,5057,,,0,34,,5070,,,0,74,,5080,,,0,34,,5060,,,0
1300,'2025DE-1BUSWK-Weekday-02',621,,5082,,,0,37,,5090,,,0,69,,5108,,,0,29,,5099,,,0,70,,5083,,,0,29,,5091,,,0,70,,5109,,,0,30,,5100,,,0,70,,5081,,,0,31,,5092,,,0,70,,5111,,,0,30,,5101,,,0,70,,5084,,,0,30,,5093,,,0,70,,5110,,,0,30,,5102,,,0,70,,5085,,,0,30,,5094,,,0,71,,5112,,,0,31,,5103,,,0,70,,5086,,,0,30,,5095,,,0,70,,5113,,,0,29,,5104,,,0,64,,5087,,,0,24,,5096,,,0,70,,5115,,,0,30,,5105,,,0,70,,5088,,,0,30,,5097,,,0,70,,5114,,,0,30,,5106,,,0,70,,5089,,,0,30,,5098,,,0,70,,5116,,,0,24,,5107,,,0
1300,'2025DE-pBxDec31-Weekday-02',621,,5118,,,0,37,,5126,,,0,69,,5144,,,0,29,,5135,,,0,70,,5119,,,0,29,,5127,,,0,70,,5145,,,0,30,,5136,,,0,70,,5117,,,0,31,,5128,,,0,70,,5147,,,0,30,,5137,,,0,70,,5120,,,0,30,,5129,,,0,70,,5146,,,0,30,,5138,,,0,70,,5121,,,0,30,,5130,,,0,71,,5148,,,0,31,,5139,,,0,70,,5123,,,0,30,,5131,,,0,70,,5149,,,0,29,,5140,,,0,64,,5122,,,0,24,,5132,,,0,70,,5151,,,0,30,,5141,,,0,70,,5124,,,0,30,,5133,,,0,70,,5150,,,0,30,,5142,,,0,70,,5125,,,0,30,,5134,,,0,70,,5152,,,0,24,,5143,,,0
