100,'Saturday',620,,70,4,,0,25,,86,4,,0,62,,101,4,,0,37,,82,4,,0,67,,95,4,,0,26,,76,4,,0,65,,69,4,,0,28,,88,4,,0,26,,102,4,,0,65,,109,4,,0,25,,84,4,,0,65,,96,4,,0,25,,78,4,,0,65,,71,4,,0,25,,90,4,,0,25,,103,4,,0,65,,108,4,,0,25,,83,4,,0,66,,98,4,,0,26,,77,4,,0,25,,72,4,,0,65,,91,4,,0,25,,104,4,,0,65,,110,4,,0,25,,85,4,,0,65,,99,4,,0,25,,79,4,,0,25,,74,4,,0,65,,92,4,,0,25,,105,4,,0,65,,112,4,,0,25,,87,4,,0,25,,97,4,,0,63,,80,4,,0,24,,73,4,,0,64,,93,4,,0,24,,106,4,,0,25,,111,4,,0,62,,89,4,,0,23,,100,4,,0,62,,81,4,,0,25,,75,4,,0,25,,94,4,,0,61,,107,4,,0,35,,113,4,,0
100,'Sunday',620,,114,4,,0,25,,132,4,,0,62,,145,4,,0,37,,127,4,,0,67,,139,4,,0,26,,121,4,,0,65,,115,4,,0,28,,136,4,,0,26,,147,4,,0,65,,153,4,,0,25,,128,4,,0,65,,141,4,,0,25,,122,4,,0,65,,116,4,,0,25,,137,4,,0,25,,148,4,,0,65,,154,4,,0,25,,129,4,,0,66,,142,4,,0,26,,123,4,,0,25,,117,4,,0,65,,135,4,,0,25,,149,4,,0,65,,155,4,,0,25,,130,4,,0,65,,143,4,,0,25,,124,4,,0,25,,119,4,,0,65,,134,4,,0,25,,150,4,,0,65,,156,4,,0,25,,131,4,,0,25,,144,4,,0,63,,126,4,,0,24,,118,4,,0,64,,138,4,,0,24,,151,4,,0,25,,157,4,,0,62,,133,4,,0,23,,146,4,,0,62,,125,4,,0,25,,120,4,,0,25,,140,4,,0,61,,152,4,,0
100,'Weekday',540,,159,4,,0,16,,164,4,,0,56,,169,4,,0,18,,174,4,,0,21,,179,4,,0,61,,162,4,,0,18,,167,4,,0,18,,172,4,,0,56,,177,4,,0,16,,181,4,,0,16,,183,4,,0,16,,160,4,,0,57,,165,4,,0,15,,170,4,,0,16,,173,4,,0,15,,178,4,,0,58,,190,4,,0,19,,191,4,,0,19,,186,4,,0,59,,187,4,,0,19,,188,4,,0,19,,192,4,,0,60,,189,4,,0,21,,193,4,,0,20,,194,4,,0,59,,195,4,,0,19,,196,4,,0,19,,197,4,,0,59,,198,4,,0,19,,199,4,,0,19,,200,4,,0,59,,201,4,,0,21,,202,4,,0,23,,203,4,,0,61,,204,4,,0,20,,205,4,,0,17,,206,4,,0,56,,207,4,,0,16,,208,4,,0,16,,209,4,,0,15,,176,4,,0,56,,182,4,,0,16,,184,4,,0,13,,161,4,,0,13,,166,4,,0,12,,171,4,,0,54,,175,4,,0,8,,180,4,,0,16,,185,4,,0,15,,163,4,,0,56,,168,4,,0,21,,210,4,,0,20,,211,4,,0,61,,212,4,,0,20,,213,4,,0,20,,214,4,,0,60,,215,4,,0,20,,216,4,,0,21,,217,4,,0,61,,218,4,,0,21,,219,4,,0,21,,220,4,,0,61,,221,4,,0,21,,222,4,,0,21,,223,4,,0,61,,224,4,,0,21,,225,4,,0,21,,226,4,,0
101,'Saturday',528,,380,,,0,27,,392,,,0,65,,369,,,0,25,,386,,,0,65,,399,,,0,25,,404,,,0,65,,381,,,0,25,,394,,,0,25,,374,,,0,65,,367,,,0,25,,387,,,0,65,,401,,,0,25,,406,,,0,25,,382,,,0,65,,393,,,0,25,,376,,,0,65,,368,,,0,25,,388,,,0,65,,400,,,0,25,,407,,,0,25,,383,,,0,65,,395,,,0,25,,377,,,0,65,,370,,,0,25,,389,,,0,25,,402,,,0,65,,408,,,0,25,,384,,,0,65,,396,,,0,25,,375,,,0,65,,372,,,0,25,,390,,,0,25,,403,,,0,65,,409,,,0,25,,385,,,0,65,,397,,,0,25,,379,,,0,25,,373,,,0,65,,391,,,0,25,,405,,,0,70,,410,,,0,30,,398,,,0,68,,378,,,0,30,,371,,,0
101,'Sunday',528,,423,,,0,27,,436,,,0,65,,411,,,0,25,,430,,,0,65,,443,,,0,25,,448,,,0,65,,424,,,0,25,,435,,,0,25,,417,,,0,65,,412,,,0,25,,428,,,0,65,,441,,,0,25,,449,,,0,25,,425,,,0,65,,437,,,0,25,,418,,,0,65,,414,,,0,25,,431,,,0,65,,445,,,0,25,,450,,,0,25,,426,,,0,65,,438,,,0,25,,419,,,0,65,,413,,,0,25,,432,,,0,25,,444,,,0,65,,452,,,0,25,,427,,,0,65,,439,,,0,25,,420,,,0,65,,415,,,0,25,,433,,,0,25,,446,,,0,65,,451,,,0,25,,429,,,0,65,,440,,,0,25,,421,,,0,25,,416,,,0,65,,434,,,0,25,,447,,,0,70,,453,,,0,30,,442,,,0,68,,422,,,0,30,,454,0,43 44,0
101,'Weekday',432,,456,,,0,16,,460,,,0,56,,464,,,0,16,,468,,,0,16,,472,,,0,16,,455,,,0,56,,458,,,0,16,,463,,,0,16,,467,,,0,16,,471,,,0,56,,476,,,0,16,,457,,,0,16,,461,,,0,56,,465,,,0,16,,469,,,0,16,,473,,,0,19,,480,,,0,59,,481,,,0,19,,482,,,0,19,,483,,,0,59,,484,,,0,19,,485,,,0,19,,486,,,0,59,,487,,,0,19,,488,,,0,19,,489,,,0,59,,490,,,0,19,,491,,,0,19,,492,,,0,19,,493,,,0,59,,494,,,0,19,,495,,,0,19,,496,,,0,59,,497,,,0,19,,498,,,0,19,,499,,,0,59,,500,,,0,16,,501,,,0,16,,502,,,0,16,,503,,,0,57,,504,,,0,16,,479,,,0,16,,477,,,0,56,,459,,,0,16,,462,,,0,16,,466,,,0,16,,470,,,0,56,,474,,,0,16,,475,,,0,21,,505,,,0,61,,506,,,0,21,,507,,,0,21,,508,,,0,61,,509,,,0,21,,510,,,0,21,,511,,,0,61,,512,,,0,21,,513,,,0,21,,514,,,0,61,,515,,,0,21,,516,,,0,21,,517,,,0,61,,518,,,0,21,,519,,,0,61,,520,,,0,21,,521,,,0,21,,478,,,0
4200,'Saturday',614,,12718,,,0,40,,12722,,,0,79,,12723,,,0,79,,12720,,,0,39,,12724,,,0,79,,12721,,,0,81,,12719,,,0,45,,12725,,,0,85,,12727,,,0,85,,12728,,,0,85,,12729,,,0,45,,12726,,,0,85,,12730,,,0,85,,12731,,,0,85,,12733,,,0,45,,12734,,,0,85,,12735,,,0,85,,12732,,,0,83,,12737,,,0,43,,12738,,,0,83,,12739,,,0,81,,12736,,,0,40,,12740,,,0,80,,12741,,,0,80,,12742,,,0,40,,12743,,,0,80,,12716,,,0,80,,12717,,,0
4200,'Sunday',614,,12745,,,0,40,,12747,,,0,79,,12748,,,0,79,,12744,,,0,39,,12749,,,0,79,,12746,,,0,81,,12750,,,0,45,,12751,,,0,85,,12752,,,0,85,,12753,,,0,85,,12754,,,0,45,,12756,,,0,85,,12757,,,0,85,,12758,,,0,85,,12755,,,0,45,,12759,,,0,85,,12760,,,0,85,,12769,,,0,83,,12761,,,0,43,,12762,,,0,83,,12763,,,0,81,,12764,,,0,40,,12766,,,0,80,,12767,,,0,80,,12770,,,0,40,,12768,,,0,80,,12771,,,0,80,,12765,,,0
4200,'Weekday',501,,12773,,,0,20,,12774,,,0,22,,12779,,,0,60,,12775,,,0,13,,12829,,,0,13,,12782,,,0,15,,12800,,,0,13,,12830,,,0,53,,12784,,,0,15,,12801,,,0,14,,12785,,,0,15,,12831,,,0,51,,12839,,,0,11,,12802,,,0,12,,12832,,,0,7,,12803,,,0,5,,12825,,,0,13,,12772,,,0,58,,12786,,,0,14,,12833,,,0,13,,12804,,,0,21,,12783,,,0,63,,12805,,,0,23,,12787,,,0,63,,12806,,,0,23,,12788,,,0,23,,12807,,,0,63,,12789,,,0,23,,12808,,,0,63,,12790,,,0,23,,12791,,,0,23,,12810,,,0,66,,12792,,,0,24,,12794,,,0,66,,12811,,,0,10,,12836,,,0,7,,12826,,,0,10,,12795,,,0,9,,12828,,,0,12,,12812,,,0,56,,12837,,,0,11,,12796,,,0,12,,12824,,,0,12,,12809,,,0,13,,12838,,,0,52,,12793,,,0,12,,12827,,,0,13,2,12814,,,0,13,2,12834,,,0,12,2,12797,,,0,60,2,12835,,,0,23,2,12798,,,0,63,2,12815,,,0,23,2,12799,,,0,23,2,12776,,,0,63,2,12813,,,0,23,2,12817,,,0,63,42,12778,,,0,23,2,12818,,,0,22,2,12780,,,0,63,2,12816,,,0,23,2,12777,,,0,21,2,12819,,,0,63,2,12781,,,0,23,2,12820,,,0,79,2,12821,,,0,39,2,12822,,,0,79,2,12823,,,0
4200,'Weekday0000100',1333,,12840,,,0,73,,12841,,,0
4200,'Weekday1111000',1452,,12842,,,0
