7401,'Saturday',616,,10696,6,,,0,34,,10697,6,,,0,74,,10694,6,,,0,34,,10698,6,,,0,74,,10699,6,,,0,74,,10701,6,,,0,34,,10700,6,,,0,74,,10702,6,,,0,34,,10703,6,,,0,74,,10704,6,,,0,34,,10705,6,,,0,75,,10706,6,,,0,74,,10707,6,,,0,34,,10708,6,,,0,74,,10709,6,,,0,34,,10710,6,,,0,74,,10711,6,,,0,34,,10712,6,,,0,74,,10713,6,,,0,74,,10723,6,,,0,34,,10716,6,,,0,73,,10715,6,,,0,34,,10722,6,,,0,74,,10718,6,,,0,34,,10724,6,,,0,74,,10721,6,,,0,74,,10714,6,,,0,34,,10720,6,,,0,74,,10717,6,,,0,34,,10719,6,,,0,74,,10695,6,,,0
7401,'Sunday',616,,10754,6,,,0,34,,10755,6,,,0,74,,10753,6,,,0,34,,10744,6,,,0,74,,10747,6,,,0,74,,10750,6,,,0,34,,10748,6,,,0,74,,10746,6,,,0,34,,10749,6,,,0,74,,10751,6,,,0,34,,10752,6,,,0,75,,10745,6,,,0,74,,10743,6,,,0,34,,10742,6,,,0,74,,10741,6,,,0,34,,10740,6,,,0,74,,10739,6,,,0,34,,10738,6,,,0,74,,10736,6,,,0,74,,10737,6,,,0,34,,10735,6,,,0,73,,10734,6,,,0,34,,10733,6,,,0,74,,10732,6,,,0,34,,10731,6,,,0,74,,10730,6,,,0,74,,10729,6,,,0,34,,10728,6,,,0,74,,10727,6,,,0,34,,10726,6,,,0,74,,10725,6,,,0
7401,'Weekday',509,,10756,6,,,0,34,,10757,6,,,0,57,,10758,6,,,0,17,,10759,6,,,0,17,,10762,6,,,0,17,,10760,6,,,0,57,,10763,6,,,0,17,,10761,6,,,0,17,,10765,6,,,0,17,,10764,6,,,0,57,,10768,6,,,0,17,,10766,6,,,0,17,,10769,6,,,0,57,,10767,6,,,0,34,,10771,6,,,0,74,,10770,6,,,0,34,,10772,6,,,0,74,,10773,6,,,0,34,,10779,6,,,0,74,,10780,6,,,0,74,,10781,6,,,0,34,,10782,6,,,0,74,,10783,6,,,0,34,,10784,6,,,0,57,,10787,6,,,0,17,,10785,6,,,0,17,,10792,6,,,0,17,,10786,6,,,0,57,,10791,6,,,0,17,,10776,6,,,0,17,,10790,6,,,0,57,,10775,6,,,0,17,,10789,6,,,0,17,,10777,6,,,0,17,,10788,6,,,0,57,,10778,6,,,0,34,,10774,6,,,0,74,,10799,6,,,0,34,,10793,6,,,0,74,,10798,6,,,0,74,,10794,6,,,0,34,,10797,6,,,0,74,,10795,6,,,0,34,,10796,6,,,0,74,,10800,6,,,0,34,,10801,6,,,0
72401,'Weekday',821,,23817,6,0,140 141 119,0
72600,'Weekday0000100',1422,,23821,2,0,140 141,0
72600,'Weekday1111000',1605,,23822,2,0,140 141,0
72601,'Weekday',825,,23823,1,0,140 141,0
81100,'Weekday',814,,24013,10,0,12 13 141,0
81101,'Weekday0000100',1500,,24015,11,0,12 13 141,0
81101,'Weekday1111000',1600,,24017,11,0,12 13 141,0
