2200,'2025DE-1BUSCUT-Weekday-02',534,,7576,,,0,69,,7590,,,0,31,,7600,,,0,68,,7577,,,0,28,,7591,,,0,28,,7601,,,0,68,,7578,,,0,28,,7592,,,0,67,,7602,,,0,28,,7579,,,0,68,,7593,,,0,28,,7603,,,0,68,,7580,,,0,28,,7594,,,0,68,,7604,,,0,28,,7581,,,0,68,,7595,,,0,28,,7605,,,0,68,,7582,,,0,28,,7596,,,0,28,,7607,,,0,69,,7583,,,0,28,,7597,,,0,68,,7606,,,0,28,,7584,,,0,68,,7598,,,0,28,,7608,,,0,68,,7585,,,0,22,,7599,,,0,66,,7609,,,0,36,,7586,,,0,76,,7610,,,0,36,,7587,,,0,76,,7611,,,0,76,,7588,,,0,36,,7612,,,0,76,,7589,,,0,45,,7613,,,0
2200,'2025DE-1BUSSA-Saturday-02',626,,7614,,,0,77,,7628,,,0,38,,7615,,,0,78,,7629,,,0,38,,7616,,,0,78,,7630,,,0,80,,7617,,,0,35,,7631,,,0,78,,7633,,,0,78,,7618,,,0,38,,7635,,,0,78,,7620,,,0,78,,7634,,,0,38,,7619,,,0,78,,7636,,,0,38,,7632,,,0,78,,7637,,,0,78,,7622,,,0,38,,7639,,,0,76,,7621,,,0,76,,7623,,,0,38,,7624,,,0,78,,7638,,,0,38,,7625,,,0,78,,7640,,,0,78,,7626,,,0,38,,7641,,,0,73,,7627,,,0
2200,'2025DE-1BUSSU-Sunday-02',627,,7642,,,0,78,,7655,,,0,38,,7643,,,0,78,,7657,,,0,38,,7644,,,0,78,,7658,,,0,80,,7646,,,0,38,,7659,,,0,78,,7645,,,0,78,,7660,,,0,38,,7647,,,0,78,,7663,,,0,78,,7649,,,0,38,,7661,,,0,78,,7648,,,0,38,,7662,,,0,78,,7650,,,0,78,,7664,,,0,38,,7651,,,0,78,,7666,,,0,76,,7653,,,0,38,,7667,,,0,78,,7652,,,0,78,,7665,,,0,38,,7654,,,0,78,,7668,,,0,38,,7656,,,0
2200,'2025DE-1BUSWK-Weekday-02',534,,7669,,,0,69,,7683,,,0,31,,7693,,,0,68,,7670,,,0,28,,7684,,,0,28,,7694,,,0,68,,7671,,,0,28,,7685,,,0,67,,7695,,,0,28,,7672,,,0,68,,7686,,,0,28,,7696,,,0,68,,7673,,,0,28,,7687,,,0,68,,7697,,,0,28,,7674,,,0,68,,7688,,,0,28,,7698,,,0,68,,7676,,,0,28,,7689,,,0,28,,7700,,,0,69,,7675,,,0,28,,7690,,,0,68,,7699,,,0,28,,7677,,,0,68,,7691,,,0,28,,7701,,,0,68,,7678,,,0,22,,7692,,,0,66,,7702,,,0,36,,7679,,,0,76,,7703,,,0,36,,7680,,,0,76,,7704,,,0,76,,7681,,,0,36,,7705,,,0,76,,7682,,,0,45,,7706,,,0
2200,'2025DE-pBxDec31-Weekday-02',534,,7707,,,0,69,,7719,,,0,31,,7731,,,0,68,,7708,,,0,28,,7722,,,0,28,,7732,,,0,68,,7709,,,0,28,,7723,,,0,67,,7733,,,0,28,,7710,,,0,68,,7724,,,0,28,,7734,,,0,68,,7711,,,0,28,,7725,,,0,68,,7735,,,0,28,,7712,,,0,68,,7726,,,0,28,,7736,,,0,68,,7713,,,0,28,,7727,,,0,28,,7738,,,0,69,,7714,,,0,28,,7728,,,0,68,,7737,,,0,28,,7715,,,0,68,,7729,,,0,28,,7739,,,0,68,,7716,,,0,22,,7730,,,0,66,,7740,,,0,36,,7717,,,0,76,,7741,,,0,36,,7718,,,0,76,,7742,,,0,76,,7720,,,0,36,,7743,,,0,76,,7721,,,0,45,,7744,,,0,58,,7745,,,0,35,,7746,,,0,75,,7747,,,0,75,,7748,,,0,35,,7749,,,0
6600,'2025DE-1BUSCUT-Weekday-02',535,,18081,,,0,24,,18082,,,0,63,,18090,,,0,23,,18091,,,0,63,,18088,,,0,23,,18092,,,0,23,,18089,,,0,63,,18094,,,0,23,,18095,,,0,62,,18096,,,0,23,,18093,,,0,23,,18097,,,0,63,,18098,,,0,23,,18099,,,0,23,,18100,,,0,63,,18101,,,0,23,,18102,,,0,63,,18103,,,0,23,,18105,,,0,23,,18106,,,0,63,,18104,,,0,23,,18109,,,0,63,,18110,,,0,23,,18107,,,0,23,,18111,,,0,63,,18108,,,0,24,,18112,,,0,23,,18113,,,0,63,,18114,,,0,23,,18115,,,0,63,,18116,,,0,23,,18118,,,0,23,,18121,,,0,63,,18117,,,0,23,,18122,,,0,68,,18120,,,0,33,,18119,,,0,71,,18084,,,0,32,,18077,,,0,73,,18083,,,0,33,,18078,,,0,73,,18085,,,0,33,,18079,,,0,73,,18086,,,0,73,,18080,,,0
6600,'2025DE-1BUSSA-Saturday-02',552,,18123,,,0,73,,18140,,,0,33,,18124,,,0,73,,18142,,,0,73,,18125,,,0,33,,18141,,,0,73,,18126,,,0,34,,18143,,,0,73,,18127,,,0,33,,18144,,,0,73,,18128,,,0,33,,18146,,,0,73,,18129,,,0,73,,18145,,,0,33,,18130,,,0,73,,18147,,,0,33,,18131,,,0,73,,18148,,,0,33,,18132,,,0,73,,18149,,,0,33,,18134,,,0,73,,18152,,,0,33,,18133,,,0,72,,18150,,,0,73,,18135,,,0,33,,18151,,,0,73,,18136,,,0,33,,18153,,,0,73,,18138,,,0,33,,18154,,,0,73,,18137,,,0,33,,18155,,,0,73,,18139,,,0
6600,'2025DE-1BUSSU-Sunday-02',552,,18156,,,0,73,,18174,,,0,33,,18158,,,0,73,,18175,,,0,73,,18157,,,0,33,,18176,,,0,73,,18159,,,0,34,,18173,,,0,73,,18161,,,0,33,,18177,,,0,73,,18160,,,0,33,,18178,,,0,73,,18162,,,0,73,,18179,,,0,33,,18163,,,0,73,,18180,,,0,33,,18165,,,0,73,,18181,,,0,33,,18164,,,0,73,,18182,,,0,33,,18166,,,0,73,,18183,,,0,33,,18167,,,0,72,,18184,,,0,73,,18168,,,0,33,,18185,,,0,73,,18169,,,0,33,,18186,,,0,73,,18170,,,0,33,,18187,,,0,73,,18171,,,0,33,,18188,,,0,73,,18172,,,0
6600,'2025DE-1BUSWK-Weekday-02',535,,18193,,,0,24,,18194,,,0,63,,18201,,,0,23,,18202,,,0,63,,18200,,,0,23,,18203,,,0,23,,18204,,,0,63,,18206,,,0,23,,18207,,,0,62,,18208,,,0,23,,18205,,,0,23,,18209,,,0,63,,18210,,,0,23,,18211,,,0,23,,18212,,,0,63,,18213,,,0,23,,18214,,,0,63,,18215,,,0,23,,18217,,,0,23,,18218,,,0,63,,18216,,,0,23,,18221,,,0,63,,18222,,,0,23,,18219,,,0,23,,18223,,,0,63,,18220,,,0,24,,18224,,,0,23,,18225,,,0,63,,18226,,,0,23,,18227,,,0,63,,18228,,,0,23,,18230,,,0,23,,18233,,,0,63,,18229,,,0,23,,18234,,,0,68,,18232,,,0,33,,18231,,,0,71,,18195,,,0,32,,18189,,,0,73,,18196,,,0,33,,18190,,,0,73,,18197,,,0,33,,18191,,,0,73,,18198,,,0,73,,18192,,,0
6600,'2025DE-pBxDec31-Weekday-02',535,,18239,,,0,24,,18240,,,0,63,,18247,,,0,23,,18248,,,0,63,,18246,,,0,23,,18249,,,0,23,,18250,,,0,63,,18252,,,0,23,,18253,,,0,62,,18254,,,0,23,,18251,,,0,23,,18255,,,0,63,,18256,,,0,23,,18257,,,0,23,,18258,,,0,63,,18259,,,0,23,,18260,,,0,63,,18261,,,0,23,,18263,,,0,23,,18264,,,0,63,,18262,,,0,23,,18267,,,0,63,,18268,,,0,23,,18265,,,0,23,,18269,,,0,63,,18266,,,0,24,,18270,,,0,23,,18271,,,0,63,,18272,,,0,23,,18273,,,0,63,,18274,,,0,23,,18276,,,0,23,,18279,,,0,63,,18275,,,0,23,,18280,,,0,68,,18278,,,0,33,,18277,,,0,71,,18242,,,0,32,,18235,,,0,73,,18241,,,0,33,,18236,,,0,73,,18243,,,0,33,,18237,,,0,73,,18244,,,0,73,,18238,,,0
69901,'2025DE-1BUSWK-Weekday-02',832,,44034,0,115 116,0
73200,'2025DE-1BUSWK-Weekday-02',840,,44124,0,153 154,0
