901,'Saturday',519,,2164,25,,,0,90,,2175,25,,,0,31,,2187,25,,,0,71,,2192,25,,,0,31,,2168,25,,,0,71,,2181,25,,,0,31,,2165,25,,,0,72,,2176,25,,,0,31,,2186,25,,,0,71,,2193,25,,,0,31,,2170,25,,,0,71,,2183,25,,,0,31,,2166,25,,,0,73,,2177,25,,,0,31,,2189,25,,,0,71,,2194,25,,,0,31,,2172,25,,,0,71,,2182,25,,,0,31,,2163,25,,,0,71,,2178,25,,,0,71,,2188,25,,,0,31,,2195,25,,,0,71,,2173,25,,,0,31,,2184,25,,,0,71,,2167,25,,,0,30,,2179,25,,,0,70,,2190,25,,,0,31,,2196,25,,,0,71,,2171,25,,,0,30,,2185,25,,,0,71,,2169,25,,,0,31,,2180,25,,,0,71,,2191,25,,,0,31,,2197,25,,,0,71,,2174,25,,,0
901,'Sunday',519,,2200,25,,,0,90,,2210,25,,,0,31,,2229,25,,,0,71,,2219,25,,,0,31,,2199,25,,,0,71,,2206,25,,,0,31,,2214,25,,,0,72,,2227,25,,,0,31,,2222,25,,,0,71,,2201,25,,,0,31,,2208,25,,,0,71,,2215,25,,,0,31,,2230,25,,,0,73,,2221,25,,,0,31,,2198,25,,,0,71,,2207,25,,,0,31,,2216,25,,,0,71,,2231,25,,,0,31,,2224,25,,,0,71,,2202,25,,,0,71,,2209,25,,,0,31,,2217,25,,,0,71,,2232,25,,,0,31,,2223,25,,,0,71,,2203,25,,,0,30,,2211,25,,,0,70,,2218,25,,,0,31,,2228,25,,,0,71,,2225,25,,,0,30,,2204,25,,,0,71,,2212,25,,,0,31,,2220,25,,,0,71,,2213,25,,,0,31,,2226,25,,,0,71,,2205,25,,,0
901,'Weekday',440,,2233,25,,,0,62,,2248,25,,,0,22,,2259,25,,,0,22,,2274,25,,,0,62,,2241,25,,,0,22,,2254,25,,,0,27,,2266,25,,,0,62,,2234,25,,,0,22,,2249,25,,,0,11,,2286,25,,,0,51,,2260,25,,,0,11,,2287,25,,,0,11,,2275,25,,,0,11,,2288,25,,,0,11,,2282,25,,,0,11,,2289,25,,,0,51,,2242,25,,,0,11,,2292,25,,,0,10,,2255,25,,,0,21,,2267,25,,,0,62,,2235,25,,,0,22,,2250,25,,,0,22,,2261,25,,,0,62,,2276,25,,,0,22,,2283,25,,,0,62,,2243,25,,,0,22,,2256,25,,,0,22,,2269,25,,,0,62,,2236,25,,,0,22,,2251,25,,,0,22,,2262,25,,,0,62,,2277,25,,,0,22,,2284,25,,,0,22,,2244,25,,,0,64,,2257,25,,,0,22,,2270,25,,,0,11,,2293,25,,,0,51,,2237,25,,,0,11,,2290,25,,,0,11,,2252,25,,,0,11,,2291,25,,,0,11,,2263,25,,,0,62,,2278,25,,,0,22,,2285,25,,,0,22,,2245,25,,,0,62,,2258,25,,,0,20,,2271,25,,,0,19,,2238,25,,,0,62,,2253,25,,,0,22,,2264,25,,,0,70,,2279,25,,,0,30,,2246,25,,,0,70,,2272,25,,,0,29,,2239,25,,,0,70,,2265,25,,,0,30,,2280,25,,,0,70,,2247,25,,,0,30,,2273,25,,,0,70,,2240,25,,,0,30,,2268,25,,,0,70,,2281,25,,,0
4000,'Saturday',838,,6677,40,,,0,75,,6678,40,,,0,35,,6676,40,,,0,75,,6679,40,,,0,35,,6680,40,,,0,75,,6681,40,,,0,75,,6682,40,,,0,35,,6683,40,,,0,75,,6686,40,,,0,35,,6687,40,,,0,75,,6684,40,,,0,75,,6685,40,,,0,35,,6688,40,,,0,75,,6689,40,,,0,35,,6690,40,,,0,75,,6691,40,,,0,35,,6692,40,,,0,75,,6693,40,,,0,75,,6694,40,,,0
4000,'Sunday',838,,6695,40,,,0,75,,6696,40,,,0,35,,6698,40,,,0,75,,6699,40,,,0,35,,6700,40,,,0,75,,6697,40,,,0,75,,6701,40,,,0,35,,6702,40,,,0,75,,6703,40,,,0,35,,6704,40,,,0,75,,6705,40,,,0,75,,6707,40,,,0,35,,6708,40,,,0,75,,6709,40,,,0,35,,6706,40,,,0,75,,6710,40,,,0,35,,6711,40,,,0,75,,6712,40,,,0,75,,6713,40,,,0
4000,'Weekday',648,,6714,40,,,0,76,,6715,40,,,0,35,,6716,40,,,0,75,,6718,40,,,0,74,,6729,40,,,0,35,,6717,40,,,0,75,,6719,40,,,0,35,,6731,40,,,0,75,,6725,40,,,0,75,,6720,40,,,0,35,,6730,40,,,0,75,,6726,40,,,0,35,,6721,40,,,0,76,,6733,40,,,0,76,,6728,40,,,0,35,,6722,40,,,0,75,,6734,40,,,0,35,,6727,40,,,0,74,,6723,40,,,0,35,,6735,40,,,0,75,,6732,40,,,0,74,,6724,40,,,0,35,,6736,40,,,0,75,,6739,40,,,0,35,,6741,40,,,0,75,,6738,40,,,0,35,,6740,40,,,0,75,,6742,40,,,0,72,,6737,40,,,0
9000,'Saturday',631,,12851,10,,,0,72,,12831,10,,,0,32,,12840,10,,,0,72,,12852,10,,,0,32,,12832,10,,,0,72,,12841,10,,,0,32,,12854,10,,,0,72,,12833,10,,,0,32,,12843,10,,,0,72,,12853,10,,,0,33,,12835,10,,,0,72,,12844,10,,,0,32,,12855,10,,,0,72,,12836,10,,,0,72,,12842,10,,,0,32,,12858,10,,,0,72,,12834,10,,,0,32,,12845,10,,,0,72,,12856,10,,,0,31,,12837,10,,,0,73,,12846,10,,,0,31,,12859,10,,,0,72,,12838,10,,,0,32,,12848,10,,,0,72,,12857,10,,,0,32,,12839,10,,,0,72,,12847,10,,,0
9000,'Sunday',631,,12881,10,,,0,72,,12861,10,,,0,32,,12869,10,,,0,72,,12880,10,,,0,32,,12862,10,,,0,72,,12871,10,,,0,32,,12882,10,,,0,72,,12860,10,,,0,32,,12870,10,,,0,72,,12884,10,,,0,32,,12864,10,,,0,73,,12873,10,,,0,32,,12885,10,,,0,72,,12863,10,,,0,72,,12872,10,,,0,32,,12883,10,,,0,72,,12866,10,,,0,32,,12874,10,,,0,72,,12886,10,,,0,31,,12865,10,,,0,73,,12875,10,,,0,31,,12887,10,,,0,72,,12867,10,,,0,32,,12876,10,,,0,72,,12888,10,,,0,32,,12868,10,,,0,72,,12877,10,,,0
9000,'Weekday',610,,12909,10,,,0,30,,12919,10,,,0,69,,12890,10,,,0,30,,12900,10,,,0,70,,12910,10,,,0,30,,12920,10,,,0,69,,12891,10,,,0,30,,12901,10,,,0,70,,12911,10,,,0,30,,12921,10,,,0,70,,12892,10,,,0,30,,12902,10,,,0,70,,12912,10,,,0,30,,12922,10,,,0,70,,12895,10,,,0,30,,12903,10,,,0,70,,12913,10,,,0,30,,12923,10,,,0,71,,12893,10,,,0,30,,12904,10,,,0,70,,12914,10,,,0,30,,12924,10,,,0,70,,12894,10,,,0,28,,12905,10,,,0,70,,12915,10,,,0,30,,12925,10,,,0,20,,12896,10,,,0,70,,12906,10,,,0,30,,12916,10,,,0,70,,12926,10,,,0,16,,12897,10,,,0,70,,12907,10,,,0,30,,12917,10,,,0,70,,12927,10,,,0,10,,12898,10,,,0,30,,12908,10,,,0,70,,12918,10,,,0
9100,'Saturday',644,,13024,1,,,0,61,,13023,1,,,0,21,,13025,1,,,0,21,,13026,1,,,0,61,,13027,1,,,0,21,,13028,1,,,0,21,,13029,1,,,0,61,,13030,1,,,0,21,,13032,1,,,0,21,,13031,1,,,0,61,,13033,1,,,0,21,,13034,1,,,0,21,,13035,1,,,0,61,,13036,1,,,0,21,,13037,1,,,0,21,,13039,1,,,0,61,,13038,1,,,0,21,,13040,1,,,0,61,,13041,1,,,0,21,,13042,1,,,0,21,,13044,1,,,0,61,,13043,1,,,0,21,,13045,1,,,0,21,,13047,1,,,0,61,,13046,1,,,0,21,,13048,1,,,0,21,,13049,1,,,0,61,,13050,1,,,0,21,,13051,1,,,0,21,,13054,1,,,0,61,,13052,1,,,0,21,,13053,1,,,0,21,,13055,1,,,0,61,,13056,1,,,0,21,,13058,1,,,0,21,,13057,1,,,0,61,,13065,1,,,0,21,,13059,1,,,0,61,,13060,1,,,0,21,,13061,1,,,0,21,,13062,1,,,0,61,,13063,1,,,0,21,,13066,1,,,0,21,,13064,1,,,0,61,,13068,1,,,0,21,,13067,1,,,0,21,,13069,1,,,0,61,,13070,1,,,0,21,,13071,1,,,0,21,,13072,1,,,0
9100,'Sunday',644,,13074,1,,,0,61,,13073,1,,,0,21,,13076,1,,,0,21,,13075,1,,,0,61,,13077,1,,,0,21,,13078,1,,,0,21,,13080,1,,,0,61,,13079,1,,,0,21,,13082,1,,,0,21,,13081,1,,,0,61,,13083,1,,,0,21,,13084,1,,,0,21,,13087,1,,,0,61,,13085,1,,,0,21,,13088,1,,,0,21,,13086,1,,,0,61,,13089,1,,,0,21,,13090,1,,,0,61,,13091,1,,,0,21,,13093,1,,,0,21,,13092,1,,,0,61,,13094,1,,,0,21,,13095,1,,,0,21,,13096,1,,,0,61,,13097,1,,,0,21,,13098,1,,,0,21,,13099,1,,,0,61,,13101,1,,,0,21,,13102,1,,,0,21,,13100,1,,,0,61,,13103,1,,,0,21,,13105,1,,,0,21,,13104,1,,,0,61,,13106,1,,,0,21,,13108,1,,,0,21,,13107,1,,,0,61,,13109,1,,,0,21,,13110,1,,,0,61,,13111,1,,,0,21,,13113,1,,,0,21,,13112,1,,,0,61,,13114,1,,,0,21,,13115,1,,,0,21,,13116,1,,,0,61,,13118,1,,,0,21,,13117,1,,,0,21,,13120,1,,,0,61,,13119,1,,,0,21,,13121,1,,,0,21,,13122,1,,,0
9100,'Weekday',626,,13123,1,,,0,21,,13124,1,,,0,61,,13126,1,,,0,23,,13125,1,,,0,19,,13128,1,,,0,61,,13127,1,,,0,21,,13129,1,,,0,21,,13130,1,,,0,61,,13131,1,,,0,21,,13132,1,,,0,21,,13133,1,,,0,61,,13135,1,,,0,21,,13134,1,,,0,21,,13136,1,,,0,61,,13138,1,,,0,21,,13139,1,,,0,61,,13137,1,,,0,21,,13140,1,,,0,21,,13141,1,,,0,61,,13142,1,,,0,21,,13143,1,,,0,21,,13144,1,,,0,61,,13145,1,,,0,21,,13146,1,,,0,21,,13147,1,,,0,61,,13148,1,,,0,21,,13149,1,,,0,21,,13150,1,,,0,61,,13151,1,,,0,21,,13152,1,,,0,21,,13154,1,,,0,61,,13153,1,,,0,21,,13155,1,,,0,21,,13156,1,,,0,61,,13157,1,,,0,21,,13158,1,,,0,61,,13159,1,,,0,21,,13160,1,,,0,21,,13161,1,,,0,61,,13163,1,,,0,21,,13162,1,,,0,21,,13165,1,,,0,61,,13164,1,,,0,21,,13166,1,,,0,21,,13167,1,,,0,61,,13168,1,,,0,21,,13169,1,,,0,18,,13170,1,,,0,68,,13172,1,,,0,17,,13171,1,,,0,21,,13173,1,,,0,61,,13174,1,,,0
9101,'Saturday',644,,13177,7,4,,0,61,,13175,7,4,,0,21,,13178,7,4,,0,21,,13179,7,4,,0,61,,13176,7,4,,0,21,,13180,7,4,,0,21,,13181,7,4,,0,61,,13183,7,4,,0,21,,13182,7,4,,0,21,,13184,7,4,,0,61,,13185,7,4,,0,21,,13186,7,4,,0,21,,13187,7,4,,0,61,,13188,7,4,,0,21,,13189,7,4,,0,21,,13190,7,4,,0,61,,13192,7,4,,0,21,,13191,7,4,,0,61,,13194,7,4,,0,21,,13193,7,4,,0,21,,13195,7,4,,0,61,,13196,7,4,,0,21,,13198,7,4,,0,21,,13197,7,4,,0,61,,13199,7,4,,0,21,,13200,7,4,,0,21,,13201,7,4,,0,61,,13202,7,4,,0,21,,13203,7,4,,0,21,,13205,7,4,,0,61,,13207,7,4,,0,21,,13204,7,4,,0,21,,13206,7,4,,0,61,,13208,7,4,,0,21,,13209,7,4,,0,21,,13211,7,4,,0,61,,13213,7,4,,0,21,,13216,7,4,,0,61,,13210,7,4,,0,21,,13214,7,4,,0,21,,13212,7,4,,0,61,,13215,7,4,,0,21,,13217,7,4,,0,21,,13218,7,4,,0,61,,13219,7,4,,0,21,,13220,7,4,,0,21,,13222,7,4,,0,61,,13221,7,4,,0,21,,13223,7,4,,0,21,,13224,7,4,,0
9101,'Sunday',644,,13226,7,4,,0,61,,13225,7,4,,0,21,,13227,7,4,,0,21,,13228,7,4,,0,61,,13229,7,4,,0,21,,13230,7,4,,0,21,,13231,7,4,,0,61,,13233,7,4,,0,21,,13232,7,4,,0,21,,13235,7,4,,0,61,,13234,7,4,,0,21,,13236,7,4,,0,21,,13237,7,4,,0,61,,13240,7,4,,0,21,,13238,7,4,,0,21,,13241,7,4,,0,61,,13239,7,4,,0,21,,13242,7,4,,0,61,,13243,7,4,,0,21,,13244,7,4,,0,21,,13245,7,4,,0,61,,13246,7,4,,0,21,,13247,7,4,,0,21,,13248,7,4,,0,61,,13250,7,4,,0,21,,13249,7,4,,0,21,,13252,7,4,,0,61,,13253,7,4,,0,21,,13251,7,4,,0,21,,13255,7,4,,0,61,,13254,7,4,,0,21,,13256,7,4,,0,21,,13257,7,4,,0,61,,13258,7,4,,0,21,,13259,7,4,,0,21,,13260,7,4,,0,61,,13261,7,4,,0,21,,13262,7,4,,0,61,,13264,7,4,,0,21,,13263,7,4,,0,21,,13265,7,4,,0,61,,13267,7,4,,0,21,,13266,7,4,,0,21,,13268,7,4,,0,61,,13269,7,4,,0,21,,13270,7,4,,0,21,,13272,7,4,,0,61,,13271,7,4,,0,21,,13273,7,4,,0,21,,13274,7,4,,0
9101,'Weekday',626,,13275,7,4,,0,21,,13276,7,4,,0,61,,13277,7,4,,0,23,,13278,7,4,,0,19,,13280,7,4,,0,61,,13281,7,4,,0,21,,13279,7,4,,0,21,,13282,7,4,,0,61,,13283,7,4,,0,21,,13284,7,4,,0,21,,13285,7,4,,0,61,,13287,7,4,,0,21,,13286,7,4,,0,21,,13288,7,4,,0,61,,13289,7,4,,0,21,,13291,7,4,,0,61,,13292,7,4,,0,21,,13290,7,4,,0,21,,13294,7,4,,0,61,,13293,7,4,,0,21,,13295,7,4,,0,21,,13296,7,4,,0,61,,13297,7,4,,0,21,,13299,7,4,,0,21,,13298,7,4,,0,61,,13300,7,4,,0,21,,13301,7,4,,0,21,,13303,7,4,,0,61,,13302,7,4,,0,21,,13304,7,4,,0,21,,13305,7,4,,0,61,,13306,7,4,,0,21,,13307,7,4,,0,21,,13308,7,4,,0,61,,13309,7,4,,0,21,,13310,7,4,,0,61,,13311,7,4,,0,21,,13312,7,4,,0,21,,13313,7,4,,0,61,,13314,7,4,,0,21,,13315,7,4,,0,21,,13317,7,4,,0,61,,13318,7,4,,0,21,,13316,7,4,,0,21,,13319,7,4,,0,61,,13320,7,4,,0,21,,13321,7,4,,0,18,,13322,7,4,,0,68,,13323,7,4,,0,17,,13324,7,4,,0,21,,13325,7,4,,0,61,,13326,7,4,,0
10400,'Saturday',606,,15126,7,,,0,32,,15141,7,,,0,72,,15127,7,,,0,32,,15142,7,,,0,72,,15129,7,,,0,32,,15143,7,,,0,72,,15131,7,,,0,32,,15144,7,,,0,72,,15130,7,,,0,32,,15145,7,,,0,72,,15128,7,,,0,32,,15146,7,,,0,72,,15132,7,,,0,72,,15147,7,,,0,32,,15134,7,,,0,72,,15148,7,,,0,32,,15133,7,,,0,72,,15149,7,,,0,32,,15135,7,,,0,72,,15151,7,,,0,32,,15137,7,,,0,72,,15150,7,,,0,32,,15136,7,,,0,72,,15152,7,,,0,32,,15138,7,,,0,72,,15153,7,,,0,32,,15140,7,,,0,72,,15154,7,,,0,72,,15139,7,,,0,34,,15155,7,,,0
10400,'Sunday',606,,15156,7,,,0,32,,15171,7,,,0,72,,15157,7,,,0,32,,15172,7,,,0,72,,15159,7,,,0,32,,15173,7,,,0,72,,15158,7,,,0,32,,15174,7,,,0,72,,15161,7,,,0,32,,15175,7,,,0,72,,15162,7,,,0,32,,15176,7,,,0,72,,15160,7,,,0,72,,15177,7,,,0,32,,15163,7,,,0,72,,15178,7,,,0,32,,15165,7,,,0,72,,15179,7,,,0,32,,15164,7,,,0,72,,15181,7,,,0,32,,15166,7,,,0,72,,15180,7,,,0,32,,15167,7,,,0,72,,15182,7,,,0,32,,15168,7,,,0,72,,15183,7,,,0,32,,15170,7,,,0,72,,15184,7,,,0,72,,15169,7,,,0,34,,15185,7,,,0
10400,'Weekday',546,,15186,7,,,0,71,,15204,7,,,0,31,,15187,7,,,0,72,,15206,7,,,0,34,,15188,7,,,0,73,,15207,7,,,0,32,,15189,7,,,0,72,,15208,7,,,0,72,,15190,7,,,0,32,,15209,7,,,0,72,,15191,7,,,0,32,,15210,7,,,0,72,,15192,7,,,0,32,,15211,7,,,0,72,,15193,7,,,0,32,,15212,7,,,0,72,,15194,7,,,0,32,,15213,7,,,0,72,,15195,7,,,0,32,,15214,7,,,0,73,,15196,7,,,0,72,,15216,7,,,0,32,,15197,7,,,0,70,,15215,7,,,0,32,,15198,7,,,0,72,,15217,7,,,0,32,,15199,7,,,0,72,,15218,7,,,0,32,,15200,7,,,0,72,,15219,7,,,0,32,,15201,7,,,0,72,,15220,7,,,0,32,,15202,7,,,0,72,,15221,7,,,0,32,,15203,7,,,0,72,,15222,7,,,0,76,,15205,7,,,0
