'2025MA-1BUSWK-Weekday-03',7900,45000,4,'',0,6500,4,'',0,2400,4,'',0,6500,4,'',0,2900,4,'',0,2400,4,'',0,6400,4,'',0,2400,4,'',0,6400,4,'',0,2400,4,'',0,2500,4,'',0,7000,4,'',0,7200,4,'',0,3200,4,'',0,7200,4,'',0,3200,4,'',0,7200,4,'',0,3200,4,'',0,7200,4,'',0,3200,4,'',0,7200,4,'',0,3300,4,'',0,6400,4,'',0,2400,4,'',0,6400,4,'',0,2400,4,'',0,2400,4,'',0,6400,4,'',0,2400,4,'',0,6400,4,'',0,2400,4,'',0,2400,4,'',0,6300,4,'',0
'2025MA-1BUSWK-Weekday-03',7901,43300,,'',0,2400,,'',0,6400,,'',0,2400,,'',0,6400,,'',0,2400,,'',0,2400,,'',0,6400,,'',0,2400,,'',0,6400,,'',0,2400,,'',0,2500,,'',0,7000,,'',0,7200,,'',0,3200,,'',0,7200,,'',0,3200,,'',0,7200,,'',0,3200,,'',0,7200,,'',0,3200,,'',0,7200,,'',0,3300,,'',0,6500,,'',0,2400,,'',0,6400,,'',0,2400,,'',0,2400,,'',0,6400,,'',0,2400,,'',0,6400,,'',0,2400,,'',0,2400,,'',0,6400,,'',0
'2025MA-1BUSWK-Weekday-03-0000100',7900,141000,4,'',0
'2025MA-1BUSWK-Weekday-04',7900,45000,4,'',0,6500,4,'',0,2400,4,'',0,6500,4,'',0,2900,4,'',0,2400,4,'',0,6400,4,'',0,2400,4,'',0,6400,4,'',0,2400,4,'',0,2500,4,'',0,7000,4,'',0,7200,4,'',0,3200,4,'',0,7200,4,'',0,3200,4,'',0,7200,4,'',0,3200,4,'',0,7200,4,'',0,3200,4,'',0,7200,4,'',0,3300,4,'',0,6400,4,'',0,2400,4,'',0,6400,4,'',0,2400,4,'',0,2400,4,'',0,6400,4,'',0,2400,4,'',0,6400,4,'',0,2400,4,'',0,2400,4,'',0,6300,4,'',0
'2025MA-1BUSWK-Weekday-04',7901,43300,,'',0,2400,,'',0,6400,,'',0,2400,,'',0,6400,,'',0,2400,,'',0,2400,,'',0,6400,,'',0,2400,,'',0,6400,,'',0,2400,,'',0,2500,,'',0,7000,,'',0,7200,,'',0,3200,,'',0,7200,,'',0,3200,,'',0,7200,,'',0,3200,,'',0,7200,,'',0,3200,,'',0,7200,,'',0,3300,,'',0,6500,,'',0,2400,,'',0,6400,,'',0,2400,,'',0,2400,,'',0,6400,,'',0,2400,,'',0,6400,,'',0,2400,,'',0,2400,,'',0,6400,,'',0
'2025MA-1BUSWK-Weekday-04-0000100',7900,141000,4,'',0
'2025MA-1BUSWK-Weekday-05',7900,45000,4,'',0,6500,4,'',0,2400,4,'',0,6500,4,'',0,2900,4,'',0,2400,4,'',0,6400,4,'',0,2400,4,'',0,6400,4,'',0,2400,4,'',0,2500,4,'',0,7000,4,'',0,7200,4,'',0,3200,4,'',0,7200,4,'',0,3200,4,'',0,7200,4,'',0,3200,4,'',0,7200,4,'',0,3200,4,'',0,7200,4,'',0,3300,4,'',0,6400,4,'',0,2400,4,'',0,6400,4,'',0,2400,4,'',0,2400,4,'',0,6400,4,'',0,2400,4,'',0,6400,4,'',0,2400,4,'',0,2400,4,'',0,6300,4,'',0
'2025MA-1BUSWK-Weekday-05',7901,43300,,'',0,2400,,'',0,6400,,'',0,2400,,'',0,6400,,'',0,2400,,'',0,2400,,'',0,6400,,'',0,2400,,'',0,6400,,'',0,2400,,'',0,2500,,'',0,7000,,'',0,7200,,'',0,3200,,'',0,7200,,'',0,3200,,'',0,7200,,'',0,3200,,'',0,7200,,'',0,3200,,'',0,7200,,'',0,3300,,'',0,6500,,'',0,2400,,'',0,6400,,'',0,2400,,'',0,2400,,'',0,6400,,'',0,2400,,'',0,6400,,'',0,2400,,'',0,2400,,'',0,6400,,'',0
'2025MA-1BUSWK-Weekday-05-0000100',7900,141000,4,'',0
'2025MA-1BUSWK-Weekday-03',84501,145500,0,'Msgr Js Smith / Mahogany',0
'2025MA-1BUSWK-Weekday-04',84501,145500,0,'Msgr Js Smith / Mahogany',0
