100,'CUT-Weekday',449,,1,,,0,56,,6,,,0,16,,11,,,0,16,,16,,,0,16,,21,,,0,57,,4,,,0,17,,9,,,0,17,,14,,,0,56,,18,,,0,16,,23,,,0,16,,25,,,0,16,,2,,,0,56,,7,,,0,16,,12,,,0,16,,15,,,0,15,,20,,,0,58,,28,,,0,19,,29,,,0,19,,30,,,0,59,,31,,,0,19,,32,,,0,19,,33,,,0,59,,34,,,0,19,,35,,,0,19,,36,,,0,59,,37,,,0,19,,38,,,0,19,,39,,,0,19,,40,,,0,59,,41,,,0,19,,42,,,0,19,,43,,,0,59,,44,,,0,19,,45,,,0,20,,46,,,0,60,,47,,,0,19,,48,,,0,16,,49,,,0,56,,50,,,0,16,,51,,,0,15,,19,,,0,16,,24,,,0,56,,26,,,0,16,,3,,,0,16,,8,,,0,16,,13,,,0,56,,17,,,0,8,,22,,,0,16,,27,,,0,16,,5,,,0,56,,10,,,0,21,,52,,,0,20,,53,,,0,61,,54,,,0,21,,55,,,0,21,,56,,,0,61,,57,,,0,20,,58,,,0,21,,59,,,0,61,,60,,,0,21,,61,,,0,21,,62,,,0,61,,63,,,0,21,,64,,,0,21,,65,,,0,61,,66,,,0,21,,67,,,0,61,,68,,,0
100,'Saturday',533,,70,,,0,25,,86,,,0,65,,101,,,0,25,,82,,,0,66,,95,,,0,26,,76,,,0,65,,69,,,0,25,,88,,,0,25,,102,,,0,65,,109,,,0,25,,84,,,0,65,,96,,,0,25,,78,,,0,65,,71,,,0,25,,90,,,0,25,,103,,,0,65,,108,,,0,25,,83,,,0,65,,98,,,0,25,,77,,,0,25,,72,,,0,65,,91,,,0,25,,104,,,0,65,,110,,,0,25,,85,,,0,65,,99,,,0,25,,79,,,0,25,,74,,,0,65,,92,,,0,25,,105,,,0,65,,112,,,0,25,,87,,,0,25,,97,,,0,65,,80,,,0,25,,73,,,0,65,,93,,,0,24,,106,,,0,25,,111,,,0,65,,89,,,0,25,,100,,,0,64,,81,,,0,25,,75,,,0,65,,94,,,0,25,,107,,,0,30,,113,,,0
100,'Sunday',533,,114,,,0,25,,132,,,0,65,,145,,,0,25,,127,,,0,66,,139,,,0,26,,121,,,0,65,,115,,,0,25,,136,,,0,25,,147,,,0,65,,153,,,0,25,,128,,,0,65,,141,,,0,25,,122,,,0,65,,116,,,0,25,,137,,,0,25,,148,,,0,65,,154,,,0,25,,129,,,0,65,,142,,,0,25,,123,,,0,25,,117,,,0,65,,135,,,0,25,,149,,,0,65,,155,,,0,25,,130,,,0,65,,143,,,0,25,,124,,,0,25,,119,,,0,65,,134,,,0,25,,150,,,0,65,,156,,,0,25,,131,,,0,25,,144,,,0,65,,126,,,0,25,,118,,,0,65,,138,,,0,24,,151,,,0,25,,157,,,0,65,,133,,,0,25,,146,,,0,64,,125,,,0,25,,120,,,0,65,,140,,,0,25,,152,,,0,83,,158,0,43 44,0
100,'Weekday',449,,159,,,0,56,,164,,,0,16,,169,,,0,16,,174,,,0,16,,179,,,0,57,,162,,,0,17,,167,,,0,17,,172,,,0,56,,177,,,0,16,,181,,,0,16,,183,,,0,16,,160,,,0,56,,165,,,0,16,,170,,,0,16,,173,,,0,15,,178,,,0,58,,190,,,0,19,,191,,,0,19,,186,,,0,59,,187,,,0,19,,188,,,0,19,,192,,,0,59,,189,,,0,19,,193,,,0,19,,194,,,0,59,,195,,,0,19,,196,,,0,19,,197,,,0,19,,198,,,0,59,,199,,,0,19,,200,,,0,19,,201,,,0,59,,202,,,0,19,,203,,,0,20,,204,,,0,60,,205,,,0,19,,206,,,0,16,,207,,,0,56,,208,,,0,16,,209,,,0,15,,176,,,0,16,,182,,,0,56,,184,,,0,16,,161,,,0,16,,166,,,0,16,,171,,,0,56,,175,,,0,8,,180,,,0,16,,185,,,0,16,,163,,,0,56,,168,,,0,21,,210,,,0,20,,211,,,0,61,,212,,,0,21,,213,,,0,21,,214,,,0,61,,215,,,0,20,,216,,,0,21,,217,,,0,61,,218,,,0,21,,219,,,0,21,,220,,,0,61,,221,,,0,21,,222,,,0,21,,223,,,0,61,,224,,,0,21,,225,,,0,61,,226,,,0
100,'pBxDec31-Weekday',449,,227,,,0,56,,232,,,0,16,,237,,,0,16,,242,,,0,16,,247,,,0,57,,230,,,0,17,,235,,,0,17,,240,,,0,56,,244,,,0,16,,249,,,0,16,,251,,,0,16,,228,,,0,56,,233,,,0,16,,238,,,0,16,,241,,,0,15,,246,,,0,58,,255,,,0,19,,256,,,0,19,,257,,,0,59,,254,,,0,19,,258,,,0,19,,259,,,0,59,,260,,,0,19,,261,,,0,19,,262,,,0,59,,263,,,0,19,,264,,,0,19,,265,,,0,19,,266,,,0,59,,267,,,0,19,,268,,,0,19,,269,,,0,59,,270,,,0,19,,271,,,0,20,,272,,,0,60,,273,,,0,19,,274,,,0,16,,275,,,0,56,,276,,,0,16,,277,,,0,15,,245,,,0,16,,250,,,0,56,,252,,,0,16,,229,,,0,16,,234,,,0,16,,239,,,0,56,,243,,,0,8,,248,,,0,16,,253,,,0,16,,231,,,0,56,,236,,,0,21,,278,,,0,20,,279,,,0,61,,280,,,0,21,,281,,,0,21,,282,,,0,61,,283,,,0,20,,284,,,0,21,,285,,,0,61,,286,,,0,21,,287,,,0,21,,288,,,0,61,,289,,,0,21,,290,,,0,21,,291,,,0,50,,295,,,0,11,,292,,,0,11,,296,,,0,10,,293,,,0,61,,294,,,0,23,,297,,,0,35,,298,,,0,75,,299,,,0
4000,'CUT-Weekday',641,,12297,,,0,76,,12298,,,0,35,,12299,,,0,75,,12301,,,0,75,,12312,,,0,35,,12300,,,0,75,,12302,,,0,35,,12314,,,0,75,,12308,,,0,35,,12303,,,0,75,,12313,,,0,75,,12309,,,0,35,,12304,,,0,75,,12316,,,0,36,,12311,,,0,75,,12305,,,0,75,,12317,,,0,35,,12310,,,0,75,,12306,,,0,35,,12318,,,0,75,,12315,,,0,34,,12307,,,0,75,,12319,,,0,75,,12321,,,0,35,,12324,,,0,75,,12320,,,0,35,,12323,,,0,75,,12325,,,0,32,,12322,,,0
4000,'Saturday',831,,12327,,,0,75,,12328,,,0,35,,12326,,,0,75,,12329,,,0,35,,12330,,,0,75,,12331,,,0,75,,12332,,,0,35,,12333,,,0,75,,12336,,,0,35,,12337,,,0,75,,12334,,,0,35,,12335,,,0,75,,12338,,,0,75,,12339,,,0,35,,12340,,,0,75,,12341,,,0,35,,12342,,,0,75,,12343,,,0,75,,12344,,,0
4000,'Sunday',831,,12345,,,0,75,,12346,,,0,35,,12348,,,0,75,,12349,,,0,35,,12350,,,0,75,,12347,,,0,75,,12351,,,0,35,,12352,,,0,75,,12353,,,0,35,,12354,,,0,75,,12355,,,0,35,,12357,,,0,75,,12358,,,0,75,,12359,,,0,35,,12356,,,0,75,,12360,,,0,35,,12361,,,0,75,,12362,,,0,75,,12363,,,0
4000,'Weekday',641,,12364,,,0,76,,12365,,,0,35,,12366,,,0,75,,12368,,,0,75,,12379,,,0,35,,12367,,,0,75,,12369,,,0,35,,12381,,,0,75,,12375,,,0,35,,12370,,,0,75,,12380,,,0,75,,12376,,,0,35,,12371,,,0,75,,12383,,,0,36,,12378,,,0,75,,12372,,,0,75,,12384,,,0,35,,12377,,,0,75,,12373,,,0,35,,12385,,,0,75,,12382,,,0,34,,12374,,,0,75,,12386,,,0,75,,12389,,,0,35,,12391,,,0,75,,12388,,,0,35,,12390,,,0,75,,12392,,,0,32,,12387,,,0
4000,'pBxDec31-Weekday',641,,12393,,,0,76,,12394,,,0,35,,12395,,,0,75,,12396,,,0,75,,12408,,,0,35,,12397,,,0,75,,12398,,,0,35,,12410,,,0,75,,12404,,,0,35,,12399,,,0,75,,12409,,,0,75,,12405,,,0,35,,12400,,,0,75,,12412,,,0,36,,12407,,,0,75,,12401,,,0,75,,12413,,,0,35,,12406,,,0,75,,12402,,,0,35,,12414,,,0,75,,12411,,,0,34,,12403,,,0,75,,12415,,,0,75,,12417,,,0,35,,12420,,,0,75,,12416,,,0,35,,12419,,,0,75,,12421,,,0,32,,12418,,,0
