15100,'Weekday',603,,59581,25,,,0,50,,59580,26,,,0
15100,'1CCSDCUT-Weekday',603,,59583,25,,,0,50,,59582,26,,,0
71600,'Weekday',818,,68443,9,0,29 30 31,0
71600,'1CCSDCUT-Weekday',818,,68445,9,0,29 30 31,0
71601,'Weekday0000100',1445,,68447,3,4,,0
71601,'Weekday1111000',1610,,68449,3,4,,0
71601,'1CCSDCUT-Weekday0000100',1445,,68451,3,4,,0
71601,'1CCSDCUT-Weekday1111000',1610,,68453,3,4,,0
84800,'Weekday',816,,69027,16,0,36 37 38 39 1 34 35,0
84801,'Weekday0000100',1445,,69030,3,4,,0
84801,'Weekday1111000',1613,,69031,3,4,,0
