1901,'Saturday',643,,30747,45,,,0,75,,30739,45,,,0,35,,30755,45,,,0,75,,30763,45,,,0,75,,30748,45,,,0,35,,30740,45,,,0,75,,30756,45,,,0,35,,30764,45,,,0,75,,30749,45,,,0,35,,30741,45,,,0,75,,30757,45,,,0,74,,30765,45,,,0,35,,30750,45,,,0,68,,30742,45,,,0,24,,30770,45,,,0,68,,30759,45,,,0,28,,30766,45,,,0,28,,30751,45,,,0,68,,30743,45,,,0,28,,30771,45,,,0,68,,30758,45,,,0,28,,30767,45,,,0,68,,30752,45,,,0,28,,30744,45,,,0,68,,30772,45,,,0,23,,30761,45,,,0,73,,30769,45,,,0,35,,30753,45,,,0,75,,30745,45,,,0,35,,30762,45,,,0,75,,30768,45,,,0,75,,30754,45,,,0,35,,30746,45,,,0
1901,'Sunday',643,,30781,45,,,0,75,,30773,45,,,0,35,,30789,45,,,0,75,,30796,45,,,0,75,,30782,45,,,0,35,,30774,45,,,0,75,,30790,45,,,0,35,,30798,45,,,0,75,,30783,45,,,0,35,,30775,45,,,0,75,,30791,45,,,0,74,,30800,45,,,0,35,,30785,45,,,0,68,,30776,45,,,0,24,,30804,45,,,0,68,,30792,45,,,0,28,,30799,45,,,0,28,,30787,45,,,0,68,,30777,45,,,0,28,,30805,45,,,0,68,,30793,45,,,0,28,,30801,45,,,0,68,,30786,45,,,0,28,,30778,45,,,0,68,,30806,45,,,0,23,,30794,45,,,0,73,,30802,45,,,0,35,,30784,45,,,0,75,,30779,45,,,0,35,,30795,45,,,0,75,,30803,45,,,0,75,,30788,45,,,0,35,,30780,45,,,0
1901,'Weekday',520,,30843,4,,,0,24,,30810,45,,,0,74,,30818,45,,,0,24,,30826,45,,,0,72,,30834,45,,,0,32,,30844,45,,,0,67,,30811,45,,,0,36,,30819,45,,,0,69,,30827,45,,,0,34,,30835,45,,,0,73,,30845,45,,,0,32,,30812,45,,,0,72,,30820,45,,,0,72,,30828,45,,,0,8,,30807,4,,,0,24,,30836,45,,,0,72,,30846,45,,,0,32,,30813,45,,,0,72,,30821,45,,,0,27,,30809,45,,,0,3,,30808,4,,,0,5,,30829,45,,,0,72,,30838,45,,,0,32,,30847,45,,,0,72,,30814,45,,,0,31,,30822,45,,,0,72,,30830,45,,,0,32,,30837,45,,,0,66,,30848,45,,,0,29,,30815,45,,,0,70,,30823,45,,,0,30,,30831,45,,,0,70,,30839,45,,,0,30,,30850,45,,,0,70,,30816,45,,,0,30,,30824,45,,,0,67,,30832,45,,,0,28,,30840,45,,,0,70,,30849,45,,,0,30,,30817,45,,,0,70,,30825,45,,,0,30,,30833,45,,,0,70,,30841,45,,,0,30,,30842,45,,,0
1901,'Weekday0000100',1148,,30851,4,,,0
1901,'1CCSDCUT-Weekday',520,,30888,4,,,0,24,,30855,45,,,0,74,,30863,45,,,0,24,,30871,45,,,0,72,,30879,45,,,0,32,,30889,45,,,0,67,,30856,45,,,0,36,,30864,45,,,0,69,,30872,45,,,0,34,,30880,45,,,0,73,,30890,45,,,0,32,,30857,45,,,0,72,,30865,45,,,0,72,,30873,45,,,0,8,,30852,4,,,0,24,,30881,45,,,0,72,,30891,45,,,0,32,,30858,45,,,0,72,,30866,45,,,0,27,,30854,45,,,0,3,,30853,4,,,0,5,,30874,45,,,0,72,,30883,45,,,0,32,,30892,45,,,0,72,,30859,45,,,0,31,,30867,45,,,0,72,,30875,45,,,0,32,,30882,45,,,0,66,,30893,45,,,0,29,,30860,45,,,0,70,,30868,45,,,0,30,,30876,45,,,0,70,,30884,45,,,0,30,,30895,45,,,0,70,,30861,45,,,0,30,,30869,45,,,0,67,,30877,45,,,0,28,,30885,45,,,0,70,,30894,45,,,0,30,,30862,45,,,0,70,,30870,45,,,0,30,,30878,45,,,0,70,,30886,45,,,0,30,,30887,45,,,0
1901,'1CCSDCUT-Weekday0000100',1148,,30896,4,,,0
1901,'1PUBCUT-Weekday',520,,30933,4,,,0,24,,30900,45,,,0,74,,30908,45,,,0,24,,30916,45,,,0,72,,30924,45,,,0,32,,30934,45,,,0,67,,30901,45,,,0,36,,30909,45,,,0,69,,30917,45,,,0,34,,30925,45,,,0,73,,30935,45,,,0,32,,30902,45,,,0,72,,30910,45,,,0,72,,30918,45,,,0,8,,30897,4,,,0,24,,30926,45,,,0,72,,30936,45,,,0,32,,30903,45,,,0,72,,30911,45,,,0,27,,30899,45,,,0,3,,30898,4,,,0,5,,30919,45,,,0,72,,30928,45,,,0,32,,30937,45,,,0,72,,30904,45,,,0,31,,30912,45,,,0,72,,30920,45,,,0,32,,30927,45,,,0,66,,30938,45,,,0,29,,30905,45,,,0,70,,30913,45,,,0,30,,30921,45,,,0,70,,30929,45,,,0,30,,30940,45,,,0,70,,30906,45,,,0,30,,30914,45,,,0,67,,30922,45,,,0,28,,30930,45,,,0,70,,30939,45,,,0,30,,30907,45,,,0,70,,30915,45,,,0,30,,30923,45,,,0,70,,30931,45,,,0,30,,30932,45,,,0
4001,'Saturday',709,,36637,4,,,0,35,,36639,4,,,0,75,,36640,4,,,0,35,,36641,4,,,0,75,,36638,4,,,0,75,,36643,4,,,0,35,,36644,4,,,0,75,,36646,4,,,0,35,,36642,4,,,0,75,,36647,4,,,0,35,,36648,4,,,0,75,,36645,4,,,0,75,,36649,4,,,0,35,,36650,4,,,0,75,,36651,4,,,0,35,,36652,4,,,0,75,,36636,4,,,0,75,,36635,4,,,0,35,,36634,4,,,0,75,,36633,4,,,0
4001,'Sunday',709,,36657,4,,,0,35,,36658,4,,,0,75,,36659,4,,,0,35,,36660,4,,,0,75,,36662,4,,,0,75,,36663,4,,,0,35,,36655,4,,,0,75,,36664,4,,,0,35,,36661,4,,,0,75,,36665,4,,,0,35,,36666,4,,,0,75,,36667,4,,,0,75,,36668,4,,,0,35,,36669,4,,,0,75,,36670,4,,,0,35,,36671,4,,,0,75,,36672,4,,,0,75,,36654,4,,,0,35,,36653,4,,,0,75,,36656,4,,,0
4001,'Weekday',602,,36683,4,,,0,32,,36696,4,,,0,75,,36690,4,,,0,35,,36684,4,,,0,75,,36697,4,,,0,35,,36691,4,,,0,74,,36685,4,,,0,75,,36698,4,,,0,35,,36692,4,,,0,75,,36686,4,,,0,35,,36699,4,,,0,75,,36693,4,,,0,35,,36687,4,,,0,75,,36700,4,,,0,76,,36694,4,,,0,36,,36688,4,,,0,76,,36701,4,,,0,38,,36695,4,,,0,78,,36689,4,,,0,76,,36702,4,,,0,35,,36676,4,,,0,76,,36673,4,,,0,35,,36680,4,,,0,71,,36677,4,,,0,73,,36674,4,,,0,30,,36681,4,,,0,75,,36678,4,,,0,37,,36675,4,,,0,78,,36682,4,,,0,35,,36679,4,,,0
4001,'1CCSDCUT-Weekday',602,,36713,4,,,0,32,,36726,4,,,0,75,,36720,4,,,0,35,,36714,4,,,0,75,,36727,4,,,0,35,,36721,4,,,0,74,,36715,4,,,0,75,,36728,4,,,0,35,,36722,4,,,0,75,,36716,4,,,0,35,,36729,4,,,0,75,,36723,4,,,0,35,,36717,4,,,0,75,,36730,4,,,0,76,,36724,4,,,0,36,,36718,4,,,0,76,,36731,4,,,0,38,,36725,4,,,0,78,,36719,4,,,0,76,,36732,4,,,0,35,,36706,4,,,0,76,,36703,4,,,0,35,,36710,4,,,0,71,,36707,4,,,0,73,,36704,4,,,0,30,,36711,4,,,0,75,,36708,4,,,0,37,,36705,4,,,0,78,,36712,4,,,0,35,,36709,4,,,0
4001,'1PUBCUT-Weekday',602,,36743,4,,,0,32,,36756,4,,,0,75,,36750,4,,,0,35,,36744,4,,,0,75,,36757,4,,,0,35,,36751,4,,,0,74,,36745,4,,,0,75,,36758,4,,,0,35,,36752,4,,,0,75,,36746,4,,,0,35,,36759,4,,,0,75,,36753,4,,,0,35,,36747,4,,,0,75,,36760,4,,,0,76,,36754,4,,,0,36,,36748,4,,,0,76,,36761,4,,,0,38,,36755,4,,,0,78,,36749,4,,,0,76,,36762,4,,,0,35,,36736,4,,,0,76,,36733,4,,,0,35,,36740,4,,,0,71,,36737,4,,,0,73,,36734,4,,,0,30,,36741,4,,,0,75,,36738,4,,,0,37,,36735,4,,,0,78,,36742,4,,,0,35,,36739,4,,,0
9101,'Saturday',639,,48505,4,,,0,61,,48504,4,,,0,21,,48507,4,,,0,21,,48508,4,,,0,61,,48506,4,,,0,21,,48510,4,,,0,21,,48509,4,,,0,61,,48512,4,,,0,21,,48511,4,,,0,21,,48513,4,,,0,61,,48514,4,,,0,21,,48515,4,,,0,21,,48516,4,,,0,61,,48517,4,,,0,21,,48518,4,,,0,21,,48519,4,,,0,61,,48521,4,,,0,21,,48520,4,,,0,21,,48523,4,,,0,61,,48522,4,,,0,21,,48524,4,,,0,61,,48525,4,,,0,21,,48527,4,,,0,21,,48526,4,,,0,61,,48528,4,,,0,21,,48529,4,,,0,21,,48530,4,,,0,61,,48531,4,,,0,21,,48532,4,,,0,21,,48534,4,,,0,61,,48536,4,,,0,21,,48533,4,,,0,21,,48535,4,,,0,61,,48537,4,,,0,21,,48538,4,,,0,21,,48540,4,,,0,61,,48542,4,,,0,21,,48545,4,,,0,21,,48539,4,,,0,61,,48543,4,,,0,21,,48541,4,,,0,61,,48544,4,,,0,21,,48546,4,,,0,21,,48547,4,,,0,61,,48548,4,,,0,21,,48549,4,,,0,21,,48551,4,,,0,61,,48550,4,,,0,21,,48552,4,,,0,21,,48553,4,,,0
9101,'Sunday',639,,48555,4,,,0,61,,48554,4,,,0,21,,48556,4,,,0,21,,48557,4,,,0,61,,48558,4,,,0,21,,48559,4,,,0,21,,48560,4,,,0,61,,48562,4,,,0,21,,48561,4,,,0,21,,48564,4,,,0,61,,48563,4,,,0,21,,48565,4,,,0,21,,48566,4,,,0,61,,48569,4,,,0,21,,48567,4,,,0,21,,48570,4,,,0,61,,48568,4,,,0,21,,48571,4,,,0,21,,48572,4,,,0,61,,48573,4,,,0,21,,48574,4,,,0,61,,48575,4,,,0,21,,48576,4,,,0,21,,48577,4,,,0,61,,48579,4,,,0,21,,48578,4,,,0,21,,48581,4,,,0,61,,48582,4,,,0,21,,48580,4,,,0,21,,48584,4,,,0,61,,48583,4,,,0,21,,48585,4,,,0,21,,48586,4,,,0,61,,48587,4,,,0,21,,48588,4,,,0,21,,48589,4,,,0,61,,48590,4,,,0,21,,48591,4,,,0,21,,48593,4,,,0,61,,48592,4,,,0,21,,48594,4,,,0,61,,48596,4,,,0,21,,48595,4,,,0,21,,48597,4,,,0,61,,48598,4,,,0,21,,48599,4,,,0,21,,48601,4,,,0,61,,48600,4,,,0,21,,48602,4,,,0,21,,48603,4,,,0
9101,'Weekday',620,,48604,4,,,0,21,,48605,4,,,0,61,,48606,4,,,0,23,,48607,4,,,0,19,,48609,4,,,0,61,,48610,4,,,0,21,,48608,4,,,0,21,,48611,4,,,0,61,,48612,4,,,0,21,,48613,4,,,0,21,,48614,4,,,0,61,,48616,4,,,0,21,,48615,4,,,0,21,,48617,4,,,0,61,,48618,4,,,0,21,,48620,4,,,0,21,,48621,4,,,0,61,,48619,4,,,0,21,,48623,4,,,0,21,,48622,4,,,0,61,,48624,4,,,0,21,,48625,4,,,0,61,,48626,4,,,0,21,,48628,4,,,0,21,,48627,4,,,0,61,,48629,4,,,0,21,,48630,4,,,0,21,,48632,4,,,0,61,,48631,4,,,0,21,,48633,4,,,0,21,,48634,4,,,0,61,,48635,4,,,0,21,,48636,4,,,0,21,,48637,4,,,0,61,,48638,4,,,0,21,,48639,4,,,0,21,,48640,4,,,0,61,,48641,4,,,0,21,,48642,4,,,0,21,,48643,4,,,0,61,,48644,4,,,0,21,,48646,4,,,0,61,,48647,4,,,0,21,,48645,4,,,0,21,,48648,4,,,0,61,,48649,4,,,0,21,,48650,4,,,0,18,,48651,4,,,0,68,,48652,4,,,0,17,,48653,4,,,0,21,,48654,4,,,0,61,,48655,4,,,0
9101,'1CCSDCUT-Weekday',620,,48656,4,,,0,21,,48657,4,,,0,61,,48658,4,,,0,23,,48659,4,,,0,19,,48661,4,,,0,61,,48662,4,,,0,21,,48660,4,,,0,21,,48663,4,,,0,61,,48664,4,,,0,21,,48665,4,,,0,21,,48666,4,,,0,61,,48668,4,,,0,21,,48667,4,,,0,21,,48669,4,,,0,61,,48670,4,,,0,21,,48672,4,,,0,21,,48673,4,,,0,61,,48671,4,,,0,21,,48675,4,,,0,21,,48674,4,,,0,61,,48676,4,,,0,21,,48677,4,,,0,61,,48678,4,,,0,21,,48680,4,,,0,21,,48679,4,,,0,61,,48681,4,,,0,21,,48682,4,,,0,21,,48684,4,,,0,61,,48683,4,,,0,21,,48685,4,,,0,21,,48686,4,,,0,61,,48687,4,,,0,21,,48688,4,,,0,21,,48689,4,,,0,61,,48690,4,,,0,21,,48691,4,,,0,21,,48692,4,,,0,61,,48693,4,,,0,21,,48694,4,,,0,21,,48695,4,,,0,61,,48696,4,,,0,21,,48698,4,,,0,61,,48699,4,,,0,21,,48697,4,,,0,21,,48700,4,,,0,61,,48701,4,,,0,21,,48702,4,,,0,18,,48703,4,,,0,68,,48704,4,,,0,17,,48705,4,,,0,21,,48706,4,,,0,61,,48707,4,,,0
9101,'1PUBCUT-Weekday',620,,48708,4,,,0,21,,48709,4,,,0,61,,48710,4,,,0,23,,48711,4,,,0,19,,48713,4,,,0,61,,48714,4,,,0,21,,48712,4,,,0,21,,48715,4,,,0,61,,48716,4,,,0,21,,48717,4,,,0,21,,48718,4,,,0,61,,48720,4,,,0,21,,48719,4,,,0,21,,48721,4,,,0,61,,48722,4,,,0,21,,48724,4,,,0,21,,48725,4,,,0,61,,48723,4,,,0,21,,48727,4,,,0,21,,48726,4,,,0,61,,48728,4,,,0,21,,48729,4,,,0,61,,48730,4,,,0,21,,48732,4,,,0,21,,48731,4,,,0,61,,48733,4,,,0,21,,48734,4,,,0,21,,48736,4,,,0,61,,48735,4,,,0,21,,48737,4,,,0,21,,48738,4,,,0,61,,48739,4,,,0,21,,48740,4,,,0,21,,48741,4,,,0,61,,48742,4,,,0,21,,48743,4,,,0,21,,48744,4,,,0,61,,48745,4,,,0,21,,48746,4,,,0,21,,48747,4,,,0,61,,48748,4,,,0,21,,48750,4,,,0,61,,48751,4,,,0,21,,48749,4,,,0,21,,48752,4,,,0,61,,48753,4,,,0,21,,48754,4,,,0,18,,48755,4,,,0,68,,48756,4,,,0,17,,48757,4,,,0,21,,48758,4,,,0,61,,48759,4,,,0
