1100,'CUT-Weekday',535,,4640,,,0,70,,4641,,,0,30,,4642,,,0,71,,4643,,,0,27,,4644,,,0,72,,4645,,,0,25,,4647,,,0,74,,4648,,,0,30,,4649,,,0,70,,4646,,,0,30,,4650,,,0,70,,4651,,,0,30,,4652,,,0,70,,4653,,,0,30,,4654,,,0,70,,4655,,,0,35,,4656,,,0,68,,4657,,,0,29,,4658,,,0,69,,4659,,,0,30,,4660,,,0,70,,4661,,,0,30,,4662,,,0,70,,4663,,,0,30,,4664,,,0,69,,4665,,,0,30,,4666,,,0,70,,4667,,,0,30,,4668,,,0,70,,4669,,,0,30,,4670,,,0,70,,4671,,,0
1100,'Saturday',710,,4677,,,0,30,,4687,,,0,70,,4673,,,0,30,,4688,,,0,70,,4675,,,0,30,,4689,,,0,70,,4684,,,0,30,,4690,,,0,70,,4674,,,0,30,,4691,,,0,70,,4676,,,0,30,,4692,,,0,70,,4672,,,0,30,,4693,,,0,70,,4678,,,0,30,,4695,,,0,70,,4685,,,0,30,,4696,,,0,70,,4679,,,0,30,,4697,,,0,70,,4680,,,0,30,,4694,,,0,70,,4683,,,0,30,,4698,,,0,70,,4681,,,0,30,,4699,,,0,70,,4682,,,0,30,,4686,,,0,70,,4701,,,0,30,,4703,,,0,70,,4702,,,0,30,,4700,,,0
1100,'Sunday',1051,,4704,,,0,70,,4719,,,0,30,,4705,,,0,70,,4718,,,0,30,,4706,,,0,70,,4717,,,0,30,,4707,,,0,70,,4716,,,0,30,,4710,,,0,70,,4713,,,0,30,,4708,,,0,70,,4715,,,0,30,,4709,,,0,70,,4712,,,0,30,,4711,,,0,70,,4714,,,0,30,,4724,,,0,70,,4725,,,0,30,,4726,,,0,70,,4721,,,0,30,,4720,,,0,70,,4723,,,0,30,,4722,,,0,70,,4727,,,0
1100,'Weekday',535,,4729,,,0,70,,4731,,,0,30,,4732,,,0,71,,4733,,,0,27,,4730,,,0,72,,4734,,,0,25,,4735,,,0,74,,4736,,,0,30,,4737,,,0,70,,4738,,,0,30,,4739,,,0,70,,4740,,,0,30,,4741,,,0,70,,4742,,,0,30,,4743,,,0,70,,4744,,,0,35,,4745,,,0,68,,4746,,,0,29,,4747,,,0,69,,4748,,,0,30,,4749,,,0,70,,4750,,,0,30,,4751,,,0,70,,4752,,,0,30,,4753,,,0,69,,4754,,,0,30,,4755,,,0,70,,4756,,,0,30,,4757,,,0,70,,4758,,,0,30,,4759,,,0,70,,4760,,,0
1100,'pBxDec31-Weekday',535,,4764,,,0,70,,4765,,,0,30,,4766,,,0,71,,4767,,,0,27,,4768,,,0,72,,4769,,,0,25,,4771,,,0,74,,4772,,,0,30,,4773,,,0,70,,4770,,,0,30,,4774,,,0,70,,4775,,,0,30,,4776,,,0,70,,4777,,,0,30,,4778,,,0,70,,4779,,,0,35,,4780,,,0,68,,4781,,,0,29,,4782,,,0,69,,4783,,,0,30,,4784,,,0,70,,4785,,,0,30,,4786,,,0,70,,4787,,,0,30,,4788,,,0,69,,4789,,,0,30,,4790,,,0,70,,4791,,,0,30,,4792,,,0,70,,4793,,,0,30,,4794,,,0,70,,4795,,,0
5201,'CUT-Weekday',530,,14977,,,0,85,,14976,,,0,85,,14975,,,0,45,,14974,,,0,85,,14978,,,0,93,,14971,,,0,85,,14973,,,0,45,,14969,,,0,85,,14972,,,0,85,,14970,,,0,85,,14968,,,0,45,,14963,,,0,85,,14967,,,0,96,,14966,,,0,84,,14965,,,0,83,,14961,,,0,45,,14964,,,0,83,,14962,,,0,83,,14960,,,0,44,,14959,,,0,85,,14958,,,0,91,,14957,,,0
5201,'Saturday',645,,14992,,,0,85,,14983,,,0,85,,14993,,,0,85,,14984,,,0,45,,14994,,,0,85,,14987,,,0,85,,14997,,,0,85,,14988,,,0,52,,14998,,,0,85,,14986,,,0,85,,14999,,,0,85,,14982,,,0,45,,14995,,,0,85,,14989,,,0,82,,14996,,,0,88,,14990,,,0,43,,14980,,,0,87,,14991,,,0,85,,14979,,,0,85,,14985,,,0,45,,14981,,,0
5201,'Sunday',754,,15009,,,0,85,,15000,,,0,85,,15010,,,0,85,,15004,,,0,45,,15012,,,0,85,,15001,,,0,85,,15013,,,0,85,,15002,,,0,45,,15011,,,0,85,,15005,,,0,85,,15015,,,0,85,,15003,,,0,45,,15016,,,0,85,,15006,,,0,85,,15014,,,0,85,,15007,,,0,45,,15017,,,0,85,,15008,,,0,85,,15018,,,0
5201,'Weekday',530,,15039,,,0,85,,15038,,,0,85,,15037,,,0,45,,15036,,,0,85,,15040,,,0,93,,15033,,,0,85,,15035,,,0,45,,15031,,,0,85,,15034,,,0,85,,15032,,,0,85,,15030,,,0,45,,15025,,,0,85,,15029,,,0,96,,15028,,,0,84,,15027,,,0,83,,15023,,,0,45,,15026,,,0,83,,15024,,,0,83,,15022,,,0,44,,15021,,,0,85,,15020,,,0,91,,15019,,,0
5201,'pBxDec31-Weekday',530,,15061,,,0,85,,15060,,,0,85,,15059,,,0,45,,15058,,,0,85,,15062,,,0,93,,15055,,,0,85,,15057,,,0,45,,15053,,,0,85,,15056,,,0,85,,15054,,,0,85,,15052,,,0,45,,15047,,,0,85,,15051,,,0,96,,15050,,,0,84,,15049,,,0,83,,15045,,,0,45,,15048,,,0,83,,15046,,,0,83,,15042,,,0,44,,15044,,,0,85,,15043,,,0,91,,15041,,,0
