10800,'Saturday',741,,117112,30,,,0,84,,117122,30,,,0,85,,117113,30,,,0,45,,117123,30,,,0,85,,117114,30,,,0,85,,117124,30,,,0,85,,117116,30,,,0,40,,117125,30,,,0,85,,117115,30,,,0,85,,117126,30,,,0,85,,117118,30,,,0,45,,117128,30,,,0,85,,117117,30,,,0,85,,117127,30,,,0,85,,117120,30,,,0,45,,117129,30,,,0,85,,117119,30,,,0,83,,117130,30,,,0,82,,117121,30,,,0,45,,117131,30,,,0,85,,117132,30,,,0,85,,117111,30,,,0
10800,'Sunday',741,,117133,30,,,0,84,,117145,30,,,0,85,,117136,30,,,0,45,,117146,30,,,0,85,,117138,30,,,0,85,,117147,30,,,0,85,,117137,30,,,0,40,,117148,30,,,0,85,,117139,30,,,0,85,,117149,30,,,0,85,,117140,30,,,0,45,,117150,30,,,0,85,,117141,30,,,0,85,,117151,30,,,0,85,,117143,30,,,0,45,,117152,30,,,0,85,,117142,30,,,0,83,,117153,30,,,0,82,,117144,30,,,0,45,,117135,30,,,0,85,,117154,30,,,0,85,,117134,30,,,0
10800,'Weekday',558,,117155,30,,,0,70,,117160,30,,,0,30,,117158,30,,,0,73,,117161,30,,,0,72,,117162,30,,,0,30,,117163,30,,,0,25,,117164,30,,,0,70,,117165,30,,,0,30,,117167,30,,,0,70,,117168,30,,,0,29,,117169,30,,,0,71,,117166,30,,,0,30,,117170,30,,,0,70,,117171,30,,,0,31,,117172,30,,,0,70,,117173,30,,,0,30,,117176,30,,,0,70,,117177,30,,,0,30,,117174,30,,,0,73,,117175,30,,,0,71,,117178,30,,,0,30,,117179,30,,,0,70,,117180,30,,,0,30,,117181,30,,,0,70,,117182,30,,,0,30,,117183,30,,,0,67,,117184,30,,,0,29,,117185,30,,,0,30,,117186,30,,,0,70,,117187,30,,,0,30,,117188,30,,,0,67,,117189,30,,,0,30,,117190,30,,,0,70,,117191,30,,,0,30,,117192,30,,,0,70,,117159,30,,,0,30,,117157,30,,,0,70,,117156,30,,,0
10800,'STMPSa-Saturday',741,,117195,30,,,0,84,,117204,30,,,0,85,,117196,30,,,0,45,,117205,30,,,0,85,,117194,30,,,0,85,,117206,30,,,0,85,,117198,30,,,0,40,,117207,30,,,0,85,,117197,30,,,0,85,,117208,30,,,0,85,,117200,30,,,0,45,,117210,30,,,0,85,,117199,30,,,0,85,,117209,30,,,0,85,,117202,30,,,0,45,,117211,30,,,0,85,,117201,30,,,0,83,,117212,30,,,0,82,,117203,30,,,0,45,,117213,30,,,0,85,,117214,30,,,0,85,,117193,30,,,0
10800,'STMPSnea-Weekday',558,,117215,30,,,0,70,,117220,30,,,0,30,,117218,30,,,0,73,,117221,30,,,0,72,,117222,30,,,0,30,,117223,30,,,0,25,,117224,30,,,0,70,,117225,30,,,0,30,,117227,30,,,0,70,,117228,30,,,0,29,,117229,30,,,0,71,,117226,30,,,0,30,,117230,30,,,0,70,,117231,30,,,0,31,,117232,30,,,0,70,,117233,30,,,0,30,,117236,30,,,0,70,,117237,30,,,0,30,,117234,30,,,0,73,,117235,30,,,0,71,,117238,30,,,0,30,,117239,30,,,0,70,,117240,30,,,0,30,,117241,30,,,0,70,,117242,30,,,0,30,,117243,30,,,0,67,,117244,30,,,0,29,,117245,30,,,0,30,,117246,30,,,0,70,,117247,30,,,0,30,,117248,30,,,0,67,,117249,30,,,0,30,,117250,30,,,0,70,,117251,30,,,0,30,,117252,30,,,0,70,,117219,30,,,0,30,,117217,30,,,0,70,,117216,30,,,0
10800,'STMPSu1-Sunday',741,,117253,30,,,0,84,,117265,30,,,0,85,,117256,30,,,0,45,,117266,30,,,0,85,,117258,30,,,0,85,,117267,30,,,0,85,,117257,30,,,0,40,,117268,30,,,0,85,,117259,30,,,0,85,,117269,30,,,0,85,,117260,30,,,0,45,,117270,30,,,0,85,,117261,30,,,0,85,,117271,30,,,0,85,,117263,30,,,0,45,,117272,30,,,0,85,,117262,30,,,0,83,,117273,30,,,0,82,,117264,30,,,0,45,,117255,30,,,0,85,,117274,30,,,0,85,,117254,30,,,0
10800,'STMPSu2-Sunday',741,,117275,30,,,0,84,,117287,30,,,0,85,,117278,30,,,0,45,,117288,30,,,0,85,,117280,30,,,0,85,,117289,30,,,0,85,,117279,30,,,0,40,,117290,30,,,0,85,,117281,30,,,0,85,,117291,30,,,0,85,,117282,30,,,0,45,,117292,30,,,0,85,,117283,30,,,0,85,,117293,30,,,0,85,,117285,30,,,0,45,,117294,30,,,0,85,,117284,30,,,0,83,,117295,30,,,0,82,,117286,30,,,0,45,,117277,30,,,0,85,,117296,30,,,0,85,,117276,30,,,0
10800,'STMPWeek-Weekday',558,,117297,30,,,0,70,,117302,30,,,0,30,,117300,30,,,0,73,,117303,30,,,0,72,,117304,30,,,0,30,,117305,30,,,0,25,,117306,30,,,0,70,,117307,30,,,0,30,,117309,30,,,0,70,,117310,30,,,0,29,,117311,30,,,0,71,,117308,30,,,0,30,,117312,30,,,0,70,,117313,30,,,0,31,,117314,30,,,0,70,,117315,30,,,0,30,,117318,30,,,0,70,,117319,30,,,0,30,,117316,30,,,0,73,,117317,30,,,0,71,,117320,30,,,0,30,,117321,30,,,0,70,,117322,30,,,0,30,,117323,30,,,0,70,,117324,30,,,0,30,,117325,30,,,0,67,,117326,30,,,0,29,,117327,30,,,0,30,,117328,30,,,0,70,,117329,30,,,0,30,,117330,30,,,0,67,,117331,30,,,0,30,,117332,30,,,0,70,,117333,30,,,0,30,,117334,30,,,0,70,,117301,30,,,0,30,,117299,30,,,0,70,,117298,30,,,0
10800,'STMPar-Weekday',558,,117335,30,,,0,70,,117340,30,,,0,30,,117338,30,,,0,73,,117341,30,,,0,72,,117342,30,,,0,30,,117343,30,,,0,25,,117344,30,,,0,70,,117345,30,,,0,30,,117347,30,,,0,70,,117348,30,,,0,29,,117349,30,,,0,71,,117346,30,,,0,30,,117350,30,,,0,70,,117351,30,,,0,31,,117352,30,,,0,70,,117353,30,,,0,30,,117356,30,,,0,70,,117357,30,,,0,30,,117354,30,,,0,73,,117355,30,,,0,71,,117358,30,,,0,30,,117359,30,,,0,70,,117360,30,,,0,30,,117361,30,,,0,70,,117362,30,,,0,30,,117363,30,,,0,67,,117364,30,,,0,29,,117365,30,,,0,30,,117366,30,,,0,70,,117367,30,,,0,30,,117368,30,,,0,67,,117369,30,,,0,30,,117370,30,,,0,70,,117371,30,,,0,30,,117372,30,,,0,70,,117339,30,,,0,30,,117337,30,,,0,70,,117336,30,,,0
10801,'Saturday',718,,117383,13,,,0,85,,117373,13,,,0,45,,117384,13,,,0,85,,117375,13,,,0,85,,117385,13,,,0,85,,117376,13,,,0,45,,117386,13,,,0,86,,117377,13,,,0,85,,117387,13,,,0,85,,117378,13,,,0,45,,117388,13,,,0,85,,117379,13,,,0,85,,117389,13,,,0,85,,117380,13,,,0,45,,117390,13,,,0,84,,117381,13,,,0,85,,117391,13,,,0,85,,117382,13,,,0,45,,117392,13,,,0,85,,117393,13,,,0,85,,117374,13,,,0
10801,'Sunday',718,,117404,13,,,0,85,,117395,13,,,0,45,,117405,13,,,0,85,,117396,13,,,0,85,,117406,13,,,0,85,,117397,13,,,0,45,,117409,13,,,0,86,,117398,13,,,0,85,,117407,13,,,0,85,,117400,13,,,0,45,,117408,13,,,0,85,,117399,13,,,0,85,,117410,13,,,0,85,,117401,13,,,0,45,,117411,13,,,0,84,,117402,13,,,0,85,,117412,13,,,0,85,,117403,13,,,0,45,,117413,13,,,0,85,,117414,13,,,0,85,,117394,13,,,0
10801,'Weekday',626,,117416,13,,,0,32,,117417,13,,,0,70,,117418,13,,,0,30,,117419,13,,,0,70,,117420,13,,,0,30,,117421,13,,,0,70,,117422,13,,,0,30,,117423,13,,,0,70,,117424,13,,,0,30,,117425,13,,,0,70,,117426,13,,,0,30,,117427,13,,,0,70,,117428,13,,,0,30,,117430,13,,,0,70,,117431,13,,,0,30,,117432,13,,,0,70,,117429,13,,,0,30,,117433,13,,,0,72,,117434,13,,,0,70,,117435,13,,,0,30,,117436,13,,,0,70,,117437,13,,,0,30,,117438,13,,,0,27,,117439,13,,,0,70,,117441,13,,,0,30,,117442,13,,,0,70,,117443,13,,,0,30,,117440,13,,,0,70,,117444,13,,,0,30,,117445,13,,,0,70,,117446,13,,,0,29,,117447,13,,,0,70,,117448,13,,,0,30,,117449,13,,,0,70,,117450,13,,,0,30,,117415,13,,,0
10801,'STMPSa-Saturday',718,,117461,13,,,0,85,,117451,13,,,0,45,,117462,13,,,0,85,,117453,13,,,0,85,,117463,13,,,0,85,,117454,13,,,0,45,,117464,13,,,0,86,,117455,13,,,0,85,,117465,13,,,0,85,,117456,13,,,0,45,,117466,13,,,0,85,,117457,13,,,0,85,,117467,13,,,0,85,,117458,13,,,0,45,,117468,13,,,0,84,,117459,13,,,0,85,,117469,13,,,0,85,,117460,13,,,0,45,,117470,13,,,0,85,,117471,13,,,0,85,,117452,13,,,0
10801,'STMPSnea-Weekday',626,,117473,13,,,0,32,,117474,13,,,0,70,,117475,13,,,0,30,,117476,13,,,0,70,,117477,13,,,0,30,,117478,13,,,0,70,,117479,13,,,0,30,,117480,13,,,0,70,,117481,13,,,0,30,,117482,13,,,0,70,,117483,13,,,0,30,,117484,13,,,0,70,,117485,13,,,0,30,,117487,13,,,0,70,,117488,13,,,0,30,,117489,13,,,0,70,,117486,13,,,0,30,,117490,13,,,0,72,,117491,13,,,0,70,,117492,13,,,0,30,,117493,13,,,0,70,,117494,13,,,0,30,,117495,13,,,0,27,,117496,13,,,0,70,,117498,13,,,0,30,,117499,13,,,0,70,,117500,13,,,0,30,,117497,13,,,0,70,,117501,13,,,0,30,,117502,13,,,0,70,,117503,13,,,0,29,,117504,13,,,0,70,,117505,13,,,0,30,,117506,13,,,0,70,,117507,13,,,0,30,,117472,13,,,0
10801,'STMPSu1-Sunday',718,,117518,13,,,0,85,,117509,13,,,0,45,,117519,13,,,0,85,,117510,13,,,0,85,,117520,13,,,0,85,,117511,13,,,0,45,,117523,13,,,0,86,,117512,13,,,0,85,,117521,13,,,0,85,,117514,13,,,0,45,,117522,13,,,0,85,,117513,13,,,0,85,,117524,13,,,0,85,,117515,13,,,0,45,,117525,13,,,0,84,,117517,13,,,0,85,,117526,13,,,0,85,,117516,13,,,0,45,,117527,13,,,0,85,,117528,13,,,0,85,,117508,13,,,0
10801,'STMPSu2-Sunday',718,,117539,13,,,0,85,,117530,13,,,0,45,,117540,13,,,0,85,,117531,13,,,0,85,,117541,13,,,0,85,,117532,13,,,0,45,,117544,13,,,0,86,,117533,13,,,0,85,,117542,13,,,0,85,,117535,13,,,0,45,,117543,13,,,0,85,,117534,13,,,0,85,,117545,13,,,0,85,,117536,13,,,0,45,,117546,13,,,0,84,,117537,13,,,0,85,,117547,13,,,0,85,,117538,13,,,0,45,,117548,13,,,0,85,,117549,13,,,0,85,,117529,13,,,0
10801,'STMPWeek-Weekday',626,,117551,13,,,0,32,,117552,13,,,0,70,,117553,13,,,0,30,,117554,13,,,0,70,,117555,13,,,0,30,,117556,13,,,0,70,,117557,13,,,0,30,,117558,13,,,0,70,,117559,13,,,0,30,,117560,13,,,0,70,,117561,13,,,0,30,,117562,13,,,0,70,,117563,13,,,0,30,,117565,13,,,0,70,,117566,13,,,0,30,,117567,13,,,0,70,,117564,13,,,0,30,,117568,13,,,0,72,,117569,13,,,0,70,,117570,13,,,0,30,,117571,13,,,0,70,,117572,13,,,0,30,,117573,13,,,0,27,,117574,13,,,0,70,,117576,13,,,0,30,,117577,13,,,0,70,,117578,13,,,0,30,,117575,13,,,0,70,,117579,13,,,0,30,,117580,13,,,0,70,,117581,13,,,0,29,,117582,13,,,0,70,,117583,13,,,0,30,,117584,13,,,0,70,,117585,13,,,0,30,,117550,13,,,0
10801,'STMPar-Weekday',626,,117587,13,,,0,32,,117588,13,,,0,70,,117589,13,,,0,30,,117590,13,,,0,70,,117591,13,,,0,30,,117592,13,,,0,70,,117593,13,,,0,30,,117594,13,,,0,70,,117595,13,,,0,30,,117596,13,,,0,70,,117597,13,,,0,30,,117598,13,,,0,70,,117599,13,,,0,30,,117601,13,,,0,70,,117602,13,,,0,30,,117603,13,,,0,70,,117600,13,,,0,30,,117605,13,,,0,72,,117606,13,,,0,70,,117607,13,,,0,30,,117604,13,,,0,70,,117608,13,,,0,30,,117609,13,,,0,27,,117610,13,,,0,70,,117612,13,,,0,30,,117613,13,,,0,70,,117614,13,,,0,30,,117611,13,,,0,70,,117615,13,,,0,30,,117616,13,,,0,70,,117617,13,,,0,29,,117618,13,,,0,70,,117619,13,,,0,30,,117620,13,,,0,70,,117621,13,,,0,30,,117586,13,,,0
