1501,'Saturday',722,,79302,33,,,0,78,,79309,33,,,0,38,,79315,33,,,0,78,,79303,33,,,0,38,,79310,33,,,0,78,,79317,33,,,0,78,,79304,33,,,0,38,,79311,33,,,0,78,,79316,33,,,0,78,,79305,33,,,0,38,,79312,33,,,0,78,,79318,33,,,0,38,,79306,33,,,0,78,,79313,33,,,0,78,,79319,33,,,0,38,,79307,33,,,0,78,,79314,33,,,0,78,,79320,33,,,0,38,,79308,33,,,0
1501,'Sunday',722,,79321,33,,,0,97,,79328,33,,,0,97,,79322,33,,,0,97,,79329,33,,,0,97,,79323,33,,,0,97,,79330,33,,,0,97,,79324,33,,,0,97,,79331,33,,,0,57,,79325,33,,,0,97,,79332,33,,,0,97,,79326,33,,,0,97,,79333,33,,,0,97,,79327,33,,,0
1501,'Weekday',619,,79348,21,,,0,40,,79341,33,,,0,79,,79334,33,,,0,77,,79349,33,,,0,40,,79342,33,,,0,79,,79335,33,,,0,80,,79350,33,,,0,40,,79343,33,,,0,80,,79336,33,,,0,80,,79351,33,,,0,40,,79344,33,,,0,80,,79337,33,,,0,80,,79352,33,,,0,40,,79345,33,,,0,80,,79338,33,,,0,75,,79353,33,,,0,31,,79355,33,,,0,70,,79346,33,,,0,30,,79339,33,,,0,69,,79354,33,,,0,28,,79356,33,,,0,68,,79347,33,,,0,39,,79340,33,,,0,78,,79357,33,,,0
1501,'STMPSa-Saturday',722,,79358,33,,,0,78,,79365,33,,,0,38,,79371,33,,,0,78,,79359,33,,,0,38,,79366,33,,,0,78,,79373,33,,,0,78,,79360,33,,,0,38,,79367,33,,,0,78,,79372,33,,,0,78,,79361,33,,,0,38,,79368,33,,,0,78,,79374,33,,,0,38,,79362,33,,,0,78,,79369,33,,,0,78,,79375,33,,,0,38,,79363,33,,,0,78,,79370,33,,,0,78,,79376,33,,,0,38,,79364,33,,,0
1501,'STMPSnea-Weekday',619,,79391,21,,,0,40,,79384,33,,,0,79,,79377,33,,,0,77,,79392,33,,,0,40,,79385,33,,,0,79,,79378,33,,,0,80,,79393,33,,,0,40,,79386,33,,,0,80,,79379,33,,,0,80,,79394,33,,,0,40,,79387,33,,,0,80,,79380,33,,,0,80,,79395,33,,,0,40,,79388,33,,,0,80,,79381,33,,,0,75,,79396,33,,,0,31,,79398,33,,,0,70,,79389,33,,,0,30,,79382,33,,,0,69,,79397,33,,,0,28,,79399,33,,,0,68,,79390,33,,,0,39,,79383,33,,,0,78,,79400,33,,,0
1501,'STMPSu1-Sunday',722,,79401,33,,,0,97,,79408,33,,,0,97,,79402,33,,,0,97,,79409,33,,,0,97,,79403,33,,,0,97,,79410,33,,,0,97,,79404,33,,,0,97,,79411,33,,,0,57,,79405,33,,,0,97,,79412,33,,,0,97,,79406,33,,,0,97,,79413,33,,,0,97,,79407,33,,,0
1501,'STMPSu2-Sunday',722,,79414,33,,,0,97,,79421,33,,,0,97,,79415,33,,,0,97,,79422,33,,,0,97,,79416,33,,,0,97,,79423,33,,,0,97,,79417,33,,,0,97,,79424,33,,,0,57,,79418,33,,,0,97,,79425,33,,,0,97,,79419,33,,,0,97,,79426,33,,,0,97,,79420,33,,,0
1501,'STMPWeek-Weekday',619,,79441,21,,,0,40,,79434,33,,,0,79,,79427,33,,,0,77,,79442,33,,,0,40,,79435,33,,,0,79,,79428,33,,,0,80,,79443,33,,,0,40,,79436,33,,,0,80,,79429,33,,,0,80,,79444,33,,,0,40,,79437,33,,,0,80,,79430,33,,,0,80,,79445,33,,,0,40,,79438,33,,,0,80,,79431,33,,,0,75,,79446,33,,,0,31,,79448,33,,,0,70,,79439,33,,,0,30,,79432,33,,,0,69,,79447,33,,,0,28,,79449,33,,,0,68,,79440,33,,,0,39,,79433,33,,,0,78,,79450,33,,,0
1501,'STMPar-Weekday',619,,79465,21,,,0,40,,79458,33,,,0,79,,79451,33,,,0,77,,79466,33,,,0,40,,79459,33,,,0,79,,79452,33,,,0,80,,79467,33,,,0,40,,79460,33,,,0,80,,79453,33,,,0,80,,79468,33,,,0,40,,79461,33,,,0,80,,79454,33,,,0,80,,79469,33,,,0,40,,79462,33,,,0,80,,79455,33,,,0,75,,79470,33,,,0,31,,79472,33,,,0,70,,79463,33,,,0,30,,79456,33,,,0,69,,79471,33,,,0,28,,79473,33,,,0,68,,79464,33,,,0,39,,79457,33,,,0,78,,79474,33,,,0
9900,'Saturday',655,,113658,52,,,0,70,,113633,52,,,0,30,,113634,52,,,0,70,,113667,52,,,0,30,,113638,52,,,0,70,,113641,52,,,0,30,,113663,52,,,0,70,,113637,52,,,0,30,,113642,52,,,0,70,,113664,52,,,0,30,,113640,52,,,0,70,,113639,52,,,0,30,,113665,52,,,0,70,,113643,52,,,0,30,,113645,52,,,0,70,,113657,52,,,0,30,,113646,52,,,0,70,,113647,52,,,0,30,,113661,52,,,0,70,,113644,52,,,0,30,,113648,52,,,0,70,,113659,52,,,0,30,,113650,52,,,0,70,,113651,52,,,0,30,,113660,52,,,0,70,,113652,52,,,0,30,,113649,52,,,0,70,,113662,52,,,0,30,,113653,52,,,0,70,,113654,52,,,0,30,,113666,52,,,0,70,,113655,52,,,0,30,,113635,52,,,0,70,,113656,52,,,0,30,,113636,52,,,0
9900,'Sunday',654,,113689,52,,,0,70,,113668,52,,,0,30,,113669,52,,,0,70,,113699,52,,,0,30,,113670,52,,,0,70,,113672,52,,,0,30,,113691,52,,,0,70,,113677,52,,,0,30,,113678,52,,,0,70,,113693,52,,,0,30,,113675,52,,,0,70,,113673,52,,,0,30,,113696,52,,,0,70,,113671,52,,,0,30,,113676,52,,,0,70,,113692,52,,,0,30,,113674,52,,,0,70,,113679,52,,,0,30,,113694,52,,,0,70,,113680,52,,,0,30,,113681,52,,,0,70,,113698,52,,,0,30,,113682,52,,,0,70,,113684,52,,,0,30,,113690,52,,,0,70,,113683,52,,,0,30,,113685,52,,,0,70,,113697,52,,,0,30,,113687,52,,,0,70,,113686,52,,,0,30,,113695,52,,,0,70,,113688,52,,,0
9900,'Weekday',633,,113717,52,,,0,73,,113711,52,,,0,30,,113713,52,,,0,70,,113715,52,,,0,30,,113710,52,,,0,70,,113709,52,,,0,24,,113712,52,,,0,75,,113714,52,,,0,30,,113718,52,,,0,70,,113719,52,,,0,30,,113716,52,,,0,70,,113720,52,,,0,30,,113721,52,,,0,70,,113722,52,,,0,30,,113723,52,,,0,70,,113724,52,,,0,30,,113725,52,,,0,71,,113726,52,,,0,31,,113727,52,,,0,70,,113728,52,,,0,30,,113729,52,,,0,70,,113730,52,,,0,30,,113732,52,,,0,70,,113733,52,,,0,30,,113734,52,,,0,70,,113735,52,,,0,28,,113736,52,,,0,68,,113737,52,,,0,30,,113731,52,,,0,70,,113705,52,,,0,28,,113703,52,,,0,69,,113701,52,,,0,30,,113704,52,,,0,70,,113706,52,,,0,30,,113700,52,,,0,70,,113702,52,,,0,33,,113707,52,,,0
9900,'STMPSa-Saturday',655,,113763,52,,,0,70,,113738,52,,,0,30,,113739,52,,,0,70,,113772,52,,,0,30,,113743,52,,,0,70,,113746,52,,,0,30,,113768,52,,,0,70,,113742,52,,,0,30,,113747,52,,,0,70,,113769,52,,,0,30,,113745,52,,,0,70,,113744,52,,,0,30,,113770,52,,,0,70,,113748,52,,,0,30,,113750,52,,,0,70,,113762,52,,,0,30,,113751,52,,,0,70,,113752,52,,,0,30,,113766,52,,,0,70,,113749,52,,,0,30,,113753,52,,,0,70,,113764,52,,,0,30,,113755,52,,,0,70,,113756,52,,,0,30,,113765,52,,,0,70,,113757,52,,,0,30,,113754,52,,,0,70,,113767,52,,,0,30,,113758,52,,,0,70,,113759,52,,,0,30,,113771,52,,,0,70,,113760,52,,,0,30,,113740,52,,,0,70,,113761,52,,,0,30,,113741,52,,,0
9900,'STMPSnea-Weekday',633,,113790,52,,,0,73,,113784,52,,,0,30,,113786,52,,,0,70,,113788,52,,,0,30,,113783,52,,,0,70,,113782,52,,,0,24,,113785,52,,,0,75,,113787,52,,,0,30,,113791,52,,,0,70,,113792,52,,,0,30,,113789,52,,,0,70,,113793,52,,,0,30,,113794,52,,,0,70,,113795,52,,,0,30,,113796,52,,,0,70,,113797,52,,,0,30,,113798,52,,,0,71,,113799,52,,,0,31,,113800,52,,,0,70,,113801,52,,,0,30,,113802,52,,,0,70,,113803,52,,,0,30,,113805,52,,,0,70,,113806,52,,,0,30,,113807,52,,,0,70,,113808,52,,,0,28,,113809,52,,,0,68,,113810,52,,,0,30,,113804,52,,,0,70,,113778,52,,,0,28,,113776,52,,,0,69,,113774,52,,,0,30,,113777,52,,,0,70,,113779,52,,,0,30,,113773,52,,,0,70,,113775,52,,,0,33,,113780,52,,,0
9900,'STMPSu1-Sunday',654,,113832,52,,,0,70,,113811,52,,,0,30,,113812,52,,,0,70,,113842,52,,,0,30,,113813,52,,,0,70,,113815,52,,,0,30,,113834,52,,,0,70,,113821,52,,,0,30,,113818,52,,,0,70,,113836,52,,,0,30,,113819,52,,,0,70,,113816,52,,,0,30,,113839,52,,,0,70,,113814,52,,,0,30,,113820,52,,,0,70,,113835,52,,,0,30,,113817,52,,,0,70,,113822,52,,,0,30,,113837,52,,,0,70,,113823,52,,,0,30,,113824,52,,,0,70,,113841,52,,,0,30,,113825,52,,,0,70,,113827,52,,,0,30,,113833,52,,,0,70,,113826,52,,,0,30,,113828,52,,,0,70,,113840,52,,,0,30,,113830,52,,,0,70,,113829,52,,,0,30,,113838,52,,,0,70,,113831,52,,,0
9900,'STMPSu2-Sunday',654,,113864,52,,,0,70,,113843,52,,,0,30,,113844,52,,,0,70,,113874,52,,,0,30,,113845,52,,,0,70,,113847,52,,,0,30,,113866,52,,,0,70,,113852,52,,,0,30,,113853,52,,,0,70,,113868,52,,,0,30,,113850,52,,,0,70,,113848,52,,,0,30,,113871,52,,,0,70,,113846,52,,,0,30,,113851,52,,,0,70,,113867,52,,,0,30,,113849,52,,,0,70,,113854,52,,,0,30,,113869,52,,,0,70,,113855,52,,,0,30,,113856,52,,,0,70,,113873,52,,,0,30,,113857,52,,,0,70,,113859,52,,,0,30,,113865,52,,,0,70,,113858,52,,,0,30,,113860,52,,,0,70,,113872,52,,,0,30,,113862,52,,,0,70,,113861,52,,,0,30,,113870,52,,,0,70,,113863,52,,,0
9900,'STMPWeek-Weekday',633,,113892,52,,,0,73,,113886,52,,,0,30,,113888,52,,,0,70,,113890,52,,,0,30,,113885,52,,,0,70,,113884,52,,,0,24,,113887,52,,,0,75,,113889,52,,,0,30,,113893,52,,,0,70,,113894,52,,,0,30,,113891,52,,,0,70,,113895,52,,,0,30,,113896,52,,,0,70,,113897,52,,,0,30,,113898,52,,,0,70,,113899,52,,,0,30,,113900,52,,,0,71,,113901,52,,,0,31,,113902,52,,,0,70,,113903,52,,,0,30,,113904,52,,,0,70,,113905,52,,,0,30,,113907,52,,,0,70,,113908,52,,,0,30,,113909,52,,,0,70,,113910,52,,,0,28,,113911,52,,,0,68,,113912,52,,,0,30,,113906,52,,,0,70,,113880,52,,,0,28,,113878,52,,,0,69,,113876,52,,,0,30,,113879,52,,,0,70,,113881,52,,,0,30,,113875,52,,,0,70,,113877,52,,,0,33,,113882,52,,,0
9900,'STMPar-Weekday',633,,113930,52,,,0,73,,113924,52,,,0,30,,113926,52,,,0,70,,113928,52,,,0,30,,113923,52,,,0,70,,113922,52,,,0,24,,113925,52,,,0,75,,113927,52,,,0,30,,113931,52,,,0,70,,113932,52,,,0,30,,113929,52,,,0,70,,113933,52,,,0,30,,113934,52,,,0,70,,113935,52,,,0,30,,113936,52,,,0,70,,113937,52,,,0,30,,113938,52,,,0,71,,113939,52,,,0,31,,113940,52,,,0,70,,113941,52,,,0,30,,113942,52,,,0,70,,113943,52,,,0,30,,113945,52,,,0,70,,113946,52,,,0,30,,113947,52,,,0,70,,113948,52,,,0,28,,113949,52,,,0,68,,113950,52,,,0,30,,113944,52,,,0,70,,113918,52,,,0,28,,113916,52,,,0,69,,113915,52,,,0,30,,113917,52,,,0,70,,113919,52,,,0,30,,113914,52,,,0,70,,113913,52,,,0,33,,113920,52,,,0
