4000,'CUT-Weekday',656,,12297,,,0,76,,12298,,,0,75,,12299,,,0,35,,12301,,,0,74,,12312,,,0,35,,12300,,,0,75,,12302,,,0,75,,12314,,,0,35,,12308,,,0,75,,12303,,,0,35,,12313,,,0,75,,12309,,,0,35,,12304,,,0,75,,12316,,,0,76,,12311,,,0,35,,12305,,,0,75,,12317,,,0,35,,12310,,,0,74,,12306,,,0,75,,12318,,,0,35,,12315,,,0,74,,12307,,,0,35,,12319,,,0,75,,12321,,,0,35,,12324,,,0,75,,12320,,,0,75,,12323,,,0,35,,12325,,,0,72,,12322,,,0
4000,'Saturday',846,,12327,,,0,75,,12328,,,0,35,,12326,,,0,75,,12329,,,0,75,,12330,,,0,35,,12331,,,0,75,,12332,,,0,35,,12333,,,0,75,,12336,,,0,75,,12337,,,0,35,,12334,,,0,75,,12335,,,0,35,,12338,,,0,75,,12339,,,0,35,,12340,,,0,75,,12341,,,0,75,,12342,,,0,35,,12343,,,0,75,,12344,,,0
4000,'Sunday',846,,12345,,,0,75,,12346,,,0,35,,12348,,,0,75,,12349,,,0,75,,12350,,,0,35,,12347,,,0,75,,12351,,,0,35,,12352,,,0,75,,12353,,,0,75,,12354,,,0,35,,12355,,,0,75,,12357,,,0,35,,12358,,,0,75,,12359,,,0,35,,12356,,,0,75,,12360,,,0,75,,12361,,,0,35,,12362,,,0,75,,12363,,,0
4000,'Weekday',656,,12364,,,0,76,,12365,,,0,75,,12366,,,0,35,,12368,,,0,74,,12379,,,0,35,,12367,,,0,75,,12369,,,0,75,,12381,,,0,35,,12375,,,0,75,,12370,,,0,35,,12380,,,0,75,,12376,,,0,35,,12371,,,0,75,,12383,,,0,76,,12378,,,0,35,,12372,,,0,75,,12384,,,0,35,,12377,,,0,74,,12373,,,0,75,,12385,,,0,35,,12382,,,0,74,,12374,,,0,35,,12386,,,0,75,,12389,,,0,35,,12391,,,0,75,,12388,,,0,75,,12390,,,0,35,,12392,,,0,72,,12387,,,0
4000,'pBxDec31-Weekday',656,,12393,,,0,76,,12394,,,0,75,,12395,,,0,35,,12396,,,0,74,,12408,,,0,35,,12397,,,0,75,,12398,,,0,75,,12410,,,0,35,,12404,,,0,75,,12399,,,0,35,,12409,,,0,75,,12405,,,0,35,,12400,,,0,75,,12412,,,0,76,,12407,,,0,35,,12401,,,0,75,,12413,,,0,35,,12406,,,0,74,,12402,,,0,75,,12414,,,0,35,,12411,,,0,74,,12403,,,0,35,,12415,,,0,75,,12417,,,0,35,,12420,,,0,75,,12416,,,0,75,,12419,,,0,35,,12421,,,0,72,,12418,,,0
40401,'CUT-Weekday',642,,43288,,,0,115,,43290,,,0,95,,43289,,,0,103,,43291,,,0,100,,43292,,,0,100,,43294,,,0,100,,43293,,,0,100,,43295,,,0,100,,43296,,,0,152,,43297,,,0,100,,43299,,,0,99,,43298,,,0,99,,43300,,,0,100,,43301,,,0
40401,'Saturday',750,,43302,,,0,100,,43303,,,0,100,,43305,,,0,100,,43304,,,0,100,,43306,,,0,101,,43308,,,0,100,,43309,,,0,100,,43310,,,0,100,,43307,,,0,100,,43311,,,0,100,,43312,,,0
40401,'Sunday',750,,43313,,,0,100,,43314,,,0,100,,43315,,,0,100,,43316,,,0,100,,43317,,,0,101,,43319,,,0,100,,43318,,,0,100,,43320,,,0,100,,43321,,,0,100,,43322,,,0,100,,43323,,,0
40401,'Weekday',642,,43324,,,0,115,,43326,,,0,95,,43325,,,0,103,,43327,,,0,100,,43328,,,0,100,,43330,,,0,100,,43329,,,0,100,,43331,,,0,100,,43332,,,0,152,,43333,,,0,100,,43335,,,0,99,,43334,,,0,99,,43336,,,0,100,,43337,,,0
40401,'pBxDec31-Weekday',642,,43338,,,0,115,,43340,,,0,95,,43339,,,0,103,,43341,,,0,100,,43342,,,0,100,,43344,,,0,100,,43343,,,0,100,,43345,,,0,100,,43346,,,0,152,,43347,,,0,100,,43349,,,0,99,,43348,,,0,99,,43350,,,0,100,,43351,,,0
