2600,'Saturday',629,,33244,31,,,0,85,,33254,31,,,0,45,,33246,31,,,0,85,,33255,31,,,0,88,,33245,31,,,0,85,,33256,31,,,0,85,,33247,31,,,0,45,,33257,31,,,0,85,,33248,31,,,0,85,,33258,31,,,0,85,,33249,31,,,0,46,,33259,31,,,0,85,,33250,31,,,0,85,,33260,31,,,0,85,,33251,31,,,0,45,,33261,31,,,0,85,,33252,31,,,0,83,,33262,31,,,0,84,,33253,31,,,0,45,,33263,31,,,0
2600,'Sunday',629,,33264,31,,,0,85,,33274,31,,,0,45,,33265,31,,,0,85,,33275,31,,,0,88,,33266,31,,,0,85,,33277,31,,,0,85,,33267,31,,,0,45,,33276,31,,,0,85,,33268,31,,,0,85,,33278,31,,,0,85,,33269,31,,,0,46,,33279,31,,,0,85,,33270,31,,,0,85,,33280,31,,,0,85,,33271,31,,,0,45,,33281,31,,,0,85,,33272,31,,,0,83,,33282,31,,,0,84,,33273,31,,,0,45,,33283,31,,,0
2600,'Weekday',553,,33284,31,,,0,72,,33285,31,,,0,32,,33286,31,,,0,75,,33287,31,,,0,73,,33288,31,,,0,32,,33289,31,,,0,71,,33290,31,,,0,27,,33291,31,,,0,66,,33293,31,,,0,30,,33294,31,,,0,70,,33295,31,,,0,30,,33292,31,,,0,70,,33296,31,,,0,30,,33297,31,,,0,70,,33298,31,,,0,30,,33299,31,,,0,70,,33300,31,,,0,30,,33302,31,,,0,72,,33303,31,,,0,31,,33304,31,,,0,72,,33301,31,,,0,34,,33305,31,,,0,72,,33306,31,,,0,32,,33307,31,,,0,72,,33308,31,,,0,28,,33310,31,,,0,68,,33311,31,,,0,30,,33312,31,,,0,70,,33313,31,,,0,30,,33315,31,,,0,70,,33317,31,,,0,28,,33316,31,,,0,70,,33314,31,,,0,30,,33309,31,,,0
2600,'Weekday0000100',1429,,33319,19,,,0,10,,33318,19,,,0
2600,'Weekday1111000',1609,,33321,19,,,0,12,,33320,31,,,0
2600,'1CCSDCUT-Weekday',553,,33322,31,,,0,72,,33323,31,,,0,32,,33324,31,,,0,75,,33325,31,,,0,73,,33326,31,,,0,32,,33327,31,,,0,71,,33328,31,,,0,27,,33329,31,,,0,66,,33331,31,,,0,30,,33332,31,,,0,70,,33333,31,,,0,30,,33330,31,,,0,70,,33334,31,,,0,30,,33335,31,,,0,70,,33336,31,,,0,30,,33337,31,,,0,70,,33338,31,,,0,30,,33340,31,,,0,72,,33341,31,,,0,31,,33342,31,,,0,72,,33339,31,,,0,34,,33343,31,,,0,72,,33344,31,,,0,32,,33345,31,,,0,72,,33346,31,,,0,28,,33348,31,,,0,68,,33349,31,,,0,30,,33350,31,,,0,70,,33351,31,,,0,30,,33353,31,,,0,70,,33355,31,,,0,28,,33354,31,,,0,70,,33352,31,,,0,30,,33347,31,,,0
2600,'1CCSDCUT-Weekday0000100',1429,,33357,19,,,0,10,,33356,19,,,0
2600,'1CCSDCUT-Weekday1111000',1609,,33359,19,,,0,12,,33358,31,,,0
81100,'Weekday',808,,68893,3,0,12 13 141,0
81101,'Weekday0000100',1457,,68897,4,0,12 13 141,0
81101,'Weekday1111000',1557,,68899,4,0,12 13 141,0
