800,'Saturday',719,,27357,20,,,0,27,,27354,20,,,0,67,,27355,20,,,0,27,,27358,20,,,0,67,,27359,20,,,0,27,,27360,20,,,0,67,,27361,20,,,0,27,,27362,20,,,0,27,,27364,20,,,0,67,,27365,20,,,0,27,,27366,20,,,0,67,,27363,20,,,0,27,,27367,20,,,0,67,,27368,20,,,0,27,,27369,20,,,0,67,,27370,20,,,0,27,,27371,20,,,0,27,,27372,20,,,0,67,,27373,20,,,0,27,,27374,20,,,0,67,,27356,20,,,0,27,,27375,20,,,0,67,,27376,20,,,0,27,,27377,20,,,0,67,,27378,20,,,0,27,,27379,20,,,0,67,,27380,20,,,0,27,,27381,20,,,0,27,,27382,20,,,0,77,,27383,20,,,0,77,,27384,20,,,0,35,,27385,20,,,0,75,,27386,20,,,0,35,,27387,20,,,0,75,,27388,20,,,0,75,,27389,20,,,0,35,,27390,20,,,0
800,'Sunday',719,,27392,20,,,0,27,,27391,20,,,0,67,,27394,20,,,0,27,,27393,20,,,0,67,,27395,20,,,0,27,,27396,20,,,0,67,,27397,20,,,0,27,,27399,20,,,0,27,,27398,20,,,0,67,,27400,20,,,0,27,,27401,20,,,0,67,,27402,20,,,0,27,,27404,20,,,0,67,,27406,20,,,0,27,,27405,20,,,0,67,,27403,20,,,0,27,,27408,20,,,0,27,,27407,20,,,0,67,,27409,20,,,0,27,,27411,20,,,0,67,,27413,20,,,0,27,,27412,20,,,0,67,,27414,20,,,0,27,,27415,20,,,0,67,,27410,20,,,0,27,,27416,20,,,0,67,,27418,20,,,0,27,,27417,20,,,0,27,,27419,20,,,0,77,,27420,20,,,0,77,,27421,20,,,0,35,,27422,20,,,0,75,,27423,20,,,0,35,,27425,20,,,0,75,,27424,20,,,0,75,,27426,20,,,0,35,,27427,20,,,0
800,'Weekday',504,,27428,20,,,0,17,,27431,20,,,0,17,,27443,20,,,0,17,,27463,20,,,0,57,,27473,20,,,0,17,,27492,20,,,0,17,,27455,20,,,0,57,,27429,20,,,0,17,,27432,20,,,0,17,,27444,20,,,0,17,,27464,20,,,0,57,,27471,20,,,0,5,,27486,20,,,0,6,,27487,20,,,0,6,,27493,20,,,0,9,,27488,20,,,0,8,,27456,20,,,0,56,,27430,20,,,0,15,,27433,20,,,0,16,,27445,20,,,0,21,,27465,20,,,0,61,,27494,20,,,0,21,,27457,20,,,0,21,,27434,20,,,0,61,,27446,20,,,0,21,,27466,20,,,0,21,,27495,20,,,0,61,,27458,20,,,0,21,,27435,20,,,0,61,,27447,20,,,0,21,,27468,20,,,0,23,,27496,20,,,0,62,,27460,20,,,0,21,,27436,20,,,0,24,,27448,20,,,0,57,,27467,20,,,0,5,,27478,20,,,0,5,,27480,20,,,0,7,,27474,20,,,0,5,,27481,7,,,0,5,,27477,20,,,0,7,,27497,20,,,0,5,,27489,20,,,0,5,,27482,7,,,0,47,,27459,20,,,0,5,,27490,20,,,0,5,,27483,7,,,0,7,,27437,20,,,0,5,,27491,20,,,0,5,,27484,7,,,0,7,,27476,20,,,0,5,,27485,7,,,0,5,,27479,20,,,0,7,,27449,20,,,0,57,,27469,20,,,0,17,,27475,20,,,0,17,,27498,20,,,0,57,,27461,20,,,0,24,,27438,20,,,0,21,,27450,20,,,0,62,,27470,20,,,0,19,,27499,20,,,0,19,,27462,20,,,0,61,,27439,20,,,0,21,,27451,20,,,0,21,,27472,20,,,0,61,,27502,20,,,0,32,,27440,20,,,0,74,,27452,20,,,0,33,,27500,20,,,0,73,,27441,20,,,0,33,,27453,20,,,0,73,,27501,20,,,0,73,,27442,20,,,0,26,,27454,20,,,0
8200,'Saturday',637,,45920,11,,,0,70,,45921,11,,,0,30,,45922,11,,,0,70,,45923,11,,,0,30,,45924,11,,,0,70,,45925,11,,,0,30,,45926,11,,,0,70,,45943,11,,,0,30,,45945,11,,,0,70,,45928,11,,,0,30,,45941,11,,,0,70,,45934,11,,,0,30,,45929,11,,,0,70,,45942,11,,,0,30,,45935,11,,,0,70,,45927,11,,,0,30,,45940,11,,,0,70,,45936,11,,,0,30,,45930,11,,,0,70,,45939,11,,,0,30,,45946,11,,,0,70,,45931,11,,,0,30,,45937,11,,,0,70,,45944,11,,,0,30,,45932,11,,,0,70,,45938,11,,,0,30,,45947,11,,,0,70,,45933,11,,,0,30,,45953,11,,,0,70,,45954,11,,,0,30,,45955,11,,,0,70,,45950,11,,,0,30,,45949,11,,,0,70,,45951,11,,,0,30,,45948,11,,,0,70,,45952,11,,,0
8200,'Sunday',637,,45956,11,,,0,70,,45968,11,,,0,30,,45980,11,,,0,70,,45957,11,,,0,30,,45969,11,,,0,70,,45981,11,,,0,30,,45958,11,,,0,70,,45970,11,,,0,30,,45982,11,,,0,70,,45959,11,,,0,30,,45971,11,,,0,70,,45983,11,,,0,30,,45960,11,,,0,70,,45972,11,,,0,30,,45984,11,,,0,70,,45961,11,,,0,30,,45973,11,,,0,70,,45985,11,,,0,30,,45962,11,,,0,70,,45974,11,,,0,30,,45986,11,,,0,70,,45963,11,,,0,30,,45975,11,,,0,70,,45987,11,,,0,30,,45964,11,,,0,70,,45976,11,,,0,30,,45989,11,,,0,70,,45965,11,,,0,30,,45977,11,,,0,70,,45990,11,,,0,30,,45966,11,,,0,70,,45978,11,,,0,30,,45988,11,,,0,70,,45967,11,,,0,30,,45979,11,,,0,70,,45991,11,,,0
8200,'Weekday',632,,45997,11,,,0,76,,46007,11,,,0,33,,46017,11,,,0,17,,46026,11,,,0,56,,45998,11,,,0,33,,46008,11,,,0,73,,46018,11,,,0,32,,45999,11,,,0,73,,46009,11,,,0,33,,46019,11,,,0,73,,46001,11,,,0,75,,46010,11,,,0,33,,46020,11,,,0,73,,46000,11,,,0,12,,45996,11,,,0,21,,46011,11,,,0,73,,46021,11,,,0,33,,46002,11,,,0,74,,46012,11,,,0,14,,45992,11,,,0,19,,46022,11,,,0,57,,45994,11,,,0,16,,46003,11,,,0,17,,45993,11,,,0,55,,46013,11,,,0,17,,45995,11,,,0,16,,46023,11,,,0,73,,46004,11,,,0,32,,46014,11,,,0,72,,46024,11,,,0,33,,46006,11,,,0,73,,46015,11,,,0,33,,46025,11,,,0,73,,46005,11,,,0,33,,46016,11,,,0,73,,46027,11,,,0,73,,46028,11,,,0,33,,46029,11,,,0,73,,46030,11,,,0
10500,'Saturday',654,,52419,23,,,0,80,,52410,23,,,0,80,,52425,23,,,0,40,,52414,23,,,0,80,,52420,23,,,0,80,,52409,23,,,0,40,,52427,23,,,0,80,,52415,23,,,0,82,,52421,23,,,0,40,,52412,23,,,0,80,,52428,23,,,0,80,,52416,23,,,0,40,,52423,23,,,0,80,,52411,23,,,0,80,,52429,23,,,0,40,,52417,23,,,0,80,,52422,23,,,0,79,,52413,23,,,0,40,,52426,23,,,0,80,,52418,23,,,0,80,,52424,23,,,0,40,,52408,23,,,0
10500,'Sunday',654,,52430,23,,,0,80,,52437,23,,,0,80,,52444,23,,,0,40,,52431,23,,,0,80,,52438,23,,,0,80,,52445,23,,,0,40,,52432,23,,,0,80,,52439,23,,,0,82,,52446,23,,,0,40,,52433,23,,,0,80,,52440,23,,,0,80,,52447,23,,,0,40,,52434,23,,,0,80,,52441,23,,,0,80,,52448,23,,,0,40,,52435,23,,,0,80,,52442,23,,,0,79,,52449,23,,,0,40,,52436,23,,,0,80,,52443,23,,,0,80,,52450,23,,,0,40,,52451,23,,,0
10500,'Weekday',548,,52477,23,,,0,71,,52468,23,,,0,33,,52460,23,,,0,70,,52452,23,,,0,30,,52478,23,,,0,70,,52469,23,,,0,30,,52461,23,,,0,70,,52453,23,,,0,30,,52479,23,,,0,70,,52471,23,,,0,30,,52462,23,,,0,70,,52454,23,,,0,30,,52480,23,,,0,70,,52470,23,,,0,30,,52463,23,,,0,70,,52455,23,,,0,30,,52481,23,,,0,70,,52472,23,,,0,31,,52464,23,,,0,66,,52456,23,,,0,14,,52486,10,,,0,20,,52482,23,,,0,70,,52473,23,,,0,30,,52465,23,,,0,69,,52457,23,,,0,30,,52483,23,,,0,70,,52474,23,,,0,28,,52466,23,,,0,70,,52458,23,,,0,30,,52484,23,,,0,70,,52475,23,,,0,29,,52467,23,,,0,70,,52459,23,,,0,30,,52485,23,,,0,83,,52476,23,,,0
10500,'Weekday0000100',1308,,52487,10,,,0
10500,'Weekday1111000',1509,,52488,23,,,0
