15400,'Saturday',648,,60102,19,,,0,85,,60106,19,,,0,85,,60104,19,,,0,85,,60105,19,,,0,45,,60107,19,,,0,85,,60108,19,,,0,85,,60110,19,,,0,85,,60112,19,,,0,46,,60113,19,,,0,85,,60114,19,,,0,85,,60111,19,,,0,85,,60116,19,,,0,45,,60117,19,,,0,85,,60118,19,,,0,85,,60119,19,,,0,85,,60109,19,,,0,45,,60120,19,,,0,85,,60121,19,,,0,85,,60115,19,,,0
15400,'Sunday',648,,60123,19,,,0,85,,60124,19,,,0,85,,60125,19,,,0,85,,60126,19,,,0,45,,60127,19,,,0,85,,60128,19,,,0,85,,60129,19,,,0,85,,60131,19,,,0,46,,60132,19,,,0,85,,60133,19,,,0,85,,60130,19,,,0,85,,60134,19,,,0,45,,60135,19,,,0,85,,60136,19,,,0,85,,60137,19,,,0,85,,60138,19,,,0,45,,60139,19,,,0,85,,60140,19,,,0,85,,60141,19,,,0
15400,'Weekday',546,,60142,19,,,0,70,,60161,19,,,0,30,,60170,19,,,0,70,,60152,19,,,0,30,,60144,19,,,0,70,,60163,19,,,0,30,,60173,19,,,0,70,,60153,19,,,0,30,,60143,19,,,0,70,,60162,19,,,0,30,,60174,19,,,0,70,,60154,19,,,0,30,,60145,19,,,0,70,,60164,19,,,0,30,,60175,19,,,0,70,,60155,19,,,0,30,,60146,19,,,0,70,,60166,19,,,0,30,,60176,19,,,0,71,,60156,19,,,0,33,,60147,19,,,0,68,,60165,19,,,0,30,,60177,19,,,0,72,,60157,19,,,0,30,,60148,19,,,0,70,,60167,19,,,0,29,,60178,19,,,0,68,,60158,19,,,0,30,,60149,19,,,0,70,,60169,19,,,0,30,,60179,19,,,0,72,,60159,19,,,0,30,,60150,19,,,0,70,,60168,19,,,0,30,,60180,19,,,0,68,,60160,19,,,0,30,,60151,19,,,0,70,,60171,19,,,0,30,,60181,19,,,0
15400,'1CCSDCUT-Weekday',546,,60182,19,,,0,70,,60201,19,,,0,30,,60210,19,,,0,70,,60192,19,,,0,30,,60184,19,,,0,70,,60203,19,,,0,30,,60213,19,,,0,70,,60193,19,,,0,30,,60183,19,,,0,70,,60202,19,,,0,30,,60214,19,,,0,70,,60194,19,,,0,30,,60185,19,,,0,70,,60204,19,,,0,30,,60215,19,,,0,70,,60195,19,,,0,30,,60186,19,,,0,70,,60206,19,,,0,30,,60216,19,,,0,71,,60196,19,,,0,33,,60187,19,,,0,68,,60205,19,,,0,30,,60217,19,,,0,72,,60197,19,,,0,30,,60188,19,,,0,70,,60207,19,,,0,29,,60218,19,,,0,68,,60198,19,,,0,30,,60189,19,,,0,70,,60209,19,,,0,30,,60219,19,,,0,72,,60199,19,,,0,30,,60190,19,,,0,70,,60208,19,,,0,30,,60220,19,,,0,68,,60200,19,,,0,30,,60191,19,,,0,70,,60211,19,,,0,30,,60221,19,,,0
15400,'1PUBCUT-Weekday',546,,60222,19,,,0,70,,60241,19,,,0,30,,60250,19,,,0,70,,60232,19,,,0,30,,60224,19,,,0,70,,60243,19,,,0,30,,60253,19,,,0,70,,60233,19,,,0,30,,60223,19,,,0,70,,60242,19,,,0,30,,60254,19,,,0,70,,60234,19,,,0,30,,60225,19,,,0,70,,60244,19,,,0,30,,60255,19,,,0,70,,60235,19,,,0,30,,60226,19,,,0,70,,60246,19,,,0,30,,60256,19,,,0,71,,60236,19,,,0,33,,60227,19,,,0,68,,60245,19,,,0,30,,60257,19,,,0,72,,60237,19,,,0,30,,60228,19,,,0,70,,60247,19,,,0,29,,60258,19,,,0,68,,60238,19,,,0,30,,60229,19,,,0,70,,60249,19,,,0,30,,60259,19,,,0,72,,60239,19,,,0,30,,60230,19,,,0,70,,60248,19,,,0,30,,60260,19,,,0,68,,60240,19,,,0,30,,60231,19,,,0,70,,60251,19,,,0,30,,60261,19,,,0
70600,'Weekday0000100',1336,,68381,27,0,130 184 64,0
70600,'Weekday1111000',1546,,68383,27,0,130 184 64,0
70600,'1CCSDCUT-Weekday0000100',1336,,68385,27,0,130 184 64,0
70600,'1CCSDCUT-Weekday1111000',1546,,68387,27,0,130 184 64,0
80501,'Weekday',820,,68879,7,0,127 15 16,0
80501,'1CCSDCUT-Weekday',820,,68880,7,0,127 15 16,0
80501,'1PUBCUT-Weekday',820,,68881,7,0,127 15 16,0
81800,'Weekday0000100',1448,,68940,18,0,12 13 14 15 16,0
81800,'Weekday1111000',1548,,68941,18,0,12 13 14 15 16,0
81800,'1PUBCUT-Weekday0000100',1448,,68942,18,0,12 13 14 15 16,0
81800,'1PUBCUT-Weekday1111000',1548,,68943,18,0,12 13 14 15 16,0
81801,'Weekday',815,,68944,19,0,12 13 14 15 16,0
81801,'1PUBCUT-Weekday',815,,68945,19,0,12 13 14 15 16,0
