1901,'Saturday',656,,3545,58,,,0,75,,3537,58,,,0,75,,3553,58,,,0,35,,3561,58,,,0,75,,3546,58,,,0,35,,3538,58,,,0,75,,3554,58,,,0,75,,3562,58,,,0,35,,3547,58,,,0,75,,3539,58,,,0,35,,3555,58,,,0,74,,3563,58,,,0,35,,3548,58,,,0,68,,3540,58,,,0,24,,3568,58,,,0,68,,3557,58,,,0,28,,3564,58,,,0,68,,3549,58,,,0,28,,3541,58,,,0,68,,3569,58,,,0,28,,3556,58,,,0,68,,3565,58,,,0,28,,3550,58,,,0,28,,3542,58,,,0,68,,3570,58,,,0,23,,3559,58,,,0,73,,3567,58,,,0,35,,3551,58,,,0,75,,3543,58,,,0,75,,3560,58,,,0,35,,3566,58,,,0,75,,3552,58,,,0,35,,3544,58,,,0
1901,'Sunday',656,,3579,58,,,0,75,,3571,58,,,0,75,,3587,58,,,0,35,,3595,58,,,0,75,,3580,58,,,0,35,,3572,58,,,0,75,,3588,58,,,0,75,,3596,58,,,0,35,,3581,58,,,0,75,,3573,58,,,0,35,,3589,58,,,0,74,,3598,58,,,0,35,,3583,58,,,0,68,,3574,58,,,0,24,,3602,58,,,0,68,,3590,58,,,0,28,,3597,58,,,0,68,,3585,58,,,0,28,,3575,58,,,0,68,,3603,58,,,0,28,,3591,58,,,0,68,,3599,58,,,0,28,,3584,58,,,0,28,,3576,58,,,0,68,,3604,58,,,0,23,,3592,58,,,0,73,,3600,58,,,0,35,,3582,58,,,0,75,,3577,58,,,0,75,,3593,58,,,0,35,,3601,58,,,0,75,,3586,58,,,0,35,,3578,58,,,0
1901,'Weekday',538,,3641,17,,,0,64,,3608,58,,,0,34,,3616,58,,,0,64,,3624,58,,,0,32,,3632,58,,,0,72,,3642,58,,,0,27,,3609,58,,,0,76,,3617,58,,,0,29,,3625,58,,,0,74,,3633,58,,,0,33,,3643,58,,,0,72,,3610,58,,,0,32,,3618,58,,,0,72,,3626,58,,,0,8,,3605,17,,,0,24,,3634,58,,,0,72,,3644,58,,,0,32,,3611,58,,,0,72,,3619,58,,,0,28,,3607,58,,,0,3,,3606,17,,,0,45,,3627,58,,,0,32,,3636,58,,,0,72,,3645,58,,,0,31,,3612,58,,,0,71,,3620,58,,,0,32,,3628,58,,,0,71,,3635,58,,,0,24,,3646,58,,,0,69,,3613,58,,,0,30,,3621,58,,,0,70,,3629,58,,,0,30,,3637,58,,,0,70,,3647,58,,,0,30,,3614,58,,,0,70,,3622,58,,,0,26,,3630,58,,,0,28,,3638,58,,,0,70,,3648,58,,,0,30,,3615,58,,,0,70,,3623,58,,,0,30,,3631,58,,,0,70,,3639,58,,,0,30,,3640,58,,,0
1901,'Weekday0000100',1206,,3649,17,,,0
6501,'Saturday',638,,9702,3,,,0,83,,9715,3,,,0,80,,9703,3,,,0,40,,9716,3,,,0,80,,9704,3,,,0,80,,9718,3,,,0,40,,9705,3,,,0,80,,9717,3,,,0,80,,9707,3,,,0,40,,9719,3,,,0,80,,9706,3,,,0,80,,9720,3,,,0,40,,9708,3,,,0,80,,9721,3,,,0,80,,9709,3,,,0,40,,9723,3,,,0,80,,9710,3,,,0,80,,9724,3,,,0,40,,9711,3,,,0,80,,9722,3,,,0,80,,9712,3,,,0,40,,9726,3,,,0,80,,9713,3,,,0,80,,9725,3,,,0,40,,9714,3,,,0
6501,'Sunday',638,,9727,3,,,0,83,,9739,3,,,0,80,,9728,3,,,0,40,,9742,3,,,0,80,,9729,3,,,0,80,,9741,3,,,0,40,,9730,3,,,0,80,,9743,3,,,0,80,,9731,3,,,0,40,,9745,3,,,0,80,,9732,3,,,0,80,,9744,3,,,0,40,,9734,3,,,0,80,,9746,3,,,0,80,,9733,3,,,0,40,,9747,3,,,0,80,,9735,3,,,0,80,,9748,3,,,0,40,,9736,3,,,0,80,,9749,3,,,0,80,,9737,3,,,0,40,,9751,3,,,0,80,,9738,3,,,0,80,,9750,3,,,0,40,,9740,3,,,0
6501,'Weekday',506,,9777,3,,,0,18,,9752,3,,,0,24,,9765,3,,,0,64,,9755,3,,,0,24,,9779,3,,,0,64,,9753,3,,,0,24,,9766,3,,,0,24,,9756,3,,,0,64,,9778,3,,,0,24,,9754,3,,,0,22,,9767,3,,,0,83,,9780,3,,,0,83,,9768,3,,,0,83,,9781,3,,,0,43,,9769,3,,,0,83,,9782,3,,,0,19,,9757,3,,,0,64,,9770,3,,,0,27,,9761,3,,,0,16,,9783,3,,,0,70,,9758,3,,,0,23,,9771,3,,,0,64,,9762,3,,,0,24,,9784,3,,,0,64,,9759,3,,,0,24,,9772,3,,,0,24,,9763,3,,,0,64,,9786,3,,,0,24,,9760,3,,,0,64,,9773,3,,,0,24,,9764,3,,,0,24,,9785,3,,,0,83,,9775,3,,,0,83,,9787,3,,,0,83,,9774,3,,,0,43,,9788,3,,,0,83,,9776,3,,,0,83,,9789,3,,,0
42200,'Saturday',625,,23586,6,,,0,100,,23587,6,,,0,100,,23588,6,,,0,100,,23589,6,,,0,100,,23590,6,,,0,100,,23591,6,,,0,100,,23592,6,,,0,100,,23594,6,,,0,100,,23593,6,,,0,100,,23595,6,,,0,100,,23596,6,,,0,100,,23597,6,,,0,100,,23598,6,,,0
42200,'Sunday',625,,23599,6,,,0,100,,23600,6,,,0,100,,23601,6,,,0,100,,23602,6,,,0,100,,23603,6,,,0,100,,23604,6,,,0,100,,23605,6,,,0,100,,23606,6,,,0,100,,23607,6,,,0,100,,23608,6,,,0,100,,23609,6,,,0,100,,23610,6,,,0,100,,23611,6,,,0
42200,'Weekday',624,,23612,6,,,0,30,,23630,6,,,0,70,,23613,6,,,0,30,,23634,6,,,0,70,,23614,6,,,0,30,,23635,6,,,0,70,,23615,6,,,0,30,,23632,6,,,0,70,,23616,6,,,0,30,,23633,6,,,0,70,,23617,6,,,0,30,,23636,6,,,0,70,,23618,6,,,0,30,,23629,6,,,0,70,,23619,6,,,0,30,,23638,6,,,0,70,,23620,6,,,0,79,,23637,6,,,0,21,,23621,6,,,0,30,,23631,6,,,0,70,,23623,6,,,0,30,,23639,6,,,0,70,,23622,6,,,0,30,,23628,6,,,0,70,,23626,6,,,0,99,,23625,6,,,0,100,,23624,6,,,0,100,,23627,6,,,0
