2601,'Saturday',616,,84745,19,,,0,85,,84735,19,,,0,45,,84743,19,,,0,85,,84738,19,,,0,86,,84746,19,,,0,86,,84734,19,,,0,45,,84747,19,,,0,85,,84740,19,,,0,85,,84748,19,,,0,85,,84736,19,,,0,45,,84749,19,,,0,84,,84737,19,,,0,85,,84750,19,,,0,85,,84739,19,,,0,45,,84751,19,,,0,85,,84741,19,,,0,85,,84753,19,,,0,85,,84742,19,,,0,45,,84752,19,,,0,85,,84744,19,,,0
2601,'Sunday',616,,84764,19,,,0,85,,84754,19,,,0,45,,84765,19,,,0,85,,84755,19,,,0,86,,84766,19,,,0,86,,84756,19,,,0,45,,84767,19,,,0,85,,84757,19,,,0,85,,84768,19,,,0,85,,84758,19,,,0,45,,84769,19,,,0,84,,84759,19,,,0,85,,84770,19,,,0,85,,84761,19,,,0,45,,84771,19,,,0,85,,84760,19,,,0,85,,84772,19,,,0,85,,84762,19,,,0,45,,84773,19,,,0,85,,84763,19,,,0
2601,'Weekday',627,,84774,19,,,0,75,,84775,19,,,0,29,,84776,19,,,0,72,,84777,19,,,0,32,,84778,19,,,0,69,,84780,19,,,0,29,,84781,19,,,0,70,,84782,19,,,0,30,,84779,19,,,0,70,,84783,19,,,0,30,,84784,19,,,0,70,,84785,19,,,0,30,,84786,19,,,0,70,,84787,19,,,0,30,,84788,19,,,0,70,,84789,19,,,0,30,,84790,19,,,0,72,,84791,19,,,0,32,,84792,19,,,0,72,,84793,19,,,0,32,,84794,19,,,0,72,,84795,19,,,0,32,,84796,19,,,0,70,,84797,19,,,0,31,,84798,19,,,0,69,,84803,19,,,0,30,,84801,19,,,0,70,,84804,19,,,0,30,,84805,19,,,0,69,,84802,19,,,0,29,,84799,19,,,0,70,,84800,19,,,0
2601,'STMPSa-Saturday',616,,84817,19,,,0,85,,84807,19,,,0,45,,84815,19,,,0,85,,84810,19,,,0,86,,84818,19,,,0,86,,84806,19,,,0,45,,84819,19,,,0,85,,84812,19,,,0,85,,84820,19,,,0,85,,84808,19,,,0,45,,84821,19,,,0,84,,84809,19,,,0,85,,84822,19,,,0,85,,84811,19,,,0,45,,84823,19,,,0,85,,84813,19,,,0,85,,84825,19,,,0,85,,84814,19,,,0,45,,84824,19,,,0,85,,84816,19,,,0
2601,'STMPSnea-Weekday',627,,84826,19,,,0,75,,84827,19,,,0,29,,84828,19,,,0,72,,84829,19,,,0,32,,84830,19,,,0,69,,84832,19,,,0,29,,84833,19,,,0,70,,84834,19,,,0,30,,84831,19,,,0,70,,84835,19,,,0,30,,84836,19,,,0,70,,84837,19,,,0,30,,84838,19,,,0,70,,84839,19,,,0,30,,84840,19,,,0,70,,84841,19,,,0,30,,84842,19,,,0,72,,84843,19,,,0,32,,84844,19,,,0,72,,84845,19,,,0,32,,84846,19,,,0,72,,84847,19,,,0,32,,84848,19,,,0,70,,84849,19,,,0,31,,84850,19,,,0,69,,84855,19,,,0,30,,84853,19,,,0,70,,84856,19,,,0,30,,84857,19,,,0,69,,84854,19,,,0,29,,84851,19,,,0,70,,84852,19,,,0
2601,'STMPSu1-Sunday',616,,84868,19,,,0,85,,84858,19,,,0,45,,84869,19,,,0,85,,84859,19,,,0,86,,84870,19,,,0,86,,84860,19,,,0,45,,84871,19,,,0,85,,84861,19,,,0,85,,84872,19,,,0,85,,84863,19,,,0,45,,84873,19,,,0,84,,84864,19,,,0,85,,84874,19,,,0,85,,84865,19,,,0,45,,84875,19,,,0,85,,84862,19,,,0,85,,84876,19,,,0,85,,84866,19,,,0,45,,84877,19,,,0,85,,84867,19,,,0
2601,'STMPSu2-Sunday',616,,84888,19,,,0,85,,84878,19,,,0,45,,84889,19,,,0,85,,84879,19,,,0,86,,84890,19,,,0,86,,84880,19,,,0,45,,84891,19,,,0,85,,84881,19,,,0,85,,84892,19,,,0,85,,84882,19,,,0,45,,84893,19,,,0,84,,84883,19,,,0,85,,84894,19,,,0,85,,84885,19,,,0,45,,84895,19,,,0,85,,84884,19,,,0,85,,84896,19,,,0,85,,84886,19,,,0,45,,84897,19,,,0,85,,84887,19,,,0
2601,'STMPWeek-Weekday',627,,84898,19,,,0,75,,84899,19,,,0,29,,84900,19,,,0,72,,84901,19,,,0,32,,84902,19,,,0,69,,84904,19,,,0,29,,84905,19,,,0,70,,84906,19,,,0,30,,84903,19,,,0,70,,84907,19,,,0,30,,84908,19,,,0,70,,84909,19,,,0,30,,84910,19,,,0,70,,84911,19,,,0,30,,84912,19,,,0,70,,84913,19,,,0,30,,84914,19,,,0,72,,84915,19,,,0,32,,84916,19,,,0,72,,84917,19,,,0,32,,84918,19,,,0,72,,84919,19,,,0,32,,84920,19,,,0,70,,84921,19,,,0,31,,84922,19,,,0,69,,84927,19,,,0,30,,84925,19,,,0,70,,84928,19,,,0,30,,84929,19,,,0,69,,84926,19,,,0,29,,84923,19,,,0,70,,84924,19,,,0
2601,'STMPar-Weekday',627,,84930,19,,,0,75,,84931,19,,,0,29,,84932,19,,,0,72,,84933,19,,,0,32,,84934,19,,,0,69,,84936,19,,,0,29,,84937,19,,,0,70,,84938,19,,,0,30,,84935,19,,,0,70,,84939,19,,,0,30,,84940,19,,,0,70,,84941,19,,,0,30,,84942,19,,,0,70,,84943,19,,,0,30,,84944,19,,,0,70,,84945,19,,,0,30,,84946,19,,,0,72,,84947,19,,,0,32,,84948,19,,,0,72,,84949,19,,,0,32,,84950,19,,,0,72,,84951,19,,,0,32,,84952,19,,,0,70,,84953,19,,,0,31,,84954,19,,,0,69,,84959,19,,,0,30,,84957,19,,,0,70,,84960,19,,,0,30,,84961,19,,,0,69,,84958,19,,,0,29,,84955,19,,,0,70,,84956,19,,,0
4000,'Saturday',814,,89771,17,,,0,35,,89772,17,,,0,75,,89770,17,,,0,35,,89773,17,,,0,75,,89774,17,,,0,75,,89775,17,,,0,35,,89776,17,,,0,75,,89777,17,,,0,35,,89780,17,,,0,75,,89781,17,,,0,75,,89778,17,,,0,35,,89779,17,,,0,75,,89782,17,,,0,35,,89783,17,,,0,75,,89784,17,,,0,35,,89785,17,,,0,75,,89786,17,,,0,75,,89787,17,,,0,35,,89788,17,,,0
4000,'Sunday',814,,89789,17,,,0,35,,89790,17,,,0,75,,89792,17,,,0,35,,89793,17,,,0,75,,89794,17,,,0,75,,89791,17,,,0,35,,89795,17,,,0,75,,89796,17,,,0,35,,89797,17,,,0,75,,89798,17,,,0,75,,89799,17,,,0,35,,89801,17,,,0,75,,89802,17,,,0,35,,89803,17,,,0,75,,89800,17,,,0,35,,89804,17,,,0,75,,89805,17,,,0,75,,89806,17,,,0,35,,89807,17,,,0
4000,'Weekday',625,,89824,17,,,0,75,,89818,17,,,0,35,,89831,17,,,0,75,,89825,17,,,0,35,,89819,17,,,0,75,,89832,17,,,0,35,,89826,17,,,0,75,,89820,17,,,0,75,,89833,17,,,0,35,,89827,17,,,0,75,,89821,17,,,0,35,,89834,17,,,0,75,,89828,17,,,0,75,,89822,17,,,0,37,,89835,17,,,0,76,,89829,17,,,0,39,,89823,17,,,0,78,,89836,17,,,0,77,,89830,17,,,0,38,,89808,17,,,0,73,,89815,17,,,0,33,,89812,17,,,0,72,,89809,17,,,0,32,,89816,17,,,0,73,,89813,17,,,0,74,,89810,17,,,0,35,,89817,17,,,0,75,,89814,17,,,0,31,,89811,17,,,0
4000,'STMPSa-Saturday',814,,89838,17,,,0,35,,89839,17,,,0,75,,89837,17,,,0,35,,89840,17,,,0,75,,89841,17,,,0,75,,89842,17,,,0,35,,89843,17,,,0,75,,89844,17,,,0,35,,89847,17,,,0,75,,89848,17,,,0,75,,89845,17,,,0,35,,89846,17,,,0,75,,89849,17,,,0,35,,89850,17,,,0,75,,89851,17,,,0,35,,89852,17,,,0,75,,89853,17,,,0,75,,89854,17,,,0,35,,89855,17,,,0
4000,'STMPSnea-Weekday',625,,89872,17,,,0,75,,89866,17,,,0,35,,89879,17,,,0,75,,89873,17,,,0,35,,89867,17,,,0,75,,89880,17,,,0,35,,89874,17,,,0,75,,89868,17,,,0,75,,89881,17,,,0,35,,89875,17,,,0,75,,89869,17,,,0,35,,89882,17,,,0,75,,89876,17,,,0,75,,89870,17,,,0,37,,89883,17,,,0,76,,89877,17,,,0,39,,89871,17,,,0,78,,89884,17,,,0,77,,89878,17,,,0,38,,89856,17,,,0,73,,89863,17,,,0,33,,89860,17,,,0,72,,89857,17,,,0,32,,89864,17,,,0,73,,89861,17,,,0,74,,89858,17,,,0,35,,89865,17,,,0,75,,89862,17,,,0,31,,89859,17,,,0
4000,'STMPSu1-Sunday',814,,89885,17,,,0,35,,89886,17,,,0,75,,89888,17,,,0,35,,89889,17,,,0,75,,89890,17,,,0,75,,89887,17,,,0,35,,89891,17,,,0,75,,89892,17,,,0,35,,89893,17,,,0,75,,89894,17,,,0,75,,89895,17,,,0,35,,89897,17,,,0,75,,89898,17,,,0,35,,89899,17,,,0,75,,89896,17,,,0,35,,89900,17,,,0,75,,89901,17,,,0,75,,89902,17,,,0,35,,89903,17,,,0
4000,'STMPSu2-Sunday',814,,89904,17,,,0,35,,89905,17,,,0,75,,89907,17,,,0,35,,89908,17,,,0,75,,89909,17,,,0,75,,89906,17,,,0,35,,89910,17,,,0,75,,89911,17,,,0,35,,89912,17,,,0,75,,89913,17,,,0,75,,89914,17,,,0,35,,89916,17,,,0,75,,89917,17,,,0,35,,89918,17,,,0,75,,89915,17,,,0,35,,89919,17,,,0,75,,89920,17,,,0,75,,89921,17,,,0,35,,89922,17,,,0
4000,'STMPWeek-Weekday',625,,89939,17,,,0,75,,89933,17,,,0,35,,89946,17,,,0,75,,89940,17,,,0,35,,89934,17,,,0,75,,89947,17,,,0,35,,89941,17,,,0,75,,89935,17,,,0,75,,89948,17,,,0,35,,89942,17,,,0,75,,89936,17,,,0,35,,89949,17,,,0,75,,89943,17,,,0,75,,89937,17,,,0,37,,89950,17,,,0,76,,89944,17,,,0,39,,89938,17,,,0,78,,89951,17,,,0,77,,89945,17,,,0,38,,89923,17,,,0,73,,89930,17,,,0,33,,89927,17,,,0,72,,89924,17,,,0,32,,89931,17,,,0,73,,89928,17,,,0,74,,89925,17,,,0,35,,89932,17,,,0,75,,89929,17,,,0,31,,89926,17,,,0
4000,'STMPar-Weekday',625,,89968,17,,,0,75,,89962,17,,,0,35,,89975,17,,,0,75,,89969,17,,,0,35,,89963,17,,,0,75,,89976,17,,,0,35,,89971,17,,,0,75,,89964,17,,,0,75,,89977,17,,,0,35,,89970,17,,,0,75,,89965,17,,,0,35,,89978,17,,,0,75,,89972,17,,,0,75,,89966,17,,,0,37,,89979,17,,,0,76,,89973,17,,,0,39,,89967,17,,,0,78,,89980,17,,,0,77,,89974,17,,,0,38,,89952,17,,,0,73,,89959,17,,,0,33,,89956,17,,,0,72,,89953,17,,,0,32,,89960,17,,,0,73,,89957,17,,,0,74,,89954,17,,,0,35,,89961,17,,,0,75,,89958,17,,,0,31,,89955,17,,,0
