1700,'Saturday',620,,79475,4,,,0,85,,79477,4,,,0,45,,79479,4,,,0,85,,79480,4,,,0,85,,79481,4,,,0,85,,79476,4,,,0,45,,79478,4,,,0,85,,79482,4,,,0,85,,79483,4,,,0,85,,79485,4,,,0,45,,79486,4,,,0,85,,79487,4,,,0,85,,79484,4,,,0,85,,79490,4,,,0,45,,79491,4,,,0,85,,79488,4,,,0,85,,79489,4,0,43 44,0,85,,79492,4,0,43 44,0
1700,'Sunday',750,,79497,4,,,0,85,,79499,4,,,0,85,,79500,4,,,0,85,,79495,4,,,0,45,,79496,4,,,0,85,,79498,4,,,0,85,,79501,4,,,0,85,,79503,4,,,0,45,,79504,4,,,0,85,,79505,4,,,0,85,,79502,4,,,0,85,,79506,4,,,0,45,,79507,4,,,0,85,,79508,4,,,0,85,,79509,4,0,43 44,0,85,,79510,4,0,43 44,0
1700,'Weekday',549,,79539,4,,,0,72,,79515,4,,,0,32,,79527,4,,,0,72,,79537,4,,,0,32,,79516,4,,,0,72,,79528,4,,,0,72,,79540,4,,,0,32,,79517,4,,,0,72,,79529,4,,,0,32,,79541,4,,,0,72,,79519,4,,,0,32,,79530,4,,,0,72,,79542,4,,,0,32,,79518,4,,,0,72,,79531,4,,,0,32,,79543,4,,,0,72,,79520,4,,,0,32,,79532,4,,,0,72,,79544,4,,,0,32,,79521,4,,,0,72,,79533,4,,,0,72,,79545,4,,,0,32,,79522,4,,,0,72,,79534,4,,,0,32,,79546,4,,,0,72,,79523,4,,,0,32,,79535,4,,,0,72,,79548,4,,,0,32,,79524,4,,,0,72,,79536,4,,,0,32,,79547,4,,,0,72,,79525,4,,,0,32,,79538,4,,,0,72,,79514,4,,,0
1700,'STMPSa-Saturday',620,,79549,4,,,0,85,,79551,4,,,0,45,,79553,4,,,0,85,,79554,4,,,0,85,,79555,4,,,0,85,,79550,4,,,0,45,,79552,4,,,0,85,,79556,4,,,0,85,,79557,4,,,0,85,,79559,4,,,0,45,,79560,4,,,0,85,,79561,4,,,0,85,,79558,4,,,0,85,,79564,4,,,0,45,,79565,4,,,0,85,,79562,4,,,0,85,,79563,4,0,43 44,0,85,,79566,4,0,43 44,0
1700,'STMPSnea-Weekday',549,,79595,4,,,0,72,,79571,4,,,0,32,,79583,4,,,0,72,,79593,4,,,0,32,,79572,4,,,0,72,,79584,4,,,0,72,,79596,4,,,0,32,,79573,4,,,0,72,,79585,4,,,0,32,,79597,4,,,0,72,,79575,4,,,0,32,,79586,4,,,0,72,,79598,4,,,0,32,,79574,4,,,0,72,,79587,4,,,0,32,,79599,4,,,0,72,,79576,4,,,0,32,,79588,4,,,0,72,,79600,4,,,0,32,,79577,4,,,0,72,,79589,4,,,0,72,,79601,4,,,0,32,,79578,4,,,0,72,,79590,4,,,0,32,,79602,4,,,0,72,,79579,4,,,0,32,,79591,4,,,0,72,,79604,4,,,0,32,,79580,4,,,0,72,,79592,4,,,0,32,,79603,4,,,0,72,,79581,4,,,0,32,,79594,4,,,0,72,,79570,4,,,0
1700,'STMPSu1-Sunday',750,,79607,4,,,0,85,,79609,4,,,0,85,,79610,4,,,0,85,,79605,4,,,0,45,,79606,4,,,0,85,,79608,4,,,0,85,,79611,4,,,0,85,,79612,4,,,0,45,,79614,4,,,0,85,,79615,4,,,0,85,,79613,4,,,0,85,,79616,4,,,0,45,,79617,4,,,0,85,,79618,4,,,0,85,,79619,4,0,43 44,0,85,,79620,4,0,43 44,0
1700,'STMPSu2-Sunday',750,,79625,4,,,0,85,,79627,4,,,0,85,,79628,4,,,0,85,,79623,4,,,0,45,,79624,4,,,0,85,,79626,4,,,0,85,,79629,4,,,0,85,,79631,4,,,0,45,,79632,4,,,0,85,,79633,4,,,0,85,,79630,4,,,0,85,,79634,4,,,0,45,,79635,4,,,0,85,,79636,4,,,0,85,,79637,4,0,43 44,0,85,,79638,4,0,43 44,0
1700,'STMPWeek-Weekday',549,,79667,4,,,0,72,,79643,4,,,0,32,,79655,4,,,0,72,,79665,4,,,0,32,,79644,4,,,0,72,,79656,4,,,0,72,,79668,4,,,0,32,,79645,4,,,0,72,,79657,4,,,0,32,,79669,4,,,0,72,,79647,4,,,0,32,,79658,4,,,0,72,,79670,4,,,0,32,,79646,4,,,0,72,,79659,4,,,0,32,,79671,4,,,0,72,,79648,4,,,0,32,,79660,4,,,0,72,,79672,4,,,0,32,,79649,4,,,0,72,,79661,4,,,0,72,,79673,4,,,0,32,,79650,4,,,0,72,,79662,4,,,0,32,,79674,4,,,0,72,,79651,4,,,0,32,,79663,4,,,0,72,,79676,4,,,0,32,,79652,4,,,0,72,,79664,4,,,0,32,,79675,4,,,0,72,,79653,4,,,0,32,,79666,4,,,0,72,,79642,4,,,0
1700,'STMPar-Weekday',549,,79703,4,,,0,72,,79679,4,,,0,32,,79691,4,,,0,72,,79701,4,,,0,32,,79680,4,,,0,72,,79692,4,,,0,72,,79704,4,,,0,32,,79681,4,,,0,72,,79693,4,,,0,32,,79705,4,,,0,72,,79683,4,,,0,32,,79694,4,,,0,72,,79706,4,,,0,32,,79682,4,,,0,72,,79695,4,,,0,32,,79707,4,,,0,72,,79684,4,,,0,32,,79696,4,,,0,72,,79708,4,,,0,32,,79685,4,,,0,72,,79697,4,,,0,72,,79709,4,,,0,32,,79686,4,,,0,72,,79698,4,,,0,32,,79710,4,,,0,72,,79687,4,,,0,32,,79699,4,,,0,72,,79712,4,,,0,32,,79688,4,,,0,72,,79700,4,,,0,32,,79711,4,,,0,72,,79689,4,,,0,32,,79702,4,,,0,72,,79678,4,,,0
2401,'Saturday',637,,84187,18,,,0,70,,84198,18,,,0,30,,84207,18,,,0,70,,84189,18,,,0,30,,84197,18,,,0,70,,84209,18,,,0,30,,84188,18,,,0,70,,84199,18,,,0,30,,84210,18,,,0,70,,84186,18,,,0,30,,84201,18,,,0,70,,84212,18,,,0,30,,84190,18,,,0,70,,84202,18,,,0,30,,84213,18,,,0,70,,84191,18,,,0,30,,84200,18,,,0,70,,84211,18,,,0,30,,84192,18,,,0,70,,84203,18,,,0,30,,84215,18,,,0,70,,84193,18,,,0,30,,84205,18,,,0,70,,84214,18,,,0,30,,84194,18,,,0,70,,84204,18,,,0,30,,84216,18,,,0,70,,84195,18,,,0,30,,84206,18,,,0,70,,84217,18,,,0,30,,84196,18,,,0,70,,84208,18,,,0
2401,'Sunday',637,,84218,18,,,0,70,,84228,18,,,0,30,,84239,18,,,0,70,,84219,18,,,0,30,,84230,18,,,0,70,,84241,18,,,0,30,,84220,18,,,0,70,,84232,18,,,0,30,,84242,18,,,0,70,,84221,18,,,0,30,,84231,18,,,0,70,,84243,18,,,0,30,,84222,18,,,0,70,,84233,18,,,0,30,,84244,18,,,0,70,,84223,18,,,0,30,,84234,18,,,0,70,,84245,18,,,0,30,,84226,18,,,0,70,,84235,18,,,0,30,,84246,18,,,0,70,,84224,18,,,0,30,,84236,18,,,0,70,,84248,18,,,0,30,,84227,18,,,0,70,,84238,18,,,0,30,,84247,18,,,0,70,,84225,18,,,0,30,,84237,18,,,0,70,,84249,18,,,0,30,,84229,18,,,0,70,,84240,18,,,0
2401,'Weekday',550,,84271,18,,,0,80,,84280,18,,,0,73,,84250,18,,,0,30,,84272,18,,,0,70,,84282,18,,,0,30,,84251,18,,,0,69,,84273,18,,,0,28,,84283,18,,,0,70,,84252,18,,,0,30,,84275,18,,,0,70,,84284,18,,,0,30,,84253,18,,,0,70,,84274,18,,,0,30,,84281,18,,,0,70,,84254,18,,,0,30,,84277,18,,,0,70,,84285,18,,,0,30,,84256,18,,,0,70,,84276,18,,,0,34,,84286,18,,,0,70,,84255,18,,,0,30,,84278,18,,,0,70,,84287,18,,,0,29,,84257,18,,,0,70,,84279,18,,,0,30,,84262,18,,,0,67,,84258,18,,,0,30,,84266,18,,,0,70,,84263,18,,,0,30,,84259,18,,,0,70,,84268,18,,,0,30,,84264,18,,,0,70,,84260,18,,,0,30,,84269,18,,,0,28,,84265,18,,,0,70,,84261,18,,,0,30,,84270,18,,,0,75,,84267,18,,,0
2401,'STMPSa-Saturday',637,,84289,18,,,0,70,,84300,18,,,0,30,,84309,18,,,0,70,,84291,18,,,0,30,,84299,18,,,0,70,,84310,18,,,0,30,,84290,18,,,0,70,,84301,18,,,0,30,,84312,18,,,0,70,,84288,18,,,0,30,,84303,18,,,0,70,,84314,18,,,0,30,,84292,18,,,0,70,,84304,18,,,0,30,,84315,18,,,0,70,,84293,18,,,0,30,,84302,18,,,0,70,,84313,18,,,0,30,,84294,18,,,0,70,,84305,18,,,0,30,,84317,18,,,0,70,,84295,18,,,0,30,,84307,18,,,0,70,,84316,18,,,0,30,,84296,18,,,0,70,,84306,18,,,0,30,,84318,18,,,0,70,,84297,18,,,0,30,,84308,18,,,0,70,,84319,18,,,0,30,,84298,18,,,0,70,,84311,18,,,0
2401,'STMPSnea-Weekday',550,,84341,18,,,0,80,,84350,18,,,0,73,,84320,18,,,0,30,,84342,18,,,0,70,,84352,18,,,0,30,,84321,18,,,0,69,,84343,18,,,0,28,,84353,18,,,0,70,,84322,18,,,0,30,,84345,18,,,0,70,,84354,18,,,0,30,,84323,18,,,0,70,,84344,18,,,0,30,,84351,18,,,0,70,,84324,18,,,0,30,,84347,18,,,0,70,,84355,18,,,0,30,,84326,18,,,0,70,,84346,18,,,0,34,,84356,18,,,0,70,,84325,18,,,0,30,,84348,18,,,0,70,,84357,18,,,0,29,,84327,18,,,0,70,,84349,18,,,0,30,,84332,18,,,0,67,,84328,18,,,0,30,,84336,18,,,0,70,,84333,18,,,0,30,,84329,18,,,0,70,,84338,18,,,0,30,,84334,18,,,0,70,,84330,18,,,0,30,,84339,18,,,0,28,,84335,18,,,0,70,,84331,18,,,0,30,,84340,18,,,0,75,,84337,18,,,0
2401,'STMPSu1-Sunday',637,,84358,18,,,0,70,,84368,18,,,0,30,,84379,18,,,0,70,,84359,18,,,0,30,,84370,18,,,0,70,,84381,18,,,0,30,,84360,18,,,0,70,,84372,18,,,0,30,,84382,18,,,0,70,,84361,18,,,0,30,,84371,18,,,0,70,,84383,18,,,0,30,,84362,18,,,0,70,,84373,18,,,0,30,,84384,18,,,0,70,,84363,18,,,0,30,,84374,18,,,0,70,,84385,18,,,0,30,,84366,18,,,0,70,,84375,18,,,0,30,,84386,18,,,0,70,,84364,18,,,0,30,,84376,18,,,0,70,,84388,18,,,0,30,,84367,18,,,0,70,,84378,18,,,0,30,,84387,18,,,0,70,,84365,18,,,0,30,,84377,18,,,0,70,,84389,18,,,0,30,,84369,18,,,0,70,,84380,18,,,0
2401,'STMPSu2-Sunday',637,,84390,18,,,0,70,,84400,18,,,0,30,,84411,18,,,0,70,,84391,18,,,0,30,,84402,18,,,0,70,,84413,18,,,0,30,,84392,18,,,0,70,,84404,18,,,0,30,,84414,18,,,0,70,,84393,18,,,0,30,,84403,18,,,0,70,,84415,18,,,0,30,,84394,18,,,0,70,,84405,18,,,0,30,,84416,18,,,0,70,,84395,18,,,0,30,,84406,18,,,0,70,,84417,18,,,0,30,,84398,18,,,0,70,,84407,18,,,0,30,,84418,18,,,0,70,,84396,18,,,0,30,,84408,18,,,0,70,,84420,18,,,0,30,,84399,18,,,0,70,,84410,18,,,0,30,,84419,18,,,0,70,,84397,18,,,0,30,,84409,18,,,0,70,,84421,18,,,0,30,,84401,18,,,0,70,,84412,18,,,0
2401,'STMPWeek-Weekday',550,,84443,18,,,0,80,,84452,18,,,0,73,,84422,18,,,0,30,,84444,18,,,0,70,,84454,18,,,0,30,,84423,18,,,0,69,,84445,18,,,0,28,,84455,18,,,0,70,,84424,18,,,0,30,,84447,18,,,0,70,,84456,18,,,0,30,,84425,18,,,0,70,,84446,18,,,0,30,,84453,18,,,0,70,,84426,18,,,0,30,,84449,18,,,0,70,,84457,18,,,0,30,,84428,18,,,0,70,,84448,18,,,0,34,,84458,18,,,0,70,,84427,18,,,0,30,,84450,18,,,0,70,,84459,18,,,0,29,,84429,18,,,0,70,,84451,18,,,0,30,,84434,18,,,0,67,,84430,18,,,0,30,,84438,18,,,0,70,,84435,18,,,0,30,,84431,18,,,0,70,,84440,18,,,0,30,,84436,18,,,0,70,,84432,18,,,0,30,,84441,18,,,0,28,,84437,18,,,0,70,,84433,18,,,0,30,,84442,18,,,0,75,,84439,18,,,0
2401,'STMPar-Weekday',550,,84481,18,,,0,80,,84490,18,,,0,73,,84460,18,,,0,30,,84482,18,,,0,70,,84492,18,,,0,30,,84461,18,,,0,69,,84483,18,,,0,28,,84493,18,,,0,70,,84462,18,,,0,30,,84485,18,,,0,70,,84494,18,,,0,30,,84464,18,,,0,70,,84484,18,,,0,30,,84491,18,,,0,70,,84465,18,,,0,30,,84487,18,,,0,70,,84495,18,,,0,30,,84466,18,,,0,70,,84486,18,,,0,34,,84496,18,,,0,70,,84463,18,,,0,30,,84488,18,,,0,70,,84497,18,,,0,29,,84467,18,,,0,70,,84489,18,,,0,30,,84472,18,,,0,67,,84468,18,,,0,30,,84476,18,,,0,70,,84473,18,,,0,30,,84469,18,,,0,70,,84478,18,,,0,30,,84474,18,,,0,70,,84470,18,,,0,30,,84479,18,,,0,28,,84475,18,,,0,70,,84471,18,,,0,30,,84480,18,,,0,75,,84477,18,,,0
