9800,'Saturday',543,,113073,5,,,0,77,,113074,5,,,0,35,,113075,5,,,0,75,,113077,5,,,0,75,,113078,5,,,0,35,,113076,5,,,0,75,,113079,5,,,0,35,,113080,5,,,0,75,,113081,5,,,0,75,,113082,5,,,0,35,,113083,5,,,0,75,,113084,5,,,0,35,,113085,5,,,0,75,,113086,5,,,0,35,,113087,5,,,0,75,,113088,5,,,0,75,,113089,5,,,0,35,,113090,5,,,0,75,,113091,5,,,0,35,,113092,5,,,0,75,,113093,5,,,0,75,,113094,5,,,0,35,,113095,5,,,0,75,,113096,5,,,0,35,,113097,5,,,0,75,,113098,5,,,0,35,,113099,5,,,0,75,,113100,5,,,0,75,,113101,5,,,0,35,,113102,5,,,0
9800,'Sunday',804,,113103,5,,,0,35,,113104,5,,,0,75,,113105,5,,,0,35,,113106,5,,,0,75,,113108,5,,,0,35,,113109,5,,,0,75,,113110,5,,,0,75,,113107,5,,,0,35,,113111,5,,,0,75,,113112,5,,,0,35,,113113,5,,,0,75,,113114,5,,,0,75,,113116,5,,,0,35,,113115,5,,,0,75,,113117,5,,,0,35,,113119,5,,,0,75,,113118,5,,,0,35,,113120,5,,,0,75,,113121,5,,,0,75,,113122,5,,,0,35,,113123,5,,,0,75,,113124,5,,,0,35,,113125,5,,,0,75,,113126,5,,,0,75,,113128,5,,,0,35,,113127,5,,,0
9800,'Weekday',500,,113130,5,,,0,33,,113147,5,,,0,73,,113131,5,,,0,33,,113148,5,,,0,73,,113132,5,,,0,33,,113149,5,,,0,73,,113133,5,,,0,33,,113150,5,,,0,73,,113134,5,,,0,33,,113151,5,,,0,73,,113135,5,,,0,73,,113152,5,,,0,33,,113136,5,,,0,73,,113153,5,,,0,33,,113137,5,,,0,73,,113154,5,,,0,33,,113138,5,,,0,73,,113155,5,,,0,33,,113139,5,,,0,74,,113156,5,,,0,17,,113129,5,,,0,56,,113140,5,,,0,33,,113157,5,,,0,73,,113141,5,,,0,33,,113158,5,,,0,72,,113142,5,,,0,33,,113159,5,,,0,73,,113143,5,,,0,33,,113160,5,,,0,73,,113144,5,,,0,33,,113161,5,,,0,73,,113145,5,,,0,73,,113162,5,,,0,33,,113146,5,,,0,73,,113163,5,,,0
9800,'STMPSa-Saturday',543,,113164,5,,,0,77,,113165,5,,,0,35,,113166,5,,,0,75,,113168,5,,,0,75,,113169,5,,,0,35,,113167,5,,,0,75,,113170,5,,,0,35,,113171,5,,,0,75,,113172,5,,,0,75,,113173,5,,,0,35,,113174,5,,,0,75,,113175,5,,,0,35,,113176,5,,,0,75,,113177,5,,,0,35,,113178,5,,,0,75,,113179,5,,,0,75,,113180,5,,,0,35,,113181,5,,,0,75,,113182,5,,,0,35,,113183,5,,,0,75,,113184,5,,,0,75,,113185,5,,,0,35,,113186,5,,,0,75,,113187,5,,,0,35,,113188,5,,,0,75,,113189,5,,,0,35,,113190,5,,,0,75,,113191,5,,,0,75,,113192,5,,,0,35,,113193,5,,,0
9800,'STMPSnea-Weekday',500,,113195,5,,,0,33,,113212,5,,,0,73,,113196,5,,,0,33,,113213,5,,,0,73,,113197,5,,,0,33,,113214,5,,,0,73,,113198,5,,,0,33,,113215,5,,,0,73,,113199,5,,,0,33,,113216,5,,,0,73,,113200,5,,,0,73,,113217,5,,,0,33,,113201,5,,,0,73,,113218,5,,,0,33,,113202,5,,,0,73,,113219,5,,,0,33,,113203,5,,,0,73,,113220,5,,,0,33,,113204,5,,,0,74,,113221,5,,,0,17,,113194,5,,,0,56,,113205,5,,,0,33,,113222,5,,,0,73,,113206,5,,,0,33,,113223,5,,,0,72,,113207,5,,,0,33,,113224,5,,,0,73,,113208,5,,,0,33,,113225,5,,,0,73,,113209,5,,,0,33,,113226,5,,,0,73,,113210,5,,,0,73,,113227,5,,,0,33,,113211,5,,,0,73,,113228,5,,,0
9800,'STMPSu1-Sunday',804,,113229,5,,,0,35,,113230,5,,,0,75,,113231,5,,,0,35,,113232,5,,,0,75,,113234,5,,,0,35,,113235,5,,,0,75,,113236,5,,,0,75,,113233,5,,,0,35,,113237,5,,,0,75,,113238,5,,,0,35,,113239,5,,,0,75,,113240,5,,,0,75,,113242,5,,,0,35,,113241,5,,,0,75,,113243,5,,,0,35,,113245,5,,,0,75,,113244,5,,,0,35,,113246,5,,,0,75,,113247,5,,,0,75,,113248,5,,,0,35,,113249,5,,,0,75,,113250,5,,,0,35,,113251,5,,,0,75,,113252,5,,,0,75,,113254,5,,,0,35,,113253,5,,,0
9800,'STMPSu2-Sunday',804,,113255,5,,,0,35,,113256,5,,,0,75,,113257,5,,,0,35,,113258,5,,,0,75,,113260,5,,,0,35,,113261,5,,,0,75,,113262,5,,,0,75,,113259,5,,,0,35,,113263,5,,,0,75,,113264,5,,,0,35,,113265,5,,,0,75,,113266,5,,,0,75,,113268,5,,,0,35,,113267,5,,,0,75,,113269,5,,,0,35,,113271,5,,,0,75,,113270,5,,,0,35,,113272,5,,,0,75,,113273,5,,,0,75,,113274,5,,,0,35,,113275,5,,,0,75,,113276,5,,,0,35,,113277,5,,,0,75,,113278,5,,,0,75,,113280,5,,,0,35,,113279,5,,,0
9800,'STMPWeek-Weekday',500,,113282,5,,,0,33,,113299,5,,,0,73,,113283,5,,,0,33,,113300,5,,,0,73,,113284,5,,,0,33,,113301,5,,,0,73,,113285,5,,,0,33,,113302,5,,,0,73,,113286,5,,,0,33,,113303,5,,,0,73,,113287,5,,,0,73,,113304,5,,,0,33,,113288,5,,,0,73,,113305,5,,,0,33,,113289,5,,,0,73,,113306,5,,,0,33,,113290,5,,,0,73,,113307,5,,,0,33,,113291,5,,,0,74,,113308,5,,,0,17,,113281,5,,,0,56,,113292,5,,,0,33,,113309,5,,,0,73,,113293,5,,,0,33,,113310,5,,,0,72,,113294,5,,,0,33,,113311,5,,,0,73,,113295,5,,,0,33,,113312,5,,,0,73,,113296,5,,,0,33,,113313,5,,,0,73,,113297,5,,,0,73,,113314,5,,,0,33,,113298,5,,,0,73,,113315,5,,,0
9800,'STMPar-Weekday',500,,113317,5,,,0,33,,113334,5,,,0,73,,113318,5,,,0,33,,113335,5,,,0,73,,113319,5,,,0,33,,113336,5,,,0,73,,113320,5,,,0,33,,113337,5,,,0,73,,113321,5,,,0,33,,113338,5,,,0,73,,113322,5,,,0,73,,113339,5,,,0,33,,113323,5,,,0,73,,113340,5,,,0,33,,113324,5,,,0,73,,113341,5,,,0,33,,113325,5,,,0,73,,113342,5,,,0,33,,113326,5,,,0,74,,113343,5,,,0,17,,113316,5,,,0,56,,113327,5,,,0,33,,113344,5,,,0,73,,113328,5,,,0,33,,113345,5,,,0,72,,113329,5,,,0,33,,113346,5,,,0,73,,113330,5,,,0,33,,113347,5,,,0,73,,113331,5,,,0,33,,113348,5,,,0,73,,113332,5,,,0,73,,113349,5,,,0,33,,113333,5,,,0,73,,113350,5,,,0
15601,'Saturday',610,,130313,5,,,0,33,,130314,5,,,0,73,,130315,5,,,0,33,,130316,5,,,0,73,,130317,5,,,0,33,,130318,5,,,0,73,,130319,5,,,0,73,,130320,5,,,0,33,,130321,5,,,0,73,,130323,5,,,0,33,,130322,5,,,0,73,,130325,5,,,0,33,,130326,5,,,0,73,,130324,5,,,0,33,,130327,5,,,0,73,,130328,5,,,0,33,,130329,5,,,0,73,,130330,5,,,0,73,,130331,5,,,0,33,,130332,5,,,0,73,,130333,5,,,0,33,,130334,5,,,0,73,,130335,5,,,0,33,,130336,5,,,0,73,,130337,5,,,0,33,,130338,5,,,0,73,,130339,5,,,0,73,,130340,5,,,0,33,,130341,5,,,0,73,,130342,5,,,0
15601,'Sunday',741,,130343,5,,,0,73,,130344,5,,,0,33,,130345,5,,,0,73,,130346,5,,,0,33,,130347,5,,,0,73,,130348,5,,,0,33,,130349,5,,,0,73,,130350,5,,,0,73,,130351,5,,,0,33,,130352,5,,,0,73,,130353,5,,,0,33,,130354,5,,,0,73,,130356,5,,,0,33,,130355,5,,,0,73,,130358,5,,,0,33,,130357,5,,,0,73,,130359,5,,,0,73,,130361,5,,,0,33,,130362,5,,,0,73,,130360,5,,,0,33,,130363,5,,,0,73,,130364,5,,,0,33,,130365,5,,,0,73,,130366,5,,,0,33,,130368,5,,,0,73,,130367,5,,,0,33,,130369,5,,,0
15601,'Weekday',508,,130387,5,,,0,33,,130370,5,,,0,73,,130388,5,,,0,33,,130371,5,,,0,73,,130389,5,,,0,33,,130372,5,,,0,69,,130390,5,,,0,37,,130373,5,,,0,73,,130391,5,,,0,73,,130374,5,,,0,33,,130392,5,,,0,73,,130375,5,,,0,33,,130393,5,,,0,73,,130376,5,,,0,33,,130394,5,,,0,69,,130377,5,,,0,37,,130395,5,,,0,73,,130378,5,,,0,73,,130396,5,,,0,33,,130379,5,,,0,73,,130397,5,,,0,33,,130380,5,,,0,73,,130398,5,,,0,33,,130381,5,,,0,73,,130399,5,,,0,33,,130382,5,,,0,73,,130400,5,,,0,33,,130383,5,,,0,73,,130401,5,,,0,73,,130384,5,,,0,33,,130402,5,,,0,73,,130385,5,,,0,33,,130403,5,,,0,73,,130386,5,,,0
15601,'STMPSa-Saturday',610,,130404,5,,,0,33,,130405,5,,,0,73,,130406,5,,,0,33,,130407,5,,,0,73,,130408,5,,,0,33,,130409,5,,,0,73,,130410,5,,,0,73,,130411,5,,,0,33,,130413,5,,,0,73,,130412,5,,,0,33,,130414,5,,,0,73,,130416,5,,,0,33,,130417,5,,,0,73,,130415,5,,,0,33,,130418,5,,,0,73,,130419,5,,,0,33,,130420,5,,,0,73,,130421,5,,,0,73,,130422,5,,,0,33,,130423,5,,,0,73,,130424,5,,,0,33,,130425,5,,,0,73,,130426,5,,,0,33,,130427,5,,,0,73,,130428,5,,,0,33,,130429,5,,,0,73,,130430,5,,,0,73,,130431,5,,,0,33,,130432,5,,,0,73,,130433,5,,,0
15601,'STMPSnea-Weekday',508,,130451,5,,,0,33,,130434,5,,,0,73,,130452,5,,,0,33,,130435,5,,,0,73,,130453,5,,,0,33,,130436,5,,,0,69,,130454,5,,,0,37,,130437,5,,,0,73,,130455,5,,,0,73,,130438,5,,,0,33,,130456,5,,,0,73,,130439,5,,,0,33,,130457,5,,,0,73,,130440,5,,,0,33,,130458,5,,,0,69,,130441,5,,,0,37,,130459,5,,,0,73,,130442,5,,,0,73,,130460,5,,,0,33,,130443,5,,,0,73,,130461,5,,,0,33,,130444,5,,,0,73,,130462,5,,,0,33,,130445,5,,,0,73,,130463,5,,,0,33,,130446,5,,,0,73,,130464,5,,,0,33,,130447,5,,,0,73,,130465,5,,,0,73,,130448,5,,,0,33,,130466,5,,,0,73,,130449,5,,,0,33,,130467,5,,,0,73,,130450,5,,,0
15601,'STMPSu1-Sunday',741,,130468,5,,,0,73,,130469,5,,,0,33,,130470,5,,,0,73,,130471,5,,,0,33,,130472,5,,,0,73,,130473,5,,,0,33,,130474,5,,,0,73,,130475,5,,,0,73,,130476,5,,,0,33,,130477,5,,,0,73,,130478,5,,,0,33,,130479,5,,,0,73,,130481,5,,,0,33,,130480,5,,,0,73,,130483,5,,,0,33,,130482,5,,,0,73,,130484,5,,,0,73,,130486,5,,,0,33,,130487,5,,,0,73,,130485,5,,,0,33,,130488,5,,,0,73,,130489,5,,,0,33,,130490,5,,,0,73,,130491,5,,,0,33,,130493,5,,,0,73,,130492,5,,,0,33,,130494,5,,,0
15601,'STMPSu2-Sunday',741,,130495,5,,,0,73,,130496,5,,,0,33,,130497,5,,,0,73,,130498,5,,,0,33,,130499,5,,,0,73,,130500,5,,,0,33,,130501,5,,,0,73,,130502,5,,,0,73,,130503,5,,,0,33,,130504,5,,,0,73,,130505,5,,,0,33,,130506,5,,,0,73,,130508,5,,,0,33,,130507,5,,,0,73,,130510,5,,,0,33,,130509,5,,,0,73,,130511,5,,,0,73,,130513,5,,,0,33,,130514,5,,,0,73,,130512,5,,,0,33,,130515,5,,,0,73,,130516,5,,,0,33,,130517,5,,,0,73,,130518,5,,,0,33,,130520,5,,,0,73,,130519,5,,,0,33,,130521,5,,,0
15601,'STMPWeek-Weekday',508,,130539,5,,,0,33,,130522,5,,,0,73,,130540,5,,,0,33,,130523,5,,,0,73,,130541,5,,,0,33,,130524,5,,,0,69,,130542,5,,,0,37,,130525,5,,,0,73,,130543,5,,,0,73,,130526,5,,,0,33,,130544,5,,,0,73,,130527,5,,,0,33,,130545,5,,,0,73,,130528,5,,,0,33,,130546,5,,,0,69,,130529,5,,,0,37,,130547,5,,,0,73,,130530,5,,,0,73,,130548,5,,,0,33,,130531,5,,,0,73,,130549,5,,,0,33,,130532,5,,,0,73,,130550,5,,,0,33,,130533,5,,,0,73,,130551,5,,,0,33,,130534,5,,,0,73,,130552,5,,,0,33,,130535,5,,,0,73,,130553,5,,,0,73,,130536,5,,,0,33,,130554,5,,,0,73,,130537,5,,,0,33,,130555,5,,,0,73,,130538,5,,,0
15601,'STMPar-Weekday',508,,130573,5,,,0,33,,130556,5,,,0,73,,130574,5,,,0,33,,130557,5,,,0,73,,130575,5,,,0,33,,130558,5,,,0,69,,130576,5,,,0,37,,130559,5,,,0,73,,130577,5,,,0,73,,130560,5,,,0,33,,130578,5,,,0,73,,130561,5,,,0,33,,130579,5,,,0,73,,130562,5,,,0,33,,130580,5,,,0,69,,130563,5,,,0,37,,130581,5,,,0,73,,130564,5,,,0,73,,130582,5,,,0,33,,130565,5,,,0,73,,130583,5,,,0,33,,130566,5,,,0,73,,130584,5,,,0,33,,130567,5,,,0,73,,130585,5,,,0,33,,130568,5,,,0,73,,130586,5,,,0,33,,130569,5,,,0,73,,130587,5,,,0,73,,130570,5,,,0,33,,130588,5,,,0,73,,130571,5,,,0,33,,130589,5,,,0,73,,130572,5,,,0
