15300,'Saturday',555,,128572,2,,,0,77,,128573,2,,,0,77,,128574,2,,,0,37,,128576,2,,,0,77,,128584,2,,,0,77,,128585,2,,,0,37,,128582,2,,,0,77,,128587,2,,,0,37,,128581,2,,,0,77,,128588,2,,,0,77,,128589,2,,,0,37,,128586,2,,,0,77,,128590,2,,,0,37,,128591,2,,,0,77,,128592,2,,,0,77,,128593,2,,,0,37,,128594,2,,,0,77,,128595,2,,,0,77,,128596,2,,,0,37,,128598,2,,,0,77,,128597,2,,,0,37,,128583,2,,,0,77,,128578,2,,,0,77,,128580,2,,,0,37,,128579,2,,,0,77,,128577,2,,,0,37,,128575,2,,,0
15300,'Sunday',823,,128599,2,,,0,77,,128601,2,,,0,37,,128600,2,,,0,77,,128602,2,,,0,37,,128603,2,,,0,77,,128604,2,,,0,77,,128606,2,,,0,37,,128607,2,,,0,77,,128608,2,,,0,37,,128605,2,,,0,77,,128609,2,,,0,77,,128610,2,,,0,37,,128611,2,,,0,77,,128612,2,,,0,77,,128613,2,,,0,37,,128614,2,,,0,77,,128615,2,,,0,37,,128616,2,,,0,77,,128617,2,,,0,77,,128618,2,,,0,37,,128619,2,,,0,75,,128620,2,,,0,32,,128621,2,,,0
15300,'Weekday',513,,128623,2,,,0,25,,128624,2,,,0,65,,128622,2,,,0,25,,128625,2,,,0,25,,128626,2,,,0,65,,128627,2,,,0,25,,128628,2,,,0,65,,128630,2,,,0,25,,128631,2,,,0,25,,128629,2,,,0,65,,128632,2,,,0,25,,128633,2,,,0,65,,128634,2,,,0,25,,128635,2,,,0,65,,128637,2,,,0,25,,128638,2,,,0,25,,128636,2,,,0,65,,128640,2,,,0,25,,128641,2,,,0,65,,128639,2,,,0,25,,128642,2,,,0,25,,128643,2,,,0,65,,128644,2,,,0,25,,128655,2,,,0,65,,128656,2,,,0,20,,128657,2,,,0,20,,128658,2,,,0,60,,128659,2,,,0,20,,128660,2,,,0,20,,128661,2,,,0,60,,128662,2,,,0,20,,128663,2,,,0,20,,128653,2,,,0,65,,128654,2,,,0,35,,128645,2,,,0,76,,128646,2,,,0,76,,128647,2,,,0,36,,128648,2,,,0,76,,128650,2,,,0,36,,128651,2,,,0,76,,128652,2,,,0,76,,128649,2,,,0
15300,'STMPSa-Saturday',555,,128664,2,,,0,77,,128665,2,,,0,77,,128666,2,,,0,37,,128668,2,,,0,77,,128676,2,,,0,77,,128677,2,,,0,37,,128674,2,,,0,77,,128679,2,,,0,37,,128673,2,,,0,77,,128680,2,,,0,77,,128681,2,,,0,37,,128678,2,,,0,77,,128682,2,,,0,37,,128683,2,,,0,77,,128684,2,,,0,77,,128685,2,,,0,37,,128686,2,,,0,77,,128687,2,,,0,77,,128688,2,,,0,37,,128690,2,,,0,77,,128689,2,,,0,37,,128675,2,,,0,77,,128670,2,,,0,77,,128672,2,,,0,37,,128671,2,,,0,77,,128669,2,,,0,37,,128667,2,,,0
15300,'STMPSnea-Weekday',513,,128692,2,,,0,25,,128693,2,,,0,65,,128691,2,,,0,25,,128694,2,,,0,25,,128695,2,,,0,65,,128696,2,,,0,25,,128697,2,,,0,65,,128699,2,,,0,25,,128700,2,,,0,25,,128698,2,,,0,65,,128701,2,,,0,25,,128702,2,,,0,65,,128703,2,,,0,25,,128704,2,,,0,65,,128706,2,,,0,25,,128707,2,,,0,25,,128705,2,,,0,65,,128709,2,,,0,25,,128710,2,,,0,65,,128708,2,,,0,25,,128711,2,,,0,25,,128712,2,,,0,65,,128713,2,,,0,25,,128724,2,,,0,65,,128725,2,,,0,20,,128726,2,,,0,20,,128727,2,,,0,60,,128728,2,,,0,20,,128729,2,,,0,20,,128730,2,,,0,60,,128731,2,,,0,20,,128732,2,,,0,20,,128722,2,,,0,65,,128723,2,,,0,35,,128714,2,,,0,76,,128715,2,,,0,76,,128716,2,,,0,36,,128717,2,,,0,76,,128719,2,,,0,36,,128720,2,,,0,76,,128721,2,,,0,76,,128718,2,,,0
15300,'STMPSu1-Sunday',823,,128733,2,,,0,77,,128735,2,,,0,37,,128734,2,,,0,77,,128736,2,,,0,37,,128737,2,,,0,77,,128738,2,,,0,77,,128740,2,,,0,37,,128741,2,,,0,77,,128742,2,,,0,37,,128739,2,,,0,77,,128743,2,,,0,77,,128744,2,,,0,37,,128745,2,,,0,77,,128746,2,,,0,77,,128747,2,,,0,37,,128748,2,,,0,77,,128749,2,,,0,37,,128750,2,,,0,77,,128751,2,,,0,77,,128752,2,,,0,37,,128753,2,,,0,75,,128754,2,,,0,32,,128755,2,,,0
15300,'STMPSu2-Sunday',823,,128756,2,,,0,77,,128758,2,,,0,37,,128757,2,,,0,77,,128759,2,,,0,37,,128760,2,,,0,77,,128761,2,,,0,77,,128763,2,,,0,37,,128764,2,,,0,77,,128765,2,,,0,37,,128762,2,,,0,77,,128766,2,,,0,77,,128767,2,,,0,37,,128768,2,,,0,77,,128769,2,,,0,77,,128770,2,,,0,37,,128771,2,,,0,77,,128772,2,,,0,37,,128773,2,,,0,77,,128774,2,,,0,77,,128775,2,,,0,37,,128776,2,,,0,75,,128777,2,,,0,32,,128778,2,,,0
15300,'STMPWeek-Weekday',513,,128780,2,,,0,25,,128781,2,,,0,65,,128779,2,,,0,25,,128782,2,,,0,25,,128783,2,,,0,65,,128784,2,,,0,25,,128785,2,,,0,65,,128787,2,,,0,25,,128788,2,,,0,25,,128786,2,,,0,65,,128789,2,,,0,25,,128790,2,,,0,65,,128791,2,,,0,25,,128792,2,,,0,65,,128794,2,,,0,25,,128795,2,,,0,25,,128793,2,,,0,65,,128797,2,,,0,25,,128798,2,,,0,65,,128796,2,,,0,25,,128799,2,,,0,25,,128800,2,,,0,65,,128801,2,,,0,25,,128812,2,,,0,65,,128813,2,,,0,20,,128814,2,,,0,20,,128815,2,,,0,60,,128816,2,,,0,20,,128817,2,,,0,20,,128818,2,,,0,60,,128819,2,,,0,20,,128820,2,,,0,20,,128810,2,,,0,65,,128811,2,,,0,35,,128802,2,,,0,76,,128803,2,,,0,76,,128804,2,,,0,36,,128805,2,,,0,76,,128807,2,,,0,36,,128808,2,,,0,76,,128809,2,,,0,76,,128806,2,,,0
15300,'STMPar-Weekday',513,,128822,2,,,0,25,,128823,2,,,0,65,,128821,2,,,0,25,,128824,2,,,0,25,,128825,2,,,0,65,,128826,2,,,0,25,,128827,2,,,0,65,,128829,2,,,0,25,,128830,2,,,0,25,,128828,2,,,0,65,,128831,2,,,0,25,,128832,2,,,0,65,,128833,2,,,0,25,,128834,2,,,0,65,,128836,2,,,0,25,,128837,2,,,0,25,,128835,2,,,0,65,,128839,2,,,0,25,,128840,2,,,0,65,,128838,2,,,0,25,,128842,2,,,0,25,,128843,2,,,0,65,,128844,2,,,0,25,,128854,2,,,0,65,,128855,2,,,0,20,,128856,2,,,0,20,,128857,2,,,0,60,,128858,2,,,0,20,,128859,2,,,0,20,,128860,2,,,0,60,,128861,2,,,0,20,,128862,2,,,0,20,,128852,2,,,0,65,,128853,2,,,0,35,,128841,2,,,0,76,,128845,2,,,0,76,,128846,2,,,0,36,,128847,2,,,0,76,,128849,2,,,0,36,,128850,2,,,0,76,,128851,2,,,0,76,,128848,2,,,0
16701,'Saturday',601,,132935,2,,,0,27,,132936,2,,,0,27,,132937,2,,,0,67,,132939,2,,,0,27,,132940,2,,,0,67,,132941,2,,,0,27,,132938,2,,,0,67,,132942,2,,,0,27,,132943,2,,,0,67,,132944,2,,,0,27,,132945,2,,,0,27,,132946,2,,,0,67,,132947,2,,,0,27,,132948,2,,,0,67,,132949,2,,,0,27,,132950,2,,,0,67,,132951,2,,,0,27,,132952,2,,,0,67,,132953,2,,,0,27,,132954,2,,,0,67,,132955,2,,,0,27,,132956,2,,,0,27,,132957,2,,,0,67,,132958,2,,,0,27,,132959,2,,,0,67,,132960,2,,,0,27,,132961,2,,,0,67,,132963,2,,,0,27,,132964,2,,,0,67,,132965,2,,,0,27,,132962,2,,,0,27,,132966,2,,,0,67,,132967,2,,,0,27,,132968,2,,,0,67,,132969,2,,,0,27,,132970,2,,,0,67,,132971,2,,,0,27,,132973,2,,,0,67,,132974,2,,,0,27,,132975,2,,,0,67,,132972,2,,,0
16701,'Sunday',601,,132976,2,,,0,27,,132997,2,,,0,27,,132977,2,,,0,67,,132998,2,,,0,27,,132978,2,,,0,67,,132999,2,,,0,27,,132980,2,,,0,67,,133000,2,,,0,27,,132981,2,,,0,67,,133001,2,,,0,27,,132982,2,,,0,27,,133002,2,,,0,67,,132979,2,,,0,27,,133003,2,,,0,67,,132983,2,,,0,27,,133004,2,,,0,67,,132984,2,,,0,27,,133005,2,,,0,67,,132985,2,,,0,27,,133006,2,,,0,67,,132986,2,,,0,27,,133007,2,,,0,27,,132987,2,,,0,67,,133008,2,,,0,27,,132988,2,,,0,67,,133009,2,,,0,27,,132989,2,,,0,67,,133010,2,,,0,27,,132990,2,,,0,67,,133012,2,,,0,27,,132991,2,,,0,27,,133013,2,,,0,67,,132992,2,,,0,27,,133014,2,,,0,67,,132993,2,,,0,27,,133011,2,,,0,67,,132994,2,,,0,27,,133015,2,,,0,67,,132995,2,,,0,27,,133016,2,,,0,67,,132996,2,,,0
16701,'Weekday',529,,133017,2,,,0,15,,133031,2,,,0,15,,133035,2,,,0,55,,133048,2,,,0,15,,133018,2,,,0,15,,133032,2,,,0,15,,133036,2,,,0,55,,133049,2,,,0,15,,133019,2,,,0,15,,133033,2,,,0,15,,133037,2,,,0,55,,133050,2,,,0,15,,133020,2,,,0,15,,133034,2,,,0,15,,133038,2,,,0,68,,133021,2,,,0,28,,133039,2,,,0,68,,133022,2,,,0,28,,133040,2,,,0,68,,133023,2,,,0,28,,133041,2,,,0,68,,133024,2,,,0,28,,133042,2,,,0,68,,133025,2,,,0,28,,133044,2,,,0,68,,133026,2,,,0,28,,133045,2,,,0,15,,133052,2,,,0,55,,133027,2,,,0,15,,133062,2,,,0,15,,133043,2,,,0,15,,133053,2,,,0,55,,133028,2,,,0,15,,133063,2,,,0,15,,133046,2,,,0,15,,133051,2,,,0,55,,133029,2,,,0,15,,133060,2,,,0,15,,133047,2,,,0,15,,133054,2,,,0,55,,133030,2,,,0,15,,133064,2,,,0,28,,133055,2,,,0,67,,133066,2,,,0,28,,133056,2,,,0,68,,133067,2,,,0,28,,133057,2,,,0,68,,133068,2,,,0,28,,133058,2,,,0,68,,133065,2,,,0,28,,133059,2,,,0,28,,133069,2,,,0,68,,133061,2,,,0,31,,133070,2,,,0
16701,'STMPSa-Saturday',601,,133071,2,,,0,27,,133072,2,,,0,27,,133073,2,,,0,67,,133075,2,,,0,27,,133076,2,,,0,67,,133077,2,,,0,27,,133074,2,,,0,67,,133078,2,,,0,27,,133079,2,,,0,67,,133080,2,,,0,27,,133081,2,,,0,27,,133082,2,,,0,67,,133084,2,,,0,27,,133085,2,,,0,67,,133086,2,,,0,27,,133083,2,,,0,67,,133087,2,,,0,27,,133088,2,,,0,67,,133089,2,,,0,27,,133090,2,,,0,67,,133091,2,,,0,27,,133092,2,,,0,27,,133093,2,,,0,67,,133094,2,,,0,27,,133095,2,,,0,67,,133096,2,,,0,27,,133097,2,,,0,67,,133099,2,,,0,27,,133100,2,,,0,67,,133101,2,,,0,27,,133098,2,,,0,27,,133102,2,,,0,67,,133103,2,,,0,27,,133104,2,,,0,67,,133105,2,,,0,27,,133106,2,,,0,67,,133107,2,,,0,27,,133109,2,,,0,67,,133110,2,,,0,27,,133111,2,,,0,67,,133108,2,,,0
16701,'STMPSnea-Weekday',529,,133112,2,,,0,15,,133126,2,,,0,15,,133130,2,,,0,55,,133143,2,,,0,15,,133113,2,,,0,15,,133127,2,,,0,15,,133131,2,,,0,55,,133144,2,,,0,15,,133114,2,,,0,15,,133128,2,,,0,15,,133132,2,,,0,55,,133145,2,,,0,15,,133115,2,,,0,15,,133129,2,,,0,15,,133133,2,,,0,68,,133116,2,,,0,28,,133134,2,,,0,68,,133117,2,,,0,28,,133135,2,,,0,68,,133118,2,,,0,28,,133136,2,,,0,68,,133119,2,,,0,28,,133137,2,,,0,68,,133120,2,,,0,28,,133139,2,,,0,68,,133121,2,,,0,28,,133140,2,,,0,15,,133147,2,,,0,55,,133122,2,,,0,15,,133157,2,,,0,15,,133138,2,,,0,15,,133148,2,,,0,55,,133123,2,,,0,15,,133158,2,,,0,15,,133141,2,,,0,15,,133146,2,,,0,55,,133124,2,,,0,15,,133155,2,,,0,15,,133142,2,,,0,15,,133149,2,,,0,55,,133125,2,,,0,15,,133159,2,,,0,28,,133150,2,,,0,67,,133161,2,,,0,28,,133151,2,,,0,68,,133162,2,,,0,28,,133152,2,,,0,68,,133163,2,,,0,28,,133153,2,,,0,68,,133160,2,,,0,28,,133154,2,,,0,28,,133164,2,,,0,68,,133156,2,,,0,31,,133165,2,,,0
16701,'STMPSu1-Sunday',601,,133166,2,,,0,27,,133187,2,,,0,27,,133167,2,,,0,67,,133188,2,,,0,27,,133168,2,,,0,67,,133189,2,,,0,27,,133170,2,,,0,67,,133190,2,,,0,27,,133171,2,,,0,67,,133191,2,,,0,27,,133172,2,,,0,27,,133192,2,,,0,67,,133169,2,,,0,27,,133193,2,,,0,67,,133173,2,,,0,27,,133194,2,,,0,67,,133174,2,,,0,27,,133195,2,,,0,67,,133175,2,,,0,27,,133196,2,,,0,67,,133176,2,,,0,27,,133197,2,,,0,27,,133177,2,,,0,67,,133198,2,,,0,27,,133178,2,,,0,67,,133199,2,,,0,27,,133179,2,,,0,67,,133200,2,,,0,27,,133180,2,,,0,67,,133202,2,,,0,27,,133182,2,,,0,27,,133203,2,,,0,67,,133183,2,,,0,27,,133204,2,,,0,67,,133184,2,,,0,27,,133201,2,,,0,67,,133181,2,,,0,27,,133205,2,,,0,67,,133185,2,,,0,27,,133206,2,,,0,67,,133186,2,,,0
16701,'STMPSu2-Sunday',601,,133207,2,,,0,27,,133228,2,,,0,27,,133208,2,,,0,67,,133229,2,,,0,27,,133209,2,,,0,67,,133230,2,,,0,27,,133211,2,,,0,67,,133231,2,,,0,27,,133212,2,,,0,67,,133232,2,,,0,27,,133213,2,,,0,27,,133233,2,,,0,67,,133210,2,,,0,27,,133234,2,,,0,67,,133214,2,,,0,27,,133235,2,,,0,67,,133215,2,,,0,27,,133236,2,,,0,67,,133216,2,,,0,27,,133237,2,,,0,67,,133217,2,,,0,27,,133238,2,,,0,27,,133218,2,,,0,67,,133239,2,,,0,27,,133219,2,,,0,67,,133240,2,,,0,27,,133220,2,,,0,67,,133241,2,,,0,27,,133221,2,,,0,67,,133243,2,,,0,27,,133222,2,,,0,27,,133244,2,,,0,67,,133223,2,,,0,27,,133245,2,,,0,67,,133224,2,,,0,27,,133242,2,,,0,67,,133225,2,,,0,27,,133246,2,,,0,67,,133226,2,,,0,27,,133247,2,,,0,67,,133227,2,,,0
16701,'STMPWeek-Weekday',529,,133248,2,,,0,15,,133262,2,,,0,15,,133266,2,,,0,55,,133279,2,,,0,15,,133249,2,,,0,15,,133263,2,,,0,15,,133267,2,,,0,55,,133280,2,,,0,15,,133250,2,,,0,15,,133264,2,,,0,15,,133268,2,,,0,55,,133281,2,,,0,15,,133251,2,,,0,15,,133265,2,,,0,15,,133269,2,,,0,68,,133252,2,,,0,28,,133270,2,,,0,68,,133253,2,,,0,28,,133271,2,,,0,68,,133254,2,,,0,28,,133272,2,,,0,68,,133255,2,,,0,28,,133273,2,,,0,68,,133256,2,,,0,28,,133275,2,,,0,68,,133257,2,,,0,28,,133276,2,,,0,15,,133283,2,,,0,55,,133258,2,,,0,15,,133293,2,,,0,15,,133274,2,,,0,15,,133284,2,,,0,55,,133259,2,,,0,15,,133294,2,,,0,15,,133277,2,,,0,15,,133282,2,,,0,55,,133260,2,,,0,15,,133291,2,,,0,15,,133278,2,,,0,15,,133285,2,,,0,55,,133261,2,,,0,15,,133295,2,,,0,28,,133286,2,,,0,67,,133297,2,,,0,28,,133287,2,,,0,68,,133298,2,,,0,28,,133288,2,,,0,68,,133299,2,,,0,28,,133289,2,,,0,68,,133296,2,,,0,28,,133290,2,,,0,28,,133300,2,,,0,68,,133292,2,,,0,31,,133301,2,,,0
16701,'STMPar-Weekday',529,,133302,2,,,0,15,,133316,2,,,0,15,,133320,2,,,0,55,,133333,2,,,0,15,,133303,2,,,0,15,,133317,2,,,0,15,,133321,2,,,0,55,,133334,2,,,0,15,,133304,2,,,0,15,,133318,2,,,0,15,,133322,2,,,0,55,,133335,2,,,0,15,,133305,2,,,0,15,,133319,2,,,0,15,,133323,2,,,0,68,,133306,2,,,0,28,,133324,2,,,0,68,,133307,2,,,0,28,,133325,2,,,0,68,,133308,2,,,0,28,,133326,2,,,0,68,,133309,2,,,0,28,,133327,2,,,0,68,,133310,2,,,0,28,,133329,2,,,0,68,,133311,2,,,0,28,,133330,2,,,0,15,,133337,2,,,0,55,,133312,2,,,0,15,,133347,2,,,0,15,,133328,2,,,0,15,,133338,2,,,0,55,,133313,2,,,0,15,,133348,2,,,0,15,,133331,2,,,0,15,,133336,2,,,0,55,,133314,2,,,0,15,,133345,2,,,0,15,,133332,2,,,0,15,,133340,2,,,0,55,,133315,2,,,0,15,,133349,2,,,0,28,,133341,2,,,0,67,,133351,2,,,0,28,,133342,2,,,0,68,,133352,2,,,0,28,,133339,2,,,0,68,,133353,2,,,0,28,,133343,2,,,0,68,,133350,2,,,0,28,,133344,2,,,0,28,,133354,2,,,0,68,,133346,2,,,0,31,,133355,2,,,0
