1900,'Saturday',553,,148680,3,,,0,75,,148694,3,,,0,77,,148703,32,,,0,35,,148688,32,,,0,75,,148682,32,,,0,35,,148696,32,,,0,75,,148704,32,,,0,75,,148690,32,,,0,35,,148681,32,,,0,75,,148698,32,,,0,35,,148705,32,,,0,75,,148689,32,,,0,31,,148683,32,,,0,60,,148710,32,,,0,28,,148697,32,,,0,68,,148706,32,,,0,28,,148691,32,,,0,68,,148684,32,,,0,28,,148712,32,,,0,28,,148700,32,,,0,68,,148707,32,,,0,28,,148692,32,,,0,68,,148685,32,,,0,28,,148713,32,,,0,68,,148699,32,,,0,28,,148709,32,,,0,75,,148693,32,,,0,35,,148686,32,,,0,75,,148702,32,,,0,75,,148708,32,,,0,35,,148695,32,,,0,75,,148687,32,,,0,35,,148701,32,,,0,75,,148711,32,,,0
1900,'Sunday',553,,148714,3,,,0,75,,148730,3,,,0,77,,148737,32,,,0,35,,148722,32,,,0,75,,148715,32,,,0,35,,148729,32,,,0,75,,148738,32,,,0,75,,148723,32,,,0,35,,148716,32,,,0,75,,148732,32,,,0,35,,148739,32,,,0,75,,148724,32,,,0,31,,148717,32,,,0,60,,148745,32,,,0,28,,148731,32,,,0,68,,148741,32,,,0,28,,148725,32,,,0,68,,148718,32,,,0,28,,148746,32,,,0,28,,148733,32,,,0,68,,148740,32,,,0,28,,148726,32,,,0,68,,148719,32,,,0,28,,148747,32,,,0,68,,148734,32,,,0,28,,148742,32,,,0,75,,148727,32,,,0,35,,148720,32,,,0,75,,148735,32,,,0,75,,148743,32,,,0,35,,148728,32,,,0,75,,148721,32,,,0,35,,148736,32,,,0,75,,148744,32,,,0
1900,'Weekday',513,,148764,3,,,0,29,,148772,32,,,0,70,,148780,32,,,0,26,,148748,32,,,0,75,,148756,32,,,0,26,,148765,32,,,0,75,,148773,32,,,0,37,,148781,32,,,0,70,,148750,32,,,0,32,,148757,32,,,0,72,,148766,32,,,0,32,,148774,32,,,0,72,,148782,32,,,0,72,,148749,32,,,0,32,,148758,32,,,0,72,,148767,32,,,0,32,,148775,32,,,0,73,,148783,32,,,0,32,,148751,32,,,0,74,,148759,32,,,0,32,,148768,32,,,0,71,,148776,32,,,0,31,,148784,32,,,0,72,,148752,32,,,0,32,,148760,32,,,0,70,,148769,32,,,0,29,,148777,32,,,0,66,,148785,32,,,0,30,,148753,32,,,0,70,,148761,32,,,0,30,,148770,32,,,0,70,,148778,32,,,0,30,,148786,32,,,0,70,,148754,32,,,0,29,,148762,32,,,0,69,,148771,32,,,0,30,,148779,32,,,0,70,,148787,32,,,0,30,,148755,32,,,0,70,,148763,32,,,0
6500,'Saturday',608,,154759,8,,,0,40,,154772,8,,,0,80,,154760,8,,,0,80,,154773,8,,,0,40,,154761,8,,,0,80,,154774,8,,,0,81,,154762,8,,,0,40,,154775,8,,,0,80,,154763,8,,,0,80,,154776,8,,,0,40,,154764,8,,,0,80,,154777,8,,,0,80,,154765,8,,,0,40,,154778,8,,,0,80,,154766,8,,,0,80,,154781,8,,,0,40,,154767,8,,,0,80,,154780,8,,,0,79,,154768,8,,,0,40,,154779,8,,,0,80,,154770,8,,,0,80,,154782,8,,,0,40,,154769,8,,,0,80,,154783,8,,,0,80,,154771,8,,,0,40,,154784,8,,,0
6500,'Sunday',608,,154785,8,,,0,40,,154798,8,,,0,80,,154786,8,,,0,80,,154801,8,,,0,40,,154787,8,,,0,80,,154799,8,,,0,81,,154788,8,,,0,40,,154800,8,,,0,80,,154790,8,,,0,80,,154803,8,,,0,40,,154789,8,,,0,80,,154804,8,,,0,80,,154792,8,,,0,40,,154802,8,,,0,80,,154793,8,,,0,80,,154805,8,,,0,40,,154791,8,,,0,80,,154806,8,,,0,79,,154794,8,,,0,40,,154807,8,,,0,80,,154796,8,,,0,80,,154808,8,,,0,40,,154795,8,,,0,80,,154809,8,,,0,80,,154797,8,,,0,40,,154810,8,,,0
6500,'Weekday',511,,154822,8,,,0,43,,154835,8,,,0,64,,154811,8,,,0,26,,154823,8,,,0,64,,154813,8,,,0,24,,154836,8,,,0,24,,154812,8,,,0,64,,154824,8,,,0,82,,154837,8,,,0,45,,154825,8,,,0,83,,154838,8,,,0,83,,154826,8,,,0,43,,154839,8,,,0,83,,154827,8,,,0,66,,154818,8,,,0,17,,154841,8,,,0,29,,154814,8,,,0,61,,154828,8,,,0,24,,154819,8,,,0,23,,154840,8,,,0,64,,154815,8,,,0,23,,154829,8,,,0,64,,154820,8,,,0,24,,154842,8,,,0,24,,154816,8,,,0,64,,154830,8,,,0,24,,154821,8,,,0,62,,154843,8,,,0,24,,154817,8,,,0,24,,154831,8,,,0,83,,154844,8,,,0,83,,154832,8,,,0,83,,154845,8,,,0,43,,154833,8,,,0,82,,154846,8,,,0,83,,154834,8,,,0,43,,154847,8,,,0
8900,'Weekday',644,,157942,2,,,0,82,,157944,2,,,0,82,,157941,2,,,0,732,,157949,2,,,0,79,,157946,2,,,0,85,,157945,2,,,0,39,,157947,2,,,0,82,,157948,2,,,0
10500,'Saturday',641,,160466,3,,,0,80,,160457,3,,,0,80,,160472,3,,,0,40,,160461,3,,,0,80,,160467,3,,,0,80,,160456,3,,,0,40,,160474,3,,,0,80,,160462,3,,,0,81,,160468,3,,,0,40,,160459,3,,,0,80,,160475,3,,,0,80,,160463,3,,,0,40,,160470,3,,,0,80,,160458,3,,,0,80,,160476,3,,,0,40,,160464,3,,,0,80,,160469,3,,,0,80,,160460,3,,,0,40,,160473,3,,,0,80,,160465,3,,,0,80,,160471,3,,,0,40,,160455,3,,,0
10500,'Sunday',641,,160477,3,,,0,80,,160484,3,,,0,80,,160491,3,,,0,40,,160478,3,,,0,80,,160485,3,,,0,80,,160492,3,,,0,40,,160479,3,,,0,80,,160486,3,,,0,81,,160493,3,,,0,40,,160480,3,,,0,80,,160487,3,,,0,80,,160494,3,,,0,40,,160481,3,,,0,80,,160488,3,,,0,80,,160495,3,,,0,40,,160482,3,,,0,80,,160489,3,,,0,80,,160496,3,,,0,40,,160483,3,,,0,80,,160490,3,,,0,80,,160497,3,,,0,40,,160498,3,,,0
10500,'Weekday',535,,160524,3,,,0,71,,160515,3,,,0,30,,160507,3,,,0,70,,160499,3,,,0,30,,160525,3,,,0,70,,160516,3,,,0,30,,160508,3,,,0,70,,160500,3,,,0,30,,160526,3,,,0,70,,160518,3,,,0,30,,160509,3,,,0,70,,160501,3,,,0,30,,160527,3,,,0,70,,160517,3,,,0,30,,160510,3,,,0,70,,160502,3,,,0,30,,160528,3,,,0,70,,160519,3,,,0,30,,160511,3,,,0,66,,160503,3,,,0,34,,160529,3,,,0,70,,160520,3,,,0,30,,160512,3,,,0,70,,160504,3,,,0,30,,160530,3,,,0,70,,160521,3,,,0,30,,160513,3,,,0,70,,160505,3,,,0,30,,160531,3,,,0,70,,160522,3,,,0,30,,160514,3,,,0,70,,160506,3,,,0,30,,160532,3,,,0,83,,160523,3,,,0
