801,'Saturday',701,,1883,22,,,0,27,,1884,22,,,0,27,,1885,22,,,0,67,,1886,22,,,0,27,,1887,22,,,0,67,,1888,22,,,0,27,,1889,22,,,0,67,,1890,22,,,0,27,,1891,22,,,0,67,,1892,22,,,0,27,,1893,22,,,0,27,,1894,22,,,0,67,,1895,22,,,0,27,,1896,22,,,0,67,,1897,22,,,0,27,,1898,22,,,0,67,,1899,22,,,0,27,,1900,22,,,0,67,,1901,22,,,0,27,,1902,22,,,0,67,,1903,22,,,0,27,,1904,22,,,0,27,,1905,22,,,0,67,,1906,22,,,0,27,,1907,22,,,0,67,,1909,22,,,0,27,,1910,22,,,0,67,,1911,22,,,0,27,,1908,22,,,0,67,,1912,22,,,0,27,,1913,22,,,0,70,,1914,22,,,0,35,,1915,22,,,0,75,,1916,22,,,0,35,,1917,22,,,0,75,,1918,22,,,0,35,,1919,22,,,0
801,'Sunday',701,,1921,22,,,0,27,,1920,22,,,0,27,,1922,22,,,0,67,,1923,22,,,0,27,,1924,22,,,0,67,,1925,22,,,0,27,,1927,22,,,0,67,,1926,22,,,0,27,,1928,22,,,0,67,,1929,22,,,0,27,,1930,22,,,0,27,,1931,22,,,0,67,,1932,22,,,0,27,,1933,22,,,0,67,,1934,22,,,0,27,,1935,22,,,0,67,,1936,22,,,0,27,,1937,22,,,0,67,,1938,22,,,0,27,,1939,22,,,0,67,,1940,22,,,0,27,,1941,22,,,0,27,,1943,22,,,0,67,,1945,22,,,0,27,,1944,22,,,0,67,,1946,22,,,0,27,,1942,22,,,0,67,,1948,22,,,0,27,,1949,22,,,0,67,,1947,22,,,0,27,,1950,22,,,0,70,,1951,22,,,0,35,,1952,22,,,0,75,,1953,22,,,0,35,,1954,22,,,0,75,,1955,22,,,0,35,,1956,22,,,0
801,'Weekday',529,,2018,22,,,0,18,,1981,22,,,0,58,,1960,22,,,0,18,,1962,22,,,0,17,,1972,22,,,0,17,,1989,22,,,0,57,,1997,22,,,0,6,,2005,22,,,0,5,,2006,22,,,0,7,,2019,22,,,0,5,,2007,22,,,0,5,,2008,22,,,0,7,,1982,22,,,0,5,,2009,22,,,0,5,,2010,22,,,0,47,,1961,22,,,0,5,,2011,22,,,0,5,,2012,22,,,0,7,,1964,22,,,0,5,,2013,22,,,0,12,,1973,22,,,0,16,,1990,22,,,0,57,,1998,22,,,0,13,,2020,22,,,0,21,,1983,22,,,0,61,,1963,22,,,0,21,,1974,22,,,0,21,,1991,22,,,0,61,,2021,22,,,0,21,,1984,22,,,0,21,,1965,22,,,0,61,,1975,22,,,0,21,,1993,22,,,0,21,,2022,22,,,0,61,,1985,22,,,0,21,,1966,22,,,0,21,,1976,22,,,0,61,,1992,22,,,0,23,,2023,22,,,0,12,,2014,22,,,0,50,,1986,22,,,0,10,,2015,22,,,0,10,,1967,22,,,0,5,,2016,22,,,0,9,,2000,22,,,0,17,,1977,22,,,0,45,,2017,22,,,0,8,,2003,22,,,0,5,,1994,22,,,0,5,,2002,22,,,0,5,,2004,22,,,0,5,,1999,22,,,0,17,,2024,22,,,0,57,,1987,22,,,0,17,,1968,22,,,0,17,,2001,22,,,0,17,,1958,22,,,0,62,,1995,22,,,0,22,,2025,22,,,0,21,,1988,22,,,0,61,,1969,22,,,0,21,,1978,22,,,0,61,,1996,22,,,0,20,,2026,22,,,0,35,,1959,22,,,0,69,,1979,22,,,0,75,,2028,22,,,0,31,,1970,22,,,0,73,,1980,22,,,0,33,,2027,22,,,0,73,,1971,22,,,0,33,,1957,22,,,0,85,,2029,22,,,0
801,'Weekday0000100',1409,,2030,22,,,0,37,,2031,22,,,0
801,'Weekday1111000',1549,,2032,22,,,0
8201,'Saturday',614,,11844,26,,,0,30,,11845,26,,,0,70,,11838,26,,,0,30,,11817,26,,,0,70,,11818,26,,,0,30,,11819,26,,,0,70,,11823,26,,,0,30,,11824,26,,,0,70,,11820,26,,,0,30,,11821,26,,,0,70,,11837,26,,,0,30,,11841,26,,,0,70,,11822,26,,,0,30,,11839,26,,,0,70,,11842,26,,,0,30,,11825,26,,,0,70,,11835,26,,,0,30,,11830,26,,,0,70,,11826,26,,,0,30,,11836,26,,,0,70,,11843,26,,,0,30,,11827,26,,,0,70,,11834,26,,,0,30,,11840,26,,,0,70,,11828,26,,,0,30,,11833,26,,,0,70,,11831,26,,,0,30,,11829,26,,,0,70,,11832,26,,,0,30,,11846,26,,,0,70,,11847,26,,,0,30,,11848,26,,,0,70,,11849,26,,,0,30,,11850,26,,,0,70,,11851,26,,,0,30,,11852,26,,,0,70,,11853,26,,,0
8201,'Sunday',614,,11854,26,,,0,30,,11867,26,,,0,70,,11879,26,,,0,30,,11855,26,,,0,70,,11868,26,,,0,30,,11880,26,,,0,70,,11856,26,,,0,30,,11869,26,,,0,70,,11881,26,,,0,30,,11857,26,,,0,70,,11870,26,,,0,30,,11882,26,,,0,70,,11858,26,,,0,30,,11871,26,,,0,70,,11883,26,,,0,30,,11859,26,,,0,70,,11872,26,,,0,30,,11884,26,,,0,70,,11861,26,,,0,30,,11874,26,,,0,70,,11885,26,,,0,30,,11860,26,,,0,70,,11873,26,,,0,30,,11886,26,,,0,70,,11862,26,,,0,30,,11875,26,,,0,70,,11889,26,,,0,30,,11864,26,,,0,70,,11876,26,,,0,30,,11890,26,,,0,70,,11863,26,,,0,30,,11877,26,,,0,70,,11887,26,,,0,30,,11865,26,,,0,70,,11878,26,,,0,30,,11888,26,,,0,70,,11866,26,,,0
8201,'Weekday',609,,11894,26,,,0,35,,11905,26,,,0,75,,11916,26,,,0,16,,11926,26,,,0,17,,11895,26,,,0,56,,11928,26,,,0,17,,11906,26,,,0,16,,11893,26,,,0,17,,11917,26,,,0,54,,11927,26,,,0,15,,11896,26,,,0,32,,11907,26,,,0,73,,11918,26,,,0,73,,11897,26,,,0,33,,11908,26,,,0,73,,11919,26,,,0,33,,11898,26,,,0,73,,11909,26,,,0,33,,11920,26,,,0,74,,11899,26,,,0,33,,11910,26,,,0,73,,11921,26,,,0,73,,11900,26,,,0,33,,11911,26,,,0,16,,11891,26,,,0,57,,11922,26,,,0,33,,11901,26,,,0,15,,11892,26,,,0,56,,11912,26,,,0,16,,11915,26,,,0,17,,11923,26,,,0,73,,11902,26,,,0,33,,11913,26,,,0,73,,11924,26,,,0,33,,11903,26,,,0,73,,11914,26,,,0,73,,11925,26,,,0,33,,11904,26,,,0,73,,11929,26,,,0,33,,11930,26,,,0,73,,11931,26,,,0,33,,11932,26,,,0
10501,'Saturday',623,,15400,6,,,0,35,,15410,6,,,0,80,,15407,6,,,0,80,,15409,6,,,0,40,,15412,6,,,0,80,,15408,6,,,0,80,,15411,6,,,0,40,,15414,6,,,0,80,,15415,6,,,0,80,,15417,6,,,0,40,,15413,6,,,0,80,,15418,6,,,0,80,,15419,6,,,0,40,,15416,6,,,0,80,,15420,6,,,0,80,,15421,6,,,0,40,,15405,6,,,0,80,,15404,6,,,0,79,,15406,6,,,0,40,,15402,6,,,0,80,,15403,6,,,0,80,,15401,6,,,0
10501,'Sunday',623,,15422,6,,,0,35,,15429,6,,,0,80,,15436,6,,,0,80,,15423,6,,,0,40,,15430,6,,,0,80,,15437,6,,,0,80,,15424,6,,,0,40,,15431,6,,,0,80,,15438,6,,,0,80,,15425,6,,,0,40,,15432,6,,,0,80,,15439,6,,,0,80,,15426,6,,,0,40,,15433,6,,,0,80,,15440,6,,,0,80,,15427,6,,,0,40,,15434,6,,,0,80,,15441,6,,,0,79,,15428,6,,,0,40,,15435,6,,,0,80,,15442,6,,,0,80,,15443,6,,,0
10501,'Weekday',515,,15469,6,,,0,30,,15460,6,,,0,69,,15452,6,,,0,31,,15444,6,,,0,70,,15470,6,,,0,30,,15463,6,,,0,70,,15453,6,,,0,15,,15478,6,,,0,15,,15445,6,,,0,70,,15471,6,,,0,30,,15461,6,,,0,70,,15454,6,,,0,30,,15446,6,,,0,70,,15472,6,,,0,30,,15462,6,,,0,70,,15455,6,,,0,30,,15447,6,,,0,70,,15473,6,,,0,30,,15464,6,,,0,70,,15456,6,,,0,30,,15448,6,,,0,70,,15474,6,,,0,30,,15465,6,,,0,70,,15457,6,,,0,30,,15449,6,,,0,70,,15475,6,,,0,30,,15466,6,,,0,70,,15459,6,,,0,30,,15450,6,,,0,69,,15476,6,,,0,30,,15467,6,,,0,70,,15458,6,,,0,30,,15451,6,,,0,70,,15477,6,,,0,43,,15468,6,,,0
70301,'Weekday',800,,23746,9,4,,0
70401,'Weekday',800,,23752,22,4,,0
70501,'Weekday',800,,23755,8,4,,0
70601,'Weekday',800,,23761,26,4,,0
