2401,'Saturday',642,,84187,28,,,0,70,,84198,28,,,0,30,,84207,28,,,0,70,,84189,28,,,0,30,,84197,28,,,0,70,,84209,28,,,0,30,,84188,28,,,0,70,,84199,28,,,0,30,,84210,28,,,0,70,,84186,28,,,0,30,,84201,28,,,0,70,,84212,28,,,0,30,,84190,28,,,0,70,,84202,28,,,0,30,,84213,28,,,0,70,,84191,28,,,0,30,,84200,28,,,0,70,,84211,28,,,0,30,,84192,28,,,0,70,,84203,28,,,0,30,,84215,28,,,0,70,,84193,28,,,0,30,,84205,28,,,0,70,,84214,28,,,0,30,,84194,28,,,0,70,,84204,28,,,0,30,,84216,28,,,0,70,,84195,28,,,0,30,,84206,28,,,0,70,,84217,28,,,0,30,,84196,28,,,0,70,,84208,28,,,0
2401,'Sunday',642,,84218,28,,,0,70,,84228,28,,,0,30,,84239,28,,,0,70,,84219,28,,,0,30,,84230,28,,,0,70,,84241,28,,,0,30,,84220,28,,,0,70,,84232,28,,,0,30,,84242,28,,,0,70,,84221,28,,,0,30,,84231,28,,,0,70,,84243,28,,,0,30,,84222,28,,,0,70,,84233,28,,,0,30,,84244,28,,,0,70,,84223,28,,,0,30,,84234,28,,,0,70,,84245,28,,,0,30,,84226,28,,,0,70,,84235,28,,,0,30,,84246,28,,,0,70,,84224,28,,,0,30,,84236,28,,,0,70,,84248,28,,,0,30,,84227,28,,,0,70,,84238,28,,,0,30,,84247,28,,,0,70,,84225,28,,,0,30,,84237,28,,,0,70,,84249,28,,,0,30,,84229,28,,,0,70,,84240,28,,,0
2401,'Weekday',555,,84271,28,,,0,80,,84280,28,,,0,73,,84250,28,,,0,30,,84272,28,,,0,70,,84282,28,,,0,30,,84251,28,,,0,69,,84273,28,,,0,28,,84283,28,,,0,70,,84252,28,,,0,30,,84275,28,,,0,70,,84284,28,,,0,30,,84253,28,,,0,70,,84274,28,,,0,30,,84281,28,,,0,70,,84254,28,,,0,30,,84277,28,,,0,70,,84285,28,,,0,30,,84256,28,,,0,70,,84276,28,,,0,34,,84286,28,,,0,70,,84255,28,,,0,30,,84278,28,,,0,70,,84287,28,,,0,29,,84257,28,,,0,70,,84279,28,,,0,30,,84262,28,,,0,67,,84258,28,,,0,30,,84266,28,,,0,70,,84263,28,,,0,30,,84259,28,,,0,70,,84268,28,,,0,30,,84264,28,,,0,70,,84260,28,,,0,29,,84269,28,,,0,68,,84265,28,,,0,30,,84261,28,,,0,70,,84270,28,,,0,35,,84267,28,,,0
2401,'STMPSa-Saturday',642,,84289,28,,,0,70,,84300,28,,,0,30,,84309,28,,,0,70,,84291,28,,,0,30,,84299,28,,,0,70,,84310,28,,,0,30,,84290,28,,,0,70,,84301,28,,,0,30,,84312,28,,,0,70,,84288,28,,,0,30,,84303,28,,,0,70,,84314,28,,,0,30,,84292,28,,,0,70,,84304,28,,,0,30,,84315,28,,,0,70,,84293,28,,,0,30,,84302,28,,,0,70,,84313,28,,,0,30,,84294,28,,,0,70,,84305,28,,,0,30,,84317,28,,,0,70,,84295,28,,,0,30,,84307,28,,,0,70,,84316,28,,,0,30,,84296,28,,,0,70,,84306,28,,,0,30,,84318,28,,,0,70,,84297,28,,,0,30,,84308,28,,,0,70,,84319,28,,,0,30,,84298,28,,,0,70,,84311,28,,,0
2401,'STMPSnea-Weekday',555,,84341,28,,,0,80,,84350,28,,,0,73,,84320,28,,,0,30,,84342,28,,,0,70,,84352,28,,,0,30,,84321,28,,,0,69,,84343,28,,,0,28,,84353,28,,,0,70,,84322,28,,,0,30,,84345,28,,,0,70,,84354,28,,,0,30,,84323,28,,,0,70,,84344,28,,,0,30,,84351,28,,,0,70,,84324,28,,,0,30,,84347,28,,,0,70,,84355,28,,,0,30,,84326,28,,,0,70,,84346,28,,,0,34,,84356,28,,,0,70,,84325,28,,,0,30,,84348,28,,,0,70,,84357,28,,,0,29,,84327,28,,,0,70,,84349,28,,,0,30,,84332,28,,,0,67,,84328,28,,,0,30,,84336,28,,,0,70,,84333,28,,,0,30,,84329,28,,,0,70,,84338,28,,,0,30,,84334,28,,,0,70,,84330,28,,,0,29,,84339,28,,,0,68,,84335,28,,,0,30,,84331,28,,,0,70,,84340,28,,,0,35,,84337,28,,,0
2401,'STMPSu1-Sunday',642,,84358,28,,,0,70,,84368,28,,,0,30,,84379,28,,,0,70,,84359,28,,,0,30,,84370,28,,,0,70,,84381,28,,,0,30,,84360,28,,,0,70,,84372,28,,,0,30,,84382,28,,,0,70,,84361,28,,,0,30,,84371,28,,,0,70,,84383,28,,,0,30,,84362,28,,,0,70,,84373,28,,,0,30,,84384,28,,,0,70,,84363,28,,,0,30,,84374,28,,,0,70,,84385,28,,,0,30,,84366,28,,,0,70,,84375,28,,,0,30,,84386,28,,,0,70,,84364,28,,,0,30,,84376,28,,,0,70,,84388,28,,,0,30,,84367,28,,,0,70,,84378,28,,,0,30,,84387,28,,,0,70,,84365,28,,,0,30,,84377,28,,,0,70,,84389,28,,,0,30,,84369,28,,,0,70,,84380,28,,,0
2401,'STMPSu2-Sunday',642,,84390,28,,,0,70,,84400,28,,,0,30,,84411,28,,,0,70,,84391,28,,,0,30,,84402,28,,,0,70,,84413,28,,,0,30,,84392,28,,,0,70,,84404,28,,,0,30,,84414,28,,,0,70,,84393,28,,,0,30,,84403,28,,,0,70,,84415,28,,,0,30,,84394,28,,,0,70,,84405,28,,,0,30,,84416,28,,,0,70,,84395,28,,,0,30,,84406,28,,,0,70,,84417,28,,,0,30,,84398,28,,,0,70,,84407,28,,,0,30,,84418,28,,,0,70,,84396,28,,,0,30,,84408,28,,,0,70,,84420,28,,,0,30,,84399,28,,,0,70,,84410,28,,,0,30,,84419,28,,,0,70,,84397,28,,,0,30,,84409,28,,,0,70,,84421,28,,,0,30,,84401,28,,,0,70,,84412,28,,,0
2401,'STMPWeek-Weekday',555,,84443,28,,,0,80,,84452,28,,,0,73,,84422,28,,,0,30,,84444,28,,,0,70,,84454,28,,,0,30,,84423,28,,,0,69,,84445,28,,,0,28,,84455,28,,,0,70,,84424,28,,,0,30,,84447,28,,,0,70,,84456,28,,,0,30,,84425,28,,,0,70,,84446,28,,,0,30,,84453,28,,,0,70,,84426,28,,,0,30,,84449,28,,,0,70,,84457,28,,,0,30,,84428,28,,,0,70,,84448,28,,,0,34,,84458,28,,,0,70,,84427,28,,,0,30,,84450,28,,,0,70,,84459,28,,,0,29,,84429,28,,,0,70,,84451,28,,,0,30,,84434,28,,,0,67,,84430,28,,,0,30,,84438,28,,,0,70,,84435,28,,,0,30,,84431,28,,,0,70,,84440,28,,,0,30,,84436,28,,,0,70,,84432,28,,,0,29,,84441,28,,,0,68,,84437,28,,,0,30,,84433,28,,,0,70,,84442,28,,,0,35,,84439,28,,,0
2401,'STMPar-Weekday',555,,84481,28,,,0,80,,84490,28,,,0,73,,84460,28,,,0,30,,84482,28,,,0,70,,84492,28,,,0,30,,84461,28,,,0,69,,84483,28,,,0,28,,84493,28,,,0,70,,84462,28,,,0,30,,84485,28,,,0,70,,84494,28,,,0,30,,84464,28,,,0,70,,84484,28,,,0,30,,84491,28,,,0,70,,84465,28,,,0,30,,84487,28,,,0,70,,84495,28,,,0,30,,84466,28,,,0,70,,84486,28,,,0,34,,84496,28,,,0,70,,84463,28,,,0,30,,84488,28,,,0,70,,84497,28,,,0,29,,84467,28,,,0,70,,84489,28,,,0,30,,84472,28,,,0,67,,84468,28,,,0,30,,84476,28,,,0,70,,84473,28,,,0,30,,84469,28,,,0,70,,84478,28,,,0,30,,84474,28,,,0,70,,84470,28,,,0,29,,84479,28,,,0,68,,84475,28,,,0,30,,84471,28,,,0,70,,84480,28,,,0,35,,84477,28,,,0
14700,'Weekday',539,,126736,8,,,0,72,,126740,8,,,0,32,,126737,8,,,0,72,,126741,8,,,0,32,,126738,8,,,0,72,,126742,8,,,0,32,,126739,8,,,0,71,,126750,8,,,0,32,,126756,8,,,0,72,,126751,8,,,0,32,,126757,8,,,0,72,,126752,8,,,0,72,,126758,8,,,0,32,,126753,8,,,0,72,,126759,8,,,0,32,,126754,8,,,0,72,,126760,8,,,0,32,,126755,8,,,0,73,,126746,8,,,0,32,,126743,8,,,0,72,,126747,8,,,0,32,,126744,8,,,0,72,,126748,8,,,0,32,,126745,8,,,0,72,,126749,8,,,0
14700,'STMPSnea-Weekday',539,,126761,8,,,0,72,,126765,8,,,0,32,,126762,8,,,0,72,,126766,8,,,0,32,,126763,8,,,0,72,,126767,8,,,0,32,,126764,8,,,0,71,,126775,8,,,0,32,,126781,8,,,0,72,,126776,8,,,0,32,,126782,8,,,0,72,,126777,8,,,0,72,,126783,8,,,0,32,,126778,8,,,0,72,,126784,8,,,0,32,,126779,8,,,0,72,,126785,8,,,0,32,,126780,8,,,0,73,,126771,8,,,0,32,,126768,8,,,0,72,,126772,8,,,0,32,,126769,8,,,0,72,,126773,8,,,0,32,,126770,8,,,0,72,,126774,8,,,0
14700,'STMPWeek-Weekday',539,,126786,8,,,0,72,,126790,8,,,0,32,,126787,8,,,0,72,,126791,8,,,0,32,,126788,8,,,0,72,,126792,8,,,0,32,,126789,8,,,0,71,,126800,8,,,0,32,,126806,8,,,0,72,,126801,8,,,0,32,,126807,8,,,0,72,,126802,8,,,0,72,,126808,8,,,0,32,,126803,8,,,0,72,,126809,8,,,0,32,,126804,8,,,0,72,,126810,8,,,0,32,,126805,8,,,0,73,,126796,8,,,0,32,,126793,8,,,0,72,,126797,8,,,0,32,,126794,8,,,0,72,,126798,8,,,0,32,,126795,8,,,0,72,,126799,8,,,0
14700,'STMPar-Weekday',539,,126811,8,,,0,72,,126815,8,,,0,32,,126812,8,,,0,72,,126816,8,,,0,32,,126813,8,,,0,72,,126817,8,,,0,32,,126814,8,,,0,71,,126825,8,,,0,32,,126831,8,,,0,72,,126826,8,,,0,32,,126832,8,,,0,72,,126827,8,,,0,72,,126833,8,,,0,32,,126828,8,,,0,72,,126834,8,,,0,32,,126829,8,,,0,72,,126835,8,,,0,32,,126830,8,,,0,73,,126821,8,,,0,32,,126818,8,,,0,72,,126822,8,,,0,32,,126819,8,,,0,72,,126823,8,,,0,32,,126820,8,,,0,72,,126824,8,,,0
