1901,'2025DE-1BUSCUT-Weekday-02',459,,6578,,,0,70,,6585,,,0,24,,6593,,,0,72,,6601,,,0,32,,6611,,,0,66,,6577,,,0,78,,6586,,,0,32,,6594,,,0,72,,6602,,,0,32,,6612,,,0,72,,6579,,,0,32,,6587,,,0,72,,6595,,,0,32,,6603,,,0,72,,6613,,,0,32,,6580,,,0,72,,6588,,,0,34,,6596,,,0,72,,6605,,,0,32,,6614,,,0,72,,6581,,,0,72,,6589,,,0,32,,6597,,,0,72,,6604,,,0,30,,6615,,,0,70,,6582,,,0,30,,6590,,,0,70,,6598,,,0,30,,6606,,,0,70,,6616,,,0,30,,6583,,,0,70,,6591,,,0,30,,6599,,,0,70,,6607,,,0,30,,6617,,,0,70,,6584,,,0,30,,6592,,,0,70,,6600,,,0,30,,6608,,,0,70,,6609,,,0
1901,'2025DE-1BUSSA-Saturday-02',601,,6626,,,0,35,,6618,,,0,75,,6634,,,0,35,,6642,,,0,75,,6627,,,0,35,,6619,,,0,75,,6635,,,0,75,,6643,,,0,35,,6628,,,0,75,,6620,,,0,35,,6636,,,0,74,,6644,,,0,75,,6629,,,0,28,,6621,,,0,24,,6649,,,0,68,,6638,,,0,28,,6645,,,0,68,,6630,,,0,28,,6622,,,0,68,,6650,,,0,28,,6637,,,0,68,,6646,,,0,28,,6631,,,0,68,,6623,,,0,28,,6651,,,0,23,,6640,,,0,73,,6648,,,0,75,,6632,,,0,35,,6624,,,0,75,,6641,,,0,35,,6647,,,0,75,,6633,,,0,35,,6625,,,0,75,,6639,0,45 46 47,0
1901,'2025DE-1BUSSU-Sunday-02',601,,6660,,,0,35,,6652,,,0,75,,6668,,,0,35,,6676,,,0,75,,6661,,,0,35,,6653,,,0,75,,6669,,,0,75,,6677,,,0,35,,6662,,,0,75,,6654,,,0,35,,6670,,,0,74,,6679,,,0,75,,6664,,,0,28,,6655,,,0,24,,6683,,,0,68,,6671,,,0,28,,6678,,,0,68,,6666,,,0,28,,6656,,,0,68,,6684,,,0,28,,6672,,,0,68,,6680,,,0,28,,6665,,,0,68,,6657,,,0,28,,6685,,,0,23,,6673,,,0,73,,6681,,,0,75,,6663,,,0,35,,6658,,,0,75,,6674,,,0,35,,6682,,,0,75,,6667,,,0,35,,6659,,,0,75,,6675,0,45 46 47,0
1901,'2025DE-1BUSWK-Weekday-02',459,,6689,,,0,70,,6697,,,0,24,,6705,,,0,72,,6713,,,0,32,,6723,,,0,66,,6690,,,0,78,,6698,,,0,32,,6706,,,0,72,,6714,,,0,32,,6724,,,0,72,,6691,,,0,32,,6699,,,0,72,,6707,,,0,32,,6715,,,0,72,,6725,,,0,32,,6692,,,0,72,,6700,,,0,26,,6688,,,0,8,,6708,,,0,72,,6717,,,0,32,,6726,,,0,72,,6693,,,0,72,,6701,,,0,32,,6709,,,0,72,,6716,,,0,30,,6727,,,0,70,,6694,,,0,30,,6702,,,0,70,,6710,,,0,30,,6718,,,0,70,,6728,,,0,30,,6695,,,0,70,,6703,,,0,30,,6711,,,0,70,,6719,,,0,30,,6729,,,0,70,,6696,,,0,30,,6704,,,0,70,,6712,,,0,30,,6720,,,0,70,,6721,,,0
1901,'2025DE-pBxDec31-Weekday-02',459,,6733,,,0,70,,6740,,,0,24,,6748,,,0,72,,6756,,,0,32,,6766,,,0,66,,6732,,,0,78,,6741,,,0,32,,6749,,,0,72,,6757,,,0,32,,6767,,,0,72,,6734,,,0,32,,6742,,,0,72,,6751,,,0,32,,6758,,,0,72,,6768,,,0,32,,6735,,,0,72,,6743,,,0,34,,6750,,,0,72,,6760,,,0,32,,6769,,,0,72,,6736,,,0,72,,6744,,,0,32,,6752,,,0,72,,6759,,,0,30,,6770,,,0,70,,6737,,,0,30,,6745,,,0,70,,6753,,,0,30,,6761,,,0,70,,6771,,,0,30,,6738,,,0,70,,6746,,,0,30,,6754,,,0,70,,6762,,,0,30,,6772,,,0,70,,6739,,,0,30,,6747,,,0,70,,6755,,,0,30,,6763,,,0,70,,6764,,,0
3201,'2025DE-1BUSCUT-Weekday-02',526,,10012,,,0,20,,10053,,,0,60,,10048,,,0,18,,10049,,,0,15,,10030,,,0,15,,10052,,,0,55,,10018,,,0,15,,10050,,,0,15,,10024,,,0,16,,10055,,,0,56,,10013,,,0,17,,10056,,,0,17,,10031,,,0,69,,10019,,,0,29,,10025,,,0,70,,10014,,,0,30,,10032,,,0,69,,10020,,,0,29,,10026,,,0,70,,10015,,,0,30,,10033,,,0,70,,10021,,,0,30,,10027,,,0,70,,10016,,,0,15,,10057,,,0,15,,10034,,,0,16,,10051,,,0,57,,10023,,,0,17,,10054,,,0,18,,10028,,,0,56,,10058,,,0,15,,10017,,,0,16,,10059,,,0,16,,10036,,,0,57,,10060,,,0,17,,10022,,,0,16,,10061,,,0,16,,10029,,,0,69,,10035,,,0,28,,10040,,,0,68,,10043,,,0,28,,10046,,,0,68,,10038,,,0,28,,10041,,,0,68,,10045,,,0,28,,10047,,,0,68,,10037,,,0,28,,10042,,,0,68,,10044,,,0,28,,10039,,,0
3201,'2025DE-1BUSSA-Saturday-02',606,,10062,,,0,30,,10075,,,0,70,,10069,,,0,20,,10082,,,0,30,,10063,,,0,70,,10076,,,0,30,,10070,,,0,70,,10083,,,0,30,,10064,,,0,70,,10078,,,0,30,,10071,,,0,70,,10084,,,0,30,,10065,,,0,70,,10077,,,0,30,,10072,,,0,70,,10085,,,0,30,,10066,,,0,70,,10079,,,0,30,,10073,,,0,70,,10086,,,0,30,,10067,,,0,70,,10080,,,0,30,,10074,,,0,70,,10087,,,0,30,,10068,,,0,70,,10081,,,0,30,,10089,,,0,70,,10090,,,0,30,,10091,,,0,70,,10092,,,0,26,,10093,,,0,70,,10094,,,0,30,,10095,,,0,70,,10096,,,0,30,,10097,,,0,70,,10088,,,0
3201,'2025DE-1BUSSU-Sunday-02',606,,10098,,,0,30,,10100,,,0,70,,10099,,,0,20,,10101,,,0,30,,10102,,,0,70,,10103,,,0,30,,10104,,,0,70,,10105,,,0,30,,10106,,,0,70,,10109,,,0,30,,10108,,,0,70,,10111,,,0,30,,10107,,,0,70,,10110,,,0,30,,10113,,,0,70,,10115,,,0,30,,10112,,,0,70,,10114,,,0,30,,10116,,,0,70,,10117,,,0,30,,10119,,,0,70,,10120,,,0,30,,10118,,,0,70,,10122,,,0,30,,10121,,,0,70,,10123,,,0,30,,10124,,,0,70,,10125,,,0,30,,10126,,,0,70,,10127,,,0,26,,10128,,,0,70,,10129,,,0,30,,10130,,,0,70,,10131,,,0,30,,10132,,,0,70,,10133,,,0
3201,'2025DE-1BUSWK-Weekday-02',526,,10134,,,0,20,,10175,,,0,60,,10170,,,0,18,,10171,,,0,15,,10152,,,0,15,,10174,,,0,55,,10140,,,0,15,,10172,,,0,15,,10146,,,0,16,,10177,,,0,56,,10135,,,0,17,,10178,,,0,17,,10153,,,0,69,,10141,,,0,29,,10147,,,0,70,,10136,,,0,30,,10154,,,0,69,,10142,,,0,29,,10148,,,0,70,,10137,,,0,30,,10155,,,0,70,,10143,,,0,30,,10149,,,0,70,,10138,,,0,15,,10179,,,0,15,,10156,,,0,16,,10173,,,0,57,,10145,,,0,17,,10176,,,0,18,,10150,,,0,56,,10180,,,0,15,,10139,,,0,16,,10181,,,0,16,,10158,,,0,57,,10182,,,0,17,,10144,,,0,16,,10183,,,0,16,,10151,,,0,69,,10157,,,0,28,,10162,,,0,68,,10165,,,0,28,,10168,,,0,68,,10159,,,0,28,,10163,,,0,68,,10167,,,0,28,,10169,,,0,68,,10160,,,0,28,,10164,,,0,68,,10166,,,0,28,,10161,,,0
3201,'2025DE-pBxDec31-Weekday-02',526,,10184,,,0,20,,10225,,,0,60,,10220,,,0,18,,10221,,,0,15,,10202,,,0,15,,10224,,,0,55,,10190,,,0,15,,10222,,,0,15,,10196,,,0,16,,10227,,,0,56,,10185,,,0,17,,10228,,,0,17,,10203,,,0,69,,10191,,,0,29,,10197,,,0,70,,10186,,,0,30,,10204,,,0,69,,10192,,,0,29,,10198,,,0,70,,10187,,,0,30,,10205,,,0,70,,10193,,,0,30,,10199,,,0,70,,10188,,,0,15,,10229,,,0,15,,10206,,,0,16,,10223,,,0,57,,10195,,,0,17,,10226,,,0,18,,10200,,,0,56,,10230,,,0,15,,10189,,,0,16,,10231,,,0,16,,10208,,,0,57,,10232,,,0,17,,10194,,,0,16,,10233,,,0,16,,10201,,,0,69,,10207,,,0,28,,10212,,,0,68,,10215,,,0,28,,10218,,,0,68,,10210,,,0,28,,10213,,,0,68,,10217,,,0,28,,10219,,,0,68,,10209,,,0,28,,10214,,,0,68,,10216,,,0,28,,10211,,,0
3301,'2025DE-1BUSCUT-Weekday-02',605,,10372,,,0,31,,10373,,,0,72,,10374,,,0,35,,10375,,,0,75,,10376,,,0,35,,10377,,,0,75,,10378,,,0,75,,10379,,,0,35,,10380,,,0,75,,10381,,,0,35,,10383,,,0,75,,10382,,,0,35,,10384,,,0,75,,10385,,,0,75,,10386,,,0,36,,10387,,,0,76,,10389,,,0,36,,10388,,,0,76,,10391,,,0,76,,10390,,,0,36,,10392,,,0,75,,10393,,,0,33,,10394,,,0,73,,10395,,,0
3301,'2025DE-1BUSWK-Weekday-02',605,,10452,,,0,31,,10453,,,0,72,,10454,,,0,35,,10455,,,0,75,,10456,,,0,35,,10457,,,0,75,,10458,,,0,75,,10459,,,0,35,,10460,,,0,75,,10461,,,0,35,,10463,,,0,75,,10462,,,0,35,,10464,,,0,75,,10465,,,0,75,,10466,,,0,36,,10467,,,0,76,,10469,,,0,36,,10468,,,0,76,,10471,,,0,76,,10470,,,0,36,,10472,,,0,75,,10473,,,0,33,,10474,,,0,73,,10475,,,0
3301,'2025DE-pBxDec31-Weekday-02',605,,10480,,,0,31,,10481,,,0,72,,10482,,,0,35,,10483,,,0,75,,10484,,,0,35,,10485,,,0,75,,10486,,,0,75,,10487,,,0,35,,10488,,,0,75,,10489,,,0,35,,10491,,,0,75,,10490,,,0,35,,10492,,,0,75,,10493,,,0,75,,10494,,,0,36,,10495,,,0,76,,10497,,,0,36,,10496,,,0,76,,10499,,,0,76,,10498,,,0,36,,10500,,,0,75,,10501,,,0,33,,10502,,,0,73,,10503,,,0
