12900,'Saturday',720,,56569,19,,,0,80,,56586,19,,,0,40,,56578,19,,,0,80,,56570,19,,,0,80,,56587,19,,,0,40,,56579,19,,,0,80,,56571,19,,,0,80,,56588,19,,,0,41,,56580,19,,,0,80,,56572,19,,,0,80,,56589,19,,,0,40,,56581,19,,,0,80,,56574,19,,,0,80,,56591,19,,,0,40,,56582,19,,,0,80,,56573,19,,,0,80,,56590,19,,,0,39,,56583,19,,,0,80,,56575,19,,,0,80,,56592,19,,,0,43,,56584,19,,,0,77,,56576,19,,,0,80,,56593,19,,,0,40,,56585,19,,,0,80,,56577,19,,,0,83,,56594,19,,,0
12900,'Sunday',720,,56595,19,,,0,80,,56612,19,,,0,40,,56604,19,,,0,80,,56596,19,,,0,80,,56614,19,,,0,40,,56605,19,,,0,80,,56597,19,,,0,80,,56613,19,,,0,41,,56606,19,,,0,80,,56598,19,,,0,80,,56615,19,,,0,40,,56607,19,,,0,80,,56599,19,,,0,80,,56617,19,,,0,40,,56608,19,,,0,80,,56600,19,,,0,80,,56616,19,,,0,39,,56609,19,,,0,80,,56601,19,,,0,80,,56618,19,,,0,43,,56610,19,,,0,77,,56602,19,,,0,80,,56619,19,,,0,40,,56611,19,,,0,80,,56603,19,,,0,83,,56620,19,,,0
12900,'Weekday',609,,56628,19,,,0,29,,56622,19,,,0,71,,56640,19,,,0,30,,56646,19,,,0,70,,56629,19,,,0,30,,56623,19,,,0,69,,56641,19,,,0,30,,56647,19,,,0,70,,56630,19,,,0,30,,56624,19,,,0,70,,56642,19,,,0,30,,56648,19,,,0,70,,56631,19,,,0,30,,56625,19,,,0,70,,56643,19,,,0,30,,56649,19,,,0,70,,56632,19,,,0,33,,56626,19,,,0,4,,56658,7,,,0,64,,56644,19,,,0,27,,56650,19,,,0,73,,56633,19,,,0,18,,56657,19,,,0,15,,56627,19,,,0,70,,56645,19,,,0,27,,56651,19,,,0,69,,56634,19,,,0,30,,56652,19,,,0,70,,56635,19,,,0,30,,56653,19,,,0,70,,56621,19,,,0,30,,56654,19,,,0,68,,56636,19,,,0,30,,56655,19,,,0,70,,56637,19,,,0,30,,56656,19,,,0,70,,56638,19,,,0,100,,56639,19,,,0
12900,'Weekday1111000',1455,,56659,19,,,0
12900,'1CCSDCUT-Weekday',609,,56667,19,,,0,29,,56661,19,,,0,71,,56679,19,,,0,30,,56685,19,,,0,70,,56668,19,,,0,30,,56662,19,,,0,69,,56680,19,,,0,30,,56686,19,,,0,70,,56669,19,,,0,30,,56663,19,,,0,70,,56681,19,,,0,30,,56687,19,,,0,70,,56670,19,,,0,30,,56664,19,,,0,70,,56682,19,,,0,30,,56688,19,,,0,70,,56671,19,,,0,33,,56665,19,,,0,4,,56697,7,,,0,64,,56683,19,,,0,27,,56689,19,,,0,73,,56672,19,,,0,18,,56696,19,,,0,15,,56666,19,,,0,70,,56684,19,,,0,27,,56690,19,,,0,69,,56673,19,,,0,30,,56691,19,,,0,70,,56674,19,,,0,30,,56692,19,,,0,70,,56660,19,,,0,30,,56693,19,,,0,68,,56675,19,,,0,30,,56694,19,,,0,70,,56676,19,,,0,30,,56695,19,,,0,70,,56677,19,,,0,100,,56678,19,,,0
12900,'1CCSDCUT-Weekday1111000',1455,,56698,19,,,0
70300,'Weekday0000100',1333,,68351,8,0,130 14,0
70300,'Weekday1111000',1543,,68353,8,0,130 14,0
70300,'1CCSDCUT-Weekday0000100',1333,,68355,8,0,130 14,0
70300,'1CCSDCUT-Weekday1111000',1543,,68357,8,0,130 14,0
81801,'Weekday',801,,68944,7,0,12 13 14 15 16,0
