13801,'Saturday',614,,58000,21,,,0,34,,57975,21,,,0,80,,57974,21,,,0,80,,57976,21,,,0,40,,57979,21,,,0,80,,57980,21,,,0,80,,57981,21,,,0,40,,57978,21,,,0,80,,57982,21,,,0,80,,57977,21,,,0,40,,57984,21,,,0,80,,57985,21,,,0,80,,57986,21,,,0,40,,57983,21,,,0,80,,57987,21,,,0,80,,57988,21,,,0,40,,57989,21,,,0,80,,57990,21,,,0,80,,57991,21,,,0,40,,57992,21,,,0,80,,57993,21,,,0,80,,57994,21,,,0,40,,57995,21,,,0,80,,57997,21,,,0,80,,57996,21,,,0,40,,57999,21,,,0,80,,57998,21,,,0,80,,58001,21,,,0
13801,'Sunday',614,,58002,21,,,0,34,,58011,21,,,0,80,,58021,21,,,0,80,,58003,21,,,0,40,,58012,21,,,0,80,,58022,21,,,0,80,,58004,21,,,0,40,,58013,21,,,0,80,,58023,21,,,0,80,,58005,21,,,0,40,,58014,21,,,0,80,,58024,21,,,0,80,,58006,21,,,0,40,,58015,21,,,0,80,,58025,21,,,0,80,,58007,21,,,0,40,,58016,21,,,0,80,,58026,21,,,0,80,,58008,21,,,0,40,,58017,21,,,0,80,,58027,21,,,0,80,,58009,21,,,0,40,,58018,21,,,0,80,,58028,21,,,0,80,,58010,21,,,0,40,,58019,21,,,0,80,,58020,21,,,0
13801,'Weekday',503,,58045,21,,,0,30,,58053,21,,,0,71,,58029,21,,,0,30,,58035,21,,,0,70,,58046,21,,,0,30,,58054,21,,,0,16,,58067,21,,,0,55,,58030,21,,,0,30,,58036,21,,,0,70,,58047,21,,,0,29,,58055,21,,,0,72,,58031,21,,,0,30,,58037,21,,,0,70,,58048,21,,,0,30,,58056,21,,,0,70,,58032,21,,,0,30,,58038,21,,,0,70,,58049,21,,,0,30,,58057,21,,,0,70,,58033,21,,,0,30,,58039,21,,,0,70,,58050,21,,,0,33,,58058,21,,,0,72,,58034,21,,,0,30,,58040,21,,,0,70,,58051,21,,,0,32,,58059,21,,,0,67,,58041,21,,,0,27,,58052,21,,,0,69,,58062,21,,,0,30,,58042,21,,,0,70,,58065,21,,,0,30,,58060,21,,,0,70,,58063,21,,,0,29,,58043,21,,,0,70,,58066,21,,,0,30,,58061,21,,,0,70,,58064,21,,,0,30,,58044,21,,,0,70,,58068,21,,,0
13801,'1CCSDCUT-Weekday',503,,58085,21,,,0,30,,58093,21,,,0,71,,58069,21,,,0,30,,58075,21,,,0,70,,58086,21,,,0,30,,58094,21,,,0,16,,58107,21,,,0,55,,58070,21,,,0,30,,58076,21,,,0,70,,58087,21,,,0,29,,58095,21,,,0,72,,58071,21,,,0,30,,58077,21,,,0,70,,58088,21,,,0,30,,58096,21,,,0,70,,58072,21,,,0,30,,58078,21,,,0,70,,58089,21,,,0,30,,58097,21,,,0,70,,58073,21,,,0,30,,58079,21,,,0,70,,58090,21,,,0,33,,58098,21,,,0,72,,58074,21,,,0,30,,58080,21,,,0,70,,58091,21,,,0,32,,58099,21,,,0,67,,58081,21,,,0,27,,58092,21,,,0,69,,58102,21,,,0,30,,58082,21,,,0,70,,58105,21,,,0,30,,58100,21,,,0,70,,58103,21,,,0,29,,58083,21,,,0,70,,58106,21,,,0,30,,58101,21,,,0,70,,58104,21,,,0,30,,58084,21,,,0,70,,58108,21,,,0
13801,'1PUBCUT-Weekday',503,,58125,21,,,0,30,,58133,21,,,0,71,,58109,21,,,0,30,,58115,21,,,0,70,,58126,21,,,0,30,,58134,21,,,0,16,,58147,21,,,0,55,,58110,21,,,0,30,,58116,21,,,0,70,,58127,21,,,0,29,,58135,21,,,0,72,,58111,21,,,0,30,,58117,21,,,0,70,,58128,21,,,0,30,,58136,21,,,0,70,,58112,21,,,0,30,,58118,21,,,0,70,,58129,21,,,0,30,,58137,21,,,0,70,,58113,21,,,0,30,,58119,21,,,0,70,,58130,21,,,0,33,,58138,21,,,0,72,,58114,21,,,0,30,,58120,21,,,0,70,,58131,21,,,0,32,,58139,21,,,0,67,,58121,21,,,0,27,,58132,21,,,0,69,,58142,21,,,0,30,,58122,21,,,0,70,,58145,21,,,0,30,,58140,21,,,0,70,,58143,21,,,0,29,,58123,21,,,0,70,,58146,21,,,0,30,,58141,21,,,0,70,,58144,21,,,0,30,,58124,21,,,0,70,,58148,21,,,0
77201,'Weekday',750,,68732,9,0,185 186 94,0
77201,'1CCSDCUT-Weekday',750,,68733,9,0,185 186 94,0
81200,'Weekday',816,,68904,10,0,12 13 146 147 148,0
81200,'1PUBCUT-Weekday',816,,68905,10,0,12 13 146 147 148,0
81600,'Weekday',811,,68928,5,0,12 13 148,0
81600,'1PUBCUT-Weekday',811,,68929,5,0,12 13 148,0
