901,'2025DE-1BUSCUT-Weekday-02',507,,4070,,,0,22,,4085,,,0,22,,4096,,,0,62,,4111,,,0,23,,4078,,,0,64,,4091,,,0,27,,4103,,,0,22,,4071,,,0,61,,4086,,,0,11,,4123,,,0,11,,4097,,,0,11,,4124,,,0,11,,4112,,,0,62,,4119,,,0,21,,4079,,,0,11,,4127,,,0,10,,4092,,,0,61,,4104,,,0,22,,4072,,,0,62,,4087,,,0,22,,4098,,,0,22,,4113,,,0,62,,4120,,,0,22,,4080,,,0,22,,4093,,,0,62,,4106,,,0,22,,4073,,,0,22,,4088,,,0,62,,4099,,,0,22,,4114,,,0,63,,4121,,,0,24,,4081,,,0,24,,4094,,,0,62,,4107,,,0,11,,4128,,,0,11,,4074,,,0,11,,4125,,,0,51,,4089,,,0,11,,4126,,,0,11,,4100,,,0,22,,4115,,,0,62,,4122,,,0,22,,4082,,,0,19,,4095,,,0,59,,4108,,,0,19,,4075,,,0,22,,4090,,,0,62,,4101,,,0,30,,4116,,,0,70,,4083,,,0,29,,4109,,,0,68,,4076,,,0,30,,4102,,,0,70,,4117,,,0,30,,4084,,,0,70,,4110,,,0,30,,4077,,,0,70,,4105,,,0,30,,4118,,,0
901,'2025DE-1BUSSA-Saturday-02',544,,4130,,,0,90,,4141,,,0,71,,4153,,,0,31,,4158,,,0,72,,4134,,,0,31,,4147,,,0,71,,4131,,,0,32,,4142,,,0,71,,4152,,,0,32,,4159,,,0,71,,4136,,,0,31,,4149,,,0,71,,4132,,,0,33,,4143,,,0,71,,4155,,,0,31,,4160,,,0,71,,4138,,,0,31,,4148,,,0,71,,4129,,,0,31,,4144,,,0,71,,4154,,,0,31,,4161,,,0,71,,4139,,,0,71,,4150,,,0,31,,4133,,,0,70,,4145,,,0,29,,4156,,,0,71,,4162,,,0,31,,4137,,,0,70,,4151,,,0,31,,4135,,,0,71,,4146,,,0,31,,4157,,,0,71,,4163,,,0,31,,4140,,,0
901,'2025DE-1BUSSU-Sunday-02',544,,4166,,,0,90,,4176,,,0,71,,4195,,,0,31,,4185,,,0,72,,4165,,,0,31,,4172,,,0,71,,4180,,,0,32,,4193,,,0,71,,4188,,,0,32,,4167,,,0,71,,4174,,,0,31,,4181,,,0,71,,4196,,,0,33,,4187,,,0,71,,4164,,,0,31,,4173,,,0,71,,4182,,,0,31,,4197,,,0,71,,4190,,,0,31,,4168,,,0,71,,4175,,,0,31,,4183,,,0,71,,4198,,,0,71,,4189,,,0,31,,4169,,,0,70,,4177,,,0,29,,4184,,,0,71,,4194,,,0,31,,4191,,,0,70,,4170,,,0,31,,4178,,,0,71,,4186,,,0,31,,4179,,,0,71,,4192,,,0,31,,4171,,,0
901,'2025DE-1BUSWK-Weekday-02',507,,4199,,,0,22,,4214,,,0,22,,4225,,,0,62,,4240,,,0,23,,4207,,,0,64,,4220,,,0,27,,4232,,,0,22,,4200,,,0,61,,4215,,,0,11,,4252,,,0,11,,4226,,,0,11,,4253,,,0,11,,4241,,,0,51,,4254,,,0,11,,4248,,,0,10,,4255,,,0,11,,4208,,,0,11,,4258,,,0,10,,4221,,,0,61,,4233,,,0,22,,4201,,,0,62,,4216,,,0,22,,4227,,,0,22,,4242,,,0,62,,4249,,,0,22,,4209,,,0,22,,4222,,,0,62,,4235,,,0,22,,4202,,,0,22,,4217,,,0,62,,4228,,,0,22,,4243,,,0,63,,4250,,,0,24,,4210,,,0,24,,4223,,,0,62,,4236,,,0,11,,4259,,,0,11,,4203,,,0,11,,4256,,,0,51,,4218,,,0,11,,4257,,,0,11,,4229,,,0,22,,4244,,,0,62,,4251,,,0,22,,4211,,,0,19,,4224,,,0,59,,4237,,,0,19,,4204,,,0,22,,4219,,,0,62,,4230,,,0,30,,4245,,,0,70,,4212,,,0,29,,4238,,,0,68,,4205,,,0,30,,4231,,,0,70,,4246,,,0,30,,4213,,,0,70,,4239,,,0,30,,4206,,,0,70,,4234,,,0,30,,4247,,,0
901,'2025DE-pBxDec31-Weekday-02',507,,4260,,,0,22,,4275,,,0,22,,4284,,,0,62,,4301,,,0,23,,4268,,,0,64,,4281,,,0,27,,4293,,,0,22,,4261,,,0,61,,4276,,,0,11,,4313,,,0,11,,4287,,,0,11,,4314,,,0,11,,4302,,,0,62,,4309,,,0,21,,4269,,,0,11,,4317,,,0,10,,4282,,,0,61,,4294,,,0,22,,4262,,,0,62,,4277,,,0,22,,4288,,,0,22,,4303,,,0,62,,4310,,,0,22,,4270,,,0,22,,4283,,,0,62,,4296,,,0,22,,4263,,,0,22,,4278,,,0,62,,4289,,,0,22,,4304,,,0,63,,4311,,,0,24,,4271,,,0,24,,4285,,,0,62,,4297,,,0,11,,4318,,,0,11,,4264,,,0,11,,4315,,,0,51,,4279,,,0,11,,4316,,,0,11,,4290,,,0,22,,4305,,,0,62,,4312,,,0,22,,4272,,,0,19,,4286,,,0,59,,4298,,,0,19,,4265,,,0,22,,4280,,,0,62,,4291,,,0,30,,4306,,,0,70,,4273,,,0,29,,4299,,,0,68,,4266,,,0,30,,4292,,,0,70,,4307,,,0,30,,4274,,,0,70,,4300,,,0,30,,4267,,,0,70,,4295,,,0,30,,4308,,,0
1300,'2025DE-1BUSCUT-Weekday-02',555,,4984,,,0,70,,4992,,,0,28,,5010,,,0,70,,5001,,,0,30,,4985,,,0,69,,4993,,,0,30,,5011,,,0,70,,5002,,,0,30,,4983,,,0,71,,4994,,,0,30,,5013,,,0,70,,5003,,,0,30,,4986,,,0,70,,4995,,,0,30,,5012,,,0,70,,5004,,,0,30,,4987,,,0,70,,4996,,,0,30,,5014,,,0,71,,5005,,,0,30,,4989,,,0,70,,4997,,,0,30,,5015,,,0,70,,5006,,,0,30,,4988,,,0,65,,4998,,,0,30,,5017,,,0,70,,5007,,,0,30,,4990,,,0,70,,4999,,,0,30,,5016,,,0,70,,5008,,,0,30,,4991,,,0,70,,5000,,,0,30,,5018,,,0,64,,5009,,,0
1300,'2025DE-1BUSSA-Saturday-02',723,,5021,,,0,34,,5029,,,0,74,,5039,,,0,74,,5020,,,0,34,,5030,,,0,74,,5040,,,0,34,,5023,,,0,74,,5031,,,0,34,,5022,,,0,74,,5034,,,0,74,,5041,,,0,34,,5024,,,0,74,,5033,,,0,34,,5042,,,0,76,,5025,,,0,34,,5032,,,0,74,,5043,,,0,74,,5026,,,0,34,,5035,,,0,73,,5045,,,0,33,,5027,,,0,74,,5036,,,0,34,,5044,,,0,74,,5037,,,0,34,,5046,,,0,74,,5028,,,0,74,,5038,,,0,34,,5047,,,0,74,,5048,,,0
1300,'2025DE-1BUSSU-Sunday-02',723,,5050,,,0,34,,5061,,,0,74,,5071,,,0,75,,5051,,,0,34,,5062,,,0,74,,5072,,,0,34,,5052,,,0,74,,5063,,,0,34,,5073,,,0,74,,5054,,,0,74,,5064,,,0,34,,5075,,,0,74,,5053,,,0,34,,5065,,,0,76,,5074,,,0,34,,5055,,,0,74,,5066,,,0,74,,5076,,,0,34,,5056,,,0,72,,5067,,,0,33,,5077,,,0,74,,5058,,,0,34,,5068,,,0,74,,5078,,,0,34,,5059,,,0,74,,5069,,,0,74,,5079,,,0,34,,5057,,,0,74,,5070,,,0,34,,5080,,,0,74,,5060,,,0
1300,'2025DE-1BUSWK-Weekday-02',555,,5082,,,0,70,,5090,,,0,28,,5108,,,0,70,,5099,,,0,30,,5083,,,0,69,,5091,,,0,30,,5109,,,0,70,,5100,,,0,30,,5081,,,0,71,,5092,,,0,30,,5111,,,0,70,,5101,,,0,30,,5084,,,0,70,,5093,,,0,30,,5110,,,0,70,,5102,,,0,30,,5085,,,0,70,,5094,,,0,30,,5112,,,0,71,,5103,,,0,30,,5086,,,0,70,,5095,,,0,30,,5113,,,0,70,,5104,,,0,30,,5087,,,0,65,,5096,,,0,30,,5115,,,0,70,,5105,,,0,30,,5088,,,0,70,,5097,,,0,30,,5114,,,0,70,,5106,,,0,30,,5089,,,0,70,,5098,,,0,30,,5116,,,0,64,,5107,,,0
1300,'2025DE-pBxDec31-Weekday-02',555,,5118,,,0,70,,5126,,,0,28,,5144,,,0,70,,5135,,,0,30,,5119,,,0,69,,5127,,,0,30,,5145,,,0,70,,5136,,,0,30,,5117,,,0,71,,5128,,,0,30,,5147,,,0,70,,5137,,,0,30,,5120,,,0,70,,5129,,,0,30,,5146,,,0,70,,5138,,,0,30,,5121,,,0,70,,5130,,,0,30,,5148,,,0,71,,5139,,,0,30,,5123,,,0,70,,5131,,,0,30,,5149,,,0,70,,5140,,,0,30,,5122,,,0,65,,5132,,,0,30,,5151,,,0,70,,5141,,,0,30,,5124,,,0,70,,5133,,,0,30,,5150,,,0,70,,5142,,,0,30,,5125,,,0,70,,5134,,,0,30,,5152,,,0,64,,5143,,,0
6600,'2025DE-1BUSCUT-Weekday-02',530,,18081,,,0,24,,18082,,,0,63,,18090,,,0,23,,18091,,,0,63,,18088,,,0,23,,18092,,,0,23,,18089,,,0,63,,18094,,,0,23,,18095,,,0,22,,18096,,,0,63,,18093,,,0,23,,18097,,,0,63,,18098,,,0,23,,18099,,,0,23,,18100,,,0,63,,18101,,,0,23,,18102,,,0,63,,18103,,,0,23,,18105,,,0,23,,18106,,,0,63,,18104,,,0,23,,18109,,,0,23,,18110,,,0,63,,18107,,,0,23,,18111,,,0,63,,18108,,,0,24,,18112,,,0,23,,18113,,,0,63,,18114,,,0,23,,18115,,,0,63,,18116,,,0,23,,18118,,,0,23,,18121,,,0,63,,18117,,,0,23,,18122,,,0,68,,18120,,,0,33,,18119,,,0,71,,18084,,,0,32,,18077,,,0,73,,18083,,,0,33,,18078,,,0,73,,18085,,,0,33,,18079,,,0,73,,18086,,,0,33,,18080,,,0
6600,'2025DE-1BUSSA-Saturday-02',547,,18123,,,0,73,,18140,,,0,33,,18124,,,0,73,,18142,,,0,33,,18125,,,0,73,,18141,,,0,73,,18126,,,0,34,,18143,,,0,73,,18127,,,0,33,,18144,,,0,73,,18128,,,0,33,,18146,,,0,73,,18129,,,0,33,,18145,,,0,73,,18130,,,0,73,,18147,,,0,33,,18131,,,0,73,,18148,,,0,33,,18132,,,0,73,,18149,,,0,33,,18134,,,0,73,,18152,,,0,33,,18133,,,0,72,,18150,,,0,33,,18135,,,0,73,,18151,,,0,73,,18136,,,0,33,,18153,,,0,73,,18138,,,0,33,,18154,,,0,73,,18137,,,0,33,,18155,,,0,73,,18139,,,0
6600,'2025DE-1BUSSU-Sunday-02',547,,18156,,,0,73,,18174,,,0,33,,18158,,,0,73,,18175,,,0,33,,18157,,,0,73,,18176,,,0,73,,18159,,,0,34,,18173,,,0,73,,18161,,,0,33,,18177,,,0,73,,18160,,,0,33,,18178,,,0,73,,18162,,,0,33,,18179,,,0,73,,18163,,,0,73,,18180,,,0,33,,18165,,,0,73,,18181,,,0,33,,18164,,,0,73,,18182,,,0,33,,18166,,,0,73,,18183,,,0,33,,18167,,,0,72,,18184,,,0,33,,18168,,,0,73,,18185,,,0,73,,18169,,,0,33,,18186,,,0,73,,18170,,,0,33,,18187,,,0,73,,18171,,,0,33,,18188,,,0,73,,18172,,,0
6600,'2025DE-1BUSWK-Weekday-02',530,,18193,,,0,24,,18194,,,0,63,,18201,,,0,23,,18202,,,0,63,,18200,,,0,23,,18203,,,0,23,,18204,,,0,63,,18206,,,0,23,,18207,,,0,22,,18208,,,0,63,,18205,,,0,23,,18209,,,0,63,,18210,,,0,23,,18211,,,0,23,,18212,,,0,63,,18213,,,0,23,,18214,,,0,63,,18215,,,0,23,,18217,,,0,23,,18218,,,0,63,,18216,,,0,23,,18221,,,0,23,,18222,,,0,63,,18219,,,0,23,,18223,,,0,63,,18220,,,0,24,,18224,,,0,23,,18225,,,0,63,,18226,,,0,23,,18227,,,0,63,,18228,,,0,23,,18230,,,0,23,,18233,,,0,63,,18229,,,0,23,,18234,,,0,68,,18232,,,0,33,,18231,,,0,71,,18195,,,0,32,,18189,,,0,73,,18196,,,0,33,,18190,,,0,73,,18197,,,0,33,,18191,,,0,73,,18198,,,0,33,,18192,,,0
6600,'2025DE-pBxDec31-Weekday-02',530,,18239,,,0,24,,18240,,,0,63,,18247,,,0,23,,18248,,,0,63,,18246,,,0,23,,18249,,,0,23,,18250,,,0,63,,18252,,,0,23,,18253,,,0,22,,18254,,,0,63,,18251,,,0,23,,18255,,,0,63,,18256,,,0,23,,18257,,,0,23,,18258,,,0,63,,18259,,,0,23,,18260,,,0,63,,18261,,,0,23,,18263,,,0,23,,18264,,,0,63,,18262,,,0,23,,18267,,,0,23,,18268,,,0,63,,18265,,,0,23,,18269,,,0,63,,18266,,,0,24,,18270,,,0,23,,18271,,,0,63,,18272,,,0,23,,18273,,,0,63,,18274,,,0,23,,18276,,,0,23,,18279,,,0,63,,18275,,,0,23,,18280,,,0,68,,18278,,,0,33,,18277,,,0,71,,18242,,,0,32,,18235,,,0,73,,18241,,,0,33,,18236,,,0,73,,18243,,,0,33,,18237,,,0,73,,18244,,,0,33,,18238,,,0
30601,'2025DE-1BUSCUT-Weekday-02',550,,42420,,,0,60,,42431,,,0,20,,42426,,,0,21,,42433,,,0,60,,42429,,,0,20,,42430,,,0,20,,42428,,,0,60,,42445,,,0,20,,42432,,,0,19,,42427,,,0,64,,42449,,,0,24,,42455,,,0,64,,42450,,,0,24,,42460,,,0,24,,42452,,,0,64,,42456,,,0,24,,42461,,,0,64,,42457,,,0,24,,42451,,,0,24,,42462,,,0,64,,42454,,,0,24,,42453,,,0,64,,42458,,,0,24,,42459,,,0,24,,42434,,,0,61,,42435,,,0,20,,42437,,,0,20,,42446,,,0,60,,42438,,,0,20,,42439,,,0,20,,42436,,,0,60,,42440,,,0,20,,42441,,,0,20,,42448,,,0,59,,42442,,,0,20,,42443,,,0,20,,42444,,,0,60,,42417,,,0,20,,42419,,,0,20,,42447,,,0,68,,42421,,,0,28,,42422,,,0,68,,42416,,,0,28,,42418,,,0,68,,42423,,,0,28,,42425,,,0,70,,42424,,,0
30601,'2025DE-1BUSSA-Saturday-02',609,,42463,,,0,20,,42472,,,0,20,,42481,,,0,60,,42490,,,0,20,,42499,,,0,20,,42507,,,0,60,,42464,,,0,20,,42473,,,0,20,,42482,,,0,60,,42491,,,0,20,,42500,,,0,20,,42509,,,0,60,,42465,,,0,20,,42474,,,0,20,,42483,,,0,60,,42492,,,0,20,,42501,,,0,20,,42510,,,0,61,,42466,,,0,20,,42475,,,0,20,,42484,,,0,60,,42493,,,0,20,,42502,,,0,20,,42508,,,0,60,,42467,,,0,20,,42476,,,0,20,,42485,,,0,60,,42494,,,0,20,,42503,,,0,20,,42511,,,0,60,,42468,,,0,20,,42477,,,0,20,,42486,,,0,60,,42495,,,0,20,,42504,,,0,20,,42512,,,0,59,,42469,,,0,20,,42478,,,0,20,,42487,,,0,60,,42496,,,0,20,,42505,,,0,20,,42513,,,0,60,,42471,,,0,20,,42479,,,0,20,,42488,,,0,60,,42497,,,0,20,,42506,,,0,20,,42514,,,0,60,,42470,,,0,20,,42480,,,0,20,,42489,,,0,60,,42498,,,0
30601,'2025DE-1BUSSU-Sunday-02',609,,42515,,,0,20,,42524,,,0,20,,42533,,,0,60,,42542,,,0,20,,42551,,,0,20,,42560,,,0,60,,42516,,,0,20,,42525,,,0,20,,42534,,,0,60,,42543,,,0,20,,42552,,,0,20,,42559,,,0,60,,42517,,,0,20,,42526,,,0,20,,42536,,,0,60,,42544,,,0,20,,42553,,,0,20,,42561,,,0,61,,42518,,,0,20,,42527,,,0,20,,42535,,,0,60,,42545,,,0,20,,42554,,,0,20,,42562,,,0,60,,42519,,,0,20,,42528,,,0,20,,42537,,,0,60,,42546,,,0,20,,42555,,,0,20,,42563,,,0,60,,42520,,,0,20,,42529,,,0,20,,42538,,,0,60,,42547,,,0,20,,42556,,,0,20,,42564,,,0,59,,42522,,,0,20,,42530,,,0,20,,42539,,,0,60,,42548,,,0,20,,42557,,,0,20,,42565,,,0,60,,42521,,,0,20,,42531,,,0,20,,42541,,,0,60,,42549,,,0,20,,42558,,,0,20,,42566,,,0,60,,42523,,,0,20,,42532,,,0,20,,42540,,,0,60,,42550,,,0
30601,'2025DE-1BUSWK-Weekday-02',550,,42571,,,0,60,,42583,,,0,20,,42577,,,0,21,,42585,,,0,60,,42580,,,0,20,,42581,,,0,20,,42579,,,0,60,,42596,,,0,20,,42584,,,0,19,,42578,,,0,64,,42600,,,0,24,,42606,,,0,64,,42601,,,0,24,,42611,,,0,24,,42603,,,0,64,,42607,,,0,24,,42612,,,0,64,,42608,,,0,24,,42602,,,0,24,,42613,,,0,64,,42605,,,0,24,,42604,,,0,64,,42609,,,0,24,,42610,,,0,24,,42582,,,0,61,,42586,,,0,20,,42588,,,0,20,,42597,,,0,60,,42589,,,0,20,,42590,,,0,20,,42587,,,0,60,,42591,,,0,20,,42592,,,0,20,,42599,,,0,59,,42593,,,0,20,,42594,,,0,20,,42595,,,0,60,,42568,,,0,20,,42570,,,0,20,,42598,,,0,68,,42572,,,0,28,,42573,,,0,68,,42567,,,0,28,,42569,,,0,68,,42574,,,0,28,,42576,,,0,70,,42575,,,0
30601,'2025DE-pBxDec31-Weekday-02',550,,42618,,,0,60,,42629,,,0,20,,42624,,,0,21,,42631,,,0,60,,42627,,,0,20,,42628,,,0,20,,42626,,,0,60,,42643,,,0,20,,42630,,,0,19,,42625,,,0,64,,42647,,,0,24,,42653,,,0,64,,42648,,,0,24,,42658,,,0,24,,42650,,,0,64,,42654,,,0,24,,42659,,,0,64,,42655,,,0,24,,42649,,,0,24,,42660,,,0,64,,42652,,,0,24,,42651,,,0,64,,42656,,,0,24,,42657,,,0,24,,42632,,,0,61,,42633,,,0,20,,42635,,,0,20,,42644,,,0,60,,42636,,,0,20,,42637,,,0,20,,42634,,,0,60,,42638,,,0,20,,42639,,,0,20,,42646,,,0,59,,42640,,,0,20,,42641,,,0,20,,42642,,,0,60,,42615,,,0,20,,42617,,,0,20,,42645,,,0,68,,42619,,,0,28,,42620,,,0,68,,42614,,,0,28,,42616,,,0,68,,42621,,,0,28,,42623,,,0,70,,42622,,,0,32,,42661,,,0,70,,42662,,,0,30,,42663,,,0,70,,42664,,,0,30,,42665,,,0,70,,42666,,,0,30,,42667,,,0,70,,42668,,,0
