2000,'Saturday',658,,30942,41,,,0,69,,30961,41,,,0,28,,30948,41,,,0,68,,30954,41,,,0,28,,30969,41,,,0,69,,30974,41,,,0,30,,30943,41,,,0,68,,30962,41,,,0,28,,30949,41,,,0,68,,30956,41,,,0,28,,30968,41,,,0,68,,30975,41,,,0,28,,30941,41,,,0,68,,30963,41,,,0,28,,30950,41,,,0,68,,30957,41,,,0,28,,30970,41,,,0,28,,30976,41,,,0,68,,30944,41,,,0,28,,30964,41,,,0,68,,30951,41,,,0,28,,30958,41,,,0,68,,30971,41,,,0,28,,30977,41,,,0,68,,30945,41,,,0,28,,30965,41,,,0,68,,30952,41,,,0,28,,30959,41,,,0,67,,30973,41,,,0,27,,30978,41,,,0,27,,30947,41,,,0,68,,30966,41,,,0,28,,30953,41,,,0,68,,30960,41,,,0,28,,30972,41,,,0,68,,30979,41,,,0,28,,30946,41,,,0,68,,30967,41,,,0,27,,30955,41,,,0
2000,'Sunday',658,,30980,41,,,0,69,,30999,41,,,0,28,,30988,41,,,0,68,,30993,41,,,0,28,,31006,41,,,0,69,,31013,41,,,0,30,,30981,41,,,0,68,,31000,41,,,0,28,,30989,41,,,0,68,,30994,41,,,0,28,,31007,41,,,0,68,,31012,41,,,0,28,,30982,41,,,0,68,,31001,41,,,0,28,,30990,41,,,0,68,,30995,41,,,0,28,,31008,41,,,0,28,,31014,41,,,0,68,,30983,41,,,0,28,,31002,41,,,0,68,,30991,41,,,0,28,,30996,41,,,0,68,,31009,41,,,0,28,,31016,41,,,0,68,,30984,41,,,0,28,,31003,41,,,0,68,,30987,41,,,0,28,,30997,41,,,0,67,,31010,41,,,0,27,,31015,41,,,0,27,,30986,41,,,0,68,,31004,41,,,0,28,,30992,41,,,0,68,,30998,41,,,0,28,,31011,41,,,0,68,,31017,41,,,0,28,,30985,41,,,0,68,,31005,41,,,0
2000,'Weekday',523,,31018,26,,,0,25,,31028,26,,,0,66,,31032,41,,,0,30,,31046,41,,,0,66,,31040,41,,,0,16,,31052,41,,,0,14,,31026,41,,,0,14,,31054,41,,,0,54,,31019,41,,,0,14,,31056,41,,,0,13,,31027,41,,,0,13,,31051,41,,,0,53,,31033,41,,,0,14,,31053,41,,,0,12,,31044,41,,,0,14,,31055,41,,,0,14,,31042,41,,,0,68,,31057,41,,,0,28,,31020,41,,,0,68,,31029,41,,,0,28,,31034,41,,,0,68,,31047,41,,,0,28,,31041,41,,,0,68,,31058,41,,,0,28,,31021,41,,,0,68,,31030,41,,,0,28,,31035,41,,,0,68,,31048,41,,,0,30,,31043,41,,,0,3,,31063,26,,,0,20,,31068,26,,,0,45,,31059,41,,,0,14,,31066,41,,,0,14,,31022,41,,,0,14,,31074,41,,,0,14,,31031,41,,,0,54,,31077,41,,,0,14,,31037,41,,,0,13,,31064,41,,,0,12,,31069,41,,,0,54,,31049,41,,,0,14,,31045,41,,,0,14,,31065,41,,,0,12,,31060,41,,,0,14,,31067,41,,,0,54,,31023,41,,,0,13,,31073,41,,,0,28,,31036,41,,,0,68,,31070,41,,,0,28,,31050,41,,,0,68,,31061,41,,,0,28,,31024,41,,,0,68,,31075,41,,,0,28,,31038,41,,,0,75,,31071,41,,,0,27,,31062,41,,,0,70,,31025,41,,,0,30,,31076,41,,,0,70,,31039,41,,,0
2000,'Weekday0000100',1457,,31078,26,,,0
3800,'Saturday',437,,35804,8,,,0,68,,35814,8,,,0,28,,35825,8,,,0,23,,35834,8,,,0,62,,35841,8,,,0,21,,35805,8,,,0,62,,35815,8,,,0,24,,35824,8,,,0,23,,35836,8,,,0,61,,35842,8,,,0,21,,35806,8,,,0,22,,35816,8,,,0,66,,35826,8,,,0,22,,35835,8,,,0,61,,35843,8,,,0,21,,35807,8,,,0,22,,35817,8,,,0,60,,35851,8,,,0,20,,35827,8,,,0,22,,35837,8,,,0,63,,35845,8,,,0,23,,35809,8,,,0,23,,35818,8,,,0,62,,35852,8,,,0,21,,35828,8,,,0,62,,35838,8,,,0,23,,35844,8,,,0,23,,35808,8,,,0,63,,35819,8,,,0,21,,35853,8,,,0,21,,35829,8,,,0,62,,35839,8,,,0,22,,35846,8,,,0,22,,35810,8,,,0,62,,35820,8,,,0,22,,35854,8,,,0,61,,35830,8,,,0,21,,35840,8,,,0,23,,35847,8,,,0,62,,35811,8,,,0,23,,35821,8,,,0,24,,35855,8,,,0,64,,35831,8,,,0,24,,35848,8,,,0,64,,35812,8,,,0,24,,35822,8,,,0,24,,35856,8,,,0,64,,35832,8,,,0,24,,35849,8,,,0,64,,35813,8,,,0,24,,35823,8,,,0,24,,35857,8,,,0,64,,35833,8,,,0,24,,35850,8,,,0
3800,'Sunday',437,,35859,8,,,0,68,,35886,8,,,0,28,,35869,8,,,0,23,,35879,8,,,0,62,,35896,8,,,0,21,,35860,8,,,0,62,,35887,8,,,0,24,,35870,8,,,0,23,,35880,8,,,0,61,,35897,8,,,0,21,,35861,8,,,0,22,,35888,8,,,0,66,,35871,8,,,0,22,,35881,8,,,0,61,,35899,8,,,0,21,,35862,8,,,0,22,,35889,8,,,0,60,,35907,8,,,0,20,,35872,8,,,0,22,,35883,8,,,0,63,,35898,8,,,0,23,,35863,8,,,0,23,,35891,8,,,0,62,,35908,8,,,0,21,,35873,8,,,0,62,,35882,8,,,0,23,,35900,8,,,0,23,,35864,8,,,0,63,,35890,8,,,0,21,,35909,8,,,0,21,,35874,8,,,0,62,,35884,8,,,0,22,,35901,8,,,0,22,,35866,8,,,0,62,,35892,8,,,0,22,,35910,8,,,0,61,,35875,8,,,0,21,,35885,8,,,0,23,,35902,8,,,0,62,,35865,8,,,0,23,,35893,8,,,0,24,,35911,8,,,0,64,,35876,8,,,0,24,,35903,8,,,0,64,,35867,8,,,0,24,,35894,8,,,0,24,,35912,8,,,0,64,,35877,8,,,0,24,,35904,8,,,0,64,,35868,8,,,0,24,,35895,8,,,0,24,,35913,8,,,0,64,,35878,8,,,0,24,,35905,8,,,0
3800,'Weekday',427,,35927,8,,,0,14,,35934,8,,,0,14,,35935,8,,,0,53,,35936,8,,,0,13,,35937,8,,,0,14,,35939,8,,,0,14,,35941,8,,,0,54,,35942,8,,,0,14,,35938,8,,,0,13,,35943,8,,,0,13,,35940,8,,,0,13,,35944,8,,,0,54,,35945,8,,,0,12,,35947,8,,,0,13,,35948,8,,,0,14,,35949,8,,,0,55,,35946,8,,,0,15,,35950,8,,,0,15,,35951,8,,,0,10,,35931,8,0,121 47,0,6,,35952,8,,,0,57,,35954,8,,,0,19,,35922,8,,,0,15,,35919,8,,,0,18,,35916,8,,,0,58,,35932,8,,,0,18,,35928,8,,,0,18,,35914,8,,,0,58,,35925,8,,,0,18,,35923,8,,,0,17,,35920,8,,,0,57,,35917,8,,,0,19,,35929,8,,,0,18,,35933,8,,,0,17,,35915,8,,,0,58,,35926,8,,,0,18,,35924,8,,,0,16,,35921,8,,,0,56,,35918,8,,,0,13,,35930,8,,,0,15,,35955,8,,,0,15,,35970,8,,,0,55,,35956,8,,,0,14,,35953,8,,,0,15,,35959,8,,,0,15,,35958,8,,,0,55,,35960,8,,,0,15,,35957,8,,,0,15,,35962,8,,,0,16,,35961,8,,,0,55,,35963,8,,,0,15,,35964,8,,,0,14,,35966,8,,,0,15,,35965,8,,,0,54,,35968,8,,,0,14,,35967,8,,,0,15,,35969,8,,,0,24,,35971,8,,,0,64,,35972,8,,,0,24,,35973,8,,,0,64,,35974,8,,,0,24,,35975,8,,,0,24,,35976,8,,,0,64,,35977,8,,,0,24,,35978,8,,,0,64,,35979,8,,,0,23,,35980,8,,,0,23,,35981,8,,,0,63,,35982,8,,,0,24,,35983,8,,,0,64,,35984,8,,,0,23,,35985,8,,,0,22,,35986,8,,,0,62,,35987,8,,,0
3800,'Weekday0000100',902,,35990,8,0,121 47,0,524,,35989,8,,,0
3800,'Weekday1111000',839,,35993,8,0,121 47,0,683,,35994,8,,,0,7,,35991,8,,,0
10501,'Saturday',630,,52561,17,,,0,75,,52571,17,,,0,40,,52568,17,,,0,80,,52570,17,,,0,80,,52573,17,,,0,40,,52569,17,,,0,80,,52572,17,,,0,80,,52575,17,,,0,40,,52576,17,,,0,80,,52578,17,,,0,80,,52574,17,,,0,40,,52579,17,,,0,80,,52580,17,,,0,80,,52577,17,,,0,40,,52581,17,,,0,80,,52582,17,,,0,80,,52566,17,,,0,40,,52565,17,,,0,79,,52567,17,,,0,80,,52563,17,,,0,40,,52564,17,,,0,80,,52562,17,,,0
10501,'Sunday',630,,52583,17,,,0,75,,52590,17,,,0,40,,52597,17,,,0,80,,52584,17,,,0,80,,52591,17,,,0,40,,52598,17,,,0,80,,52585,17,,,0,80,,52592,17,,,0,40,,52599,17,,,0,80,,52586,17,,,0,80,,52593,17,,,0,40,,52600,17,,,0,80,,52587,17,,,0,80,,52594,17,,,0,40,,52601,17,,,0,80,,52588,17,,,0,80,,52595,17,,,0,40,,52602,17,,,0,79,,52589,17,,,0,80,,52596,17,,,0,40,,52604,17,,,0,80,,52603,17,,,0
10501,'Weekday',521,,52630,17,,,0,30,,52621,17,,,0,69,,52613,17,,,0,32,,52605,17,,,0,70,,52631,17,,,0,31,,52624,17,,,0,70,,52614,17,,,0,15,,52639,17,,,0,14,,52606,17,,,0,70,,52632,17,,,0,30,,52622,17,,,0,70,,52615,17,,,0,30,,52607,17,,,0,70,,52633,17,,,0,30,,52623,17,,,0,70,,52616,17,,,0,30,,52608,17,,,0,70,,52634,17,,,0,30,,52625,17,,,0,70,,52617,17,,,0,30,,52609,17,,,0,71,,52635,17,,,0,30,,52626,17,,,0,70,,52618,17,,,0,30,,52610,17,,,0,70,,52636,17,,,0,30,,52627,17,,,0,70,,52620,17,,,0,29,,52611,17,,,0,69,,52637,17,,,0,30,,52628,17,,,0,70,,52619,17,,,0,30,,52612,17,,,0,69,,52638,17,,,0,83,,52629,17,,,0
