13101,'Weekday',1703,,124070,38,,,0,20,,124071,38,,,0,20,,124072,38,,,0,60,,124073,38,,,0
13101,'STMPSnea-Weekday',1703,,124074,38,,,0,20,,124075,38,,,0,20,,124076,38,,,0,60,,124077,38,,,0
13101,'STMPWeek-Weekday',1703,,124078,38,,,0,20,,124079,38,,,0,20,,124080,38,,,0,60,,124081,38,,,0
13101,'STMPar-Weekday',1703,,124082,38,,,0,20,,124083,38,,,0,20,,124084,38,,,0,60,,124085,38,,,0
15301,'Saturday',654,,128865,28,,,0,77,,128863,28,,,0,77,,128866,28,,,0,37,,128864,28,,,0,77,,128871,28,,,0,37,,128874,28,,,0,77,,128875,28,,,0,77,,128876,28,,,0,37,,128877,28,,,0,77,,128878,28,,,0,77,,128879,28,,,0,37,,128880,28,,,0,77,,128881,28,,,0,37,,128882,28,,,0,77,,128883,28,,,0,77,,128884,28,,,0,37,,128885,28,,,0,77,,128886,28,,,0,77,,128887,28,,,0,37,,128888,28,,,0,77,,128889,28,,,0,37,,128868,28,,,0,77,,128869,28,,,0,77,,128870,28,,,0,37,,128872,28,,,0,77,,128873,28,,,0,37,,128867,28,,,0
15301,'Sunday',923,,128891,28,,,0,77,,128896,28,,,0,37,,128899,28,,,0,77,,128897,28,,,0,37,,128900,28,,,0,77,,128902,28,,,0,77,,128903,28,,,0,37,,128904,28,,,0,77,,128901,28,,,0,37,,128898,28,,,0,77,,128906,28,,,0,77,,128907,28,,,0,37,,128908,28,,,0,77,,128910,28,,,0,77,,128911,28,,,0,37,,128905,28,,,0,76,,128909,28,,,0,36,,128912,28,,,0,77,,128892,28,,,0,77,,128894,28,,,0,36,,128895,28,,,0,75,,128893,28,,,0,32,,128890,28,,,0
15301,'Weekday',614,,128913,28,,,0,27,,128914,28,,,0,65,,128915,28,,,0,25,,128916,28,,,0,25,,128917,28,,,0,65,,128918,28,,,0,25,,128919,28,,,0,65,,128920,28,,,0,25,,128921,28,,,0,65,,128923,28,,,0,25,,128924,28,,,0,25,,128925,28,,,0,65,,128922,28,,,0,25,,128926,28,,,0,65,,128927,28,,,0,25,,128928,28,,,0,25,,128929,28,,,0,65,,128930,28,,,0,25,,128931,28,,,0,65,,128932,28,,,0,26,,128933,28,,,0,65,,128934,28,,,0,20,,128950,28,,,0,20,,128951,28,,,0,60,,128952,28,,,0,20,,128953,28,,,0,20,,128954,28,,,0,60,,128944,28,,,0,20,,128946,28,,,0,20,,128949,28,,,0,60,,128947,28,,,0,17,,128945,28,,,0,24,,128948,28,,,0,76,,128936,28,,,0,36,,128938,28,,,0,76,,128935,28,,,0,76,,128939,28,,,0,36,,128937,28,,,0,76,,128940,28,,,0,36,,128941,28,,,0,76,,128942,28,,,0,76,,128943,28,,,0
15301,'STMPSa-Saturday',654,,128957,28,,,0,77,,128955,28,,,0,77,,128958,28,,,0,37,,128956,28,,,0,77,,128963,28,,,0,37,,128966,28,,,0,77,,128967,28,,,0,77,,128968,28,,,0,37,,128969,28,,,0,77,,128970,28,,,0,77,,128971,28,,,0,37,,128972,28,,,0,77,,128973,28,,,0,37,,128974,28,,,0,77,,128975,28,,,0,77,,128976,28,,,0,37,,128977,28,,,0,77,,128978,28,,,0,77,,128979,28,,,0,37,,128980,28,,,0,77,,128981,28,,,0,37,,128960,28,,,0,77,,128961,28,,,0,77,,128962,28,,,0,37,,128964,28,,,0,77,,128965,28,,,0,37,,128959,28,,,0
15301,'STMPSnea-Weekday',614,,128982,28,,,0,27,,128983,28,,,0,65,,128984,28,,,0,25,,128985,28,,,0,25,,128986,28,,,0,65,,128987,28,,,0,25,,128988,28,,,0,65,,128989,28,,,0,25,,128990,28,,,0,65,,128992,28,,,0,25,,128993,28,,,0,25,,128994,28,,,0,65,,128991,28,,,0,25,,128995,28,,,0,65,,128996,28,,,0,25,,128997,28,,,0,25,,128998,28,,,0,65,,128999,28,,,0,25,,129000,28,,,0,65,,129001,28,,,0,26,,129002,28,,,0,65,,129003,28,,,0,20,,129019,28,,,0,20,,129020,28,,,0,60,,129021,28,,,0,20,,129022,28,,,0,20,,129023,28,,,0,60,,129013,28,,,0,20,,129015,28,,,0,20,,129018,28,,,0,60,,129016,28,,,0,17,,129014,28,,,0,24,,129017,28,,,0,76,,129005,28,,,0,36,,129007,28,,,0,76,,129004,28,,,0,76,,129008,28,,,0,36,,129006,28,,,0,76,,129009,28,,,0,36,,129010,28,,,0,76,,129011,28,,,0,76,,129012,28,,,0
15301,'STMPSu1-Sunday',923,,129025,28,,,0,77,,129030,28,,,0,37,,129033,28,,,0,77,,129031,28,,,0,37,,129034,28,,,0,77,,129036,28,,,0,77,,129037,28,,,0,37,,129038,28,,,0,77,,129035,28,,,0,37,,129032,28,,,0,77,,129040,28,,,0,77,,129041,28,,,0,37,,129042,28,,,0,77,,129044,28,,,0,77,,129045,28,,,0,37,,129039,28,,,0,76,,129043,28,,,0,36,,129046,28,,,0,77,,129026,28,,,0,77,,129028,28,,,0,36,,129029,28,,,0,75,,129027,28,,,0,32,,129024,28,,,0
15301,'STMPSu2-Sunday',923,,129048,28,,,0,77,,129053,28,,,0,37,,129056,28,,,0,77,,129054,28,,,0,37,,129057,28,,,0,77,,129059,28,,,0,77,,129060,28,,,0,37,,129061,28,,,0,77,,129058,28,,,0,37,,129055,28,,,0,77,,129063,28,,,0,77,,129064,28,,,0,37,,129065,28,,,0,77,,129067,28,,,0,77,,129068,28,,,0,37,,129062,28,,,0,76,,129066,28,,,0,36,,129069,28,,,0,77,,129049,28,,,0,77,,129051,28,,,0,36,,129052,28,,,0,75,,129050,28,,,0,32,,129047,28,,,0
15301,'STMPWeek-Weekday',614,,129070,28,,,0,27,,129071,28,,,0,65,,129072,28,,,0,25,,129073,28,,,0,25,,129074,28,,,0,65,,129075,28,,,0,25,,129076,28,,,0,65,,129077,28,,,0,25,,129078,28,,,0,65,,129080,28,,,0,25,,129081,28,,,0,25,,129082,28,,,0,65,,129079,28,,,0,25,,129083,28,,,0,65,,129084,28,,,0,25,,129085,28,,,0,25,,129086,28,,,0,65,,129087,28,,,0,25,,129088,28,,,0,65,,129089,28,,,0,26,,129090,28,,,0,65,,129091,28,,,0,20,,129107,28,,,0,20,,129108,28,,,0,60,,129109,28,,,0,20,,129110,28,,,0,20,,129111,28,,,0,60,,129101,28,,,0,20,,129103,28,,,0,20,,129106,28,,,0,60,,129104,28,,,0,17,,129102,28,,,0,24,,129105,28,,,0,76,,129093,28,,,0,36,,129095,28,,,0,76,,129092,28,,,0,76,,129096,28,,,0,36,,129094,28,,,0,76,,129097,28,,,0,36,,129098,28,,,0,76,,129099,28,,,0,76,,129100,28,,,0
15301,'STMPar-Weekday',614,,129112,28,,,0,27,,129113,28,,,0,65,,129114,28,,,0,25,,129115,28,,,0,25,,129116,28,,,0,65,,129117,28,,,0,25,,129118,28,,,0,65,,129119,28,,,0,25,,129120,28,,,0,65,,129122,28,,,0,25,,129123,28,,,0,25,,129124,28,,,0,65,,129121,28,,,0,25,,129125,28,,,0,65,,129126,28,,,0,25,,129127,28,,,0,25,,129128,28,,,0,65,,129129,28,,,0,25,,129130,28,,,0,65,,129131,28,,,0,26,,129132,28,,,0,65,,129133,28,,,0,20,,129149,28,,,0,20,,129150,28,,,0,60,,129151,28,,,0,20,,129152,28,,,0,20,,129153,28,,,0,60,,129143,28,,,0,20,,129145,28,,,0,20,,129148,28,,,0,60,,129146,28,,,0,17,,129144,28,,,0,24,,129147,28,,,0,76,,129135,28,,,0,36,,129137,28,,,0,76,,129134,28,,,0,76,,129138,28,,,0,36,,129136,28,,,0,76,,129139,28,,,0,36,,129140,28,,,0,76,,129141,28,,,0,76,,129142,28,,,0
