7801,'Saturday',649,,45224,25,,,0,75,,45227,25,,,0,35,,45228,25,,,0,77,,45229,25,,,0,75,,45226,25,,,0,35,,45231,25,,,0,75,,45232,25,,,0,35,,45233,25,,,0,75,,45230,25,,,0,75,,45234,25,,,0,35,,45235,25,,,0,75,,45237,25,,,0,35,,45238,25,,,0,75,,45239,25,,,0,75,,45236,25,,,0,35,,45240,25,,,0,75,,45241,25,,,0,35,,45242,25,,,0,75,,45243,25,,,0,35,,45244,25,,,0,75,,45247,25,,,0,75,,45248,25,,,0,35,,45249,25,,,0,75,,45245,25,,,0,35,,45246,25,,,0,74,,45250,25,,,0,75,,45251,25,,,0,35,,45252,25,,,0,75,,45253,25,,,0,35,,45254,25,,,0,75,,45225,25,,,0
7801,'Sunday',649,,45255,25,,,0,75,,45271,25,,,0,35,,45256,25,,,0,77,,45272,25,,,0,75,,45257,25,,,0,35,,45273,25,,,0,75,,45258,25,,,0,35,,45274,25,,,0,75,,45259,25,,,0,75,,45275,25,,,0,35,,45260,25,,,0,75,,45276,25,,,0,35,,45261,25,,,0,75,,45277,25,,,0,75,,45262,25,,,0,35,,45278,25,,,0,75,,45263,25,,,0,35,,45279,25,,,0,75,,45264,25,,,0,35,,45281,25,,,0,75,,45265,25,,,0,75,,45280,25,,,0,35,,45266,25,,,0,75,,45282,25,,,0,35,,45267,25,,,0,74,,45283,25,,,0,75,,45268,25,,,0,35,,45284,25,,,0,75,,45269,25,,,0,35,,45285,25,,,0,75,,45270,25,,,0
7801,'Weekday',508,,45299,25,,,0,32,,45286,25,,,0,73,,45300,25,,,0,21,,45317,25,,,0,20,,45287,25,,,0,60,,45297,25,,,0,20,,45301,25,,,0,20,,45318,25,,,0,60,,45288,25,,,0,20,,45298,25,,,0,20,,45302,25,,,0,65,,45319,25,,,0,25,,45289,25,,,0,65,,45303,25,,,0,25,,45320,25,,,0,25,,45290,25,,,0,65,,45304,25,,,0,25,,45321,25,,,0,65,,45291,25,,,0,25,,45305,25,,,0,65,,45322,25,,,0,25,,45292,25,,,0,25,,45306,25,,,0,63,,45323,25,,,0,23,,45293,25,,,0,64,,45333,25,,,0,20,,45307,25,,,0,20,,45324,25,,,0,60,,45294,25,,,0,20,,45331,25,,,0,20,,45308,25,,,0,60,,45325,25,,,0,20,,45296,25,,,0,20,,45316,25,,,0,60,,45309,25,,,0,20,,45326,25,,,0,20,,45295,25,,,0,69,,45311,25,,,0,35,,45327,25,,,0,75,,45312,25,,,0,35,,45328,25,,,0,75,,45310,25,,,0,75,,45329,25,,,0,35,,45313,25,,,0,75,,45330,25,,,0,35,,45314,25,,,0,77,,45332,25,,,0,76,,45315,25,,,0
7801,'1CCSDCUT-Weekday',508,,45347,25,,,0,32,,45334,25,,,0,73,,45348,25,,,0,21,,45365,25,,,0,20,,45335,25,,,0,60,,45345,25,,,0,20,,45349,25,,,0,20,,45366,25,,,0,60,,45336,25,,,0,20,,45346,25,,,0,20,,45350,25,,,0,65,,45367,25,,,0,25,,45337,25,,,0,65,,45351,25,,,0,25,,45368,25,,,0,25,,45338,25,,,0,65,,45352,25,,,0,25,,45369,25,,,0,65,,45339,25,,,0,25,,45353,25,,,0,65,,45370,25,,,0,25,,45340,25,,,0,25,,45354,25,,,0,63,,45371,25,,,0,23,,45341,25,,,0,64,,45381,25,,,0,20,,45355,25,,,0,20,,45372,25,,,0,60,,45342,25,,,0,20,,45379,25,,,0,20,,45356,25,,,0,60,,45373,25,,,0,20,,45344,25,,,0,20,,45364,25,,,0,60,,45357,25,,,0,20,,45374,25,,,0,20,,45343,25,,,0,69,,45359,25,,,0,35,,45375,25,,,0,75,,45360,25,,,0,35,,45376,25,,,0,75,,45358,25,,,0,75,,45377,25,,,0,35,,45361,25,,,0,75,,45378,25,,,0,35,,45362,25,,,0,75,,45380,25,,,0,78,,45363,25,,,0
7801,'1PUBCUT-Weekday',508,,45395,25,,,0,32,,45382,25,,,0,73,,45396,25,,,0,21,,45413,25,,,0,20,,45383,25,,,0,60,,45393,25,,,0,20,,45397,25,,,0,20,,45414,25,,,0,60,,45384,25,,,0,20,,45394,25,,,0,20,,45398,25,,,0,65,,45415,25,,,0,25,,45385,25,,,0,65,,45399,25,,,0,25,,45416,25,,,0,25,,45386,25,,,0,65,,45400,25,,,0,25,,45417,25,,,0,65,,45387,25,,,0,25,,45401,25,,,0,65,,45418,25,,,0,25,,45388,25,,,0,25,,45402,25,,,0,63,,45419,25,,,0,23,,45389,25,,,0,64,,45429,25,,,0,20,,45403,25,,,0,20,,45420,25,,,0,60,,45390,25,,,0,20,,45427,25,,,0,20,,45404,25,,,0,60,,45421,25,,,0,20,,45392,25,,,0,20,,45412,25,,,0,60,,45405,25,,,0,20,,45422,25,,,0,20,,45391,25,,,0,69,,45407,25,,,0,35,,45423,25,,,0,75,,45408,25,,,0,35,,45424,25,,,0,75,,45406,25,,,0,75,,45425,25,,,0,35,,45409,25,,,0,75,,45426,25,,,0,35,,45410,25,,,0,75,,45428,25,,,0,78,,45411,25,,,0
86700,'Weekday0000100',1446,,69102,22,0,17 18 19 1 61,0
86700,'Weekday1111000',1602,,69103,22,0,17 18 19 1 61,0
86700,'1PUBCUT-Weekday0000100',1446,,69104,22,0,17 18 19 1 61,0
86700,'1PUBCUT-Weekday1111000',1602,,69105,22,0,17 18 19 1 61,0
87701,'Weekday',1501,,69125,5,0,55 62 63,0
87701,'1PUBCUT-Weekday',1501,,69127,5,0,55 62 63,0
