7501,'Saturday',648,,44299,46,,,0,75,,44309,46,,,0,35,,44317,46,,,0,78,,44300,46,,,0,75,,44310,46,,,0,35,,44320,46,,,0,75,,44303,46,,,0,35,,44311,46,,,0,75,,44319,46,,,0,75,,44301,46,,,0,35,,44312,46,,,0,75,,44321,46,,,0,35,,44302,46,,,0,75,,44313,46,,,0,75,,44322,46,,,0,35,,44304,46,,,0,75,,44314,46,,,0,35,,44324,46,,,0,75,,44305,46,,,0,35,,44316,46,,,0,75,,44323,46,,,0,75,,44306,46,,,0,35,,44315,46,,,0,75,,44325,46,,,0,35,,44307,46,,,0,73,,44318,46,,,0,34,,44326,46,,,0,75,,44308,46,,,0,75,,44328,46,,,0,35,,44329,46,,,0,75,,44327,46,,,0
7501,'Sunday',648,,44332,46,,,0,75,,44339,46,,,0,35,,44349,46,,,0,78,,44330,46,,,0,75,,44342,46,,,0,35,,44350,46,,,0,75,,44331,46,,,0,35,,44341,46,,,0,75,,44351,46,,,0,75,,44333,46,,,0,35,,44343,46,,,0,75,,44352,46,,,0,35,,44335,46,,,0,75,,44344,46,,,0,75,,44353,46,,,0,35,,44334,46,,,0,75,,44345,46,,,0,35,,44354,46,,,0,75,,44337,46,,,0,35,,44347,46,,,0,75,,44355,46,,,0,75,,44336,46,,,0,35,,44346,46,,,0,75,,44357,46,,,0,35,,44338,46,,,0,73,,44348,46,,,0,34,,44356,46,,,0,75,,44340,46,,,0,75,,44360,46,,,0,35,,44359,46,,,0,75,,44358,46,,,0
7501,'Weekday',526,,44397,46,,,0,30,,44369,46,,,0,73,,44399,46,,,0,27,,44366,46,,,0,63,,44365,46,,,0,23,,44376,46,,,0,63,,44382,46,,,0,23,,44371,46,,,0,23,,44362,46,,,0,61,,44373,46,,,0,3,,44404,46,,,0,19,,44364,46,,,0,72,,44386,46,,,0,34,,44402,46,,,0,74,,44403,46,,,0,34,,44384,46,,,0,74,,44375,46,,,0,34,,44372,46,,,0,74,,44387,46,,,0,74,,44400,46,,,0,35,,44361,46,,,0,76,,44374,46,,,0,35,,44396,46,,,0,59,,44378,46,,,0,19,,44381,46,,,0,22,,44377,46,,,0,56,,44385,46,,,0,19,,44379,46,,,0,19,,44389,46,,,0,59,,44393,46,,,0,19,,44368,46,,,0,19,,44380,46,,,0,59,,44394,46,,,0,17,,44391,46,,,0,17,,44363,46,,,0,73,,44370,46,,,0,34,,44392,46,,,0,74,,44388,46,,,0,31,,44395,46,,,0,74,,44398,46,,,0,34,,44367,46,,,0,74,,44383,46,,,0,74,,44401,46,,,0,33,,44390,46,,,0
7501,'Weekday0000100',1354,,44405,18,,,0
7501,'1CCSDCUT-Weekday',526,,44442,46,,,0,30,,44414,46,,,0,73,,44444,46,,,0,27,,44411,46,,,0,63,,44410,46,,,0,23,,44421,46,,,0,63,,44427,46,,,0,23,,44416,46,,,0,23,,44407,46,,,0,61,,44418,46,,,0,3,,44449,46,,,0,19,,44409,46,,,0,72,,44431,46,,,0,34,,44447,46,,,0,74,,44448,46,,,0,34,,44429,46,,,0,74,,44420,46,,,0,34,,44417,46,,,0,74,,44432,46,,,0,74,,44445,46,,,0,35,,44406,46,,,0,76,,44419,46,,,0,35,,44441,46,,,0,59,,44423,46,,,0,19,,44426,46,,,0,22,,44422,46,,,0,56,,44430,46,,,0,19,,44424,46,,,0,19,,44434,46,,,0,59,,44438,46,,,0,19,,44413,46,,,0,19,,44425,46,,,0,59,,44439,46,,,0,17,,44436,46,,,0,17,,44408,46,,,0,73,,44415,46,,,0,34,,44437,46,,,0,74,,44433,46,,,0,31,,44440,46,,,0,74,,44443,46,,,0,34,,44412,46,,,0,74,,44428,46,,,0,74,,44446,46,,,0,33,,44435,46,,,0
7501,'1CCSDCUT-Weekday0000100',1354,,44450,18,,,0
7800,'Saturday',700,,45018,31,,,0,35,,45025,31,,,0,75,,45026,31,,,0,35,,45027,31,,,0,75,,45024,31,,,0,35,,45028,31,,,0,75,,45029,31,,,0,75,,45030,31,,,0,35,,45031,31,,,0,75,,45032,31,,,0,35,,45034,31,,,0,75,,45035,31,,,0,75,,45036,31,,,0,35,,45033,31,,,0,75,,45037,31,,,0,35,,45038,31,,,0,75,,45039,31,,,0,35,,45040,31,,,0,75,,45041,31,,,0,75,,45042,31,,,0,35,,45045,31,,,0,75,,45046,31,,,0,35,,45047,31,,,0,75,,45043,31,,,0,75,,45044,31,,,0,35,,45048,31,,,0,75,,45023,31,,,0,35,,45020,31,,,0,75,,45021,31,,,0,35,,45022,31,,,0,75,,45019,31,,,0
7800,'Sunday',700,,45064,31,,,0,35,,45049,31,,,0,75,,45065,31,,,0,35,,45050,31,,,0,75,,45066,31,,,0,35,,45051,31,,,0,75,,45067,31,,,0,75,,45052,31,,,0,35,,45070,31,,,0,75,,45054,31,,,0,35,,45069,31,,,0,75,,45053,31,,,0,75,,45068,31,,,0,35,,45055,31,,,0,75,,45071,31,,,0,35,,45056,31,,,0,75,,45072,31,,,0,35,,45057,31,,,0,75,,45073,31,,,0,75,,45058,31,,,0,35,,45074,31,,,0,75,,45059,31,,,0,35,,45075,31,,,0,75,,45060,31,,,0,75,,45076,31,,,0,35,,45061,31,,,0,75,,45077,31,,,0,35,,45063,31,,,0,75,,45078,31,,,0,35,,45062,31,,,0,75,,45079,31,,,0
7800,'Weekday',518,,45080,31,,,0,30,,45093,31,,,0,60,,45109,31,,,0,20,,45081,31,,,0,76,,45094,31,,,0,20,,45111,31,,,0,20,,45082,31,,,0,60,,45091,31,,,0,20,,45095,31,,,0,20,,45112,31,,,0,60,,45083,31,,,0,18,,45092,31,,,0,20,,45096,31,,,0,62,,45113,31,,,0,25,,45084,31,,,0,25,,45097,31,,,0,65,,45114,31,,,0,25,,45085,31,,,0,65,,45098,31,,,0,25,,45115,31,,,0,25,,45086,31,,,0,65,,45099,31,,,0,25,,45116,31,,,0,65,,45087,31,,,0,25,,45100,31,,,0,67,,45117,31,,,0,25,,45088,31,,,0,21,,45120,31,,,0,60,,45101,31,,,0,20,,45118,31,,,0,20,,45089,31,,,0,60,,45127,31,,,0,20,,45103,31,,,0,20,,45119,31,,,0,59,,45090,31,,,0,19,,45102,31,,,0,20,,45104,31,,,0,71,,45121,31,,,0,34,,45106,31,,,0,75,,45122,31,,,0,75,,45105,31,,,0,35,,45123,31,,,0,75,,45107,31,,,0,35,,45124,31,,,0,75,,45108,31,,,0,75,,45125,31,,,0,37,,45110,31,,,0,75,,45126,31,,,0
7800,'1CCSDCUT-Weekday',518,,45128,31,,,0,30,,45141,31,,,0,60,,45157,31,,,0,20,,45129,31,,,0,76,,45142,31,,,0,20,,45159,31,,,0,20,,45130,31,,,0,60,,45139,31,,,0,20,,45143,31,,,0,20,,45160,31,,,0,60,,45131,31,,,0,18,,45140,31,,,0,20,,45144,31,,,0,62,,45161,31,,,0,25,,45132,31,,,0,25,,45145,31,,,0,65,,45162,31,,,0,25,,45133,31,,,0,65,,45146,31,,,0,25,,45163,31,,,0,25,,45134,31,,,0,65,,45147,31,,,0,25,,45164,31,,,0,65,,45135,31,,,0,25,,45148,31,,,0,67,,45165,31,,,0,25,,45136,31,,,0,21,,45168,31,,,0,60,,45149,31,,,0,20,,45166,31,,,0,20,,45137,31,,,0,60,,45175,31,,,0,20,,45151,31,,,0,20,,45167,31,,,0,59,,45138,31,,,0,19,,45150,31,,,0,20,,45152,31,,,0,71,,45169,31,,,0,34,,45154,31,,,0,75,,45170,31,,,0,75,,45153,31,,,0,35,,45171,31,,,0,75,,45155,31,,,0,35,,45172,31,,,0,75,,45156,31,,,0,75,,45173,31,,,0,35,,45158,31,,,0,77,,45174,31,,,0
