11900,'Saturday',1240,,119598,4,,,0,100,,119599,4,,,0,100,,119600,4,,,0,96,,119601,4,,,0,97,,119602,4,,,0,98,,119603,4,,,0,98,,119604,4,,,0,93,,119605,4,,,0,93,,119606,4,,,0,94,,119607,4,,,0,95,,119608,4,,,0,54,,119609,4,,,0,94,,119610,4,,,0
11900,'Sunday',1240,,119611,4,,,0,100,,119612,4,,,0,100,,119613,4,,,0,96,,119615,4,,,0,97,,119616,4,,,0,98,,119617,4,,,0,98,,119614,4,,,0,93,,119618,4,,,0,93,,119619,4,,,0,94,,119620,4,,,0,95,,119621,4,,,0,54,,119622,4,,,0,94,,119623,4,,,0
11900,'Weekday',1240,,119627,4,,,0,100,,119624,4,,,0,100,,119626,4,,,0,96,,119625,4,,,0,97,,119628,4,,,0,98,,119629,4,,,0,98,,119630,4,,,0,93,,119631,4,,,0,93,,119632,4,,,0,94,,119633,4,,,0,95,,119634,4,,,0,54,,119635,4,,,0,94,,119636,4,,,0
11900,'STMPSa-Saturday',1240,,119637,4,,,0,100,,119638,4,,,0,100,,119639,4,,,0,96,,119640,4,,,0,97,,119641,4,,,0,98,,119642,4,,,0,98,,119643,4,,,0,93,,119644,4,,,0,93,,119645,4,,,0,94,,119646,4,,,0,95,,119647,4,,,0,54,,119648,4,,,0,94,,119649,4,,,0
11900,'STMPSnea-Weekday',1240,,119653,4,,,0,100,,119650,4,,,0,100,,119652,4,,,0,96,,119651,4,,,0,97,,119654,4,,,0,98,,119655,4,,,0,98,,119656,4,,,0,93,,119657,4,,,0,93,,119658,4,,,0,94,,119659,4,,,0,95,,119660,4,,,0,54,,119661,4,,,0,94,,119662,4,,,0
11900,'STMPSu1-Sunday',1240,,119663,4,,,0,100,,119664,4,,,0,100,,119665,4,,,0,96,,119667,4,,,0,97,,119668,4,,,0,98,,119669,4,,,0,98,,119666,4,,,0,93,,119670,4,,,0,93,,119671,4,,,0,94,,119672,4,,,0,95,,119673,4,,,0,54,,119674,4,,,0,94,,119675,4,,,0
11900,'STMPSu2-Sunday',1240,,119676,4,,,0,100,,119677,4,,,0,100,,119678,4,,,0,96,,119680,4,,,0,97,,119681,4,,,0,98,,119682,4,,,0,98,,119679,4,,,0,93,,119683,4,,,0,93,,119684,4,,,0,94,,119685,4,,,0,95,,119686,4,,,0,54,,119687,4,,,0,94,,119688,4,,,0
11900,'STMPWeek-Weekday',1240,,119692,4,,,0,100,,119689,4,,,0,100,,119691,4,,,0,96,,119690,4,,,0,97,,119693,4,,,0,98,,119694,4,,,0,98,,119695,4,,,0,93,,119696,4,,,0,93,,119697,4,,,0,94,,119698,4,,,0,95,,119699,4,,,0,54,,119700,4,,,0,94,,119701,4,,,0
11900,'STMPar-Weekday',1240,,119705,4,,,0,100,,119702,4,,,0,100,,119704,4,,,0,96,,119703,4,,,0,97,,119706,4,,,0,98,,119707,4,,,0,98,,119708,4,,,0,93,,119709,4,,,0,93,,119710,4,,,0,94,,119711,4,,,0,95,,119712,4,,,0,54,,119713,4,,,0,94,,119714,4,,,0
11901,'Saturday',533,,119715,4,,,0,91,,119716,4,,,0,93,,119717,4,,,0,93,,119719,4,,,0,93,,119720,4,,,0,53,,119721,4,,,0,93,,119718,4,,,0,93,,119722,4,,,0
11901,'Sunday',533,,119724,4,,,0,91,,119725,4,,,0,93,,119726,4,,,0,93,,119723,4,,,0,93,,119728,4,,,0,53,,119729,4,,,0,93,,119730,4,,,0,93,,119727,4,,,0
11901,'Weekday',533,,119731,4,,,0,90,,119732,4,,,0,93,,119733,4,,,0,93,,119735,4,,,0,93,,119736,4,,,0,53,,119737,4,,,0,93,,119734,4,,,0,93,,119738,4,,,0
11901,'STMPSa-Saturday',533,,119739,4,,,0,91,,119740,4,,,0,93,,119741,4,,,0,93,,119743,4,,,0,93,,119744,4,,,0,53,,119745,4,,,0,93,,119742,4,,,0,93,,119746,4,,,0
11901,'STMPSnea-Weekday',533,,119747,4,,,0,90,,119748,4,,,0,93,,119749,4,,,0,93,,119751,4,,,0,93,,119752,4,,,0,53,,119753,4,,,0,93,,119750,4,,,0,93,,119754,4,,,0
11901,'STMPSu1-Sunday',533,,119756,4,,,0,91,,119757,4,,,0,93,,119758,4,,,0,93,,119755,4,,,0,93,,119760,4,,,0,53,,119761,4,,,0,93,,119762,4,,,0,93,,119759,4,,,0
11901,'STMPSu2-Sunday',533,,119764,4,,,0,91,,119765,4,,,0,93,,119766,4,,,0,93,,119763,4,,,0,93,,119768,4,,,0,53,,119769,4,,,0,93,,119770,4,,,0,93,,119767,4,,,0
11901,'STMPWeek-Weekday',533,,119771,4,,,0,90,,119772,4,,,0,93,,119773,4,,,0,93,,119775,4,,,0,93,,119776,4,,,0,53,,119777,4,,,0,93,,119774,4,,,0,93,,119778,4,,,0
11901,'STMPar-Weekday',533,,119780,4,,,0,90,,119779,4,,,0,93,,119781,4,,,0,93,,119783,4,,,0,93,,119784,4,,,0,53,,119785,4,,,0,93,,119782,4,,,0,93,,119786,4,,,0
12801,'Saturday',453,,122852,4,,,0,70,,122853,4,,,0,30,,122854,4,,,0,60,,122855,4,,,0,20,,122862,4,,,0,20,,122856,4,,,0,60,,122857,4,,,0,20,,122867,4,,,0,20,,122868,4,,,0,60,,122869,4,,,0,20,,122870,4,,,0,20,,122871,4,,,0,60,,122872,4,,,0,20,,122873,4,,,0,20,,122874,4,,,0,60,,122875,4,,,0,20,,122876,4,,,0,20,,122877,4,,,0,60,,122878,4,,,0,20,,122879,4,,,0,20,,122880,4,,,0,60,,122881,4,,,0,20,,122882,4,,,0,20,,122883,4,,,0,60,,122884,4,,,0,20,,122885,4,,,0,20,,122886,4,,,0,61,,122887,4,,,0,20,,122888,4,,,0,21,,122889,4,,,0,61,,122890,4,,,0,20,,122891,4,,,0,21,,122892,4,,,0,61,,122893,4,,,0,20,,122894,4,,,0,21,,122895,4,,,0,61,,122896,4,,,0,20,,122897,4,,,0,61,,122899,4,,,0,21,,122900,4,,,0,20,,122902,4,,,0,61,,122898,4,,,0,20,,122903,4,,,0,20,,122904,4,,,0,61,,122901,4,,,0,20,,122905,4,,,0,20,,122906,4,,,0,60,,122907,4,,,0,20,,122908,4,,,0,20,,122909,4,,,0,60,,122863,4,,,0,20,,122865,4,,,0,20,,122864,4,,,0,60,,122866,4,,,0,20,,122859,4,,,0,25,,122858,4,,,0,70,,122860,4,,,0,30,,122861,4,,,0
12801,'Sunday',453,,122911,4,,,0,70,,122929,4,,,0,30,,122912,4,,,0,60,,122949,4,,,0,20,,122930,4,,,0,20,,122910,4,,,0,60,,122950,4,,,0,20,,122932,4,,,0,20,,122913,4,,,0,60,,122951,4,,,0,20,,122933,4,,,0,20,,122914,4,,,0,60,,122952,4,,,0,20,,122934,4,,,0,20,,122915,4,,,0,60,,122953,4,,,0,20,,122931,4,,,0,20,,122916,4,,,0,60,,122955,4,,,0,20,,122935,4,,,0,20,,122917,4,,,0,60,,122956,4,,,0,20,,122936,4,,,0,20,,122918,4,,,0,60,,122957,4,,,0,20,,122937,4,,,0,20,,122919,4,,,0,61,,122954,4,,,0,20,,122938,4,,,0,21,,122921,4,,,0,61,,122958,4,,,0,20,,122940,4,,,0,21,,122922,4,,,0,61,,122959,4,,,0,20,,122941,4,,,0,21,,122923,4,,,0,61,,122960,4,,,0,20,,122942,4,,,0,61,,122920,4,,,0,21,,122961,4,,,0,20,,122939,4,,,0,61,,122924,4,,,0,20,,122962,4,,,0,20,,122943,4,,,0,61,,122926,4,,,0,20,,122963,4,,,0,20,,122944,4,,,0,60,,122927,4,,,0,20,,122964,4,,,0,20,,122945,4,,,0,60,,122928,4,,,0,20,,122965,4,,,0,20,,122946,4,,,0,60,,122925,4,,,0,20,,122966,4,,,0,25,,122947,4,,,0,70,,122967,4,,,0,30,,122948,4,,,0
12801,'Weekday',434,,123050,4,,,0,14,,122969,4,,,0,54,,122968,4,,,0,14,,122971,4,,,0,14,,122972,4,,,0,14,,122973,4,,,0,14,,122970,4,,,0,53,,122974,4,,,0,20,,122976,4,,,0,10,,122978,4,,,0,61,,123053,4,,,0,10,,123054,4,,,0,10,,122979,4,,,0,10,,122980,4,,,0,10,,122981,4,,,0,10,,122982,4,,,0,50,,122984,4,,,0,10,,122983,4,,,0,10,,122987,4,,,0,10,,122985,4,,,0,10,,122986,4,,,0,10,,122988,4,,,0,50,,122989,4,,,0,10,,122990,4,,,0,10,,123047,4,,,0,10,,123036,4,,,0,10,,123048,4,,,0,10,,123037,4,,,0,50,,123049,4,,,0,10,,123033,4,,,0,20,,123034,4,,,0,20,,123038,4,,,0,60,,123040,4,,,0,20,,123041,4,,,0,20,,123042,4,,,0,60,,123039,4,,,0,20,,123043,4,,,0,20,,123044,4,,,0,60,,123031,4,,,0,20,,123030,4,,,0,20,,123035,4,,,0,60,,123032,4,,,0,20,,122991,4,,,0,11,,122992,4,,,0,10,,122993,4,,,0,50,,122994,4,,,0,10,,122996,4,,,0,10,,122998,4,,,0,11,,122995,4,,,0,10,,122997,4,,,0,10,,122999,4,,,0,50,,123001,4,,,0,10,,123000,4,,,0,10,,123002,4,,,0,10,,123005,4,,,0,10,,123004,4,,,0,10,,123003,4,,,0,50,,123006,4,,,0,10,,123012,4,,,0,10,,123009,4,,,0,10,,123008,4,,,0,10,,123011,4,,,0,10,,123010,4,,,0,49,,123007,4,,,0,12,,123013,4,,,0,14,,123014,4,,,0,14,,123016,4,,,0,15,,123015,4,,,0,56,,123017,4,,,0,14,,123045,4,,,0,18,,123018,4,,,0,60,,123020,4,,,0,20,,123046,4,,,0,20,,123021,4,,,0,60,,123022,4,,,0,20,,123019,4,,,0,20,,123051,4,,,0,60,,123024,4,,,0,20,,123023,4,,,0,20,,123052,4,,,0,63,,123025,4,,,0,30,,123026,4,,,0,70,,123027,4,,,0,30,,123028,4,,,0,70,,123029,4,,,0
12801,'STMPSa-Saturday',453,,123055,4,,,0,70,,123056,4,,,0,30,,123057,4,,,0,60,,123058,4,,,0,20,,123065,4,,,0,20,,123059,4,,,0,60,,123060,4,,,0,20,,123071,4,,,0,20,,123072,4,,,0,60,,123069,4,,,0,20,,123073,4,,,0,20,,123074,4,,,0,60,,123075,4,,,0,20,,123076,4,,,0,20,,123077,4,,,0,60,,123078,4,,,0,20,,123079,4,,,0,20,,123080,4,,,0,60,,123081,4,,,0,20,,123082,4,,,0,20,,123083,4,,,0,60,,123084,4,,,0,20,,123085,4,,,0,20,,123086,4,,,0,60,,123087,4,,,0,20,,123088,4,,,0,20,,123089,4,,,0,61,,123090,4,,,0,20,,123091,4,,,0,21,,123092,4,,,0,61,,123093,4,,,0,20,,123094,4,,,0,21,,123095,4,,,0,61,,123096,4,,,0,20,,123097,4,,,0,21,,123098,4,,,0,61,,123099,4,,,0,20,,123100,4,,,0,61,,123102,4,,,0,21,,123103,4,,,0,20,,123105,4,,,0,61,,123101,4,,,0,20,,123106,4,,,0,20,,123107,4,,,0,61,,123104,4,,,0,20,,123108,4,,,0,20,,123109,4,,,0,60,,123110,4,,,0,20,,123111,4,,,0,20,,123112,4,,,0,60,,123066,4,,,0,20,,123068,4,,,0,20,,123067,4,,,0,60,,123070,4,,,0,20,,123062,4,,,0,25,,123061,4,,,0,70,,123063,4,,,0,30,,123064,4,,,0
12801,'STMPSnea-Weekday',434,,123195,4,,,0,14,,123114,4,,,0,54,,123113,4,,,0,14,,123116,4,,,0,14,,123117,4,,,0,14,,123118,4,,,0,14,,123115,4,,,0,53,,123119,4,,,0,20,,123121,4,,,0,10,,123123,4,,,0,61,,123198,4,,,0,10,,123199,4,,,0,10,,123124,4,,,0,10,,123125,4,,,0,10,,123126,4,,,0,10,,123127,4,,,0,50,,123129,4,,,0,10,,123128,4,,,0,10,,123132,4,,,0,10,,123130,4,,,0,10,,123131,4,,,0,10,,123133,4,,,0,50,,123134,4,,,0,10,,123135,4,,,0,10,,123192,4,,,0,10,,123181,4,,,0,10,,123193,4,,,0,10,,123182,4,,,0,50,,123194,4,,,0,10,,123178,4,,,0,20,,123179,4,,,0,20,,123183,4,,,0,60,,123185,4,,,0,20,,123186,4,,,0,20,,123187,4,,,0,60,,123184,4,,,0,20,,123188,4,,,0,20,,123189,4,,,0,60,,123176,4,,,0,20,,123175,4,,,0,20,,123180,4,,,0,60,,123177,4,,,0,20,,123136,4,,,0,11,,123137,4,,,0,10,,123138,4,,,0,50,,123139,4,,,0,10,,123141,4,,,0,10,,123143,4,,,0,11,,123140,4,,,0,10,,123142,4,,,0,10,,123144,4,,,0,50,,123146,4,,,0,10,,123145,4,,,0,10,,123147,4,,,0,10,,123150,4,,,0,10,,123149,4,,,0,10,,123148,4,,,0,50,,123151,4,,,0,10,,123157,4,,,0,10,,123154,4,,,0,10,,123153,4,,,0,10,,123156,4,,,0,10,,123155,4,,,0,49,,123152,4,,,0,12,,123158,4,,,0,14,,123159,4,,,0,14,,123161,4,,,0,15,,123160,4,,,0,56,,123162,4,,,0,14,,123190,4,,,0,18,,123163,4,,,0,60,,123165,4,,,0,20,,123191,4,,,0,20,,123166,4,,,0,60,,123167,4,,,0,20,,123164,4,,,0,20,,123196,4,,,0,60,,123169,4,,,0,20,,123168,4,,,0,20,,123197,4,,,0,63,,123170,4,,,0,30,,123171,4,,,0,70,,123172,4,,,0,30,,123173,4,,,0,70,,123174,4,,,0
12801,'STMPSu1-Sunday',453,,123201,4,,,0,70,,123219,4,,,0,30,,123202,4,,,0,60,,123239,4,,,0,20,,123220,4,,,0,20,,123200,4,,,0,60,,123240,4,,,0,20,,123222,4,,,0,20,,123203,4,,,0,60,,123242,4,,,0,20,,123223,4,,,0,20,,123204,4,,,0,60,,123243,4,,,0,20,,123224,4,,,0,20,,123205,4,,,0,60,,123244,4,,,0,20,,123221,4,,,0,20,,123206,4,,,0,60,,123245,4,,,0,20,,123225,4,,,0,20,,123207,4,,,0,60,,123246,4,,,0,20,,123226,4,,,0,20,,123208,4,,,0,60,,123247,4,,,0,20,,123227,4,,,0,20,,123209,4,,,0,61,,123241,4,,,0,20,,123228,4,,,0,21,,123211,4,,,0,61,,123248,4,,,0,20,,123230,4,,,0,21,,123212,4,,,0,61,,123249,4,,,0,20,,123231,4,,,0,21,,123213,4,,,0,61,,123250,4,,,0,20,,123232,4,,,0,61,,123210,4,,,0,21,,123251,4,,,0,20,,123229,4,,,0,61,,123214,4,,,0,20,,123252,4,,,0,20,,123233,4,,,0,61,,123216,4,,,0,20,,123253,4,,,0,20,,123234,4,,,0,60,,123217,4,,,0,20,,123254,4,,,0,20,,123235,4,,,0,60,,123218,4,,,0,20,,123255,4,,,0,20,,123236,4,,,0,60,,123215,4,,,0,20,,123256,4,,,0,25,,123237,4,,,0,70,,123257,4,,,0,30,,123238,4,,,0
12801,'STMPSu2-Sunday',453,,123259,4,,,0,70,,123277,4,,,0,30,,123260,4,,,0,60,,123297,4,,,0,20,,123278,4,,,0,20,,123258,4,,,0,60,,123298,4,,,0,20,,123280,4,,,0,20,,123261,4,,,0,60,,123299,4,,,0,20,,123281,4,,,0,20,,123262,4,,,0,60,,123300,4,,,0,20,,123282,4,,,0,20,,123263,4,,,0,60,,123301,4,,,0,20,,123279,4,,,0,20,,123264,4,,,0,60,,123303,4,,,0,20,,123283,4,,,0,20,,123265,4,,,0,60,,123304,4,,,0,20,,123284,4,,,0,20,,123266,4,,,0,60,,123305,4,,,0,20,,123285,4,,,0,20,,123267,4,,,0,61,,123302,4,,,0,20,,123286,4,,,0,21,,123269,4,,,0,61,,123306,4,,,0,20,,123288,4,,,0,21,,123270,4,,,0,61,,123307,4,,,0,20,,123289,4,,,0,21,,123271,4,,,0,61,,123308,4,,,0,20,,123290,4,,,0,61,,123268,4,,,0,21,,123309,4,,,0,20,,123287,4,,,0,61,,123272,4,,,0,20,,123310,4,,,0,20,,123291,4,,,0,61,,123274,4,,,0,20,,123311,4,,,0,20,,123292,4,,,0,60,,123275,4,,,0,20,,123312,4,,,0,20,,123293,4,,,0,60,,123276,4,,,0,20,,123313,4,,,0,20,,123294,4,,,0,60,,123273,4,,,0,20,,123314,4,,,0,25,,123295,4,,,0,70,,123315,4,,,0,30,,123296,4,,,0
12801,'STMPWeek-Weekday',434,,123398,4,,,0,14,,123317,4,,,0,54,,123316,4,,,0,14,,123319,4,,,0,14,,123320,4,,,0,14,,123321,4,,,0,14,,123318,4,,,0,53,,123322,4,,,0,20,,123324,4,,,0,10,,123326,4,,,0,61,,123401,4,,,0,10,,123402,4,,,0,10,,123327,4,,,0,10,,123328,4,,,0,10,,123329,4,,,0,10,,123330,4,,,0,50,,123332,4,,,0,10,,123331,4,,,0,10,,123335,4,,,0,10,,123333,4,,,0,10,,123334,4,,,0,10,,123336,4,,,0,50,,123337,4,,,0,10,,123338,4,,,0,10,,123395,4,,,0,10,,123384,4,,,0,10,,123396,4,,,0,10,,123385,4,,,0,50,,123397,4,,,0,10,,123381,4,,,0,20,,123382,4,,,0,20,,123386,4,,,0,60,,123388,4,,,0,20,,123389,4,,,0,20,,123390,4,,,0,60,,123387,4,,,0,20,,123391,4,,,0,20,,123392,4,,,0,60,,123379,4,,,0,20,,123378,4,,,0,20,,123383,4,,,0,60,,123380,4,,,0,20,,123339,4,,,0,11,,123340,4,,,0,10,,123341,4,,,0,50,,123342,4,,,0,10,,123344,4,,,0,10,,123346,4,,,0,11,,123343,4,,,0,10,,123345,4,,,0,10,,123347,4,,,0,50,,123349,4,,,0,10,,123348,4,,,0,10,,123350,4,,,0,10,,123353,4,,,0,10,,123352,4,,,0,10,,123351,4,,,0,50,,123354,4,,,0,10,,123360,4,,,0,10,,123357,4,,,0,10,,123356,4,,,0,10,,123359,4,,,0,10,,123358,4,,,0,49,,123355,4,,,0,12,,123361,4,,,0,14,,123362,4,,,0,14,,123364,4,,,0,15,,123363,4,,,0,56,,123365,4,,,0,14,,123393,4,,,0,18,,123366,4,,,0,60,,123368,4,,,0,20,,123394,4,,,0,20,,123369,4,,,0,60,,123370,4,,,0,20,,123367,4,,,0,20,,123399,4,,,0,60,,123372,4,,,0,20,,123371,4,,,0,20,,123400,4,,,0,63,,123373,4,,,0,30,,123374,4,,,0,70,,123375,4,,,0,30,,123376,4,,,0,70,,123377,4,,,0
12801,'STMPar-Weekday',434,,123485,4,,,0,14,,123404,4,,,0,54,,123403,4,,,0,14,,123406,4,,,0,14,,123407,4,,,0,14,,123408,4,,,0,14,,123405,4,,,0,53,,123409,4,,,0,20,,123411,4,,,0,10,,123413,4,,,0,61,,123488,4,,,0,10,,123489,4,,,0,10,,123414,4,,,0,10,,123415,4,,,0,10,,123416,4,,,0,10,,123417,4,,,0,50,,123419,4,,,0,10,,123418,4,,,0,10,,123422,4,,,0,10,,123420,4,,,0,10,,123421,4,,,0,10,,123423,4,,,0,50,,123424,4,,,0,10,,123425,4,,,0,10,,123482,4,,,0,10,,123471,4,,,0,10,,123483,4,,,0,10,,123472,4,,,0,50,,123484,4,,,0,10,,123468,4,,,0,20,,123469,4,,,0,20,,123473,4,,,0,60,,123475,4,,,0,20,,123476,4,,,0,20,,123477,4,,,0,60,,123474,4,,,0,20,,123478,4,,,0,20,,123479,4,,,0,60,,123466,4,,,0,20,,123465,4,,,0,20,,123470,4,,,0,60,,123467,4,,,0,20,,123426,4,,,0,11,,123427,4,,,0,10,,123428,4,,,0,50,,123429,4,,,0,10,,123431,4,,,0,10,,123433,4,,,0,11,,123430,4,,,0,10,,123432,4,,,0,10,,123434,4,,,0,50,,123436,4,,,0,10,,123435,4,,,0,10,,123437,4,,,0,10,,123440,4,,,0,10,,123439,4,,,0,10,,123438,4,,,0,50,,123441,4,,,0,10,,123447,4,,,0,10,,123444,4,,,0,10,,123443,4,,,0,10,,123446,4,,,0,10,,123445,4,,,0,49,,123442,4,,,0,12,,123448,4,,,0,14,,123449,4,,,0,14,,123451,4,,,0,15,,123450,4,,,0,56,,123452,4,,,0,14,,123480,4,,,0,18,,123453,4,,,0,60,,123455,4,,,0,20,,123481,4,,,0,20,,123456,4,,,0,60,,123457,4,,,0,20,,123454,4,,,0,20,,123486,4,,,0,60,,123459,4,,,0,20,,123458,4,,,0,20,,123487,4,,,0,63,,123460,4,,,0,30,,123461,4,,,0,70,,123462,4,,,0,30,,123463,4,,,0,70,,123464,4,,,0
13600,'Saturday',503,,124591,4,,,0,30,,124592,4,,,0,70,,124589,4,,,0,30,,124590,4,,,0,70,,124558,4,,,0,30,,124559,4,,,0,70,,124561,4,,,0,30,,124562,4,,,0,70,,124563,4,,,0,30,,124560,4,,,0,70,,124564,4,,,0,30,,124565,4,,,0,70,,124566,4,,,0,30,,124567,4,,,0,70,,124568,4,,,0,30,,124569,4,,,0,70,,124570,4,,,0,30,,124571,4,,,0,70,,124573,4,,,0,30,,124574,4,,,0,70,,124575,4,,,0,30,,124572,4,,,0,70,,124576,4,,,0,30,,124577,4,,,0,70,,124578,4,,,0,30,,124579,4,,,0,70,,124580,4,,,0,30,,124581,4,,,0,70,,124582,4,,,0,30,,124583,4,,,0,70,,124585,4,,,0,30,,124586,4,,,0,70,,124587,4,,,0,30,,124584,4,,,0,70,,124588,4,,,0,30,,124595,4,,,0,70,,124596,4,,,0,30,,124593,4,,,0,70,,124594,4,,,0
13600,'Sunday',503,,124597,4,,,0,30,,124598,4,,,0,70,,124599,4,,,0,30,,124600,4,,,0,70,,124601,4,,,0,30,,124602,4,,,0,70,,124603,4,,,0,30,,124604,4,,,0,70,,124605,4,,,0,30,,124607,4,,,0,70,,124609,4,,,0,30,,124610,4,,,0,70,,124606,4,,,0,30,,124611,4,,,0,70,,124608,4,,,0,30,,124612,4,,,0,70,,124613,4,,,0,30,,124614,4,,,0,70,,124616,4,,,0,30,,124617,4,,,0,70,,124615,4,,,0,30,,124619,4,,,0,70,,124620,4,,,0,30,,124618,4,,,0,70,,124621,4,,,0,30,,124622,4,,,0,70,,124623,4,,,0,30,,124624,4,,,0,70,,124625,4,,,0,30,,124627,4,,,0,70,,124628,4,,,0,30,,124629,4,,,0,70,,124626,4,,,0,30,,124630,4,,,0,70,,124634,4,,,0,30,,124631,4,,,0,70,,124632,4,,,0,30,,124635,4,,,0,70,,124633,4,,,0
13600,'Weekday',503,,124676,4,,,0,30,,124643,4,,,0,70,,124636,4,,,0,30,,124637,4,,,0,15,,124674,4,,,0,55,,124638,4,,,0,15,,124675,4,,,0,15,,124639,4,,,0,70,,124640,4,,,0,30,,124641,4,,,0,70,,124642,4,,,0,30,,124654,4,,,0,70,,124655,4,,,0,30,,124656,4,,,0,70,,124657,4,,,0,30,,124658,4,,,0,70,,124659,4,,,0,30,,124661,4,,,0,70,,124662,4,,,0,30,,124660,4,,,0,71,,124645,4,,,0,30,,124646,4,,,0,70,,124644,4,,,0,30,,124647,4,,,0,70,,124648,4,,,0,32,,124649,4,,,0,71,,124650,4,,,0,32,,124651,4,,,0,71,,124652,4,,,0,30,,124653,4,,,0,69,,124664,4,,,0,29,,124665,4,,,0,69,,124663,4,,,0,30,,124666,4,,,0,70,,124667,4,,,0,30,,124668,4,,,0,70,,124669,4,,,0,30,,124670,4,,,0,70,,124671,4,,,0,30,,124672,4,,,0,70,,124673,4,,,0
13600,'STMPSa-Saturday',503,,124711,4,,,0,30,,124712,4,,,0,70,,124708,4,,,0,30,,124710,4,,,0,70,,124677,4,,,0,30,,124678,4,,,0,70,,124680,4,,,0,30,,124681,4,,,0,70,,124682,4,,,0,30,,124679,4,,,0,70,,124683,4,,,0,30,,124684,4,,,0,70,,124685,4,,,0,30,,124686,4,,,0,70,,124687,4,,,0,30,,124688,4,,,0,70,,124689,4,,,0,30,,124690,4,,,0,70,,124692,4,,,0,30,,124693,4,,,0,70,,124694,4,,,0,30,,124691,4,,,0,70,,124695,4,,,0,30,,124696,4,,,0,70,,124697,4,,,0,30,,124698,4,,,0,70,,124699,4,,,0,30,,124700,4,,,0,70,,124701,4,,,0,30,,124702,4,,,0,70,,124704,4,,,0,30,,124705,4,,,0,70,,124706,4,,,0,30,,124703,4,,,0,70,,124707,4,,,0,30,,124714,4,,,0,70,,124715,4,,,0,30,,124709,4,,,0,70,,124713,4,,,0
13600,'STMPSnea-Weekday',503,,124756,4,,,0,30,,124723,4,,,0,70,,124716,4,,,0,30,,124717,4,,,0,15,,124754,4,,,0,55,,124718,4,,,0,15,,124755,4,,,0,15,,124719,4,,,0,70,,124720,4,,,0,30,,124721,4,,,0,70,,124722,4,,,0,30,,124734,4,,,0,70,,124735,4,,,0,30,,124736,4,,,0,70,,124737,4,,,0,30,,124738,4,,,0,70,,124739,4,,,0,30,,124741,4,,,0,70,,124742,4,,,0,30,,124740,4,,,0,71,,124725,4,,,0,30,,124726,4,,,0,70,,124724,4,,,0,30,,124727,4,,,0,70,,124728,4,,,0,32,,124729,4,,,0,71,,124730,4,,,0,32,,124731,4,,,0,71,,124732,4,,,0,30,,124733,4,,,0,69,,124744,4,,,0,29,,124745,4,,,0,69,,124743,4,,,0,30,,124746,4,,,0,70,,124747,4,,,0,30,,124748,4,,,0,70,,124749,4,,,0,30,,124750,4,,,0,70,,124751,4,,,0,30,,124752,4,,,0,70,,124753,4,,,0
13600,'STMPSu1-Sunday',503,,124757,4,,,0,30,,124758,4,,,0,70,,124759,4,,,0,30,,124760,4,,,0,70,,124761,4,,,0,30,,124762,4,,,0,70,,124763,4,,,0,30,,124764,4,,,0,70,,124765,4,,,0,30,,124767,4,,,0,70,,124769,4,,,0,30,,124770,4,,,0,70,,124766,4,,,0,30,,124771,4,,,0,70,,124768,4,,,0,30,,124772,4,,,0,70,,124774,4,,,0,30,,124775,4,,,0,70,,124773,4,,,0,30,,124777,4,,,0,70,,124776,4,,,0,30,,124779,4,,,0,70,,124780,4,,,0,30,,124778,4,,,0,70,,124781,4,,,0,30,,124782,4,,,0,70,,124783,4,,,0,30,,124784,4,,,0,70,,124785,4,,,0,30,,124787,4,,,0,70,,124788,4,,,0,30,,124789,4,,,0,70,,124786,4,,,0,30,,124790,4,,,0,70,,124794,4,,,0,30,,124791,4,,,0,70,,124792,4,,,0,30,,124795,4,,,0,70,,124793,4,,,0
13600,'STMPSu2-Sunday',503,,124796,4,,,0,30,,124797,4,,,0,70,,124798,4,,,0,30,,124799,4,,,0,70,,124800,4,,,0,30,,124801,4,,,0,70,,124802,4,,,0,30,,124803,4,,,0,70,,124804,4,,,0,30,,124806,4,,,0,70,,124808,4,,,0,30,,124809,4,,,0,70,,124805,4,,,0,30,,124810,4,,,0,70,,124807,4,,,0,30,,124811,4,,,0,70,,124812,4,,,0,30,,124813,4,,,0,70,,124815,4,,,0,30,,124816,4,,,0,70,,124814,4,,,0,30,,124818,4,,,0,70,,124819,4,,,0,30,,124817,4,,,0,70,,124820,4,,,0,30,,124821,4,,,0,70,,124822,4,,,0,30,,124823,4,,,0,70,,124824,4,,,0,30,,124826,4,,,0,70,,124827,4,,,0,30,,124828,4,,,0,70,,124825,4,,,0,30,,124829,4,,,0,70,,124833,4,,,0,30,,124830,4,,,0,70,,124831,4,,,0,30,,124834,4,,,0,70,,124832,4,,,0
13600,'STMPWeek-Weekday',503,,124875,4,,,0,30,,124842,4,,,0,70,,124835,4,,,0,30,,124836,4,,,0,15,,124873,4,,,0,55,,124837,4,,,0,15,,124874,4,,,0,15,,124838,4,,,0,70,,124839,4,,,0,30,,124840,4,,,0,70,,124841,4,,,0,30,,124853,4,,,0,70,,124854,4,,,0,30,,124855,4,,,0,70,,124856,4,,,0,30,,124857,4,,,0,70,,124858,4,,,0,30,,124860,4,,,0,70,,124861,4,,,0,30,,124859,4,,,0,71,,124844,4,,,0,30,,124845,4,,,0,70,,124843,4,,,0,30,,124846,4,,,0,70,,124847,4,,,0,32,,124848,4,,,0,71,,124849,4,,,0,32,,124850,4,,,0,71,,124851,4,,,0,30,,124852,4,,,0,69,,124863,4,,,0,29,,124864,4,,,0,69,,124862,4,,,0,30,,124865,4,,,0,70,,124866,4,,,0,30,,124867,4,,,0,70,,124868,4,,,0,30,,124869,4,,,0,70,,124870,4,,,0,30,,124871,4,,,0,70,,124872,4,,,0
13600,'STMPar-Weekday',503,,124916,4,,,0,30,,124880,4,,,0,70,,124876,4,,,0,30,,124877,4,,,0,15,,124914,4,,,0,55,,124878,4,,,0,15,,124915,4,,,0,15,,124879,4,,,0,70,,124881,4,,,0,30,,124882,4,,,0,70,,124883,4,,,0,30,,124895,4,,,0,70,,124894,4,,,0,30,,124896,4,,,0,70,,124897,4,,,0,30,,124898,4,,,0,70,,124899,4,,,0,30,,124901,4,,,0,70,,124902,4,,,0,30,,124900,4,,,0,71,,124885,4,,,0,30,,124886,4,,,0,70,,124884,4,,,0,30,,124887,4,,,0,70,,124888,4,,,0,32,,124889,4,,,0,71,,124890,4,,,0,32,,124891,4,,,0,71,,124892,4,,,0,30,,124893,4,,,0,69,,124904,4,,,0,29,,124905,4,,,0,69,,124903,4,,,0,30,,124906,4,,,0,70,,124907,4,,,0,30,,124908,4,,,0,70,,124909,4,,,0,30,,124910,4,,,0,70,,124911,4,,,0,30,,124912,4,,,0,70,,124913,4,,,0
14500,'Saturday',507,,126089,4,,,0,29,,126092,4,,,0,65,,126093,4,,,0,20,,126132,4,,,0,20,,126094,4,,,0,60,,126095,4,,,0,20,,126133,4,,,0,20,,126096,4,,,0,60,,126099,4,,,0,21,,126134,4,,,0,21,,126100,4,,,0,60,,126097,4,,,0,20,,126131,4,,,0,20,,126101,4,,,0,60,,126102,4,,,0,20,,126135,4,,,0,20,,126103,4,,,0,60,,126104,4,,,0,21,,126136,4,,,0,20,,126098,4,,,0,60,,126105,4,,,0,20,,126106,4,,,0,20,,126137,4,,,0,60,,126107,4,,,0,20,,126138,4,,,0,20,,126108,4,,,0,60,,126109,4,,,0,20,,126139,4,,,0,21,,126110,4,,,0,61,,126111,4,,,0,20,,126112,4,,,0,21,,126140,4,,,0,61,,126114,4,,,0,20,,126115,4,,,0,21,,126141,4,,,0,61,,126116,4,,,0,20,,126113,4,,,0,21,,126142,4,,,0,61,,126118,4,,,0,20,,126119,4,,,0,20,,126143,4,,,0,60,,126120,4,,,0,21,,126121,4,,,0,20,,126144,4,,,0,61,,126122,4,,,0,20,,126117,4,,,0,20,,126145,4,,,0,60,,126124,4,,,0,20,,126125,4,,,0,20,,126146,4,,,0,60,,126123,4,,,0,20,,126127,4,,,0,20,,126147,4,,,0,60,,126128,4,,,0,20,,126129,4,,,0,70,,126126,4,,,0,30,,126130,4,,,0,70,,126090,4,,,0
14500,'Sunday',507,,126169,4,,,0,29,,126150,4,,,0,65,,126170,4,,,0,20,,126188,4,,,0,20,,126151,4,,,0,60,,126171,4,,,0,20,,126189,4,,,0,20,,126152,4,,,0,60,,126172,4,,,0,21,,126190,4,,,0,21,,126149,4,,,0,60,,126174,4,,,0,20,,126191,4,,,0,20,,126153,4,,,0,60,,126176,4,,,0,20,,126192,4,,,0,20,,126155,4,,,0,60,,126177,4,,,0,21,,126193,4,,,0,20,,126156,4,,,0,60,,126173,4,,,0,20,,126194,4,,,0,20,,126157,4,,,0,60,,126178,4,,,0,20,,126195,4,,,0,20,,126154,4,,,0,60,,126175,4,,,0,20,,126197,4,,,0,21,,126158,4,,,0,61,,126179,4,,,0,20,,126198,4,,,0,21,,126159,4,,,0,61,,126180,4,,,0,20,,126199,4,,,0,21,,126160,4,,,0,61,,126181,4,,,0,20,,126196,4,,,0,21,,126161,4,,,0,61,,126183,4,,,0,20,,126200,4,,,0,20,,126162,4,,,0,60,,126184,4,,,0,21,,126201,4,,,0,20,,126163,4,,,0,61,,126185,4,,,0,20,,126202,4,,,0,20,,126164,4,,,0,60,,126182,4,,,0,20,,126203,4,,,0,20,,126165,4,,,0,60,,126186,4,,,0,20,,126204,4,,,0,20,,126166,4,,,0,60,,126187,4,,,0,20,,126205,4,,,0,70,,126167,4,,,0,30,,126206,4,,,0,70,,126168,4,,,0
14500,'Weekday',439,,126208,4,,,0,15,,126207,4,,,0,54,,126209,4,,,0,14,,126210,4,,,0,14,,126212,4,,,0,14,,126211,4,,,0,54,,126213,4,,,0,21,,126215,4,,,0,9,,126216,4,,,0,10,,126217,4,,,0,10,,126218,4,,,0,51,,126294,4,,,0,10,,126220,4,,,0,10,,126222,4,,,0,10,,126219,4,,,0,10,,126221,4,,,0,10,,126223,4,,,0,50,,126224,4,,,0,10,,126225,4,,,0,10,,126228,4,,,0,10,,126226,4,,,0,10,,126227,4,,,0,10,,126229,4,,,0,50,,126284,4,,,0,10,,126230,4,,,0,10,,126290,4,,,0,10,,126232,4,,,0,10,,126289,4,,,0,10,,126233,4,,,0,50,,126291,4,,,0,15,,126235,4,,,0,20,,126231,4,,,0,60,,126236,4,,,0,20,,126237,4,,,0,20,,126238,4,,,0,60,,126285,4,,,0,22,,126234,4,,,0,20,,126241,4,,,0,60,,126286,4,,,0,20,,126239,4,,,0,20,,126242,4,,,0,60,,126243,4,,,0,20,,126240,4,,,0,16,,126247,4,,,0,10,,126246,4,,,0,10,,126244,4,,,0,50,,126248,4,,,0,10,,126245,4,,,0,10,,126250,4,,,0,10,,126249,4,,,0,10,,126251,4,,,0,10,,126252,4,,,0,50,,126253,4,,,0,10,,126254,4,,,0,10,,126255,4,,,0,10,,126257,4,,,0,10,,126258,4,,,0,10,,126259,4,,,0,50,,126260,4,,,0,10,,126256,4,,,0,10,,126263,4,,,0,10,,126262,4,,,0,10,,126261,4,,,0,10,,126264,4,,,0,51,,126266,4,,,0,13,,126265,4,,,0,14,,126267,4,,,0,15,,126269,4,,,0,56,,126268,4,,,0,14,,126271,4,,,0,15,,126288,4,,,0,20,,126272,4,,,0,60,,126273,4,,,0,20,,126287,4,,,0,20,,126270,4,,,0,60,,126274,4,,,0,20,,126292,4,,,0,20,,126275,4,,,0,60,,126277,4,,,0,20,,126278,4,,,0,20,,126293,4,,,0,68,,126279,4,,,0,30,,126281,4,,,0,70,,126276,4,,,0,30,,126282,4,,,0,70,,126283,4,,,0,30,,126280,4,,,0
14500,'STMPSa-Saturday',507,,126296,4,,,0,29,,126298,4,,,0,65,,126299,4,,,0,20,,126338,4,,,0,20,,126300,4,,,0,60,,126301,4,,,0,20,,126339,4,,,0,20,,126302,4,,,0,60,,126305,4,,,0,21,,126340,4,,,0,21,,126306,4,,,0,60,,126303,4,,,0,20,,126337,4,,,0,20,,126307,4,,,0,60,,126308,4,,,0,20,,126341,4,,,0,20,,126309,4,,,0,60,,126310,4,,,0,21,,126342,4,,,0,20,,126304,4,,,0,60,,126311,4,,,0,20,,126312,4,,,0,20,,126343,4,,,0,60,,126313,4,,,0,20,,126344,4,,,0,20,,126314,4,,,0,60,,126315,4,,,0,20,,126345,4,,,0,21,,126316,4,,,0,61,,126317,4,,,0,20,,126318,4,,,0,21,,126346,4,,,0,61,,126320,4,,,0,20,,126321,4,,,0,21,,126347,4,,,0,61,,126322,4,,,0,20,,126319,4,,,0,21,,126348,4,,,0,61,,126324,4,,,0,20,,126325,4,,,0,20,,126349,4,,,0,60,,126326,4,,,0,21,,126327,4,,,0,20,,126350,4,,,0,61,,126328,4,,,0,20,,126323,4,,,0,20,,126351,4,,,0,60,,126330,4,,,0,20,,126331,4,,,0,20,,126352,4,,,0,60,,126329,4,,,0,20,,126333,4,,,0,20,,126353,4,,,0,60,,126334,4,,,0,20,,126335,4,,,0,70,,126332,4,,,0,30,,126336,4,,,0,70,,126297,4,,,0
14500,'STMPSnea-Weekday',439,,126355,4,,,0,15,,126354,4,,,0,54,,126356,4,,,0,14,,126357,4,,,0,14,,126359,4,,,0,14,,126358,4,,,0,54,,126360,4,,,0,21,,126362,4,,,0,9,,126363,4,,,0,10,,126364,4,,,0,10,,126365,4,,,0,51,,126441,4,,,0,10,,126367,4,,,0,10,,126369,4,,,0,10,,126366,4,,,0,10,,126368,4,,,0,10,,126370,4,,,0,50,,126371,4,,,0,10,,126372,4,,,0,10,,126375,4,,,0,10,,126373,4,,,0,10,,126374,4,,,0,10,,126376,4,,,0,50,,126431,4,,,0,10,,126377,4,,,0,10,,126437,4,,,0,10,,126379,4,,,0,10,,126436,4,,,0,10,,126380,4,,,0,50,,126438,4,,,0,15,,126382,4,,,0,20,,126378,4,,,0,60,,126383,4,,,0,20,,126384,4,,,0,20,,126385,4,,,0,60,,126432,4,,,0,22,,126381,4,,,0,20,,126388,4,,,0,60,,126433,4,,,0,20,,126386,4,,,0,20,,126389,4,,,0,60,,126390,4,,,0,20,,126387,4,,,0,16,,126394,4,,,0,10,,126393,4,,,0,10,,126391,4,,,0,50,,126395,4,,,0,10,,126392,4,,,0,10,,126397,4,,,0,10,,126396,4,,,0,10,,126398,4,,,0,10,,126399,4,,,0,50,,126400,4,,,0,10,,126401,4,,,0,10,,126402,4,,,0,10,,126404,4,,,0,10,,126405,4,,,0,10,,126406,4,,,0,50,,126407,4,,,0,10,,126403,4,,,0,10,,126410,4,,,0,10,,126409,4,,,0,10,,126408,4,,,0,10,,126411,4,,,0,51,,126413,4,,,0,13,,126412,4,,,0,14,,126414,4,,,0,15,,126416,4,,,0,56,,126415,4,,,0,14,,126418,4,,,0,15,,126435,4,,,0,20,,126419,4,,,0,60,,126420,4,,,0,20,,126434,4,,,0,20,,126417,4,,,0,60,,126421,4,,,0,20,,126439,4,,,0,20,,126422,4,,,0,60,,126424,4,,,0,20,,126425,4,,,0,20,,126440,4,,,0,68,,126426,4,,,0,30,,126428,4,,,0,70,,126423,4,,,0,30,,126429,4,,,0,70,,126430,4,,,0,30,,126427,4,,,0
14500,'STMPSu1-Sunday',507,,126463,4,,,0,29,,126444,4,,,0,65,,126464,4,,,0,20,,126482,4,,,0,20,,126445,4,,,0,60,,126465,4,,,0,20,,126483,4,,,0,20,,126446,4,,,0,60,,126466,4,,,0,21,,126484,4,,,0,21,,126443,4,,,0,60,,126468,4,,,0,20,,126485,4,,,0,20,,126447,4,,,0,60,,126470,4,,,0,20,,126486,4,,,0,20,,126449,4,,,0,60,,126471,4,,,0,21,,126487,4,,,0,20,,126450,4,,,0,60,,126467,4,,,0,20,,126488,4,,,0,20,,126451,4,,,0,60,,126472,4,,,0,20,,126489,4,,,0,20,,126448,4,,,0,60,,126469,4,,,0,20,,126491,4,,,0,21,,126452,4,,,0,61,,126473,4,,,0,20,,126492,4,,,0,21,,126453,4,,,0,61,,126474,4,,,0,20,,126493,4,,,0,21,,126454,4,,,0,61,,126475,4,,,0,20,,126490,4,,,0,21,,126455,4,,,0,61,,126477,4,,,0,20,,126494,4,,,0,20,,126456,4,,,0,60,,126478,4,,,0,21,,126495,4,,,0,20,,126457,4,,,0,61,,126479,4,,,0,20,,126496,4,,,0,20,,126458,4,,,0,60,,126476,4,,,0,20,,126497,4,,,0,20,,126459,4,,,0,60,,126480,4,,,0,20,,126498,4,,,0,20,,126460,4,,,0,60,,126481,4,,,0,20,,126499,4,,,0,70,,126461,4,,,0,30,,126500,4,,,0,70,,126462,4,,,0
14500,'STMPSu2-Sunday',507,,126522,4,,,0,29,,126503,4,,,0,65,,126523,4,,,0,20,,126541,4,,,0,20,,126504,4,,,0,60,,126524,4,,,0,20,,126542,4,,,0,20,,126505,4,,,0,60,,126525,4,,,0,21,,126543,4,,,0,21,,126502,4,,,0,60,,126527,4,,,0,20,,126544,4,,,0,20,,126506,4,,,0,60,,126529,4,,,0,20,,126545,4,,,0,20,,126508,4,,,0,60,,126530,4,,,0,21,,126546,4,,,0,20,,126509,4,,,0,60,,126526,4,,,0,20,,126547,4,,,0,20,,126510,4,,,0,60,,126531,4,,,0,20,,126548,4,,,0,20,,126507,4,,,0,60,,126528,4,,,0,20,,126550,4,,,0,21,,126511,4,,,0,61,,126532,4,,,0,20,,126551,4,,,0,21,,126512,4,,,0,61,,126533,4,,,0,20,,126552,4,,,0,21,,126513,4,,,0,61,,126534,4,,,0,20,,126549,4,,,0,21,,126514,4,,,0,61,,126536,4,,,0,20,,126553,4,,,0,20,,126515,4,,,0,60,,126537,4,,,0,21,,126554,4,,,0,20,,126516,4,,,0,61,,126538,4,,,0,20,,126555,4,,,0,20,,126517,4,,,0,60,,126535,4,,,0,20,,126556,4,,,0,20,,126518,4,,,0,60,,126539,4,,,0,20,,126557,4,,,0,20,,126519,4,,,0,60,,126540,4,,,0,20,,126558,4,,,0,70,,126520,4,,,0,30,,126559,4,,,0,70,,126521,4,,,0
14500,'STMPWeek-Weekday',439,,126561,4,,,0,15,,126560,4,,,0,54,,126562,4,,,0,14,,126563,4,,,0,14,,126565,4,,,0,14,,126564,4,,,0,54,,126566,4,,,0,21,,126568,4,,,0,9,,126569,4,,,0,10,,126570,4,,,0,10,,126571,4,,,0,51,,126647,4,,,0,10,,126573,4,,,0,10,,126575,4,,,0,10,,126572,4,,,0,10,,126574,4,,,0,10,,126576,4,,,0,50,,126577,4,,,0,10,,126578,4,,,0,10,,126581,4,,,0,10,,126579,4,,,0,10,,126580,4,,,0,10,,126582,4,,,0,50,,126637,4,,,0,10,,126583,4,,,0,10,,126643,4,,,0,10,,126585,4,,,0,10,,126642,4,,,0,10,,126586,4,,,0,50,,126644,4,,,0,15,,126588,4,,,0,20,,126584,4,,,0,60,,126589,4,,,0,20,,126590,4,,,0,20,,126591,4,,,0,60,,126638,4,,,0,22,,126587,4,,,0,20,,126594,4,,,0,60,,126639,4,,,0,20,,126592,4,,,0,20,,126595,4,,,0,60,,126596,4,,,0,20,,126593,4,,,0,16,,126600,4,,,0,10,,126599,4,,,0,10,,126597,4,,,0,50,,126601,4,,,0,10,,126598,4,,,0,10,,126603,4,,,0,10,,126602,4,,,0,10,,126604,4,,,0,10,,126605,4,,,0,50,,126606,4,,,0,10,,126607,4,,,0,10,,126608,4,,,0,10,,126610,4,,,0,10,,126611,4,,,0,10,,126612,4,,,0,50,,126613,4,,,0,10,,126609,4,,,0,10,,126616,4,,,0,10,,126615,4,,,0,10,,126614,4,,,0,10,,126617,4,,,0,51,,126619,4,,,0,13,,126618,4,,,0,14,,126620,4,,,0,15,,126622,4,,,0,56,,126621,4,,,0,14,,126624,4,,,0,15,,126641,4,,,0,20,,126625,4,,,0,60,,126626,4,,,0,20,,126640,4,,,0,20,,126623,4,,,0,60,,126627,4,,,0,20,,126645,4,,,0,20,,126628,4,,,0,60,,126630,4,,,0,20,,126631,4,,,0,20,,126646,4,,,0,68,,126632,4,,,0,30,,126634,4,,,0,70,,126629,4,,,0,30,,126635,4,,,0,70,,126636,4,,,0,30,,126633,4,,,0
14500,'STMPar-Weekday',439,,126649,4,,,0,15,,126648,4,,,0,54,,126650,4,,,0,14,,126651,4,,,0,14,,126653,4,,,0,14,,126652,4,,,0,54,,126654,4,,,0,21,,126656,4,,,0,9,,126658,4,,,0,10,,126659,4,,,0,10,,126660,4,,,0,51,,126735,4,,,0,10,,126661,4,,,0,10,,126663,4,,,0,10,,126657,4,,,0,10,,126662,4,,,0,10,,126664,4,,,0,50,,126665,4,,,0,10,,126666,4,,,0,10,,126669,4,,,0,10,,126667,4,,,0,10,,126668,4,,,0,10,,126670,4,,,0,50,,126725,4,,,0,10,,126671,4,,,0,10,,126731,4,,,0,10,,126673,4,,,0,10,,126730,4,,,0,10,,126674,4,,,0,50,,126732,4,,,0,15,,126676,4,,,0,20,,126672,4,,,0,60,,126677,4,,,0,20,,126678,4,,,0,20,,126679,4,,,0,60,,126726,4,,,0,22,,126675,4,,,0,20,,126682,4,,,0,60,,126727,4,,,0,20,,126680,4,,,0,20,,126683,4,,,0,60,,126684,4,,,0,20,,126681,4,,,0,16,,126688,4,,,0,10,,126687,4,,,0,10,,126685,4,,,0,50,,126689,4,,,0,10,,126686,4,,,0,10,,126691,4,,,0,10,,126690,4,,,0,10,,126692,4,,,0,10,,126693,4,,,0,50,,126694,4,,,0,10,,126695,4,,,0,10,,126696,4,,,0,10,,126698,4,,,0,10,,126699,4,,,0,10,,126700,4,,,0,50,,126701,4,,,0,10,,126697,4,,,0,10,,126704,4,,,0,10,,126703,4,,,0,10,,126702,4,,,0,10,,126705,4,,,0,51,,126707,4,,,0,13,,126706,4,,,0,14,,126708,4,,,0,15,,126710,4,,,0,56,,126709,4,,,0,14,,126712,4,,,0,15,,126729,4,,,0,20,,126713,4,,,0,60,,126714,4,,,0,20,,126728,4,,,0,20,,126711,4,,,0,60,,126715,4,,,0,20,,126733,4,,,0,20,,126716,4,,,0,60,,126718,4,,,0,20,,126719,4,,,0,20,,126734,4,,,0,68,,126720,4,,,0,30,,126722,4,,,0,70,,126717,4,,,0,30,,126723,4,,,0,70,,126724,4,,,0,30,,126721,4,,,0
15701,'Saturday',433,,131010,4,,,0,68,,131011,4,,,0,28,,131012,4,,,0,28,,131013,4,,,0,68,,131015,4,,,0,28,,131016,4,,,0,68,,131017,4,,,0,28,,131014,4,,,0,68,,131018,4,,,0,28,,131019,4,,,0,68,,131020,4,,,0,28,,131021,4,,,0,68,,131022,4,,,0,28,,131023,4,,,0,68,,131024,4,,,0,28,,131026,4,,,0,68,,131027,4,,,0,28,,131028,4,,,0,28,,131025,4,,,0,68,,131029,4,,,0,28,,131030,4,,,0,68,,131031,4,,,0,28,,131032,4,,,0,68,,131033,4,,,0,28,,131034,4,,,0,68,,131035,4,,,0,28,,131036,4,,,0,68,,131037,4,,,0,28,,131038,4,,,0,68,,131039,4,,,0,28,,131040,4,,,0,68,,131041,4,,,0,28,,131042,4,,,0,28,,131043,4,,,0,68,,131044,4,,,0,28,,131045,4,,,0,68,,131046,4,,,0,28,,131047,4,,,0,68,,131048,4,,,0,28,,131049,4,,,0,68,,131050,4,,,0,28,,131051,4,,,0,68,,131009,4,,,0
15701,'Sunday',433,,131052,4,,,0,68,,131081,4,,,0,28,,131067,4,,,0,28,,131053,4,,,0,68,,131082,4,,,0,28,,131068,4,,,0,68,,131054,4,,,0,28,,131083,4,,,0,68,,131069,4,,,0,28,,131055,4,,,0,68,,131084,4,,,0,28,,131071,4,,,0,68,,131056,4,,,0,28,,131085,4,,,0,68,,131070,4,,,0,28,,131057,4,,,0,68,,131087,4,,,0,28,,131072,4,,,0,28,,131058,4,,,0,68,,131086,4,,,0,28,,131073,4,,,0,68,,131059,4,,,0,28,,131088,4,,,0,68,,131074,4,,,0,28,,131060,4,,,0,68,,131089,4,,,0,28,,131075,4,,,0,68,,131061,4,,,0,28,,131090,4,,,0,68,,131076,4,,,0,28,,131062,4,,,0,68,,131091,4,,,0,28,,131077,4,,,0,28,,131063,4,,,0,68,,131092,4,,,0,28,,131078,4,,,0,68,,131064,4,,,0,28,,131093,4,,,0,68,,131079,4,,,0,28,,131065,4,,,0,68,,131094,4,,,0,28,,131080,4,,,0,68,,131066,4,,,0
15701,'Weekday',403,,131145,4,,,0,31,,131095,4,,,0,24,,131137,4,,,0,63,,131138,4,,,0,22,,131117,4,,,0,62,,131142,4,,,0,22,,131114,4,,,0,22,,131118,4,,,0,62,,131113,4,,,0,22,,131141,4,,,0,22,,131119,4,,,0,62,,131110,4,,,0,22,,131120,4,,,0,65,,131111,4,,,0,27,,131121,4,,,0,28,,131109,4,,,0,67,,131122,4,,,0,27,,131108,4,,,0,67,,131124,4,,,0,27,,131107,4,,,0,67,,131123,4,,,0,27,,131106,4,,,0,67,,131125,4,,,0,26,,131105,4,,,0,20,,131127,4,,,0,60,,131101,4,,,0,22,,131143,4,,,0,22,,131128,4,,,0,61,,131104,4,,,0,22,,131126,4,,,0,62,,131144,4,,,0,22,,131103,4,,,0,22,,131129,4,,,0,62,,131102,4,,,0,28,,131130,4,,,0,67,,131100,4,,,0,28,,131131,4,,,0,68,,131099,4,,,0,27,,131132,4,,,0,27,,131096,4,,,0,67,,131133,4,,,0,27,,131098,4,,,0,67,,131134,4,,,0,27,,131116,4,,,0,67,,131135,4,,,0,27,,131112,4,,,0,67,,131136,4,,,0,27,,131115,4,,,0,27,,131097,4,,,0,67,,131139,4,,,0,26,,131140,4,,,0
15701,'STMPSa-Saturday',433,,131147,4,,,0,68,,131148,4,,,0,28,,131149,4,,,0,28,,131150,4,,,0,68,,131153,4,,,0,28,,131154,4,,,0,68,,131151,4,,,0,28,,131152,4,,,0,68,,131155,4,,,0,28,,131156,4,,,0,68,,131157,4,,,0,28,,131158,4,,,0,68,,131159,4,,,0,28,,131160,4,,,0,68,,131161,4,,,0,28,,131163,4,,,0,68,,131164,4,,,0,28,,131165,4,,,0,28,,131162,4,,,0,68,,131166,4,,,0,28,,131167,4,,,0,68,,131168,4,,,0,28,,131169,4,,,0,68,,131170,4,,,0,28,,131171,4,,,0,68,,131172,4,,,0,28,,131173,4,,,0,68,,131174,4,,,0,28,,131175,4,,,0,68,,131176,4,,,0,28,,131177,4,,,0,68,,131178,4,,,0,28,,131179,4,,,0,28,,131180,4,,,0,68,,131181,4,,,0,28,,131182,4,,,0,68,,131183,4,,,0,28,,131184,4,,,0,68,,131185,4,,,0,28,,131186,4,,,0,68,,131187,4,,,0,28,,131188,4,,,0,68,,131146,4,,,0
15701,'STMPSnea-Weekday',403,,131239,4,,,0,31,,131189,4,,,0,24,,131231,4,,,0,63,,131232,4,,,0,22,,131211,4,,,0,62,,131236,4,,,0,22,,131208,4,,,0,22,,131212,4,,,0,62,,131207,4,,,0,22,,131235,4,,,0,22,,131213,4,,,0,62,,131204,4,,,0,22,,131214,4,,,0,65,,131205,4,,,0,27,,131215,4,,,0,28,,131203,4,,,0,67,,131216,4,,,0,27,,131202,4,,,0,67,,131218,4,,,0,27,,131201,4,,,0,67,,131217,4,,,0,27,,131200,4,,,0,67,,131219,4,,,0,26,,131199,4,,,0,20,,131221,4,,,0,60,,131195,4,,,0,22,,131237,4,,,0,22,,131222,4,,,0,61,,131198,4,,,0,22,,131220,4,,,0,62,,131238,4,,,0,22,,131197,4,,,0,22,,131223,4,,,0,62,,131196,4,,,0,28,,131224,4,,,0,67,,131194,4,,,0,28,,131225,4,,,0,68,,131193,4,,,0,27,,131226,4,,,0,27,,131190,4,,,0,67,,131227,4,,,0,27,,131192,4,,,0,67,,131228,4,,,0,27,,131210,4,,,0,67,,131229,4,,,0,27,,131206,4,,,0,67,,131230,4,,,0,27,,131209,4,,,0,27,,131191,4,,,0,67,,131233,4,,,0,26,,131234,4,,,0
15701,'STMPSu1-Sunday',433,,131240,4,,,0,68,,131269,4,,,0,28,,131255,4,,,0,28,,131241,4,,,0,68,,131270,4,,,0,28,,131256,4,,,0,68,,131242,4,,,0,28,,131271,4,,,0,68,,131257,4,,,0,28,,131243,4,,,0,68,,131272,4,,,0,28,,131259,4,,,0,68,,131244,4,,,0,28,,131273,4,,,0,68,,131258,4,,,0,28,,131245,4,,,0,68,,131275,4,,,0,28,,131260,4,,,0,28,,131246,4,,,0,68,,131274,4,,,0,28,,131261,4,,,0,68,,131247,4,,,0,28,,131276,4,,,0,68,,131262,4,,,0,28,,131248,4,,,0,68,,131277,4,,,0,28,,131263,4,,,0,68,,131249,4,,,0,28,,131278,4,,,0,68,,131264,4,,,0,28,,131250,4,,,0,68,,131279,4,,,0,28,,131265,4,,,0,28,,131251,4,,,0,68,,131280,4,,,0,28,,131266,4,,,0,68,,131252,4,,,0,28,,131281,4,,,0,68,,131267,4,,,0,28,,131253,4,,,0,68,,131282,4,,,0,28,,131268,4,,,0,68,,131254,4,,,0
15701,'STMPSu2-Sunday',433,,131283,4,,,0,68,,131312,4,,,0,28,,131298,4,,,0,28,,131284,4,,,0,68,,131313,4,,,0,28,,131299,4,,,0,68,,131285,4,,,0,28,,131314,4,,,0,68,,131300,4,,,0,28,,131286,4,,,0,68,,131315,4,,,0,28,,131302,4,,,0,68,,131287,4,,,0,28,,131316,4,,,0,68,,131301,4,,,0,28,,131288,4,,,0,68,,131318,4,,,0,28,,131303,4,,,0,28,,131289,4,,,0,68,,131317,4,,,0,28,,131304,4,,,0,68,,131290,4,,,0,28,,131319,4,,,0,68,,131305,4,,,0,28,,131291,4,,,0,68,,131320,4,,,0,28,,131306,4,,,0,68,,131292,4,,,0,28,,131321,4,,,0,68,,131307,4,,,0,28,,131293,4,,,0,68,,131322,4,,,0,28,,131308,4,,,0,28,,131294,4,,,0,68,,131323,4,,,0,28,,131309,4,,,0,68,,131295,4,,,0,28,,131324,4,,,0,68,,131310,4,,,0,28,,131296,4,,,0,68,,131325,4,,,0,28,,131311,4,,,0,68,,131297,4,,,0
15701,'STMPWeek-Weekday',403,,131376,4,,,0,31,,131326,4,,,0,24,,131368,4,,,0,63,,131369,4,,,0,22,,131348,4,,,0,62,,131373,4,,,0,22,,131345,4,,,0,22,,131349,4,,,0,62,,131344,4,,,0,22,,131372,4,,,0,22,,131350,4,,,0,62,,131341,4,,,0,22,,131351,4,,,0,65,,131342,4,,,0,27,,131352,4,,,0,28,,131340,4,,,0,67,,131353,4,,,0,27,,131339,4,,,0,67,,131355,4,,,0,27,,131338,4,,,0,67,,131354,4,,,0,27,,131337,4,,,0,67,,131356,4,,,0,26,,131336,4,,,0,20,,131358,4,,,0,60,,131332,4,,,0,22,,131374,4,,,0,22,,131359,4,,,0,61,,131335,4,,,0,22,,131357,4,,,0,62,,131375,4,,,0,22,,131334,4,,,0,22,,131360,4,,,0,62,,131333,4,,,0,28,,131361,4,,,0,67,,131331,4,,,0,28,,131362,4,,,0,68,,131330,4,,,0,27,,131363,4,,,0,27,,131327,4,,,0,67,,131364,4,,,0,27,,131329,4,,,0,67,,131365,4,,,0,27,,131347,4,,,0,67,,131366,4,,,0,27,,131343,4,,,0,67,,131367,4,,,0,27,,131346,4,,,0,27,,131328,4,,,0,67,,131370,4,,,0,26,,131371,4,,,0
15701,'STMPar-Weekday',403,,131427,4,,,0,31,,131377,4,,,0,24,,131419,4,,,0,63,,131420,4,,,0,22,,131399,4,,,0,62,,131424,4,,,0,22,,131396,4,,,0,22,,131400,4,,,0,62,,131395,4,,,0,22,,131423,4,,,0,22,,131401,4,,,0,62,,131392,4,,,0,22,,131402,4,,,0,65,,131393,4,,,0,27,,131403,4,,,0,28,,131391,4,,,0,67,,131404,4,,,0,27,,131390,4,,,0,67,,131406,4,,,0,27,,131389,4,,,0,67,,131405,4,,,0,27,,131388,4,,,0,67,,131407,4,,,0,26,,131387,4,,,0,20,,131409,4,,,0,60,,131383,4,,,0,22,,131425,4,,,0,22,,131410,4,,,0,61,,131386,4,,,0,22,,131408,4,,,0,62,,131426,4,,,0,22,,131385,4,,,0,22,,131411,4,,,0,62,,131384,4,,,0,28,,131412,4,,,0,67,,131382,4,,,0,28,,131413,4,,,0,68,,131381,4,,,0,27,,131414,4,,,0,27,,131378,4,,,0,67,,131415,4,,,0,27,,131380,4,,,0,67,,131416,4,,,0,27,,131398,4,,,0,67,,131417,4,,,0,27,,131394,4,,,0,67,,131418,4,,,0,27,,131397,4,,,0,27,,131379,4,,,0,67,,131421,4,,,0,26,,131422,4,,,0
