2600,'Saturday',631,,33244,33,4,,0,85,,33254,33,4,,0,85,,33246,33,4,,0,45,,33255,33,4,,0,88,,33245,33,4,,0,85,,33256,33,4,,0,85,,33247,33,4,,0,45,,33257,33,4,,0,85,,33248,33,4,,0,85,,33258,33,4,,0,85,,33249,33,4,,0,46,,33259,33,4,,0,85,,33250,33,4,,0,85,,33260,33,4,,0,85,,33251,33,4,,0,45,,33261,33,4,,0,85,,33252,33,4,,0,83,,33262,33,4,,0,84,,33253,33,4,,0,45,,33263,33,4,,0
2600,'Sunday',631,,33264,33,4,,0,85,,33274,33,4,,0,85,,33265,33,4,,0,45,,33275,33,4,,0,88,,33266,33,4,,0,85,,33277,33,4,,0,85,,33267,33,4,,0,45,,33276,33,4,,0,85,,33268,33,4,,0,85,,33278,33,4,,0,85,,33269,33,4,,0,46,,33279,33,4,,0,85,,33270,33,4,,0,85,,33280,33,4,,0,85,,33271,33,4,,0,45,,33281,33,4,,0,85,,33272,33,4,,0,83,,33282,33,4,,0,84,,33273,33,4,,0,45,,33283,33,4,,0
2600,'Weekday',555,,33284,33,4,,0,72,,33285,33,4,,0,32,,33286,33,4,,0,75,,33287,33,4,,0,73,,33288,33,4,,0,32,,33289,33,4,,0,71,,33290,33,4,,0,27,,33291,33,4,,0,66,,33293,33,4,,0,30,,33294,33,4,,0,70,,33295,33,4,,0,30,,33292,33,4,,0,70,,33296,33,4,,0,30,,33297,33,4,,0,70,,33298,33,4,,0,30,,33299,33,4,,0,70,,33300,33,4,,0,30,,33302,33,4,,0,72,,33303,33,4,,0,31,,33304,33,4,,0,72,,33301,33,4,,0,34,,33305,33,4,,0,72,,33306,33,4,,0,32,,33307,33,4,,0,72,,33308,33,4,,0,28,,33310,33,4,,0,68,,33311,33,4,,0,30,,33312,33,4,,0,70,,33313,33,4,,0,30,,33315,33,4,,0,70,,33317,33,4,,0,28,,33316,33,4,,0,70,,33314,33,4,,0,30,,33309,33,4,,0
2600,'Weekday0000100',1431,,33319,21,4,,0,10,,33318,21,4,,0
2600,'Weekday1111000',1611,,33321,21,4,,0,12,,33320,33,4,,0
2600,'1CCSDCUT-Weekday',555,,33322,33,4,,0,72,,33323,33,4,,0,32,,33324,33,4,,0,75,,33325,33,4,,0,73,,33326,33,4,,0,32,,33327,33,4,,0,71,,33328,33,4,,0,27,,33329,33,4,,0,66,,33331,33,4,,0,30,,33332,33,4,,0,70,,33333,33,4,,0,30,,33330,33,4,,0,70,,33334,33,4,,0,30,,33335,33,4,,0,70,,33336,33,4,,0,30,,33337,33,4,,0,70,,33338,33,4,,0,30,,33340,33,4,,0,72,,33341,33,4,,0,31,,33342,33,4,,0,72,,33339,33,4,,0,34,,33343,33,4,,0,72,,33344,33,4,,0,32,,33345,33,4,,0,72,,33346,33,4,,0,28,,33348,33,4,,0,68,,33349,33,4,,0,30,,33350,33,4,,0,70,,33351,33,4,,0,30,,33353,33,4,,0,70,,33355,33,4,,0,28,,33354,33,4,,0,70,,33352,33,4,,0,30,,33347,33,4,,0
2600,'1CCSDCUT-Weekday0000100',1431,,33357,21,4,,0,10,,33356,21,4,,0
2600,'1CCSDCUT-Weekday1111000',1611,,33359,21,4,,0,12,,33358,33,4,,0
2601,'Saturday',555,,33407,1,,,0,85,,33397,1,,,0,85,,33405,1,,,0,85,,33400,1,,,0,45,,33408,1,,,0,85,,33396,1,,,0,85,,33409,1,,,0,85,,33402,1,,,0,45,,33410,1,,,0,85,,33398,1,,,0,85,,33411,1,,,0,85,,33399,1,,,0,45,,33412,1,,,0,85,,33401,1,,,0,85,,33413,1,,,0,85,,33403,1,,,0,45,,33415,1,,,0,85,,33404,1,,,0,85,,33414,1,,,0,85,,33406,1,,,0
2601,'Sunday',555,,33426,1,,,0,85,,33416,1,,,0,85,,33427,1,,,0,85,,33417,1,,,0,45,,33428,1,,,0,85,,33418,1,,,0,85,,33429,1,,,0,85,,33419,1,,,0,45,,33430,1,,,0,85,,33420,1,,,0,85,,33431,1,,,0,85,,33421,1,,,0,45,,33432,1,,,0,85,,33423,1,,,0,85,,33433,1,,,0,85,,33422,1,,,0,45,,33434,1,,,0,85,,33424,1,,,0,85,,33435,1,,,0,85,,33425,1,,,0
2601,'Weekday',606,,33436,1,,,0,32,,33437,1,,,0,69,,33439,1,,,0,32,,33440,1,,,0,72,,33441,1,,,0,7,,33438,1,,,0,7,,33442,1,,,0,16,,33444,1,,,0,70,,33445,1,,,0,30,,33446,1,,,0,70,,33443,1,,,0,30,,33447,1,,,0,70,,33448,1,,,0,30,,33449,1,,,0,70,,33450,1,,,0,30,,33451,1,,,0,70,,33452,1,,,0,30,,33453,1,,,0,70,,33454,1,,,0,30,,33455,1,,,0,72,,33456,1,,,0,32,,33457,1,,,0,72,,33458,1,,,0,32,,33459,1,,,0,72,,33460,1,,,0,30,,33461,1,,,0,72,,33462,1,,,0,30,,33467,1,,,0,70,,33465,1,,,0,30,,33468,1,,,0,70,,33469,1,,,0,30,,33466,1,,,0,70,,33463,1,,,0,30,,33464,1,,,0
2601,'1CCSDCUT-Weekday',606,,33470,1,,,0,32,,33471,1,,,0,69,,33473,1,,,0,32,,33474,1,,,0,72,,33475,1,,,0,7,,33472,1,,,0,7,,33476,1,,,0,16,,33478,1,,,0,70,,33479,1,,,0,30,,33480,1,,,0,70,,33477,1,,,0,30,,33481,1,,,0,70,,33482,1,,,0,30,,33483,1,,,0,70,,33484,1,,,0,30,,33485,1,,,0,70,,33486,1,,,0,30,,33487,1,,,0,70,,33488,1,,,0,30,,33489,1,,,0,72,,33490,1,,,0,32,,33491,1,,,0,72,,33492,1,,,0,32,,33493,1,,,0,72,,33494,1,,,0,30,,33495,1,,,0,72,,33496,1,,,0,30,,33501,1,,,0,70,,33499,1,,,0,30,,33502,1,,,0,70,,33503,1,,,0,30,,33500,1,,,0,70,,33497,1,,,0,30,,33498,1,,,0
