900,'Saturday',644,,2039,63,4,,0,74,,2050,63,4,,0,28,,2033,63,4,,0,71,,2045,63,4,,0,31,,2055,63,4,,0,71,,2060,63,4,,0,31,,2040,63,4,,0,71,,2052,63,4,,0,31,,2034,63,4,,0,72,,2046,63,4,,0,31,,2056,63,4,,0,71,,2062,63,4,,0,31,,2043,63,4,,0,71,,2053,63,4,,0,31,,2035,63,4,,0,71,,2048,63,4,,0,71,,2058,63,4,,0,31,,2063,63,4,,0,71,,2041,63,4,,0,31,,2054,63,4,,0,71,,2036,63,4,,0,31,,2047,63,4,,0,71,,2059,63,4,,0,31,,2064,63,4,,0,71,,2042,63,4,,0,31,,2051,63,4,,0,71,,2037,63,4,,0,31,,2049,63,4,,0,71,,2061,63,4,,0,30,,2065,63,4,,0,71,,2044,63,4,,0,31,,2057,63,4,,0,71,,2038,63,4,,0,31,,2067,63,4,,0,66,,2066,63,4,,0
900,'Sunday',644,,2091,63,4,,0,74,,2068,63,4,,0,28,,2076,63,4,,0,71,,2083,63,4,,0,31,,2098,63,4,,0,71,,2092,63,4,,0,31,,2069,63,4,,0,71,,2078,63,4,,0,31,,2084,63,4,,0,72,,2099,63,4,,0,31,,2093,63,4,,0,71,,2071,63,4,,0,31,,2077,63,4,,0,71,,2085,63,4,,0,31,,2102,63,4,,0,71,,2094,63,4,,0,71,,2072,63,4,,0,31,,2079,63,4,,0,71,,2086,63,4,,0,31,,2100,63,4,,0,71,,2095,63,4,,0,31,,2070,63,4,,0,71,,2080,63,4,,0,31,,2087,63,4,,0,71,,2101,63,4,,0,31,,2097,63,4,,0,71,,2073,63,4,,0,31,,2081,63,4,,0,71,,2089,63,4,,0,30,,2090,63,4,,0,71,,2096,63,4,,0,31,,2074,63,4,,0,71,,2082,63,4,,0,31,,2088,63,4,,0,66,,2075,63,4,,0
900,'Weekday',536,,2111,63,4,,0,22,,2124,63,4,,0,62,,2137,63,4,,0,24,,2103,63,4,,0,64,,2119,63,4,,0,24,,2129,63,4,,0,24,,2144,63,4,,0,56,,2151,63,4,,0,22,,2112,63,4,,0,11,,2156,63,4,,0,11,,2125,63,4,,0,62,,2136,63,4,,0,22,,2104,63,4,,0,60,,2120,63,4,,0,21,,2130,63,4,,0,22,,2145,63,4,,0,62,,2152,63,4,,0,23,,2113,63,4,,0,22,,2126,63,4,,0,62,,2138,63,4,,0,23,,2106,63,4,,0,22,,2121,63,4,,0,62,,2131,63,4,,0,22,,2146,63,4,,0,61,,2153,63,4,,0,22,,2114,63,4,,0,22,,2127,63,4,,0,65,,2139,63,4,,0,22,,2105,63,4,,0,23,,2122,63,4,,0,64,,2132,63,4,,0,6,,2157,63,4,,0,16,,2147,63,4,,0,11,,2160,63,4,,0,51,,2154,63,4,,0,11,,2158,63,4,,0,10,,2115,63,4,,0,10,,2159,63,4,,0,11,,2128,63,4,,0,62,,2140,63,4,,0,22,,2107,63,4,,0,20,,2123,63,4,,0,60,,2133,63,4,,0,20,,2148,63,4,,0,18,,2155,63,4,,0,67,,2116,63,4,,0,30,,2142,63,4,,0,70,,2108,63,4,,0,30,,2134,63,4,,0,70,,2149,63,4,,0,29,,2117,63,4,,0,70,,2141,63,4,,0,30,,2109,63,4,,0,70,,2135,63,4,,0,30,,2150,63,4,,0,70,,2118,63,4,,0,30,,2143,63,4,,0
900,'Weekday0000100',1319,,2161,5,4,,0
900,'Weekday1111000',1528,,2162,5,4,,0
901,'Saturday',458,,2164,1,,,0,90,,2175,1,,,0,71,,2187,1,,,0,31,,2192,1,,,0,71,,2168,1,,,0,31,,2181,1,,,0,71,,2165,1,,,0,31,,2176,1,,,0,71,,2186,1,,,0,31,,2193,1,,,0,71,,2170,1,,,0,31,,2183,1,,,0,71,,2166,1,,,0,71,,2177,1,,,0,31,,2189,1,,,0,71,,2194,1,,,0,31,,2172,1,,,0,71,,2182,1,,,0,31,,2163,1,,,0,71,,2178,1,,,0,31,,2188,1,,,0,71,,2195,1,,,0,31,,2173,1,,,0,71,,2184,1,,,0,31,,2167,1,,,0,71,,2179,1,,,0,31,,2190,1,,,0,71,,2196,1,,,0,31,,2171,1,,,0,71,,2185,1,,,0,31,,2169,1,,,0,71,,2180,1,,,0,31,,2191,1,,,0,71,,2197,1,,,0,31,,2174,1,,,0
901,'Sunday',458,,2200,1,,,0,90,,2210,1,,,0,71,,2229,1,,,0,31,,2219,1,,,0,71,,2199,1,,,0,31,,2206,1,,,0,71,,2214,1,,,0,31,,2227,1,,,0,71,,2222,1,,,0,31,,2201,1,,,0,71,,2208,1,,,0,31,,2215,1,,,0,71,,2230,1,,,0,71,,2221,1,,,0,31,,2198,1,,,0,71,,2207,1,,,0,31,,2216,1,,,0,71,,2231,1,,,0,31,,2224,1,,,0,71,,2202,1,,,0,31,,2209,1,,,0,71,,2217,1,,,0,31,,2232,1,,,0,71,,2223,1,,,0,31,,2203,1,,,0,71,,2211,1,,,0,31,,2218,1,,,0,71,,2228,1,,,0,31,,2225,1,,,0,71,,2204,1,,,0,31,,2212,1,,,0,71,,2220,1,,,0,31,,2213,1,,,0,71,,2226,1,,,0,31,,2205,1,,,0
901,'Weekday',417,,2233,1,,,0,22,,2248,1,,,0,62,,2259,1,,,0,22,,2274,1,,,0,22,,2241,1,,,0,62,,2254,1,,,0,22,,2266,1,,,0,22,,2234,1,,,0,62,,2249,1,,,0,11,,2286,1,,,0,11,,2260,1,,,0,11,,2287,1,,,0,11,,2275,1,,,0,51,,2288,1,,,0,11,,2282,1,,,0,11,,2289,1,,,0,11,,2242,1,,,0,11,,2292,1,,,0,51,,2255,1,,,0,22,,2267,1,,,0,22,,2235,1,,,0,62,,2250,1,,,0,22,,2261,1,,,0,22,,2276,1,,,0,62,,2283,1,,,0,22,,2243,1,,,0,22,,2256,1,,,0,62,,2269,1,,,0,22,,2236,1,,,0,62,,2251,1,,,0,22,,2262,1,,,0,22,,2277,1,,,0,62,,2284,1,,,0,22,,2244,1,,,0,22,,2257,1,,,0,62,,2270,1,,,0,11,,2293,1,,,0,11,,2237,1,,,0,11,,2290,1,,,0,51,,2252,1,,,0,11,,2291,1,,,0,11,,2263,1,,,0,22,,2278,1,,,0,62,,2285,1,,,0,22,,2245,1,,,0,22,,2258,1,,,0,62,,2271,1,,,0,22,,2238,1,,,0,22,,2253,1,,,0,62,,2264,1,,,0,30,,2279,1,,,0,70,,2246,1,,,0,30,,2272,1,,,0,70,,2239,1,,,0,30,,2265,1,,,0,70,,2280,1,,,0,30,,2247,1,,,0,70,,2273,1,,,0,30,,2240,1,,,0,70,,2268,1,,,0,30,,2281,1,,,0
10500,'Saturday',701,,15330,32,4,,0,40,,15321,32,4,,0,80,,15336,32,4,,0,80,,15325,32,4,,0,40,,15331,32,4,,0,80,,15320,32,4,,0,80,,15338,32,4,,0,40,,15326,32,4,,0,82,,15332,32,4,,0,80,,15323,32,4,,0,40,,15339,32,4,,0,80,,15327,32,4,,0,80,,15334,32,4,,0,40,,15322,32,4,,0,80,,15340,32,4,,0,80,,15328,32,4,,0,40,,15333,32,4,,0,79,,15324,32,4,,0,80,,15337,32,4,,0,40,,15329,32,4,,0,80,,15335,32,4,,0,80,,15319,32,4,,0
10500,'Sunday',701,,15341,32,4,,0,40,,15348,32,4,,0,80,,15355,32,4,,0,80,,15342,32,4,,0,40,,15349,32,4,,0,80,,15356,32,4,,0,80,,15343,32,4,,0,40,,15350,32,4,,0,82,,15357,32,4,,0,80,,15344,32,4,,0,40,,15351,32,4,,0,80,,15358,32,4,,0,80,,15345,32,4,,0,40,,15352,32,4,,0,80,,15359,32,4,,0,80,,15346,32,4,,0,40,,15353,32,4,,0,79,,15360,32,4,,0,80,,15347,32,4,,0,40,,15354,32,4,,0,80,,15361,32,4,,0,80,,15362,32,4,,0
10500,'Weekday',555,,15388,32,4,,0,71,,15379,32,4,,0,74,,15371,32,4,,0,30,,15363,32,4,,0,70,,15389,32,4,,0,30,,15380,32,4,,0,70,,15372,32,4,,0,30,,15364,32,4,,0,70,,15390,32,4,,0,30,,15382,32,4,,0,70,,15373,32,4,,0,30,,15365,32,4,,0,70,,15391,32,4,,0,30,,15381,32,4,,0,70,,15374,32,4,,0,30,,15366,32,4,,0,70,,15392,32,4,,0,30,,15383,32,4,,0,71,,15375,32,4,,0,26,,15367,32,4,,0,14,,15397,19,4,,0,60,,15393,32,4,,0,30,,15384,32,4,,0,70,,15376,32,4,,0,29,,15368,32,4,,0,70,,15394,32,4,,0,30,,15385,32,4,,0,27,,15377,32,4,,0,70,,15369,32,4,,0,30,,15395,32,4,,0,70,,15386,32,4,,0,28,,15378,32,4,,0,70,,15370,32,4,,0,30,,15396,32,4,,0,83,,15387,32,4,,0
10500,'Weekday0000100',1316,,15398,19,4,,0
10500,'Weekday1111000',1517,,15399,32,4,,0
10501,'Saturday',617,,15400,1,,,0,35,,15410,1,,,0,80,,15407,1,,,0,80,,15409,1,,,0,40,,15412,1,,,0,80,,15408,1,,,0,80,,15411,1,,,0,40,,15414,1,,,0,80,,15415,1,,,0,80,,15417,1,,,0,40,,15413,1,,,0,80,,15418,1,,,0,80,,15419,1,,,0,40,,15416,1,,,0,80,,15420,1,,,0,80,,15421,1,,,0,40,,15405,1,,,0,80,,15404,1,,,0,80,,15406,1,,,0,40,,15402,1,,,0,80,,15403,1,,,0,80,,15401,1,,,0
10501,'Sunday',617,,15422,1,,,0,35,,15429,1,,,0,80,,15436,1,,,0,80,,15423,1,,,0,40,,15430,1,,,0,80,,15437,1,,,0,80,,15424,1,,,0,40,,15431,1,,,0,80,,15438,1,,,0,80,,15425,1,,,0,40,,15432,1,,,0,80,,15439,1,,,0,80,,15426,1,,,0,40,,15433,1,,,0,80,,15440,1,,,0,80,,15427,1,,,0,40,,15434,1,,,0,80,,15441,1,,,0,80,,15428,1,,,0,40,,15435,1,,,0,80,,15442,1,,,0,80,,15443,1,,,0
10501,'Weekday',510,,15469,1,,,0,30,,15460,1,,,0,69,,15452,1,,,0,30,,15444,1,,,0,70,,15470,1,,,0,30,,15463,1,,,0,70,,15453,1,,,0,15,,15478,1,,,0,15,,15445,1,,,0,70,,15471,1,,,0,30,,15461,1,,,0,70,,15454,1,,,0,30,,15446,1,,,0,70,,15472,1,,,0,30,,15462,1,,,0,70,,15455,1,,,0,30,,15447,1,,,0,70,,15473,1,,,0,30,,15464,1,,,0,70,,15456,1,,,0,30,,15448,1,,,0,70,,15474,1,,,0,30,,15465,1,,,0,70,,15457,1,,,0,30,,15449,1,,,0,70,,15475,1,,,0,30,,15466,1,,,0,70,,15459,1,,,0,30,,15450,1,,,0,70,,15476,1,,,0,30,,15467,1,,,0,70,,15458,1,,,0,30,,15451,1,,,0,70,,15477,1,,,0,43,,15468,1,,,0
80200,'Weekday',843,,24001,27,0,127 187,0
80201,'Weekday',1532,,24002,2,0,127 187,0
83300,'Weekday',1551,,24064,3,4,,0
83301,'Weekday',825,,24065,1,0,188 138 150,0
