9601,'Saturday',546,,112267,37,,,0,85,,112250,37,,,0,85,,112256,37,,,0,85,,112261,37,,,0,45,,112268,37,,,0,86,,112251,37,,,0,85,,112257,37,,,0,85,,112263,37,,,0,45,,112269,37,,,0,85,,112252,37,,,0,85,,112258,37,,,0,85,,112265,37,,,0,47,,112270,37,,,0,85,,112253,37,,,0,85,,112259,37,,,0,85,,112264,37,,,0,45,,112271,37,,,0,85,,112255,37,,,0,83,,112260,37,,,0,84,,112266,37,,,0,45,,112272,37,,,0,85,,112254,37,,,0,81,,112262,37,,,0,35,,112273,37,,,0
9601,'Sunday',545,,112291,37,,,0,85,,112274,37,,,0,85,,112280,37,,,0,85,,112285,37,,,0,45,,112292,37,,,0,85,,112275,37,,,0,85,,112281,37,,,0,85,,112287,37,,,0,45,,112293,37,,,0,85,,112276,37,,,0,85,,112282,37,,,0,85,,112288,37,,,0,45,,112294,37,,,0,85,,112277,37,,,0,85,,112283,37,,,0,85,,112289,37,,,0,45,,112295,37,,,0,85,,112278,37,,,0,85,,112284,37,,,0,85,,112290,37,,,0,45,,112296,37,,,0,85,,112279,37,,,0,81,,112286,37,,,0
9601,'Weekday',520,,112324,8,,,0,31,,112310,8,,,0,65,,112330,37,,,0,35,,112315,37,,,0,72,,112301,37,,,0,31,,112306,37,,,0,71,,112325,37,,,0,31,,112311,37,,,0,69,,112329,37,,,0,31,,112316,37,,,0,71,,112302,37,,,0,31,,112307,37,,,0,71,,112326,37,,,0,71,,112312,37,,,0,31,,112314,37,,,0,71,,112317,37,,,0,31,,112303,37,,,0,71,,112308,37,,,0,31,,112327,37,,,0,74,,112313,37,,,0,31,,112305,37,,,0,71,,112318,37,,,0,31,,112304,37,,,0,71,,112309,37,,,0,31,,112328,37,,,0,83,,112299,37,,,0,83,,112322,37,,,0,42,,112319,37,,,0,85,,112297,37,,,0,85,,112300,37,,,0,85,,112323,37,,,0,45,,112320,37,,,0,85,,112298,37,,,0,80,,112321,37,,,0
9601,'STMPSa-Saturday',546,,112348,37,,,0,85,,112331,37,,,0,85,,112337,37,,,0,85,,112342,37,,,0,45,,112349,37,,,0,86,,112332,37,,,0,85,,112338,37,,,0,85,,112344,37,,,0,45,,112350,37,,,0,85,,112333,37,,,0,85,,112339,37,,,0,85,,112346,37,,,0,47,,112351,37,,,0,85,,112334,37,,,0,85,,112340,37,,,0,85,,112345,37,,,0,45,,112352,37,,,0,85,,112336,37,,,0,83,,112341,37,,,0,84,,112347,37,,,0,45,,112353,37,,,0,85,,112335,37,,,0,81,,112343,37,,,0,35,,112354,37,,,0
9601,'STMPSnea-Weekday',520,,112382,8,,,0,31,,112368,8,,,0,65,,112388,37,,,0,35,,112373,37,,,0,72,,112359,37,,,0,31,,112364,37,,,0,71,,112383,37,,,0,31,,112369,37,,,0,69,,112387,37,,,0,31,,112374,37,,,0,71,,112360,37,,,0,31,,112365,37,,,0,71,,112384,37,,,0,71,,112370,37,,,0,31,,112372,37,,,0,71,,112375,37,,,0,31,,112361,37,,,0,71,,112366,37,,,0,31,,112385,37,,,0,74,,112371,37,,,0,31,,112363,37,,,0,71,,112376,37,,,0,31,,112362,37,,,0,71,,112367,37,,,0,31,,112386,37,,,0,83,,112357,37,,,0,83,,112380,37,,,0,42,,112377,37,,,0,85,,112355,37,,,0,85,,112358,37,,,0,85,,112381,37,,,0,45,,112378,37,,,0,85,,112356,37,,,0,80,,112379,37,,,0
9601,'STMPSu1-Sunday',545,,112406,37,,,0,85,,112389,37,,,0,85,,112395,37,,,0,85,,112400,37,,,0,45,,112407,37,,,0,85,,112390,37,,,0,85,,112396,37,,,0,85,,112402,37,,,0,45,,112408,37,,,0,85,,112391,37,,,0,85,,112397,37,,,0,85,,112403,37,,,0,45,,112409,37,,,0,85,,112392,37,,,0,85,,112398,37,,,0,85,,112404,37,,,0,45,,112410,37,,,0,85,,112393,37,,,0,85,,112399,37,,,0,85,,112405,37,,,0,45,,112411,37,,,0,85,,112394,37,,,0,81,,112401,37,,,0
9601,'STMPSu2-Sunday',545,,112429,37,,,0,85,,112412,37,,,0,85,,112418,37,,,0,85,,112423,37,,,0,45,,112430,37,,,0,85,,112413,37,,,0,85,,112419,37,,,0,85,,112425,37,,,0,45,,112431,37,,,0,85,,112414,37,,,0,85,,112420,37,,,0,85,,112426,37,,,0,45,,112432,37,,,0,85,,112415,37,,,0,85,,112421,37,,,0,85,,112427,37,,,0,45,,112433,37,,,0,85,,112416,37,,,0,85,,112422,37,,,0,85,,112428,37,,,0,45,,112434,37,,,0,85,,112417,37,,,0,81,,112424,37,,,0
9601,'STMPWeek-Weekday',520,,112462,8,,,0,31,,112448,8,,,0,65,,112468,37,,,0,35,,112453,37,,,0,72,,112439,37,,,0,31,,112444,37,,,0,71,,112463,37,,,0,31,,112449,37,,,0,69,,112467,37,,,0,31,,112454,37,,,0,71,,112440,37,,,0,31,,112445,37,,,0,71,,112464,37,,,0,71,,112450,37,,,0,31,,112452,37,,,0,71,,112455,37,,,0,31,,112441,37,,,0,71,,112446,37,,,0,31,,112465,37,,,0,74,,112451,37,,,0,31,,112443,37,,,0,71,,112456,37,,,0,31,,112442,37,,,0,71,,112447,37,,,0,31,,112466,37,,,0,83,,112437,37,,,0,83,,112460,37,,,0,42,,112457,37,,,0,85,,112435,37,,,0,85,,112438,37,,,0,85,,112461,37,,,0,45,,112458,37,,,0,85,,112436,37,,,0,80,,112459,37,,,0
9601,'STMPar-Weekday',520,,112496,8,,,0,31,,112482,8,,,0,65,,112502,37,,,0,35,,112487,37,,,0,72,,112473,37,,,0,31,,112478,37,,,0,71,,112497,37,,,0,31,,112483,37,,,0,69,,112501,37,,,0,31,,112488,37,,,0,71,,112474,37,,,0,31,,112479,37,,,0,71,,112498,37,,,0,71,,112484,37,,,0,31,,112486,37,,,0,71,,112489,37,,,0,31,,112475,37,,,0,71,,112480,37,,,0,31,,112499,37,,,0,74,,112485,37,,,0,31,,112477,37,,,0,71,,112490,37,,,0,31,,112476,37,,,0,71,,112481,37,,,0,31,,112500,37,,,0,83,,112471,37,,,0,83,,112494,37,,,0,42,,112491,37,,,0,85,,112469,37,,,0,85,,112472,37,,,0,85,,112495,37,,,0,45,,112492,37,,,0,85,,112470,37,,,0,80,,112493,37,,,0
13101,'Weekday',1658,,124070,32,,,0,60,,124071,32,,,0,20,,124072,32,,,0,20,,124073,32,,,0
13101,'STMPSnea-Weekday',1658,,124074,32,,,0,60,,124075,32,,,0,20,,124076,32,,,0,20,,124077,32,,,0
13101,'STMPWeek-Weekday',1658,,124078,32,,,0,60,,124079,32,,,0,20,,124080,32,,,0,20,,124081,32,,,0
13101,'STMPar-Weekday',1658,,124082,32,,,0,60,,124083,32,,,0,20,,124084,32,,,0,20,,124085,32,,,0
15301,'Saturday',651,,128865,23,,,0,77,,128863,23,,,0,77,,128866,23,,,0,37,,128864,23,,,0,77,,128871,23,,,0,37,,128874,23,,,0,77,,128875,23,,,0,77,,128876,23,,,0,37,,128877,23,,,0,77,,128878,23,,,0,77,,128879,23,,,0,37,,128880,23,,,0,77,,128881,23,,,0,37,,128882,23,,,0,77,,128883,23,,,0,77,,128884,23,,,0,37,,128885,23,,,0,77,,128886,23,,,0,37,,128887,23,,,0,77,,128888,23,,,0,77,,128889,23,,,0,37,,128868,23,,,0,77,,128869,23,,,0,77,,128870,23,,,0,37,,128872,23,,,0,77,,128873,23,,,0,37,,128867,23,,,0
15301,'Sunday',920,,128891,23,,,0,37,,128896,23,,,0,77,,128899,23,,,0,77,,128897,23,,,0,37,,128900,23,,,0,77,,128902,23,,,0,77,,128903,23,,,0,37,,128904,23,,,0,77,,128901,23,,,0,37,,128898,23,,,0,77,,128906,23,,,0,77,,128907,23,,,0,37,,128908,23,,,0,77,,128910,23,,,0,37,,128911,23,,,0,77,,128905,23,,,0,76,,128909,23,,,0,36,,128912,23,,,0,77,,128892,23,,,0,77,,128894,23,,,0,36,,128895,23,,,0,75,,128893,23,,,0,32,,128890,23,,,0
15301,'Weekday',611,,128913,23,,,0,27,,128914,23,,,0,65,,128915,23,,,0,25,,128916,23,,,0,25,,128917,23,,,0,65,,128918,23,,,0,25,,128919,23,,,0,65,,128920,23,,,0,25,,128921,23,,,0,25,,128923,23,,,0,65,,128924,23,,,0,25,,128925,23,,,0,65,,128922,23,,,0,25,,128926,23,,,0,65,,128927,23,,,0,25,,128928,23,,,0,25,,128929,23,,,0,65,,128930,23,,,0,25,,128931,23,,,0,65,,128932,23,,,0,26,,128933,23,,,0,25,,128934,23,,,0,60,,128950,23,,,0,20,,128951,23,,,0,20,,128952,23,,,0,60,,128953,23,,,0,20,,128954,23,,,0,20,,128944,23,,,0,60,,128946,23,,,0,20,,128949,23,,,0,20,,128947,23,,,0,57,,128945,23,,,0,24,,128948,23,,,0,76,,128936,23,,,0,36,,128938,23,,,0,76,,128935,23,,,0,76,,128939,23,,,0,36,,128937,23,,,0,76,,128940,23,,,0,36,,128941,23,,,0,76,,128942,23,,,0,76,,128943,23,,,0
15301,'STMPSa-Saturday',651,,128957,23,,,0,77,,128955,23,,,0,77,,128958,23,,,0,37,,128956,23,,,0,77,,128963,23,,,0,37,,128966,23,,,0,77,,128967,23,,,0,77,,128968,23,,,0,37,,128969,23,,,0,77,,128970,23,,,0,77,,128971,23,,,0,37,,128972,23,,,0,77,,128973,23,,,0,37,,128974,23,,,0,77,,128975,23,,,0,77,,128976,23,,,0,37,,128977,23,,,0,77,,128978,23,,,0,37,,128979,23,,,0,77,,128980,23,,,0,77,,128981,23,,,0,37,,128960,23,,,0,77,,128961,23,,,0,77,,128962,23,,,0,37,,128964,23,,,0,77,,128965,23,,,0,37,,128959,23,,,0
15301,'STMPSnea-Weekday',611,,128982,23,,,0,27,,128983,23,,,0,65,,128984,23,,,0,25,,128985,23,,,0,25,,128986,23,,,0,65,,128987,23,,,0,25,,128988,23,,,0,65,,128989,23,,,0,25,,128990,23,,,0,25,,128992,23,,,0,65,,128993,23,,,0,25,,128994,23,,,0,65,,128991,23,,,0,25,,128995,23,,,0,65,,128996,23,,,0,25,,128997,23,,,0,25,,128998,23,,,0,65,,128999,23,,,0,25,,129000,23,,,0,65,,129001,23,,,0,26,,129002,23,,,0,25,,129003,23,,,0,60,,129019,23,,,0,20,,129020,23,,,0,20,,129021,23,,,0,60,,129022,23,,,0,20,,129023,23,,,0,20,,129013,23,,,0,60,,129015,23,,,0,20,,129018,23,,,0,20,,129016,23,,,0,57,,129014,23,,,0,24,,129017,23,,,0,76,,129005,23,,,0,36,,129007,23,,,0,76,,129004,23,,,0,76,,129008,23,,,0,36,,129006,23,,,0,76,,129009,23,,,0,36,,129010,23,,,0,76,,129011,23,,,0,76,,129012,23,,,0
15301,'STMPSu1-Sunday',920,,129025,23,,,0,37,,129030,23,,,0,77,,129033,23,,,0,77,,129031,23,,,0,37,,129034,23,,,0,77,,129036,23,,,0,77,,129037,23,,,0,37,,129038,23,,,0,77,,129035,23,,,0,37,,129032,23,,,0,77,,129040,23,,,0,77,,129041,23,,,0,37,,129042,23,,,0,77,,129044,23,,,0,37,,129045,23,,,0,77,,129039,23,,,0,76,,129043,23,,,0,36,,129046,23,,,0,77,,129026,23,,,0,77,,129028,23,,,0,36,,129029,23,,,0,75,,129027,23,,,0,32,,129024,23,,,0
15301,'STMPSu2-Sunday',920,,129048,23,,,0,37,,129053,23,,,0,77,,129056,23,,,0,77,,129054,23,,,0,37,,129057,23,,,0,77,,129059,23,,,0,77,,129060,23,,,0,37,,129061,23,,,0,77,,129058,23,,,0,37,,129055,23,,,0,77,,129063,23,,,0,77,,129064,23,,,0,37,,129065,23,,,0,77,,129067,23,,,0,37,,129068,23,,,0,77,,129062,23,,,0,76,,129066,23,,,0,36,,129069,23,,,0,77,,129049,23,,,0,77,,129051,23,,,0,36,,129052,23,,,0,75,,129050,23,,,0,32,,129047,23,,,0
15301,'STMPWeek-Weekday',611,,129070,23,,,0,27,,129071,23,,,0,65,,129072,23,,,0,25,,129073,23,,,0,25,,129074,23,,,0,65,,129075,23,,,0,25,,129076,23,,,0,65,,129077,23,,,0,25,,129078,23,,,0,25,,129080,23,,,0,65,,129081,23,,,0,25,,129082,23,,,0,65,,129079,23,,,0,25,,129083,23,,,0,65,,129084,23,,,0,25,,129085,23,,,0,25,,129086,23,,,0,65,,129087,23,,,0,25,,129088,23,,,0,65,,129089,23,,,0,26,,129090,23,,,0,25,,129091,23,,,0,60,,129107,23,,,0,20,,129108,23,,,0,20,,129109,23,,,0,60,,129110,23,,,0,20,,129111,23,,,0,20,,129101,23,,,0,60,,129103,23,,,0,20,,129106,23,,,0,20,,129104,23,,,0,57,,129102,23,,,0,24,,129105,23,,,0,76,,129093,23,,,0,36,,129095,23,,,0,76,,129092,23,,,0,76,,129096,23,,,0,36,,129094,23,,,0,76,,129097,23,,,0,36,,129098,23,,,0,76,,129099,23,,,0,76,,129100,23,,,0
15301,'STMPar-Weekday',611,,129112,23,,,0,27,,129113,23,,,0,65,,129114,23,,,0,25,,129115,23,,,0,25,,129116,23,,,0,65,,129117,23,,,0,25,,129118,23,,,0,65,,129119,23,,,0,25,,129120,23,,,0,25,,129122,23,,,0,65,,129123,23,,,0,25,,129124,23,,,0,65,,129121,23,,,0,25,,129125,23,,,0,65,,129126,23,,,0,25,,129127,23,,,0,25,,129128,23,,,0,65,,129129,23,,,0,25,,129130,23,,,0,65,,129131,23,,,0,26,,129132,23,,,0,25,,129133,23,,,0,60,,129149,23,,,0,20,,129150,23,,,0,20,,129151,23,,,0,60,,129152,23,,,0,20,,129153,23,,,0,20,,129143,23,,,0,60,,129145,23,,,0,20,,129148,23,,,0,20,,129146,23,,,0,57,,129144,23,,,0,24,,129147,23,,,0,76,,129135,23,,,0,36,,129137,23,,,0,76,,129134,23,,,0,76,,129138,23,,,0,36,,129136,23,,,0,76,,129139,23,,,0,36,,129140,23,,,0,76,,129141,23,,,0,76,,129142,23,,,0
