1501,'Saturday',658,,79302,14,,,0,78,,79309,14,,,0,78,,79315,14,,,0,38,,79303,14,,,0,78,,79310,14,,,0,78,,79317,14,,,0,38,,79304,14,,,0,78,,79311,14,,,0,78,,79316,14,,,0,38,,79305,14,,,0,78,,79312,14,,,0,38,,79318,14,,,0,78,,79306,14,,,0,78,,79313,14,,,0,38,,79319,14,,,0,78,,79307,14,,,0,78,,79314,14,,,0,38,,79320,14,,,0,78,,79308,14,,,0
1501,'Sunday',658,,79321,14,,,0,97,,79328,14,,,0,97,,79322,14,,,0,97,,79329,14,,,0,97,,79323,14,,,0,97,,79330,14,,,0,97,,79324,14,,,0,97,,79331,14,,,0,97,,79325,14,,,0,97,,79332,14,,,0,97,,79326,14,,,0,97,,79333,14,,,0,97,,79327,14,,,0
1501,'Weekday',558,,79348,2,,,0,79,,79341,14,,,0,79,,79334,14,,,0,35,,79349,14,,,0,80,,79342,14,,,0,79,,79335,14,,,0,40,,79350,14,,,0,80,,79343,14,,,0,80,,79336,14,,,0,40,,79351,14,,,0,80,,79344,14,,,0,80,,79337,14,,,0,40,,79352,14,,,0,80,,79345,14,,,0,80,,79338,14,,,0,35,,79353,14,,,0,71,,79355,14,,,0,30,,79346,14,,,0,70,,79339,14,,,0,29,,79354,14,,,0,69,,79356,14,,,0,30,,79347,14,,,0,79,,79340,14,,,0,78,,79357,14,,,0
1501,'STMPSa-Saturday',658,,79358,14,,,0,78,,79365,14,,,0,78,,79371,14,,,0,38,,79359,14,,,0,78,,79366,14,,,0,78,,79373,14,,,0,38,,79360,14,,,0,78,,79367,14,,,0,78,,79372,14,,,0,38,,79361,14,,,0,78,,79368,14,,,0,38,,79374,14,,,0,78,,79362,14,,,0,78,,79369,14,,,0,38,,79375,14,,,0,78,,79363,14,,,0,78,,79370,14,,,0,38,,79376,14,,,0,78,,79364,14,,,0
1501,'STMPSnea-Weekday',558,,79391,2,,,0,79,,79384,14,,,0,79,,79377,14,,,0,35,,79392,14,,,0,80,,79385,14,,,0,79,,79378,14,,,0,40,,79393,14,,,0,80,,79386,14,,,0,80,,79379,14,,,0,40,,79394,14,,,0,80,,79387,14,,,0,80,,79380,14,,,0,40,,79395,14,,,0,80,,79388,14,,,0,80,,79381,14,,,0,35,,79396,14,,,0,71,,79398,14,,,0,30,,79389,14,,,0,70,,79382,14,,,0,29,,79397,14,,,0,69,,79399,14,,,0,30,,79390,14,,,0,79,,79383,14,,,0,78,,79400,14,,,0
1501,'STMPSu1-Sunday',658,,79401,14,,,0,97,,79408,14,,,0,97,,79402,14,,,0,97,,79409,14,,,0,97,,79403,14,,,0,97,,79410,14,,,0,97,,79404,14,,,0,97,,79411,14,,,0,97,,79405,14,,,0,97,,79412,14,,,0,97,,79406,14,,,0,97,,79413,14,,,0,97,,79407,14,,,0
1501,'STMPSu2-Sunday',658,,79414,14,,,0,97,,79421,14,,,0,97,,79415,14,,,0,97,,79422,14,,,0,97,,79416,14,,,0,97,,79423,14,,,0,97,,79417,14,,,0,97,,79424,14,,,0,97,,79418,14,,,0,97,,79425,14,,,0,97,,79419,14,,,0,97,,79426,14,,,0,97,,79420,14,,,0
1501,'STMPWeek-Weekday',558,,79441,2,,,0,79,,79434,14,,,0,79,,79427,14,,,0,35,,79442,14,,,0,80,,79435,14,,,0,79,,79428,14,,,0,40,,79443,14,,,0,80,,79436,14,,,0,80,,79429,14,,,0,40,,79444,14,,,0,80,,79437,14,,,0,80,,79430,14,,,0,40,,79445,14,,,0,80,,79438,14,,,0,80,,79431,14,,,0,35,,79446,14,,,0,71,,79448,14,,,0,30,,79439,14,,,0,70,,79432,14,,,0,29,,79447,14,,,0,69,,79449,14,,,0,30,,79440,14,,,0,79,,79433,14,,,0,78,,79450,14,,,0
1501,'STMPar-Weekday',558,,79465,2,,,0,79,,79458,14,,,0,79,,79451,14,,,0,35,,79466,14,,,0,80,,79459,14,,,0,79,,79452,14,,,0,40,,79467,14,,,0,80,,79460,14,,,0,80,,79453,14,,,0,40,,79468,14,,,0,80,,79461,14,,,0,80,,79454,14,,,0,40,,79469,14,,,0,80,,79462,14,,,0,80,,79455,14,,,0,35,,79470,14,,,0,71,,79472,14,,,0,30,,79463,14,,,0,70,,79456,14,,,0,29,,79471,14,,,0,69,,79473,14,,,0,30,,79464,14,,,0,79,,79457,14,,,0,78,,79474,14,,,0
14700,'Weekday',531,,126736,2,,,0,72,,126740,2,,,0,32,,126737,2,,,0,72,,126741,2,,,0,32,,126738,2,,,0,72,,126742,2,,,0,32,,126739,2,,,0,72,,126750,2,,,0,32,,126756,2,,,0,72,,126751,2,,,0,32,,126757,2,,,0,72,,126752,2,,,0,32,,126758,2,,,0,72,,126753,2,,,0,32,,126759,2,,,0,72,,126754,2,,,0,72,,126760,2,,,0,32,,126755,2,,,0,72,,126746,2,,,0,32,,126743,2,,,0,72,,126747,2,,,0,32,,126744,2,,,0,72,,126748,2,,,0,32,,126745,2,,,0,72,,126749,2,,,0
14700,'STMPSnea-Weekday',531,,126761,2,,,0,72,,126765,2,,,0,32,,126762,2,,,0,72,,126766,2,,,0,32,,126763,2,,,0,72,,126767,2,,,0,32,,126764,2,,,0,72,,126775,2,,,0,32,,126781,2,,,0,72,,126776,2,,,0,32,,126782,2,,,0,72,,126777,2,,,0,32,,126783,2,,,0,72,,126778,2,,,0,32,,126784,2,,,0,72,,126779,2,,,0,72,,126785,2,,,0,32,,126780,2,,,0,72,,126771,2,,,0,32,,126768,2,,,0,72,,126772,2,,,0,32,,126769,2,,,0,72,,126773,2,,,0,32,,126770,2,,,0,72,,126774,2,,,0
14700,'STMPWeek-Weekday',531,,126786,2,,,0,72,,126790,2,,,0,32,,126787,2,,,0,72,,126791,2,,,0,32,,126788,2,,,0,72,,126792,2,,,0,32,,126789,2,,,0,72,,126800,2,,,0,32,,126806,2,,,0,72,,126801,2,,,0,32,,126807,2,,,0,72,,126802,2,,,0,32,,126808,2,,,0,72,,126803,2,,,0,32,,126809,2,,,0,72,,126804,2,,,0,72,,126810,2,,,0,32,,126805,2,,,0,72,,126796,2,,,0,32,,126793,2,,,0,72,,126797,2,,,0,32,,126794,2,,,0,72,,126798,2,,,0,32,,126795,2,,,0,72,,126799,2,,,0
14700,'STMPar-Weekday',531,,126811,2,,,0,72,,126815,2,,,0,32,,126812,2,,,0,72,,126816,2,,,0,32,,126813,2,,,0,72,,126817,2,,,0,32,,126814,2,,,0,72,,126825,2,,,0,32,,126831,2,,,0,72,,126826,2,,,0,32,,126832,2,,,0,72,,126827,2,,,0,32,,126833,2,,,0,72,,126828,2,,,0,32,,126834,2,,,0,72,,126829,2,,,0,72,,126835,2,,,0,32,,126830,2,,,0,72,,126821,2,,,0,32,,126818,2,,,0,72,,126822,2,,,0,32,,126819,2,,,0,72,,126823,2,,,0,32,,126820,2,,,0,72,,126824,2,,,0
