7600,'Saturday',553,,103239,8,,,0,70,,103259,8,,,0,80,,103248,8,,,0,40,,103254,8,,,0,80,,103242,8,,,0,80,,103260,8,,,0,40,,103247,8,,,0,80,,103240,8,,,0,80,,103243,8,,,0,40,,103261,8,,,0,81,,103250,8,,,0,80,,103255,8,,,0,40,,103241,8,,,0,80,,103262,8,,,0,80,,103249,8,,,0,40,,103256,8,,,0,80,,103245,8,,,0,80,,103263,8,,,0,40,,103251,8,,,0,80,,103257,8,,,0,79,,103246,8,,,0,40,,103265,8,,,0,80,,103253,8,,,0,80,,103258,8,,,0,40,,103244,8,,,0,80,,103264,8,,,0,80,,103252,8,,,0,40,,103266,8,,,0
7600,'Sunday',553,,103269,8,,,0,70,,103277,8,,,0,80,,103288,8,,,0,40,,103270,8,,,0,80,,103278,8,,,0,80,,103286,8,,,0,40,,103271,8,,,0,80,,103279,8,,,0,80,,103287,8,,,0,40,,103272,8,,,0,81,,103280,8,,,0,80,,103289,8,,,0,40,,103273,8,,,0,80,,103282,8,,,0,80,,103291,8,,,0,40,,103274,8,,,0,80,,103281,8,,,0,80,,103290,8,,,0,40,,103275,8,,,0,80,,103283,8,,,0,79,,103292,8,,,0,40,,103276,8,,,0,80,,103284,8,,,0,80,,103267,8,,,0,40,,103293,8,,,0,80,,103285,8,,,0,80,,103268,8,,,0,40,,103294,8,,,0
7600,'Weekday',513,,103295,8,,,0,30,,103307,8,,,0,70,,103298,8,,,0,30,,103324,8,,,0,70,,103316,8,,,0,30,,103308,8,,,0,70,,103296,8,,,0,30,,103325,8,,,0,69,,103317,8,,,0,30,,103309,8,,,0,70,,103297,8,,,0,30,,103326,8,,,0,70,,103318,8,,,0,30,,103310,8,,,0,70,,103299,8,,,0,30,,103327,8,,,0,70,,103319,8,,,0,30,,103311,8,,,0,70,,103300,8,,,0,30,,103328,8,,,0,71,,103320,8,,,0,30,,103312,8,,,0,70,,103301,8,,,0,30,,103329,8,,,0,70,,103321,8,,,0,30,,103313,8,,,0,70,,103302,8,,,0,29,,103330,8,,,0,70,,103322,8,,,0,30,,103314,8,,,0,70,,103303,8,,,0,30,,103331,8,,,0,70,,103323,8,,,0,30,,103315,8,,,0,70,,103304,8,,,0,30,,103332,8,,,0,70,,103305,8,,,0,30,,103334,8,,,0,70,,103306,8,,,0,39,,103333,8,,,0
7600,'STMPSa-Saturday',553,,103335,8,,,0,70,,103355,8,,,0,80,,103344,8,,,0,40,,103349,8,,,0,80,,103338,8,,,0,80,,103356,8,,,0,40,,103343,8,,,0,80,,103336,8,,,0,80,,103339,8,,,0,40,,103357,8,,,0,81,,103346,8,,,0,80,,103351,8,,,0,40,,103337,8,,,0,80,,103358,8,,,0,80,,103345,8,,,0,40,,103352,8,,,0,80,,103341,8,,,0,80,,103359,8,,,0,40,,103347,8,,,0,80,,103353,8,,,0,79,,103342,8,,,0,40,,103361,8,,,0,80,,103350,8,,,0,80,,103354,8,,,0,40,,103340,8,,,0,80,,103360,8,,,0,80,,103348,8,,,0,40,,103362,8,,,0
7600,'STMPSnea-Weekday',513,,103363,8,,,0,30,,103375,8,,,0,70,,103366,8,,,0,30,,103392,8,,,0,70,,103384,8,,,0,30,,103376,8,,,0,70,,103364,8,,,0,30,,103393,8,,,0,69,,103385,8,,,0,30,,103377,8,,,0,70,,103365,8,,,0,30,,103394,8,,,0,70,,103386,8,,,0,30,,103378,8,,,0,70,,103367,8,,,0,30,,103395,8,,,0,70,,103387,8,,,0,30,,103379,8,,,0,70,,103368,8,,,0,30,,103396,8,,,0,71,,103388,8,,,0,30,,103380,8,,,0,70,,103369,8,,,0,30,,103397,8,,,0,70,,103389,8,,,0,30,,103381,8,,,0,70,,103370,8,,,0,29,,103398,8,,,0,70,,103390,8,,,0,30,,103382,8,,,0,70,,103371,8,,,0,30,,103399,8,,,0,70,,103391,8,,,0,30,,103383,8,,,0,70,,103372,8,,,0,30,,103400,8,,,0,70,,103373,8,,,0,30,,103402,8,,,0,70,,103374,8,,,0,39,,103401,8,,,0
7600,'STMPSu1-Sunday',553,,103405,8,,,0,70,,103413,8,,,0,80,,103424,8,,,0,40,,103406,8,,,0,80,,103414,8,,,0,80,,103422,8,,,0,40,,103407,8,,,0,80,,103415,8,,,0,80,,103423,8,,,0,40,,103408,8,,,0,81,,103417,8,,,0,80,,103425,8,,,0,40,,103409,8,,,0,80,,103418,8,,,0,80,,103427,8,,,0,40,,103410,8,,,0,80,,103416,8,,,0,80,,103426,8,,,0,40,,103411,8,,,0,80,,103419,8,,,0,79,,103428,8,,,0,40,,103412,8,,,0,80,,103420,8,,,0,80,,103403,8,,,0,40,,103429,8,,,0,80,,103421,8,,,0,80,,103404,8,,,0,40,,103430,8,,,0
7600,'STMPSu2-Sunday',553,,103433,8,,,0,70,,103441,8,,,0,80,,103452,8,,,0,40,,103434,8,,,0,80,,103442,8,,,0,80,,103450,8,,,0,40,,103435,8,,,0,80,,103443,8,,,0,80,,103451,8,,,0,40,,103436,8,,,0,81,,103444,8,,,0,80,,103453,8,,,0,40,,103437,8,,,0,80,,103446,8,,,0,80,,103455,8,,,0,40,,103438,8,,,0,80,,103445,8,,,0,80,,103454,8,,,0,40,,103439,8,,,0,80,,103447,8,,,0,79,,103456,8,,,0,40,,103440,8,,,0,80,,103448,8,,,0,80,,103431,8,,,0,40,,103457,8,,,0,80,,103449,8,,,0,80,,103432,8,,,0,40,,103458,8,,,0
7600,'STMPWeek-Weekday',513,,103459,8,,,0,30,,103471,8,,,0,70,,103462,8,,,0,30,,103488,8,,,0,70,,103480,8,,,0,30,,103472,8,,,0,70,,103460,8,,,0,30,,103489,8,,,0,69,,103481,8,,,0,30,,103473,8,,,0,70,,103461,8,,,0,30,,103490,8,,,0,70,,103482,8,,,0,30,,103474,8,,,0,70,,103463,8,,,0,30,,103491,8,,,0,70,,103483,8,,,0,30,,103475,8,,,0,70,,103464,8,,,0,30,,103492,8,,,0,71,,103484,8,,,0,30,,103476,8,,,0,70,,103465,8,,,0,30,,103493,8,,,0,70,,103485,8,,,0,30,,103477,8,,,0,70,,103466,8,,,0,29,,103494,8,,,0,70,,103486,8,,,0,30,,103478,8,,,0,70,,103467,8,,,0,30,,103495,8,,,0,70,,103487,8,,,0,30,,103479,8,,,0,70,,103468,8,,,0,30,,103496,8,,,0,70,,103469,8,,,0,30,,103498,8,,,0,70,,103470,8,,,0,39,,103497,8,,,0
7600,'STMPar-Weekday',513,,103499,8,,,0,30,,103511,8,,,0,70,,103500,8,,,0,30,,103528,8,,,0,70,,103520,8,,,0,30,,103512,8,,,0,70,,103501,8,,,0,30,,103529,8,,,0,69,,103521,8,,,0,30,,103513,8,,,0,70,,103502,8,,,0,30,,103530,8,,,0,70,,103522,8,,,0,30,,103514,8,,,0,70,,103503,8,,,0,30,,103531,8,,,0,70,,103523,8,,,0,30,,103515,8,,,0,70,,103504,8,,,0,30,,103532,8,,,0,71,,103524,8,,,0,30,,103516,8,,,0,70,,103505,8,,,0,30,,103533,8,,,0,70,,103525,8,,,0,30,,103517,8,,,0,70,,103506,8,,,0,29,,103534,8,,,0,70,,103526,8,,,0,30,,103518,8,,,0,70,,103507,8,,,0,30,,103535,8,,,0,70,,103527,8,,,0,30,,103519,8,,,0,70,,103508,8,,,0,30,,103536,8,,,0,70,,103509,8,,,0,30,,103538,8,,,0,70,,103510,8,,,0,39,,103537,8,,,0
11300,'Weekday',547,,118123,8,,,0,70,,118115,8,,,0,32,,118125,8,,,0,72,,118116,8,,,0,32,,118126,8,,,0,72,,118117,8,,,0,32,,118127,8,,,0,72,,118118,8,,,0,72,,118128,8,,,0,32,,118119,8,,,0,72,,118129,8,,,0,32,,118120,8,,,0,72,,118130,8,,,0,32,,118121,8,,,0,72,,118131,8,,,0,32,,118122,8,,,0,72,,118132,8,,,0,32,,118124,8,,,0,72,,118133,8,,,0,32,,118141,8,,,0,72,,118134,8,,,0,32,,118142,8,,,0,72,,118135,8,,,0,72,,118143,8,,,0,32,,118136,8,,,0,72,,118144,8,,,0,32,,118137,8,,,0,72,,118145,8,,,0,32,,118138,8,,,0,72,,118146,8,,,0,32,,118139,8,,,0,72,,118147,8,,,0,32,,118140,8,,,0,72,,118148,8,,,0
11300,'STMPSnea-Weekday',547,,118157,8,,,0,70,,118149,8,,,0,32,,118159,8,,,0,72,,118150,8,,,0,32,,118160,8,,,0,72,,118151,8,,,0,32,,118161,8,,,0,72,,118152,8,,,0,72,,118162,8,,,0,32,,118153,8,,,0,72,,118163,8,,,0,32,,118154,8,,,0,72,,118164,8,,,0,32,,118155,8,,,0,72,,118165,8,,,0,32,,118156,8,,,0,72,,118166,8,,,0,32,,118158,8,,,0,72,,118167,8,,,0,32,,118175,8,,,0,72,,118168,8,,,0,32,,118176,8,,,0,72,,118169,8,,,0,72,,118177,8,,,0,32,,118170,8,,,0,72,,118178,8,,,0,32,,118171,8,,,0,72,,118179,8,,,0,32,,118172,8,,,0,72,,118180,8,,,0,32,,118173,8,,,0,72,,118181,8,,,0,32,,118174,8,,,0,72,,118182,8,,,0
11300,'STMPWeek-Weekday',547,,118191,8,,,0,70,,118183,8,,,0,32,,118193,8,,,0,72,,118184,8,,,0,32,,118194,8,,,0,72,,118185,8,,,0,32,,118195,8,,,0,72,,118186,8,,,0,72,,118196,8,,,0,32,,118187,8,,,0,72,,118197,8,,,0,32,,118188,8,,,0,72,,118198,8,,,0,32,,118189,8,,,0,72,,118199,8,,,0,32,,118190,8,,,0,72,,118200,8,,,0,32,,118192,8,,,0,72,,118201,8,,,0,32,,118209,8,,,0,72,,118202,8,,,0,32,,118210,8,,,0,72,,118203,8,,,0,72,,118211,8,,,0,32,,118204,8,,,0,72,,118212,8,,,0,32,,118205,8,,,0,72,,118213,8,,,0,32,,118206,8,,,0,72,,118214,8,,,0,32,,118207,8,,,0,72,,118215,8,,,0,32,,118208,8,,,0,72,,118216,8,,,0
11300,'STMPar-Weekday',547,,118225,8,,,0,70,,118217,8,,,0,32,,118227,8,,,0,72,,118218,8,,,0,32,,118228,8,,,0,72,,118219,8,,,0,32,,118229,8,,,0,72,,118220,8,,,0,72,,118230,8,,,0,32,,118221,8,,,0,72,,118231,8,,,0,32,,118222,8,,,0,72,,118232,8,,,0,32,,118223,8,,,0,72,,118233,8,,,0,32,,118224,8,,,0,72,,118234,8,,,0,32,,118226,8,,,0,72,,118235,8,,,0,32,,118243,8,,,0,72,,118236,8,,,0,32,,118244,8,,,0,72,,118237,8,,,0,72,,118245,8,,,0,32,,118238,8,,,0,72,,118246,8,,,0,32,,118239,8,,,0,72,,118247,8,,,0,32,,118240,8,,,0,72,,118248,8,,,0,32,,118241,8,,,0,72,,118249,8,,,0,32,,118242,8,,,0,72,,118250,8,,,0
