11500,'Saturday',654,,29426,,,0,78,,29446,,,0,78,,29427,,,0,38,,29428,,,0,80,,29429,,,0,78,,29430,,,0,38,,29431,,,0,78,,29432,,,0,78,,29433,,,0,38,,29434,,,0,78,,29435,,,0,38,,29436,,,0,78,,29437,,,0,78,,29438,,,0,38,,29439,,,0,78,,29440,,,0,78,,29441,,,0,38,,29443,,,0,78,,29444,,,0,38,,29445,,,0,75,,29442,,,0,77,,29447,,,0,38,,29449,,,0,78,,29448,,,0,78,,29450,,,0,38,,29453,,,0,78,,29452,,,0,38,,29451,,,0
11500,'Sunday',654,,29454,,,0,78,,29455,,,0,78,,29456,,,0,38,,29457,,,0,80,,29458,,,0,78,,29459,,,0,38,,29460,,,0,78,,29461,,,0,78,,29462,,,0,38,,29463,,,0,78,,29464,,,0,38,,29465,,,0,78,,29466,,,0,78,,29467,,,0,38,,29468,,,0,78,,29469,,,0,78,,29470,,,0,38,,29472,,,0,78,,29473,,,0,38,,29474,,,0,75,,29471,,,0,77,,29475,,,0,38,,29477,,,0,78,,29476,,,0,78,,29478,,,0,38,,29481,,,0,78,,29480,,,0,38,,29479,,,0
11500,'Weekday',514,,29516,,,0,34,,29482,,,0,5,,29517,,,0,69,,29483,,,0,34,,29493,,,0,72,,29485,,,0,12,,29518,,,0,15,,29519,,,0,45,,29486,,,0,32,,29487,,,0,72,,29494,,,0,31,,29489,,,0,71,,29488,,,0,32,,29490,,,0,72,,29495,,,0,32,,29491,,,0,72,,29492,,,0,32,,29496,,,0,72,,29497,,,0,32,,29498,,,0,72,,29499,,,0,33,,29502,,,0,73,,29507,,,0,72,,29500,,,0,32,,29508,,,0,72,,29501,,,0,32,,29503,,,0,72,,29504,,,0,32,,29505,,,0,71,,29506,,,0,32,,29509,,,0,71,,29510,,,0,32,,29515,,,0,72,,29512,,,0,32,,29513,,,0,72,,29511,,,0,32,,29514,,,0,72,,29484,,,0
12300,'Saturday',750,,30370,,,0,85,,30371,,,0,82,,30374,,,0,42,,30372,,,0,82,,30373,,,0,82,,30375,,,0,82,,30377,,,0,42,,30376,,,0,82,,30378,,,0,82,,30379,,,0,42,,30381,,,0,82,,30380,,,0,82,,30382,,,0,42,,30383,,,0,82,,30384,,,0,82,,30385,,,0,81,,30386,,,0,42,,30389,,,0,82,,30393,,,0,82,,30390,,,0,42,,30387,,,0,82,,30391,,,0,82,,30388,,,0,42,,30392,,,0
12300,'Sunday',750,,30394,,,0,85,,30395,,,0,82,,30398,,,0,42,,30396,,,0,82,,30397,,,0,82,,30399,,,0,82,,30401,,,0,42,,30400,,,0,82,,30402,,,0,82,,30403,,,0,42,,30405,,,0,82,,30404,,,0,82,,30406,,,0,42,,30407,,,0,82,,30408,,,0,82,,30409,,,0,81,,30410,,,0,42,,30413,,,0,82,,30417,,,0,82,,30414,,,0,42,,30411,,,0,82,,30415,,,0,82,,30412,,,0,42,,30416,,,0
12300,'Weekday',546,,30418,,,0,64,,30426,,,0,24,,30430,,,0,24,,30446,,,0,65,,30419,,,0,25,,30428,,,0,52,,30468,,,0,12,,30431,,,0,12,,30467,,,0,12,,30447,,,0,12,,30465,,,0,52,,30420,,,0,12,,30466,,,0,10,,30429,,,0,21,,30432,,,0,64,,30448,,,0,30,,30422,,,0,70,,30433,,,0,30,,30449,,,0,70,,30421,,,0,30,,30434,,,0,70,,30450,,,0,30,,30423,,,0,69,,30435,,,0,31,,30451,,,0,72,,30424,,,0,26,,30436,,,0,19,,30443,,,0,52,,30460,,,0,12,,30452,,,0,12,,30462,,,0,12,,30425,,,0,12,,30463,,,0,52,,30437,,,0,12,,30459,,,0,12,,30444,,,0,12,,30461,,,0,12,,30453,,,0,52,,30464,,,0,12,,30427,,,0,24,,30438,,,0,63,,30445,,,0,21,,30454,,,0,84,,30439,,,0,43,,30455,,,0,82,,30440,,,0,82,,30456,,,0,83,,30441,,,0,43,,30458,,,0,83,,30442,,,0,83,,30457,,,0
12400,'Saturday',724,,30789,,,0,25,,30808,,,0,65,,30788,,,0,25,,30809,,,0,65,,30790,,,0,25,,30811,,,0,25,,30791,,,0,65,,30810,,,0,25,,30792,,,0,65,,30813,,,0,25,,30793,,,0,25,,30812,,,0,65,,30794,,,0,25,,30814,,,0,65,,30795,,,0,25,,30815,,,0,65,,30796,,,0,25,,30816,,,0,25,,30797,,,0,65,,30818,,,0,25,,30798,,,0,65,,30817,,,0,25,,30800,,,0,25,,30819,,,0,65,,30799,,,0,25,,30820,,,0,65,,30801,,,0,25,,30821,,,0,64,,30802,,,0,25,,30822,,,0,25,,30803,,,0,65,,30823,,,0,25,,30804,,,0,65,,30824,,,0,25,,30805,,,0,25,,30825,,,0,65,,30806,,,0,25,,30826,,,0,65,,30807,,,0,25,,30827,,,0
12400,'Sunday',724,,30829,,,0,25,,30848,,,0,65,,30828,,,0,25,,30850,,,0,65,,30830,,,0,25,,30849,,,0,25,,30831,,,0,65,,30851,,,0,25,,30832,,,0,65,,30852,,,0,25,,30833,,,0,25,,30853,,,0,65,,30835,,,0,25,,30854,,,0,65,,30834,,,0,25,,30855,,,0,65,,30836,,,0,25,,30856,,,0,25,,30837,,,0,65,,30857,,,0,25,,30838,,,0,65,,30858,,,0,25,,30839,,,0,25,,30859,,,0,65,,30840,,,0,25,,30860,,,0,65,,30841,,,0,25,,30861,,,0,64,,30842,,,0,25,,30862,,,0,25,,30844,,,0,65,,30863,,,0,25,,30843,,,0,65,,30864,,,0,25,,30845,,,0,25,,30865,,,0,65,,30846,,,0,25,,30866,,,0,65,,30847,,,0,25,,30867,,,0
12400,'Weekday',607,,30873,,,0,12,,30877,,,0,12,,30899,,,0,12,,30901,,,0,12,,30904,,,0,52,,30874,,,0,13,,30878,,,0,12,,30898,,,0,12,,30902,,,0,12,,30905,,,0,53,,30875,,,0,12,,30879,,,0,12,,30900,,,0,5,,30933,,,0,6,,30903,,,0,10,,30906,,,0,52,,30876,,,0,12,,30880,,,0,25,,30907,,,0,68,,30881,,,0,26,,30908,,,0,68,,30882,,,0,28,,30909,,,0,68,,30883,,,0,28,,30910,,,0,28,,30884,,,0,68,,30911,,,0,28,,30885,,,0,68,,30912,,,0,29,,30886,,,0,53,,30868,,,0,15,,30913,,,0,13,,30925,,,0,12,,30930,,,0,12,,30887,,,0,52,,30869,,,0,11,,30914,,,0,12,,30926,,,0,12,,30929,,,0,12,,30888,,,0,52,,30870,,,0,12,,30915,,,0,12,,30927,,,0,12,,30931,,,0,12,,30889,,,0,52,,30871,,,0,14,,30916,,,0,10,,30928,,,0,11,,30932,,,0,12,,30890,,,0,52,,30872,,,0,11,,30917,,,0,28,,30891,,,0,68,,30918,,,0,28,,30892,,,0,68,,30919,,,0,27,,30894,,,0,67,,30920,,,0,28,,30893,,,0,28,,30921,,,0,68,,30895,,,0,28,,30922,,,0,68,,30896,,,0,28,,30923,,,0,68,,30897,,,0,28,,30924,,,0
42100,'Saturday',720,,43564,,,0,30,,43568,,,0,70,,43555,,,0,30,,43561,,,0,70,,43576,,,0,30,,43570,,,0,70,,43558,,,0,30,,43584,,,0,70,,43562,,,0,30,,43578,,,0,70,,43572,,,0,30,,43559,,,0,70,,43582,,,0,30,,43563,,,0,70,,43575,,,0,30,,43569,,,0,70,,43554,,,0,30,,43565,,,0,70,,43585,,,0,30,,43579,,,0,70,,43574,,,0,30,,43556,,,0,70,,43566,,,0,30,,43577,,,0,70,,43581,,,0,30,,43571,,,0,70,,43560,,,0,30,,43567,,,0,70,,43580,,,0,30,,43573,,,0,70,,43583,,,0,30,,43557,,,0,70,,43588,,,0,30,,43586,,,0,70,,43587,,,0
42100,'Sunday',719,,43603,,,0,30,,43601,,,0,70,,43590,,,0,30,,43596,,,0,70,,43610,,,0,30,,43618,,,0,70,,43605,,,0,30,,43591,,,0,70,,43597,,,0,30,,43611,,,0,71,,43606,,,0,30,,43592,,,0,70,,43619,,,0,30,,43599,,,0,70,,43614,,,0,30,,43607,,,0,70,,43589,,,0,30,,43620,,,0,70,,43600,,,0,30,,43612,,,0,70,,43604,,,0,30,,43593,,,0,70,,43598,,,0,29,,43615,,,0,70,,43616,,,0,30,,43608,,,0,70,,43594,,,0,30,,43602,,,0,70,,43613,,,0,30,,43609,,,0,70,,43617,,,0,30,,43595,,,0,70,,43622,,,0,30,,43621,,,0
42100,'Weekday',552,,43623,,,0,70,,43634,,,0,15,,43670,,,0,15,,43635,,,0,55,,43663,,,0,15,,43636,,,0,15,,43664,,,0,15,,43633,,,0,55,,43661,,,0,15,,43637,,,0,15,,43671,,,0,5,,43672,,,0,5,,43638,,,0,75,,43639,,,0,30,,43640,,,0,70,,43642,,,0,30,,43643,,,0,70,,43644,,,0,30,,43641,,,0,70,,43645,,,0,30,,43646,,,0,70,,43647,,,0,30,,43648,,,0,70,,43649,,,0,30,,43650,,,0,65,,43624,,,0,15,,43662,,,0,15,,43625,,,0,55,,43665,,,0,15,,43627,,,0,15,,43666,,,0,15,,43628,,,0,55,,43667,,,0,15,,43629,,,0,15,,43669,,,0,15,,43626,,,0,55,,43668,,,0,15,,43630,,,0,25,,43631,,,0,68,,43632,,,0,30,,43652,,,0,70,,43653,,,0,30,,43654,,,0,70,,43651,,,0,30,,43655,,,0,69,,43656,,,0,30,,43657,,,0,70,,43658,,,0,30,,43659,,,0,70,,43660,,,0
