9801,'Saturday',605,,50524,17,,,0,35,,50525,17,,,0,75,,50527,17,,,0,35,,50526,17,,,0,75,,50529,17,,,0,75,,50530,17,,,0,35,,50528,17,,,0,75,,50531,17,,,0,35,,50532,17,,,0,75,,50533,17,,,0,35,,50534,17,,,0,75,,50535,17,,,0,75,,50536,17,,,0,35,,50537,17,,,0,75,,50538,17,,,0,35,,50539,17,,,0,75,,50540,17,,,0,75,,50541,17,,,0,35,,50542,17,,,0,75,,50543,17,,,0,35,,50544,17,,,0,75,,50545,17,,,0,35,,50547,17,,,0,75,,50546,17,,,0,75,,50548,17,,,0,35,,50549,17,,,0,75,,50551,17,,,0,35,,50550,17,,,0,75,,50553,17,,,0,75,,50552,17,,,0
9801,'Sunday',824,,50554,17,,,0,35,,50555,17,,,0,75,,50556,17,,,0,75,,50557,17,,,0,35,,50558,17,,,0,75,,50560,17,,,0,35,,50559,17,,,0,75,,50561,17,,,0,75,,50562,17,,,0,35,,50563,17,,,0,75,,50564,17,,,0,35,,50565,17,,,0,75,,50566,17,,,0,35,,50567,17,,,0,75,,50568,17,,,0,75,,50569,17,,,0,35,,50570,17,,,0,75,,50572,17,,,0,35,,50571,17,,,0,75,,50573,17,,,0,75,,50574,17,,,0,35,,50575,17,,,0,75,,50576,17,,,0,35,,50577,17,,,0,75,,50578,17,,,0,35,,50579,17,,,0
9801,'Weekday',447,,50582,17,,,0,73,,50583,17,,,0,33,,50600,17,,,0,76,,50584,17,,,0,73,,50601,17,,,0,33,,50585,17,,,0,73,,50602,17,,,0,27,,50580,17,,,0,6,,50586,17,,,0,71,,50603,17,,,0,33,,50587,17,,,0,73,,50604,17,,,0,33,,50588,17,,,0,73,,50605,17,,,0,33,,50589,17,,,0,73,,50606,17,,,0,73,,50590,17,,,0,33,,50607,17,,,0,73,,50591,17,,,0,33,,50608,17,,,0,75,,50592,17,,,0,34,,50609,17,,,0,57,,50581,17,,,0,16,,50593,17,,,0,33,,50610,17,,,0,73,,50594,17,,,0,72,,50611,17,,,0,32,,50595,17,,,0,72,,50612,17,,,0,33,,50596,17,,,0,73,,50613,17,,,0,33,,50597,17,,,0,72,,50614,17,,,0,33,,50598,17,,,0,73,,50615,17,,,0,33,,50599,17,,,0,73,,50616,17,,,0
9801,'Weekday0000100',1349,,50617,17,,,0
9801,'Weekday1111000',1612,,50618,17,,,0
9801,'1CCSDCUT-Weekday',447,,50621,17,,,0,73,,50622,17,,,0,33,,50639,17,,,0,76,,50623,17,,,0,73,,50640,17,,,0,33,,50624,17,,,0,73,,50641,17,,,0,27,,50619,17,,,0,6,,50625,17,,,0,71,,50642,17,,,0,33,,50626,17,,,0,73,,50643,17,,,0,33,,50627,17,,,0,73,,50644,17,,,0,33,,50628,17,,,0,73,,50645,17,,,0,73,,50629,17,,,0,33,,50646,17,,,0,73,,50630,17,,,0,33,,50647,17,,,0,75,,50631,17,,,0,34,,50648,17,,,0,57,,50620,17,,,0,16,,50632,17,,,0,33,,50649,17,,,0,73,,50633,17,,,0,72,,50650,17,,,0,32,,50634,17,,,0,72,,50651,17,,,0,33,,50635,17,,,0,73,,50652,17,,,0,33,,50636,17,,,0,72,,50653,17,,,0,33,,50637,17,,,0,73,,50654,17,,,0,33,,50638,17,,,0,73,,50655,17,,,0
9801,'1CCSDCUT-Weekday0000100',1349,,50656,17,,,0
9801,'1CCSDCUT-Weekday1111000',1612,,50657,17,,,0
9801,'1PUBCUT-Weekday',447,,50660,17,,,0,73,,50661,17,,,0,33,,50678,17,,,0,76,,50662,17,,,0,73,,50679,17,,,0,33,,50663,17,,,0,73,,50680,17,,,0,27,,50658,17,,,0,6,,50664,17,,,0,71,,50681,17,,,0,33,,50665,17,,,0,73,,50682,17,,,0,33,,50666,17,,,0,73,,50683,17,,,0,33,,50667,17,,,0,73,,50684,17,,,0,73,,50668,17,,,0,33,,50685,17,,,0,73,,50669,17,,,0,33,,50686,17,,,0,75,,50670,17,,,0,34,,50687,17,,,0,57,,50659,17,,,0,16,,50671,17,,,0,33,,50688,17,,,0,73,,50672,17,,,0,72,,50689,17,,,0,32,,50673,17,,,0,72,,50690,17,,,0,33,,50674,17,,,0,73,,50691,17,,,0,33,,50675,17,,,0,72,,50692,17,,,0,33,,50676,17,,,0,73,,50693,17,,,0,33,,50677,17,,,0,73,,50694,17,,,0
89500,'Weekday',1532,,69169,33,0,12 68 1 69 31,0
89500,'1PUBCUT-Weekday',1532,,69170,33,0,12 68 1 69 31,0
89501,'Weekday',746,,69171,21,0,12 68 1 69 31,0
89501,'1PUBCUT-Weekday',746,,69172,21,0,12 68 1 69 31,0
