1900,'CUT-Weekday',547,,6400,,,0,69,,6408,,,0,33,,6416,,,0,67,,6384,,,0,36,,6392,,,0,66,,6401,,,0,35,,6409,,,0,72,,6417,,,0,30,,6385,,,0,72,,6393,,,0,32,,6402,,,0,72,,6410,,,0,74,,6418,,,0,34,,6386,,,0,72,,6394,,,0,30,,6403,,,0,73,,6411,,,0,34,,6419,,,0,76,,6387,,,0,34,,6395,,,0,71,,6404,,,0,29,,6412,,,0,71,,6420,,,0,71,,6388,,,0,29,,6396,,,0,29,,6405,,,0,69,,6413,,,0,26,,6421,,,0,70,,6390,,,0,30,,6397,,,0,70,,6406,,,0,30,,6414,,,0,70,,6422,,,0,28,,6389,,,0,68,,6398,,,0,29,,6407,,,0,70,,6415,,,0,30,,6423,,,0,70,,6391,,,0,30,,6399,,,0
1900,'Saturday',625,,6425,,,0,75,,6439,,,0,37,,6448,,,0,75,,6433,,,0,35,,6426,,,0,75,,6441,,,0,35,,6449,,,0,75,,6435,,,0,75,,6427,,,0,35,,6443,,,0,75,,6450,,,0,35,,6434,,,0,71,,6428,,,0,20,,6454,,,0,68,,6442,,,0,28,,6451,,,0,68,,6436,,,0,28,,6429,,,0,68,,6457,,,0,28,,6445,,,0,28,,6452,,,0,68,,6437,,,0,28,,6430,,,0,68,,6458,,,0,28,,6444,,,0,68,,6453,,,0,35,,6438,,,0,75,,6431,,,0,75,,6447,,,0,35,,6455,,,0,75,,6440,,,0,35,,6432,,,0,75,,6446,,,0,35,,6456,,,0
1900,'Sunday',625,,6459,,,0,75,,6475,,,0,37,,6482,,,0,75,,6467,,,0,35,,6460,,,0,75,,6474,,,0,35,,6483,,,0,75,,6468,,,0,75,,6461,,,0,35,,6477,,,0,75,,6484,,,0,35,,6469,,,0,71,,6462,,,0,20,,6490,,,0,68,,6476,,,0,28,,6486,,,0,68,,6470,,,0,28,,6463,,,0,68,,6491,,,0,28,,6478,,,0,28,,6485,,,0,68,,6471,,,0,28,,6464,,,0,68,,6492,,,0,28,,6479,,,0,68,,6487,,,0,35,,6472,,,0,75,,6465,,,0,75,,6480,,,0,35,,6488,,,0,75,,6473,,,0,35,,6466,,,0,75,,6481,,,0,35,,6489,,,0
1900,'Weekday',547,,6511,,,0,69,,6519,,,0,33,,6527,,,0,67,,6495,,,0,36,,6503,,,0,66,,6512,,,0,35,,6520,,,0,72,,6528,,,0,30,,6496,,,0,72,,6504,,,0,32,,6513,,,0,72,,6521,,,0,74,,6529,,,0,34,,6497,,,0,72,,6505,,,0,30,,6514,,,0,73,,6522,,,0,34,,6530,,,0,76,,6498,,,0,34,,6506,,,0,71,,6515,,,0,29,,6523,,,0,71,,6531,,,0,71,,6499,,,0,29,,6507,,,0,29,,6516,,,0,69,,6524,,,0,26,,6532,,,0,70,,6500,,,0,30,,6508,,,0,70,,6517,,,0,30,,6525,,,0,70,,6533,,,0,28,,6501,,,0,68,,6509,,,0,29,,6518,,,0,70,,6526,,,0,30,,6534,,,0,70,,6502,,,0,30,,6510,,,0
1900,'pBxDec31-Weekday',547,,6551,,,0,69,,6559,,,0,33,,6567,,,0,67,,6535,,,0,36,,6543,,,0,66,,6552,,,0,35,,6560,,,0,72,,6568,,,0,30,,6536,,,0,72,,6544,,,0,32,,6553,,,0,72,,6561,,,0,74,,6569,,,0,34,,6537,,,0,72,,6545,,,0,30,,6554,,,0,73,,6562,,,0,34,,6570,,,0,76,,6538,,,0,34,,6546,,,0,71,,6555,,,0,29,,6563,,,0,71,,6571,,,0,71,,6539,,,0,29,,6547,,,0,29,,6556,,,0,69,,6564,,,0,26,,6572,,,0,70,,6541,,,0,30,,6548,,,0,70,,6557,,,0,30,,6565,,,0,70,,6573,,,0,28,,6540,,,0,68,,6549,,,0,29,,6558,,,0,70,,6566,,,0,30,,6574,,,0,70,,6542,,,0,30,,6550,,,0
3200,'CUT-Weekday',559,,9821,,,0,55,,9824,,,0,15,,9803,,,0,15,,9825,,,0,15,,9791,,,0,56,,9826,,,0,15,,9797,,,0,17,,9827,,,0,56,,9822,,,0,16,,9828,,,0,17,,9805,,,0,15,,9829,,,0,55,,9793,,,0,14,,9830,,,0,15,,9798,,,0,70,,9786,,,0,30,,9804,,,0,69,,9792,,,0,29,,9799,,,0,70,,9787,,,0,30,,9806,,,0,70,,9794,,,0,30,,9800,,,0,70,,9788,,,0,30,,9807,,,0,71,,9795,,,0,19,,9831,,,0,18,,9801,,,0,14,,9832,,,0,56,,9789,,,0,16,,9833,,,0,16,,9808,,,0,57,,9823,,,0,17,,9796,,,0,16,,9834,,,0,17,,9802,,,0,55,,9835,,,0,14,,9790,,,0,13,,9836,,,0,15,,9809,,,0,68,,9816,,,0,28,,9819,,,0,68,,9810,,,0,28,,9813,,,0,68,,9817,,,0,27,,9820,,,0,68,,9811,,,0,28,,9815,,,0,28,,9818,,,0,68,,9812,,,0,28,,9814,,,0,75,,9837,,,0
3200,'Saturday',655,,9848,,,0,65,,9864,,,0,27,,9839,,,0,70,,9858,,,0,30,,9847,,,0,68,,9866,,,0,30,,9838,,,0,70,,9859,,,0,30,,9849,,,0,70,,9865,,,0,30,,9840,,,0,70,,9860,,,0,30,,9850,,,0,70,,9867,,,0,30,,9841,,,0,70,,9862,,,0,30,,9851,,,0,70,,9868,,,0,30,,9842,,,0,70,,9861,,,0,30,,9852,,,0,70,,9869,,,0,30,,9844,,,0,70,,9863,,,0,30,,9853,,,0,70,,9870,,,0,30,,9843,,,0,67,,9854,,,0,26,,9871,,,0,70,,9845,,,0,30,,9855,,,0,70,,9872,,,0,30,,9846,,,0,70,,9856,,,0,30,,9857,,,0
3200,'Sunday',655,,9873,,,0,65,,9874,,,0,27,,9875,,,0,70,,9876,,,0,30,,9877,,,0,68,,9878,,,0,30,,9879,,,0,70,,9880,,,0,30,,9881,,,0,70,,9886,,,0,30,,9882,,,0,70,,9884,,,0,30,,9883,,,0,70,,9887,,,0,30,,9885,,,0,70,,9889,,,0,30,,9888,,,0,70,,9890,,,0,30,,9892,,,0,70,,9891,,,0,30,,9893,,,0,70,,9894,,,0,30,,9895,,,0,70,,9896,,,0,30,,9897,,,0,70,,9898,,,0,30,,9900,,,0,67,,9899,,,0,26,,9901,,,0,70,,9902,,,0,30,,9903,,,0,70,,9906,,,0,30,,9904,,,0,70,,9905,,,0,30,,9907,,,0
3200,'Weekday',559,,9943,,,0,55,,9946,,,0,15,,9925,,,0,15,,9947,,,0,15,,9913,,,0,56,,9948,,,0,15,,9919,,,0,17,,9950,,,0,56,,9944,,,0,16,,9951,,,0,17,,9927,,,0,15,,9952,,,0,55,,9915,,,0,14,,9949,,,0,15,,9920,,,0,70,,9908,,,0,30,,9926,,,0,69,,9914,,,0,29,,9921,,,0,70,,9909,,,0,30,,9928,,,0,70,,9916,,,0,30,,9922,,,0,70,,9910,,,0,30,,9929,,,0,71,,9917,,,0,19,,9953,,,0,18,,9923,,,0,14,,9954,,,0,56,,9911,,,0,16,,9955,,,0,16,,9930,,,0,57,,9945,,,0,17,,9918,,,0,16,,9956,,,0,17,,9924,,,0,55,,9957,,,0,14,,9912,,,0,13,,9958,,,0,15,,9931,,,0,68,,9938,,,0,28,,9941,,,0,68,,9932,,,0,28,,9935,,,0,68,,9939,,,0,27,,9942,,,0,68,,9933,,,0,28,,9937,,,0,28,,9940,,,0,68,,9934,,,0,28,,9936,,,0,75,,9959,,,0
3200,'pBxDec31-Weekday',559,,9995,,,0,55,,9998,,,0,15,,9977,,,0,15,,9999,,,0,15,,9965,,,0,56,,10000,,,0,15,,9971,,,0,17,,10001,,,0,56,,9996,,,0,16,,10002,,,0,17,,9979,,,0,15,,10003,,,0,55,,9967,,,0,14,,10004,,,0,15,,9972,,,0,70,,9960,,,0,30,,9978,,,0,69,,9966,,,0,29,,9973,,,0,70,,9961,,,0,30,,9980,,,0,70,,9968,,,0,30,,9974,,,0,70,,9962,,,0,30,,9981,,,0,71,,9969,,,0,19,,10005,,,0,18,,9975,,,0,14,,10006,,,0,56,,9963,,,0,16,,10007,,,0,16,,9982,,,0,57,,9997,,,0,17,,9970,,,0,16,,10008,,,0,17,,9976,,,0,55,,10009,,,0,14,,9964,,,0,13,,10010,,,0,15,,9983,,,0,68,,9990,,,0,28,,9993,,,0,68,,9984,,,0,28,,9987,,,0,68,,9991,,,0,27,,9994,,,0,68,,9985,,,0,28,,9989,,,0,28,,9992,,,0,68,,9986,,,0,28,,9988,,,0,75,,10011,,,0
3300,'CUT-Weekday',556,,10236,,,0,72,,10238,,,0,72,,10239,,,0,36,,10237,,,0,74,,10240,,,0,35,,10241,,,0,73,,10243,,,0,35,,10242,,,0,75,,10244,,,0,75,,10245,,,0,35,,10246,,,0,75,,10247,,,0,35,,10248,,,0,75,,10249,,,0,35,,10250,,,0,76,,10251,,,0,77,,10252,,,0,36,,10253,,,0,76,,10255,,,0,36,,10254,,,0,76,,10256,,,0,73,,10257,,,0,32,,10258,,,0,75,,10259,,,0,34,,10260,,,0
3300,'Weekday',556,,10315,,,0,72,,10317,,,0,72,,10318,,,0,36,,10316,,,0,74,,10319,,,0,35,,10320,,,0,73,,10322,,,0,35,,10321,,,0,75,,10323,,,0,75,,10324,,,0,35,,10326,,,0,75,,10327,,,0,35,,10325,,,0,75,,10328,,,0,35,,10329,,,0,76,,10330,,,0,77,,10331,,,0,36,,10332,,,0,76,,10334,,,0,36,,10333,,,0,76,,10335,,,0,73,,10336,,,0,32,,10337,,,0,75,,10338,,,0,34,,10339,,,0
3300,'pBxDec31-Weekday',556,,10343,,,0,72,,10345,,,0,72,,10346,,,0,36,,10344,,,0,74,,10347,,,0,35,,10348,,,0,73,,10350,,,0,35,,10349,,,0,75,,10351,,,0,75,,10352,,,0,35,,10353,,,0,75,,10354,,,0,35,,10355,,,0,75,,10356,,,0,35,,10357,,,0,76,,10358,,,0,77,,10359,,,0,36,,10361,,,0,76,,10360,,,0,36,,10362,,,0,76,,10363,,,0,73,,10364,,,0,32,,10365,,,0,75,,10366,,,0,34,,10367,,,0
87200,'Weekday',1514,,44421,,,0
