10000,'2025DE-1BUSCUT-Weekday-02',527,,26765,,,0,30,,26764,,,0,71,,26766,,,0,30,,26767,,,0,70,,26769,,,0,30,,26768,,,0,70,,26770,,,0,30,,26771,,,0,70,,26772,,,0,30,,26773,,,0,70,,26774,,,0,30,,26775,,,0,70,,26776,,,0,30,,26777,,,0,70,,26778,,,0,31,,26779,,,0,70,,26781,,,0,30,,26780,,,0,70,,26783,,,0,30,,26782,,,0,71,,26785,,,0,71,,26784,,,0,31,,26787,,,0,73,,26788,,,0,31,,26789,,,0,69,,26786,,,0,29,,26790,,,0,70,,26792,,,0,30,,26793,,,0,69,,26791,,,0,30,,26794,,,0,70,,26796,,,0,30,,26797,,,0,70,,26795,,,0,30,,26799,,,0,70,,26798,,,0,30,,26800,,,0,70,,26801,,,0,30,,26802,,,0,70,,26803,,,0,30,,26804,,,0
10000,'2025DE-1BUSSA-Saturday-02',526,,26841,,,0,30,,26822,,,0,70,,26820,,,0,30,,26816,,,0,70,,26835,,,0,30,,26823,,,0,70,,26815,,,0,31,,26836,,,0,70,,26824,,,0,30,,26814,,,0,70,,26838,,,0,30,,26826,,,0,70,,26813,,,0,30,,26834,,,0,70,,26827,,,0,30,,26812,,,0,70,,26837,,,0,30,,26825,,,0,70,,26811,,,0,30,,26839,,,0,70,,26828,,,0,30,,26810,,,0,70,,26840,,,0,30,,26829,,,0,70,,26809,,,0,29,,26821,,,0,70,,26830,,,0,30,,26807,,,0,70,,26819,,,0,30,,26831,,,0,70,,26808,,,0,30,,26818,,,0,70,,26832,,,0,30,,26805,,,0,70,,26817,,,0,30,,26833,,,0,70,,26806,,,0,30,,26843,,,0,70,,26842,,,0
10000,'2025DE-1BUSSU-Sunday-02',526,,26882,,,0,30,,26845,,,0,70,,26844,,,0,30,,26846,,,0,70,,26847,,,0,30,,26848,,,0,70,,26850,,,0,31,,26849,,,0,70,,26851,,,0,30,,26852,,,0,70,,26853,,,0,30,,26854,,,0,70,,26855,,,0,30,,26859,,,0,70,,26856,,,0,30,,26857,,,0,70,,26858,,,0,30,,26860,,,0,70,,26861,,,0,30,,26862,,,0,70,,26863,,,0,30,,26864,,,0,70,,26865,,,0,30,,26866,,,0,70,,26867,,,0,29,,26868,,,0,70,,26870,,,0,30,,26871,,,0,70,,26869,,,0,30,,26874,,,0,70,,26872,,,0,30,,26873,,,0,70,,26875,,,0,30,,26876,,,0,70,,26877,,,0,30,,26878,,,0,70,,26880,,,0,30,,26879,,,0,70,,26881,,,0
10000,'2025DE-1BUSWK-Weekday-02',527,,26884,,,0,30,,26883,,,0,71,,26885,,,0,30,,26886,,,0,70,,26888,,,0,30,,26887,,,0,70,,26889,,,0,30,,26890,,,0,70,,26891,,,0,30,,26892,,,0,70,,26893,,,0,30,,26894,,,0,70,,26895,,,0,30,,26896,,,0,70,,26897,,,0,31,,26898,,,0,70,,26900,,,0,30,,26899,,,0,70,,26902,,,0,30,,26901,,,0,71,,26904,,,0,71,,26903,,,0,31,,26905,,,0,73,,26907,,,0,31,,26908,,,0,69,,26906,,,0,29,,26909,,,0,70,,26911,,,0,30,,26912,,,0,69,,26910,,,0,30,,26913,,,0,70,,26915,,,0,30,,26916,,,0,70,,26914,,,0,30,,26918,,,0,70,,26917,,,0,30,,26919,,,0,70,,26920,,,0,30,,26921,,,0,70,,26922,,,0,30,,26923,,,0
10000,'2025DE-pBxDec31-Weekday-02',527,,26925,,,0,30,,26924,,,0,71,,26926,,,0,30,,26927,,,0,70,,26929,,,0,30,,26928,,,0,70,,26930,,,0,30,,26931,,,0,70,,26932,,,0,30,,26933,,,0,70,,26934,,,0,30,,26935,,,0,70,,26936,,,0,30,,26937,,,0,70,,26938,,,0,31,,26939,,,0,70,,26941,,,0,30,,26940,,,0,70,,26943,,,0,30,,26942,,,0,71,,26946,,,0,71,,26944,,,0,31,,26945,,,0,73,,26948,,,0,31,,26949,,,0,69,,26947,,,0,29,,26950,,,0,70,,26952,,,0,30,,26953,,,0,69,,26951,,,0,30,,26954,,,0,70,,26956,,,0,30,,26957,,,0,70,,26955,,,0,30,,26959,,,0,70,,26958,,,0,30,,26960,,,0,70,,26961,,,0,30,,26962,,,0,70,,26963,,,0,30,,26964,,,0
11901,'2025DE-1BUSCUT-Weekday-02',544,,29996,,,0,92,,29997,,,0,93,,29998,,,0,93,,30000,,,0,93,,30001,,,0,93,,30002,,,0,93,,29999,,,0,53,,30003,,,0
11901,'2025DE-1BUSSA-Saturday-02',545,,30004,,,0,92,,30005,,,0,93,,30006,,,0,93,,30008,,,0,93,,30009,,,0,93,,30010,,,0,93,,30007,,,0,53,,30011,,,0
11901,'2025DE-1BUSSU-Sunday-02',545,,30013,,,0,92,,30014,,,0,93,,30015,,,0,93,,30012,,,0,93,,30016,,,0,93,,30017,,,0,93,,30018,,,0,53,,30019,,,0
11901,'2025DE-1BUSWK-Weekday-02',544,,30020,,,0,92,,30021,,,0,93,,30022,,,0,93,,30024,,,0,93,,30025,,,0,93,,30026,,,0,93,,30023,,,0,53,,30027,,,0
11901,'2025DE-pBxDec31-Weekday-02',544,,30028,,,0,92,,30029,,,0,93,,30030,,,0,93,,30032,,,0,93,,30033,,,0,93,,30034,,,0,93,,30031,,,0,53,,30035,,,0
