9300,'Saturday',553,,49050,8,,,0,80,,49059,8,,,0,80,,49060,8,,,0,40,,49057,8,,,0,80,,49058,8,,,0,80,,49061,8,,,0,40,,49062,8,,,0,80,,49063,8,,,0,80,,49064,8,,,0,40,,49065,8,,,0,80,,49067,8,,,0,80,,49068,8,,,0,40,,49069,8,,,0,80,,49066,8,,,0,80,,49071,8,,,0,40,,49072,8,,,0,80,,49073,8,,,0,80,,49070,8,,,0,40,,49074,8,,,0,80,,49075,8,,,0,80,,49076,8,,,0,40,,49053,8,,,0,80,,49054,8,,,0,80,,49052,8,,,0,40,,49055,8,,,0,80,,49051,8,,,0
9300,'Sunday',553,,49079,8,,,0,80,,49078,8,,,0,80,,49080,8,,,0,40,,49095,8,,,0,80,,49085,8,,,0,80,,49086,8,,,0,40,,49093,8,,,0,80,,49091,8,,,0,80,,49092,8,,,0,40,,49089,8,,,0,80,,49096,8,,,0,80,,49094,8,,,0,40,,49097,8,,,0,80,,49087,8,,,0,80,,49088,8,,,0,40,,49098,8,,,0,80,,49099,8,,,0,80,,49100,8,,,0,40,,49090,8,,,0,80,,49101,8,,,0,80,,49102,8,,,0,40,,49083,8,,,0,80,,49084,8,,,0,80,,49081,8,,,0,40,,49082,8,,,0,80,,49103,8,,,0
9300,'Weekday',518,,49136,8,,,0,30,,49112,8,,,0,70,,49106,8,,,0,30,,49108,8,,,0,70,,49109,8,,,0,30,,49110,8,,,0,70,,49107,8,,,0,30,,49141,8,,,0,70,,49111,8,,,0,30,,49118,8,,,0,70,,49131,8,,,0,30,,49128,8,,,0,70,,49126,8,,,0,30,,49120,8,,,0,70,,49132,8,,,0,30,,49129,8,,,0,70,,49127,8,,,0,30,,49119,8,,,0,70,,49133,8,,,0,30,,49130,8,,,0,70,,49104,8,,,0,30,,49113,8,,,0,70,,49114,8,,,0,30,,49117,8,,,0,70,,49105,8,,,0,30,,49115,8,,,0,70,,49116,8,,,0,30,,49137,8,,,0,70,,49138,8,,,0,30,,49122,8,,,0,70,,49121,8,,,0,30,,49134,8,,,0,70,,49139,8,,,0,30,,49124,8,,,0,80,,49123,8,,,0,80,,49140,8,,,0,40,,49143,8,,,0,80,,49142,8,,,0,80,,49125,8,,,0
9300,'1CCSDCUT-Weekday',518,,49176,8,,,0,30,,49152,8,,,0,70,,49146,8,,,0,30,,49148,8,,,0,70,,49149,8,,,0,30,,49150,8,,,0,70,,49147,8,,,0,30,,49181,8,,,0,70,,49151,8,,,0,30,,49158,8,,,0,70,,49171,8,,,0,30,,49168,8,,,0,70,,49166,8,,,0,30,,49160,8,,,0,70,,49172,8,,,0,30,,49169,8,,,0,70,,49167,8,,,0,30,,49159,8,,,0,70,,49173,8,,,0,30,,49170,8,,,0,70,,49144,8,,,0,30,,49153,8,,,0,70,,49154,8,,,0,30,,49157,8,,,0,70,,49145,8,,,0,30,,49155,8,,,0,70,,49156,8,,,0,30,,49177,8,,,0,70,,49178,8,,,0,30,,49162,8,,,0,70,,49161,8,,,0,30,,49174,8,,,0,70,,49179,8,,,0,30,,49164,8,,,0,80,,49163,8,,,0,80,,49180,8,,,0,40,,49183,8,,,0,80,,49182,8,,,0,80,,49165,8,,,0
11100,'Saturday',633,,53034,18,,,0,85,,53036,18,,,0,85,,53035,18,,,0,45,,53037,18,,,0,85,,53033,18,,,0,85,,53038,18,,,0,85,,53039,18,,,0,45,,53041,18,,,0,85,,53040,18,,,0,85,,53042,18,,,0,85,,53043,18,,,0,45,,53044,18,,,0,85,,53047,18,,,0,85,,53045,18,,,0,85,,53048,18,,,0,45,,53046,18,,,0,85,,53049,18,,,0,85,,53051,18,,,0,85,,53050,18,,,0,45,,53052,18,,,0,85,,53053,18,,,0
11100,'Sunday',633,,53054,18,,,0,85,,53058,18,,,0,85,,53060,18,,,0,45,,53056,18,,,0,85,,53057,18,,,0,85,,53062,18,,,0,85,,53063,18,,,0,45,,53059,18,,,0,85,,53061,18,,,0,85,,53064,18,,,0,85,,53066,18,,,0,45,,53067,18,,,0,85,,53068,18,,,0,85,,53065,18,,,0,85,,53069,18,,,0,45,,53071,18,,,0,85,,53073,18,,,0,85,,53070,18,,,0,85,,53074,18,,,0,45,,53072,18,,,0,85,,53055,18,,,0
11100,'Weekday',600,,53075,18,,,0,30,,53083,18,,,0,70,,53077,18,,,0,30,,53084,18,,,0,70,,53076,18,,,0,30,,53085,18,,,0,70,,53103,18,,,0,30,,53086,18,,,0,70,,53104,18,,,0,30,,53087,18,,,0,70,,53105,18,,,0,30,,53088,18,,,0,29,,53106,18,,,0,70,,53089,18,,,0,30,,53107,18,,,0,70,,53090,18,,,0,30,,53108,18,,,0,70,,53091,18,,,0,30,,53078,18,,,0,71,,53092,18,,,0,70,,53079,18,,,0,30,,53093,18,,,0,15,,53102,18,,,0,55,,53080,18,,,0,30,,53095,18,,,0,70,,53081,18,,,0,30,,53094,18,,,0,70,,53082,18,,,0,30,,53096,18,,,0,90,,53097,18,,,0,90,,53099,18,,,0,90,,53098,18,,,0,50,,53100,18,,,0,90,,53101,18,,,0
11100,'1CCSDCUT-Weekday',600,,53109,18,,,0,30,,53117,18,,,0,70,,53111,18,,,0,30,,53118,18,,,0,70,,53110,18,,,0,30,,53119,18,,,0,70,,53137,18,,,0,30,,53120,18,,,0,70,,53138,18,,,0,30,,53121,18,,,0,70,,53139,18,,,0,30,,53122,18,,,0,29,,53140,18,,,0,70,,53123,18,,,0,30,,53141,18,,,0,70,,53124,18,,,0,30,,53142,18,,,0,70,,53125,18,,,0,30,,53112,18,,,0,71,,53126,18,,,0,70,,53113,18,,,0,30,,53127,18,,,0,15,,53136,18,,,0,55,,53114,18,,,0,30,,53129,18,,,0,70,,53115,18,,,0,30,,53128,18,,,0,70,,53116,18,,,0,30,,53130,18,,,0,90,,53131,18,,,0,90,,53133,18,,,0,90,,53132,18,,,0,50,,53134,18,,,0,90,,53135,18,,,0
69900,'Weekday0000100',1445,,68339,55,4,,0,80,,68338,55,4,,0
69900,'Weekday1111000',1637,,68340,55,4,,0
69900,'1CCSDCUT-Weekday0000100',1445,,68342,55,4,,0,80,,68341,55,4,,0
69900,'1CCSDCUT-Weekday1111000',1637,,68343,55,4,,0
