9801,'Saturday',559,,50524,7,,,0,75,,50525,7,,,0,75,,50527,7,,,0,35,,50526,7,,,0,75,,50529,7,,,0,35,,50530,7,,,0,75,,50528,7,,,0,75,,50531,7,,,0,35,,50532,7,,,0,75,,50533,7,,,0,35,,50534,7,,,0,75,,50535,7,,,0,35,,50536,7,,,0,75,,50537,7,,,0,75,,50538,7,,,0,35,,50539,7,,,0,75,,50540,7,,,0,35,,50541,7,,,0,75,,50542,7,,,0,75,,50543,7,,,0,35,,50544,7,,,0,75,,50545,7,,,0,35,,50547,7,,,0,75,,50546,7,,,0,35,,50548,7,,,0,75,,50549,7,,,0,75,,50551,7,,,0,35,,50550,7,,,0,75,,50553,7,,,0,35,,50552,7,,,0
9801,'Sunday',818,,50554,7,,,0,35,,50555,7,,,0,75,,50556,7,,,0,75,,50557,7,,,0,35,,50558,7,,,0,75,,50560,7,,,0,35,,50559,7,,,0,75,,50561,7,,,0,35,,50562,7,,,0,75,,50563,7,,,0,75,,50564,7,,,0,35,,50565,7,,,0,75,,50566,7,,,0,35,,50567,7,,,0,75,,50568,7,,,0,75,,50569,7,,,0,35,,50570,7,,,0,75,,50572,7,,,0,35,,50571,7,,,0,75,,50573,7,,,0,35,,50574,7,,,0,75,,50575,7,,,0,75,,50576,7,,,0,35,,50577,7,,,0,75,,50578,7,,,0,35,,50579,7,,,0
9801,'Weekday',441,,50582,7,,,0,73,,50583,7,,,0,33,,50600,7,,,0,74,,50584,7,,,0,33,,50601,7,,,0,73,,50585,7,,,0,73,,50602,7,,,0,27,,50580,7,,,0,6,,50586,7,,,0,73,,50603,7,,,0,33,,50587,7,,,0,72,,50604,7,,,0,34,,50588,7,,,0,73,,50605,7,,,0,33,,50589,7,,,0,73,,50606,7,,,0,33,,50590,7,,,0,73,,50607,7,,,0,73,,50591,7,,,0,33,,50608,7,,,0,73,,50592,7,,,0,34,,50609,7,,,0,57,,50581,7,,,0,16,,50593,7,,,0,33,,50610,7,,,0,73,,50594,7,,,0,33,,50611,7,,,0,73,,50595,7,,,0,72,,50612,7,,,0,33,,50596,7,,,0,73,,50613,7,,,0,33,,50597,7,,,0,72,,50614,7,,,0,33,,50598,7,,,0,73,,50615,7,,,0,33,,50599,7,,,0,73,,50616,7,,,0
9801,'Weekday0000100',1343,,50617,7,,,0
9801,'Weekday1111000',1604,,50618,7,,,0
9801,'1CCSDCUT-Weekday',441,,50621,7,,,0,73,,50622,7,,,0,33,,50639,7,,,0,74,,50623,7,,,0,33,,50640,7,,,0,73,,50624,7,,,0,73,,50641,7,,,0,27,,50619,7,,,0,6,,50625,7,,,0,73,,50642,7,,,0,33,,50626,7,,,0,72,,50643,7,,,0,34,,50627,7,,,0,73,,50644,7,,,0,33,,50628,7,,,0,73,,50645,7,,,0,33,,50629,7,,,0,73,,50646,7,,,0,73,,50630,7,,,0,33,,50647,7,,,0,73,,50631,7,,,0,34,,50648,7,,,0,57,,50620,7,,,0,16,,50632,7,,,0,33,,50649,7,,,0,73,,50633,7,,,0,33,,50650,7,,,0,73,,50634,7,,,0,72,,50651,7,,,0,33,,50635,7,,,0,73,,50652,7,,,0,33,,50636,7,,,0,72,,50653,7,,,0,33,,50637,7,,,0,73,,50654,7,,,0,33,,50638,7,,,0,73,,50655,7,,,0
9801,'1CCSDCUT-Weekday0000100',1343,,50656,7,,,0
9801,'1CCSDCUT-Weekday1111000',1604,,50657,7,,,0
69900,'Weekday0000100',1435,,68339,45,0,115 116,0,80,,68338,45,0,115 116,0
69900,'Weekday1111000',1627,,68340,45,0,115 116,0
69900,'1CCSDCUT-Weekday0000100',1435,,68342,45,0,115 116,0,80,,68341,45,0,115 116,0
69900,'1CCSDCUT-Weekday1111000',1627,,68343,45,0,115 116,0
72800,'Weekday',817,,68516,7,0,140 69 31,0
72800,'1CCSDCUT-Weekday',817,,68517,7,0,140 69 31,0
89400,'Weekday',728,,69165,12,0,12 68 1 114 12,0
89401,'Weekday',1531,,69167,39,0,12 68 1 114 12,0
