1301,'Saturday',627,,77854,3,,,0,73,,77863,3,,,0,30,,77874,3,,,0,72,,77853,3,,,0,34,,77865,3,,,0,75,,77875,3,,,0,34,,77855,3,,,0,74,,77864,3,,,0,34,,77876,3,,,0,74,,77857,3,,,0,74,,77866,3,,,0,34,,77858,3,,,0,74,,77867,3,,,0,34,,77877,3,,,0,74,,77856,3,,,0,34,,77868,3,,,0,75,,77878,3,,,0,74,,77860,3,,,0,34,,77870,3,,,0,74,,77879,3,,,0,34,,77861,3,,,0,74,,77871,3,,,0,34,,77882,3,,,0,72,,77859,3,,,0,33,,77869,3,,,0,74,,77880,3,,,0,74,,77872,3,,,0,34,,77881,3,,,0,74,,77862,3,,,0,34,,77873,3,,,0,74,,77883,3,,,0
1301,'Sunday',627,,77885,3,,,0,73,,77894,3,,,0,33,,77906,3,,,0,70,,77886,3,,,0,33,,77896,3,,,0,74,,77907,3,,,0,34,,77884,3,,,0,74,,77898,3,,,0,34,,77908,3,,,0,74,,77888,3,,,0,74,,77897,3,,,0,34,,77909,3,,,0,74,,77889,3,,,0,34,,77899,3,,,0,74,,77910,3,,,0,34,,77887,3,,,0,74,,77900,3,,,0,34,,77911,3,,,0,74,,77891,3,,,0,74,,77901,3,,,0,34,,77912,3,,,0,74,,77892,3,,,0,34,,77902,3,,,0,74,,77913,3,,,0,34,,77893,3,,,0,74,,77905,3,,,0,74,,77914,3,,,0,34,,77890,3,,,0,74,,77903,3,,,0,34,,77915,3,,,0,74,,77895,3,,,0,34,,77904,3,,,0,74,,77916,3,,,0
1301,'Weekday',611,,77935,3,,,0,30,,77918,3,,,0,70,,77926,3,,,0,30,,77945,3,,,0,70,,77936,3,,,0,30,,77917,3,,,0,70,,77928,3,,,0,30,,77944,3,,,0,70,,77937,3,,,0,30,,77919,3,,,0,70,,77927,3,,,0,30,,77946,3,,,0,70,,77938,3,,,0,30,,77920,3,,,0,70,,77929,3,,,0,30,,77947,3,,,0,70,,77939,3,,,0,30,,77921,3,,,0,70,,77930,3,,,0,30,,77948,3,,,0,70,,77940,3,,,0,30,,77923,3,,,0,70,,77931,3,,,0,30,,77949,3,,,0,70,,77941,3,,,0,30,,77922,3,,,0,70,,77932,3,,,0,30,,77950,3,,,0,70,,77942,3,,,0,30,,77924,3,,,0,70,,77933,3,,,0,30,,77951,3,,,0,70,,77943,3,,,0,30,,77925,3,,,0,73,,77934,3,,,0
1301,'STMPSa-Saturday',627,,77953,3,,,0,73,,77962,3,,,0,30,,77973,3,,,0,72,,77952,3,,,0,34,,77964,3,,,0,75,,77974,3,,,0,34,,77954,3,,,0,74,,77963,3,,,0,34,,77975,3,,,0,74,,77956,3,,,0,74,,77965,3,,,0,34,,77957,3,,,0,74,,77966,3,,,0,34,,77976,3,,,0,74,,77955,3,,,0,34,,77967,3,,,0,75,,77977,3,,,0,74,,77959,3,,,0,34,,77969,3,,,0,74,,77978,3,,,0,34,,77960,3,,,0,74,,77970,3,,,0,34,,77981,3,,,0,72,,77958,3,,,0,33,,77968,3,,,0,74,,77979,3,,,0,74,,77971,3,,,0,34,,77980,3,,,0,74,,77961,3,,,0,34,,77972,3,,,0,74,,77982,3,,,0
1301,'STMPSnea-Weekday',611,,78001,3,,,0,30,,77984,3,,,0,70,,77992,3,,,0,30,,78011,3,,,0,70,,78002,3,,,0,30,,77983,3,,,0,70,,77994,3,,,0,30,,78010,3,,,0,70,,78003,3,,,0,30,,77985,3,,,0,70,,77993,3,,,0,30,,78012,3,,,0,70,,78004,3,,,0,30,,77986,3,,,0,70,,77995,3,,,0,30,,78013,3,,,0,70,,78005,3,,,0,30,,77987,3,,,0,70,,77996,3,,,0,30,,78014,3,,,0,70,,78006,3,,,0,30,,77989,3,,,0,70,,77997,3,,,0,30,,78015,3,,,0,70,,78007,3,,,0,30,,77988,3,,,0,70,,77998,3,,,0,30,,78016,3,,,0,70,,78008,3,,,0,30,,77990,3,,,0,70,,77999,3,,,0,30,,78017,3,,,0,70,,78009,3,,,0,30,,77991,3,,,0,73,,78000,3,,,0
1301,'STMPSu1-Sunday',627,,78019,3,,,0,73,,78028,3,,,0,33,,78040,3,,,0,70,,78020,3,,,0,33,,78030,3,,,0,74,,78041,3,,,0,34,,78018,3,,,0,74,,78032,3,,,0,34,,78042,3,,,0,74,,78022,3,,,0,74,,78031,3,,,0,34,,78043,3,,,0,74,,78023,3,,,0,34,,78033,3,,,0,74,,78044,3,,,0,34,,78021,3,,,0,74,,78034,3,,,0,34,,78045,3,,,0,74,,78025,3,,,0,74,,78035,3,,,0,34,,78046,3,,,0,74,,78026,3,,,0,34,,78036,3,,,0,74,,78047,3,,,0,34,,78027,3,,,0,74,,78039,3,,,0,74,,78048,3,,,0,34,,78024,3,,,0,74,,78037,3,,,0,34,,78049,3,,,0,74,,78029,3,,,0,34,,78038,3,,,0,74,,78050,3,,,0
1301,'STMPSu2-Sunday',627,,78052,3,,,0,73,,78061,3,,,0,33,,78073,3,,,0,70,,78053,3,,,0,33,,78063,3,,,0,74,,78074,3,,,0,34,,78051,3,,,0,74,,78065,3,,,0,34,,78075,3,,,0,74,,78055,3,,,0,74,,78064,3,,,0,34,,78076,3,,,0,74,,78056,3,,,0,34,,78066,3,,,0,74,,78077,3,,,0,34,,78054,3,,,0,74,,78067,3,,,0,34,,78078,3,,,0,74,,78058,3,,,0,74,,78068,3,,,0,34,,78079,3,,,0,74,,78059,3,,,0,34,,78069,3,,,0,74,,78080,3,,,0,34,,78060,3,,,0,74,,78072,3,,,0,74,,78081,3,,,0,34,,78057,3,,,0,74,,78070,3,,,0,34,,78082,3,,,0,74,,78062,3,,,0,34,,78071,3,,,0,74,,78083,3,,,0
1301,'STMPWeek-Weekday',611,,78102,3,,,0,30,,78085,3,,,0,70,,78093,3,,,0,30,,78112,3,,,0,70,,78103,3,,,0,30,,78084,3,,,0,70,,78095,3,,,0,30,,78111,3,,,0,70,,78104,3,,,0,30,,78086,3,,,0,70,,78094,3,,,0,30,,78113,3,,,0,70,,78105,3,,,0,30,,78087,3,,,0,70,,78096,3,,,0,30,,78114,3,,,0,70,,78106,3,,,0,30,,78088,3,,,0,70,,78097,3,,,0,30,,78115,3,,,0,70,,78107,3,,,0,30,,78090,3,,,0,70,,78098,3,,,0,30,,78116,3,,,0,70,,78108,3,,,0,30,,78089,3,,,0,70,,78099,3,,,0,30,,78117,3,,,0,70,,78109,3,,,0,30,,78091,3,,,0,70,,78100,3,,,0,30,,78118,3,,,0,70,,78110,3,,,0,30,,78092,3,,,0,73,,78101,3,,,0
1301,'STMPar-Weekday',611,,78137,3,,,0,30,,78120,3,,,0,70,,78128,3,,,0,30,,78147,3,,,0,70,,78138,3,,,0,30,,78119,3,,,0,70,,78130,3,,,0,30,,78146,3,,,0,70,,78139,3,,,0,30,,78121,3,,,0,70,,78129,3,,,0,30,,78148,3,,,0,70,,78140,3,,,0,30,,78122,3,,,0,70,,78131,3,,,0,30,,78149,3,,,0,70,,78141,3,,,0,30,,78123,3,,,0,70,,78132,3,,,0,30,,78150,3,,,0,70,,78142,3,,,0,30,,78125,3,,,0,70,,78133,3,,,0,30,,78151,3,,,0,70,,78143,3,,,0,30,,78124,3,,,0,70,,78134,3,,,0,30,,78152,3,,,0,70,,78144,3,,,0,30,,78126,3,,,0,70,,78135,3,,,0,30,,78153,3,,,0,70,,78145,3,,,0,30,,78127,3,,,0,73,,78136,3,,,0
1501,'Saturday',643,,79302,3,,,0,78,,79309,3,,,0,38,,79315,3,,,0,78,,79303,3,,,0,78,,79310,3,,,0,38,,79317,3,,,0,78,,79304,3,,,0,78,,79311,3,,,0,38,,79316,3,,,0,78,,79305,3,,,0,78,,79312,3,,,0,38,,79318,3,,,0,78,,79306,3,,,0,38,,79313,3,,,0,78,,79319,3,,,0,78,,79307,3,,,0,38,,79314,3,,,0,78,,79320,3,,,0,78,,79308,3,,,0
1501,'Sunday',643,,79321,3,,,0,97,,79328,3,,,0,97,,79322,3,,,0,97,,79329,3,,,0,97,,79323,3,,,0,97,,79330,3,,,0,97,,79324,3,,,0,97,,79331,3,,,0,97,,79325,3,,,0,97,,79332,3,,,0,97,,79326,3,,,0,97,,79333,3,,,0,97,,79327,3,,,0
1501,'Weekday',622,,79341,3,,,0,79,,79334,3,,,0,35,,79349,3,,,0,80,,79342,3,,,0,39,,79335,3,,,0,80,,79350,3,,,0,80,,79343,3,,,0,40,,79336,3,,,0,80,,79351,3,,,0,80,,79344,3,,,0,40,,79337,3,,,0,80,,79352,3,,,0,80,,79345,3,,,0,40,,79338,3,,,0,75,,79353,3,,,0,71,,79355,3,,,0,30,,79346,3,,,0,70,,79339,3,,,0,29,,79354,3,,,0,70,,79356,3,,,0,30,,79347,3,,,0,79,,79340,3,,,0,38,,79357,3,,,0
1501,'STMPSa-Saturday',643,,79358,3,,,0,78,,79365,3,,,0,38,,79371,3,,,0,78,,79359,3,,,0,78,,79366,3,,,0,38,,79373,3,,,0,78,,79360,3,,,0,78,,79367,3,,,0,38,,79372,3,,,0,78,,79361,3,,,0,78,,79368,3,,,0,38,,79374,3,,,0,78,,79362,3,,,0,38,,79369,3,,,0,78,,79375,3,,,0,78,,79363,3,,,0,38,,79370,3,,,0,78,,79376,3,,,0,78,,79364,3,,,0
1501,'STMPSnea-Weekday',622,,79384,3,,,0,79,,79377,3,,,0,35,,79392,3,,,0,80,,79385,3,,,0,39,,79378,3,,,0,80,,79393,3,,,0,80,,79386,3,,,0,40,,79379,3,,,0,80,,79394,3,,,0,80,,79387,3,,,0,40,,79380,3,,,0,80,,79395,3,,,0,80,,79388,3,,,0,40,,79381,3,,,0,75,,79396,3,,,0,71,,79398,3,,,0,30,,79389,3,,,0,70,,79382,3,,,0,29,,79397,3,,,0,70,,79399,3,,,0,30,,79390,3,,,0,79,,79383,3,,,0,38,,79400,3,,,0
1501,'STMPSu1-Sunday',643,,79401,3,,,0,97,,79408,3,,,0,97,,79402,3,,,0,97,,79409,3,,,0,97,,79403,3,,,0,97,,79410,3,,,0,97,,79404,3,,,0,97,,79411,3,,,0,97,,79405,3,,,0,97,,79412,3,,,0,97,,79406,3,,,0,97,,79413,3,,,0,97,,79407,3,,,0
1501,'STMPSu2-Sunday',643,,79414,3,,,0,97,,79421,3,,,0,97,,79415,3,,,0,97,,79422,3,,,0,97,,79416,3,,,0,97,,79423,3,,,0,97,,79417,3,,,0,97,,79424,3,,,0,97,,79418,3,,,0,97,,79425,3,,,0,97,,79419,3,,,0,97,,79426,3,,,0,97,,79420,3,,,0
1501,'STMPWeek-Weekday',622,,79434,3,,,0,79,,79427,3,,,0,35,,79442,3,,,0,80,,79435,3,,,0,39,,79428,3,,,0,80,,79443,3,,,0,80,,79436,3,,,0,40,,79429,3,,,0,80,,79444,3,,,0,80,,79437,3,,,0,40,,79430,3,,,0,80,,79445,3,,,0,80,,79438,3,,,0,40,,79431,3,,,0,75,,79446,3,,,0,71,,79448,3,,,0,30,,79439,3,,,0,70,,79432,3,,,0,29,,79447,3,,,0,70,,79449,3,,,0,30,,79440,3,,,0,79,,79433,3,,,0,38,,79450,3,,,0
1501,'STMPar-Weekday',622,,79458,3,,,0,79,,79451,3,,,0,35,,79466,3,,,0,80,,79459,3,,,0,39,,79452,3,,,0,80,,79467,3,,,0,80,,79460,3,,,0,40,,79453,3,,,0,80,,79468,3,,,0,80,,79461,3,,,0,40,,79454,3,,,0,80,,79469,3,,,0,80,,79462,3,,,0,40,,79455,3,,,0,75,,79470,3,,,0,71,,79472,3,,,0,30,,79463,3,,,0,70,,79456,3,,,0,29,,79471,3,,,0,70,,79473,3,,,0,30,,79464,3,,,0,79,,79457,3,,,0,38,,79474,3,,,0
9001,'Saturday',621,,109191,17,,,0,32,,109201,17,,,0,72,,109211,17,,,0,32,,109192,17,,,0,72,,109202,17,,,0,72,,109212,17,,,0,32,,109194,17,,,0,72,,109204,17,,,0,32,,109213,17,,,0,72,,109195,17,,,0,32,,109203,17,,,0,74,,109214,17,,,0,32,,109196,17,,,0,72,,109205,17,,,0,32,,109215,17,,,0,72,,109193,17,,,0,32,,109206,17,,,0,72,,109216,17,,,0,32,,109197,17,,,0,72,,109207,17,,,0,72,,109217,17,,,0,32,,109198,17,,,0,71,,109210,17,,,0,31,,109218,17,,,0,72,,109200,17,,,0,32,,109209,17,,,0,72,,109219,17,,,0,32,,109199,17,,,0,72,,109208,17,,,0
9001,'Sunday',615,,109220,17,,,0,32,,109230,17,,,0,78,,109241,17,,,0,32,,109221,17,,,0,72,,109231,17,,,0,72,,109240,17,,,0,32,,109223,17,,,0,72,,109233,17,,,0,32,,109243,17,,,0,72,,109222,17,,,0,32,,109232,17,,,0,74,,109242,17,,,0,32,,109224,17,,,0,72,,109234,17,,,0,32,,109244,17,,,0,72,,109225,17,,,0,32,,109235,17,,,0,72,,109246,17,,,0,32,,109226,17,,,0,72,,109236,17,,,0,72,,109245,17,,,0,32,,109227,17,,,0,71,,109237,17,,,0,31,,109247,17,,,0,72,,109228,17,,,0,32,,109238,17,,,0,72,,109248,17,,,0,32,,109229,17,,,0,72,,109239,17,,,0
9001,'Weekday',617,,109249,17,,,0,36,,109259,17,,,0,70,,109268,17,,,0,30,,109277,17,,,0,70,,109250,17,,,0,30,,109258,17,,,0,69,,109269,17,,,0,30,,109278,17,,,0,70,,109252,17,,,0,30,,109260,17,,,0,70,,109270,17,,,0,30,,109279,17,,,0,70,,109251,17,,,0,30,,109261,17,,,0,70,,109271,17,,,0,30,,109280,17,,,0,70,,109254,17,,,0,30,,109262,17,,,0,70,,109272,17,,,0,30,,109281,17,,,0,70,,109253,17,,,0,30,,109263,17,,,0,70,,109273,17,,,0,30,,109282,17,,,0,70,,109255,17,,,0,24,,109264,17,,,0,70,,109274,17,,,0,30,,109283,17,,,0,55,,109256,17,,,0,30,,109265,17,,,0,70,,109275,17,,,0,30,,109284,17,,,0,10,,109257,17,,,0,70,,109266,17,,,0,30,,109276,17,,,0,70,,109285,17,,,0,35,,109267,17,,,0
9001,'STMPSa-Saturday',621,,109286,17,,,0,32,,109295,17,,,0,72,,109306,17,,,0,32,,109287,17,,,0,72,,109297,17,,,0,72,,109307,17,,,0,32,,109289,17,,,0,72,,109299,17,,,0,32,,109308,17,,,0,72,,109290,17,,,0,32,,109298,17,,,0,74,,109309,17,,,0,32,,109291,17,,,0,72,,109300,17,,,0,32,,109310,17,,,0,72,,109288,17,,,0,32,,109301,17,,,0,72,,109311,17,,,0,32,,109292,17,,,0,72,,109302,17,,,0,72,,109312,17,,,0,32,,109293,17,,,0,71,,109305,17,,,0,31,,109313,17,,,0,72,,109296,17,,,0,32,,109304,17,,,0,72,,109314,17,,,0,32,,109294,17,,,0,72,,109303,17,,,0
9001,'STMPSnea-Weekday',617,,109315,17,,,0,36,,109325,17,,,0,70,,109334,17,,,0,30,,109343,17,,,0,70,,109316,17,,,0,30,,109324,17,,,0,69,,109335,17,,,0,30,,109344,17,,,0,70,,109318,17,,,0,30,,109326,17,,,0,70,,109336,17,,,0,30,,109345,17,,,0,70,,109317,17,,,0,30,,109327,17,,,0,70,,109337,17,,,0,30,,109346,17,,,0,70,,109320,17,,,0,30,,109328,17,,,0,70,,109338,17,,,0,30,,109347,17,,,0,70,,109319,17,,,0,30,,109329,17,,,0,70,,109339,17,,,0,30,,109348,17,,,0,70,,109321,17,,,0,24,,109330,17,,,0,70,,109340,17,,,0,30,,109349,17,,,0,55,,109322,17,,,0,30,,109331,17,,,0,70,,109341,17,,,0,30,,109350,17,,,0,10,,109323,17,,,0,70,,109332,17,,,0,30,,109342,17,,,0,70,,109351,17,,,0,35,,109333,17,,,0
9001,'STMPSu1-Sunday',615,,109352,17,,,0,32,,109362,17,,,0,78,,109373,17,,,0,32,,109353,17,,,0,72,,109363,17,,,0,72,,109372,17,,,0,32,,109355,17,,,0,72,,109365,17,,,0,32,,109375,17,,,0,72,,109354,17,,,0,32,,109364,17,,,0,74,,109374,17,,,0,32,,109356,17,,,0,72,,109366,17,,,0,32,,109376,17,,,0,72,,109357,17,,,0,32,,109367,17,,,0,72,,109378,17,,,0,32,,109358,17,,,0,72,,109368,17,,,0,72,,109377,17,,,0,32,,109359,17,,,0,71,,109369,17,,,0,31,,109379,17,,,0,72,,109360,17,,,0,32,,109370,17,,,0,72,,109380,17,,,0,32,,109361,17,,,0,72,,109371,17,,,0
9001,'STMPSu2-Sunday',615,,109381,17,,,0,32,,109391,17,,,0,78,,109402,17,,,0,32,,109382,17,,,0,72,,109392,17,,,0,72,,109401,17,,,0,32,,109384,17,,,0,72,,109394,17,,,0,32,,109404,17,,,0,72,,109383,17,,,0,32,,109393,17,,,0,74,,109403,17,,,0,32,,109385,17,,,0,72,,109395,17,,,0,32,,109405,17,,,0,72,,109386,17,,,0,32,,109396,17,,,0,72,,109407,17,,,0,32,,109387,17,,,0,72,,109397,17,,,0,72,,109406,17,,,0,32,,109388,17,,,0,71,,109398,17,,,0,31,,109408,17,,,0,72,,109389,17,,,0,32,,109399,17,,,0,72,,109409,17,,,0,32,,109390,17,,,0,72,,109400,17,,,0
9001,'STMPWeek-Weekday',617,,109410,17,,,0,36,,109420,17,,,0,70,,109429,17,,,0,30,,109438,17,,,0,70,,109411,17,,,0,30,,109419,17,,,0,69,,109430,17,,,0,30,,109439,17,,,0,70,,109413,17,,,0,30,,109421,17,,,0,70,,109431,17,,,0,30,,109440,17,,,0,70,,109412,17,,,0,30,,109422,17,,,0,70,,109432,17,,,0,30,,109441,17,,,0,70,,109415,17,,,0,30,,109423,17,,,0,70,,109433,17,,,0,30,,109442,17,,,0,70,,109414,17,,,0,30,,109424,17,,,0,70,,109434,17,,,0,30,,109443,17,,,0,70,,109416,17,,,0,24,,109425,17,,,0,70,,109435,17,,,0,30,,109444,17,,,0,55,,109417,17,,,0,30,,109426,17,,,0,70,,109436,17,,,0,30,,109445,17,,,0,10,,109418,17,,,0,70,,109427,17,,,0,30,,109437,17,,,0,70,,109446,17,,,0,35,,109428,17,,,0
9001,'STMPar-Weekday',617,,109447,17,,,0,36,,109457,17,,,0,70,,109466,17,,,0,30,,109475,17,,,0,70,,109448,17,,,0,30,,109456,17,,,0,69,,109467,17,,,0,30,,109476,17,,,0,70,,109450,17,,,0,30,,109458,17,,,0,70,,109468,17,,,0,30,,109477,17,,,0,70,,109449,17,,,0,30,,109459,17,,,0,70,,109469,17,,,0,30,,109478,17,,,0,70,,109452,17,,,0,30,,109460,17,,,0,70,,109470,17,,,0,30,,109479,17,,,0,70,,109451,17,,,0,30,,109462,17,,,0,70,,109471,17,,,0,30,,109480,17,,,0,70,,109453,17,,,0,24,,109461,17,,,0,70,,109472,17,,,0,30,,109481,17,,,0,55,,109454,17,,,0,30,,109463,17,,,0,70,,109473,17,,,0,30,,109482,17,,,0,10,,109455,17,,,0,70,,109464,17,,,0,30,,109474,17,,,0,70,,109483,17,,,0,35,,109465,17,,,0
