7500,'Saturday',545,,44104,18,,,0,75,,44116,18,,,0,35,,44125,18,,,0,75,,44105,18,,,0,75,,44114,18,,,0,36,,44124,18,,,0,75,,44106,18,,,0,35,,44115,18,,,0,75,,44127,18,,,0,75,,44108,18,,,0,35,,44118,18,,,0,75,,44126,18,,,0,35,,44109,18,,,0,75,,44117,18,,,0,35,,44128,18,,,0,75,,44110,18,,,0,75,,44119,18,,,0,35,,44129,18,,,0,75,,44107,18,,,0,35,,44120,18,,,0,75,,44130,18,,,0,75,,44111,18,,,0,35,,44121,18,,,0,75,,44131,18,,,0,35,,44112,18,,,0,75,,44122,18,,,0,35,,44132,18,,,0,74,,44113,18,,,0,75,,44123,18,,,0,25,,44133,18,,,0,75,,44134,18,,,0,35,,44135,18,,,0,75,,44136,18,,,0
7500,'Sunday',545,,44137,18,,,0,75,,44147,18,,,0,35,,44157,18,,,0,75,,44139,18,,,0,75,,44149,18,,,0,36,,44158,18,,,0,75,,44138,18,,,0,35,,44150,18,,,0,75,,44159,18,,,0,75,,44140,18,,,0,35,,44148,18,,,0,75,,44160,18,,,0,35,,44141,18,,,0,75,,44151,18,,,0,35,,44161,18,,,0,75,,44142,18,,,0,75,,44153,18,,,0,35,,44162,18,,,0,75,,44143,18,,,0,35,,44152,18,,,0,75,,44164,18,,,0,75,,44144,18,,,0,35,,44154,18,,,0,75,,44163,18,,,0,35,,44145,18,,,0,75,,44155,18,,,0,35,,44165,18,,,0,74,,44146,18,,,0,75,,44156,18,,,0,35,,44166,18,,,0,75,,44167,18,,,0,35,,44168,18,,,0,75,,44169,18,,,0
7500,'Weekday',600,,44170,18,,,0,32,,44188,18,,,0,23,,44190,18,,,0,63,,44202,18,,,0,23,,44197,18,,,0,62,,44179,18,,,0,24,,44173,18,,,0,23,,44209,18,,,0,61,,44211,18,,,0,23,,44177,18,,,0,74,,44205,18,,,0,34,,44196,18,,,0,74,,44199,18,,,0,34,,44187,18,,,0,74,,44210,18,,,0,34,,44208,18,,,0,74,,44172,18,,,0,74,,44171,18,,,0,35,,44198,18,,,0,74,,44206,18,,,0,26,,44191,18,,,0,10,,44203,18,,,0,62,,44180,18,,,0,19,,44184,18,,,0,19,,44182,18,,,0,59,,44181,18,,,0,19,,44185,18,,,0,19,,44174,18,,,0,58,,44194,18,,,0,17,,44189,18,,,0,19,,44175,18,,,0,59,,44192,18,,,0,19,,44186,18,,,0,18,,44204,18,,,0,73,,44193,18,,,0,34,,44201,18,,,0,73,,44176,18,,,0,32,,44178,18,,,0,74,,44200,18,,,0,34,,44207,18,,,0,74,,44212,18,,,0,74,,44195,18,,,0,31,,44183,18,,,0
7500,'1CCSDCUT-Weekday',600,,44213,18,,,0,32,,44231,18,,,0,23,,44233,18,,,0,63,,44245,18,,,0,23,,44240,18,,,0,62,,44222,18,,,0,24,,44216,18,,,0,23,,44252,18,,,0,61,,44254,18,,,0,23,,44220,18,,,0,74,,44248,18,,,0,34,,44239,18,,,0,74,,44242,18,,,0,34,,44230,18,,,0,74,,44253,18,,,0,34,,44251,18,,,0,74,,44215,18,,,0,74,,44214,18,,,0,35,,44241,18,,,0,74,,44249,18,,,0,26,,44234,18,,,0,10,,44246,18,,,0,62,,44223,18,,,0,19,,44227,18,,,0,19,,44225,18,,,0,59,,44224,18,,,0,19,,44228,18,,,0,19,,44217,18,,,0,58,,44237,18,,,0,17,,44232,18,,,0,19,,44218,18,,,0,59,,44235,18,,,0,19,,44229,18,,,0,18,,44247,18,,,0,73,,44236,18,,,0,34,,44244,18,,,0,73,,44219,18,,,0,32,,44221,18,,,0,74,,44243,18,,,0,34,,44250,18,,,0,74,,44255,18,,,0,74,,44238,18,,,0,31,,44226,18,,,0
7500,'1PUBCUT-Weekday',600,,44256,18,,,0,32,,44274,18,,,0,23,,44276,18,,,0,63,,44288,18,,,0,23,,44283,18,,,0,62,,44265,18,,,0,24,,44259,18,,,0,23,,44295,18,,,0,61,,44297,18,,,0,23,,44263,18,,,0,74,,44291,18,,,0,34,,44282,18,,,0,74,,44285,18,,,0,34,,44273,18,,,0,74,,44296,18,,,0,34,,44294,18,,,0,74,,44258,18,,,0,74,,44257,18,,,0,35,,44284,18,,,0,74,,44292,18,,,0,26,,44277,18,,,0,10,,44289,18,,,0,62,,44266,18,,,0,19,,44270,18,,,0,19,,44268,18,,,0,59,,44267,18,,,0,19,,44271,18,,,0,19,,44260,18,,,0,58,,44280,18,,,0,17,,44275,18,,,0,19,,44261,18,,,0,59,,44278,18,,,0,19,,44272,18,,,0,18,,44290,18,,,0,73,,44279,18,,,0,34,,44287,18,,,0,73,,44262,18,,,0,32,,44264,18,,,0,74,,44286,18,,,0,34,,44293,18,,,0,74,,44298,18,,,0,74,,44281,18,,,0,31,,44269,18,,,0
7900,'Weekday',443,,45435,20,,,0,65,,45459,20,,,0,24,,45456,20,,,0,24,,45457,20,,,0,68,,45443,20,,,0,24,,45460,20,,,0,64,,45446,20,,,0,24,,45448,20,,,0,64,,45439,20,,,0,24,,45437,20,,,0,25,,45455,20,,,0,70,,45450,20,,,0,32,,45453,20,,,0,72,,45441,20,,,0,32,,45434,20,,,0,72,,45447,20,,,0,32,,45430,20,,,0,72,,45458,20,,,0,72,,45444,20,,,0,32,,45451,20,,,0,72,,45436,20,,,0,33,,45442,20,,,0,64,,45440,20,,,0,24,,45445,20,,,0,24,,45438,20,,,0,66,,45431,20,,,0,22,,45432,20,,,0,64,,45454,20,,,0,24,,45461,20,,,0,24,,45449,20,,,0,64,,45462,20,,,0,24,,45433,20,,,0,63,,45452,20,,,0
7900,'Weekday0000100',1401,,45463,20,,,0
7900,'1CCSDCUT-Weekday',443,,45469,20,,,0,65,,45493,20,,,0,24,,45490,20,,,0,24,,45491,20,,,0,68,,45477,20,,,0,24,,45494,20,,,0,64,,45480,20,,,0,24,,45482,20,,,0,64,,45473,20,,,0,24,,45471,20,,,0,25,,45489,20,,,0,70,,45484,20,,,0,32,,45487,20,,,0,72,,45475,20,,,0,32,,45468,20,,,0,72,,45481,20,,,0,32,,45464,20,,,0,72,,45492,20,,,0,72,,45478,20,,,0,32,,45485,20,,,0,72,,45470,20,,,0,33,,45476,20,,,0,64,,45474,20,,,0,24,,45479,20,,,0,24,,45472,20,,,0,66,,45465,20,,,0,22,,45466,20,,,0,64,,45488,20,,,0,24,,45495,20,,,0,24,,45483,20,,,0,64,,45496,20,,,0,24,,45467,20,,,0,63,,45486,20,,,0
7900,'1CCSDCUT-Weekday0000100',1401,,45497,20,,,0
7900,'1PUBCUT-Weekday',443,,45503,20,,,0,65,,45527,20,,,0,24,,45524,20,,,0,24,,45525,20,,,0,68,,45511,20,,,0,24,,45528,20,,,0,64,,45514,20,,,0,24,,45516,20,,,0,64,,45507,20,,,0,24,,45505,20,,,0,25,,45523,20,,,0,70,,45518,20,,,0,32,,45521,20,,,0,72,,45509,20,,,0,32,,45502,20,,,0,72,,45515,20,,,0,32,,45498,20,,,0,72,,45526,20,,,0,72,,45512,20,,,0,32,,45519,20,,,0,72,,45504,20,,,0,33,,45510,20,,,0,64,,45508,20,,,0,24,,45513,20,,,0,24,,45506,20,,,0,66,,45499,20,,,0,22,,45500,20,,,0,64,,45522,20,,,0,24,,45529,20,,,0,24,,45517,20,,,0,64,,45530,20,,,0,24,,45501,20,,,0,63,,45520,20,,,0
7900,'1PUBCUT-Weekday0000100',1401,,45531,20,,,0
86400,'Weekday0000100',1452,,69067,11,0,17 18 19 1 21 22,0
86400,'Weekday1111000',1608,,69069,11,0,17 18 19 1 21 22,0
86400,'1PUBCUT-Weekday0000100',1452,,69071,11,0,17 18 19 1 21 22,0
86400,'1PUBCUT-Weekday1111000',1608,,69073,11,0,17 18 19 1 21 22,0
