901,'STMPSa-Saturday',521,,76120,26,,,0,90,,76131,26,,,0,31,,76143,26,,,0,71,,76148,26,,,0,31,,76124,26,,,0,71,,76137,26,,,0,31,,76121,26,,,0,72,,76132,26,,,0,31,,76141,26,,,0,71,,76149,26,,,0,31,,76126,26,,,0,71,,76139,26,,,0,31,,76123,26,,,0,73,,76133,26,,,0,31,,76145,26,,,0,71,,76150,26,,,0,31,,76128,26,,,0,71,,76138,26,,,0,71,,76119,26,,,0,31,,76134,26,,,0,71,,76144,26,,,0,31,,76151,26,,,0,71,,76129,26,,,0,31,,76140,26,,,0,71,,76122,26,,,0,30,,76135,26,,,0,70,,76146,26,,,0,31,,76152,26,,,0,71,,76127,26,,,0,30,,76142,26,,,0,71,,76125,26,,,0,31,,76136,26,,,0,71,,76147,26,,,0,31,,76153,26,,,0,71,,76130,26,,,0
901,'STMPSu2-Sunday',521,,76252,26,,,0,90,,76262,26,,,0,31,,76281,26,,,0,71,,76271,26,,,0,31,,76251,26,,,0,71,,76258,26,,,0,31,,76266,26,,,0,72,,76279,26,,,0,31,,76274,26,,,0,71,,76253,26,,,0,31,,76260,26,,,0,71,,76268,26,,,0,31,,76282,26,,,0,73,,76273,26,,,0,31,,76250,26,,,0,71,,76259,26,,,0,31,,76267,26,,,0,71,,76283,26,,,0,71,,76276,26,,,0,31,,76254,26,,,0,71,,76261,26,,,0,31,,76269,26,,,0,71,,76284,26,,,0,31,,76275,26,,,0,71,,76255,26,,,0,30,,76263,26,,,0,70,,76270,26,,,0,31,,76280,26,,,0,71,,76277,26,,,0,30,,76256,26,,,0,71,,76264,26,,,0,31,,76272,26,,,0,71,,76265,26,,,0,31,,76278,26,,,0,71,,76257,26,,,0
901,'STMPWeek-Weekday',442,,76285,26,,,0,62,,76300,26,,,0,22,,76311,26,,,0,22,,76326,26,,,0,62,,76293,26,,,0,22,,76306,26,,,0,26,,76318,26,,,0,62,,76286,26,,,0,22,,76301,26,,,0,11,,76338,26,,,0,51,,76312,26,,,0,11,,76339,26,,,0,11,,76327,26,,,0,11,,76340,26,,,0,11,,76334,26,,,0,11,,76341,26,,,0,51,,76294,26,,,0,11,,76344,26,,,0,10,,76307,26,,,0,21,,76319,26,,,0,62,,76287,26,,,0,22,,76302,26,,,0,22,,76313,26,,,0,62,,76328,26,,,0,22,,76335,26,,,0,62,,76295,26,,,0,22,,76308,26,,,0,22,,76321,26,,,0,62,,76288,26,,,0,22,,76303,26,,,0,22,,76314,26,,,0,62,,76329,26,,,0,22,,76336,26,,,0,62,,76296,26,,,0,24,,76309,26,,,0,22,,76322,26,,,0,11,,76345,26,,,0,51,,76289,26,,,0,11,,76342,26,,,0,11,,76304,26,,,0,11,,76343,26,,,0,11,,76315,26,,,0,62,,76330,26,,,0,22,,76337,26,,,0,22,,76297,26,,,0,62,,76310,26,,,0,21,,76323,26,,,0,59,,76290,26,,,0,22,,76305,26,,,0,22,,76316,26,,,0,70,,76331,26,,,0,30,,76298,26,,,0,70,,76324,26,,,0,28,,76291,26,,,0,70,,76317,26,,,0,30,,76332,26,,,0,70,,76299,26,,,0,30,,76325,26,,,0,70,,76292,26,,,0,30,,76320,26,,,0,70,,76333,26,,,0
4001,'STMPSa-Saturday',715,,90055,10,,,0,35,,90057,10,,,0,75,,90058,10,,,0,75,,90059,10,,,0,35,,90056,10,,,0,75,,90061,10,,,0,35,,90062,10,,,0,75,,90064,10,,,0,35,,90060,10,,,0,75,,90065,10,,,0,75,,90066,10,,,0,35,,90063,10,,,0,75,,90067,10,,,0,35,,90068,10,,,0,75,,90069,10,,,0,75,,90070,10,,,0,35,,90054,10,,,0,75,,90053,10,,,0,35,,90052,10,,,0,75,,90051,10,,,0
4001,'STMPSu2-Sunday',715,,90125,10,,,0,35,,90126,10,,,0,75,,90127,10,,,0,75,,90128,10,,,0,35,,90130,10,,,0,75,,90131,10,,,0,35,,90123,10,,,0,75,,90132,10,,,0,35,,90129,10,,,0,75,,90133,10,,,0,75,,90134,10,,,0,35,,90135,10,,,0,75,,90136,10,,,0,35,,90137,10,,,0,75,,90138,10,,,0,75,,90139,10,,,0,35,,90140,10,,,0,75,,90122,10,,,0,35,,90121,10,,,0,75,,90124,10,,,0
4001,'STMPWeek-Weekday',607,,90151,10,,,0,34,,90164,10,,,0,75,,90158,10,,,0,35,,90152,10,,,0,75,,90165,10,,,0,75,,90159,10,,,0,33,,90153,10,,,0,75,,90166,10,,,0,35,,90160,10,,,0,75,,90154,10,,,0,35,,90167,10,,,0,75,,90161,10,,,0,75,,90155,10,,,0,35,,90168,10,,,0,77,,90162,10,,,0,36,,90156,10,,,0,76,,90169,10,,,0,78,,90163,10,,,0,39,,90157,10,,,0,76,,90170,10,,,0,33,,90144,10,,,0,76,,90141,10,,,0,75,,90148,10,,,0,31,,90145,10,,,0,72,,90142,10,,,0,30,,90149,10,,,0,75,,90146,10,,,0,37,,90143,10,,,0,78,,90150,10,,,0,75,,90147,10,,,0
9000,'STMPSa-Saturday',632,,109007,12,,,0,72,,108987,12,,,0,32,,108996,12,,,0,72,,109009,12,,,0,32,,108988,12,,,0,72,,108997,12,,,0,32,,109008,12,,,0,72,,108989,12,,,0,32,,108999,12,,,0,72,,109010,12,,,0,33,,108991,12,,,0,72,,109000,12,,,0,32,,109011,12,,,0,72,,108992,12,,,0,72,,108998,12,,,0,32,,109014,12,,,0,72,,108990,12,,,0,32,,109001,12,,,0,72,,109012,12,,,0,31,,108993,12,,,0,73,,109002,12,,,0,31,,109015,12,,,0,72,,108994,12,,,0,32,,109004,12,,,0,72,,109013,12,,,0,32,,108995,12,,,0,72,,109003,12,,,0
9000,'STMPSu2-Sunday',632,,109105,12,,,0,72,,109085,12,,,0,32,,109093,12,,,0,72,,109104,12,,,0,32,,109086,12,,,0,72,,109095,12,,,0,32,,109106,12,,,0,72,,109084,12,,,0,32,,109094,12,,,0,72,,109108,12,,,0,32,,109088,12,,,0,73,,109097,12,,,0,32,,109109,12,,,0,72,,109087,12,,,0,72,,109096,12,,,0,32,,109107,12,,,0,72,,109090,12,,,0,32,,109098,12,,,0,72,,109110,12,,,0,31,,109089,12,,,0,73,,109099,12,,,0,31,,109111,12,,,0,72,,109091,12,,,0,32,,109100,12,,,0,72,,109112,12,,,0,32,,109092,12,,,0,72,,109101,12,,,0
9000,'STMPWeek-Weekday',611,,109133,12,,,0,30,,109143,12,,,0,69,,109114,12,,,0,30,,109124,12,,,0,70,,109134,12,,,0,30,,109144,12,,,0,69,,109115,12,,,0,30,,109125,12,,,0,70,,109135,12,,,0,30,,109145,12,,,0,70,,109116,12,,,0,30,,109126,12,,,0,70,,109136,12,,,0,30,,109146,12,,,0,70,,109119,12,,,0,30,,109127,12,,,0,70,,109137,12,,,0,30,,109147,12,,,0,71,,109117,12,,,0,30,,109128,12,,,0,70,,109138,12,,,0,30,,109148,12,,,0,70,,109118,12,,,0,28,,109129,12,,,0,70,,109139,12,,,0,30,,109149,12,,,0,20,,109120,12,,,0,70,,109130,12,,,0,30,,109140,12,,,0,70,,109150,12,,,0,16,,109121,12,,,0,70,,109131,12,,,0,30,,109141,12,,,0,70,,109151,12,,,0,10,,109122,12,,,0,30,,109132,12,,,0,65,,109142,12,,,0
10400,'STMPSa-Saturday',607,,116120,9,,,0,32,,116135,9,,,0,72,,116121,9,,,0,32,,116136,9,,,0,72,,116123,9,,,0,32,,116137,9,,,0,72,,116125,9,,,0,32,,116138,9,,,0,72,,116124,9,,,0,32,,116139,9,,,0,72,,116122,9,,,0,32,,116140,9,,,0,72,,116126,9,,,0,72,,116141,9,,,0,32,,116128,9,,,0,72,,116142,9,,,0,32,,116127,9,,,0,72,,116143,9,,,0,32,,116129,9,,,0,72,,116146,9,,,0,32,,116131,9,,,0,72,,116144,9,,,0,32,,116130,9,,,0,72,,116145,9,,,0,32,,116132,9,,,0,72,,116147,9,,,0,32,,116134,9,,,0,72,,116148,9,,,0,72,,116133,9,,,0,34,,116149,9,,,0
10400,'STMPSu2-Sunday',607,,116217,9,,,0,32,,116232,9,,,0,72,,116218,9,,,0,32,,116233,9,,,0,72,,116220,9,,,0,32,,116234,9,,,0,72,,116219,9,,,0,32,,116235,9,,,0,72,,116222,9,,,0,32,,116236,9,,,0,72,,116223,9,,,0,32,,116237,9,,,0,72,,116221,9,,,0,72,,116238,9,,,0,32,,116224,9,,,0,72,,116239,9,,,0,32,,116226,9,,,0,72,,116240,9,,,0,32,,116225,9,,,0,72,,116242,9,,,0,32,,116227,9,,,0,72,,116241,9,,,0,32,,116228,9,,,0,72,,116243,9,,,0,32,,116229,9,,,0,72,,116244,9,,,0,32,,116231,9,,,0,72,,116245,9,,,0,72,,116230,9,,,0,34,,116246,9,,,0
10400,'STMPWeek-Weekday',547,,116247,9,,,0,71,,116265,9,,,0,31,,116248,9,,,0,72,,116267,9,,,0,34,,116249,9,,,0,73,,116268,9,,,0,72,,116250,9,,,0,32,,116269,9,,,0,72,,116251,9,,,0,32,,116270,9,,,0,72,,116252,9,,,0,32,,116271,9,,,0,72,,116253,9,,,0,32,,116272,9,,,0,72,,116254,9,,,0,32,,116273,9,,,0,72,,116255,9,,,0,32,,116274,9,,,0,72,,116256,9,,,0,32,,116275,9,,,0,73,,116257,9,,,0,72,,116277,9,,,0,32,,116258,9,,,0,70,,116276,9,,,0,32,,116259,9,,,0,72,,116278,9,,,0,32,,116260,9,,,0,72,,116279,9,,,0,32,,116261,9,,,0,72,,116280,9,,,0,32,,116262,9,,,0,72,,116281,9,,,0,32,,116263,9,,,0,72,,116282,9,,,0,32,,116264,9,,,0,72,,116283,9,,,0,76,,116266,9,,,0
