9201,'Saturday',711,,110655,40,,,0,45,,110641,40,,,0,85,,110645,40,,,0,87,,110650,40,,,0,87,,110656,40,,,0,85,,110640,40,,,0,45,,110646,40,,,0,85,,110651,40,,,0,85,,110657,40,,,0,85,,110642,40,,,0,45,,110647,40,,,0,85,,110652,40,,,0,86,,110658,40,,,0,85,,110643,40,,,0,42,,110649,40,,,0,85,,110653,40,,,0,85,,110659,40,,,0,45,,110644,40,,,0,85,,110648,40,,,0,83,,110654,40,,,0,82,,110660,40,,,0,45,,110661,40,,,0
9201,'Sunday',712,,110677,40,,,0,45,,110662,40,,,0,85,,110667,40,,,0,85,,110672,40,,,0,85,,110678,40,,,0,45,,110663,40,,,0,88,,110668,40,,,0,85,,110674,40,,,0,85,,110679,40,,,0,85,,110665,40,,,0,45,,110669,40,,,0,85,,110673,40,,,0,85,,110680,40,,,0,85,,110664,40,,,0,45,,110670,40,,,0,83,,110675,40,,,0,84,,110681,40,,,0,45,,110666,40,,,0,85,,110671,40,,,0,85,,110676,40,,,0,82,,110682,40,,,0
9201,'Weekday',546,,110688,40,,,0,71,,110694,40,,,0,34,,110712,40,,,0,73,,110700,40,,,0,30,,110716,40,,,0,70,,110704,40,,,0,31,,110689,40,,,0,73,,110695,40,,,0,30,,110713,40,,,0,71,,110701,40,,,0,71,,110708,40,,,0,31,,110705,40,,,0,71,,110690,40,,,0,31,,110696,40,,,0,71,,110714,40,,,0,31,,110702,40,,,0,71,,110699,40,,,0,30,,110706,40,,,0,72,,110691,40,,,0,31,,110697,40,,,0,70,,110715,40,,,0,31,,110703,40,,,0,71,,110693,40,,,0,31,,110707,40,,,0,71,,110692,40,,,0,31,,110698,40,,,0,67,,110683,40,,,0,43,,110685,40,,,0,85,,110710,40,,,0,84,,110709,40,,,0,84,,110684,40,,,0,45,,110686,40,,,0,85,,110711,40,,,0,81,,110687,40,,,0
9201,'STMPSa-Saturday',711,,110732,40,,,0,45,,110718,40,,,0,85,,110722,40,,,0,87,,110727,40,,,0,87,,110733,40,,,0,85,,110717,40,,,0,45,,110723,40,,,0,85,,110728,40,,,0,85,,110734,40,,,0,85,,110719,40,,,0,45,,110724,40,,,0,85,,110729,40,,,0,86,,110735,40,,,0,85,,110720,40,,,0,42,,110726,40,,,0,85,,110730,40,,,0,85,,110736,40,,,0,45,,110721,40,,,0,85,,110725,40,,,0,83,,110731,40,,,0,82,,110737,40,,,0,45,,110738,40,,,0
9201,'STMPSnea-Weekday',546,,110744,40,,,0,71,,110750,40,,,0,34,,110768,40,,,0,73,,110756,40,,,0,30,,110772,40,,,0,70,,110760,40,,,0,31,,110745,40,,,0,73,,110751,40,,,0,30,,110769,40,,,0,71,,110757,40,,,0,71,,110764,40,,,0,31,,110761,40,,,0,71,,110746,40,,,0,31,,110752,40,,,0,71,,110770,40,,,0,31,,110758,40,,,0,71,,110755,40,,,0,30,,110762,40,,,0,72,,110747,40,,,0,31,,110753,40,,,0,70,,110771,40,,,0,31,,110759,40,,,0,71,,110749,40,,,0,31,,110763,40,,,0,71,,110748,40,,,0,31,,110754,40,,,0,67,,110739,40,,,0,43,,110741,40,,,0,85,,110766,40,,,0,84,,110765,40,,,0,84,,110740,40,,,0,45,,110742,40,,,0,85,,110767,40,,,0,81,,110743,40,,,0
9201,'STMPSu1-Sunday',712,,110788,40,,,0,45,,110773,40,,,0,85,,110778,40,,,0,85,,110783,40,,,0,85,,110789,40,,,0,45,,110774,40,,,0,88,,110779,40,,,0,85,,110785,40,,,0,85,,110790,40,,,0,85,,110776,40,,,0,45,,110780,40,,,0,85,,110784,40,,,0,85,,110791,40,,,0,85,,110775,40,,,0,45,,110781,40,,,0,83,,110786,40,,,0,84,,110792,40,,,0,45,,110777,40,,,0,85,,110782,40,,,0,85,,110787,40,,,0,82,,110793,40,,,0
9201,'STMPSu2-Sunday',712,,110809,40,,,0,45,,110794,40,,,0,85,,110799,40,,,0,85,,110804,40,,,0,85,,110810,40,,,0,45,,110795,40,,,0,88,,110800,40,,,0,85,,110806,40,,,0,85,,110811,40,,,0,85,,110797,40,,,0,45,,110801,40,,,0,85,,110805,40,,,0,85,,110812,40,,,0,85,,110796,40,,,0,45,,110802,40,,,0,83,,110807,40,,,0,84,,110813,40,,,0,45,,110798,40,,,0,85,,110803,40,,,0,85,,110808,40,,,0,82,,110814,40,,,0
9201,'STMPWeek-Weekday',546,,110820,40,,,0,71,,110826,40,,,0,34,,110844,40,,,0,73,,110832,40,,,0,30,,110848,40,,,0,70,,110836,40,,,0,31,,110821,40,,,0,73,,110827,40,,,0,30,,110845,40,,,0,71,,110833,40,,,0,71,,110840,40,,,0,31,,110837,40,,,0,71,,110822,40,,,0,31,,110828,40,,,0,71,,110846,40,,,0,31,,110834,40,,,0,71,,110831,40,,,0,30,,110838,40,,,0,72,,110823,40,,,0,31,,110829,40,,,0,70,,110847,40,,,0,31,,110835,40,,,0,71,,110825,40,,,0,31,,110839,40,,,0,71,,110824,40,,,0,31,,110830,40,,,0,67,,110815,40,,,0,43,,110817,40,,,0,85,,110842,40,,,0,84,,110841,40,,,0,84,,110816,40,,,0,45,,110818,40,,,0,85,,110843,40,,,0,81,,110819,40,,,0
9201,'STMPar-Weekday',546,,110854,40,,,0,71,,110860,40,,,0,34,,110878,40,,,0,73,,110866,40,,,0,30,,110882,40,,,0,70,,110870,40,,,0,31,,110855,40,,,0,73,,110861,40,,,0,30,,110879,40,,,0,71,,110867,40,,,0,71,,110874,40,,,0,31,,110871,40,,,0,71,,110856,40,,,0,31,,110862,40,,,0,71,,110880,40,,,0,31,,110868,40,,,0,71,,110865,40,,,0,30,,110872,40,,,0,72,,110857,40,,,0,31,,110863,40,,,0,70,,110881,40,,,0,31,,110869,40,,,0,71,,110859,40,,,0,31,,110873,40,,,0,71,,110858,40,,,0,31,,110864,40,,,0,67,,110849,40,,,0,43,,110851,40,,,0,85,,110876,40,,,0,84,,110875,40,,,0,84,,110850,40,,,0,45,,110852,40,,,0,85,,110877,40,,,0,81,,110853,40,,,0
11701,'Weekday',1703,,119288,28,,,0,43,,119286,30,,,0,69,,119287,30,,,0
11701,'STMPSnea-Weekday',1703,,119291,28,,,0,43,,119289,30,,,0,69,,119290,30,,,0
11701,'STMPWeek-Weekday',1703,,119294,28,,,0,43,,119292,30,,,0,69,,119293,30,,,0
11701,'STMPar-Weekday',1703,,119297,28,,,0,43,,119295,30,,,0,69,,119296,30,,,0
