5100,'Saturday',633,,7831,36,,,0,78,,7832,36,,,0,34,,7833,36,,,0,78,,7834,36,,,0,78,,7835,36,,,0,38,,7836,36,,,0,78,,7837,36,,,0,38,,7838,36,,,0,78,,7839,36,,,0,78,,7840,36,,,0,38,,7841,36,,,0,78,,7842,36,,,0,78,,7843,36,,,0,38,,7844,36,,,0,78,,7845,36,,,0,38,,7846,36,,,0,78,,7847,36,,,0,78,,7849,36,,,0,38,,7850,36,,,0,78,,7851,36,,,0,78,,7848,36,,,0,38,,7852,36,,,0,78,,7854,36,,,0,78,,7855,36,,,0,38,,7856,36,,,0,78,,7853,36,,,0
5100,'Sunday',633,,7857,36,0,113 31,0,78,,7870,36,0,113 31,0,34,,7858,36,0,113 31,0,78,,7871,36,0,113 31,0,78,,7859,36,0,113 31,0,38,,7872,36,0,113 31,0,78,,7860,36,0,113 31,0,38,,7874,36,0,113 31,0,78,,7861,36,0,113 31,0,78,,7873,36,0,113 31,0,38,,7862,36,0,113 31,0,78,,7875,36,0,113 31,0,78,,7863,36,0,113 31,0,38,,7876,36,0,113 31,0,78,,7864,36,0,113 31,0,38,,7877,36,0,113 31,0,78,,7865,36,0,113 31,0,78,,7878,36,0,113 31,0,38,,7866,36,0,113 31,0,78,,7879,36,0,113 31,0,78,,7867,36,0,113 31,0,38,,7880,36,0,113 31,0,78,,7868,36,0,113 31,0,78,,7881,36,0,113 31,0,38,,7869,36,0,113 31,0,78,,7882,36,0,113 31,0
5100,'Weekday',544,,7883,36,,,0,60,,7902,36,,,0,20,,7886,36,,,0,20,,7912,36,,,0,60,,7884,36,,,0,20,,7903,36,,,0,20,,7888,36,,,0,60,,7913,36,,,0,25,,7885,36,,,0,10,,7904,36,,,0,65,,7887,36,,,0,20,,7914,36,,,0,80,,7905,36,,,0,40,,7916,36,,,0,80,,7906,36,,,0,80,,7915,36,,,0,40,,7907,36,,,0,80,,7917,36,,,0,80,,7908,36,,,0,40,,7918,36,,,0,75,,7909,36,,,0,20,,7889,36,,,0,20,,7919,36,,,0,60,,7896,36,,,0,15,,7910,36,,,0,25,,7890,36,,,0,60,,7920,36,,,0,20,,7897,36,,,0,20,,7911,36,,,0,60,,7891,36,,,0,85,,7898,36,,,0,40,,7893,36,,,0,80,,7899,36,,,0,80,,7892,36,,,0,40,,7900,36,,,0,80,,7894,36,,,0,80,,7901,36,,,0,51,,7895,36,,,0
9300,'Saturday',559,,13479,12,,,0,80,,13488,12,,,0,80,,13489,12,,,0,40,,13486,12,,,0,80,,13487,12,,,0,80,,13490,12,,,0,40,,13491,12,,,0,80,,13492,12,,,0,80,,13493,12,,,0,40,,13494,12,,,0,80,,13496,12,,,0,80,,13497,12,,,0,40,,13498,12,,,0,80,,13495,12,,,0,80,,13500,12,,,0,40,,13501,12,,,0,80,,13502,12,,,0,80,,13499,12,,,0,40,,13503,12,,,0,80,,13504,12,,,0,80,,13505,12,,,0,40,,13482,12,,,0,80,,13483,12,,,0,80,,13481,12,,,0,40,,13484,12,,,0,80,,13480,12,,,0
9300,'Sunday',559,,13507,12,,,0,80,,13509,12,,,0,80,,13508,12,,,0,40,,13524,12,,,0,80,,13514,12,,,0,80,,13515,12,,,0,40,,13522,12,,,0,80,,13520,12,,,0,80,,13521,12,,,0,40,,13518,12,,,0,80,,13525,12,,,0,80,,13523,12,,,0,40,,13526,12,,,0,80,,13516,12,,,0,80,,13517,12,,,0,40,,13527,12,,,0,80,,13528,12,,,0,80,,13529,12,,,0,40,,13519,12,,,0,80,,13530,12,,,0,80,,13531,12,,,0,40,,13512,12,,,0,80,,13513,12,,,0,80,,13510,12,,,0,40,,13511,12,,,0,80,,13532,12,,,0
9300,'Weekday',523,,13565,12,,,0,30,,13540,12,,,0,70,,13535,12,,,0,30,,13537,12,,,0,70,,13538,12,,,0,30,,13541,12,,,0,70,,13536,12,,,0,30,,13570,12,,,0,70,,13539,12,,,0,30,,13547,12,,,0,70,,13560,12,,,0,30,,13557,12,,,0,70,,13555,12,,,0,30,,13549,12,,,0,70,,13561,12,,,0,30,,13558,12,,,0,70,,13556,12,,,0,30,,13548,12,,,0,70,,13562,12,,,0,30,,13559,12,,,0,70,,13533,12,,,0,30,,13542,12,,,0,70,,13543,12,,,0,30,,13546,12,,,0,70,,13534,12,,,0,30,,13544,12,,,0,70,,13545,12,,,0,30,,13566,12,,,0,70,,13567,12,,,0,30,,13551,12,,,0,70,,13550,12,,,0,30,,13563,12,,,0,70,,13568,12,,,0,30,,13553,12,,,0,80,,13552,12,,,0,80,,13569,12,,,0,40,,13572,12,,,0,80,,13571,12,,,0,80,,13554,12,,,0
9400,'Saturday',632,,13668,17,,,0,90,,13667,17,,,0,90,,13669,17,,,0,90,,13670,17,,,0,50,,13671,17,,,0,90,,13672,17,,,0,90,,13674,17,,,0,90,,13673,17,,,0,90,,13675,17,,,0,90,,13676,17,,,0,50,,13677,17,,,0,90,,13678,17,,,0,90,,13679,17,,,0,90,,13680,17,,,0,90,,13681,17,,,0,90,,13682,17,,,0,50,,13683,17,,,0,90,,13684,17,,,0,90,,13685,17,,,0
9400,'Sunday',632,,13686,17,,,0,90,,13687,17,,,0,90,,13688,17,,,0,90,,13689,17,,,0,50,,13690,17,,,0,90,,13691,17,,,0,90,,13693,17,,,0,90,,13694,17,,,0,90,,13695,17,,,0,90,,13692,17,,,0,50,,13696,17,,,0,90,,13697,17,,,0,90,,13698,17,,,0,90,,13699,17,,,0,90,,13700,17,,,0,90,,13701,17,,,0,50,,13702,17,,,0,90,,13703,17,,,0,90,,13704,17,,,0
9400,'Weekday',529,,13738,17,,,0,25,,13737,17,,,0,58,,13705,17,,,0,25,,13710,17,,,0,65,,13706,17,,,0,25,,13711,17,,,0,25,,13707,17,,,0,65,,13712,17,,,0,25,,13708,17,,,0,65,,13713,17,,,0,25,,13709,17,,,0,25,,13715,17,,,0,90,,13714,17,,,0,90,,13716,17,,,0,90,,13718,17,,,0,90,,13717,17,,,0,90,,13719,17,,,0,50,,13720,17,,,0,65,,13726,17,,,0,25,,13721,17,,,0,65,,13727,17,,,0,25,,13723,17,,,0,65,,13728,17,,,0,25,,13722,17,,,0,25,,13730,17,,,0,65,,13724,17,,,0,25,,13729,17,,,0,65,,13725,17,,,0,25,,13731,17,,,0,90,,13732,17,,,0,90,,13733,17,,,0,90,,13734,17,,,0,50,,13735,17,,,0,90,,13736,17,,,0
69901,'Weekday',758,,23740,18,0,115 116,0
73101,'Weekday',836,,23829,23,0,76 77 1 78 79,0
89400,'Weekday',747,,24150,33,0,12 68 1 114 12,0
89401,'Weekday',1548,,24151,63,0,12 68 1 114 12,0
