1900,'CUT-Weekday',537,,6400,,,0,69,,6408,,,0,31,,6416,,,0,67,,6384,,,0,36,,6392,,,0,66,,6401,,,0,35,,6409,,,0,73,,6417,,,0,30,,6385,,,0,72,,6393,,,0,32,,6402,,,0,72,,6410,,,0,32,,6418,,,0,74,,6386,,,0,32,,6394,,,0,71,,6403,,,0,72,,6411,,,0,34,,6419,,,0,75,,6387,,,0,34,,6395,,,0,72,,6404,,,0,29,,6412,,,0,71,,6420,,,0,31,,6388,,,0,71,,6396,,,0,29,,6405,,,0,69,,6413,,,0,26,,6421,,,0,70,,6390,,,0,30,,6397,,,0,70,,6406,,,0,30,,6414,,,0,70,,6422,,,0,30,,6389,,,0,68,,6398,,,0,29,,6407,,,0,70,,6415,,,0,30,,6423,,,0,70,,6391,,,0,30,,6399,,,0
1900,'Saturday',614,,6425,,,0,35,,6439,,,0,77,,6448,,,0,75,,6433,,,0,35,,6426,,,0,75,,6441,,,0,35,,6449,,,0,75,,6435,,,0,35,,6427,,,0,75,,6443,,,0,75,,6450,,,0,35,,6434,,,0,71,,6428,,,0,20,,6454,,,0,68,,6442,,,0,28,,6451,,,0,28,,6436,,,0,68,,6429,,,0,28,,6457,,,0,68,,6445,,,0,28,,6452,,,0,68,,6437,,,0,28,,6430,,,0,68,,6458,,,0,28,,6444,,,0,68,,6453,,,0,35,,6438,,,0,75,,6431,,,0,35,,6447,,,0,75,,6455,,,0,75,,6440,,,0,35,,6432,,,0,75,,6446,,,0,35,,6456,,,0
1900,'Sunday',614,,6459,,,0,35,,6475,,,0,77,,6482,,,0,75,,6467,,,0,35,,6460,,,0,75,,6474,,,0,35,,6483,,,0,75,,6468,,,0,35,,6461,,,0,75,,6477,,,0,75,,6484,,,0,35,,6469,,,0,71,,6462,,,0,20,,6490,,,0,68,,6476,,,0,28,,6486,,,0,28,,6470,,,0,68,,6463,,,0,28,,6491,,,0,68,,6478,,,0,28,,6485,,,0,68,,6471,,,0,28,,6464,,,0,68,,6492,,,0,28,,6479,,,0,68,,6487,,,0,35,,6472,,,0,75,,6465,,,0,35,,6480,,,0,75,,6488,,,0,75,,6473,,,0,35,,6466,,,0,75,,6481,,,0,35,,6489,,,0
1900,'Weekday',537,,6511,,,0,69,,6519,,,0,31,,6527,,,0,67,,6495,,,0,36,,6503,,,0,66,,6512,,,0,35,,6520,,,0,73,,6528,,,0,30,,6496,,,0,72,,6504,,,0,32,,6513,,,0,72,,6521,,,0,32,,6529,,,0,74,,6497,,,0,32,,6505,,,0,71,,6514,,,0,72,,6522,,,0,34,,6530,,,0,75,,6498,,,0,34,,6506,,,0,72,,6515,,,0,29,,6523,,,0,71,,6531,,,0,31,,6499,,,0,71,,6507,,,0,29,,6516,,,0,69,,6524,,,0,26,,6532,,,0,70,,6500,,,0,30,,6508,,,0,70,,6517,,,0,30,,6525,,,0,70,,6533,,,0,30,,6501,,,0,68,,6509,,,0,29,,6518,,,0,70,,6526,,,0,30,,6534,,,0,70,,6502,,,0,30,,6510,,,0
1900,'pBxDec31-Weekday',537,,6551,,,0,69,,6559,,,0,31,,6567,,,0,67,,6535,,,0,36,,6543,,,0,66,,6552,,,0,35,,6560,,,0,73,,6568,,,0,30,,6536,,,0,72,,6544,,,0,32,,6553,,,0,72,,6561,,,0,32,,6569,,,0,74,,6537,,,0,32,,6545,,,0,71,,6554,,,0,72,,6562,,,0,34,,6570,,,0,75,,6538,,,0,34,,6546,,,0,72,,6555,,,0,29,,6563,,,0,71,,6571,,,0,31,,6539,,,0,71,,6547,,,0,29,,6556,,,0,69,,6564,,,0,26,,6572,,,0,70,,6541,,,0,30,,6548,,,0,70,,6557,,,0,30,,6565,,,0,70,,6573,,,0,30,,6540,,,0,68,,6549,,,0,29,,6558,,,0,70,,6566,,,0,30,,6574,,,0,70,,6542,,,0,30,,6550,,,0
3300,'CUT-Weekday',542,,10236,,,0,72,,10238,,,0,32,,10239,,,0,73,,10237,,,0,34,,10240,,,0,74,,10241,,,0,74,,10243,,,0,35,,10242,,,0,75,,10244,,,0,35,,10245,,,0,75,,10246,,,0,35,,10247,,,0,75,,10248,,,0,75,,10249,,,0,35,,10250,,,0,75,,10251,,,0,36,,10252,,,0,76,,10253,,,0,76,,10255,,,0,36,,10254,,,0,76,,10256,,,0,35,,10257,,,0,74,,10258,,,0,75,,10259,,,0,34,,10260,,,0,74,,10261,0,180 179,0,50,,10234,0,180 179,0,90,,10235,0,180 179,0
3300,'Saturday',600,,10262,0,180 179,0,30,,10264,0,180 179,0,70,,10263,0,180 179,0,30,,10293,0,180 179,0,70,,10294,0,180 179,0,30,,10292,0,180 179,0,70,,10288,0,180 179,0,31,,10289,0,180 179,0,70,,10290,0,180 179,0,30,,10291,0,180 179,0,70,,10284,0,180 179,0,30,,10285,0,180 179,0,70,,10286,0,180 179,0,30,,10287,0,180 179,0,70,,10280,0,180 179,0,30,,10281,0,180 179,0,70,,10282,0,180 179,0,30,,10283,0,180 179,0,70,,10278,0,180 179,0,30,,10279,0,180 179,0,70,,10276,0,180 179,0,30,,10277,0,180 179,0,70,,10274,0,180 179,0,30,,10275,0,180 179,0,70,,10270,0,180 179,0,29,,10271,0,180 179,0,70,,10272,0,180 179,0,30,,10273,0,180 179,0,70,,10266,0,180 179,0,30,,10267,0,180 179,0,70,,10268,0,180 179,0,30,,10269,0,180 179,0,70,,10265,0,180 179,0
3300,'Sunday',1001,,10312,0,180 179,0,30,,10311,0,180 179,0,70,,10310,0,180 179,0,30,,10309,0,180 179,0,70,,10308,0,180 179,0,30,,10305,0,180 179,0,70,,10306,0,180 179,0,30,,10307,0,180 179,0,70,,10304,0,180 179,0,30,,10303,0,180 179,0,70,,10302,0,180 179,0,30,,10299,0,180 179,0,70,,10301,0,180 179,0,30,,10300,0,180 179,0,70,,10297,0,180 179,0,30,,10298,0,180 179,0,70,,10296,0,180 179,0,29,,10295,0,180 179,0
3300,'Weekday',542,,10315,,,0,72,,10317,,,0,32,,10318,,,0,73,,10316,,,0,34,,10319,,,0,74,,10320,,,0,74,,10322,,,0,35,,10321,,,0,75,,10323,,,0,35,,10324,,,0,75,,10326,,,0,35,,10327,,,0,75,,10325,,,0,75,,10328,,,0,35,,10329,,,0,75,,10330,,,0,36,,10331,,,0,76,,10332,,,0,76,,10334,,,0,36,,10333,,,0,76,,10335,,,0,35,,10336,,,0,74,,10337,,,0,75,,10338,,,0,34,,10339,,,0,74,,10340,0,180 179,0,50,,10313,0,180 179,0,90,,10314,0,180 179,0
3300,'pBxDec31-Weekday',542,,10343,,,0,72,,10345,,,0,32,,10346,,,0,73,,10344,,,0,34,,10347,,,0,74,,10348,,,0,74,,10350,,,0,35,,10349,,,0,75,,10351,,,0,35,,10352,,,0,75,,10353,,,0,35,,10354,,,0,75,,10355,,,0,75,,10356,,,0,35,,10357,,,0,75,,10358,,,0,36,,10359,,,0,76,,10361,,,0,76,,10360,,,0,36,,10362,,,0,76,,10363,,,0,35,,10364,,,0,74,,10365,,,0,75,,10366,,,0,34,,10367,,,0,74,,10368,0,180 179,0,50,,10341,0,180 179,0,90,,10342,0,180 179,0
87200,'Weekday',1503,,44421,,,0
