2200,'Saturday',645,,81935,31,,,0,77,,81949,31,,,0,78,,81937,31,,,0,38,,81950,31,,,0,78,,81936,31,,,0,38,,81951,31,,,0,82,,81938,31,,,0,75,,81952,31,,,0,38,,81954,31,,,0,78,,81939,31,,,0,78,,81956,31,,,0,38,,81941,31,,,0,78,,81955,31,,,0,38,,81940,31,,,0,78,,81957,31,,,0,78,,81953,31,,,0,38,,81958,31,,,0,78,,81943,31,,,0,78,,81960,31,,,0,35,,81942,31,,,0,75,,81944,31,,,0,38,,81945,31,,,0,78,,81959,31,,,0,78,,81946,31,,,0,38,,81961,31,,,0,78,,81947,31,,,0,78,,81962,31,,,0,33,,81948,31,,,0
2200,'Sunday',646,,81963,31,,,0,78,,81976,31,,,0,78,,81964,31,,,0,38,,81978,31,,,0,78,,81966,31,,,0,38,,81979,31,,,0,82,,81968,31,,,0,78,,81980,31,,,0,38,,81967,31,,,0,78,,81981,31,,,0,78,,81965,31,,,0,38,,81984,31,,,0,78,,81970,31,,,0,78,,81982,31,,,0,38,,81969,31,,,0,78,,81983,31,,,0,38,,81971,31,,,0,78,,81985,31,,,0,78,,81972,31,,,0,36,,81987,31,,,0,76,,81974,31,,,0,78,,81988,31,,,0,38,,81973,31,,,0,78,,81986,31,,,0,38,,81975,31,,,0,78,,81989,31,,,0,78,,81977,31,,,0
2200,'Weekday',552,,81990,31,,,0,74,,82004,31,,,0,31,,82014,31,,,0,68,,81991,31,,,0,28,,82005,31,,,0,68,,82015,31,,,0,28,,81992,31,,,0,66,,82006,31,,,0,24,,82016,31,,,0,66,,81993,31,,,0,26,,82007,31,,,0,26,,82017,31,,,0,66,,81994,31,,,0,26,,82008,31,,,0,66,,82018,31,,,0,26,,81995,31,,,0,66,,82009,31,,,0,26,,82019,31,,,0,26,,81997,31,,,0,66,,82010,31,,,0,26,,82028,31,,,0,69,,82021,31,,,0,29,,81996,31,,,0,68,,82011,31,,,0,28,,82020,31,,,0,68,,81998,31,,,0,28,,82012,31,,,0,68,,82022,31,,,0,26,,81999,31,,,0,19,,82013,31,,,0,66,,82023,31,,,0,36,,82000,31,,,0,76,,82024,31,,,0,76,,82001,31,,,0,36,,82025,31,,,0,76,,82002,31,,,0,36,,82026,31,,,0,76,,82003,31,,,0,85,,82027,31,,,0
2200,'STMPSa-Saturday',645,,82029,31,,,0,77,,82043,31,,,0,78,,82031,31,,,0,38,,82044,31,,,0,78,,82030,31,,,0,38,,82045,31,,,0,82,,82032,31,,,0,75,,82046,31,,,0,38,,82048,31,,,0,78,,82033,31,,,0,78,,82050,31,,,0,38,,82035,31,,,0,78,,82049,31,,,0,38,,82034,31,,,0,78,,82051,31,,,0,78,,82047,31,,,0,38,,82052,31,,,0,78,,82037,31,,,0,78,,82054,31,,,0,35,,82036,31,,,0,75,,82038,31,,,0,38,,82039,31,,,0,78,,82053,31,,,0,78,,82040,31,,,0,38,,82055,31,,,0,78,,82041,31,,,0,78,,82056,31,,,0,33,,82042,31,,,0,77,,82059,31,,,0,27,,82058,31,,,0,75,,82057,31,,,0
2200,'STMPSnea-Weekday',552,,82060,31,,,0,74,,82074,31,,,0,31,,82084,31,,,0,68,,82061,31,,,0,28,,82075,31,,,0,68,,82085,31,,,0,28,,82062,31,,,0,66,,82076,31,,,0,24,,82086,31,,,0,66,,82063,31,,,0,26,,82077,31,,,0,26,,82087,31,,,0,66,,82064,31,,,0,26,,82078,31,,,0,66,,82088,31,,,0,26,,82065,31,,,0,66,,82079,31,,,0,26,,82089,31,,,0,26,,82067,31,,,0,66,,82080,31,,,0,26,,82098,31,,,0,69,,82091,31,,,0,29,,82066,31,,,0,68,,82081,31,,,0,28,,82090,31,,,0,68,,82068,31,,,0,28,,82082,31,,,0,68,,82092,31,,,0,26,,82069,31,,,0,19,,82083,31,,,0,66,,82093,31,,,0,36,,82070,31,,,0,76,,82094,31,,,0,76,,82071,31,,,0,36,,82095,31,,,0,76,,82072,31,,,0,36,,82096,31,,,0,76,,82073,31,,,0,85,,82097,31,,,0
2200,'STMPSu1-Sunday',646,,82099,31,,,0,78,,82112,31,,,0,78,,82100,31,,,0,38,,82114,31,,,0,78,,82102,31,,,0,38,,82115,31,,,0,82,,82104,31,,,0,78,,82116,31,,,0,38,,82103,31,,,0,78,,82117,31,,,0,78,,82101,31,,,0,38,,82120,31,,,0,78,,82106,31,,,0,78,,82118,31,,,0,38,,82105,31,,,0,78,,82119,31,,,0,38,,82107,31,,,0,78,,82121,31,,,0,78,,82108,31,,,0,36,,82123,31,,,0,76,,82110,31,,,0,78,,82124,31,,,0,38,,82109,31,,,0,78,,82122,31,,,0,38,,82111,31,,,0,78,,82125,31,,,0,78,,82113,31,,,0,38,,82126,31,,,0,81,,82127,31,,,0,81,,82128,31,,,0
2200,'STMPSu2-Sunday',646,,82158,31,,,0,78,,82157,31,,,0,78,,82156,31,,,0,38,,82155,31,,,0,78,,82154,31,,,0,38,,82153,31,,,0,82,,82152,31,,,0,78,,82151,31,,,0,38,,82150,31,,,0,78,,82149,31,,,0,78,,82148,31,,,0,38,,82147,31,,,0,78,,82146,31,,,0,78,,82145,31,,,0,38,,82144,31,,,0,78,,82143,31,,,0,38,,82142,31,,,0,78,,82141,31,,,0,78,,82140,31,,,0,36,,82139,31,,,0,76,,82138,31,,,0,78,,82137,31,,,0,38,,82136,31,,,0,78,,82135,31,,,0,38,,82134,31,,,0,78,,82133,31,,,0,78,,82132,31,,,0,38,,82131,31,,,0,81,,82130,31,,,0,81,,82129,31,,,0
2200,'STMPWeek-Weekday',552,,82159,31,,,0,74,,82173,31,,,0,31,,82183,31,,,0,68,,82160,31,,,0,28,,82174,31,,,0,68,,82184,31,,,0,28,,82161,31,,,0,66,,82175,31,,,0,24,,82185,31,,,0,66,,82162,31,,,0,26,,82176,31,,,0,26,,82186,31,,,0,66,,82163,31,,,0,26,,82177,31,,,0,66,,82187,31,,,0,26,,82164,31,,,0,66,,82178,31,,,0,26,,82188,31,,,0,26,,82166,31,,,0,66,,82179,31,,,0,26,,82197,31,,,0,69,,82190,31,,,0,29,,82165,31,,,0,68,,82180,31,,,0,28,,82189,31,,,0,68,,82167,31,,,0,28,,82181,31,,,0,68,,82191,31,,,0,26,,82168,31,,,0,19,,82182,31,,,0,66,,82192,31,,,0,36,,82169,31,,,0,76,,82193,31,,,0,76,,82170,31,,,0,36,,82194,31,,,0,76,,82171,31,,,0,36,,82195,31,,,0,76,,82172,31,,,0,85,,82196,31,,,0,23,,82199,31,,,0,75,,82198,31,,,0
2200,'STMPar-Weekday',552,,82200,31,,,0,74,,82214,31,,,0,31,,82224,31,,,0,68,,82201,31,,,0,28,,82215,31,,,0,68,,82225,31,,,0,28,,82202,31,,,0,66,,82216,31,,,0,24,,82226,31,,,0,66,,82203,31,,,0,26,,82217,31,,,0,26,,82227,31,,,0,66,,82204,31,,,0,26,,82218,31,,,0,66,,82228,31,,,0,26,,82205,31,,,0,66,,82219,31,,,0,26,,82229,31,,,0,26,,82207,31,,,0,66,,82220,31,,,0,26,,82238,31,,,0,69,,82231,31,,,0,29,,82206,31,,,0,68,,82221,31,,,0,28,,82230,31,,,0,68,,82208,31,,,0,28,,82222,31,,,0,68,,82232,31,,,0,26,,82209,31,,,0,19,,82223,31,,,0,66,,82233,31,,,0,36,,82210,31,,,0,76,,82234,31,,,0,76,,82211,31,,,0,36,,82235,31,,,0,76,,82212,31,,,0,36,,82236,31,,,0,76,,82213,31,,,0,85,,82237,31,,,0,23,,82240,31,,,0,75,,82239,31,,,0
6600,'Saturday',603,,99457,35,,,0,33,,99474,35,,,0,73,,99458,35,,,0,33,,99476,35,,,0,73,,99459,35,,,0,33,,99475,35,,,0,74,,99460,35,,,0,34,,99477,35,,,0,73,,99461,35,,,0,73,,99478,35,,,0,33,,99462,35,,,0,73,,99480,35,,,0,33,,99463,35,,,0,73,,99479,35,,,0,33,,99464,35,,,0,73,,99481,35,,,0,33,,99465,35,,,0,73,,99482,35,,,0,33,,99466,35,,,0,73,,99483,35,,,0,73,,99468,35,,,0,33,,99486,35,,,0,72,,99467,35,,,0,32,,99484,35,,,0,73,,99469,35,,,0,33,,99485,35,,,0,73,,99470,35,,,0,33,,99487,35,,,0,73,,99472,35,,,0,73,,99488,35,,,0,33,,99471,35,,,0,73,,99489,35,,,0,33,,99473,35,,,0
6600,'Sunday',603,,99490,35,,,0,33,,99508,35,,,0,73,,99492,35,,,0,33,,99510,35,,,0,73,,99491,35,,,0,33,,99509,35,,,0,74,,99493,35,,,0,34,,99507,35,,,0,73,,99495,35,,,0,73,,99511,35,,,0,33,,99494,35,,,0,73,,99512,35,,,0,33,,99496,35,,,0,73,,99513,35,,,0,33,,99497,35,,,0,73,,99514,35,,,0,33,,99499,35,,,0,73,,99515,35,,,0,33,,99498,35,,,0,73,,99516,35,,,0,73,,99500,35,,,0,33,,99517,35,,,0,72,,99501,35,,,0,32,,99518,35,,,0,73,,99502,35,,,0,33,,99519,35,,,0,73,,99503,35,,,0,33,,99520,35,,,0,73,,99504,35,,,0,73,,99521,35,,,0,33,,99505,35,,,0,73,,99522,35,,,0,33,,99506,35,,,0
6600,'Weekday',547,,99527,35,,,0,64,,99528,35,,,0,23,,99536,35,,,0,23,,99537,35,,,0,63,,99534,35,,,0,23,,99538,35,,,0,63,,99535,35,,,0,23,,99540,35,,,0,23,,99541,35,,,0,62,,99542,35,,,0,23,,99539,35,,,0,63,,99543,35,,,0,23,,99544,35,,,0,23,,99545,35,,,0,63,,99546,35,,,0,23,,99547,35,,,0,23,,99548,35,,,0,63,,99549,35,,,0,23,,99551,35,,,0,63,,99552,35,,,0,23,,99550,35,,,0,23,,99555,35,,,0,63,,99556,35,,,0,23,,99553,35,,,0,23,,99557,35,,,0,63,,99554,35,,,0,24,,99558,35,,,0,63,,99559,35,,,0,23,,99560,35,,,0,23,,99561,35,,,0,63,,99562,35,,,0,23,,99564,35,,,0,63,,99567,35,,,0,23,,99563,35,,,0,23,,99568,35,,,0,68,,99566,35,,,0,32,,99565,35,,,0,71,,99530,35,,,0,32,,99523,35,,,0,73,,99529,35,,,0,33,,99524,35,,,0,73,,99531,35,,,0,73,,99525,35,,,0,33,,99532,35,,,0,73,,99526,35,,,0
6600,'STMPSa-Saturday',603,,99569,35,,,0,33,,99586,35,,,0,73,,99570,35,,,0,33,,99588,35,,,0,73,,99571,35,,,0,33,,99587,35,,,0,74,,99572,35,,,0,34,,99589,35,,,0,73,,99573,35,,,0,73,,99590,35,,,0,33,,99574,35,,,0,73,,99592,35,,,0,33,,99575,35,,,0,73,,99591,35,,,0,33,,99576,35,,,0,73,,99593,35,,,0,33,,99577,35,,,0,73,,99594,35,,,0,33,,99578,35,,,0,73,,99595,35,,,0,73,,99580,35,,,0,33,,99598,35,,,0,72,,99579,35,,,0,32,,99596,35,,,0,73,,99581,35,,,0,33,,99597,35,,,0,73,,99582,35,,,0,33,,99599,35,,,0,73,,99584,35,,,0,73,,99600,35,,,0,33,,99583,35,,,0,73,,99601,35,,,0,33,,99585,35,,,0
6600,'STMPSnea-Weekday',547,,99606,35,,,0,64,,99607,35,,,0,23,,99615,35,,,0,23,,99616,35,,,0,63,,99613,35,,,0,23,,99617,35,,,0,63,,99614,35,,,0,23,,99619,35,,,0,23,,99620,35,,,0,62,,99621,35,,,0,23,,99618,35,,,0,63,,99622,35,,,0,23,,99623,35,,,0,23,,99624,35,,,0,63,,99625,35,,,0,23,,99626,35,,,0,23,,99627,35,,,0,63,,99628,35,,,0,23,,99630,35,,,0,63,,99631,35,,,0,23,,99629,35,,,0,23,,99634,35,,,0,63,,99635,35,,,0,23,,99632,35,,,0,23,,99636,35,,,0,63,,99633,35,,,0,24,,99637,35,,,0,63,,99638,35,,,0,23,,99639,35,,,0,23,,99640,35,,,0,63,,99641,35,,,0,23,,99643,35,,,0,63,,99646,35,,,0,23,,99642,35,,,0,23,,99647,35,,,0,68,,99645,35,,,0,32,,99644,35,,,0,71,,99609,35,,,0,32,,99602,35,,,0,73,,99608,35,,,0,33,,99603,35,,,0,73,,99610,35,,,0,73,,99604,35,,,0,33,,99611,35,,,0,73,,99605,35,,,0
6600,'STMPSu1-Sunday',603,,99648,35,,,0,33,,99666,35,,,0,73,,99650,35,,,0,33,,99668,35,,,0,73,,99649,35,,,0,33,,99667,35,,,0,74,,99651,35,,,0,34,,99665,35,,,0,73,,99653,35,,,0,73,,99669,35,,,0,33,,99652,35,,,0,73,,99670,35,,,0,33,,99654,35,,,0,73,,99671,35,,,0,33,,99655,35,,,0,73,,99672,35,,,0,33,,99657,35,,,0,73,,99673,35,,,0,33,,99656,35,,,0,73,,99674,35,,,0,73,,99658,35,,,0,33,,99675,35,,,0,72,,99659,35,,,0,32,,99676,35,,,0,73,,99660,35,,,0,33,,99677,35,,,0,73,,99661,35,,,0,33,,99679,35,,,0,73,,99662,35,,,0,73,,99678,35,,,0,33,,99663,35,,,0,73,,99680,35,,,0,33,,99664,35,,,0
6600,'STMPSu2-Sunday',603,,99681,35,,,0,33,,99699,35,,,0,73,,99683,35,,,0,33,,99701,35,,,0,73,,99682,35,,,0,33,,99700,35,,,0,74,,99684,35,,,0,34,,99698,35,,,0,73,,99686,35,,,0,73,,99702,35,,,0,33,,99685,35,,,0,73,,99703,35,,,0,33,,99687,35,,,0,73,,99704,35,,,0,33,,99688,35,,,0,73,,99705,35,,,0,33,,99690,35,,,0,73,,99706,35,,,0,33,,99689,35,,,0,73,,99707,35,,,0,73,,99691,35,,,0,33,,99708,35,,,0,72,,99692,35,,,0,32,,99709,35,,,0,73,,99693,35,,,0,33,,99710,35,,,0,73,,99694,35,,,0,33,,99711,35,,,0,73,,99695,35,,,0,73,,99712,35,,,0,33,,99696,35,,,0,73,,99713,35,,,0,33,,99697,35,,,0
6600,'STMPWeek-Weekday',547,,99718,35,,,0,64,,99719,35,,,0,23,,99727,35,,,0,23,,99728,35,,,0,63,,99725,35,,,0,23,,99729,35,,,0,63,,99726,35,,,0,23,,99731,35,,,0,23,,99732,35,,,0,62,,99733,35,,,0,23,,99730,35,,,0,63,,99734,35,,,0,23,,99735,35,,,0,23,,99736,35,,,0,63,,99737,35,,,0,23,,99738,35,,,0,23,,99739,35,,,0,63,,99740,35,,,0,23,,99742,35,,,0,63,,99743,35,,,0,23,,99741,35,,,0,23,,99746,35,,,0,63,,99747,35,,,0,23,,99744,35,,,0,23,,99748,35,,,0,63,,99745,35,,,0,24,,99749,35,,,0,63,,99750,35,,,0,23,,99751,35,,,0,23,,99752,35,,,0,63,,99753,35,,,0,23,,99755,35,,,0,63,,99758,35,,,0,23,,99754,35,,,0,23,,99759,35,,,0,68,,99757,35,,,0,32,,99756,35,,,0,71,,99721,35,,,0,32,,99714,35,,,0,73,,99720,35,,,0,33,,99715,35,,,0,73,,99722,35,,,0,73,,99716,35,,,0,33,,99723,35,,,0,73,,99717,35,,,0
6600,'STMPar-Weekday',547,,99764,35,,,0,64,,99765,35,,,0,23,,99773,35,,,0,23,,99774,35,,,0,63,,99771,35,,,0,23,,99775,35,,,0,63,,99772,35,,,0,23,,99777,35,,,0,23,,99778,35,,,0,62,,99779,35,,,0,23,,99776,35,,,0,63,,99780,35,,,0,23,,99781,35,,,0,23,,99782,35,,,0,63,,99783,35,,,0,23,,99784,35,,,0,23,,99785,35,,,0,63,,99786,35,,,0,23,,99788,35,,,0,63,,99789,35,,,0,23,,99787,35,,,0,23,,99792,35,,,0,63,,99793,35,,,0,23,,99790,35,,,0,23,,99794,35,,,0,63,,99791,35,,,0,24,,99795,35,,,0,63,,99796,35,,,0,23,,99797,35,,,0,23,,99798,35,,,0,63,,99799,35,,,0,23,,99801,35,,,0,63,,99804,35,,,0,23,,99800,35,,,0,23,,99805,35,,,0,68,,99803,35,,,0,32,,99802,35,,,0,71,,99767,35,,,0,32,,99760,35,,,0,73,,99766,35,,,0,33,,99761,35,,,0,73,,99768,35,,,0,73,,99762,35,,,0,33,,99769,35,,,0,73,,99763,35,,,0
10101,'Saturday',908,,115149,18,,,0,50,,115150,18,,,0,90,,115151,18,,,0,90,,115152,18,,,0,90,,115140,18,,,0,90,,115144,18,,,0,90,,115141,18,,,0,50,,115145,18,,,0,90,,115142,18,,,0,90,,115146,18,,,0,90,,115147,18,,,0,89,,115148,18,,,0,90,,115143,18,,,0
10101,'Sunday',908,,115164,18,,,0,50,,115165,18,,,0,90,,115155,18,,,0,90,,115156,18,,,0,90,,115153,18,,,0,90,,115157,18,,,0,90,,115158,18,,,0,50,,115159,18,,,0,90,,115160,18,,,0,90,,115161,18,,,0,90,,115162,18,,,0,89,,115163,18,,,0,90,,115154,18,,,0
10101,'Weekday',629,,115166,18,,,0,90,,115167,18,,,0,90,,115168,18,,,0,50,,115169,18,,,0,85,,115170,18,,,0,90,,115171,18,,,0,90,,115172,18,,,0,90,,115173,18,,,0,90,,115174,18,,,0,50,,115175,18,,,0,90,,115177,18,,,0,94,,115176,18,,,0,90,,115178,18,,,0,90,,115179,18,,,0,90,,115180,18,,,0,50,,115181,18,,,0,86,,115183,18,,,0,90,,115182,18,,,0,93,,115184,18,,,0
10101,'STMPSa-Saturday',908,,115194,18,,,0,50,,115195,18,,,0,90,,115196,18,,,0,90,,115197,18,,,0,90,,115185,18,,,0,90,,115189,18,,,0,90,,115186,18,,,0,50,,115190,18,,,0,90,,115187,18,,,0,90,,115191,18,,,0,90,,115192,18,,,0,89,,115193,18,,,0,90,,115188,18,,,0
10101,'STMPSnea-Weekday',629,,115198,18,,,0,90,,115199,18,,,0,90,,115200,18,,,0,50,,115201,18,,,0,85,,115202,18,,,0,90,,115203,18,,,0,90,,115204,18,,,0,90,,115205,18,,,0,90,,115206,18,,,0,50,,115207,18,,,0,90,,115209,18,,,0,94,,115208,18,,,0,90,,115210,18,,,0,90,,115211,18,,,0,90,,115212,18,,,0,50,,115213,18,,,0,86,,115215,18,,,0,90,,115214,18,,,0,93,,115216,18,,,0
10101,'STMPSu1-Sunday',908,,115228,18,,,0,50,,115229,18,,,0,90,,115219,18,,,0,90,,115220,18,,,0,90,,115217,18,,,0,90,,115221,18,,,0,90,,115222,18,,,0,50,,115223,18,,,0,90,,115224,18,,,0,90,,115225,18,,,0,90,,115226,18,,,0,89,,115227,18,,,0,90,,115218,18,,,0
10101,'STMPSu2-Sunday',908,,115241,18,,,0,50,,115242,18,,,0,90,,115232,18,,,0,90,,115233,18,,,0,90,,115230,18,,,0,90,,115234,18,,,0,90,,115235,18,,,0,50,,115236,18,,,0,90,,115237,18,,,0,90,,115238,18,,,0,90,,115239,18,,,0,89,,115240,18,,,0,90,,115231,18,,,0
10101,'STMPWeek-Weekday',629,,115243,18,,,0,90,,115244,18,,,0,90,,115245,18,,,0,50,,115246,18,,,0,85,,115247,18,,,0,90,,115248,18,,,0,90,,115249,18,,,0,90,,115250,18,,,0,90,,115251,18,,,0,50,,115252,18,,,0,90,,115254,18,,,0,94,,115253,18,,,0,90,,115255,18,,,0,90,,115256,18,,,0,90,,115257,18,,,0,50,,115258,18,,,0,86,,115260,18,,,0,90,,115259,18,,,0,93,,115261,18,,,0
10101,'STMPar-Weekday',629,,115262,18,,,0,90,,115263,18,,,0,90,,115264,18,,,0,50,,115265,18,,,0,85,,115266,18,,,0,90,,115267,18,,,0,90,,115268,18,,,0,90,,115269,18,,,0,90,,115270,18,,,0,50,,115271,18,,,0,90,,115273,18,,,0,94,,115272,18,,,0,90,,115274,18,,,0,90,,115275,18,,,0,90,,115276,18,,,0,50,,115277,18,,,0,86,,115279,18,,,0,90,,115278,18,,,0,93,,115280,18,,,0
