11400,'Saturday',558,,118401,43,,,0,71,,118391,43,,,0,84,,118409,43,,,0,40,,118392,43,,,0,80,,118411,43,,,0,80,,118402,43,,,0,40,,118412,43,,,0,80,,118403,43,,,0,80,,118393,43,,,0,40,,118404,43,,,0,81,,118395,43,,,0,80,,118410,43,,,0,40,,118394,43,,,0,80,,118413,43,,,0,80,,118396,43,,,0,40,,118414,43,,,0,80,,118405,43,,,0,80,,118397,43,,,0,40,,118407,43,,,0,79,,118399,43,,,0,80,,118415,43,,,0,40,,118398,43,,,0,80,,118416,43,,,0,80,,118408,43,,,0,40,,118417,43,,,0,80,,118406,43,,,0,80,,118400,43,,,0,90,,118418,43,,,0
11400,'Sunday',558,,118432,43,,,0,71,,118419,43,,,0,84,,118433,43,,,0,40,,118420,43,,,0,80,,118434,43,,,0,80,,118421,43,,,0,40,,118435,43,,,0,80,,118422,43,,,0,80,,118436,43,,,0,40,,118423,43,,,0,81,,118437,43,,,0,80,,118424,43,,,0,40,,118438,43,,,0,80,,118425,43,,,0,80,,118439,43,,,0,40,,118426,43,,,0,80,,118440,43,,,0,80,,118427,43,,,0,40,,118441,43,,,0,79,,118428,43,,,0,80,,118442,43,,,0,40,,118429,43,,,0,80,,118443,43,,,0,80,,118430,43,,,0,40,,118444,43,,,0,80,,118431,43,,,0,80,,118446,43,,,0,90,,118445,43,,,0
11400,'Weekday',505,,118482,18,,,0,38,,118447,43,,,0,76,,118464,43,,,0,31,,118456,43,,,0,72,,118448,43,,,0,30,,118465,43,,,0,70,,118457,43,,,0,30,,118449,43,,,0,68,,118467,43,,,0,28,,118458,43,,,0,70,,118450,43,,,0,30,,118466,43,,,0,70,,118459,43,,,0,30,,118452,43,,,0,70,,118468,43,,,0,30,,118461,43,,,0,70,,118451,43,,,0,30,,118469,43,,,0,70,,118460,43,,,0,30,,118453,43,,,0,72,,118470,43,,,0,31,,118462,43,,,0,70,,118454,43,,,0,30,,118472,43,,,0,70,,118463,43,,,0,30,,118455,43,,,0,70,,118471,43,,,0,24,,118473,43,,,0,80,,118477,43,,,0,82,,118478,43,,,0,42,,118474,43,,,0,82,,118480,43,,,0,82,,118479,43,,,0,42,,118481,43,,,0,82,,118475,43,,,0,82,,118476,43,,,0
11400,'STMPSa-Saturday',558,,118494,43,,,0,71,,118483,43,,,0,84,,118501,43,,,0,40,,118484,43,,,0,80,,118503,43,,,0,80,,118492,43,,,0,40,,118504,43,,,0,80,,118495,43,,,0,80,,118485,43,,,0,40,,118496,43,,,0,81,,118487,43,,,0,80,,118502,43,,,0,40,,118486,43,,,0,80,,118505,43,,,0,80,,118488,43,,,0,40,,118506,43,,,0,80,,118497,43,,,0,80,,118489,43,,,0,40,,118499,43,,,0,79,,118491,43,,,0,80,,118507,43,,,0,40,,118490,43,,,0,80,,118508,43,,,0,80,,118500,43,,,0,40,,118509,43,,,0,80,,118498,43,,,0,80,,118493,43,,,0,90,,118510,43,,,0
11400,'STMPSnea-Weekday',505,,118546,18,,,0,38,,118511,43,,,0,76,,118528,43,,,0,31,,118520,43,,,0,72,,118512,43,,,0,30,,118529,43,,,0,70,,118521,43,,,0,30,,118513,43,,,0,68,,118531,43,,,0,28,,118522,43,,,0,70,,118514,43,,,0,30,,118530,43,,,0,70,,118523,43,,,0,30,,118516,43,,,0,70,,118532,43,,,0,30,,118525,43,,,0,70,,118515,43,,,0,30,,118533,43,,,0,70,,118524,43,,,0,30,,118517,43,,,0,72,,118534,43,,,0,31,,118526,43,,,0,70,,118518,43,,,0,30,,118536,43,,,0,70,,118527,43,,,0,30,,118519,43,,,0,70,,118535,43,,,0,24,,118537,43,,,0,80,,118541,43,,,0,82,,118542,43,,,0,42,,118538,43,,,0,82,,118544,43,,,0,82,,118543,43,,,0,42,,118545,43,,,0,82,,118539,43,,,0,82,,118540,43,,,0
11400,'STMPSu1-Sunday',558,,118560,43,,,0,71,,118547,43,,,0,84,,118561,43,,,0,40,,118548,43,,,0,80,,118562,43,,,0,80,,118549,43,,,0,40,,118563,43,,,0,80,,118550,43,,,0,80,,118564,43,,,0,40,,118551,43,,,0,81,,118565,43,,,0,80,,118552,43,,,0,40,,118566,43,,,0,80,,118553,43,,,0,80,,118567,43,,,0,40,,118554,43,,,0,80,,118568,43,,,0,80,,118555,43,,,0,40,,118569,43,,,0,79,,118556,43,,,0,80,,118570,43,,,0,40,,118557,43,,,0,80,,118571,43,,,0,80,,118558,43,,,0,40,,118572,43,,,0,80,,118559,43,,,0,80,,118574,43,,,0,90,,118573,43,,,0
11400,'STMPSu2-Sunday',558,,118588,43,,,0,71,,118575,43,,,0,84,,118589,43,,,0,40,,118576,43,,,0,80,,118590,43,,,0,80,,118577,43,,,0,40,,118591,43,,,0,80,,118578,43,,,0,80,,118592,43,,,0,40,,118579,43,,,0,81,,118593,43,,,0,80,,118580,43,,,0,40,,118594,43,,,0,80,,118581,43,,,0,80,,118595,43,,,0,40,,118582,43,,,0,80,,118596,43,,,0,80,,118583,43,,,0,40,,118597,43,,,0,79,,118584,43,,,0,80,,118598,43,,,0,40,,118585,43,,,0,80,,118599,43,,,0,80,,118586,43,,,0,40,,118600,43,,,0,80,,118587,43,,,0,80,,118602,43,,,0,90,,118601,43,,,0
11400,'STMPWeek-Weekday',505,,118638,18,,,0,38,,118603,43,,,0,76,,118620,43,,,0,31,,118612,43,,,0,72,,118604,43,,,0,30,,118621,43,,,0,70,,118613,43,,,0,30,,118605,43,,,0,68,,118623,43,,,0,28,,118614,43,,,0,70,,118606,43,,,0,30,,118622,43,,,0,70,,118615,43,,,0,30,,118608,43,,,0,70,,118624,43,,,0,30,,118617,43,,,0,70,,118607,43,,,0,30,,118625,43,,,0,70,,118616,43,,,0,30,,118609,43,,,0,72,,118626,43,,,0,31,,118618,43,,,0,70,,118610,43,,,0,30,,118628,43,,,0,70,,118619,43,,,0,30,,118611,43,,,0,70,,118627,43,,,0,24,,118629,43,,,0,80,,118633,43,,,0,82,,118634,43,,,0,42,,118630,43,,,0,82,,118636,43,,,0,82,,118635,43,,,0,42,,118637,43,,,0,82,,118631,43,,,0,82,,118632,43,,,0
11400,'STMPar-Weekday',505,,118674,18,,,0,38,,118639,43,,,0,76,,118656,43,,,0,31,,118648,43,,,0,72,,118640,43,,,0,30,,118657,43,,,0,70,,118649,43,,,0,30,,118641,43,,,0,68,,118659,43,,,0,28,,118650,43,,,0,70,,118642,43,,,0,30,,118658,43,,,0,70,,118651,43,,,0,30,,118644,43,,,0,70,,118660,43,,,0,30,,118653,43,,,0,70,,118643,43,,,0,30,,118661,43,,,0,70,,118652,43,,,0,30,,118645,43,,,0,72,,118662,43,,,0,31,,118654,43,,,0,70,,118646,43,,,0,30,,118664,43,,,0,70,,118655,43,,,0,30,,118647,43,,,0,70,,118663,43,,,0,24,,118665,43,,,0,80,,118669,43,,,0,82,,118670,43,,,0,42,,118666,43,,,0,82,,118672,43,,,0,82,,118671,43,,,0,42,,118673,43,,,0,82,,118667,43,,,0,82,,118668,43,,,0
14200,'Weekday',1655,,126065,28,,,0,65,,126067,28,,,0,35,,126066,28,,,0
14200,'STMPSnea-Weekday',1655,,126068,28,,,0,65,,126070,28,,,0,35,,126069,28,,,0
14200,'STMPWeek-Weekday',1655,,126071,28,,,0,65,,126073,28,,,0,35,,126072,28,,,0
14200,'STMPar-Weekday',1655,,126074,28,,,0,65,,126076,28,,,0,35,,126075,28,,,0
14201,'Weekday',613,,126077,9,,,0,25,,126078,9,,,0,66,,126079,9,,,0
14201,'STMPSnea-Weekday',613,,126080,9,,,0,25,,126081,9,,,0,66,,126082,9,,,0
14201,'STMPWeek-Weekday',613,,126083,9,,,0,25,,126084,9,,,0,66,,126085,9,,,0
14201,'STMPar-Weekday',613,,126086,9,,,0,25,,126087,9,,,0,66,,126088,9,,,0
