3301,'Saturday',544,,86513,14,,,0,70,,86512,14,,,0,30,,86514,14,,,0,70,,86511,14,,,0,30,,86542,14,,,0,70,,86543,14,,,0,30,,86544,14,,,0,70,,86538,14,,,0,30,,86541,14,,,0,70,,86539,14,,,0,30,,86540,14,,,0,70,,86536,14,,,0,30,,86535,14,,,0,70,,86537,14,,,0,30,,86532,14,,,0,70,,86531,14,,,0,30,,86530,14,,,0,70,,86533,14,,,0,30,,86534,14,,,0,70,,86529,14,,,0,30,,86528,14,,,0,70,,86527,14,,,0,30,,86526,14,,,0,70,,86525,14,,,0,30,,86524,14,,,0,70,,86520,14,,,0,30,,86521,14,,,0,70,,86523,14,,,0,30,,86522,14,,,0,70,,86517,14,,,0,30,,86518,14,,,0,70,,86519,14,,,0,30,,86515,14,,,0,70,,86516,14,,,0
3301,'Sunday',1014,,86561,14,,,0,30,,86562,14,,,0,70,,86560,14,,,0,30,,86558,14,,,0,70,,86559,14,,,0,30,,86556,14,,,0,70,,86557,14,,,0,30,,86554,14,,,0,70,,86555,14,,,0,30,,86553,14,,,0,70,,86552,14,,,0,30,,86551,14,,,0,70,,86550,14,,,0,30,,86548,14,,,0,70,,86549,14,,,0,30,,86547,14,,,0,70,,86545,14,,,0,30,,86546,14,,,0
3301,'Weekday',557,,86563,14,,,0,75,,86564,35,,,0,71,,86565,35,,,0,33,,86566,35,,,0,76,,86567,35,,,0,34,,86568,35,,,0,75,,86569,35,,,0,35,,86570,35,,,0,75,,86571,35,,,0,75,,86572,35,,,0,35,,86573,35,,,0,75,,86575,35,,,0,35,,86574,35,,,0,75,,86576,35,,,0,75,,86577,35,,,0,35,,86578,35,,,0,77,,86579,35,,,0,37,,86581,35,,,0,76,,86580,35,,,0,76,,86583,35,,,0,33,,86582,35,,,0,76,,86584,35,,,0,35,,86585,35,,,0,73,,86586,35,,,0,33,,86587,35,,,0,73,,86588,14,,,0,33,,86591,14,,,0,73,,86589,14,,,0,74,,86590,14,,,0
3301,'STMPSa-Saturday',544,,86594,14,,,0,70,,86593,14,,,0,30,,86595,14,,,0,70,,86592,14,,,0,30,,86623,14,,,0,70,,86624,14,,,0,30,,86625,14,,,0,70,,86619,14,,,0,30,,86622,14,,,0,70,,86620,14,,,0,30,,86621,14,,,0,70,,86617,14,,,0,30,,86616,14,,,0,70,,86618,14,,,0,30,,86613,14,,,0,70,,86612,14,,,0,30,,86611,14,,,0,70,,86614,14,,,0,30,,86615,14,,,0,70,,86610,14,,,0,30,,86609,14,,,0,70,,86608,14,,,0,30,,86607,14,,,0,70,,86606,14,,,0,30,,86605,14,,,0,70,,86601,14,,,0,30,,86602,14,,,0,70,,86604,14,,,0,30,,86603,14,,,0,70,,86598,14,,,0,30,,86599,14,,,0,70,,86600,14,,,0,30,,86596,14,,,0,70,,86597,14,,,0
3301,'STMPSnea-Weekday',557,,86626,14,,,0,75,,86627,35,,,0,71,,86628,35,,,0,33,,86629,35,,,0,76,,86630,35,,,0,34,,86631,35,,,0,75,,86632,35,,,0,35,,86633,35,,,0,75,,86634,35,,,0,75,,86635,35,,,0,35,,86636,35,,,0,75,,86638,35,,,0,35,,86637,35,,,0,75,,86639,35,,,0,75,,86640,35,,,0,35,,86641,35,,,0,77,,86642,35,,,0,37,,86644,35,,,0,76,,86643,35,,,0,76,,86646,35,,,0,33,,86645,35,,,0,76,,86647,35,,,0,35,,86648,35,,,0,73,,86649,35,,,0,33,,86650,35,,,0,73,,86651,14,,,0,33,,86654,14,,,0,73,,86652,14,,,0,74,,86653,14,,,0
3301,'STMPSu1-Sunday',1014,,86671,14,,,0,30,,86672,14,,,0,70,,86670,14,,,0,30,,86668,14,,,0,70,,86669,14,,,0,30,,86666,14,,,0,70,,86667,14,,,0,30,,86664,14,,,0,70,,86665,14,,,0,30,,86663,14,,,0,70,,86662,14,,,0,30,,86661,14,,,0,70,,86660,14,,,0,30,,86658,14,,,0,70,,86659,14,,,0,30,,86657,14,,,0,70,,86655,14,,,0,30,,86656,14,,,0
3301,'STMPSu2-Sunday',1014,,86689,14,,,0,30,,86690,14,,,0,70,,86688,14,,,0,30,,86686,14,,,0,70,,86687,14,,,0,30,,86684,14,,,0,70,,86685,14,,,0,30,,86682,14,,,0,70,,86683,14,,,0,30,,86681,14,,,0,70,,86680,14,,,0,30,,86679,14,,,0,70,,86678,14,,,0,30,,86676,14,,,0,70,,86677,14,,,0,30,,86675,14,,,0,70,,86673,14,,,0,30,,86674,14,,,0
3301,'STMPWeek-Weekday',557,,86691,14,,,0,75,,86692,35,,,0,71,,86693,35,,,0,33,,86694,35,,,0,76,,86695,35,,,0,34,,86696,35,,,0,75,,86697,35,,,0,35,,86698,35,,,0,75,,86699,35,,,0,75,,86700,35,,,0,35,,86701,35,,,0,75,,86703,35,,,0,35,,86702,35,,,0,75,,86704,35,,,0,75,,86705,35,,,0,35,,86706,35,,,0,77,,86707,35,,,0,37,,86709,35,,,0,76,,86708,35,,,0,76,,86711,35,,,0,33,,86710,35,,,0,76,,86712,35,,,0,35,,86713,35,,,0,73,,86714,35,,,0,33,,86715,35,,,0,73,,86716,14,,,0,33,,86719,14,,,0,73,,86717,14,,,0,74,,86718,14,,,0
3301,'STMPar-Weekday',557,,86720,14,,,0,75,,86721,35,,,0,71,,86722,35,,,0,33,,86723,35,,,0,76,,86724,35,,,0,34,,86725,35,,,0,75,,86726,35,,,0,35,,86727,35,,,0,75,,86728,35,,,0,75,,86729,35,,,0,35,,86730,35,,,0,75,,86732,35,,,0,35,,86731,35,,,0,75,,86733,35,,,0,75,,86734,35,,,0,35,,86735,35,,,0,77,,86736,35,,,0,37,,86738,35,,,0,76,,86737,35,,,0,76,,86740,35,,,0,33,,86739,35,,,0,76,,86741,35,,,0,35,,86742,35,,,0,73,,86743,35,,,0,33,,86744,35,,,0,73,,86745,14,,,0,33,,86748,14,,,0,73,,86746,14,,,0,74,,86747,14,,,0
12701,'Weekday',545,,122639,32,,,0,71,,122659,32,,,0,32,,122638,32,,,0,70,,122658,32,,,0,33,,122637,32,,,0,70,,122657,32,,,0,31,,122636,32,,,0,70,,122656,32,,,0,31,,122635,32,,,0,70,,122655,32,,,0,31,,122634,32,,,0,70,,122653,32,,,0,31,,122632,32,,,0,70,,122654,32,,,0,31,,122661,32,,,0,70,,122652,32,,,0,31,,122633,32,,,0,70,,122650,32,,,0,31,,122631,32,,,0,70,,122663,32,,,0,31,,122665,32,,,0,69,,122651,32,,,0,31,,122664,32,,,0,70,,122648,32,,,0,30,,122660,32,,,0,70,,122649,32,,,0
12701,'STMPSnea-Weekday',545,,122701,32,,,0,71,,122721,32,,,0,32,,122700,32,,,0,70,,122720,32,,,0,33,,122699,32,,,0,70,,122719,32,,,0,31,,122698,32,,,0,70,,122718,32,,,0,31,,122697,32,,,0,70,,122717,32,,,0,31,,122696,32,,,0,70,,122715,32,,,0,31,,122694,32,,,0,70,,122716,32,,,0,31,,122723,32,,,0,70,,122714,32,,,0,31,,122695,32,,,0,70,,122712,32,,,0,31,,122693,32,,,0,70,,122725,32,,,0,31,,122727,32,,,0,69,,122713,32,,,0,31,,122726,32,,,0,70,,122710,32,,,0,30,,122722,32,,,0,70,,122711,32,,,0
12701,'STMPWeek-Weekday',545,,122790,32,,,0,71,,122810,32,,,0,32,,122789,32,,,0,70,,122809,32,,,0,33,,122788,32,,,0,70,,122808,32,,,0,31,,122787,32,,,0,70,,122807,32,,,0,31,,122786,32,,,0,70,,122806,32,,,0,31,,122785,32,,,0,70,,122804,32,,,0,31,,122783,32,,,0,70,,122805,32,,,0,31,,122812,32,,,0,70,,122803,32,,,0,31,,122784,32,,,0,70,,122801,32,,,0,31,,122782,32,,,0,70,,122814,32,,,0,31,,122816,32,,,0,69,,122802,32,,,0,31,,122815,32,,,0,70,,122799,32,,,0,30,,122811,32,,,0,70,,122800,32,,,0
12701,'STMPar-Weekday',545,,122825,32,,,0,71,,122845,32,,,0,32,,122824,32,,,0,70,,122844,32,,,0,33,,122823,32,,,0,70,,122843,32,,,0,31,,122822,32,,,0,70,,122842,32,,,0,31,,122821,32,,,0,70,,122841,32,,,0,31,,122820,32,,,0,70,,122839,32,,,0,31,,122818,32,,,0,70,,122840,32,,,0,31,,122847,32,,,0,70,,122838,32,,,0,31,,122819,32,,,0,70,,122836,32,,,0,31,,122817,32,,,0,70,,122849,32,,,0,31,,122851,32,,,0,69,,122837,32,,,0,31,,122850,32,,,0,70,,122834,32,,,0,30,,122846,32,,,0,70,,122835,32,,,0
