1100,'Saturday',714,,76967,13,,,0,30,,76977,13,,,0,70,,76963,13,,,0,30,,76978,13,,,0,70,,76966,13,,,0,30,,76979,13,,,0,70,,76974,13,,,0,30,,76980,13,,,0,70,,76965,13,,,0,30,,76981,13,,,0,70,,76964,13,,,0,30,,76982,13,,,0,70,,76962,13,,,0,30,,76983,13,,,0,70,,76968,13,,,0,30,,76986,13,,,0,70,,76975,13,,,0,30,,76987,13,,,0,70,,76969,13,,,0,30,,76984,13,,,0,70,,76970,13,,,0,30,,76985,13,,,0,70,,76973,13,,,0,30,,76988,13,,,0,70,,76971,13,,,0,30,,76989,13,,,0,70,,76972,13,,,0,30,,76976,13,,,0,70,,76991,13,,,0,30,,76993,13,,,0,70,,76992,13,,,0,30,,76990,13,,,0
1100,'Sunday',1055,,76994,13,,,0,70,,77009,13,,,0,30,,76996,13,,,0,70,,77008,13,,,0,30,,76997,13,,,0,70,,77007,13,,,0,30,,76995,13,,,0,70,,77006,13,,,0,30,,77000,13,,,0,70,,77003,13,,,0,30,,76998,13,,,0,70,,77005,13,,,0,30,,76999,13,,,0,70,,77002,13,,,0,30,,77001,13,,,0,70,,77004,13,,,0,30,,77014,13,,,0,70,,77015,13,,,0,30,,77016,13,,,0,70,,77011,13,,,0,30,,77010,13,,,0,70,,77013,13,,,0,30,,77012,13,,,0,70,,77017,13,,,0
1100,'Weekday',539,,77019,13,,,0,70,,77021,13,,,0,30,,77022,13,,,0,71,,77023,13,,,0,27,,77020,13,,,0,72,,77024,13,,,0,25,,77025,13,,,0,74,,77026,13,,,0,30,,77027,13,,,0,70,,77028,13,,,0,30,,77029,13,,,0,70,,77030,13,,,0,30,,77031,13,,,0,70,,77032,13,,,0,30,,77033,13,,,0,70,,77035,13,,,0,35,,77036,13,,,0,68,,77037,13,,,0,29,,77034,13,,,0,70,,77038,13,,,0,30,,77039,13,,,0,70,,77040,13,,,0,30,,77041,13,,,0,70,,77042,13,,,0,30,,77043,13,,,0,68,,77044,13,,,0,30,,77045,13,,,0,70,,77046,13,,,0,30,,77047,13,,,0,70,,77048,13,,,0,30,,77049,13,,,0,70,,77050,13,,,0
1100,'STMPSa-Saturday',714,,77056,13,,,0,30,,77066,13,,,0,70,,77052,13,,,0,30,,77067,13,,,0,70,,77055,13,,,0,30,,77068,13,,,0,70,,77063,13,,,0,30,,77069,13,,,0,70,,77054,13,,,0,30,,77070,13,,,0,70,,77053,13,,,0,30,,77071,13,,,0,70,,77051,13,,,0,30,,77072,13,,,0,70,,77057,13,,,0,30,,77075,13,,,0,70,,77064,13,,,0,30,,77076,13,,,0,70,,77058,13,,,0,30,,77073,13,,,0,70,,77059,13,,,0,30,,77074,13,,,0,70,,77062,13,,,0,30,,77077,13,,,0,70,,77060,13,,,0,30,,77078,13,,,0,70,,77061,13,,,0,30,,77065,13,,,0,70,,77080,13,,,0,30,,77082,13,,,0,70,,77081,13,,,0,30,,77079,13,,,0
1100,'STMPSnea-Weekday',539,,77084,13,,,0,70,,77086,13,,,0,30,,77087,13,,,0,71,,77088,13,,,0,27,,77085,13,,,0,72,,77089,13,,,0,25,,77090,13,,,0,74,,77091,13,,,0,30,,77092,13,,,0,70,,77093,13,,,0,30,,77094,13,,,0,70,,77095,13,,,0,30,,77096,13,,,0,70,,77097,13,,,0,30,,77098,13,,,0,70,,77100,13,,,0,35,,77101,13,,,0,68,,77102,13,,,0,29,,77099,13,,,0,70,,77103,13,,,0,30,,77104,13,,,0,70,,77105,13,,,0,30,,77106,13,,,0,70,,77107,13,,,0,30,,77108,13,,,0,68,,77109,13,,,0,30,,77110,13,,,0,70,,77111,13,,,0,30,,77112,13,,,0,70,,77113,13,,,0,30,,77114,13,,,0,70,,77115,13,,,0
1100,'STMPSu1-Sunday',1055,,77116,13,,,0,70,,77131,13,,,0,30,,77118,13,,,0,70,,77130,13,,,0,30,,77119,13,,,0,70,,77129,13,,,0,30,,77117,13,,,0,70,,77128,13,,,0,30,,77122,13,,,0,70,,77125,13,,,0,30,,77120,13,,,0,70,,77127,13,,,0,30,,77121,13,,,0,70,,77124,13,,,0,30,,77123,13,,,0,70,,77126,13,,,0,30,,77136,13,,,0,70,,77137,13,,,0,30,,77138,13,,,0,70,,77133,13,,,0,30,,77132,13,,,0,70,,77135,13,,,0,30,,77134,13,,,0,70,,77139,13,,,0
1100,'STMPSu2-Sunday',1055,,77140,13,,,0,70,,77155,13,,,0,30,,77142,13,,,0,70,,77154,13,,,0,30,,77143,13,,,0,70,,77153,13,,,0,30,,77141,13,,,0,70,,77152,13,,,0,30,,77146,13,,,0,70,,77149,13,,,0,30,,77144,13,,,0,70,,77151,13,,,0,30,,77145,13,,,0,70,,77148,13,,,0,30,,77147,13,,,0,70,,77150,13,,,0,30,,77160,13,,,0,70,,77161,13,,,0,30,,77162,13,,,0,70,,77157,13,,,0,30,,77156,13,,,0,70,,77159,13,,,0,30,,77158,13,,,0,70,,77163,13,,,0
1100,'STMPWeek-Weekday',539,,77165,13,,,0,70,,77167,13,,,0,30,,77168,13,,,0,71,,77169,13,,,0,27,,77166,13,,,0,72,,77170,13,,,0,25,,77171,13,,,0,74,,77172,13,,,0,30,,77173,13,,,0,70,,77174,13,,,0,30,,77175,13,,,0,70,,77176,13,,,0,30,,77177,13,,,0,70,,77178,13,,,0,30,,77179,13,,,0,70,,77181,13,,,0,35,,77182,13,,,0,68,,77183,13,,,0,29,,77180,13,,,0,70,,77184,13,,,0,30,,77185,13,,,0,70,,77186,13,,,0,30,,77187,13,,,0,70,,77188,13,,,0,30,,77189,13,,,0,68,,77190,13,,,0,30,,77191,13,,,0,70,,77192,13,,,0,30,,77193,13,,,0,70,,77194,13,,,0,30,,77195,13,,,0,70,,77196,13,,,0
1100,'STMPar-Weekday',539,,77198,13,,,0,70,,77200,13,,,0,30,,77201,13,,,0,71,,77202,13,,,0,27,,77199,13,,,0,72,,77203,13,,,0,25,,77204,13,,,0,74,,77205,13,,,0,30,,77206,13,,,0,70,,77207,13,,,0,30,,77208,13,,,0,70,,77209,13,,,0,30,,77210,13,,,0,70,,77211,13,,,0,30,,77212,13,,,0,70,,77214,13,,,0,35,,77215,13,,,0,68,,77216,13,,,0,29,,77213,13,,,0,70,,77217,13,,,0,30,,77218,13,,,0,70,,77219,13,,,0,30,,77220,13,,,0,70,,77221,13,,,0,30,,77222,13,,,0,68,,77223,13,,,0,30,,77224,13,,,0,70,,77225,13,,,0,30,,77226,13,,,0,70,,77227,13,,,0,30,,77228,13,,,0,70,,77229,13,,,0
7800,'Saturday',639,,104115,5,,,0,75,,104122,5,,,0,35,,104123,5,,,0,75,,104124,5,,,0,35,,104121,5,,,0,75,,104125,5,,,0,75,,104126,5,,,0,35,,104127,5,,,0,75,,104128,5,,,0,35,,104129,5,,,0,75,,104131,5,,,0,75,,104132,5,,,0,35,,104133,5,,,0,75,,104130,5,,,0,35,,104134,5,,,0,75,,104135,5,,,0,35,,104136,5,,,0,75,,104137,5,,,0,75,,104138,5,,,0,35,,104139,5,,,0,75,,104142,5,,,0,35,,104143,5,,,0,75,,104144,5,,,0,75,,104140,5,,,0,35,,104141,5,,,0,75,,104145,5,,,0,35,,104120,5,,,0,75,,104117,5,,,0,35,,104118,5,,,0,75,,104119,5,,,0,75,,104116,5,,,0
7800,'Sunday',639,,104161,5,,,0,75,,104146,5,,,0,35,,104162,5,,,0,75,,104147,5,,,0,35,,104163,5,,,0,75,,104148,5,,,0,75,,104164,5,,,0,35,,104149,5,,,0,75,,104167,5,,,0,35,,104151,5,,,0,75,,104166,5,,,0,75,,104150,5,,,0,35,,104165,5,,,0,75,,104152,5,,,0,35,,104168,5,,,0,75,,104153,5,,,0,35,,104169,5,,,0,75,,104154,5,,,0,75,,104170,5,,,0,35,,104155,5,,,0,75,,104171,5,,,0,35,,104156,5,,,0,75,,104172,5,,,0,75,,104157,5,,,0,35,,104173,5,,,0,75,,104158,5,,,0,35,,104174,5,,,0,75,,104160,5,,,0,35,,104175,5,,,0,75,,104159,5,,,0,75,,104176,5,,,0
7800,'Weekday',458,,104177,5,,,0,70,,104190,5,,,0,20,,104206,5,,,0,60,,104178,5,,,0,32,,104191,5,,,0,60,,104208,5,,,0,20,,104179,5,,,0,20,,104188,5,,,0,60,,104192,5,,,0,20,,104209,5,,,0,20,,104180,5,,,0,60,,104189,5,,,0,20,,104193,5,,,0,22,,104210,5,,,0,65,,104181,5,,,0,25,,104194,5,,,0,25,,104211,5,,,0,65,,104182,5,,,0,25,,104195,5,,,0,65,,104212,5,,,0,25,,104183,5,,,0,65,,104196,5,,,0,25,,104213,5,,,0,25,,104184,5,,,0,65,,104197,5,,,0,25,,104214,5,,,0,65,,104185,5,,,0,21,,104217,5,,,0,20,,104198,5,,,0,60,,104215,5,,,0,20,,104186,5,,,0,20,,104224,5,,,0,60,,104200,5,,,0,20,,104216,5,,,0,20,,104187,5,,,0,60,,104199,5,,,0,20,,104201,5,,,0,72,,104218,5,,,0,34,,104203,5,,,0,75,,104219,5,,,0,35,,104202,5,,,0,75,,104220,5,,,0,35,,104204,5,,,0,75,,104221,5,,,0,75,,104205,5,,,0,35,,104222,5,,,0,77,,104207,5,,,0,35,,104223,5,,,0
7800,'STMPSa-Saturday',639,,104225,5,,,0,75,,104232,5,,,0,35,,104233,5,,,0,75,,104234,5,,,0,35,,104231,5,,,0,75,,104235,5,,,0,75,,104236,5,,,0,35,,104237,5,,,0,75,,104238,5,,,0,35,,104239,5,,,0,75,,104241,5,,,0,75,,104242,5,,,0,35,,104243,5,,,0,75,,104240,5,,,0,35,,104244,5,,,0,75,,104245,5,,,0,35,,104246,5,,,0,75,,104247,5,,,0,75,,104248,5,,,0,35,,104249,5,,,0,75,,104252,5,,,0,35,,104253,5,,,0,75,,104254,5,,,0,75,,104250,5,,,0,35,,104251,5,,,0,75,,104255,5,,,0,35,,104230,5,,,0,75,,104227,5,,,0,35,,104228,5,,,0,75,,104229,5,,,0,75,,104226,5,,,0
7800,'STMPSnea-Weekday',458,,104256,5,,,0,70,,104269,5,,,0,20,,104285,5,,,0,60,,104257,5,,,0,32,,104270,5,,,0,60,,104287,5,,,0,20,,104258,5,,,0,20,,104267,5,,,0,60,,104271,5,,,0,20,,104288,5,,,0,20,,104259,5,,,0,60,,104268,5,,,0,20,,104272,5,,,0,22,,104289,5,,,0,65,,104260,5,,,0,25,,104273,5,,,0,25,,104290,5,,,0,65,,104261,5,,,0,25,,104274,5,,,0,65,,104291,5,,,0,25,,104262,5,,,0,65,,104275,5,,,0,25,,104292,5,,,0,25,,104263,5,,,0,65,,104276,5,,,0,25,,104293,5,,,0,65,,104264,5,,,0,21,,104296,5,,,0,20,,104277,5,,,0,60,,104294,5,,,0,20,,104265,5,,,0,20,,104303,5,,,0,60,,104279,5,,,0,20,,104295,5,,,0,20,,104266,5,,,0,60,,104278,5,,,0,20,,104280,5,,,0,72,,104297,5,,,0,34,,104282,5,,,0,75,,104298,5,,,0,35,,104281,5,,,0,75,,104299,5,,,0,35,,104283,5,,,0,75,,104300,5,,,0,75,,104284,5,,,0,35,,104301,5,,,0,77,,104286,5,,,0,35,,104302,5,,,0
7800,'STMPSu1-Sunday',639,,104319,5,,,0,75,,104304,5,,,0,35,,104320,5,,,0,75,,104305,5,,,0,35,,104321,5,,,0,75,,104306,5,,,0,75,,104322,5,,,0,35,,104307,5,,,0,75,,104325,5,,,0,35,,104309,5,,,0,75,,104324,5,,,0,75,,104308,5,,,0,35,,104323,5,,,0,75,,104310,5,,,0,35,,104326,5,,,0,75,,104311,5,,,0,35,,104327,5,,,0,75,,104312,5,,,0,75,,104328,5,,,0,35,,104313,5,,,0,75,,104329,5,,,0,35,,104314,5,,,0,75,,104330,5,,,0,75,,104315,5,,,0,35,,104331,5,,,0,75,,104316,5,,,0,35,,104332,5,,,0,75,,104318,5,,,0,35,,104333,5,,,0,75,,104317,5,,,0,75,,104334,5,,,0
7800,'STMPSu2-Sunday',639,,104350,5,,,0,75,,104335,5,,,0,35,,104351,5,,,0,75,,104336,5,,,0,35,,104352,5,,,0,75,,104337,5,,,0,75,,104353,5,,,0,35,,104338,5,,,0,75,,104356,5,,,0,35,,104340,5,,,0,75,,104355,5,,,0,75,,104339,5,,,0,35,,104354,5,,,0,75,,104341,5,,,0,35,,104357,5,,,0,75,,104342,5,,,0,35,,104358,5,,,0,75,,104343,5,,,0,75,,104359,5,,,0,35,,104344,5,,,0,75,,104360,5,,,0,35,,104345,5,,,0,75,,104361,5,,,0,75,,104346,5,,,0,35,,104362,5,,,0,75,,104347,5,,,0,35,,104363,5,,,0,75,,104349,5,,,0,35,,104364,5,,,0,75,,104348,5,,,0,75,,104365,5,,,0
7800,'STMPWeek-Weekday',458,,104366,5,,,0,70,,104379,5,,,0,20,,104395,5,,,0,60,,104367,5,,,0,32,,104380,5,,,0,60,,104397,5,,,0,20,,104368,5,,,0,20,,104377,5,,,0,60,,104381,5,,,0,20,,104398,5,,,0,20,,104369,5,,,0,60,,104378,5,,,0,20,,104382,5,,,0,22,,104399,5,,,0,65,,104370,5,,,0,25,,104383,5,,,0,25,,104400,5,,,0,65,,104371,5,,,0,25,,104384,5,,,0,65,,104401,5,,,0,25,,104372,5,,,0,65,,104385,5,,,0,25,,104402,5,,,0,25,,104373,5,,,0,65,,104386,5,,,0,25,,104403,5,,,0,65,,104374,5,,,0,21,,104406,5,,,0,20,,104387,5,,,0,60,,104404,5,,,0,20,,104375,5,,,0,20,,104413,5,,,0,60,,104389,5,,,0,20,,104405,5,,,0,20,,104376,5,,,0,60,,104388,5,,,0,20,,104390,5,,,0,72,,104407,5,,,0,34,,104392,5,,,0,75,,104408,5,,,0,35,,104391,5,,,0,75,,104409,5,,,0,35,,104393,5,,,0,75,,104410,5,,,0,75,,104394,5,,,0,35,,104411,5,,,0,77,,104396,5,,,0,35,,104412,5,,,0
7800,'STMPar-Weekday',458,,104414,5,,,0,70,,104427,5,,,0,20,,104443,5,,,0,60,,104415,5,,,0,32,,104428,5,,,0,60,,104445,5,,,0,20,,104416,5,,,0,20,,104425,5,,,0,60,,104429,5,,,0,20,,104446,5,,,0,20,,104417,5,,,0,60,,104426,5,,,0,20,,104431,5,,,0,22,,104447,5,,,0,65,,104418,5,,,0,25,,104430,5,,,0,25,,104448,5,,,0,65,,104419,5,,,0,25,,104432,5,,,0,65,,104449,5,,,0,25,,104420,5,,,0,65,,104433,5,,,0,25,,104450,5,,,0,25,,104421,5,,,0,65,,104434,5,,,0,25,,104451,5,,,0,65,,104422,5,,,0,21,,104454,5,,,0,20,,104435,5,,,0,60,,104452,5,,,0,20,,104423,5,,,0,20,,104461,5,,,0,60,,104437,5,,,0,20,,104453,5,,,0,20,,104424,5,,,0,60,,104436,5,,,0,20,,104438,5,,,0,72,,104455,5,,,0,34,,104440,5,,,0,75,,104456,5,,,0,35,,104439,5,,,0,75,,104457,5,,,0,35,,104441,5,,,0,75,,104458,5,,,0,75,,104442,5,,,0,35,,104459,5,,,0,77,,104444,5,,,0,35,,104460,5,,,0
