77601,'Weekday0000100',1411,10,68754,1,0,95 96 155 156,0
77601,'Weekday1111000',1543,10,68755,1,0,95 96 155 156,0
77601,'1CCSDCUT-Weekday0000100',1411,10,68756,1,0,95 96 155 156,0
77601,'1CCSDCUT-Weekday1111000',1543,10,68757,1,0,95 96 155 156,0
77801,'Weekday0000100',1411,10,68760,1,0,95 96 211,0
77801,'Weekday1111000',1543,10,68761,1,0,95 96 211,0
77801,'1CCSDCUT-Weekday0000100',1411,10,68762,1,0,95 96 211,0
77801,'1CCSDCUT-Weekday1111000',1543,10,68763,1,0,95 96 211,0
77900,'Weekday0000100',1411,10,68765,1,0,95 96 1 97 1 94,0
77900,'Weekday1111000',1543,10,68767,1,0,95 96 1 97 1 94,0
77900,'1CCSDCUT-Weekday0000100',1411,10,68769,1,0,95 96 1 97 1 94,0
77900,'1CCSDCUT-Weekday1111000',1543,10,68771,1,0,95 96 1 97 1 94,0
78001,'Weekday0000100',1411,10,68778,1,0,95 96 156,0
78001,'Weekday1111000',1543,10,68779,1,0,95 96 156,0
78001,'1CCSDCUT-Weekday0000100',1411,10,68780,1,0,95 96 156,0
78001,'1CCSDCUT-Weekday1111000',1543,10,68781,1,0,95 96 156,0
