1701,'2025DE-1BUSCUT-Weekday-02',612,,6249,,,0,32,,6260,,,0,73,,6271,,,0,30,,6248,,,0,78,,6261,,,0,32,,6272,,,0,71,,6250,,,0,31,,6262,,,0,72,,6273,,,0,72,,6251,,,0,32,,6263,,,0,72,,6274,,,0,32,,6252,,,0,72,,6264,,,0,32,,6275,,,0,72,,6253,,,0,32,,6265,,,0,72,,6276,,,0,34,,6256,,,0,72,,6266,,,0,32,,6277,,,0,72,,6254,,,0,72,,6267,,,0,30,,6278,,,0,72,,6255,,,0,32,,6268,,,0,73,,6279,,,0,33,,6257,,,0,72,,6269,,,0,32,,6280,,,0,72,,6258,,,0,32,,6270,,,0,72,,6281,,,0,32,,6259,,,0
1701,'2025DE-1BUSSA-Saturday-02',617,,6283,,,0,85,,6284,,,0,45,,6285,,,0,85,,6282,,,0,85,,6286,,,0,85,,6287,,,0,45,,6291,,,0,85,,6288,,,0,85,,6289,,,0,85,,6293,,,0,45,,6294,,,0,85,,6290,,,0,85,,6295,,,0,85,,6296,,,0,45,,6297,,,0,85,,6298,,,0,85,,6292,,,0,85,,6299,,,0
1701,'2025DE-1BUSSU-Sunday-02',747,,6301,,,0,85,,6302,,,0,85,,6304,,,0,85,,6300,,,0,45,,6305,,,0,85,,6303,,,0,85,,6307,,,0,85,,6306,,,0,45,,6308,,,0,85,,6309,,,0,85,,6310,,,0,85,,6311,,,0,45,,6312,,,0,85,,6313,,,0,85,,6314,,,0,85,,6315,,,0
1701,'2025DE-1BUSWK-Weekday-02',612,,6317,,,0,32,,6329,,,0,73,,6339,,,0,30,,6316,,,0,78,,6328,,,0,32,,6340,,,0,71,,6318,,,0,31,,6330,,,0,72,,6341,,,0,72,,6319,,,0,32,,6331,,,0,72,,6342,,,0,32,,6320,,,0,72,,6332,,,0,32,,6343,,,0,72,,6321,,,0,32,,6333,,,0,72,,6344,,,0,34,,6324,,,0,72,,6334,,,0,32,,6345,,,0,72,,6322,,,0,72,,6335,,,0,30,,6346,,,0,72,,6323,,,0,32,,6336,,,0,73,,6347,,,0,33,,6325,,,0,72,,6337,,,0,32,,6348,,,0,72,,6326,,,0,32,,6338,,,0,72,,6349,,,0,32,,6327,,,0
1701,'2025DE-pBxDec31-Weekday-02',612,,6350,,,0,32,,6362,,,0,73,,6373,,,0,30,,6351,,,0,78,,6363,,,0,32,,6374,,,0,71,,6352,,,0,31,,6364,,,0,72,,6375,,,0,72,,6353,,,0,32,,6365,,,0,72,,6376,,,0,32,,6354,,,0,72,,6366,,,0,32,,6377,,,0,72,,6355,,,0,32,,6367,,,0,72,,6378,,,0,34,,6358,,,0,72,,6368,,,0,32,,6379,,,0,72,,6356,,,0,72,,6369,,,0,30,,6380,,,0,72,,6357,,,0,32,,6370,,,0,73,,6381,,,0,33,,6359,,,0,72,,6371,,,0,32,,6382,,,0,72,,6360,,,0,32,,6372,,,0,72,,6383,,,0,32,,6361,,,0
2400,'2025DE-1BUSCUT-Weekday-02',514,,8708,,,0,40,,8717,,,0,70,,8685,,,0,32,,8709,,,0,72,,8718,,,0,29,,8687,,,0,70,,8710,,,0,30,,8719,,,0,68,,8686,,,0,29,,8711,,,0,70,,8720,,,0,30,,8689,,,0,70,,8712,,,0,30,,8721,,,0,70,,8688,,,0,30,,8713,,,0,70,,8722,,,0,30,,8690,,,0,70,,8714,,,0,31,,8723,,,0,71,,8691,,,0,30,,8715,,,0,72,,8724,,,0,30,,8692,,,0,70,,8716,,,0,30,,8725,,,0,68,,8693,,,0,29,,8704,,,0,69,,8699,,,0,30,,8694,,,0,70,,8702,,,0,30,,8698,,,0,69,,8695,,,0,30,,8705,,,0,70,,8700,,,0,30,,8696,,,0,70,,8706,,,0,33,,8701,,,0
2400,'2025DE-1BUSSA-Saturday-02',609,,8727,,,0,30,,8738,,,0,70,,8751,,,0,30,,8728,,,0,70,,8739,,,0,30,,8752,,,0,70,,8729,,,0,30,,8740,,,0,70,,8749,,,0,30,,8730,,,0,70,,8741,,,0,30,,8753,,,0,70,,8731,,,0,30,,8743,,,0,70,,8755,,,0,30,,8732,,,0,70,,8744,,,0,30,,8750,,,0,70,,8733,,,0,30,,8742,,,0,70,,8754,,,0,30,,8734,,,0,70,,8745,,,0,30,,8756,,,0,70,,8735,,,0,30,,8746,,,0,70,,8758,,,0,30,,8736,,,0,70,,8747,,,0,30,,8757,,,0,70,,8737,,,0,30,,8748,,,0,70,,8759,,,0
2400,'2025DE-1BUSSU-Sunday-02',609,,8763,,,0,30,,8773,,,0,70,,8784,,,0,30,,8762,,,0,70,,8774,,,0,30,,8785,,,0,70,,8764,,,0,30,,8776,,,0,70,,8786,,,0,30,,8765,,,0,70,,8775,,,0,30,,8787,,,0,70,,8766,,,0,30,,8778,,,0,70,,8788,,,0,30,,8768,,,0,70,,8777,,,0,30,,8790,,,0,70,,8767,,,0,30,,8780,,,0,70,,8789,,,0,30,,8769,,,0,70,,8779,,,0,30,,8791,,,0,70,,8770,,,0,30,,8781,,,0,70,,8793,,,0,30,,8771,,,0,70,,8782,,,0,30,,8792,,,0,70,,8772,,,0,30,,8783,,,0,70,,8794,,,0
2400,'2025DE-1BUSWK-Weekday-02',514,,8820,,,0,40,,8829,,,0,70,,8797,,,0,32,,8821,,,0,72,,8830,,,0,29,,8799,,,0,70,,8822,,,0,30,,8832,,,0,68,,8798,,,0,29,,8823,,,0,70,,8831,,,0,30,,8801,,,0,70,,8824,,,0,30,,8833,,,0,70,,8800,,,0,30,,8825,,,0,70,,8834,,,0,30,,8802,,,0,70,,8826,,,0,31,,8835,,,0,71,,8803,,,0,30,,8827,,,0,72,,8836,,,0,30,,8804,,,0,70,,8828,,,0,30,,8837,,,0,68,,8805,,,0,29,,8815,,,0,69,,8811,,,0,30,,8806,,,0,70,,8817,,,0,30,,8810,,,0,69,,8807,,,0,30,,8816,,,0,70,,8812,,,0,30,,8808,,,0,70,,8818,,,0,33,,8813,,,0
2400,'2025DE-pBxDec31-Weekday-02',514,,8862,,,0,40,,8871,,,0,70,,8839,,,0,32,,8863,,,0,72,,8872,,,0,29,,8841,,,0,70,,8864,,,0,30,,8873,,,0,68,,8840,,,0,29,,8865,,,0,70,,8874,,,0,30,,8843,,,0,70,,8866,,,0,30,,8875,,,0,70,,8842,,,0,30,,8867,,,0,70,,8876,,,0,30,,8844,,,0,70,,8868,,,0,31,,8877,,,0,71,,8845,,,0,30,,8869,,,0,72,,8878,,,0,30,,8846,,,0,70,,8870,,,0,30,,8879,,,0,68,,8847,,,0,29,,8858,,,0,69,,8853,,,0,30,,8848,,,0,70,,8856,,,0,30,,8852,,,0,69,,8849,,,0,30,,8859,,,0,70,,8854,,,0,30,,8850,,,0,70,,8860,,,0,33,,8855,,,0
