8700,'Saturday',629,,12496,24,4,,0,30,,12484,24,4,,0,70,,12476,24,4,,0,30,,12497,24,4,,0,72,,12485,24,4,,0,70,,12477,24,4,,0,30,,12498,24,4,,0,70,,12486,24,4,,0,30,,12478,24,4,,0,70,,12499,24,4,,0,30,,12487,24,4,,0,70,,12479,24,4,,0,30,,12500,24,4,,0,70,,12488,24,4,,0,30,,12480,24,4,,0,70,,12501,24,4,,0,30,,12489,24,4,,0,70,,12482,24,4,,0,30,,12502,24,4,,0,70,,12490,24,4,,0,30,,12481,24,4,,0,70,,12503,24,4,,0,30,,12491,24,4,,0,70,,12483,24,4,,0,30,,12492,24,4,,0,70,,12504,24,4,,0,30,,12511,24,4,,0,70,,12493,24,4,,0,30,,12505,24,4,,0,70,,12509,24,4,,0,30,,12494,24,4,,0,70,,12506,24,4,,0,30,,12510,24,4,,0,70,,12495,24,4,,0,30,,12507,24,4,,0,70,,12508,24,4,,0
8700,'Sunday',629,,12536,24,4,,0,30,,12524,24,4,,0,70,,12512,24,4,,0,30,,12537,24,4,,0,72,,12525,24,4,,0,70,,12513,24,4,,0,30,,12538,24,4,,0,70,,12526,24,4,,0,30,,12514,24,4,,0,70,,12539,24,4,,0,30,,12527,24,4,,0,70,,12515,24,4,,0,30,,12540,24,4,,0,70,,12528,24,4,,0,30,,12516,24,4,,0,70,,12541,24,4,,0,30,,12529,24,4,,0,70,,12517,24,4,,0,30,,12542,24,4,,0,70,,12530,24,4,,0,30,,12518,24,4,,0,70,,12543,24,4,,0,30,,12531,24,4,,0,70,,12519,24,4,,0,30,,12544,24,4,,0,70,,12532,24,4,,0,30,,12520,24,4,,0,70,,12545,24,4,,0,30,,12533,24,4,,0,70,,12521,24,4,,0,30,,12546,24,4,,0,70,,12534,24,4,,0,30,,12522,24,4,,0,70,,12547,24,4,,0,30,,12535,24,4,,0,70,,12523,24,4,,0
8700,'Weekday',528,,12548,24,4,,0,30,,12571,24,4,,0,70,,12549,24,4,,0,30,,12572,24,4,,0,70,,12574,24,4,,0,31,,12550,24,4,,0,71,,12573,24,4,,0,70,,12575,24,4,,0,30,,12551,24,4,,0,70,,12561,24,4,,0,30,,12576,24,4,,0,70,,12552,24,4,,0,30,,12562,24,4,,0,70,,12577,24,4,,0,30,,12553,24,4,,0,70,,12563,24,4,,0,30,,12578,24,4,,0,70,,12554,24,4,,0,30,,12564,24,4,,0,74,,12579,24,4,,0,31,,12555,24,4,,0,71,,12565,24,4,,0,31,,12580,24,4,,0,72,,12556,24,4,,0,30,,12566,24,4,,0,71,,12581,24,4,,0,32,,12557,24,4,,0,69,,12567,24,4,,0,29,,12582,24,4,,0,71,,12558,24,4,,0,30,,12568,24,4,,0,69,,12583,24,4,,0,28,,12559,24,4,,0,68,,12569,24,4,,0,28,,12584,24,4,,0,69,,12560,24,4,,0,28,,12570,24,4,,0,69,,12585,24,4,,0
8700,'Weekday0000100',1442,,12586,24,4,,0
8700,'Weekday1111000',1556,,12587,24,4,,0
8701,'Saturday',600,,12588,1,,,0,30,,12609,1,,,0,70,,12597,1,,,0,30,,12589,1,,,0,70,,12610,1,,,0,31,,12598,1,,,0,70,,12590,1,,,0,30,,12611,1,,,0,70,,12599,1,,,0,30,,12591,1,,,0,70,,12612,1,,,0,30,,12600,1,,,0,70,,12592,1,,,0,30,,12613,1,,,0,70,,12601,1,,,0,30,,12593,1,,,0,70,,12614,1,,,0,30,,12603,1,,,0,70,,12594,1,,,0,30,,12615,1,,,0,70,,12602,1,,,0,30,,12595,1,,,0,70,,12616,1,,,0,30,,12605,1,,,0,70,,12596,1,,,0,30,,12604,1,,,0,70,,12617,1,,,0,30,,12622,1,,,0,70,,12606,1,,,0,30,,12618,1,,,0,70,,12621,1,,,0,30,,12607,1,,,0,70,,12619,1,,,0,30,,12623,1,,,0,70,,12608,1,,,0,30,,12620,1,,,0,70,,12624,1,,,0
8701,'Sunday',600,,12625,1,,,0,30,,12650,1,,,0,70,,12638,1,,,0,30,,12626,1,,,0,70,,12651,1,,,0,31,,12639,1,,,0,70,,12627,1,,,0,30,,12652,1,,,0,70,,12640,1,,,0,30,,12628,1,,,0,70,,12653,1,,,0,30,,12641,1,,,0,70,,12629,1,,,0,30,,12654,1,,,0,70,,12643,1,,,0,30,,12630,1,,,0,70,,12655,1,,,0,30,,12642,1,,,0,70,,12631,1,,,0,30,,12656,1,,,0,70,,12644,1,,,0,30,,12632,1,,,0,70,,12657,1,,,0,30,,12645,1,,,0,70,,12633,1,,,0,30,,12658,1,,,0,70,,12646,1,,,0,30,,12634,1,,,0,70,,12659,1,,,0,30,,12647,1,,,0,70,,12635,1,,,0,30,,12660,1,,,0,70,,12648,1,,,0,30,,12636,1,,,0,70,,12661,1,,,0,30,,12649,1,,,0,70,,12637,1,,,0
8701,'Weekday',458,,12685,1,,,0,70,,12662,1,,,0,30,,12686,1,,,0,70,,12663,1,,,0,30,,12687,1,,,0,70,,12689,1,,,0,31,,12664,1,,,0,52,,12701,1,,,0,19,,12688,1,,,0,70,,12690,1,,,0,30,,12665,1,,,0,70,,12675,1,,,0,30,,12691,1,,,0,70,,12667,1,,,0,30,,12676,1,,,0,70,,12692,1,,,0,30,,12668,1,,,0,70,,12677,1,,,0,30,,12693,1,,,0,70,,12666,1,,,0,30,,12678,1,,,0,74,,12694,1,,,0,31,,12669,1,,,0,71,,12679,1,,,0,31,,12695,1,,,0,72,,12670,1,,,0,30,,12680,1,,,0,71,,12696,1,,,0,32,,12671,1,,,0,69,,12681,1,,,0,30,,12698,1,,,0,70,,12672,1,,,0,30,,12682,1,,,0,69,,12697,1,,,0,28,,12673,1,,,0,68,,12683,1,,,0,28,,12699,1,,,0,69,,12674,1,,,0,28,,12684,1,,,0,69,,12700,1,,,0
8701,'Weekday0000100',1443,,12702,1,,,0
8701,'Weekday1111000',1556,,12703,1,,,0
