4600,'Saturday',656,,38021,16,,,0,70,,38034,16,,,0,30,,38028,16,,,0,60,,38040,16,,,0,30,,38022,16,,,0,70,,38035,16,,,0,30,,38029,16,,,0,70,,38041,16,,,0,30,,38023,16,,,0,70,,38036,16,,,0,30,,38030,16,,,0,70,,38042,16,,,0,30,,38024,16,,,0,70,,38037,16,,,0,30,,38031,16,,,0,70,,38044,16,,,0,30,,38026,16,,,0,70,,38038,16,,,0,30,,38032,16,,,0,70,,38045,16,,,0,30,,38025,16,,,0,70,,38039,16,,,0,30,,38033,16,,,0,70,,38043,16,,,0,30,,38027,16,,,0,70,,38051,16,,,0,30,,38053,16,,,0,70,,38049,16,,,0,30,,38048,16,,,0,70,,38050,16,,,0,30,,38047,16,,,0,70,,38052,16,,,0,30,,38054,16,,,0,70,,38046,16,,,0
4600,'Sunday',656,,38055,16,,,0,70,,38056,16,,,0,30,,38057,16,,,0,60,,38058,16,,,0,30,,38059,16,,,0,70,,38060,16,,,0,30,,38061,16,,,0,70,,38063,16,,,0,30,,38062,16,,,0,70,,38065,16,,,0,30,,38064,16,,,0,70,,38066,16,,,0,30,,38067,16,,,0,70,,38068,16,,,0,30,,38070,16,,,0,70,,38071,16,,,0,30,,38069,16,,,0,70,,38072,16,,,0,30,,38073,16,,,0,70,,38076,16,,,0,30,,38074,16,,,0,70,,38075,16,,,0,30,,38077,16,,,0,70,,38078,16,,,0,30,,38079,16,,,0,70,,38081,16,,,0,30,,38080,16,,,0,70,,38082,16,,,0,30,,38083,16,,,0,70,,38084,16,,,0,30,,38087,16,,,0,70,,38086,16,,,0,30,,38085,16,,,0,70,,38088,16,,,0
4600,'Weekday',526,,38095,16,,,0,33,,38093,16,,,0,55,,38129,16,,,0,15,,38103,16,,,0,15,,38130,16,,,0,56,,38127,16,,,0,16,,38131,16,,,0,16,,38108,16,,,0,16,,38132,16,,,0,55,,38096,16,,,0,15,,38133,16,,,0,15,,38102,16,,,0,17,,38134,16,,,0,57,,38089,16,,,0,30,,38109,16,,,0,69,,38097,16,,,0,29,,38104,16,,,0,70,,38090,16,,,0,30,,38111,16,,,0,70,,38098,16,,,0,29,,38105,16,,,0,70,,38092,16,,,0,30,,38112,16,,,0,70,,38099,16,,,0,30,,38106,16,,,0,70,,38091,16,,,0,17,,38135,16,,,0,17,,38110,16,,,0,17,,38128,16,,,0,57,,38100,16,,,0,17,,38136,16,,,0,18,,38107,16,,,0,56,,38137,16,,,0,14,,38094,16,,,0,16,,38138,16,,,0,15,,38113,16,,,0,55,,38139,16,,,0,15,,38101,16,,,0,30,,38122,16,,,0,69,,38115,16,,,0,28,,38118,16,,,0,68,,38120,16,,,0,28,,38123,16,,,0,67,,38114,16,,,0,28,,38119,16,,,0,68,,38121,16,,,0,28,,38125,16,,,0,72,,38126,16,,,0,32,,38124,16,,,0,72,,38116,16,,,0,32,,38117,16,,,0
4600,'1CCSDCUT-Weekday',526,,38146,16,,,0,33,,38144,16,,,0,55,,38180,16,,,0,15,,38154,16,,,0,15,,38181,16,,,0,56,,38178,16,,,0,16,,38182,16,,,0,16,,38159,16,,,0,16,,38183,16,,,0,55,,38147,16,,,0,15,,38184,16,,,0,15,,38153,16,,,0,17,,38185,16,,,0,57,,38140,16,,,0,30,,38160,16,,,0,69,,38148,16,,,0,29,,38155,16,,,0,70,,38141,16,,,0,30,,38162,16,,,0,70,,38149,16,,,0,29,,38156,16,,,0,70,,38143,16,,,0,30,,38163,16,,,0,70,,38150,16,,,0,30,,38157,16,,,0,70,,38142,16,,,0,17,,38186,16,,,0,17,,38161,16,,,0,17,,38179,16,,,0,57,,38151,16,,,0,17,,38187,16,,,0,18,,38158,16,,,0,56,,38188,16,,,0,14,,38145,16,,,0,16,,38189,16,,,0,15,,38164,16,,,0,55,,38190,16,,,0,15,,38152,16,,,0,30,,38173,16,,,0,69,,38166,16,,,0,28,,38169,16,,,0,68,,38171,16,,,0,28,,38174,16,,,0,67,,38165,16,,,0,28,,38170,16,,,0,68,,38172,16,,,0,28,,38176,16,,,0,72,,38177,16,,,0,32,,38175,16,,,0,72,,38167,16,,,0,32,,38168,16,,,0
4600,'1PUBCUT-Weekday',526,,38197,16,,,0,33,,38195,16,,,0,55,,38231,16,,,0,15,,38205,16,,,0,15,,38232,16,,,0,56,,38229,16,,,0,16,,38233,16,,,0,16,,38210,16,,,0,16,,38234,16,,,0,55,,38198,16,,,0,15,,38235,16,,,0,15,,38204,16,,,0,17,,38236,16,,,0,57,,38191,16,,,0,30,,38211,16,,,0,69,,38199,16,,,0,29,,38206,16,,,0,70,,38192,16,,,0,30,,38213,16,,,0,70,,38200,16,,,0,29,,38207,16,,,0,70,,38194,16,,,0,30,,38214,16,,,0,70,,38201,16,,,0,30,,38208,16,,,0,70,,38193,16,,,0,17,,38237,16,,,0,17,,38212,16,,,0,17,,38230,16,,,0,57,,38202,16,,,0,17,,38238,16,,,0,18,,38209,16,,,0,56,,38239,16,,,0,14,,38196,16,,,0,16,,38240,16,,,0,15,,38215,16,,,0,55,,38241,16,,,0,15,,38203,16,,,0,30,,38224,16,,,0,69,,38217,16,,,0,28,,38220,16,,,0,68,,38222,16,,,0,28,,38225,16,,,0,67,,38216,16,,,0,28,,38221,16,,,0,68,,38223,16,,,0,28,,38227,16,,,0,72,,38228,16,,,0,32,,38226,16,,,0,72,,38218,16,,,0,32,,38219,16,,,0
8900,'Weekday',706,,47844,10,,,0,42,,47846,10,,,0,82,,47843,10,,,0,779,,47852,11,,,0,32,,47849,10,,,0,85,,47848,10,,,0,79,,47850,10,,,0,42,,47851,10,,,0
8900,'Weekday0000100',1440,,47853,7,,,0
8900,'1CCSDCUT-Weekday',706,,47856,10,,,0,42,,47858,10,,,0,82,,47855,10,,,0,779,,47864,11,,,0,32,,47861,10,,,0,85,,47860,10,,,0,79,,47862,10,,,0,42,,47863,10,,,0
8900,'1PUBCUT-Weekday',706,,47867,10,,,0,42,,47869,10,,,0,82,,47866,10,,,0,779,,47875,11,,,0,32,,47872,10,,,0,85,,47871,10,,,0,79,,47873,10,,,0,42,,47874,10,,,0
8900,'1PUBCUT-Weekday0000100',1440,,47876,7,,,0
