6200,'Weekday',1652,,98747,17,,,0,72,,98746,17,,,0,35,,98748,17,,,0
6200,'STMPSnea-Weekday',1652,,98750,17,,,0,72,,98749,17,,,0,35,,98751,17,,,0
6200,'STMPWeek-Weekday',1652,,98753,17,,,0,72,,98752,17,,,0,35,,98754,17,,,0
6200,'STMPar-Weekday',1652,,98756,17,,,0,72,,98755,17,,,0,35,,98757,17,,,0
6201,'Weekday',607,,98758,3,,,0,26,,98759,3,,,0,68,,98760,3,,,0
6201,'STMPSnea-Weekday',607,,98761,3,,,0,26,,98762,3,,,0,68,,98763,3,,,0
6201,'STMPWeek-Weekday',607,,98764,3,,,0,26,,98765,3,,,0,68,,98766,3,,,0
6201,'STMPar-Weekday',607,,98767,3,,,0,26,,98768,3,,,0,68,,98769,3,,,0
11800,'Saturday',720,,119327,3,,,0,28,,119301,9,,,0,70,,119298,9,,,0,30,,119299,9,,,0,70,,119303,9,,,0,30,,119308,9,,,0,70,,119309,9,,,0,30,,119305,9,,,0,70,,119304,9,,,0,30,,119306,9,,,0,70,,119302,9,,,0,30,,119310,9,,,0,70,,119314,9,,,0,30,,119315,9,,,0,70,,119311,9,,,0,30,,119307,9,,,0,70,,119312,9,,,0,30,,119300,9,,,0,70,,119313,9,,,0,30,,119317,9,,,0,70,,119316,9,,,0,30,,119319,9,,,0,70,,119320,9,,,0,30,,119321,9,,,0,70,,119318,9,,,0,30,,119322,9,,,0,70,,119323,9,,,0,30,,119324,9,,,0,70,,119325,9,,,0,30,,119326,9,,,0,70,,119328,9,,,0
11800,'Sunday',748,,119356,3,,,0,70,,119329,9,,,0,30,,119332,9,,,0,70,,119330,9,,,0,30,,119333,9,,,0,70,,119334,9,,,0,30,,119335,9,,,0,70,,119337,9,,,0,30,,119338,9,,,0,70,,119339,9,,,0,30,,119336,9,,,0,70,,119331,9,,,0,30,,119340,9,,,0,70,,119341,9,,,0,30,,119342,9,,,0,70,,119343,9,,,0,30,,119344,9,,,0,70,,119346,9,,,0,30,,119347,9,,,0,70,,119348,9,,,0,30,,119345,9,,,0,70,,119349,9,,,0,30,,119350,9,,,0,70,,119351,9,,,0,30,,119352,9,,,0,70,,119353,9,,,0,30,,119354,9,,,0,70,,119355,9,,,0,30,,119357,9,,,0,70,,119358,9,,,0
11800,'Weekday',457,,119362,3,,,0,82,,119364,9,,,0,78,,119359,9,,,0,30,,119360,9,,,0,70,,119361,9,,,0,30,,119365,9,,,0,70,,119363,9,,,0,30,,119366,9,,,0,69,,119367,9,,,0,30,,119368,9,,,0,70,,119369,9,,,0,30,,119370,9,,,0,70,,119372,9,,,0,30,,119373,9,,,0,70,,119374,9,,,0,30,,119371,9,,,0,70,,119375,9,,,0,30,,119376,9,,,0,70,,119377,9,,,0,30,,119378,9,,,0,70,,119379,9,,,0,32,,119380,9,,,0,70,,119383,9,,,0,30,,119385,9,,,0,70,,119381,9,,,0,30,,119382,9,,,0,75,,119384,9,,,0,29,,119386,9,,,0,70,,119387,9,,,0,30,,119389,9,,,0,70,,119390,9,,,0,30,,119391,9,,,0,70,,119388,9,,,0,30,,119392,9,,,0,70,,119393,9,,,0,30,,119394,9,,,0,70,,119395,9,,,0
11800,'STMPSa-Saturday',720,,119425,3,,,0,28,,119399,9,,,0,70,,119396,9,,,0,30,,119397,9,,,0,70,,119401,9,,,0,30,,119406,9,,,0,70,,119407,9,,,0,30,,119403,9,,,0,70,,119402,9,,,0,30,,119404,9,,,0,70,,119400,9,,,0,30,,119408,9,,,0,70,,119413,9,,,0,30,,119414,9,,,0,70,,119409,9,,,0,30,,119405,9,,,0,70,,119410,9,,,0,30,,119398,9,,,0,70,,119412,9,,,0,30,,119415,9,,,0,70,,119411,9,,,0,30,,119417,9,,,0,70,,119418,9,,,0,30,,119419,9,,,0,70,,119416,9,,,0,30,,119420,9,,,0,70,,119421,9,,,0,30,,119422,9,,,0,70,,119423,9,,,0,30,,119424,9,,,0,70,,119426,9,,,0
11800,'STMPSnea-Weekday',457,,119430,3,,,0,82,,119432,9,,,0,78,,119427,9,,,0,30,,119428,9,,,0,70,,119429,9,,,0,30,,119433,9,,,0,70,,119431,9,,,0,30,,119434,9,,,0,69,,119435,9,,,0,30,,119436,9,,,0,70,,119437,9,,,0,30,,119438,9,,,0,70,,119440,9,,,0,30,,119441,9,,,0,70,,119442,9,,,0,30,,119439,9,,,0,70,,119443,9,,,0,30,,119444,9,,,0,70,,119445,9,,,0,30,,119446,9,,,0,70,,119447,9,,,0,32,,119448,9,,,0,70,,119451,9,,,0,30,,119453,9,,,0,70,,119449,9,,,0,30,,119450,9,,,0,75,,119452,9,,,0,29,,119454,9,,,0,70,,119455,9,,,0,30,,119457,9,,,0,70,,119458,9,,,0,30,,119459,9,,,0,70,,119456,9,,,0,30,,119460,9,,,0,70,,119461,9,,,0,30,,119462,9,,,0,70,,119463,9,,,0
11800,'STMPSu1-Sunday',748,,119491,3,,,0,70,,119464,9,,,0,30,,119467,9,,,0,70,,119465,9,,,0,30,,119468,9,,,0,70,,119469,9,,,0,30,,119470,9,,,0,70,,119472,9,,,0,30,,119473,9,,,0,70,,119474,9,,,0,30,,119471,9,,,0,70,,119466,9,,,0,30,,119475,9,,,0,70,,119476,9,,,0,30,,119477,9,,,0,70,,119478,9,,,0,30,,119479,9,,,0,70,,119481,9,,,0,30,,119482,9,,,0,70,,119483,9,,,0,30,,119480,9,,,0,70,,119484,9,,,0,30,,119485,9,,,0,70,,119486,9,,,0,30,,119487,9,,,0,70,,119488,9,,,0,30,,119489,9,,,0,70,,119490,9,,,0,30,,119492,9,,,0,70,,119493,9,,,0
11800,'STMPSu2-Sunday',748,,119521,3,,,0,70,,119494,9,,,0,30,,119497,9,,,0,70,,119495,9,,,0,30,,119498,9,,,0,70,,119499,9,,,0,30,,119500,9,,,0,70,,119502,9,,,0,30,,119503,9,,,0,70,,119504,9,,,0,30,,119501,9,,,0,70,,119496,9,,,0,30,,119505,9,,,0,70,,119506,9,,,0,30,,119507,9,,,0,70,,119508,9,,,0,30,,119509,9,,,0,70,,119511,9,,,0,30,,119512,9,,,0,70,,119513,9,,,0,30,,119510,9,,,0,70,,119514,9,,,0,30,,119515,9,,,0,70,,119516,9,,,0,30,,119517,9,,,0,70,,119518,9,,,0,30,,119519,9,,,0,70,,119520,9,,,0,30,,119522,9,,,0,70,,119523,9,,,0
11800,'STMPWeek-Weekday',457,,119527,3,,,0,82,,119529,9,,,0,78,,119524,9,,,0,30,,119525,9,,,0,70,,119526,9,,,0,30,,119530,9,,,0,70,,119528,9,,,0,30,,119531,9,,,0,69,,119532,9,,,0,30,,119533,9,,,0,70,,119534,9,,,0,30,,119535,9,,,0,70,,119537,9,,,0,30,,119538,9,,,0,70,,119539,9,,,0,30,,119536,9,,,0,70,,119540,9,,,0,30,,119541,9,,,0,70,,119542,9,,,0,30,,119543,9,,,0,70,,119544,9,,,0,32,,119545,9,,,0,70,,119548,9,,,0,30,,119550,9,,,0,70,,119546,9,,,0,30,,119547,9,,,0,75,,119549,9,,,0,29,,119551,9,,,0,70,,119552,9,,,0,30,,119554,9,,,0,70,,119555,9,,,0,30,,119556,9,,,0,70,,119553,9,,,0,30,,119557,9,,,0,70,,119558,9,,,0,30,,119559,9,,,0,70,,119560,9,,,0
11800,'STMPar-Weekday',457,,119564,3,,,0,82,,119566,9,,,0,78,,119561,9,,,0,30,,119562,9,,,0,70,,119563,9,,,0,30,,119567,9,,,0,70,,119565,9,,,0,30,,119568,9,,,0,69,,119569,9,,,0,30,,119570,9,,,0,70,,119571,9,,,0,30,,119572,9,,,0,70,,119574,9,,,0,30,,119575,9,,,0,70,,119576,9,,,0,30,,119573,9,,,0,70,,119577,9,,,0,30,,119578,9,,,0,70,,119579,9,,,0,30,,119580,9,,,0,70,,119581,9,,,0,32,,119582,9,,,0,70,,119585,9,,,0,30,,119587,9,,,0,70,,119583,9,,,0,30,,119584,9,,,0,75,,119586,9,,,0,29,,119588,9,,,0,70,,119589,9,,,0,30,,119591,9,,,0,70,,119592,9,,,0,30,,119593,9,,,0,70,,119590,9,,,0,30,,119594,9,,,0,70,,119595,9,,,0,30,,119596,9,,,0,70,,119597,9,,,0
