15100,'Weekday',556,,128405,13,,,0,89,,128404,14,,,0
15100,'STMPSnea-Weekday',556,,128407,13,,,0,89,,128406,14,,,0
15100,'STMPWeek-Weekday',556,,128409,13,,,0,89,,128408,14,,,0
15100,'STMPar-Weekday',556,,128411,13,,,0,89,,128410,14,,,0
15101,'Weekday',1724,,128413,35,,,0,86,,128412,40,,,0
15101,'STMPSnea-Weekday',1724,,128415,35,,,0,86,,128414,40,,,0
15101,'STMPWeek-Weekday',1724,,128417,35,,,0,86,,128416,40,,,0
15101,'STMPar-Weekday',1724,,128419,35,,,0,86,,128418,40,,,0
15301,'Saturday',635,,128865,10,,,0,77,,128863,10,,,0,37,,128866,10,,,0,77,,128864,10,,,0,77,,128871,10,,,0,37,,128874,10,,,0,77,,128875,10,,,0,37,,128876,10,,,0,77,,128877,10,,,0,77,,128878,10,,,0,37,,128879,10,,,0,77,,128880,10,,,0,37,,128881,10,,,0,77,,128882,10,,,0,77,,128883,10,,,0,37,,128884,10,,,0,77,,128885,10,,,0,77,,128886,10,,,0,37,,128887,10,,,0,77,,128888,10,,,0,37,,128889,10,,,0,77,,128868,10,,,0,77,,128869,10,,,0,37,,128870,10,,,0,77,,128872,10,,,0,77,,128873,10,,,0,37,,128867,10,,,0
15301,'Sunday',904,,128891,10,,,0,37,,128896,10,,,0,77,,128899,10,,,0,37,,128897,10,,,0,77,,128900,10,,,0,77,,128902,10,,,0,37,,128903,10,,,0,77,,128904,10,,,0,77,,128901,10,,,0,37,,128898,10,,,0,77,,128906,10,,,0,37,,128907,10,,,0,77,,128908,10,,,0,77,,128910,10,,,0,37,,128911,10,,,0,77,,128905,10,,,0,37,,128909,10,,,0,76,,128912,10,,,0,77,,128892,10,,,0,37,,128894,10,,,0,76,,128895,10,,,0,35,,128893,10,,,0,72,,128890,10,,,0
15301,'Weekday',554,,128913,10,,,0,66,,128914,10,,,0,25,,128915,10,,,0,65,,128916,10,,,0,25,,128917,10,,,0,65,,128918,10,,,0,25,,128919,10,,,0,25,,128920,10,,,0,65,,128921,10,,,0,25,,128923,10,,,0,65,,128924,10,,,0,25,,128925,10,,,0,25,,128922,10,,,0,65,,128926,10,,,0,25,,128927,10,,,0,65,,128928,10,,,0,25,,128929,10,,,0,65,,128930,10,,,0,25,,128931,10,,,0,25,,128932,10,,,0,65,,128933,10,,,0,25,,128934,10,,,0,60,,128950,10,,,0,20,,128951,10,,,0,20,,128952,10,,,0,60,,128953,10,,,0,20,,128954,10,,,0,20,,128944,10,,,0,60,,128946,10,,,0,20,,128949,10,,,0,20,,128947,10,,,0,60,,128945,10,,,0,24,,128948,10,,,0,76,,128936,10,,,0,36,,128938,10,,,0,76,,128935,10,,,0,36,,128939,10,,,0,75,,128937,10,,,0,36,,128940,10,,,0,76,,128941,10,,,0,76,,128942,10,,,0,36,,128943,10,,,0
15301,'STMPSa-Saturday',635,,128957,10,,,0,77,,128955,10,,,0,37,,128958,10,,,0,77,,128956,10,,,0,77,,128963,10,,,0,37,,128966,10,,,0,77,,128967,10,,,0,37,,128968,10,,,0,77,,128969,10,,,0,77,,128970,10,,,0,37,,128971,10,,,0,77,,128972,10,,,0,37,,128973,10,,,0,77,,128974,10,,,0,77,,128975,10,,,0,37,,128976,10,,,0,77,,128977,10,,,0,77,,128978,10,,,0,37,,128979,10,,,0,77,,128980,10,,,0,37,,128981,10,,,0,77,,128960,10,,,0,77,,128961,10,,,0,37,,128962,10,,,0,77,,128964,10,,,0,77,,128965,10,,,0,37,,128959,10,,,0
15301,'STMPSnea-Weekday',554,,128982,10,,,0,66,,128983,10,,,0,25,,128984,10,,,0,65,,128985,10,,,0,25,,128986,10,,,0,65,,128987,10,,,0,25,,128988,10,,,0,25,,128989,10,,,0,65,,128990,10,,,0,25,,128992,10,,,0,65,,128993,10,,,0,25,,128994,10,,,0,25,,128991,10,,,0,65,,128995,10,,,0,25,,128996,10,,,0,65,,128997,10,,,0,25,,128998,10,,,0,65,,128999,10,,,0,25,,129000,10,,,0,25,,129001,10,,,0,65,,129002,10,,,0,25,,129003,10,,,0,60,,129019,10,,,0,20,,129020,10,,,0,20,,129021,10,,,0,60,,129022,10,,,0,20,,129023,10,,,0,20,,129013,10,,,0,60,,129015,10,,,0,20,,129018,10,,,0,20,,129016,10,,,0,60,,129014,10,,,0,24,,129017,10,,,0,76,,129005,10,,,0,36,,129007,10,,,0,76,,129004,10,,,0,36,,129008,10,,,0,75,,129006,10,,,0,36,,129009,10,,,0,76,,129010,10,,,0,76,,129011,10,,,0,36,,129012,10,,,0
15301,'STMPSu1-Sunday',904,,129025,10,,,0,37,,129030,10,,,0,77,,129033,10,,,0,37,,129031,10,,,0,77,,129034,10,,,0,77,,129036,10,,,0,37,,129037,10,,,0,77,,129038,10,,,0,77,,129035,10,,,0,37,,129032,10,,,0,77,,129040,10,,,0,37,,129041,10,,,0,77,,129042,10,,,0,77,,129044,10,,,0,37,,129045,10,,,0,77,,129039,10,,,0,37,,129043,10,,,0,76,,129046,10,,,0,77,,129026,10,,,0,37,,129028,10,,,0,76,,129029,10,,,0,35,,129027,10,,,0,72,,129024,10,,,0
15301,'STMPSu2-Sunday',904,,129048,10,,,0,37,,129053,10,,,0,77,,129056,10,,,0,37,,129054,10,,,0,77,,129057,10,,,0,77,,129059,10,,,0,37,,129060,10,,,0,77,,129061,10,,,0,77,,129058,10,,,0,37,,129055,10,,,0,77,,129063,10,,,0,37,,129064,10,,,0,77,,129065,10,,,0,77,,129067,10,,,0,37,,129068,10,,,0,77,,129062,10,,,0,37,,129066,10,,,0,76,,129069,10,,,0,77,,129049,10,,,0,37,,129051,10,,,0,76,,129052,10,,,0,35,,129050,10,,,0,72,,129047,10,,,0
15301,'STMPWeek-Weekday',554,,129070,10,,,0,66,,129071,10,,,0,25,,129072,10,,,0,65,,129073,10,,,0,25,,129074,10,,,0,65,,129075,10,,,0,25,,129076,10,,,0,25,,129077,10,,,0,65,,129078,10,,,0,25,,129080,10,,,0,65,,129081,10,,,0,25,,129082,10,,,0,25,,129079,10,,,0,65,,129083,10,,,0,25,,129084,10,,,0,65,,129085,10,,,0,25,,129086,10,,,0,65,,129087,10,,,0,25,,129088,10,,,0,25,,129089,10,,,0,65,,129090,10,,,0,25,,129091,10,,,0,60,,129107,10,,,0,20,,129108,10,,,0,20,,129109,10,,,0,60,,129110,10,,,0,20,,129111,10,,,0,20,,129101,10,,,0,60,,129103,10,,,0,20,,129106,10,,,0,20,,129104,10,,,0,60,,129102,10,,,0,24,,129105,10,,,0,76,,129093,10,,,0,36,,129095,10,,,0,76,,129092,10,,,0,36,,129096,10,,,0,75,,129094,10,,,0,36,,129097,10,,,0,76,,129098,10,,,0,76,,129099,10,,,0,36,,129100,10,,,0
15301,'STMPar-Weekday',554,,129112,10,,,0,66,,129113,10,,,0,25,,129114,10,,,0,65,,129115,10,,,0,25,,129116,10,,,0,65,,129117,10,,,0,25,,129118,10,,,0,25,,129119,10,,,0,65,,129120,10,,,0,25,,129122,10,,,0,65,,129123,10,,,0,25,,129124,10,,,0,25,,129121,10,,,0,65,,129125,10,,,0,25,,129126,10,,,0,65,,129127,10,,,0,25,,129128,10,,,0,65,,129129,10,,,0,25,,129130,10,,,0,25,,129131,10,,,0,65,,129132,10,,,0,25,,129133,10,,,0,60,,129149,10,,,0,20,,129150,10,,,0,20,,129151,10,,,0,60,,129152,10,,,0,20,,129153,10,,,0,20,,129143,10,,,0,60,,129145,10,,,0,20,,129148,10,,,0,20,,129146,10,,,0,60,,129144,10,,,0,24,,129147,10,,,0,76,,129135,10,,,0,36,,129137,10,,,0,76,,129134,10,,,0,36,,129138,10,,,0,75,,129136,10,,,0,36,,129139,10,,,0,76,,129140,10,,,0,76,,129141,10,,,0,36,,129142,10,,,0
