11900,'Saturday',1256,,119598,8,,,0,100,,119599,8,,,0,100,,119600,8,,,0,96,,119601,8,,,0,99,,119602,8,,,0,98,,119603,8,,,0,96,,119604,8,,,0,93,,119605,8,,,0,93,,119606,8,,,0,94,,119607,8,,,0,94,,119608,8,,,0,94,,119609,8,,,0,94,,119610,8,,,0
11900,'Sunday',1256,,119611,8,,,0,100,,119612,8,,,0,100,,119613,8,,,0,96,,119615,8,,,0,99,,119616,8,,,0,98,,119617,8,,,0,96,,119614,8,,,0,93,,119618,8,,,0,93,,119619,8,,,0,94,,119620,8,,,0,94,,119621,8,,,0,94,,119622,8,,,0,94,,119623,8,,,0
11900,'Weekday',1257,,119627,8,,,0,100,,119624,8,,,0,100,,119626,8,,,0,96,,119625,8,,,0,98,,119628,8,,,0,98,,119629,8,,,0,97,,119630,8,,,0,93,,119631,8,,,0,93,,119632,8,,,0,94,,119633,8,,,0,94,,119634,8,,,0,94,,119635,8,,,0,94,,119636,8,,,0
11900,'STMPSa-Saturday',1256,,119637,8,,,0,100,,119638,8,,,0,100,,119639,8,,,0,96,,119640,8,,,0,99,,119641,8,,,0,98,,119642,8,,,0,96,,119643,8,,,0,93,,119644,8,,,0,93,,119645,8,,,0,94,,119646,8,,,0,94,,119647,8,,,0,94,,119648,8,,,0,94,,119649,8,,,0
11900,'STMPSnea-Weekday',1257,,119653,8,,,0,100,,119650,8,,,0,100,,119652,8,,,0,96,,119651,8,,,0,98,,119654,8,,,0,98,,119655,8,,,0,97,,119656,8,,,0,93,,119657,8,,,0,93,,119658,8,,,0,94,,119659,8,,,0,94,,119660,8,,,0,94,,119661,8,,,0,94,,119662,8,,,0
11900,'STMPSu1-Sunday',1256,,119663,8,,,0,100,,119664,8,,,0,100,,119665,8,,,0,96,,119667,8,,,0,99,,119668,8,,,0,98,,119669,8,,,0,96,,119666,8,,,0,93,,119670,8,,,0,93,,119671,8,,,0,94,,119672,8,,,0,94,,119673,8,,,0,94,,119674,8,,,0,94,,119675,8,,,0
11900,'STMPSu2-Sunday',1256,,119676,8,,,0,100,,119677,8,,,0,100,,119678,8,,,0,96,,119680,8,,,0,99,,119681,8,,,0,98,,119682,8,,,0,96,,119679,8,,,0,93,,119683,8,,,0,93,,119684,8,,,0,94,,119685,8,,,0,94,,119686,8,,,0,94,,119687,8,,,0,94,,119688,8,,,0
11900,'STMPWeek-Weekday',1257,,119692,8,,,0,100,,119689,8,,,0,100,,119691,8,,,0,96,,119690,8,,,0,98,,119693,8,,,0,98,,119694,8,,,0,97,,119695,8,,,0,93,,119696,8,,,0,93,,119697,8,,,0,94,,119698,8,,,0,94,,119699,8,,,0,94,,119700,8,,,0,94,,119701,8,,,0
11900,'STMPar-Weekday',1257,,119705,8,,,0,100,,119702,8,,,0,100,,119704,8,,,0,96,,119703,8,,,0,98,,119706,8,,,0,98,,119707,8,,,0,97,,119708,8,,,0,93,,119709,8,,,0,93,,119710,8,,,0,94,,119711,8,,,0,94,,119712,8,,,0,94,,119713,8,,,0,94,,119714,8,,,0
11901,'Saturday',556,,119715,18,,,0,93,,119716,18,,,0,93,,119717,18,,,0,93,,119719,18,,,0,93,,119720,18,,,0,93,,119721,18,,,0,93,,119718,18,,,0,93,,119722,18,,,0
11901,'Sunday',556,,119724,18,,,0,93,,119725,18,,,0,93,,119726,18,,,0,93,,119723,18,,,0,93,,119728,18,,,0,93,,119729,18,,,0,93,,119730,18,,,0,93,,119727,18,,,0
11901,'Weekday',555,,119731,18,,,0,92,,119732,18,,,0,93,,119733,18,,,0,93,,119735,18,,,0,93,,119736,18,,,0,93,,119737,18,,,0,93,,119734,18,,,0,93,,119738,18,,,0
11901,'STMPSa-Saturday',556,,119739,18,,,0,93,,119740,18,,,0,93,,119741,18,,,0,93,,119743,18,,,0,93,,119744,18,,,0,93,,119745,18,,,0,93,,119742,18,,,0,93,,119746,18,,,0
11901,'STMPSnea-Weekday',555,,119747,18,,,0,92,,119748,18,,,0,93,,119749,18,,,0,93,,119751,18,,,0,93,,119752,18,,,0,93,,119753,18,,,0,93,,119750,18,,,0,93,,119754,18,,,0
11901,'STMPSu1-Sunday',556,,119756,18,,,0,93,,119757,18,,,0,93,,119758,18,,,0,93,,119755,18,,,0,93,,119760,18,,,0,93,,119761,18,,,0,93,,119762,18,,,0,93,,119759,18,,,0
11901,'STMPSu2-Sunday',556,,119764,18,,,0,93,,119765,18,,,0,93,,119766,18,,,0,93,,119763,18,,,0,93,,119768,18,,,0,93,,119769,18,,,0,93,,119770,18,,,0,93,,119767,18,,,0
11901,'STMPWeek-Weekday',555,,119771,18,,,0,92,,119772,18,,,0,93,,119773,18,,,0,93,,119775,18,,,0,93,,119776,18,,,0,93,,119777,18,,,0,93,,119774,18,,,0,93,,119778,18,,,0
11901,'STMPar-Weekday',555,,119780,18,,,0,92,,119779,18,,,0,93,,119781,18,,,0,93,,119783,18,,,0,93,,119784,18,,,0,93,,119785,18,,,0,93,,119782,18,,,0,93,,119786,18,,,0
