7601,'Saturday',611,,11116,33,,,0,40,,11125,33,,,0,80,,11126,33,,,0,80,,11124,33,,,0,40,,11127,33,,,0,80,,11128,33,,,0,80,,11129,33,,,0,40,,11130,33,,,0,80,,11131,33,,,0,80,,11132,33,,,0,41,,11133,33,,,0,80,,11134,33,,,0,80,,11135,33,,,0,40,,11136,33,,,0,80,,11137,33,,,0,80,,11138,33,,,0,40,,11139,33,,,0,80,,11140,33,,,0,80,,11141,33,,,0,39,,11142,33,,,0,80,,11122,33,,,0,80,,11119,33,,,0,40,,11121,33,,,0,80,,11117,33,,,0,80,,11123,33,,,0,40,,11120,33,,,0,80,,11118,33,,,0,80,,11143,33,,,0
7601,'Sunday',611,,11153,33,,,0,40,,11164,33,,,0,80,,11146,33,,,0,80,,11154,33,,,0,40,,11163,33,,,0,80,,11147,33,,,0,80,,11155,33,,,0,40,,11165,33,,,0,80,,11148,33,,,0,80,,11156,33,,,0,41,,11166,33,,,0,80,,11149,33,,,0,80,,11157,33,,,0,40,,11167,33,,,0,80,,11150,33,,,0,80,,11158,33,,,0,40,,11168,33,,,0,80,,11152,33,,,0,80,,11159,33,,,0,39,,11169,33,,,0,80,,11151,33,,,0,80,,11160,33,,,0,40,,11144,33,,,0,80,,11170,33,,,0,80,,11161,33,,,0,40,,11145,33,,,0,80,,11171,33,,,0,80,,11162,33,,,0
7601,'Weekday',523,,11183,33,,,0,35,,11172,33,,,0,72,,11200,33,,,0,71,,11192,33,,,0,30,,11184,33,,,0,70,,11173,33,,,0,24,,11201,33,,,0,34,,11193,33,,,0,69,,11185,33,,,0,30,,11174,33,,,0,70,,11202,33,,,0,30,,11194,33,,,0,70,,11186,33,,,0,30,,11175,33,,,0,70,,11203,33,,,0,30,,11195,33,,,0,70,,11187,33,,,0,30,,11176,33,,,0,70,,11204,33,,,0,74,,11196,33,,,0,14,,11211,33,,,0,16,,11188,33,,,0,16,,11212,33,,,0,11,,11177,33,,,0,70,,11205,33,,,0,30,,11197,33,,,0,70,,11189,33,,,0,30,,11178,33,,,0,70,,11206,33,,,0,29,,11198,33,,,0,70,,11190,33,,,0,30,,11179,33,,,0,70,,11207,33,,,0,30,,11199,33,,,0,70,,11191,33,,,0,30,,11180,33,,,0,70,,11208,33,,,0,30,,11181,33,,,0,70,,11210,33,,,0,30,,11182,33,,,0,80,,11209,33,,,0
7601,'Weekday0000100',1237,,11213,33,,,0
9701,'Saturday',612,,14063,15,,,0,46,,14081,15,,,0,80,,14072,15,,,0,80,,14064,15,,,0,40,,14082,15,,,0,80,,14073,15,,,0,80,,14065,15,,,0,40,,14083,15,,,0,80,,14074,15,,,0,81,,14066,15,,,0,40,,14084,15,,,0,80,,14075,15,,,0,80,,14067,15,,,0,40,,14085,15,,,0,80,,14076,15,,,0,80,,14068,15,,,0,40,,14086,15,,,0,80,,14077,15,,,0,80,,14069,15,,,0,40,,14087,15,,,0,80,,14078,15,,,0,80,,14070,15,,,0,40,,14088,15,,,0,80,,14079,15,,,0,79,,14071,15,,,0,40,,14089,15,,,0,80,,14080,15,,,0
9701,'Sunday',612,,14090,15,,,0,46,,14109,15,,,0,80,,14099,15,,,0,80,,14091,15,,,0,40,,14107,15,,,0,80,,14100,15,,,0,80,,14092,15,,,0,40,,14110,15,,,0,80,,14101,15,,,0,81,,14093,15,,,0,40,,14111,15,,,0,80,,14102,15,,,0,80,,14094,15,,,0,40,,14112,15,,,0,80,,14103,15,,,0,80,,14095,15,,,0,40,,14113,15,,,0,80,,14104,15,,,0,80,,14096,15,,,0,40,,14114,15,,,0,80,,14105,15,,,0,80,,14097,15,,,0,40,,14115,15,,,0,80,,14106,15,,,0,79,,14098,15,,,0,40,,14116,15,,,0,80,,14108,15,,,0
9701,'Weekday',527,,14117,15,,,0,80,,14136,15,,,0,30,,14149,15,,,0,70,,14130,15,,,0,30,,14118,15,,,0,70,,14137,15,,,0,30,,14150,15,,,0,69,,14131,15,,,0,29,,14119,15,,,0,70,,14138,15,,,0,30,,14151,15,,,0,70,,14132,15,,,0,30,,14120,15,,,0,70,,14139,15,,,0,30,,14152,15,,,0,70,,14133,15,,,0,30,,14121,15,,,0,70,,14140,15,,,0,30,,14153,15,,,0,71,,14134,15,,,0,31,,14122,15,,,0,70,,14141,15,,,0,30,,14154,15,,,0,70,,14135,15,,,0,30,,14123,15,,,0,70,,14142,15,,,0,29,,14125,15,,,0,69,,14144,15,,,0,30,,14124,15,,,0,70,,14143,15,,,0,30,,14126,15,,,0,70,,14146,15,,,0,30,,14127,15,,,0,70,,14145,15,,,0,30,,14128,15,,,0,70,,14147,15,,,0,45,,14148,15,,,0
11301,'Weekday',615,,15836,23,,,0,35,,15828,23,,,0,72,,15837,23,,,0,32,,15829,23,,,0,72,,15838,23,,,0,32,,15830,23,,,0,72,,15839,23,,,0,72,,15831,23,,,0,32,,15841,23,,,0,72,,15832,23,,,0,32,,15840,23,,,0,72,,15833,23,,,0,32,,15842,23,,,0,72,,15834,23,,,0,32,,15843,23,,,0,72,,15835,23,,,0,32,,15844,23,,,0,73,,15853,23,,,0,32,,15845,23,,,0,72,,15854,23,,,0,32,,15846,23,,,0,71,,15855,23,,,0,72,,15847,23,,,0,32,,15856,23,,,0,72,,15848,23,,,0,32,,15857,23,,,0,71,,15849,23,,,0,31,,15858,23,,,0,72,,15850,23,,,0,32,,15859,23,,,0,72,,15851,23,,,0,32,,15860,23,,,0,72,,15852,23,,,0,32,,15861,23,,,0
81501,'Weekday0000100',1454,,24028,2,0,12 13 146 147,0
81501,'Weekday1111000',1554,,24029,2,0,12 13 146 147,0
