2600,'Saturday',612,,33244,14,,,0,45,,33254,14,,,0,85,,33246,14,,,0,85,,33255,14,,,0,86,,33245,14,,,0,45,,33256,14,,,0,85,,33247,14,,,0,85,,33257,14,,,0,85,,33248,14,,,0,45,,33258,14,,,0,85,,33249,14,,,0,86,,33259,14,,,0,85,,33250,14,,,0,45,,33260,14,,,0,85,,33251,14,,,0,85,,33261,14,,,0,85,,33252,14,,,0,45,,33262,14,,,0,84,,33253,14,,,0,85,,33263,14,,,0
2600,'Sunday',612,,33264,14,,,0,45,,33274,14,,,0,85,,33265,14,,,0,85,,33275,14,,,0,86,,33266,14,,,0,45,,33277,14,,,0,85,,33267,14,,,0,85,,33276,14,,,0,85,,33268,14,,,0,45,,33278,14,,,0,85,,33269,14,,,0,86,,33279,14,,,0,85,,33270,14,,,0,45,,33280,14,,,0,85,,33271,14,,,0,85,,33281,14,,,0,85,,33272,14,,,0,45,,33282,14,,,0,84,,33273,14,,,0,85,,33283,14,,,0
2600,'Weekday',533,,33284,14,,,0,72,,33285,14,,,0,32,,33286,14,,,0,73,,33287,14,,,0,33,,33288,14,,,0,72,,33289,14,,,0,32,,33290,14,,,0,68,,33291,14,,,0,26,,33293,14,,,0,70,,33294,14,,,0,30,,33295,14,,,0,70,,33292,14,,,0,30,,33296,14,,,0,70,,33297,14,,,0,30,,33298,14,,,0,70,,33299,14,,,0,30,,33300,14,,,0,70,,33302,14,,,0,30,,33303,14,,,0,71,,33304,14,,,0,32,,33301,14,,,0,74,,33305,14,,,0,32,,33306,14,,,0,72,,33307,14,,,0,32,,33308,14,,,0,70,,33310,14,,,0,28,,33311,14,,,0,70,,33312,14,,,0,30,,33313,14,,,0,70,,33315,14,,,0,30,,33317,14,,,0,69,,33316,14,,,0,30,,33314,14,,,0,70,,33309,14,,,0
2600,'Weekday0000100',1409,,33319,2,,,0,10,,33318,2,,,0
2600,'Weekday1111000',1547,,33321,2,,,0,12,,33320,14,,,0
2600,'1CCSDCUT-Weekday',533,,33322,14,,,0,72,,33323,14,,,0,32,,33324,14,,,0,73,,33325,14,,,0,33,,33326,14,,,0,72,,33327,14,,,0,32,,33328,14,,,0,68,,33329,14,,,0,26,,33331,14,,,0,70,,33332,14,,,0,30,,33333,14,,,0,70,,33330,14,,,0,30,,33334,14,,,0,70,,33335,14,,,0,30,,33336,14,,,0,70,,33337,14,,,0,30,,33338,14,,,0,70,,33340,14,,,0,30,,33341,14,,,0,71,,33342,14,,,0,32,,33339,14,,,0,74,,33343,14,,,0,32,,33344,14,,,0,72,,33345,14,,,0,32,,33346,14,,,0,70,,33348,14,,,0,28,,33349,14,,,0,70,,33350,14,,,0,30,,33351,14,,,0,70,,33353,14,,,0,30,,33355,14,,,0,69,,33354,14,,,0,30,,33352,14,,,0,70,,33347,14,,,0
2600,'1CCSDCUT-Weekday0000100',1409,,33357,2,,,0,10,,33356,2,,,0
2600,'1CCSDCUT-Weekday1111000',1547,,33359,2,,,0,12,,33358,14,,,0
2600,'1PUBCUT-Weekday',533,,33360,14,,,0,72,,33361,14,,,0,32,,33362,14,,,0,73,,33363,14,,,0,33,,33364,14,,,0,72,,33365,14,,,0,32,,33366,14,,,0,68,,33367,14,,,0,26,,33369,14,,,0,70,,33370,14,,,0,30,,33371,14,,,0,70,,33368,14,,,0,30,,33372,14,,,0,70,,33373,14,,,0,30,,33374,14,,,0,70,,33375,14,,,0,30,,33376,14,,,0,70,,33378,14,,,0,30,,33379,14,,,0,71,,33380,14,,,0,32,,33377,14,,,0,74,,33381,14,,,0,32,,33382,14,,,0,72,,33383,14,,,0,32,,33384,14,,,0,70,,33386,14,,,0,28,,33387,14,,,0,70,,33388,14,,,0,30,,33389,14,,,0,70,,33391,14,,,0,30,,33393,14,,,0,69,,33392,14,,,0,30,,33390,14,,,0,70,,33385,14,,,0
2600,'1PUBCUT-Weekday1111000',1547,,33395,2,,,0,12,,33394,14,,,0
4001,'Saturday',737,,36637,34,,,0,75,,36639,34,,,0,35,,36640,34,,,0,75,,36641,34,,,0,35,,36638,34,,,0,75,,36643,34,,,0,75,,36644,34,,,0,35,,36646,34,,,0,75,,36642,34,,,0,35,,36647,34,,,0,75,,36648,34,,,0,75,,36645,34,,,0,35,,36649,34,,,0,75,,36650,34,,,0,35,,36651,34,,,0,75,,36652,34,,,0,35,,36636,34,,,0,75,,36635,34,,,0,75,,36634,34,,,0,35,,36633,34,,,0
4001,'Sunday',737,,36657,34,,,0,75,,36658,34,,,0,35,,36659,34,,,0,75,,36660,34,,,0,35,,36662,34,,,0,75,,36663,34,,,0,75,,36655,34,,,0,35,,36664,34,,,0,75,,36661,34,,,0,35,,36665,34,,,0,75,,36666,34,,,0,75,,36667,34,,,0,35,,36668,34,,,0,75,,36669,34,,,0,35,,36670,34,,,0,75,,36671,34,,,0,35,,36672,34,,,0,75,,36654,34,,,0,75,,36653,34,,,0,35,,36656,34,,,0
4001,'Weekday',628,,36683,34,,,0,75,,36696,34,,,0,35,,36690,34,,,0,75,,36684,34,,,0,35,,36697,34,,,0,76,,36691,34,,,0,33,,36685,34,,,0,75,,36698,34,,,0,75,,36692,34,,,0,35,,36686,34,,,0,75,,36699,34,,,0,35,,36693,34,,,0,75,,36687,34,,,0,75,,36700,34,,,0,37,,36694,34,,,0,76,,36688,34,,,0,38,,36701,34,,,0,79,,36695,34,,,0,82,,36689,34,,,0,33,,36702,34,,,0,70,,36676,34,,,0,34,,36673,34,,,0,75,,36680,34,,,0,31,,36677,34,,,0,72,,36674,34,,,0,30,,36681,34,,,0,75,,36678,34,,,0,77,,36675,34,,,0,38,,36682,34,,,0,75,,36679,34,,,0
4001,'1CCSDCUT-Weekday',628,,36713,34,,,0,75,,36726,34,,,0,35,,36720,34,,,0,75,,36714,34,,,0,35,,36727,34,,,0,76,,36721,34,,,0,33,,36715,34,,,0,75,,36728,34,,,0,75,,36722,34,,,0,35,,36716,34,,,0,75,,36729,34,,,0,35,,36723,34,,,0,75,,36717,34,,,0,75,,36730,34,,,0,37,,36724,34,,,0,76,,36718,34,,,0,38,,36731,34,,,0,79,,36725,34,,,0,82,,36719,34,,,0,33,,36732,34,,,0,70,,36706,34,,,0,34,,36703,34,,,0,75,,36710,34,,,0,31,,36707,34,,,0,72,,36704,34,,,0,30,,36711,34,,,0,75,,36708,34,,,0,77,,36705,34,,,0,38,,36712,34,,,0,75,,36709,34,,,0
4001,'1PUBCUT-Weekday',628,,36743,34,,,0,75,,36756,34,,,0,35,,36750,34,,,0,75,,36744,34,,,0,35,,36757,34,,,0,76,,36751,34,,,0,33,,36745,34,,,0,75,,36758,34,,,0,75,,36752,34,,,0,35,,36746,34,,,0,75,,36759,34,,,0,35,,36753,34,,,0,75,,36747,34,,,0,75,,36760,34,,,0,37,,36754,34,,,0,76,,36748,34,,,0,38,,36761,34,,,0,79,,36755,34,,,0,82,,36749,34,,,0,33,,36762,34,,,0,70,,36736,34,,,0,34,,36733,34,,,0,75,,36740,34,,,0,31,,36737,34,,,0,72,,36734,34,,,0,30,,36741,34,,,0,75,,36738,34,,,0,77,,36735,34,,,0,38,,36742,34,,,0,75,,36739,34,,,0
