1900,'Saturday',643,,148703,12,,,0,75,,148688,12,,,0,35,,148682,12,,,0,75,,148696,12,,,0,75,,148704,12,,,0,35,,148690,12,,,0,75,,148681,12,,,0,35,,148698,12,,,0,75,,148705,12,,,0,35,,148689,12,,,0,71,,148683,12,,,0,20,,148710,12,,,0,68,,148697,12,,,0,28,,148706,12,,,0,68,,148691,12,,,0,28,,148684,12,,,0,68,,148712,12,,,0,28,,148700,12,,,0,68,,148707,12,,,0,28,,148692,12,,,0,68,,148685,12,,,0,28,,148713,12,,,0,28,,148699,12,,,0,68,,148709,12,,,0,75,,148693,12,,,0,35,,148686,12,,,0,75,,148702,12,,,0,35,,148708,12,,,0,75,,148695,12,,,0,35,,148687,12,,,0,75,,148701,12,,,0,75,,148711,12,,,0
1900,'Sunday',643,,148737,12,,,0,75,,148722,12,,,0,35,,148715,12,,,0,75,,148729,12,,,0,75,,148738,12,,,0,35,,148723,12,,,0,75,,148716,12,,,0,35,,148732,12,,,0,75,,148739,12,,,0,35,,148724,12,,,0,71,,148717,12,,,0,20,,148745,12,,,0,68,,148731,12,,,0,28,,148741,12,,,0,68,,148725,12,,,0,28,,148718,12,,,0,68,,148746,12,,,0,28,,148733,12,,,0,68,,148740,12,,,0,28,,148726,12,,,0,68,,148719,12,,,0,28,,148747,12,,,0,28,,148734,12,,,0,68,,148742,12,,,0,75,,148727,12,,,0,35,,148720,12,,,0,75,,148735,12,,,0,35,,148743,12,,,0,75,,148728,12,,,0,35,,148721,12,,,0,75,,148736,12,,,0,75,,148744,12,,,0
1900,'Weekday',522,,148772,12,,,0,30,,148780,12,,,0,65,,148748,12,,,0,34,,148756,12,,,0,64,,148765,12,,,0,35,,148773,12,,,0,78,,148781,12,,,0,31,,148750,12,,,0,72,,148757,12,,,0,72,,148766,12,,,0,32,,148774,12,,,0,72,,148782,12,,,0,32,,148749,12,,,0,72,,148758,12,,,0,32,,148767,12,,,0,72,,148775,12,,,0,32,,148783,12,,,0,72,,148751,12,,,0,33,,148759,12,,,0,72,,148768,12,,,0,32,,148776,12,,,0,71,,148784,12,,,0,32,,148752,12,,,0,72,,148760,12,,,0,72,,148769,12,,,0,29,,148777,12,,,0,26,,148785,12,,,0,70,,148753,12,,,0,30,,148761,12,,,0,70,,148770,12,,,0,30,,148778,12,,,0,70,,148786,12,,,0,30,,148754,12,,,0,70,,148762,12,,,0,29,,148771,12,,,0,70,,148779,12,,,0,30,,148787,12,,,0,70,,148755,12,,,0,30,,148763,12,,,0
5301,'Saturday',607,,153388,10,,,0,30,,153416,10,,,0,71,,153389,10,,,0,31,,153393,10,,,0,71,,153404,10,,,0,31,,153394,10,,,0,71,,153405,10,,,0,31,,153395,10,,,0,71,,153406,10,,,0,31,,153396,10,,,0,71,,153407,10,,,0,31,,153397,10,,,0,71,,153408,10,,,0,31,,153398,10,,,0,71,,153409,10,,,0,31,,153399,10,,,0,71,,153410,10,,,0,31,,153400,10,,,0,71,,153412,10,,,0,31,,153401,10,,,0,71,,153411,10,,,0,31,,153402,10,,,0,71,,153413,10,,,0,31,,153403,10,,,0,71,,153414,10,,,0,71,,153390,10,,,0,31,,153415,10,,,0,71,,153391,10,,,0,31,,153417,10,,,0,71,,153392,10,,,0,37,,153418,10,,,0
5301,'Sunday',607,,153419,10,,,0,30,,153435,10,,,0,71,,153420,10,,,0,31,,153436,10,,,0,71,,153421,10,,,0,31,,153437,10,,,0,71,,153422,10,,,0,31,,153438,10,,,0,71,,153423,10,,,0,31,,153439,10,,,0,71,,153424,10,,,0,31,,153441,10,,,0,71,,153425,10,,,0,31,,153440,10,,,0,71,,153426,10,,,0,31,,153442,10,,,0,71,,153427,10,,,0,31,,153443,10,,,0,71,,153428,10,,,0,31,,153444,10,,,0,71,,153429,10,,,0,31,,153445,10,,,0,71,,153430,10,,,0,31,,153446,10,,,0,71,,153431,10,,,0,71,,153447,10,,,0,31,,153433,10,,,0,71,,153448,10,,,0,31,,153432,10,,,0,71,,153449,10,,,0,37,,153434,10,,,0
5301,'Weekday',552,,153466,10,,,0,77,,153450,10,,,0,76,,153467,10,,,0,36,,153451,10,,,0,75,,153468,10,,,0,36,,153452,10,,,0,76,,153470,10,,,0,76,,153453,10,,,0,36,,153471,10,,,0,76,,153454,10,,,0,36,,153472,10,,,0,76,,153455,10,,,0,76,,153469,10,,,0,36,,153456,10,,,0,76,,153473,10,,,0,36,,153457,10,,,0,77,,153474,10,,,0,76,,153458,10,,,0,36,,153475,10,,,0,76,,153459,10,,,0,36,,153476,10,,,0,76,,153460,10,,,0,75,,153477,10,,,0,36,,153461,10,,,0,76,,153478,10,,,0,36,,153462,10,,,0,76,,153479,10,,,0,74,,153463,10,,,0,36,,153480,10,,,0,76,,153464,10,,,0,36,,153481,10,,,0,76,,153465,10,,,0,76,,153482,10,,,0
6500,'Saturday',636,,154759,43,,,0,80,,154772,43,,,0,40,,154760,43,,,0,80,,154773,43,,,0,80,,154761,43,,,0,40,,154774,43,,,0,82,,154762,43,,,0,80,,154775,43,,,0,40,,154763,43,,,0,80,,154776,43,,,0,80,,154764,43,,,0,40,,154777,43,,,0,80,,154765,43,,,0,80,,154778,43,,,0,40,,154766,43,,,0,80,,154781,43,,,0,80,,154767,43,,,0,40,,154780,43,,,0,79,,154768,43,,,0,80,,154779,43,,,0,40,,154770,43,,,0,80,,154782,43,,,0,80,,154769,43,,,0,39,,154783,43,,,0,80,,154771,43,,,0,80,,154784,43,,,0
6500,'Sunday',636,,154785,43,,,0,80,,154798,43,,,0,40,,154786,43,,,0,80,,154801,43,,,0,80,,154787,43,,,0,40,,154799,43,,,0,82,,154788,43,,,0,80,,154800,43,,,0,40,,154790,43,,,0,80,,154803,43,,,0,80,,154789,43,,,0,40,,154804,43,,,0,80,,154792,43,,,0,80,,154802,43,,,0,40,,154793,43,,,0,80,,154805,43,,,0,80,,154791,43,,,0,40,,154806,43,,,0,79,,154794,43,,,0,80,,154807,43,,,0,40,,154796,43,,,0,80,,154808,43,,,0,80,,154795,43,,,0,39,,154809,43,,,0,80,,154797,43,,,0,80,,154810,43,,,0
6500,'Weekday',544,,154822,43,,,0,83,,154835,43,,,0,25,,154811,43,,,0,67,,154823,43,,,0,24,,154813,43,,,0,64,,154836,43,,,0,24,,154812,43,,,0,24,,154824,43,,,0,81,,154837,43,,,0,83,,154825,43,,,0,83,,154838,43,,,0,43,,154826,43,,,0,83,,154839,43,,,0,83,,154827,43,,,0,26,,154818,43,,,0,17,,154841,43,,,0,69,,154814,43,,,0,21,,154828,43,,,0,65,,154819,43,,,0,23,,154840,43,,,0,24,,154815,43,,,0,63,,154829,43,,,0,24,,154820,43,,,0,64,,154842,43,,,0,24,,154816,43,,,0,24,,154830,43,,,0,64,,154821,43,,,0,22,,154843,43,,,0,63,,154817,43,,,0,24,,154831,43,,,0,83,,154844,43,,,0,43,,154832,43,,,0,83,,154845,43,,,0,83,,154833,43,,,0,81,,154846,43,,,0,43,,154834,43,,,0,83,,154847,43,,,0
42201,'Saturday',615,,168951,18,,,0,100,,168952,18,,,0,100,,168953,18,,,0,100,,168955,18,,,0,100,,168954,18,,,0,100,,168956,18,,,0,100,,168957,18,,,0,100,,168958,18,,,0,100,,168959,18,,,0,100,,168961,18,,,0,100,,168960,18,,,0,100,,168962,18,,,0,100,,168963,18,,,0,100,,168964,18,,,0
42201,'Sunday',615,,168965,18,,,0,100,,168968,18,,,0,100,,168966,18,,,0,100,,168967,18,,,0,100,,168970,18,,,0,100,,168969,18,,,0,100,,168971,18,,,0,100,,168972,18,,,0,100,,168975,18,,,0,100,,168973,18,,,0,100,,168974,18,,,0,100,,168978,18,,,0,100,,168976,18,,,0,100,,168977,18,,,0
42201,'Weekday',615,,168979,18,,,0,30,,168996,18,,,0,70,,168980,18,,,0,30,,169001,18,,,0,70,,168981,18,,,0,30,,168995,18,,,0,70,,168982,18,,,0,30,,169003,18,,,0,70,,168984,18,,,0,30,,168998,18,,,0,70,,168983,18,,,0,30,,169002,18,,,0,70,,168985,18,,,0,30,,169000,18,,,0,70,,168986,18,,,0,30,,169004,18,,,0,70,,168987,18,,,0,39,,169005,18,,,0,61,,168988,18,,,0,30,,168997,18,,,0,70,,168990,18,,,0,30,,169006,18,,,0,70,,168989,18,,,0,30,,168999,18,,,0,70,,168991,18,,,0,100,,168992,18,,,0,100,,168993,18,,,0,100,,168994,18,,,0
