1100,'Saturday',728,,76967,24,,,0,30,,76977,24,,,0,70,,76963,24,,,0,30,,76978,24,,,0,70,,76966,24,,,0,30,,76979,24,,,0,70,,76974,24,,,0,30,,76980,24,,,0,70,,76965,24,,,0,30,,76981,24,,,0,70,,76964,24,,,0,30,,76982,24,,,0,70,,76962,24,,,0,30,,76983,24,,,0,70,,76968,24,,,0,30,,76986,24,,,0,70,,76975,24,,,0,30,,76987,24,,,0,70,,76969,24,,,0,30,,76984,24,,,0,70,,76970,24,,,0,30,,76985,24,,,0,70,,76973,24,,,0,30,,76988,24,,,0,70,,76971,24,,,0,30,,76989,24,,,0,70,,76972,24,,,0,30,,76976,24,,,0,70,,76991,24,,,0,30,,76993,24,,,0,70,,76992,24,,,0,30,,76990,24,,,0
1100,'Sunday',1109,,76994,24,,,0,30,,77009,24,,,0,70,,76996,24,,,0,30,,77008,24,,,0,70,,76997,24,,,0,30,,77007,24,,,0,70,,76995,24,,,0,30,,77006,24,,,0,70,,77000,24,,,0,30,,77003,24,,,0,70,,76998,24,,,0,30,,77005,24,,,0,70,,76999,24,,,0,30,,77002,24,,,0,70,,77001,24,,,0,30,,77004,24,,,0,70,,77014,24,,,0,30,,77015,24,,,0,70,,77016,24,,,0,30,,77011,24,,,0,70,,77010,24,,,0,30,,77013,24,,,0,70,,77012,24,,,0,30,,77017,24,,,0
1100,'Weekday',554,,77019,24,,,0,70,,77021,24,,,0,30,,77022,24,,,0,71,,77023,24,,,0,27,,77020,24,,,0,72,,77024,24,,,0,25,,77025,24,,,0,74,,77026,24,,,0,30,,77027,24,,,0,70,,77028,24,,,0,30,,77029,24,,,0,70,,77030,24,,,0,30,,77031,24,,,0,70,,77032,24,,,0,30,,77033,24,,,0,70,,77035,24,,,0,35,,77036,24,,,0,68,,77037,24,,,0,29,,77034,24,,,0,71,,77038,24,,,0,30,,77039,24,,,0,70,,77040,24,,,0,30,,77041,24,,,0,70,,77042,24,,,0,30,,77043,24,,,0,67,,77044,24,,,0,30,,77045,24,,,0,70,,77046,24,,,0,30,,77047,24,,,0,70,,77048,24,,,0,30,,77049,24,,,0,70,,77050,24,,,0
1100,'STMPSa-Saturday',728,,77056,24,,,0,30,,77066,24,,,0,70,,77052,24,,,0,30,,77067,24,,,0,70,,77055,24,,,0,30,,77068,24,,,0,70,,77063,24,,,0,30,,77069,24,,,0,70,,77054,24,,,0,30,,77070,24,,,0,70,,77053,24,,,0,30,,77071,24,,,0,70,,77051,24,,,0,30,,77072,24,,,0,70,,77057,24,,,0,30,,77075,24,,,0,70,,77064,24,,,0,30,,77076,24,,,0,70,,77058,24,,,0,30,,77073,24,,,0,70,,77059,24,,,0,30,,77074,24,,,0,70,,77062,24,,,0,30,,77077,24,,,0,70,,77060,24,,,0,30,,77078,24,,,0,70,,77061,24,,,0,30,,77065,24,,,0,70,,77080,24,,,0,30,,77082,24,,,0,70,,77081,24,,,0,30,,77079,24,,,0
1100,'STMPSnea-Weekday',554,,77084,24,,,0,70,,77086,24,,,0,30,,77087,24,,,0,71,,77088,24,,,0,27,,77085,24,,,0,72,,77089,24,,,0,25,,77090,24,,,0,74,,77091,24,,,0,30,,77092,24,,,0,70,,77093,24,,,0,30,,77094,24,,,0,70,,77095,24,,,0,30,,77096,24,,,0,70,,77097,24,,,0,30,,77098,24,,,0,70,,77100,24,,,0,35,,77101,24,,,0,68,,77102,24,,,0,29,,77099,24,,,0,71,,77103,24,,,0,30,,77104,24,,,0,70,,77105,24,,,0,30,,77106,24,,,0,70,,77107,24,,,0,30,,77108,24,,,0,67,,77109,24,,,0,30,,77110,24,,,0,70,,77111,24,,,0,30,,77112,24,,,0,70,,77113,24,,,0,30,,77114,24,,,0,70,,77115,24,,,0
1100,'STMPSu1-Sunday',1109,,77116,24,,,0,30,,77131,24,,,0,70,,77118,24,,,0,30,,77130,24,,,0,70,,77119,24,,,0,30,,77129,24,,,0,70,,77117,24,,,0,30,,77128,24,,,0,70,,77122,24,,,0,30,,77125,24,,,0,70,,77120,24,,,0,30,,77127,24,,,0,70,,77121,24,,,0,30,,77124,24,,,0,70,,77123,24,,,0,30,,77126,24,,,0,70,,77136,24,,,0,30,,77137,24,,,0,70,,77138,24,,,0,30,,77133,24,,,0,70,,77132,24,,,0,30,,77135,24,,,0,70,,77134,24,,,0,30,,77139,24,,,0
1100,'STMPSu2-Sunday',1109,,77140,24,,,0,30,,77155,24,,,0,70,,77142,24,,,0,30,,77154,24,,,0,70,,77143,24,,,0,30,,77153,24,,,0,70,,77141,24,,,0,30,,77152,24,,,0,70,,77146,24,,,0,30,,77149,24,,,0,70,,77144,24,,,0,30,,77151,24,,,0,70,,77145,24,,,0,30,,77148,24,,,0,70,,77147,24,,,0,30,,77150,24,,,0,70,,77160,24,,,0,30,,77161,24,,,0,70,,77162,24,,,0,30,,77157,24,,,0,70,,77156,24,,,0,30,,77159,24,,,0,70,,77158,24,,,0,30,,77163,24,,,0
1100,'STMPWeek-Weekday',554,,77165,24,,,0,70,,77167,24,,,0,30,,77168,24,,,0,71,,77169,24,,,0,27,,77166,24,,,0,72,,77170,24,,,0,25,,77171,24,,,0,74,,77172,24,,,0,30,,77173,24,,,0,70,,77174,24,,,0,30,,77175,24,,,0,70,,77176,24,,,0,30,,77177,24,,,0,70,,77178,24,,,0,30,,77179,24,,,0,70,,77181,24,,,0,35,,77182,24,,,0,68,,77183,24,,,0,29,,77180,24,,,0,71,,77184,24,,,0,30,,77185,24,,,0,70,,77186,24,,,0,30,,77187,24,,,0,70,,77188,24,,,0,30,,77189,24,,,0,67,,77190,24,,,0,30,,77191,24,,,0,70,,77192,24,,,0,30,,77193,24,,,0,70,,77194,24,,,0,30,,77195,24,,,0,70,,77196,24,,,0
1100,'STMPar-Weekday',554,,77198,24,,,0,70,,77200,24,,,0,30,,77201,24,,,0,71,,77202,24,,,0,27,,77199,24,,,0,72,,77203,24,,,0,25,,77204,24,,,0,74,,77205,24,,,0,30,,77206,24,,,0,70,,77207,24,,,0,30,,77208,24,,,0,70,,77209,24,,,0,30,,77210,24,,,0,70,,77211,24,,,0,30,,77212,24,,,0,70,,77214,24,,,0,35,,77215,24,,,0,68,,77216,24,,,0,29,,77213,24,,,0,71,,77217,24,,,0,30,,77218,24,,,0,70,,77219,24,,,0,30,,77220,24,,,0,70,,77221,24,,,0,30,,77222,24,,,0,67,,77223,24,,,0,30,,77224,24,,,0,70,,77225,24,,,0,30,,77226,24,,,0,70,,77227,24,,,0,30,,77228,24,,,0,70,,77229,24,,,0
1400,'Saturday',633,,78191,42,,,0,68,,78178,42,,,0,32,,78166,42,,,0,70,,78155,42,,,0,30,,78179,42,,,0,70,,78168,42,,,0,32,,78154,42,,,0,70,,78180,42,,,0,30,,78167,42,,,0,70,,78156,42,,,0,30,,78182,42,,,0,70,,78170,42,,,0,30,,78157,42,,,0,70,,78183,42,,,0,30,,78169,42,,,0,70,,78158,42,,,0,30,,78184,42,,,0,70,,78171,42,,,0,30,,78159,42,,,0,70,,78181,42,,,0,30,,78172,42,,,0,70,,78160,42,,,0,30,,78185,42,,,0,70,,78174,42,,,0,30,,78162,42,,,0,70,,78186,42,,,0,29,,78173,42,,,0,70,,78161,42,,,0,30,,78187,42,,,0,70,,78176,42,,,0,30,,78163,42,,,0,70,,78188,42,,,0,30,,78175,42,,,0,70,,78165,42,,,0,37,,78189,42,,,0,63,,78177,42,,,0,30,,78164,42,,,0,70,,78190,42,,,0
1400,'Sunday',633,,78206,42,,,0,68,,78194,42,,,0,32,,78219,42,,,0,70,,78207,42,,,0,30,,78195,42,,,0,70,,78221,42,,,0,32,,78208,42,,,0,70,,78197,42,,,0,30,,78220,42,,,0,70,,78209,42,,,0,30,,78196,42,,,0,70,,78222,42,,,0,30,,78211,42,,,0,70,,78193,42,,,0,30,,78223,42,,,0,70,,78210,42,,,0,30,,78198,42,,,0,70,,78224,42,,,0,30,,78212,42,,,0,70,,78200,42,,,0,30,,78225,42,,,0,70,,78214,42,,,0,30,,78199,42,,,0,70,,78226,42,,,0,30,,78213,42,,,0,70,,78201,42,,,0,29,,78227,42,,,0,70,,78215,42,,,0,30,,78203,42,,,0,70,,78228,42,,,0,30,,78216,42,,,0,70,,78202,42,,,0,30,,78229,42,,,0,70,,78217,42,,,0,36,,78204,42,,,0,64,,78192,42,,,0,30,,78218,42,,,0,70,,78205,42,,,0
1400,'Weekday',507,,78239,42,,,0,29,,78230,42,,,0,21,,78251,42,,,0,65,,78264,42,,,0,15,,78274,42,,,0,15,,78272,42,,,0,55,,78231,42,,,0,15,,78252,42,,,0,15,,78276,42,,,0,18,,78265,42,,,0,57,,78275,42,,,0,15,,78273,42,,,0,15,,78232,42,,,0,15,,78253,42,,,0,54,,78277,42,,,0,15,,78266,42,,,0,12,,78278,42,,,0,14,,78240,42,,,0,62,,78233,42,,,0,22,,78254,42,,,0,22,,78267,42,,,0,62,,78241,42,,,0,22,,78234,42,,,0,62,,78255,42,,,0,22,,78268,42,,,0,22,,78242,42,,,0,62,,78235,42,,,0,22,,78256,42,,,0,22,,78269,42,,,0,62,,78243,42,,,0,22,,78236,42,,,0,62,,78257,42,,,0,25,,78270,42,,,0,16,,78279,42,,,0,17,,78244,42,,,0,55,,78237,42,,,0,15,,78282,42,,,0,15,,78258,42,,,0,15,,78286,42,,,0,55,,78280,42,,,0,15,,78284,42,,,0,15,,78271,42,,,0,15,,78238,42,,,0,55,,78245,42,,,0,15,,78259,42,,,0,15,,78287,42,,,0,15,,78281,42,,,0,52,,78285,42,,,0,14,,78283,42,,,0,13,,78246,42,,,0,22,,78260,42,,,0,70,,78247,42,,,0,30,,78288,42,,,0,70,,78261,42,,,0,30,,78248,42,,,0,70,,78289,42,,,0,30,,78262,42,,,0,70,,78249,42,,,0,30,,78290,42,,,0,70,,78263,42,,,0,30,,78250,42,,,0
1400,'STMPSa-Saturday',633,,78328,42,,,0,68,,78315,42,,,0,32,,78303,42,,,0,70,,78292,42,,,0,30,,78316,42,,,0,70,,78305,42,,,0,32,,78291,42,,,0,70,,78317,42,,,0,30,,78304,42,,,0,70,,78293,42,,,0,30,,78319,42,,,0,70,,78307,42,,,0,30,,78294,42,,,0,70,,78320,42,,,0,30,,78306,42,,,0,70,,78295,42,,,0,30,,78321,42,,,0,70,,78308,42,,,0,30,,78296,42,,,0,70,,78318,42,,,0,30,,78309,42,,,0,70,,78297,42,,,0,30,,78322,42,,,0,70,,78311,42,,,0,30,,78299,42,,,0,70,,78323,42,,,0,29,,78310,42,,,0,70,,78298,42,,,0,30,,78324,42,,,0,70,,78313,42,,,0,30,,78300,42,,,0,70,,78325,42,,,0,30,,78312,42,,,0,70,,78302,42,,,0,37,,78326,42,,,0,63,,78314,42,,,0,30,,78301,42,,,0,70,,78327,42,,,0,30,,78330,42,,,0,73,,78329,42,,,0
1400,'STMPSnea-Weekday',507,,78340,42,,,0,29,,78331,42,,,0,21,,78352,42,,,0,65,,78365,42,,,0,15,,78375,42,,,0,15,,78373,42,,,0,55,,78332,42,,,0,15,,78353,42,,,0,15,,78377,42,,,0,18,,78366,42,,,0,57,,78376,42,,,0,15,,78374,42,,,0,15,,78333,42,,,0,15,,78354,42,,,0,54,,78378,42,,,0,15,,78367,42,,,0,12,,78379,42,,,0,14,,78341,42,,,0,62,,78334,42,,,0,22,,78355,42,,,0,22,,78368,42,,,0,62,,78342,42,,,0,22,,78335,42,,,0,62,,78356,42,,,0,22,,78369,42,,,0,22,,78343,42,,,0,62,,78336,42,,,0,22,,78357,42,,,0,22,,78370,42,,,0,62,,78344,42,,,0,22,,78337,42,,,0,62,,78358,42,,,0,25,,78371,42,,,0,16,,78380,42,,,0,17,,78345,42,,,0,55,,78338,42,,,0,15,,78383,42,,,0,15,,78359,42,,,0,15,,78387,42,,,0,55,,78381,42,,,0,15,,78385,42,,,0,15,,78372,42,,,0,15,,78339,42,,,0,55,,78346,42,,,0,15,,78360,42,,,0,15,,78388,42,,,0,15,,78382,42,,,0,52,,78386,42,,,0,14,,78384,42,,,0,13,,78347,42,,,0,22,,78361,42,,,0,70,,78348,42,,,0,30,,78389,42,,,0,70,,78362,42,,,0,30,,78349,42,,,0,70,,78390,42,,,0,30,,78363,42,,,0,70,,78350,42,,,0,30,,78391,42,,,0,70,,78364,42,,,0,30,,78351,42,,,0
1400,'STMPSu1-Sunday',633,,78406,42,,,0,68,,78394,42,,,0,32,,78419,42,,,0,70,,78407,42,,,0,30,,78395,42,,,0,70,,78421,42,,,0,32,,78408,42,,,0,70,,78397,42,,,0,30,,78420,42,,,0,70,,78409,42,,,0,30,,78396,42,,,0,70,,78422,42,,,0,30,,78411,42,,,0,70,,78393,42,,,0,30,,78423,42,,,0,70,,78410,42,,,0,30,,78398,42,,,0,70,,78424,42,,,0,30,,78412,42,,,0,70,,78400,42,,,0,30,,78425,42,,,0,70,,78414,42,,,0,30,,78399,42,,,0,70,,78426,42,,,0,30,,78413,42,,,0,70,,78401,42,,,0,29,,78427,42,,,0,70,,78415,42,,,0,30,,78403,42,,,0,70,,78428,42,,,0,30,,78416,42,,,0,70,,78402,42,,,0,30,,78429,42,,,0,70,,78417,42,,,0,36,,78404,42,,,0,64,,78392,42,,,0,30,,78418,42,,,0,70,,78405,42,,,0,30,,78431,42,,,0,73,,78430,42,,,0
1400,'STMPSu2-Sunday',633,,78446,42,,,0,68,,78434,42,,,0,32,,78459,42,,,0,70,,78447,42,,,0,30,,78435,42,,,0,70,,78461,42,,,0,32,,78448,42,,,0,70,,78437,42,,,0,30,,78460,42,,,0,70,,78449,42,,,0,30,,78436,42,,,0,70,,78462,42,,,0,30,,78451,42,,,0,70,,78433,42,,,0,30,,78463,42,,,0,70,,78450,42,,,0,30,,78438,42,,,0,70,,78464,42,,,0,30,,78452,42,,,0,70,,78440,42,,,0,30,,78465,42,,,0,70,,78454,42,,,0,30,,78439,42,,,0,70,,78466,42,,,0,30,,78453,42,,,0,70,,78441,42,,,0,29,,78467,42,,,0,70,,78455,42,,,0,30,,78443,42,,,0,70,,78468,42,,,0,30,,78456,42,,,0,70,,78442,42,,,0,30,,78469,42,,,0,70,,78457,42,,,0,36,,78444,42,,,0,64,,78432,42,,,0,30,,78458,42,,,0,70,,78445,42,,,0,30,,78471,42,,,0,73,,78470,42,,,0
1400,'STMPWeek-Weekday',507,,78481,42,,,0,29,,78472,42,,,0,21,,78493,42,,,0,65,,78506,42,,,0,15,,78516,42,,,0,15,,78514,42,,,0,55,,78473,42,,,0,15,,78494,42,,,0,15,,78518,42,,,0,18,,78507,42,,,0,57,,78517,42,,,0,15,,78515,42,,,0,15,,78474,42,,,0,15,,78495,42,,,0,54,,78519,42,,,0,15,,78508,42,,,0,12,,78520,42,,,0,14,,78482,42,,,0,62,,78475,42,,,0,22,,78496,42,,,0,22,,78509,42,,,0,62,,78483,42,,,0,22,,78476,42,,,0,62,,78497,42,,,0,22,,78510,42,,,0,22,,78484,42,,,0,62,,78477,42,,,0,22,,78498,42,,,0,22,,78511,42,,,0,62,,78485,42,,,0,22,,78478,42,,,0,62,,78499,42,,,0,25,,78512,42,,,0,16,,78521,42,,,0,17,,78486,42,,,0,55,,78479,42,,,0,15,,78524,42,,,0,15,,78500,42,,,0,15,,78528,42,,,0,55,,78522,42,,,0,15,,78526,42,,,0,15,,78513,42,,,0,15,,78480,42,,,0,55,,78487,42,,,0,15,,78501,42,,,0,15,,78529,42,,,0,15,,78523,42,,,0,52,,78527,42,,,0,14,,78525,42,,,0,13,,78488,42,,,0,22,,78502,42,,,0,70,,78489,42,,,0,30,,78530,42,,,0,70,,78503,42,,,0,30,,78490,42,,,0,70,,78531,42,,,0,30,,78504,42,,,0,70,,78491,42,,,0,30,,78532,42,,,0,70,,78505,42,,,0,30,,78492,42,,,0,74,,78534,42,,,0,74,,78533,42,,,0
1400,'STMPar-Weekday',507,,78544,42,,,0,29,,78535,42,,,0,21,,78556,42,,,0,65,,78569,42,,,0,15,,78579,42,,,0,15,,78577,42,,,0,55,,78536,42,,,0,15,,78557,42,,,0,15,,78581,42,,,0,18,,78570,42,,,0,57,,78580,42,,,0,15,,78578,42,,,0,15,,78537,42,,,0,15,,78558,42,,,0,54,,78582,42,,,0,15,,78571,42,,,0,12,,78583,42,,,0,14,,78545,42,,,0,62,,78538,42,,,0,22,,78559,42,,,0,22,,78572,42,,,0,62,,78546,42,,,0,22,,78539,42,,,0,62,,78560,42,,,0,22,,78573,42,,,0,22,,78547,42,,,0,62,,78540,42,,,0,22,,78561,42,,,0,22,,78574,42,,,0,62,,78548,42,,,0,22,,78541,42,,,0,62,,78562,42,,,0,25,,78575,42,,,0,16,,78584,42,,,0,17,,78549,42,,,0,55,,78542,42,,,0,15,,78587,42,,,0,15,,78563,42,,,0,15,,78590,42,,,0,55,,78585,42,,,0,15,,78589,42,,,0,15,,78576,42,,,0,15,,78543,42,,,0,55,,78550,42,,,0,15,,78564,42,,,0,15,,78592,42,,,0,15,,78586,42,,,0,52,,78591,42,,,0,14,,78588,42,,,0,13,,78551,42,,,0,22,,78565,42,,,0,70,,78552,42,,,0,30,,78593,42,,,0,70,,78566,42,,,0,30,,78553,42,,,0,70,,78594,42,,,0,30,,78567,42,,,0,70,,78554,42,,,0,30,,78595,42,,,0,70,,78568,42,,,0,30,,78555,42,,,0,74,,78597,42,,,0,74,,78596,42,,,0
10201,'Saturday',646,,115648,6,,,0,70,,115650,6,,,0,30,,115651,6,,,0,70,,115652,6,,,0,30,,115649,6,,,0,70,,115653,6,,,0,30,,115654,6,,,0,70,,115655,6,,,0,30,,115657,6,,,0,70,,115658,6,,,0,30,,115661,6,,,0,70,,115656,6,,,0,30,,115662,6,,,0,70,,115663,6,,,0,30,,115659,6,,,0,70,,115660,6,,,0,30,,115665,6,,,0,70,,115666,6,,,0,30,,115667,6,,,0,70,,115664,6,,,0,30,,115668,6,,,0,70,,115669,6,,,0,30,,115670,6,,,0,70,,115671,6,,,0,30,,115672,6,,,0,70,,115673,6,,,0,30,,115674,6,,,0,70,,115675,6,,,0,30,,115676,6,,,0,70,,115678,6,,,0,30,,115679,6,,,0,70,,115680,6,,,0,30,,115677,6,,,0,70,,115681,6,,,0,30,,115682,6,,,0,64,,115683,6,,,0,30,,115684,6,,,0
10201,'Sunday',646,,115685,6,,,0,70,,115698,6,,,0,30,,115687,6,,,0,70,,115700,6,,,0,30,,115686,6,,,0,70,,115699,6,,,0,30,,115688,6,,,0,70,,115701,6,,,0,30,,115689,6,,,0,70,,115702,6,,,0,30,,115690,6,,,0,70,,115703,6,,,0,30,,115691,6,,,0,70,,115704,6,,,0,30,,115692,6,,,0,70,,115706,6,,,0,30,,115693,6,,,0,70,,115705,6,,,0,30,,115694,6,,,0,70,,115707,6,,,0,30,,115695,6,,,0,70,,115709,6,,,0,30,,115696,6,,,0,70,,115708,6,,,0,30,,115697,6,,,0,70,,115710,6,,,0,30,,115711,6,,,0,70,,115712,6,,,0,30,,115713,6,,,0,70,,115714,6,,,0,30,,115715,6,,,0,70,,115716,6,,,0,30,,115717,6,,,0,70,,115718,6,,,0,24,,115719,6,,,0
10201,'Weekday',446,,115723,6,,,0,70,,115724,6,,,0,25,,115725,6,,,0,60,,115726,6,,,0,20,,115727,6,,,0,20,,115728,6,,,0,60,,115729,6,,,0,20,,115730,6,,,0,20,,115731,6,,,0,60,,115732,6,,,0,20,,115733,6,,,0,26,,115734,6,,,0,70,,115736,6,,,0,30,,115737,6,,,0,70,,115738,6,,,0,30,,115735,6,,,0,70,,115739,6,,,0,30,,115740,6,,,0,70,,115741,6,,,0,30,,115742,6,,,0,70,,115745,6,,,0,30,,115746,6,,,0,70,,115743,6,,,0,21,,115748,6,,,0,20,,115749,6,,,0,60,,115744,6,,,0,20,,115747,6,,,0,20,,115750,6,,,0,60,,115751,6,,,0,20,,115752,6,,,0,20,,115754,6,,,0,60,,115756,6,,,0,20,,115753,6,,,0,20,,115757,6,,,0,60,,115755,6,,,0,20,,115758,6,,,0,63,,115759,6,,,0,24,,115760,6,,,0,30,,115761,6,,,0,70,,115762,6,,,0,30,,115763,6,,,0,70,,115764,6,,,0,30,,115765,6,,,0,70,,115766,6,,,0,30,,115767,6,,,0,70,,115721,6,,,0,30,,115722,6,,,0,70,,115720,6,,,0,24,,115768,6,,,0
10201,'STMPSa-Saturday',646,,115770,6,,,0,70,,115769,6,,,0,30,,115772,6,,,0,70,,115773,6,,,0,30,,115771,6,,,0,70,,115774,6,,,0,30,,115775,6,,,0,70,,115776,6,,,0,30,,115778,6,,,0,70,,115779,6,,,0,30,,115782,6,,,0,70,,115777,6,,,0,30,,115783,6,,,0,70,,115784,6,,,0,30,,115780,6,,,0,70,,115781,6,,,0,30,,115786,6,,,0,70,,115787,6,,,0,30,,115788,6,,,0,70,,115785,6,,,0,30,,115789,6,,,0,70,,115790,6,,,0,30,,115791,6,,,0,70,,115792,6,,,0,30,,115793,6,,,0,70,,115794,6,,,0,30,,115795,6,,,0,70,,115796,6,,,0,30,,115797,6,,,0,70,,115799,6,,,0,30,,115800,6,,,0,70,,115801,6,,,0,30,,115798,6,,,0,70,,115802,6,,,0,30,,115803,6,,,0,64,,115804,6,,,0,30,,115805,6,,,0
10201,'STMPSnea-Weekday',446,,115809,6,,,0,70,,115810,6,,,0,25,,115811,6,,,0,60,,115812,6,,,0,20,,115813,6,,,0,20,,115814,6,,,0,60,,115815,6,,,0,20,,115816,6,,,0,20,,115817,6,,,0,60,,115818,6,,,0,20,,115819,6,,,0,26,,115820,6,,,0,70,,115822,6,,,0,30,,115823,6,,,0,70,,115824,6,,,0,30,,115821,6,,,0,70,,115825,6,,,0,30,,115826,6,,,0,70,,115827,6,,,0,30,,115828,6,,,0,70,,115831,6,,,0,30,,115832,6,,,0,70,,115829,6,,,0,21,,115834,6,,,0,20,,115835,6,,,0,60,,115830,6,,,0,20,,115833,6,,,0,20,,115836,6,,,0,60,,115837,6,,,0,20,,115838,6,,,0,20,,115840,6,,,0,60,,115842,6,,,0,20,,115839,6,,,0,20,,115843,6,,,0,60,,115841,6,,,0,20,,115844,6,,,0,63,,115845,6,,,0,24,,115846,6,,,0,30,,115847,6,,,0,70,,115848,6,,,0,30,,115849,6,,,0,70,,115850,6,,,0,30,,115851,6,,,0,70,,115852,6,,,0,30,,115853,6,,,0,70,,115807,6,,,0,30,,115808,6,,,0,70,,115806,6,,,0,24,,115854,6,,,0
10201,'STMPSu1-Sunday',646,,115855,6,,,0,70,,115868,6,,,0,30,,115857,6,,,0,70,,115870,6,,,0,30,,115856,6,,,0,70,,115869,6,,,0,30,,115858,6,,,0,70,,115871,6,,,0,30,,115859,6,,,0,70,,115872,6,,,0,30,,115860,6,,,0,70,,115873,6,,,0,30,,115861,6,,,0,70,,115874,6,,,0,30,,115862,6,,,0,70,,115876,6,,,0,30,,115863,6,,,0,70,,115875,6,,,0,30,,115864,6,,,0,70,,115877,6,,,0,30,,115865,6,,,0,70,,115879,6,,,0,30,,115866,6,,,0,70,,115878,6,,,0,30,,115867,6,,,0,70,,115880,6,,,0,30,,115881,6,,,0,70,,115882,6,,,0,30,,115883,6,,,0,70,,115884,6,,,0,30,,115885,6,,,0,70,,115886,6,,,0,30,,115887,6,,,0,70,,115888,6,,,0,24,,115889,6,,,0
10201,'STMPSu2-Sunday',646,,115890,6,,,0,70,,115903,6,,,0,30,,115892,6,,,0,70,,115905,6,,,0,30,,115891,6,,,0,70,,115904,6,,,0,30,,115893,6,,,0,70,,115906,6,,,0,30,,115894,6,,,0,70,,115907,6,,,0,30,,115895,6,,,0,70,,115908,6,,,0,30,,115896,6,,,0,70,,115909,6,,,0,30,,115897,6,,,0,70,,115911,6,,,0,30,,115898,6,,,0,70,,115910,6,,,0,30,,115899,6,,,0,70,,115912,6,,,0,30,,115900,6,,,0,70,,115914,6,,,0,30,,115901,6,,,0,70,,115913,6,,,0,30,,115902,6,,,0,70,,115915,6,,,0,30,,115916,6,,,0,70,,115917,6,,,0,30,,115918,6,,,0,70,,115919,6,,,0,30,,115920,6,,,0,70,,115921,6,,,0,30,,115922,6,,,0,70,,115923,6,,,0,24,,115924,6,,,0
10201,'STMPWeek-Weekday',446,,115928,6,,,0,70,,115929,6,,,0,25,,115930,6,,,0,60,,115931,6,,,0,20,,115932,6,,,0,20,,115933,6,,,0,60,,115934,6,,,0,20,,115935,6,,,0,20,,115936,6,,,0,60,,115937,6,,,0,20,,115938,6,,,0,26,,115939,6,,,0,70,,115941,6,,,0,30,,115942,6,,,0,70,,115943,6,,,0,30,,115940,6,,,0,70,,115944,6,,,0,30,,115945,6,,,0,70,,115946,6,,,0,30,,115947,6,,,0,70,,115950,6,,,0,30,,115951,6,,,0,70,,115948,6,,,0,21,,115953,6,,,0,20,,115954,6,,,0,60,,115949,6,,,0,20,,115952,6,,,0,20,,115955,6,,,0,60,,115956,6,,,0,20,,115957,6,,,0,20,,115959,6,,,0,60,,115961,6,,,0,20,,115958,6,,,0,20,,115962,6,,,0,60,,115960,6,,,0,20,,115963,6,,,0,63,,115964,6,,,0,24,,115965,6,,,0,30,,115966,6,,,0,70,,115967,6,,,0,30,,115968,6,,,0,70,,115969,6,,,0,30,,115970,6,,,0,70,,115971,6,,,0,30,,115972,6,,,0,70,,115926,6,,,0,30,,115927,6,,,0,70,,115925,6,,,0,24,,115973,6,,,0
10201,'STMPar-Weekday',446,,115977,6,,,0,70,,115978,6,,,0,25,,115979,6,,,0,60,,115980,6,,,0,20,,115981,6,,,0,20,,115982,6,,,0,60,,115983,6,,,0,20,,115984,6,,,0,20,,115985,6,,,0,60,,115986,6,,,0,20,,115987,6,,,0,26,,115988,6,,,0,70,,115990,6,,,0,30,,115991,6,,,0,70,,115992,6,,,0,30,,115989,6,,,0,70,,115993,6,,,0,30,,115995,6,,,0,70,,115996,6,,,0,30,,115997,6,,,0,70,,115999,6,,,0,30,,116000,6,,,0,70,,115994,6,,,0,21,,116002,6,,,0,20,,116003,6,,,0,60,,115998,6,,,0,20,,116001,6,,,0,20,,116004,6,,,0,60,,116005,6,,,0,20,,116006,6,,,0,20,,116008,6,,,0,60,,116010,6,,,0,20,,116007,6,,,0,20,,116011,6,,,0,60,,116009,6,,,0,20,,116012,6,,,0,63,,116013,6,,,0,24,,116014,6,,,0,30,,116015,6,,,0,70,,116016,6,,,0,30,,116017,6,,,0,70,,116018,6,,,0,30,,116019,6,,,0,70,,116020,6,,,0,30,,116021,6,,,0,70,,115975,6,,,0,30,,115976,6,,,0,70,,115974,6,,,0,24,,116022,6,,,0
