9800,'Saturday',543,,50356,4,,,0,77,,50357,4,,,0,35,,50358,4,,,0,75,,50360,4,,,0,75,,50361,4,,,0,35,,50359,4,,,0,75,,50362,4,,,0,35,,50363,4,,,0,75,,50364,4,,,0,75,,50365,4,,,0,35,,50366,4,,,0,75,,50367,4,,,0,35,,50368,4,,,0,75,,50369,4,,,0,35,,50370,4,,,0,75,,50371,4,,,0,75,,50372,4,,,0,35,,50373,4,,,0,75,,50374,4,,,0,35,,50375,4,,,0,75,,50376,4,,,0,75,,50377,4,,,0,35,,50378,4,,,0,75,,50379,4,,,0,35,,50380,4,,,0,75,,50381,4,,,0,35,,50382,4,,,0,75,,50383,4,,,0,75,,50384,4,,,0,35,,50385,4,,,0
9800,'Sunday',804,,50386,4,,,0,35,,50387,4,,,0,75,,50388,4,,,0,35,,50389,4,,,0,75,,50391,4,,,0,35,,50392,4,,,0,75,,50393,4,,,0,75,,50390,4,,,0,35,,50394,4,,,0,75,,50395,4,,,0,35,,50396,4,,,0,75,,50397,4,,,0,75,,50399,4,,,0,35,,50398,4,,,0,75,,50400,4,,,0,35,,50402,4,,,0,75,,50401,4,,,0,35,,50403,4,,,0,75,,50404,4,,,0,75,,50405,4,,,0,35,,50406,4,,,0,75,,50407,4,,,0,35,,50408,4,,,0,75,,50409,4,,,0,75,,50411,4,,,0,35,,50410,4,,,0
9800,'Weekday',459,,50414,4,,,0,73,,50431,4,,,0,74,,50415,4,,,0,33,,50432,4,,,0,73,,50416,4,,,0,33,,50433,4,,,0,67,,50413,4,,,0,6,,50417,4,,,0,33,,50434,4,,,0,72,,50418,4,,,0,33,,50435,4,,,0,73,,50419,4,,,0,73,,50436,4,,,0,33,,50420,4,,,0,73,,50437,4,,,0,33,,50421,4,,,0,73,,50438,4,,,0,33,,50422,4,,,0,73,,50439,4,,,0,34,,50423,4,,,0,73,,50440,4,,,0,17,,50412,4,,,0,56,,50424,4,,,0,33,,50441,4,,,0,73,,50425,4,,,0,33,,50442,4,,,0,72,,50426,4,,,0,33,,50443,4,,,0,73,,50427,4,,,0,33,,50444,4,,,0,73,,50428,4,,,0,33,,50445,4,,,0,73,,50429,4,,,0,73,,50446,4,,,0,33,,50430,4,,,0,73,,50447,4,,,0
9800,'Weekday0000100',1328,,50448,4,,,0
9800,'Weekday1111000',1548,,50449,4,,,0
9800,'1CCSDCUT-Weekday',459,,50452,4,,,0,73,,50469,4,,,0,74,,50453,4,,,0,33,,50470,4,,,0,73,,50454,4,,,0,33,,50471,4,,,0,67,,50451,4,,,0,6,,50455,4,,,0,33,,50472,4,,,0,72,,50456,4,,,0,33,,50473,4,,,0,73,,50457,4,,,0,73,,50474,4,,,0,33,,50458,4,,,0,73,,50475,4,,,0,33,,50459,4,,,0,73,,50476,4,,,0,33,,50460,4,,,0,73,,50477,4,,,0,34,,50461,4,,,0,73,,50478,4,,,0,17,,50450,4,,,0,56,,50462,4,,,0,33,,50479,4,,,0,73,,50463,4,,,0,33,,50480,4,,,0,72,,50464,4,,,0,33,,50481,4,,,0,73,,50465,4,,,0,33,,50482,4,,,0,73,,50466,4,,,0,33,,50483,4,,,0,73,,50467,4,,,0,73,,50484,4,,,0,33,,50468,4,,,0,73,,50485,4,,,0
9800,'1CCSDCUT-Weekday0000100',1328,,50486,4,,,0
9800,'1CCSDCUT-Weekday1111000',1548,,50487,4,,,0
9800,'1PUBCUT-Weekday',459,,50490,4,,,0,73,,50507,4,,,0,74,,50491,4,,,0,33,,50508,4,,,0,73,,50492,4,,,0,33,,50509,4,,,0,67,,50489,4,,,0,6,,50493,4,,,0,33,,50510,4,,,0,72,,50494,4,,,0,33,,50511,4,,,0,73,,50495,4,,,0,73,,50512,4,,,0,33,,50496,4,,,0,73,,50513,4,,,0,33,,50497,4,,,0,73,,50514,4,,,0,33,,50498,4,,,0,73,,50515,4,,,0,34,,50499,4,,,0,73,,50516,4,,,0,17,,50488,4,,,0,56,,50500,4,,,0,33,,50517,4,,,0,73,,50501,4,,,0,33,,50518,4,,,0,72,,50502,4,,,0,33,,50519,4,,,0,73,,50503,4,,,0,33,,50520,4,,,0,73,,50504,4,,,0,33,,50521,4,,,0,73,,50505,4,,,0,73,,50522,4,,,0,33,,50506,4,,,0,73,,50523,4,,,0
15601,'Saturday',609,,60789,4,,,0,33,,60790,4,,,0,73,,60791,4,,,0,33,,60792,4,,,0,73,,60793,4,,,0,33,,60794,4,,,0,73,,60795,4,,,0,73,,60796,4,,,0,33,,60797,4,,,0,73,,60799,4,,,0,33,,60798,4,,,0,73,,60801,4,,,0,33,,60802,4,,,0,73,,60800,4,,,0,33,,60803,4,,,0,73,,60804,4,,,0,33,,60805,4,,,0,73,,60806,4,,,0,73,,60807,4,,,0,33,,60808,4,,,0,73,,60809,4,,,0,33,,60810,4,,,0,73,,60811,4,,,0,33,,60812,4,,,0,73,,60813,4,,,0,33,,60814,4,,,0,73,,60815,4,,,0,73,,60816,4,,,0,33,,60817,4,,,0,73,,60818,4,,,0
15601,'Sunday',740,,60819,4,,,0,73,,60820,4,,,0,33,,60821,4,,,0,73,,60822,4,,,0,33,,60823,4,,,0,73,,60824,4,,,0,33,,60825,4,,,0,73,,60826,4,,,0,73,,60827,4,,,0,33,,60828,4,,,0,73,,60829,4,,,0,33,,60830,4,,,0,73,,60832,4,,,0,33,,60831,4,,,0,73,,60834,4,,,0,33,,60833,4,,,0,73,,60835,4,,,0,73,,60837,4,,,0,33,,60838,4,,,0,73,,60836,4,,,0,33,,60839,4,,,0,73,,60840,4,,,0,33,,60841,4,,,0,73,,60842,4,,,0,33,,60844,4,,,0,73,,60843,4,,,0,33,,60845,4,,,0
15601,'Weekday',507,,60864,4,,,0,33,,60847,4,,,0,73,,60865,4,,,0,33,,60848,4,,,0,73,,60866,4,,,0,33,,60849,4,,,0,69,,60867,4,,,0,37,,60850,4,,,0,73,,60868,4,,,0,73,,60851,4,,,0,33,,60869,4,,,0,73,,60852,4,,,0,33,,60870,4,,,0,73,,60853,4,,,0,33,,60871,4,,,0,69,,60854,4,,,0,37,,60872,4,,,0,73,,60855,4,,,0,73,,60873,4,,,0,33,,60856,4,,,0,14,,60846,4,,,0,59,,60874,4,,,0,33,,60857,4,,,0,73,,60875,4,,,0,33,,60858,4,,,0,73,,60876,4,,,0,33,,60859,4,,,0,73,,60877,4,,,0,33,,60860,4,,,0,73,,60878,4,,,0,73,,60861,4,,,0,33,,60879,4,,,0,73,,60862,4,,,0,33,,60880,4,,,0,73,,60863,4,,,0
15601,'1CCSDCUT-Weekday',507,,60899,4,,,0,33,,60882,4,,,0,73,,60900,4,,,0,33,,60883,4,,,0,73,,60901,4,,,0,33,,60884,4,,,0,69,,60902,4,,,0,37,,60885,4,,,0,73,,60903,4,,,0,73,,60886,4,,,0,33,,60904,4,,,0,73,,60887,4,,,0,33,,60905,4,,,0,73,,60888,4,,,0,33,,60906,4,,,0,69,,60889,4,,,0,37,,60907,4,,,0,73,,60890,4,,,0,73,,60908,4,,,0,33,,60891,4,,,0,14,,60881,4,,,0,59,,60909,4,,,0,33,,60892,4,,,0,73,,60910,4,,,0,33,,60893,4,,,0,73,,60911,4,,,0,33,,60894,4,,,0,73,,60912,4,,,0,33,,60895,4,,,0,73,,60913,4,,,0,73,,60896,4,,,0,33,,60914,4,,,0,73,,60897,4,,,0,33,,60915,4,,,0,73,,60898,4,,,0
15601,'1PUBCUT-Weekday',507,,60934,4,,,0,33,,60917,4,,,0,73,,60935,4,,,0,33,,60918,4,,,0,73,,60936,4,,,0,33,,60919,4,,,0,69,,60937,4,,,0,37,,60920,4,,,0,73,,60938,4,,,0,73,,60921,4,,,0,33,,60939,4,,,0,73,,60922,4,,,0,33,,60940,4,,,0,73,,60923,4,,,0,33,,60941,4,,,0,69,,60924,4,,,0,37,,60942,4,,,0,73,,60925,4,,,0,73,,60943,4,,,0,33,,60926,4,,,0,14,,60916,4,,,0,59,,60944,4,,,0,33,,60927,4,,,0,73,,60945,4,,,0,33,,60928,4,,,0,73,,60946,4,,,0,33,,60929,4,,,0,73,,60947,4,,,0,33,,60930,4,,,0,73,,60948,4,,,0,73,,60931,4,,,0,33,,60949,4,,,0,73,,60932,4,,,0,33,,60950,4,,,0,73,,60933,4,,,0
