801,'Saturday',702,,27659,24,,,0,27,,27660,24,,,0,27,,27661,24,,,0,67,,27662,24,,,0,27,,27663,24,,,0,67,,27664,24,,,0,27,,27665,24,,,0,67,,27666,24,,,0,27,,27667,24,,,0,67,,27668,24,,,0,27,,27669,24,,,0,27,,27670,24,,,0,67,,27671,24,,,0,27,,27672,24,,,0,67,,27673,24,,,0,27,,27674,24,,,0,67,,27676,24,,,0,27,,27677,24,,,0,67,,27678,24,,,0,27,,27675,24,,,0,67,,27679,24,,,0,27,,27680,24,,,0,27,,27681,24,,,0,67,,27682,24,,,0,27,,27683,24,,,0,67,,27685,24,,,0,27,,27686,24,,,0,67,,27687,24,,,0,27,,27684,24,,,0,67,,27688,24,,,0,27,,27689,24,,,0,70,,27690,24,,,0,35,,27691,24,,,0,75,,27692,24,,,0,35,,27693,24,,,0,75,,27694,24,,,0,35,,27695,24,,,0
801,'Sunday',702,,27697,24,,,0,27,,27696,24,,,0,27,,27698,24,,,0,67,,27699,24,,,0,27,,27700,24,,,0,67,,27701,24,,,0,27,,27703,24,,,0,67,,27702,24,,,0,27,,27704,24,,,0,67,,27705,24,,,0,27,,27706,24,,,0,27,,27707,24,,,0,67,,27708,24,,,0,27,,27709,24,,,0,67,,27710,24,,,0,27,,27711,24,,,0,67,,27712,24,,,0,27,,27713,24,,,0,67,,27714,24,,,0,27,,27715,24,,,0,67,,27716,24,,,0,27,,27717,24,,,0,27,,27719,24,,,0,67,,27721,24,,,0,27,,27720,24,,,0,67,,27722,24,,,0,27,,27718,24,,,0,67,,27725,24,,,0,27,,27723,24,,,0,67,,27724,24,,,0,27,,27726,24,,,0,70,,27727,24,,,0,35,,27728,24,,,0,75,,27729,24,,,0,35,,27730,24,,,0,75,,27731,24,,,0,35,,27732,24,,,0
801,'Weekday',530,,27794,24,,,0,18,,27757,24,,,0,58,,27736,24,,,0,18,,27738,24,,,0,17,,27748,24,,,0,17,,27765,24,,,0,58,,27773,24,,,0,5,,27781,24,,,0,5,,27782,24,,,0,7,,27795,24,,,0,5,,27783,24,,,0,5,,27784,24,,,0,7,,27758,24,,,0,5,,27785,24,,,0,45,,27786,24,,,0,7,,27737,24,,,0,5,,27787,24,,,0,5,,27788,24,,,0,7,,27740,24,,,0,5,,27789,24,,,0,12,,27749,24,,,0,17,,27766,24,,,0,56,,27774,24,,,0,13,,27796,24,,,0,21,,27759,24,,,0,61,,27739,24,,,0,21,,27750,24,,,0,21,,27767,24,,,0,61,,27797,24,,,0,21,,27760,24,,,0,21,,27741,24,,,0,61,,27751,24,,,0,21,,27769,24,,,0,21,,27798,24,,,0,61,,27761,24,,,0,21,,27742,24,,,0,61,,27752,24,,,0,21,,27768,24,,,0,24,,27799,24,,,0,12,,27790,24,,,0,50,,27762,24,,,0,10,,27791,24,,,0,10,,27743,24,,,0,5,,27792,24,,,0,9,,27776,24,,,0,17,,27753,24,,,0,45,,27793,24,,,0,7,,27779,24,,,0,5,,27770,24,,,0,5,,27778,24,,,0,5,,27780,24,,,0,5,,27775,24,,,0,17,,27800,24,,,0,57,,27763,24,,,0,17,,27744,24,,,0,17,,27777,24,,,0,17,,27734,24,,,0,62,,27771,24,,,0,22,,27801,24,,,0,61,,27764,24,,,0,21,,27745,24,,,0,21,,27754,24,,,0,61,,27772,24,,,0,20,,27802,24,,,0,35,,27735,24,,,0,69,,27755,24,,,0,75,,27804,24,,,0,31,,27746,24,,,0,73,,27756,24,,,0,33,,27803,24,,,0,73,,27747,24,,,0,33,,27733,24,,,0,85,,27805,24,,,0
801,'Weekday0000100',1410,,27806,24,,,0,38,,27807,24,,,0
801,'Weekday1111000',1551,,27808,24,,,0
801,'1CCSDCUT-Weekday',530,,27870,24,,,0,18,,27833,24,,,0,58,,27812,24,,,0,18,,27814,24,,,0,17,,27824,24,,,0,17,,27841,24,,,0,58,,27849,24,,,0,5,,27857,24,,,0,5,,27858,24,,,0,7,,27871,24,,,0,5,,27859,24,,,0,5,,27860,24,,,0,7,,27834,24,,,0,5,,27861,24,,,0,45,,27862,24,,,0,7,,27813,24,,,0,5,,27863,24,,,0,5,,27864,24,,,0,7,,27816,24,,,0,5,,27865,24,,,0,12,,27825,24,,,0,17,,27842,24,,,0,56,,27850,24,,,0,13,,27872,24,,,0,21,,27835,24,,,0,61,,27815,24,,,0,21,,27826,24,,,0,21,,27843,24,,,0,61,,27873,24,,,0,21,,27836,24,,,0,21,,27817,24,,,0,61,,27827,24,,,0,21,,27845,24,,,0,21,,27874,24,,,0,61,,27837,24,,,0,21,,27818,24,,,0,61,,27828,24,,,0,21,,27844,24,,,0,24,,27875,24,,,0,12,,27866,24,,,0,50,,27838,24,,,0,10,,27867,24,,,0,10,,27819,24,,,0,5,,27868,24,,,0,9,,27852,24,,,0,17,,27829,24,,,0,45,,27869,24,,,0,7,,27855,24,,,0,5,,27846,24,,,0,5,,27854,24,,,0,5,,27856,24,,,0,5,,27851,24,,,0,17,,27876,24,,,0,57,,27839,24,,,0,17,,27820,24,,,0,17,,27853,24,,,0,17,,27810,24,,,0,62,,27847,24,,,0,22,,27877,24,,,0,61,,27840,24,,,0,21,,27821,24,,,0,21,,27830,24,,,0,61,,27848,24,,,0,20,,27878,24,,,0,35,,27811,24,,,0,69,,27831,24,,,0,75,,27880,24,,,0,31,,27822,24,,,0,73,,27832,24,,,0,33,,27879,24,,,0,73,,27823,24,,,0,33,,27809,24,,,0,85,,27881,24,,,0
801,'1CCSDCUT-Weekday0000100',1410,,27882,24,,,0,38,,27883,24,,,0
801,'1CCSDCUT-Weekday1111000',1551,,27884,24,,,0
10501,'Saturday',624,,52561,8,,,0,35,,52571,8,,,0,80,,52568,8,,,0,80,,52570,8,,,0,40,,52573,8,,,0,80,,52569,8,,,0,80,,52572,8,,,0,40,,52575,8,,,0,80,,52576,8,,,0,80,,52578,8,,,0,40,,52574,8,,,0,80,,52579,8,,,0,80,,52580,8,,,0,40,,52577,8,,,0,80,,52581,8,,,0,80,,52582,8,,,0,40,,52566,8,,,0,80,,52565,8,,,0,80,,52567,8,,,0,40,,52563,8,,,0,80,,52564,8,,,0,80,,52562,8,,,0
10501,'Sunday',624,,52583,8,,,0,35,,52590,8,,,0,80,,52597,8,,,0,80,,52584,8,,,0,40,,52591,8,,,0,80,,52598,8,,,0,80,,52585,8,,,0,40,,52592,8,,,0,80,,52599,8,,,0,80,,52586,8,,,0,40,,52593,8,,,0,80,,52600,8,,,0,80,,52587,8,,,0,40,,52594,8,,,0,80,,52601,8,,,0,80,,52588,8,,,0,40,,52595,8,,,0,80,,52602,8,,,0,80,,52589,8,,,0,40,,52596,8,,,0,80,,52604,8,,,0,80,,52603,8,,,0
10501,'Weekday',516,,52630,8,,,0,30,,52621,8,,,0,69,,52613,8,,,0,31,,52605,8,,,0,70,,52631,8,,,0,31,,52624,8,,,0,70,,52614,8,,,0,15,,52639,8,,,0,14,,52606,8,,,0,70,,52632,8,,,0,30,,52622,8,,,0,70,,52615,8,,,0,30,,52607,8,,,0,70,,52633,8,,,0,30,,52623,8,,,0,70,,52616,8,,,0,30,,52608,8,,,0,70,,52634,8,,,0,30,,52625,8,,,0,70,,52617,8,,,0,30,,52609,8,,,0,71,,52635,8,,,0,30,,52626,8,,,0,70,,52618,8,,,0,30,,52610,8,,,0,70,,52636,8,,,0,30,,52627,8,,,0,70,,52620,8,,,0,29,,52611,8,,,0,70,,52637,8,,,0,30,,52628,8,,,0,70,,52619,8,,,0,30,,52612,8,,,0,69,,52638,8,,,0,43,,52629,8,,,0
10501,'1CCSDCUT-Weekday',516,,52665,8,,,0,30,,52656,8,,,0,69,,52648,8,,,0,31,,52640,8,,,0,70,,52666,8,,,0,31,,52659,8,,,0,70,,52649,8,,,0,15,,52674,8,,,0,14,,52641,8,,,0,70,,52667,8,,,0,30,,52657,8,,,0,70,,52650,8,,,0,30,,52642,8,,,0,70,,52668,8,,,0,30,,52658,8,,,0,70,,52651,8,,,0,30,,52643,8,,,0,70,,52669,8,,,0,30,,52660,8,,,0,70,,52652,8,,,0,30,,52644,8,,,0,71,,52670,8,,,0,30,,52661,8,,,0,70,,52653,8,,,0,30,,52645,8,,,0,70,,52671,8,,,0,30,,52662,8,,,0,70,,52655,8,,,0,29,,52646,8,,,0,70,,52672,8,,,0,30,,52663,8,,,0,70,,52654,8,,,0,30,,52647,8,,,0,69,,52673,8,,,0,43,,52664,8,,,0
