9801,'Saturday',600,,50524,9,,,0,35,,50525,9,,,0,75,,50527,9,,,0,35,,50526,9,,,0,75,,50529,9,,,0,35,,50530,9,,,0,75,,50528,9,,,0,75,,50531,9,,,0,35,,50532,9,,,0,75,,50533,9,,,0,35,,50534,9,,,0,75,,50535,9,,,0,75,,50536,9,,,0,35,,50537,9,,,0,75,,50538,9,,,0,35,,50539,9,,,0,75,,50540,9,,,0,35,,50541,9,,,0,75,,50542,9,,,0,75,,50543,9,,,0,35,,50544,9,,,0,75,,50545,9,,,0,35,,50547,9,,,0,75,,50546,9,,,0,75,,50548,9,,,0,35,,50549,9,,,0,75,,50551,9,,,0,35,,50550,9,,,0,75,,50553,9,,,0,35,,50552,9,,,0
9801,'Sunday',819,,50554,9,,,0,35,,50555,9,,,0,75,,50556,9,,,0,75,,50557,9,,,0,35,,50558,9,,,0,75,,50560,9,,,0,35,,50559,9,,,0,75,,50561,9,,,0,35,,50562,9,,,0,75,,50563,9,,,0,75,,50564,9,,,0,35,,50565,9,,,0,75,,50566,9,,,0,35,,50567,9,,,0,75,,50568,9,,,0,75,,50569,9,,,0,35,,50570,9,,,0,75,,50572,9,,,0,35,,50571,9,,,0,75,,50573,9,,,0,35,,50574,9,,,0,75,,50575,9,,,0,75,,50576,9,,,0,35,,50577,9,,,0,75,,50578,9,,,0,35,,50579,9,,,0
9801,'Weekday',442,,50582,9,,,0,73,,50583,9,,,0,33,,50600,9,,,0,75,,50584,9,,,0,33,,50601,9,,,0,73,,50585,9,,,0,73,,50602,9,,,0,27,,50580,9,,,0,6,,50586,9,,,0,72,,50603,9,,,0,33,,50587,9,,,0,72,,50604,9,,,0,34,,50588,9,,,0,73,,50605,9,,,0,33,,50589,9,,,0,73,,50606,9,,,0,33,,50590,9,,,0,73,,50607,9,,,0,73,,50591,9,,,0,33,,50608,9,,,0,74,,50592,9,,,0,34,,50609,9,,,0,57,,50581,9,,,0,16,,50593,9,,,0,33,,50610,9,,,0,73,,50594,9,,,0,32,,50611,9,,,0,73,,50595,9,,,0,72,,50612,9,,,0,33,,50596,9,,,0,73,,50613,9,,,0,33,,50597,9,,,0,72,,50614,9,,,0,33,,50598,9,,,0,73,,50615,9,,,0,33,,50599,9,,,0,73,,50616,9,,,0
9801,'Weekday0000100',1344,,50617,9,,,0
9801,'Weekday1111000',1606,,50618,9,,,0
69900,'Weekday0000100',1436,,68339,47,0,115 116,0,80,,68338,47,0,115 116,0
69900,'Weekday1111000',1628,,68340,47,0,115 116,0
69901,'Weekday',746,,68347,5,0,115 116,0
72800,'Weekday',818,,68516,9,0,140 69 31,0
89400,'Weekday',730,,69165,14,0,12 68 1 114 12,0
89401,'Weekday',1532,,69167,41,0,12 68 1 114 12,0
