9200,'Saturday',725,,110416,9,,,0,85,,110400,9,,,0,45,,110405,9,,,0,85,,110410,9,,,0,85,,110415,9,,,0,85,,110401,9,,,0,45,,110406,9,,,0,85,,110411,9,,,0,85,,110417,9,,,0,85,,110403,9,,,0,45,,110407,9,,,0,85,,110412,9,,,0,85,,110418,9,,,0,85,,110402,9,,,0,45,,110408,9,,,0,85,,110413,9,,,0,85,,110419,9,,,0,85,,110404,9,,,0,45,,110409,9,,,0,78,,110414,9,,,0
9200,'Sunday',725,,110435,9,,,0,85,,110420,9,,,0,45,,110425,9,,,0,85,,110430,9,,,0,85,,110436,9,,,0,85,,110421,9,,,0,45,,110426,9,,,0,85,,110431,9,,,0,85,,110438,9,,,0,85,,110422,9,,,0,45,,110427,9,,,0,85,,110432,9,,,0,85,,110437,9,,,0,85,,110423,9,,,0,45,,110428,9,,,0,85,,110433,9,,,0,85,,110439,9,,,0,85,,110424,9,,,0,45,,110429,9,,,0,78,,110434,9,,,0
9200,'Weekday',426,,110448,9,,,0,29,,110453,9,,,0,71,,110462,9,,,0,31,,110449,9,,,0,72,,110454,9,,,0,72,,110471,9,,,0,31,,110458,9,,,0,71,,110440,9,,,0,31,,110463,9,,,0,69,,110450,9,,,0,31,,110455,9,,,0,71,,110472,9,,,0,31,,110459,9,,,0,71,,110468,9,,,0,31,,110464,9,,,0,71,,110451,9,,,0,31,,110456,9,,,0,71,,110473,9,,,0,31,,110460,9,,,0,71,,110446,9,,,0,31,,110465,9,,,0,72,,110452,9,,,0,31,,110457,9,,,0,71,,110474,9,,,0,31,,110461,9,,,0,71,,110444,9,,,0,27,,110441,9,,,0,84,,110466,9,,,0,85,,110442,9,,,0,85,,110445,9,,,0,45,,110469,9,,,0,85,,110467,9,,,0,85,,110443,9,,,0,85,,110447,9,,,0,43,,110470,9,,,0
9200,'STMPSa-Saturday',725,,110491,9,,,0,85,,110475,9,,,0,45,,110480,9,,,0,85,,110485,9,,,0,85,,110490,9,,,0,85,,110476,9,,,0,45,,110481,9,,,0,85,,110486,9,,,0,85,,110492,9,,,0,85,,110478,9,,,0,45,,110482,9,,,0,85,,110487,9,,,0,85,,110493,9,,,0,85,,110477,9,,,0,45,,110483,9,,,0,85,,110488,9,,,0,85,,110494,9,,,0,85,,110479,9,,,0,45,,110484,9,,,0,78,,110489,9,,,0
9200,'STMPSnea-Weekday',426,,110503,9,,,0,29,,110508,9,,,0,71,,110517,9,,,0,31,,110504,9,,,0,72,,110509,9,,,0,72,,110526,9,,,0,31,,110513,9,,,0,71,,110495,9,,,0,31,,110518,9,,,0,69,,110505,9,,,0,31,,110510,9,,,0,71,,110527,9,,,0,31,,110514,9,,,0,71,,110523,9,,,0,31,,110519,9,,,0,71,,110506,9,,,0,31,,110511,9,,,0,71,,110528,9,,,0,31,,110515,9,,,0,71,,110501,9,,,0,31,,110520,9,,,0,72,,110507,9,,,0,31,,110512,9,,,0,71,,110529,9,,,0,31,,110516,9,,,0,71,,110499,9,,,0,27,,110496,9,,,0,84,,110521,9,,,0,85,,110497,9,,,0,85,,110500,9,,,0,45,,110524,9,,,0,85,,110522,9,,,0,85,,110498,9,,,0,85,,110502,9,,,0,43,,110525,9,,,0
9200,'STMPSu1-Sunday',725,,110545,9,,,0,85,,110530,9,,,0,45,,110535,9,,,0,85,,110540,9,,,0,85,,110546,9,,,0,85,,110531,9,,,0,45,,110536,9,,,0,85,,110541,9,,,0,85,,110548,9,,,0,85,,110532,9,,,0,45,,110537,9,,,0,85,,110542,9,,,0,85,,110547,9,,,0,85,,110533,9,,,0,45,,110538,9,,,0,85,,110543,9,,,0,85,,110549,9,,,0,85,,110534,9,,,0,45,,110539,9,,,0,78,,110544,9,,,0
9200,'STMPSu2-Sunday',725,,110565,9,,,0,85,,110550,9,,,0,45,,110555,9,,,0,85,,110560,9,,,0,85,,110566,9,,,0,85,,110551,9,,,0,45,,110556,9,,,0,85,,110561,9,,,0,85,,110568,9,,,0,85,,110552,9,,,0,45,,110557,9,,,0,85,,110562,9,,,0,85,,110567,9,,,0,85,,110553,9,,,0,45,,110558,9,,,0,85,,110563,9,,,0,85,,110569,9,,,0,85,,110554,9,,,0,45,,110559,9,,,0,78,,110564,9,,,0
9200,'STMPWeek-Weekday',426,,110578,9,,,0,29,,110583,9,,,0,71,,110592,9,,,0,31,,110579,9,,,0,72,,110584,9,,,0,72,,110601,9,,,0,31,,110588,9,,,0,71,,110570,9,,,0,31,,110593,9,,,0,69,,110580,9,,,0,31,,110585,9,,,0,71,,110602,9,,,0,31,,110589,9,,,0,71,,110598,9,,,0,31,,110594,9,,,0,71,,110581,9,,,0,31,,110586,9,,,0,71,,110603,9,,,0,31,,110590,9,,,0,71,,110576,9,,,0,31,,110595,9,,,0,72,,110582,9,,,0,31,,110587,9,,,0,71,,110604,9,,,0,31,,110591,9,,,0,71,,110574,9,,,0,27,,110571,9,,,0,84,,110596,9,,,0,85,,110572,9,,,0,85,,110575,9,,,0,45,,110599,9,,,0,85,,110597,9,,,0,85,,110573,9,,,0,85,,110577,9,,,0,43,,110600,9,,,0
9200,'STMPar-Weekday',426,,110613,9,,,0,29,,110618,9,,,0,71,,110627,9,,,0,31,,110614,9,,,0,72,,110619,9,,,0,72,,110636,9,,,0,31,,110623,9,,,0,71,,110605,9,,,0,31,,110628,9,,,0,69,,110615,9,,,0,31,,110620,9,,,0,71,,110637,9,,,0,31,,110624,9,,,0,71,,110633,9,,,0,31,,110629,9,,,0,71,,110616,9,,,0,31,,110621,9,,,0,71,,110638,9,,,0,31,,110625,9,,,0,71,,110611,9,,,0,31,,110630,9,,,0,72,,110617,9,,,0,31,,110622,9,,,0,71,,110639,9,,,0,31,,110626,9,,,0,71,,110609,9,,,0,27,,110606,9,,,0,84,,110631,9,,,0,85,,110607,9,,,0,85,,110610,9,,,0,45,,110634,9,,,0,85,,110632,9,,,0,85,,110608,9,,,0,85,,110612,9,,,0,43,,110635,9,,,0
11700,'Weekday',602,,119275,6,,,0,21,,119276,6,,,0,25,,119274,6,,,0
11700,'STMPSnea-Weekday',602,,119278,6,,,0,21,,119279,6,,,0,25,,119277,6,,,0
11700,'STMPWeek-Weekday',602,,119281,6,,,0,21,,119282,6,,,0,25,,119280,6,,,0
11700,'STMPar-Weekday',602,,119284,6,,,0,21,,119285,6,,,0,25,,119283,6,,,0
