101,'CUT-Weekday',522,,301,,,0,18,,305,,,0,17,,309,,,0,56,,313,,,0,20,,317,,,0,19,,300,,,0,58,,304,,,0,17,,308,,,0,16,,312,,,0,16,,316,,,0,56,,321,,,0,16,,302,,,0,16,,306,,,0,55,,310,,,0,16,,314,,,0,16,,318,,,0,19,,325,,,0,59,,326,,,0,20,,327,,,0,19,,328,,,0,60,,329,,,0,19,,330,,,0,19,,331,,,0,59,,332,,,0,19,,333,,,0,19,,334,,,0,59,,335,,,0,19,,336,,,0,19,,338,,,0,59,,339,,,0,22,,340,,,0,22,,337,,,0,60,,341,,,0,19,,342,,,0,19,,343,,,0,59,,344,,,0,19,,345,,,0,16,,346,,,0,16,,347,,,0,55,,348,,,0,13,,349,,,0,13,,324,,,0,15,,322,,,0,55,,303,,,0,15,,307,,,0,16,,311,,,0,16,,315,,,0,56,,319,,,0,16,,320,,,0,21,,350,,,0,61,,351,,,0,21,,352,,,0,21,,353,,,0,61,,354,,,0,20,,355,,,0,20,,356,,,0,60,,357,,,0,21,,358,,,0,21,,359,,,0,61,,360,,,0,21,,361,,,0,21,,362,,,0,61,,363,,,0,21,,364,,,0,21,,365,,,0,61,,366,,,0,21,,323,,,0
101,'Saturday',613,,380,,,0,27,,392,,,0,70,,369,,,0,28,,386,,,0,67,,399,,,0,25,,404,,,0,25,,381,,,0,65,,394,,,0,27,,374,,,0,66,,367,,,0,25,,387,,,0,65,,401,,,0,25,,406,,,0,25,,382,,,0,65,,393,,,0,25,,376,,,0,65,,368,,,0,25,,388,,,0,25,,400,,,0,65,,407,,,0,26,,383,,,0,65,,395,,,0,25,,377,,,0,65,,370,,,0,25,,389,,,0,25,,402,,,0,65,,408,,,0,25,,384,,,0,65,,396,,,0,25,,375,,,0,25,,372,,,0,65,,390,,,0,23,,403,,,0,63,,409,,,0,24,,385,,,0,25,,397,,,0,65,,379,,,0,25,,373,,,0,64,,391,,,0,24,,405,,,0,68,,410,,,0,30,,398,,,0,65,,378,,,0,35,,371,,,0
101,'Sunday',614,,423,,,0,26,,436,,,0,70,,411,,,0,27,,430,,,0,68,,443,,,0,25,,448,,,0,25,,424,,,0,65,,435,,,0,28,,417,,,0,65,,412,,,0,25,,428,,,0,65,,441,,,0,25,,449,,,0,25,,425,,,0,65,,437,,,0,25,,418,,,0,65,,414,,,0,25,,431,,,0,25,,445,,,0,65,,450,,,0,26,,426,,,0,65,,438,,,0,25,,419,,,0,65,,413,,,0,25,,432,,,0,25,,444,,,0,65,,452,,,0,25,,427,,,0,65,,439,,,0,25,,420,,,0,25,,415,,,0,65,,433,,,0,23,,446,,,0,64,,451,,,0,23,,429,,,0,25,,440,,,0,65,,421,,,0,25,,416,,,0,64,,434,,,0,23,,447,,,0,69,,453,,,0,30,,442,,,0,65,,422,,,0
101,'Weekday',522,,456,,,0,18,,460,,,0,17,,464,,,0,56,,468,,,0,20,,472,,,0,19,,455,,,0,58,,458,,,0,17,,463,,,0,16,,467,,,0,16,,471,,,0,56,,476,,,0,16,,457,,,0,16,,461,,,0,55,,465,,,0,16,,469,,,0,16,,473,,,0,19,,480,,,0,59,,481,,,0,20,,482,,,0,19,,483,,,0,60,,484,,,0,19,,485,,,0,19,,486,,,0,59,,487,,,0,19,,488,,,0,19,,489,,,0,59,,490,,,0,19,,491,,,0,19,,492,,,0,59,,493,,,0,22,,494,,,0,22,,495,,,0,60,,496,,,0,19,,497,,,0,19,,498,,,0,59,,499,,,0,19,,500,,,0,16,,501,,,0,16,,502,,,0,55,,503,,,0,13,,504,,,0,13,,479,,,0,15,,477,,,0,55,,459,,,0,15,,462,,,0,16,,466,,,0,16,,470,,,0,56,,474,,,0,16,,475,,,0,21,,505,,,0,61,,506,,,0,21,,507,,,0,21,,508,,,0,61,,509,,,0,20,,510,,,0,20,,511,,,0,60,,512,,,0,21,,513,,,0,21,,514,,,0,61,,515,,,0,21,,516,,,0,21,,517,,,0,61,,518,,,0,21,,519,,,0,21,,520,,,0,61,,521,,,0,21,,478,,,0
101,'pBxDec31-Weekday',522,,523,,,0,18,,527,,,0,17,,531,,,0,56,,535,,,0,20,,539,,,0,19,,522,,,0,58,,526,,,0,17,,530,,,0,16,,534,,,0,16,,538,,,0,56,,543,,,0,16,,524,,,0,16,,528,,,0,55,,532,,,0,16,,536,,,0,16,,540,,,0,19,,547,,,0,59,,548,,,0,20,,549,,,0,19,,550,,,0,60,,551,,,0,19,,552,,,0,19,,553,,,0,59,,554,,,0,19,,555,,,0,19,,556,,,0,59,,557,,,0,19,,558,,,0,19,,560,,,0,59,,561,,,0,22,,562,,,0,22,,559,,,0,60,,563,,,0,19,,564,,,0,19,,565,,,0,59,,566,,,0,19,,567,,,0,16,,568,,,0,16,,569,,,0,55,,570,,,0,13,,571,,,0,13,,546,,,0,15,,544,,,0,55,,525,,,0,15,,529,,,0,16,,533,,,0,16,,537,,,0,56,,541,,,0,16,,542,,,0,21,,572,,,0,61,,573,,,0,21,,574,,,0,21,,575,,,0,61,,576,,,0,20,,577,,,0,20,,579,,,0,60,,580,,,0,21,,581,,,0,21,,578,,,0,61,,582,,,0,21,,583,,,0,21,,584,,,0,61,,585,,,0,11,,589,,,0,10,,586,,,0,21,,587,,,0,51,,592,,,0,10,,588,,,0,21,,545,,,0,61,,590,,,0,39,,591,,,0,79,,593,,,0
4001,'CUT-Weekday',611,,12422,,,0,33,,12424,,,0,75,,12427,,,0,35,,12423,,,0,75,,12425,,,0,75,,12426,,,0,35,,12437,,,0,75,,12433,,,0,35,,12428,,,0,75,,12439,,,0,35,,12434,,,0,75,,12429,,,0,75,,12440,,,0,35,,12436,,,0,75,,12430,,,0,35,,12441,,,0,77,,12435,,,0,75,,12431,,,0,35,,12442,,,0,75,,12438,,,0,37,,12432,,,0,71,,12443,,,0,35,,12446,,,0,74,,12450,,,0,75,,12444,,,0,35,,12447,,,0,75,,12449,,,0,37,,12445,,,0,78,,12448,,,0,75,,12451,,,0
4001,'Saturday',719,,12456,,,0,35,,12458,,,0,75,,12459,,,0,75,,12460,,,0,35,,12457,,,0,75,,12462,,,0,35,,12463,,,0,75,,12464,,,0,35,,12461,,,0,75,,12465,,,0,75,,12466,,,0,35,,12467,,,0,75,,12468,,,0,35,,12469,,,0,75,,12470,,,0,75,,12471,,,0,35,,12455,,,0,75,,12454,,,0,35,,12453,,,0,75,,12452,,,0
4001,'Sunday',719,,12476,,,0,35,,12477,,,0,75,,12478,,,0,75,,12479,,,0,35,,12481,,,0,75,,12482,,,0,35,,12474,,,0,75,,12483,,,0,35,,12480,,,0,75,,12484,,,0,75,,12485,,,0,35,,12486,,,0,75,,12487,,,0,35,,12488,,,0,75,,12489,,,0,75,,12490,,,0,35,,12491,,,0,75,,12473,,,0,35,,12472,,,0,75,,12475,,,0
4001,'Weekday',611,,12492,,,0,33,,12494,,,0,75,,12496,,,0,35,,12493,,,0,75,,12495,,,0,75,,12497,,,0,35,,12507,,,0,75,,12503,,,0,35,,12498,,,0,75,,12509,,,0,35,,12504,,,0,75,,12499,,,0,75,,12510,,,0,35,,12506,,,0,75,,12500,,,0,35,,12511,,,0,77,,12505,,,0,75,,12501,,,0,35,,12512,,,0,75,,12508,,,0,37,,12502,,,0,71,,12513,,,0,35,,12516,,,0,74,,12519,,,0,75,,12514,,,0,35,,12517,,,0,75,,12520,,,0,37,,12515,,,0,78,,12518,,,0,75,,12521,,,0
4001,'pBxDec31-Weekday',611,,12522,,,0,33,,12524,,,0,75,,12527,,,0,35,,12523,,,0,75,,12525,,,0,75,,12526,,,0,35,,12537,,,0,75,,12533,,,0,35,,12528,,,0,75,,12539,,,0,35,,12534,,,0,75,,12529,,,0,75,,12540,,,0,35,,12536,,,0,75,,12530,,,0,35,,12541,,,0,77,,12535,,,0,75,,12531,,,0,35,,12542,,,0,75,,12538,,,0,37,,12532,,,0,71,,12543,,,0,35,,12546,,,0,74,,12549,,,0,75,,12544,,,0,35,,12547,,,0,75,,12550,,,0,37,,12545,,,0,78,,12548,,,0,75,,12551,,,0
