6101,'CUT-Weekday',439,,17455,,,0,72,,17476,,,0,32,,17465,,,0,72,,17461,,,0,35,,17467,,,0,77,,17459,,,0,77,,17460,,,0,37,,17468,,,0,77,,17456,,,0,37,,17480,,,0,77,,17482,,,0,77,,17483,,,0,37,,17484,,,0,77,,17481,,,0,77,,17485,,,0,37,,17486,,,0,77,,17487,,,0,37,,17488,,,0,78,,17489,,,0,78,,17479,,,0,36,,17466,,,0,76,,17470,,,0,36,,17474,,,0,76,,17462,,,0,76,,17458,,,0,36,,17457,,,0,76,,17463,,,0,36,,17464,,,0,73,,17471,,,0,72,,17469,,,0,32,,17473,,,0,71,,17490,,,0,30,,17478,,,0,70,,17475,,,0,30,,17472,,,0,70,,17477,,,0
6101,'Saturday',459,,17526,,,0,72,,17525,,,0,72,,17491,,,0,32,,17493,,,0,73,,17494,,,0,34,,17495,,,0,74,,17492,,,0,34,,17497,,,0,74,,17499,,,0,34,,17496,,,0,76,,17500,,,0,76,,17498,,,0,36,,17501,,,0,76,,17502,,,0,36,,17503,,,0,76,,17504,,,0,76,,17505,,,0,36,,17507,,,0,76,,17509,,,0,36,,17510,,,0,76,,17506,,,0,76,,17508,,,0,36,,17512,,,0,76,,17515,,,0,36,,17516,,,0,76,,17517,,,0,76,,17514,,,0,36,,17511,,,0,76,,17518,,,0,34,,17513,,,0,73,,17520,,,0,73,,17521,,,0,33,,17519,,,0,73,,17522,,,0,33,,17523,,,0,73,,17524,,,0
6101,'Sunday',459,,17531,,,0,72,,17530,,,0,72,,17527,,,0,32,,17529,,,0,73,,17528,,,0,34,,17532,,,0,74,,17533,,,0,34,,17534,,,0,74,,17535,,,0,34,,17537,,,0,76,,17538,,,0,76,,17539,,,0,36,,17536,,,0,76,,17542,,,0,36,,17544,,,0,76,,17540,,,0,76,,17543,,,0,36,,17541,,,0,76,,17545,,,0,36,,17546,,,0,76,,17547,,,0,76,,17548,,,0,36,,17549,,,0,76,,17550,,,0,36,,17551,,,0,76,,17552,,,0,76,,17554,,,0,36,,17553,,,0,76,,17555,,,0,34,,17556,,,0,73,,17557,,,0,73,,17558,,,0,33,,17559,,,0,73,,17560,,,0,33,,17562,,,0,73,,17561,,,0
6101,'Weekday',439,,17563,,,0,72,,17584,,,0,32,,17573,,,0,72,,17569,,,0,35,,17575,,,0,77,,17567,,,0,77,,17568,,,0,37,,17576,,,0,77,,17564,,,0,37,,17588,,,0,77,,17590,,,0,77,,17591,,,0,37,,17592,,,0,77,,17589,,,0,77,,17593,,,0,37,,17594,,,0,77,,17595,,,0,37,,17596,,,0,78,,17597,,,0,78,,17587,,,0,36,,17574,,,0,76,,17578,,,0,36,,17582,,,0,76,,17570,,,0,76,,17566,,,0,36,,17565,,,0,76,,17571,,,0,36,,17572,,,0,73,,17579,,,0,72,,17577,,,0,32,,17581,,,0,71,,17598,,,0,30,,17586,,,0,70,,17583,,,0,30,,17580,,,0,70,,17585,,,0
6101,'pBxDec31-Weekday',439,,17599,,,0,72,,17620,,,0,32,,17609,,,0,72,,17605,,,0,35,,17611,,,0,77,,17603,,,0,77,,17604,,,0,37,,17612,,,0,77,,17600,,,0,37,,17624,,,0,77,,17626,,,0,77,,17627,,,0,37,,17628,,,0,77,,17625,,,0,77,,17629,,,0,37,,17630,,,0,77,,17631,,,0,37,,17632,,,0,78,,17633,,,0,78,,17623,,,0,36,,17610,,,0,76,,17614,,,0,36,,17618,,,0,76,,17606,,,0,76,,17602,,,0,36,,17601,,,0,76,,17607,,,0,36,,17608,,,0,73,,17615,,,0,72,,17613,,,0,32,,17617,,,0,71,,17634,,,0,30,,17622,,,0,70,,17619,,,0,30,,17616,,,0,70,,17621,,,0
8501,'CUT-Weekday',450,,22461,,,0,66,,22467,,,0,26,,22462,,,0,66,,22468,,,0,26,,22463,,,0,66,,22469,,,0,26,,22464,,,0,27,,22470,,,0,66,,22465,,,0,27,,22471,,,0,66,,22466,,,0,27,,22472,,,0,66,,22474,,,0,26,,22495,,,0,26,,22473,,,0,66,,22496,,,0,26,,22476,,,0,66,,22497,,,0,26,,22475,,,0,66,,22498,,,0,26,,22477,,,0,67,,22499,,,0,27,,22478,,,0,27,,22500,,,0,68,,22480,,,0,27,,22494,,,0,68,,22479,,,0,27,,22489,,,0,68,,22481,,,0,28,,22490,,,0,67,,22482,,,0,28,,22491,,,0,67,,22483,,,0,26,,22492,,,0,26,,22484,,,0,66,,22485,,,0,26,,22501,,,0,66,,22486,,,0,26,,22502,,,0,66,,22487,,,0,26,,22503,,,0,26,,22488,,,0,66,,22504,,,0,26,,22493,,,0
8501,'Saturday',540,,22505,,,0,66,,22538,,,0,26,,22507,,,0,26,,22540,,,0,66,,22510,,,0,26,,22541,,,0,66,,22511,,,0,26,,22537,,,0,66,,22512,,,0,26,,22531,,,0,66,,22513,,,0,26,,22530,,,0,28,,22514,,,0,67,,22536,,,0,27,,22517,,,0,67,,22539,,,0,27,,22518,,,0,67,,22528,,,0,27,,22515,,,0,67,,22535,,,0,27,,22516,,,0,27,,22542,,,0,67,,22519,,,0,27,,22527,,,0,67,,22521,,,0,27,,22534,,,0,67,,22522,,,0,27,,22526,,,0,67,,22523,,,0,27,,22544,,,0,26,,22520,,,0,67,,22533,,,0,26,,22524,,,0,66,,22545,,,0,26,,22525,,,0,66,,22529,,,0,26,,22508,,,0,66,,22532,,,0,26,,22509,,,0,26,,22543,,,0,66,,22506,,,0
8501,'Sunday',540,,22586,,,0,66,,22585,,,0,26,,22583,,,0,26,,22584,,,0,66,,22582,,,0,26,,22581,,,0,66,,22579,,,0,26,,22580,,,0,66,,22578,,,0,26,,22576,,,0,66,,22577,,,0,26,,22575,,,0,28,,22573,,,0,67,,22574,,,0,27,,22572,,,0,67,,22571,,,0,27,,22570,,,0,67,,22569,,,0,27,,22568,,,0,67,,22567,,,0,27,,22566,,,0,27,,22565,,,0,67,,22564,,,0,27,,22563,,,0,67,,22561,,,0,27,,22562,,,0,67,,22560,,,0,27,,22559,,,0,67,,22558,,,0,27,,22557,,,0,26,,22556,,,0,67,,22555,,,0,26,,22554,,,0,66,,22553,,,0,26,,22551,,,0,66,,22552,,,0,26,,22550,,,0,66,,22549,,,0,26,,22547,,,0,26,,22548,,,0,66,,22546,,,0
8501,'Weekday',450,,22587,,,0,66,,22593,,,0,26,,22588,,,0,66,,22594,,,0,26,,22589,,,0,66,,22595,,,0,26,,22590,,,0,27,,22596,,,0,66,,22591,,,0,27,,22597,,,0,66,,22592,,,0,27,,22598,,,0,66,,22600,,,0,26,,22622,,,0,26,,22599,,,0,66,,22623,,,0,26,,22602,,,0,66,,22621,,,0,26,,22601,,,0,66,,22624,,,0,26,,22603,,,0,67,,22625,,,0,27,,22604,,,0,27,,22626,,,0,68,,22606,,,0,27,,22620,,,0,68,,22605,,,0,27,,22615,,,0,68,,22607,,,0,28,,22616,,,0,67,,22608,,,0,28,,22617,,,0,67,,22609,,,0,26,,22618,,,0,26,,22610,,,0,66,,22611,,,0,26,,22627,,,0,66,,22612,,,0,26,,22628,,,0,66,,22613,,,0,26,,22629,,,0,26,,22614,,,0,66,,22630,,,0,26,,22619,,,0
8501,'pBxDec31-Weekday',450,,22631,,,0,66,,22637,,,0,26,,22632,,,0,66,,22638,,,0,26,,22633,,,0,66,,22639,,,0,26,,22634,,,0,27,,22640,,,0,66,,22635,,,0,27,,22641,,,0,66,,22636,,,0,27,,22642,,,0,66,,22644,,,0,26,,22665,,,0,26,,22643,,,0,66,,22666,,,0,26,,22646,,,0,66,,22667,,,0,26,,22645,,,0,66,,22668,,,0,26,,22647,,,0,67,,22669,,,0,27,,22648,,,0,27,,22670,,,0,68,,22650,,,0,27,,22664,,,0,68,,22649,,,0,27,,22659,,,0,68,,22651,,,0,28,,22660,,,0,67,,22652,,,0,28,,22661,,,0,67,,22653,,,0,26,,22662,,,0,26,,22654,,,0,66,,22655,,,0,26,,22671,,,0,66,,22656,,,0,26,,22672,,,0,66,,22657,,,0,26,,22673,,,0,26,,22658,,,0,66,,22674,,,0,26,,22663,,,0
