2800,'Saturday',603,,33673,38,,,0,30,,33679,38,,,0,70,,33671,38,,,0,30,,33687,38,,,0,70,,33677,38,,,0,30,,33685,38,,,0,70,,33670,38,,,0,30,,33692,38,,,0,70,,33672,38,,,0,30,,33689,38,,,0,70,,33674,38,,,0,30,,33688,38,,,0,70,,33675,38,,,0,30,,33690,38,,,0,70,,33676,38,,,0,30,,33691,38,,,0,70,,33661,38,,,0,30,,33680,38,,,0,70,,33662,38,,,0,30,,33684,38,,,0,70,,33663,38,,,0,30,,33678,38,,,0,70,,33664,38,,,0,30,,33683,38,,,0,70,,33665,38,,,0,30,,33681,38,,,0,70,,33666,38,,,0,30,,33682,38,,,0,70,,33667,38,,,0,30,,33686,38,,,0,70,,33668,38,,,0,30,,33693,38,,,0,72,,33669,38,,,0
2800,'Sunday',733,,33698,38,,,0,70,,33709,38,,,0,30,,33703,38,,,0,70,,33710,38,,,0,30,,33704,38,,,0,70,,33711,38,,,0,30,,33705,38,,,0,70,,33712,38,,,0,30,,33701,38,,,0,70,,33713,38,,,0,30,,33694,38,,,0,70,,33714,38,,,0,30,,33695,38,,,0,70,,33715,38,,,0,30,,33696,38,,,0,70,,33716,38,,,0,30,,33697,38,,,0,70,,33717,38,,,0,30,,33699,38,,,0,70,,33718,38,,,0,30,,33702,38,,,0,70,,33719,38,,,0,30,,33700,38,,,0,70,,33720,38,,,0,30,,33707,38,,,0,70,,33721,38,,,0,30,,33708,38,,,0,70,,33722,38,,,0,32,,33706,38,,,0,70,,33723,38,,,0
2800,'Weekday',532,,33725,21,,,0,72,,33726,38,,,0,38,,33727,38,,,0,70,,33743,38,,,0,30,,33728,38,,,0,70,,33744,38,,,0,30,,33729,38,,,0,70,,33746,38,,,0,30,,33730,38,,,0,70,,33745,38,,,0,30,,33731,38,,,0,70,,33747,38,,,0,30,,33733,38,,,0,70,,33748,38,,,0,30,,33732,38,,,0,70,,33750,38,,,0,30,,33734,38,,,0,70,,33749,38,,,0,30,,33735,38,,,0,70,,33752,38,,,0,30,,33736,38,,,0,70,,33753,38,,,0,30,,33737,38,,,0,70,,33751,38,,,0,30,,33738,38,,,0,70,,33754,38,,,0,30,,33739,38,,,0,65,,33755,38,,,0,28,,33724,38,,,0,69,,33757,38,,,0,30,,33740,38,,,0,70,,33758,38,,,0,30,,33741,38,,,0,70,,33759,38,,,0,30,,33742,38,,,0,70,,33756,38,,,0,30,,33761,38,,,0,70,,33760,38,,,0
4400,'Saturday',703,,37848,35,,,0,40,,37849,35,,,0,80,,37850,35,,,0,80,,37851,35,,,0,40,,37852,35,,,0,80,,37853,35,,,0,80,,37854,35,,,0,40,,37856,35,,,0,80,,37858,35,,,0,80,,37857,35,,,0,40,,37859,35,,,0,80,,37855,35,,,0,80,,37860,35,,,0,40,,37861,35,,,0,80,,37862,35,,,0,80,,37863,35,,,0,40,,37864,35,,,0,80,,37865,35,,,0,80,,37866,35,,,0,42,,37867,35,,,0
4400,'Weekday',545,,37868,35,,,0,80,,37869,35,,,0,80,,37870,35,,,0,38,,37871,35,,,0,73,,37872,35,,,0,40,,37874,35,,,0,89,,37875,35,,,0,80,,37873,35,,,0,80,,37877,35,,,0,40,,37878,35,,,0,80,,37876,35,,,0,80,,37879,35,,,0,40,,37880,35,,,0,80,,37881,35,,,0,88,,37883,35,,,0,34,,37884,35,,,0,78,,37885,35,,,0,80,,37882,35,,,0,40,,37886,35,,,0,80,,37887,35,,,0,80,,37888,35,,,0,40,,37889,35,,,0
8300,'Saturday',624,,46324,27,,,0,30,,46338,27,,,0,70,,46323,27,,,0,30,,46335,27,,,0,70,,46317,27,,,0,30,,46333,27,,,0,70,,46319,27,,,0,30,,46334,27,,,0,70,,46318,27,,,0,30,,46337,27,,,0,70,,46320,27,,,0,30,,46336,27,,,0,70,,46321,27,,,0,30,,46339,27,,,0,70,,46322,27,,,0,30,,46332,27,,,0,70,,46309,27,,,0,30,,46326,27,,,0,70,,46310,27,,,0,30,,46328,27,,,0,70,,46312,27,,,0,30,,46330,27,,,0,70,,46313,27,,,0,30,,46327,27,,,0,70,,46314,27,,,0,30,,46331,27,,,0,70,,46315,27,,,0,30,,46329,27,,,0,70,,46316,27,,,0,30,,46325,27,,,0,70,,46311,27,,,0,30,,46340,27,,,0
8300,'Sunday',754,,46350,27,,,0,70,,46357,27,,,0,30,,46351,27,,,0,70,,46356,27,,,0,30,,46348,27,,,0,70,,46359,27,,,0,30,,46349,27,,,0,70,,46358,27,,,0,30,,46352,27,,,0,70,,46360,27,,,0,30,,46341,27,,,0,70,,46362,27,,,0,30,,46342,27,,,0,70,,46361,27,,,0,30,,46343,27,,,0,70,,46364,27,,,0,30,,46344,27,,,0,70,,46363,27,,,0,30,,46345,27,,,0,70,,46365,27,,,0,30,,46346,27,,,0,70,,46366,27,,,0,30,,46353,27,,,0,70,,46367,27,,,0,30,,46354,27,,,0,70,,46368,27,,,0,30,,46355,27,,,0,70,,46369,27,,,0,32,,46347,27,,,0,70,,46370,27,,,0
8300,'Weekday',552,,46388,12,,,0,61,,46389,27,,,0,22,,46390,27,,,0,70,,46372,27,,,0,30,,46392,27,,,0,70,,46373,27,,,0,30,,46391,27,,,0,70,,46374,27,,,0,30,,46394,27,,,0,70,,46375,27,,,0,30,,46393,27,,,0,70,,46376,27,,,0,30,,46395,27,,,0,70,,46377,27,,,0,30,,46396,27,,,0,70,,46378,27,,,0,30,,46397,27,,,0,70,,46379,27,,,0,30,,46399,27,,,0,75,,46380,27,,,0,26,,46398,27,,,0,70,,46381,27,,,0,30,,46400,27,,,0,70,,46383,27,,,0,30,,46401,27,,,0,70,,46382,27,,,0,30,,46402,27,,,0,68,,46371,27,,,0,25,,46403,27,,,0,30,,46384,27,,,0,70,,46404,27,,,0,30,,46385,27,,,0,70,,46405,27,,,0,30,,46386,27,,,0,70,,46406,27,,,0,30,,46387,27,,,0,70,,46407,27,,,0
71200,'Weekday',834,,68404,12,0,29 158,0
71300,'Weekday',837,,68410,21,0,29 160,0
76001,'Weekday',832,,68654,5,0,48 49 78 164,0
