13700,'Saturday',609,,124918,9,4,,0,30,,124920,9,4,,0,70,,124917,9,4,,0,30,,124919,9,4,,0,70,,124921,9,4,,0,30,,124922,9,4,,0,69,,124924,9,4,,0,30,,124923,9,4,,0,70,,124925,9,4,,0,30,,124927,9,4,,0,70,,124926,9,4,,0,30,,124928,9,4,,0,70,,124929,9,4,,0,30,,124931,9,4,,0,70,,124932,9,4,,0,30,,124930,9,4,,0,70,,124933,9,4,,0,30,,124934,9,4,,0,71,,124935,9,4,,0,30,,124937,9,4,,0,70,,124938,9,4,,0,30,,124939,9,4,,0,70,,124940,9,4,,0,30,,124941,9,4,,0,70,,124943,9,4,,0,30,,124942,9,4,,0,69,,124945,9,4,,0,30,,124947,9,4,,0,70,,124946,9,4,,0,30,,124944,9,4,,0,70,,124936,9,4,,0
13700,'Sunday',609,,124948,9,4,,0,30,,124961,9,4,,0,70,,124958,9,4,,0,30,,124952,9,4,,0,70,,124950,9,4,,0,30,,124949,9,4,,0,69,,124954,9,4,,0,30,,124960,9,4,,0,70,,124957,9,4,,0,30,,124956,9,4,,0,70,,124955,9,4,,0,30,,124962,9,4,,0,70,,124953,9,4,,0,30,,124959,9,4,,0,70,,124964,9,4,,0,30,,124963,9,4,,0,70,,124951,9,4,,0,30,,124965,9,4,,0,71,,124966,9,4,,0,30,,124967,9,4,,0,70,,124968,9,4,,0,30,,124970,9,4,,0,70,,124969,9,4,,0,30,,124978,9,4,,0,70,,124976,9,4,,0,30,,124975,9,4,,0,69,,124977,9,4,,0,30,,124974,9,4,,0,70,,124973,9,4,,0,30,,124971,9,4,,0,70,,124972,9,4,,0
13700,'Weekday',609,,124980,9,4,,0,30,,124979,9,4,,0,70,,124981,9,4,,0,30,,124982,9,4,,0,70,,124983,9,4,,0,30,,124984,9,4,,0,69,,124986,9,4,,0,30,,124985,9,4,,0,70,,124987,9,4,,0,30,,124989,9,4,,0,70,,124988,9,4,,0,30,,124990,9,4,,0,70,,124991,9,4,,0,30,,124992,9,4,,0,70,,124994,9,4,,0,30,,124993,9,4,,0,70,,124995,9,4,,0,30,,124996,9,4,,0,71,,124997,9,4,,0,30,,124998,9,4,,0,70,,124999,9,4,,0,30,,125000,9,4,,0,70,,125001,9,4,,0,30,,125002,9,4,,0,70,,125004,9,4,,0,30,,125003,9,4,,0,69,,125005,9,4,,0,30,,125006,9,4,,0,70,,125007,9,4,,0,30,,125008,9,4,,0,70,,125009,9,4,,0
13700,'STMPSa-Saturday',609,,125011,9,4,,0,30,,125013,9,4,,0,70,,125010,9,4,,0,30,,125012,9,4,,0,70,,125014,9,4,,0,30,,125015,9,4,,0,69,,125017,9,4,,0,30,,125016,9,4,,0,70,,125018,9,4,,0,30,,125020,9,4,,0,70,,125019,9,4,,0,30,,125021,9,4,,0,70,,125022,9,4,,0,30,,125024,9,4,,0,70,,125025,9,4,,0,30,,125023,9,4,,0,70,,125026,9,4,,0,30,,125027,9,4,,0,71,,125028,9,4,,0,30,,125030,9,4,,0,70,,125031,9,4,,0,30,,125032,9,4,,0,70,,125033,9,4,,0,30,,125034,9,4,,0,70,,125037,9,4,,0,30,,125036,9,4,,0,69,,125038,9,4,,0,30,,125040,9,4,,0,70,,125039,9,4,,0,30,,125035,9,4,,0,70,,125029,9,4,,0
13700,'STMPSnea-Weekday',609,,125042,9,4,,0,30,,125041,9,4,,0,70,,125043,9,4,,0,30,,125044,9,4,,0,70,,125045,9,4,,0,30,,125046,9,4,,0,69,,125048,9,4,,0,30,,125047,9,4,,0,70,,125049,9,4,,0,30,,125051,9,4,,0,70,,125050,9,4,,0,30,,125052,9,4,,0,70,,125053,9,4,,0,30,,125054,9,4,,0,70,,125056,9,4,,0,30,,125055,9,4,,0,70,,125057,9,4,,0,30,,125058,9,4,,0,71,,125059,9,4,,0,30,,125060,9,4,,0,70,,125061,9,4,,0,30,,125062,9,4,,0,70,,125063,9,4,,0,30,,125064,9,4,,0,70,,125066,9,4,,0,30,,125065,9,4,,0,69,,125067,9,4,,0,30,,125068,9,4,,0,70,,125069,9,4,,0,30,,125070,9,4,,0,70,,125071,9,4,,0
13700,'STMPSu1-Sunday',609,,125072,9,4,,0,30,,125085,9,4,,0,70,,125082,9,4,,0,30,,125076,9,4,,0,70,,125074,9,4,,0,30,,125073,9,4,,0,69,,125079,9,4,,0,30,,125084,9,4,,0,70,,125081,9,4,,0,30,,125080,9,4,,0,70,,125078,9,4,,0,30,,125086,9,4,,0,70,,125077,9,4,,0,30,,125083,9,4,,0,70,,125088,9,4,,0,30,,125087,9,4,,0,70,,125075,9,4,,0,30,,125089,9,4,,0,71,,125090,9,4,,0,30,,125091,9,4,,0,70,,125092,9,4,,0,30,,125094,9,4,,0,70,,125093,9,4,,0,30,,125102,9,4,,0,70,,125100,9,4,,0,30,,125099,9,4,,0,69,,125101,9,4,,0,30,,125098,9,4,,0,70,,125097,9,4,,0,30,,125095,9,4,,0,70,,125096,9,4,,0
13700,'STMPSu2-Sunday',609,,125103,9,4,,0,30,,125116,9,4,,0,70,,125113,9,4,,0,30,,125107,9,4,,0,70,,125105,9,4,,0,30,,125104,9,4,,0,69,,125109,9,4,,0,30,,125115,9,4,,0,70,,125112,9,4,,0,30,,125111,9,4,,0,70,,125110,9,4,,0,30,,125117,9,4,,0,70,,125108,9,4,,0,30,,125114,9,4,,0,70,,125119,9,4,,0,30,,125118,9,4,,0,70,,125106,9,4,,0,30,,125120,9,4,,0,71,,125121,9,4,,0,30,,125122,9,4,,0,70,,125123,9,4,,0,30,,125125,9,4,,0,70,,125124,9,4,,0,30,,125133,9,4,,0,70,,125131,9,4,,0,30,,125130,9,4,,0,69,,125132,9,4,,0,30,,125129,9,4,,0,70,,125128,9,4,,0,30,,125126,9,4,,0,70,,125127,9,4,,0
13700,'STMPWeek-Weekday',609,,125135,9,4,,0,30,,125134,9,4,,0,70,,125136,9,4,,0,30,,125137,9,4,,0,70,,125138,9,4,,0,30,,125139,9,4,,0,69,,125141,9,4,,0,30,,125140,9,4,,0,70,,125142,9,4,,0,30,,125144,9,4,,0,70,,125143,9,4,,0,30,,125145,9,4,,0,70,,125146,9,4,,0,30,,125147,9,4,,0,70,,125149,9,4,,0,30,,125148,9,4,,0,70,,125150,9,4,,0,30,,125151,9,4,,0,71,,125152,9,4,,0,30,,125153,9,4,,0,70,,125154,9,4,,0,30,,125155,9,4,,0,70,,125156,9,4,,0,30,,125157,9,4,,0,70,,125159,9,4,,0,30,,125158,9,4,,0,69,,125160,9,4,,0,30,,125161,9,4,,0,70,,125162,9,4,,0,30,,125163,9,4,,0,70,,125164,9,4,,0
13700,'STMPar-Weekday',609,,125166,9,4,,0,30,,125165,9,4,,0,70,,125167,9,4,,0,30,,125168,9,4,,0,70,,125169,9,4,,0,30,,125170,9,4,,0,69,,125172,9,4,,0,30,,125171,9,4,,0,70,,125173,9,4,,0,30,,125175,9,4,,0,70,,125174,9,4,,0,30,,125176,9,4,,0,70,,125177,9,4,,0,30,,125178,9,4,,0,70,,125180,9,4,,0,30,,125179,9,4,,0,70,,125181,9,4,,0,30,,125182,9,4,,0,71,,125183,9,4,,0,30,,125184,9,4,,0,70,,125185,9,4,,0,30,,125186,9,4,,0,70,,125187,9,4,,0,30,,125188,9,4,,0,70,,125190,9,4,,0,30,,125189,9,4,,0,69,,125191,9,4,,0,30,,125192,9,4,,0,70,,125193,9,4,,0,30,,125194,9,4,,0,70,,125195,9,4,,0
13701,'Saturday',609,,125196,1,,,0,30,,125197,1,,,0,70,,125198,1,,,0,30,,125199,1,,,0,70,,125200,1,,,0,30,,125201,1,,,0,70,,125202,1,,,0,30,,125204,1,,,0,70,,125205,1,,,0,30,,125206,1,,,0,70,,125207,1,,,0,30,,125209,1,,,0,70,,125208,1,,,0,30,,125210,1,,,0,70,,125211,1,,,0,30,,125213,1,,,0,70,,125212,1,,,0,30,,125214,1,,,0,70,,125216,1,,,0,30,,125217,1,,,0,70,,125219,1,,,0,30,,125218,1,,,0,70,,125221,1,,,0,30,,125220,1,,,0,70,,125223,1,,,0,30,,125224,1,,,0,70,,125225,1,,,0,30,,125226,1,,,0,70,,125222,1,,,0,30,,125215,1,,,0,70,,125203,1,,,0
13701,'Sunday',609,,125237,1,,,0,30,,125234,1,,,0,70,,125229,1,,,0,30,,125233,1,,,0,70,,125227,1,,,0,30,,125240,1,,,0,70,,125235,1,,,0,30,,125232,1,,,0,70,,125239,1,,,0,30,,125231,1,,,0,70,,125230,1,,,0,30,,125228,1,,,0,70,,125236,1,,,0,30,,125238,1,,,0,70,,125241,1,,,0,30,,125245,1,,,0,70,,125242,1,,,0,30,,125243,1,,,0,70,,125244,1,,,0,30,,125246,1,,,0,70,,125248,1,,,0,30,,125247,1,,,0,70,,125249,1,,,0,30,,125254,1,,,0,70,,125255,1,,,0,30,,125256,1,,,0,70,,125257,1,,,0,30,,125253,1,,,0,70,,125252,1,,,0,30,,125251,1,,,0,70,,125250,1,,,0
13701,'Weekday',609,,125259,1,,,0,30,,125258,1,,,0,70,,125260,1,,,0,30,,125261,1,,,0,70,,125262,1,,,0,30,,125263,1,,,0,70,,125264,1,,,0,30,,125265,1,,,0,70,,125266,1,,,0,30,,125267,1,,,0,70,,125268,1,,,0,30,,125270,1,,,0,70,,125269,1,,,0,30,,125271,1,,,0,70,,125272,1,,,0,30,,125274,1,,,0,70,,125273,1,,,0,30,,125275,1,,,0,70,,125276,1,,,0,30,,125277,1,,,0,70,,125279,1,,,0,30,,125278,1,,,0,70,,125281,1,,,0,30,,125280,1,,,0,70,,125282,1,,,0,30,,125283,1,,,0,70,,125284,1,,,0,30,,125285,1,,,0,70,,125286,1,,,0,30,,125287,1,,,0,70,,125288,1,,,0
13701,'STMPSa-Saturday',609,,125289,1,,,0,30,,125290,1,,,0,70,,125291,1,,,0,30,,125292,1,,,0,70,,125293,1,,,0,30,,125294,1,,,0,70,,125295,1,,,0,30,,125297,1,,,0,70,,125298,1,,,0,30,,125299,1,,,0,70,,125300,1,,,0,30,,125302,1,,,0,70,,125301,1,,,0,30,,125303,1,,,0,70,,125304,1,,,0,30,,125306,1,,,0,70,,125305,1,,,0,30,,125307,1,,,0,70,,125309,1,,,0,30,,125310,1,,,0,70,,125312,1,,,0,30,,125311,1,,,0,70,,125314,1,,,0,30,,125313,1,,,0,70,,125316,1,,,0,30,,125317,1,,,0,70,,125318,1,,,0,30,,125319,1,,,0,70,,125315,1,,,0,30,,125308,1,,,0,70,,125296,1,,,0
13701,'STMPSnea-Weekday',609,,125321,1,,,0,30,,125320,1,,,0,70,,125322,1,,,0,30,,125323,1,,,0,70,,125324,1,,,0,30,,125325,1,,,0,70,,125326,1,,,0,30,,125327,1,,,0,70,,125328,1,,,0,30,,125329,1,,,0,70,,125330,1,,,0,30,,125332,1,,,0,70,,125331,1,,,0,30,,125333,1,,,0,70,,125334,1,,,0,30,,125336,1,,,0,70,,125335,1,,,0,30,,125337,1,,,0,70,,125338,1,,,0,30,,125339,1,,,0,70,,125341,1,,,0,30,,125340,1,,,0,70,,125343,1,,,0,30,,125342,1,,,0,70,,125344,1,,,0,30,,125345,1,,,0,70,,125346,1,,,0,30,,125347,1,,,0,70,,125348,1,,,0,30,,125349,1,,,0,70,,125350,1,,,0
13701,'STMPSu1-Sunday',609,,125361,1,,,0,30,,125358,1,,,0,70,,125353,1,,,0,30,,125357,1,,,0,70,,125351,1,,,0,30,,125364,1,,,0,70,,125359,1,,,0,30,,125356,1,,,0,70,,125363,1,,,0,30,,125355,1,,,0,70,,125354,1,,,0,30,,125352,1,,,0,70,,125360,1,,,0,30,,125362,1,,,0,70,,125365,1,,,0,30,,125369,1,,,0,70,,125366,1,,,0,30,,125367,1,,,0,70,,125368,1,,,0,30,,125370,1,,,0,70,,125372,1,,,0,30,,125371,1,,,0,70,,125373,1,,,0,30,,125378,1,,,0,70,,125379,1,,,0,30,,125380,1,,,0,70,,125381,1,,,0,30,,125377,1,,,0,70,,125376,1,,,0,30,,125375,1,,,0,70,,125374,1,,,0
13701,'STMPSu2-Sunday',609,,125392,1,,,0,30,,125389,1,,,0,70,,125384,1,,,0,30,,125388,1,,,0,70,,125382,1,,,0,30,,125395,1,,,0,70,,125390,1,,,0,30,,125387,1,,,0,70,,125394,1,,,0,30,,125386,1,,,0,70,,125385,1,,,0,30,,125383,1,,,0,70,,125391,1,,,0,30,,125393,1,,,0,70,,125396,1,,,0,30,,125400,1,,,0,70,,125397,1,,,0,30,,125398,1,,,0,70,,125399,1,,,0,30,,125401,1,,,0,70,,125403,1,,,0,30,,125402,1,,,0,70,,125404,1,,,0,30,,125409,1,,,0,70,,125410,1,,,0,30,,125411,1,,,0,70,,125412,1,,,0,30,,125408,1,,,0,70,,125407,1,,,0,30,,125406,1,,,0,70,,125405,1,,,0
13701,'STMPWeek-Weekday',609,,125414,1,,,0,30,,125413,1,,,0,70,,125415,1,,,0,30,,125416,1,,,0,70,,125417,1,,,0,30,,125418,1,,,0,70,,125419,1,,,0,30,,125420,1,,,0,70,,125421,1,,,0,30,,125422,1,,,0,70,,125423,1,,,0,30,,125425,1,,,0,70,,125424,1,,,0,30,,125426,1,,,0,70,,125427,1,,,0,30,,125429,1,,,0,70,,125428,1,,,0,30,,125430,1,,,0,70,,125431,1,,,0,30,,125432,1,,,0,70,,125434,1,,,0,30,,125433,1,,,0,70,,125436,1,,,0,30,,125435,1,,,0,70,,125437,1,,,0,30,,125438,1,,,0,70,,125439,1,,,0,30,,125440,1,,,0,70,,125441,1,,,0,30,,125442,1,,,0,70,,125443,1,,,0
13701,'STMPar-Weekday',609,,125445,1,,,0,30,,125444,1,,,0,70,,125446,1,,,0,30,,125447,1,,,0,70,,125448,1,,,0,30,,125449,1,,,0,70,,125450,1,,,0,30,,125451,1,,,0,70,,125452,1,,,0,30,,125453,1,,,0,70,,125454,1,,,0,30,,125456,1,,,0,70,,125455,1,,,0,30,,125457,1,,,0,70,,125458,1,,,0,30,,125460,1,,,0,70,,125459,1,,,0,30,,125461,1,,,0,70,,125462,1,,,0,30,,125463,1,,,0,70,,125465,1,,,0,30,,125464,1,,,0,70,,125467,1,,,0,30,,125466,1,,,0,70,,125468,1,,,0,30,,125469,1,,,0,70,,125470,1,,,0,30,,125471,1,,,0,70,,125472,1,,,0,30,,125473,1,,,0,70,,125474,1,,,0
