600,'CUT-Weekday',501,,2400,,,0,23,,2420,,,0,23,,2423,,,0,63,,2435,,,0,18,,2419,,,0,24,,2422,,,0,63,,2426,,,0,23,,2421,,,0,63,,2418,,,0,23,,2425,,,0,23,,2424,,,0,63,,2401,,,0,23,,2402,,,0,23,,2404,,,0,63,,2406,,,0,23,,2403,,,0,63,,2407,,,0,23,,2405,,,0,23,,2408,,,0,63,,2409,,,0,23,,2410,,,0,67,,2411,,,0,19,,2412,,,0,23,,2413,,,0,63,,2414,,,0,23,,2415,,,0,23,,2416,,,0,63,,2417,,,0,23,,2432,,,0,63,,2431,,,0,23,,2433,,,0,23,,2429,,,0,63,,2430,,,0,23,,2434,,,0,23,,2427,,,0,66,,2428,,,0,29,,2396,,,0,70,,2395,,,0,30,,2391,,,0,70,,2392,,,0,30,,2389,,,0,70,,2390,,,0,30,,2399,,,0,70,,2398,,,0,30,,2397,,,0,70,,2393,,,0,26,,2394,,,0
600,'Saturday',525,,2437,,,0,30,,2438,,,0,70,,2436,,,0,30,,2439,,,0,70,,2441,,,0,30,,2443,,,0,70,,2440,,,0,30,,2446,,,0,70,,2442,,,0,30,,2444,,,0,70,,2448,,,0,30,,2445,,,0,70,,2449,,,0,30,,2447,,,0,70,,2450,,,0,30,,2451,,,0,70,,2452,,,0,30,,2453,,,0,70,,2454,,,0,30,,2455,,,0,70,,2456,,,0,30,,2458,,,0,70,,2459,,,0,30,,2457,,,0,70,,2462,,,0,30,,2464,,,0,70,,2460,,,0,30,,2465,,,0,70,,2461,,,0,30,,2466,,,0,70,,2463,,,0,30,,2467,,,0,70,,2469,,,0,30,,2470,,,0,70,,2471,,,0,30,,2468,,,0,91,,2472,,,0
600,'Sunday',525,,2473,,,0,30,,2475,,,0,70,,2476,,,0,30,,2477,,,0,70,,2479,,,0,30,,2481,,,0,70,,2482,,,0,30,,2478,,,0,70,,2483,,,0,30,,2480,,,0,70,,2485,,,0,30,,2486,,,0,70,,2487,,,0,30,,2488,,,0,70,,2489,,,0,30,,2490,,,0,70,,2493,,,0,30,,2494,,,0,70,,2492,,,0,30,,2484,,,0,70,,2491,,,0,30,,2495,,,0,70,,2497,,,0,30,,2498,,,0,70,,2499,,,0,30,,2496,,,0,70,,2503,,,0,30,,2500,,,0,70,,2501,,,0,30,,2502,,,0,70,,2504,,,0,30,,2505,,,0,70,,2507,,,0,30,,2508,,,0,70,,2506,,,0,30,,2509,,,0,78,,2474,,,0
600,'Weekday',501,,2521,,,0,23,,2541,,,0,23,,2544,,,0,63,,2556,,,0,18,,2540,,,0,24,,2543,,,0,63,,2547,,,0,23,,2542,,,0,63,,2539,,,0,12,,2557,,,0,11,,2546,,,0,23,,2545,,,0,63,,2522,,,0,23,,2523,,,0,23,,2524,,,0,63,,2526,,,0,23,,2527,,,0,63,,2528,,,0,23,,2525,,,0,23,,2529,,,0,63,,2530,,,0,23,,2531,,,0,67,,2532,,,0,19,,2533,,,0,23,,2534,,,0,63,,2535,,,0,23,,2536,,,0,23,,2537,,,0,63,,2538,,,0,23,,2550,,,0,63,,2553,,,0,23,,2554,,,0,23,,2551,,,0,63,,2552,,,0,23,,2555,,,0,23,,2548,,,0,66,,2549,,,0,29,,2517,,,0,70,,2516,,,0,30,,2512,,,0,70,,2513,,,0,30,,2510,,,0,70,,2511,,,0,30,,2520,,,0,70,,2519,,,0,30,,2518,,,0,70,,2514,,,0,26,,2515,,,0
600,'pBxDec31-Weekday',501,,2569,,,0,23,,2589,,,0,23,,2592,,,0,63,,2604,,,0,18,,2588,,,0,24,,2591,,,0,63,,2595,,,0,23,,2590,,,0,63,,2587,,,0,23,,2594,,,0,23,,2593,,,0,63,,2570,,,0,23,,2571,,,0,23,,2573,,,0,63,,2575,,,0,23,,2572,,,0,63,,2576,,,0,23,,2574,,,0,23,,2577,,,0,63,,2578,,,0,23,,2579,,,0,67,,2580,,,0,19,,2581,,,0,23,,2582,,,0,63,,2583,,,0,23,,2584,,,0,23,,2585,,,0,63,,2586,,,0,23,,2601,,,0,63,,2600,,,0,23,,2602,,,0,23,,2598,,,0,63,,2599,,,0,23,,2603,,,0,23,,2596,,,0,66,,2597,,,0,29,,2565,,,0,70,,2564,,,0,30,,2560,,,0,70,,2561,,,0,30,,2558,,,0,70,,2559,,,0,30,,2568,,,0,70,,2567,,,0,30,,2566,,,0,70,,2562,,,0,26,,2563,,,0
1300,'CUT-Weekday',545,,4984,,,0,70,,4992,,,0,25,,5010,,,0,70,,5001,,,0,30,,4985,,,0,70,,4993,,,0,30,,5011,,,0,70,,5002,,,0,30,,4983,,,0,70,,4994,,,0,30,,5013,,,0,70,,5003,,,0,30,,4986,,,0,70,,4995,,,0,30,,5012,,,0,70,,5004,,,0,30,,4987,,,0,70,,4996,,,0,30,,5014,,,0,71,,5005,,,0,30,,4989,,,0,70,,4997,,,0,30,,5015,,,0,70,,5006,,,0,30,,4988,,,0,68,,4998,,,0,30,,5017,,,0,70,,5007,,,0,30,,4990,,,0,70,,4999,,,0,30,,5016,,,0,70,,5008,,,0,30,,4991,,,0,70,,5000,,,0,30,,5018,,,0,64,,5009,,,0
1300,'Saturday',713,,5021,,,0,34,,5029,,,0,74,,5039,,,0,34,,5020,,,0,74,,5030,,,0,74,,5040,,,0,34,,5023,,,0,74,,5031,,,0,34,,5022,,,0,74,,5034,,,0,34,,5041,,,0,74,,5024,,,0,74,,5033,,,0,34,,5042,,,0,76,,5025,,,0,34,,5032,,,0,74,,5043,,,0,34,,5026,,,0,74,,5035,,,0,73,,5045,,,0,33,,5027,,,0,74,,5036,,,0,34,,5044,,,0,74,,5037,,,0,34,,5046,,,0,74,,5028,,,0,34,,5038,,,0,74,,5047,,,0,74,,5048,,,0
1300,'Sunday',713,,5050,,,0,34,,5061,,,0,74,,5071,,,0,34,,5051,,,0,74,,5062,,,0,74,,5072,,,0,34,,5052,,,0,74,,5063,,,0,34,,5073,,,0,74,,5054,,,0,34,,5064,,,0,74,,5075,,,0,74,,5053,,,0,34,,5065,,,0,76,,5074,,,0,34,,5055,,,0,74,,5066,,,0,34,,5076,,,0,74,,5056,,,0,73,,5067,,,0,33,,5077,,,0,74,,5058,,,0,34,,5068,,,0,74,,5078,,,0,34,,5059,,,0,74,,5069,,,0,34,,5079,,,0,74,,5057,,,0,74,,5070,,,0,34,,5080,,,0,74,,5060,,,0
1300,'Weekday',545,,5082,,,0,70,,5090,,,0,25,,5108,,,0,70,,5099,,,0,30,,5083,,,0,70,,5091,,,0,30,,5109,,,0,70,,5100,,,0,30,,5081,,,0,70,,5092,,,0,30,,5111,,,0,70,,5101,,,0,30,,5084,,,0,70,,5093,,,0,30,,5110,,,0,70,,5102,,,0,30,,5085,,,0,70,,5094,,,0,30,,5112,,,0,71,,5103,,,0,30,,5086,,,0,70,,5095,,,0,30,,5113,,,0,70,,5104,,,0,30,,5087,,,0,68,,5096,,,0,30,,5115,,,0,70,,5105,,,0,30,,5088,,,0,70,,5097,,,0,30,,5114,,,0,70,,5106,,,0,30,,5089,,,0,70,,5098,,,0,30,,5116,,,0,64,,5107,,,0
1300,'pBxDec31-Weekday',545,,5118,,,0,70,,5126,,,0,25,,5144,,,0,70,,5135,,,0,30,,5119,,,0,70,,5127,,,0,30,,5145,,,0,70,,5136,,,0,30,,5117,,,0,70,,5128,,,0,30,,5147,,,0,70,,5137,,,0,30,,5120,,,0,70,,5129,,,0,30,,5146,,,0,70,,5138,,,0,30,,5121,,,0,70,,5130,,,0,30,,5148,,,0,71,,5139,,,0,30,,5123,,,0,70,,5131,,,0,30,,5149,,,0,70,,5140,,,0,30,,5122,,,0,68,,5132,,,0,30,,5151,,,0,70,,5141,,,0,30,,5124,,,0,70,,5133,,,0,30,,5150,,,0,70,,5142,,,0,30,,5125,,,0,70,,5134,,,0,30,,5152,,,0,64,,5143,,,0
2200,'CUT-Weekday',526,,7576,,,0,28,,7590,,,0,68,,7600,,,0,28,,7577,,,0,68,,7591,,,0,28,,7601,,,0,68,,7578,,,0,28,,7592,,,0,68,,7602,,,0,28,,7579,,,0,68,,7593,,,0,28,,7603,,,0,68,,7580,,,0,28,,7594,,,0,28,,7604,,,0,68,,7581,,,0,28,,7595,,,0,68,,7605,,,0,28,,7582,,,0,68,,7596,,,0,28,,7607,,,0,68,,7583,,,0,28,,7597,,,0,68,,7606,,,0,28,,7584,,,0,68,,7598,,,0,28,,7608,,,0,68,,7585,,,0,25,,7599,,,0,27,,7609,,,0,76,,7586,,,0,76,,7610,,,0,36,,7587,,,0,76,,7611,,,0,36,,7588,,,0,76,,7612,,,0,76,,7589,,,0,45,,7613,,,0
2200,'Saturday',617,,7614,,,0,37,,7628,,,0,78,,7615,,,0,78,,7629,,,0,38,,7616,,,0,78,,7630,,,0,78,,7617,,,0,35,,7631,,,0,78,,7633,,,0,38,,7618,,,0,78,,7635,,,0,78,,7620,,,0,38,,7634,,,0,78,,7619,,,0,78,,7636,,,0,38,,7632,,,0,78,,7637,,,0,38,,7622,,,0,78,,7639,,,0,76,,7621,,,0,38,,7623,,,0,78,,7624,,,0,78,,7638,,,0,38,,7625,,,0,78,,7640,,,0,78,,7626,,,0,38,,7641,,,0,73,,7627,,,0
2200,'Sunday',618,,7642,,,0,38,,7655,,,0,78,,7643,,,0,78,,7657,,,0,38,,7644,,,0,78,,7658,,,0,78,,7646,,,0,38,,7659,,,0,78,,7645,,,0,78,,7660,,,0,38,,7647,,,0,78,,7663,,,0,38,,7649,,,0,78,,7661,,,0,78,,7648,,,0,38,,7662,,,0,78,,7650,,,0,78,,7664,,,0,38,,7651,,,0,78,,7666,,,0,38,,7653,,,0,78,,7667,,,0,78,,7652,,,0,38,,7665,,,0,78,,7654,,,0,78,,7668,,,0,38,,7656,,,0
2200,'Weekday',526,,7669,,,0,28,,7683,,,0,68,,7693,,,0,28,,7670,,,0,68,,7684,,,0,28,,7694,,,0,68,,7671,,,0,28,,7685,,,0,68,,7695,,,0,28,,7672,,,0,68,,7686,,,0,28,,7696,,,0,68,,7673,,,0,28,,7687,,,0,28,,7697,,,0,68,,7674,,,0,28,,7688,,,0,68,,7698,,,0,28,,7676,,,0,68,,7689,,,0,28,,7700,,,0,68,,7675,,,0,28,,7690,,,0,68,,7699,,,0,28,,7677,,,0,68,,7691,,,0,28,,7701,,,0,68,,7678,,,0,25,,7692,,,0,27,,7702,,,0,76,,7679,,,0,76,,7703,,,0,36,,7680,,,0,76,,7704,,,0,36,,7681,,,0,76,,7705,,,0,76,,7682,,,0,45,,7706,,,0
2200,'pBxDec31-Weekday',526,,7707,,,0,28,,7719,,,0,68,,7731,,,0,28,,7708,,,0,68,,7722,,,0,28,,7732,,,0,68,,7709,,,0,28,,7723,,,0,68,,7733,,,0,28,,7710,,,0,68,,7724,,,0,28,,7734,,,0,68,,7711,,,0,28,,7725,,,0,28,,7735,,,0,68,,7712,,,0,28,,7726,,,0,68,,7736,,,0,28,,7713,,,0,68,,7727,,,0,28,,7738,,,0,68,,7714,,,0,28,,7728,,,0,68,,7737,,,0,28,,7715,,,0,68,,7729,,,0,28,,7739,,,0,68,,7716,,,0,25,,7730,,,0,27,,7740,,,0,76,,7717,,,0,76,,7741,,,0,36,,7718,,,0,76,,7742,,,0,36,,7720,,,0,76,,7743,,,0,76,,7721,,,0,45,,7744,,,0,58,,7745,,,0,35,,7746,,,0,75,,7747,,,0,35,,7748,,,0,75,,7749,,,0
