4600,'Saturday',656,,38021,17,,,0,70,,38034,17,,,0,30,,38028,17,,,0,60,,38040,17,,,0,30,,38022,17,,,0,70,,38035,17,,,0,30,,38029,17,,,0,70,,38041,17,,,0,30,,38023,17,,,0,70,,38036,17,,,0,30,,38030,17,,,0,70,,38042,17,,,0,30,,38024,17,,,0,70,,38037,17,,,0,30,,38031,17,,,0,70,,38044,17,,,0,30,,38026,17,,,0,70,,38038,17,,,0,30,,38032,17,,,0,70,,38045,17,,,0,30,,38025,17,,,0,70,,38039,17,,,0,30,,38033,17,,,0,70,,38043,17,,,0,30,,38027,17,,,0,70,,38051,17,,,0,30,,38053,17,,,0,70,,38049,17,,,0,30,,38048,17,,,0,70,,38050,17,,,0,30,,38047,17,,,0,70,,38052,17,,,0,30,,38054,17,,,0,70,,38046,17,,,0
4600,'Sunday',656,,38055,17,,,0,70,,38056,17,,,0,30,,38057,17,,,0,60,,38058,17,,,0,30,,38059,17,,,0,70,,38060,17,,,0,30,,38061,17,,,0,70,,38063,17,,,0,30,,38062,17,,,0,70,,38065,17,,,0,30,,38064,17,,,0,70,,38066,17,,,0,30,,38067,17,,,0,70,,38068,17,,,0,30,,38070,17,,,0,70,,38071,17,,,0,30,,38069,17,,,0,70,,38072,17,,,0,30,,38073,17,,,0,70,,38076,17,,,0,30,,38074,17,,,0,70,,38075,17,,,0,30,,38077,17,,,0,70,,38078,17,,,0,30,,38079,17,,,0,70,,38081,17,,,0,30,,38080,17,,,0,70,,38082,17,,,0,30,,38083,17,,,0,70,,38084,17,,,0,30,,38087,17,,,0,70,,38086,17,,,0,30,,38085,17,,,0,70,,38088,17,,,0
4600,'Weekday',526,,38095,17,,,0,33,,38093,17,,,0,55,,38129,17,,,0,15,,38103,17,,,0,15,,38130,17,,,0,56,,38127,17,,,0,16,,38131,17,,,0,17,,38108,17,,,0,16,,38132,17,,,0,55,,38096,17,,,0,15,,38133,17,,,0,15,,38102,17,,,0,17,,38134,17,,,0,56,,38089,17,,,0,30,,38109,17,,,0,69,,38097,17,,,0,29,,38104,17,,,0,70,,38090,17,,,0,30,,38111,17,,,0,70,,38098,17,,,0,30,,38105,17,,,0,70,,38092,17,,,0,30,,38112,17,,,0,70,,38099,17,,,0,30,,38106,17,,,0,70,,38091,17,,,0,17,,38135,17,,,0,17,,38110,17,,,0,17,,38128,17,,,0,57,,38100,17,,,0,17,,38136,17,,,0,18,,38107,17,,,0,56,,38137,17,,,0,14,,38094,17,,,0,15,,38138,17,,,0,15,,38113,17,,,0,55,,38139,17,,,0,15,,38101,17,,,0,30,,38122,17,,,0,69,,38115,17,,,0,28,,38118,17,,,0,68,,38120,17,,,0,28,,38123,17,,,0,67,,38114,17,,,0,28,,38119,17,,,0,68,,38121,17,,,0,28,,38125,17,,,0,72,,38126,17,,,0,32,,38124,17,,,0,72,,38116,17,,,0,32,,38117,17,,,0
4600,'1CCSDCUT-Weekday',526,,38146,17,,,0,33,,38144,17,,,0,55,,38180,17,,,0,15,,38154,17,,,0,15,,38181,17,,,0,56,,38178,17,,,0,16,,38182,17,,,0,17,,38159,17,,,0,16,,38183,17,,,0,55,,38147,17,,,0,15,,38184,17,,,0,15,,38153,17,,,0,17,,38185,17,,,0,56,,38140,17,,,0,30,,38160,17,,,0,69,,38148,17,,,0,29,,38155,17,,,0,70,,38141,17,,,0,30,,38162,17,,,0,70,,38149,17,,,0,30,,38156,17,,,0,70,,38143,17,,,0,30,,38163,17,,,0,70,,38150,17,,,0,30,,38157,17,,,0,70,,38142,17,,,0,17,,38186,17,,,0,17,,38161,17,,,0,17,,38179,17,,,0,57,,38151,17,,,0,17,,38187,17,,,0,18,,38158,17,,,0,56,,38188,17,,,0,14,,38145,17,,,0,15,,38189,17,,,0,15,,38164,17,,,0,55,,38190,17,,,0,15,,38152,17,,,0,30,,38173,17,,,0,69,,38166,17,,,0,28,,38169,17,,,0,68,,38171,17,,,0,28,,38174,17,,,0,67,,38165,17,,,0,28,,38170,17,,,0,68,,38172,17,,,0,28,,38176,17,,,0,72,,38177,17,,,0,32,,38175,17,,,0,72,,38167,17,,,0,32,,38168,17,,,0
4600,'1PUBCUT-Weekday',526,,38197,17,,,0,33,,38195,17,,,0,55,,38231,17,,,0,15,,38205,17,,,0,15,,38232,17,,,0,56,,38229,17,,,0,16,,38233,17,,,0,17,,38210,17,,,0,16,,38234,17,,,0,55,,38198,17,,,0,15,,38235,17,,,0,15,,38204,17,,,0,17,,38236,17,,,0,56,,38191,17,,,0,30,,38211,17,,,0,69,,38199,17,,,0,29,,38206,17,,,0,70,,38192,17,,,0,30,,38213,17,,,0,70,,38200,17,,,0,30,,38207,17,,,0,70,,38194,17,,,0,30,,38214,17,,,0,70,,38201,17,,,0,30,,38208,17,,,0,70,,38193,17,,,0,17,,38237,17,,,0,17,,38212,17,,,0,17,,38230,17,,,0,57,,38202,17,,,0,17,,38238,17,,,0,18,,38209,17,,,0,56,,38239,17,,,0,14,,38196,17,,,0,15,,38240,17,,,0,15,,38215,17,,,0,55,,38241,17,,,0,15,,38203,17,,,0,30,,38224,17,,,0,69,,38217,17,,,0,28,,38220,17,,,0,68,,38222,17,,,0,28,,38225,17,,,0,67,,38216,17,,,0,28,,38221,17,,,0,68,,38223,17,,,0,28,,38227,17,,,0,72,,38228,17,,,0,32,,38226,17,,,0,72,,38218,17,,,0,32,,38219,17,,,0
8900,'Weekday',707,,47844,11,,,0,42,,47846,11,,,0,82,,47843,11,,,0,779,,47852,12,,,0,32,,47849,11,,,0,85,,47848,11,,,0,79,,47850,11,,,0,42,,47851,11,,,0
8900,'Weekday0000100',1441,,47853,8,,,0
8900,'1CCSDCUT-Weekday',707,,47856,11,,,0,42,,47858,11,,,0,82,,47855,11,,,0,779,,47864,12,,,0,32,,47861,11,,,0,85,,47860,11,,,0,79,,47862,11,,,0,42,,47863,11,,,0
8900,'1PUBCUT-Weekday',707,,47867,11,,,0,42,,47869,11,,,0,82,,47866,11,,,0,779,,47875,12,,,0,32,,47872,11,,,0,85,,47871,11,,,0,79,,47873,11,,,0,42,,47874,11,,,0
8900,'1PUBCUT-Weekday0000100',1441,,47876,8,,,0
