'2024DE-11BUSCUT-Weekday-04',8500,50000,,'',0,2500,,'',0,2500,,'',0,6600,,'',0,2600,,'',0,6700,,'',0,2600,,'',0,6700,,'',0,2600,,'',0,2700,,'',0,6600,,'',0,2700,,'',0,6600,,'',0,2600,,'',0,6600,,'',0,2600,,'',0,2600,,'',0,6600,,'',0,2600,,'',0,6600,,'',0,2600,,'',0,6700,,'',0,2700,,'',0,6700,,'',0,2800,,'',0,2700,,'',0,6700,,'',0,2700,,'',0,6800,,'',0,2800,,'',0,6800,,'',0,2700,,'',0,6700,,'',0,2600,,'',0,6600,,'',0,2600,,'',0,2600,,'',0,6600,,'',0,2600,,'',0,6600,,'',0,2600,,'',0,6600,,'',0,2600,,'',0,2600,,'',0
'2024DE-11BUSCUT-Weekday-04',8501,45400,4,'',0,6600,4,'',0,2600,4,'',0,6600,4,'',0,2600,4,'',0,6700,4,'',0,2600,4,'',0,2700,4,'',0,6600,4,'',0,2700,4,'',0,6600,4,'',0,2700,4,'',0,6600,4,'',0,2600,4,'',0,6600,4,'',0,2600,4,'',0,2600,4,'',0,6600,4,'',0,2600,4,'',0,6600,4,'',0,2600,4,'',0,6700,4,'',0,2700,4,'',0,2700,4,'',0,6800,4,'',0,2700,4,'',0,6800,4,'',0,2700,4,'',0,6800,4,'',0,2800,4,'',0,6700,4,'',0,2800,4,'',0,6700,4,'',0,2600,4,'',0,2600,4,'',0,6600,4,'',0,2600,4,'',0,6600,4,'',0,2600,4,'',0,6600,4,'',0,2600,4,'',0,6600,4,'',0,2600,4,'',0,2600,4,'',0
'2024DE-1BUSSA-Saturday-02',8500,54800,,'',0,6600,,'',0,2600,,'',0,6600,,'',0,2600,,'',0,2600,,'',0,6600,,'',0,2600,,'',0,6600,,'',0,2600,,'',0,6700,,'',0,2700,,'',0,6700,,'',0,2700,,'',0,2700,,'',0,6700,,'',0,2700,,'',0,6700,,'',0,2700,,'',0,6700,,'',0,2700,,'',0,6700,,'',0,2700,,'',0,6700,,'',0,2700,,'',0,2700,,'',0,6700,,'',0,2700,,'',0,6700,,'',0,2700,,'',0,6600,,'',0,2600,,'',0,6600,,'',0,2600,,'',0,2600,,'',0,6600,,'',0,2600,,'',0,6600,,'',0,2600,,'',0,6600,,'',0,2600,,'',0
'2024DE-1BUSSA-Saturday-02',8501,54500,4,'',0,6600,4,'',0,2600,4,'',0,6600,4,'',0,2600,4,'',0,2600,4,'',0,6600,4,'',0,2600,4,'',0,6600,4,'',0,2600,4,'',0,6600,4,'',0,2600,4,'',0,6900,4,'',0,2700,4,'',0,2700,4,'',0,6700,4,'',0,2700,4,'',0,6700,4,'',0,2700,4,'',0,6700,4,'',0,2700,4,'',0,6700,4,'',0,2700,4,'',0,2700,4,'',0,6700,4,'',0,2700,4,'',0,6700,4,'',0,2700,4,'',0,6700,4,'',0,2600,4,'',0,6600,4,'',0,2700,4,'',0,2600,4,'',0,6600,4,'',0,2600,4,'',0,6600,4,'',0,2600,4,'',0,6600,4,'',0,2600,4,'',0,2600,4,'',0,6600,4,'',0
'2024DE-1BUSSU-Sunday-02',8500,54800,,'',0,6600,,'',0,2600,,'',0,6600,,'',0,2600,,'',0,2600,,'',0,6600,,'',0,2600,,'',0,6600,,'',0,2600,,'',0,6700,,'',0,2700,,'',0,6700,,'',0,2700,,'',0,2700,,'',0,6700,,'',0,2700,,'',0,6700,,'',0,2700,,'',0,6700,,'',0,2700,,'',0,6700,,'',0,2700,,'',0,6700,,'',0,2700,,'',0,2700,,'',0,6700,,'',0,2700,,'',0,6700,,'',0,2700,,'',0,6600,,'',0,2600,,'',0,6600,,'',0,2600,,'',0,2600,,'',0,6600,,'',0,2600,,'',0,6600,,'',0,2600,,'',0,6600,,'',0,2600,,'',0
'2024DE-1BUSSU-Sunday-02',8501,54500,4,'',0,6600,4,'',0,2600,4,'',0,6600,4,'',0,2600,4,'',0,2600,4,'',0,6600,4,'',0,2600,4,'',0,6600,4,'',0,2600,4,'',0,6600,4,'',0,2600,4,'',0,6900,4,'',0,2700,4,'',0,2700,4,'',0,6700,4,'',0,2700,4,'',0,6700,4,'',0,2700,4,'',0,6700,4,'',0,2700,4,'',0,6700,4,'',0,2700,4,'',0,2700,4,'',0,6700,4,'',0,2700,4,'',0,6700,4,'',0,2700,4,'',0,6700,4,'',0,2600,4,'',0,6600,4,'',0,2700,4,'',0,2600,4,'',0,6600,4,'',0,2600,4,'',0,6600,4,'',0,2600,4,'',0,6600,4,'',0,2600,4,'',0,2600,4,'',0,6600,4,'',0
'2024DE-1BUSWK-Weekday-03',8500,50000,,'',0,2500,,'',0,2500,,'',0,6600,,'',0,2600,,'',0,6700,,'',0,2600,,'',0,6700,,'',0,2600,,'',0,2700,,'',0,6600,,'',0,2700,,'',0,6600,,'',0,2600,,'',0,6600,,'',0,2600,,'',0,2600,,'',0,6600,,'',0,2600,,'',0,6600,,'',0,2600,,'',0,6700,,'',0,2700,,'',0,6700,,'',0,2800,,'',0,2700,,'',0,6700,,'',0,2700,,'',0,6800,,'',0,2800,,'',0,6800,,'',0,2700,,'',0,6700,,'',0,2600,,'',0,6600,,'',0,2600,,'',0,2600,,'',0,6600,,'',0,2600,,'',0,6600,,'',0,2600,,'',0,6600,,'',0,2600,,'',0,2600,,'',0
'2024DE-1BUSWK-Weekday-03',8501,45400,4,'',0,6600,4,'',0,2600,4,'',0,6600,4,'',0,2600,4,'',0,6700,4,'',0,2600,4,'',0,2700,4,'',0,6600,4,'',0,2700,4,'',0,6600,4,'',0,2700,4,'',0,6600,4,'',0,2600,4,'',0,6600,4,'',0,2600,4,'',0,2600,4,'',0,6600,4,'',0,2600,4,'',0,6600,4,'',0,2600,4,'',0,6700,4,'',0,2700,4,'',0,2700,4,'',0,6800,4,'',0,2700,4,'',0,6800,4,'',0,2700,4,'',0,6800,4,'',0,2800,4,'',0,6700,4,'',0,2800,4,'',0,6700,4,'',0,2600,4,'',0,2600,4,'',0,6600,4,'',0,2600,4,'',0,6600,4,'',0,2600,4,'',0,6600,4,'',0,2600,4,'',0,6600,4,'',0,2600,4,'',0,2600,4,'',0
'2024DE-pBxDec31-Weekday-32',8500,50000,,'',0,2500,,'',0,2500,,'',0,6600,,'',0,2600,,'',0,6700,,'',0,2600,,'',0,6700,,'',0,2600,,'',0,2700,,'',0,6600,,'',0,2700,,'',0,6600,,'',0,2600,,'',0,6600,,'',0,2600,,'',0,2600,,'',0,6600,,'',0,2600,,'',0,6600,,'',0,2600,,'',0,6700,,'',0,2700,,'',0,6700,,'',0,2800,,'',0,2700,,'',0,6700,,'',0,2700,,'',0,6800,,'',0,2800,,'',0,6800,,'',0,2700,,'',0,6700,,'',0,2600,,'',0,6600,,'',0,2600,,'',0,2600,,'',0,6600,,'',0,2600,,'',0,6600,,'',0,2600,,'',0,6600,,'',0,2600,,'',0,2600,,'',0
'2024DE-pBxDec31-Weekday-32',8501,45400,4,'',0,6600,4,'',0,2600,4,'',0,6600,4,'',0,2600,4,'',0,6700,4,'',0,2600,4,'',0,2700,4,'',0,6600,4,'',0,2700,4,'',0,6600,4,'',0,2700,4,'',0,6600,4,'',0,2600,4,'',0,6600,4,'',0,2600,4,'',0,2600,4,'',0,6600,4,'',0,2600,4,'',0,6600,4,'',0,2600,4,'',0,6700,4,'',0,2700,4,'',0,2700,4,'',0,6800,4,'',0,2700,4,'',0,6800,4,'',0,2700,4,'',0,6800,4,'',0,2800,4,'',0,6700,4,'',0,2800,4,'',0,6700,4,'',0,2600,4,'',0,2600,4,'',0,6600,4,'',0,2600,4,'',0,6600,4,'',0,2600,4,'',0,6600,4,'',0,2600,4,'',0,6600,4,'',0,2600,4,'',0,2600,4,'',0
'2024SE-1BUSSA-Saturday-03',8500,54800,,'',0,6600,,'',0,2600,,'',0,6600,,'',0,2600,,'',0,2600,,'',0,6600,,'',0,2600,,'',0,6600,,'',0,2600,,'',0,6700,,'',0,2700,,'',0,6700,,'',0,2700,,'',0,2700,,'',0,6700,,'',0,2700,,'',0,6700,,'',0,2700,,'',0,6700,,'',0,2700,,'',0,6700,,'',0,2700,,'',0,6700,,'',0,2700,,'',0,2700,,'',0,6700,,'',0,2700,,'',0,6700,,'',0,2700,,'',0,6600,,'',0,2600,,'',0,6600,,'',0,2600,,'',0,2600,,'',0,6600,,'',0,2600,,'',0,6600,,'',0,2600,,'',0,6600,,'',0,2600,,'',0
'2024SE-1BUSSA-Saturday-03',8501,54500,4,'',0,6600,4,'',0,2600,4,'',0,6600,4,'',0,2600,4,'',0,2600,4,'',0,6600,4,'',0,2600,4,'',0,6600,4,'',0,2600,4,'',0,6600,4,'',0,2600,4,'',0,6900,4,'',0,2700,4,'',0,2700,4,'',0,6700,4,'',0,2700,4,'',0,6700,4,'',0,2700,4,'',0,6700,4,'',0,2700,4,'',0,6700,4,'',0,2700,4,'',0,2700,4,'',0,6700,4,'',0,2700,4,'',0,6700,4,'',0,2700,4,'',0,6700,4,'',0,2600,4,'',0,6600,4,'',0,2700,4,'',0,2600,4,'',0,6600,4,'',0,2600,4,'',0,6600,4,'',0,2600,4,'',0,6600,4,'',0,2600,4,'',0,2600,4,'',0,6600,4,'',0
'2024SE-1BUSSU-Sunday-03',8500,54800,,'',0,6600,,'',0,2600,,'',0,6600,,'',0,2600,,'',0,2600,,'',0,6600,,'',0,2600,,'',0,6600,,'',0,2600,,'',0,6700,,'',0,2700,,'',0,6700,,'',0,2700,,'',0,2700,,'',0,6700,,'',0,2700,,'',0,6700,,'',0,2700,,'',0,6700,,'',0,2700,,'',0,6700,,'',0,2700,,'',0,6700,,'',0,2700,,'',0,2700,,'',0,6700,,'',0,2700,,'',0,6700,,'',0,2700,,'',0,6600,,'',0,2600,,'',0,6600,,'',0,2600,,'',0,2600,,'',0,6600,,'',0,2600,,'',0,6600,,'',0,2600,,'',0,6600,,'',0,2600,,'',0
'2024SE-1BUSSU-Sunday-03',8501,54500,4,'',0,6600,4,'',0,2600,4,'',0,6600,4,'',0,2600,4,'',0,2600,4,'',0,6600,4,'',0,2600,4,'',0,6600,4,'',0,2600,4,'',0,6600,4,'',0,2600,4,'',0,6900,4,'',0,2700,4,'',0,2700,4,'',0,6700,4,'',0,2700,4,'',0,6700,4,'',0,2700,4,'',0,6700,4,'',0,2700,4,'',0,6700,4,'',0,2700,4,'',0,2700,4,'',0,6700,4,'',0,2700,4,'',0,6700,4,'',0,2700,4,'',0,6700,4,'',0,2600,4,'',0,6600,4,'',0,2700,4,'',0,2600,4,'',0,6600,4,'',0,2600,4,'',0,6600,4,'',0,2600,4,'',0,6600,4,'',0,2600,4,'',0,2600,4,'',0,6600,4,'',0
'2024SE-1BUSWK-Weekday-03',8500,50000,,'',0,2500,,'',0,2500,,'',0,6600,,'',0,2600,,'',0,6700,,'',0,2600,,'',0,6700,,'',0,2600,,'',0,2700,,'',0,6600,,'',0,2700,,'',0,6600,,'',0,2600,,'',0,6600,,'',0,2600,,'',0,2600,,'',0,6600,,'',0,2600,,'',0,6600,,'',0,2600,,'',0,6700,,'',0,2700,,'',0,6700,,'',0,2800,,'',0,2700,,'',0,6700,,'',0,2700,,'',0,6800,,'',0,2800,,'',0,6800,,'',0,2700,,'',0,6700,,'',0,2600,,'',0,6600,,'',0,2600,,'',0,2600,,'',0,6600,,'',0,2600,,'',0,6600,,'',0,2600,,'',0,6600,,'',0,2600,,'',0,2600,,'',0
'2024SE-1BUSWK-Weekday-03',8501,45400,4,'',0,6600,4,'',0,2600,4,'',0,6600,4,'',0,2600,4,'',0,6700,4,'',0,2600,4,'',0,2700,4,'',0,6600,4,'',0,2700,4,'',0,6600,4,'',0,2700,4,'',0,6600,4,'',0,2600,4,'',0,6600,4,'',0,2600,4,'',0,2600,4,'',0,6600,4,'',0,2600,4,'',0,6600,4,'',0,2600,4,'',0,6700,4,'',0,2700,4,'',0,2700,4,'',0,6800,4,'',0,2700,4,'',0,6800,4,'',0,2700,4,'',0,6800,4,'',0,2800,4,'',0,6700,4,'',0,2800,4,'',0,6700,4,'',0,2600,4,'',0,2600,4,'',0,6600,4,'',0,2600,4,'',0,6600,4,'',0,2600,4,'',0,6600,4,'',0,2600,4,'',0,6600,4,'',0,2600,4,'',0,2600,4,'',0
