6400,'Weekday',1634,,98860,25,,,0,18,,98862,25,,,0,59,,98861,25,,,0,20,,98859,25,,,0,19,,98863,25,,,0,59,,98858,25,,,0
6400,'STMPSnea-Weekday',1634,,98866,25,,,0,18,,98868,25,,,0,59,,98867,25,,,0,20,,98865,25,,,0,19,,98869,25,,,0,59,,98864,25,,,0
6400,'STMPWeek-Weekday',1634,,98872,25,,,0,18,,98874,25,,,0,59,,98873,25,,,0,20,,98871,25,,,0,19,,98875,25,,,0,59,,98870,25,,,0
6400,'STMPar-Weekday',1634,,98878,25,,,0,18,,98880,25,,,0,59,,98879,25,,,0,20,,98877,25,,,0,19,,98881,25,,,0,59,,98876,25,,,0
6401,'Weekday',613,,98883,8,,,0,21,,98884,8,,,0,20,,98885,8,,,0,59,,98886,8,,,0,19,,98882,8,,,0
6401,'STMPSnea-Weekday',613,,98888,8,,,0,21,,98889,8,,,0,20,,98890,8,,,0,59,,98891,8,,,0,19,,98887,8,,,0
6401,'STMPWeek-Weekday',613,,98893,8,,,0,21,,98894,8,,,0,20,,98895,8,,,0,59,,98896,8,,,0,19,,98892,8,,,0
6401,'STMPar-Weekday',613,,98898,8,,,0,21,,98899,8,,,0,20,,98900,8,,,0,59,,98901,8,,,0,19,,98897,8,,,0
8901,'Weekday',615,,108858,15,,,0,40,,108861,15,,,0,84,,108859,15,,,0,85,,108865,15,,,0,79,,108860,15,,,0,736,,108862,15,,,0,78,,108864,15,,,0,42,,108863,15,,,0
8901,'STMPSnea-Weekday',615,,108866,15,,,0,40,,108869,15,,,0,84,,108867,15,,,0,85,,108873,15,,,0,79,,108868,15,,,0,736,,108870,15,,,0,78,,108872,15,,,0,42,,108871,15,,,0
8901,'STMPWeek-Weekday',615,,108874,15,,,0,40,,108877,15,,,0,84,,108875,15,,,0,85,,108881,15,,,0,79,,108876,15,,,0,736,,108878,15,,,0,78,,108880,15,,,0,42,,108879,15,,,0
8901,'STMPar-Weekday',615,,108882,15,,,0,40,,108885,15,,,0,84,,108883,15,,,0,85,,108889,15,,,0,79,,108884,15,,,0,736,,108886,15,,,0,78,,108888,15,,,0,42,,108887,15,,,0
