5800,'Saturday',515,,96890,7,,,0,26,,96891,7,,,0
5800,'Sunday',515,,96894,7,,,0,26,,96895,7,,,0
5800,'Weekday',512,,96995,7,,,0,15,,96992,7,,,0,16,,96994,7,,,0,70,,96993,7,,,0
5800,'STMPSa-Saturday',515,,97039,7,,,0,26,,97040,7,,,0
5800,'STMPSnea-Weekday',512,,97099,7,,,0,15,,97096,7,,,0,16,,97098,7,,,0,70,,97097,7,,,0
5800,'STMPSu1-Sunday',515,,97102,7,,,0,26,,97103,7,,,0
5800,'STMPSu2-Sunday',515,,97147,7,,,0,26,,97148,7,,,0
5800,'STMPWeek-Weekday',512,,97248,7,,,0,15,,97245,7,,,0,16,,97247,7,,,0,70,,97246,7,,,0
5800,'STMPar-Weekday',512,,97307,7,,,0,15,,97304,7,,,0,16,,97306,7,,,0,70,,97305,7,,,0
5801,'Saturday',608,,97308,28,,,0,26,,97311,28,,,0,66,,97312,28,,,0,26,,97313,28,,,0,26,,97314,28,,,0,66,,97315,28,,,0,26,,97316,28,,,0,67,,97317,28,,,0,30,,97319,28,,,0,69,,97320,28,,,0,29,,97322,28,,,0,69,,97318,28,,,0,29,,97323,28,,,0,69,,97326,28,,,0,29,,97321,28,,,0,69,,97327,28,,,0,29,,97328,28,,,0,69,,97325,28,,,0,29,,97329,28,,,0,69,,97331,28,,,0,29,,97324,28,,,0,29,,97332,28,,,0,69,,97333,28,,,0,29,,97330,28,,,0,69,,97334,28,,,0,29,,97335,28,,,0,69,,97336,28,,,0,29,,97337,28,,,0,69,,97338,28,,,0,28,,97339,28,,,0,68,,97341,28,,,0,28,,97342,28,,,0,67,,97343,28,,,0,27,,97340,28,,,0,68,,97344,28,,,0,28,,97345,28,,,0,68,,97346,28,,,0,28,,97347,28,,,0,28,,97348,28,,,0,68,,97310,28,,,0,28,,97309,28,,,0
5801,'Sunday',608,,97349,28,,,0,26,,97351,28,,,0,66,,97350,28,,,0,26,,97352,28,,,0,26,,97353,28,,,0,66,,97355,28,,,0,26,,97354,28,,,0,67,,97356,28,,,0,30,,97357,28,,,0,69,,97358,28,,,0,29,,97363,28,,,0,69,,97362,28,,,0,29,,97360,28,,,0,69,,97361,28,,,0,29,,97359,28,,,0,69,,97367,28,,,0,29,,97364,28,,,0,69,,97365,28,,,0,29,,97366,28,,,0,69,,97368,28,,,0,29,,97369,28,,,0,29,,97370,28,,,0,69,,97371,28,,,0,29,,97372,28,,,0,69,,97373,28,,,0,29,,97374,28,,,0,69,,97375,28,,,0,29,,97376,28,,,0,69,,97378,28,,,0,28,,97379,28,,,0,68,,97380,28,,,0,28,,97377,28,,,0,67,,97382,28,,,0,27,,97381,28,,,0,68,,97383,28,,,0,28,,97384,28,,,0,68,,97385,28,,,0,28,,97386,28,,,0,28,,97388,28,,,0,68,,97389,28,,,0,28,,97387,28,,,0
5801,'Weekday',600,,97428,28,,,0,27,,97390,28,,,0,15,,97431,28,,,0,16,,97408,28,,,0,55,,97432,28,,,0,16,,97391,28,,,0,16,,97433,28,,,0,56,,97410,28,,,0,15,,97430,28,,,0,10,,97392,28,,,0,16,,97434,28,,,0,16,,97411,28,,,0,69,,97393,28,,,0,29,,97412,28,,,0,70,,97394,28,,,0,30,,97413,28,,,0,70,,97396,28,,,0,30,,97414,28,,,0,70,,97395,28,,,0,30,,97415,28,,,0,70,,97397,28,,,0,30,,97416,28,,,0,70,,97398,28,,,0,16,,97440,28,,,0,59,,97417,28,,,0,16,,97439,28,,,0,14,,97399,28,,,0,14,,97429,28,,,0,57,,97418,28,,,0,16,,97436,28,,,0,16,,97400,28,,,0,15,,97419,28,,,0,55,,97435,28,,,0,15,,97401,28,,,0,15,,97420,28,,,0,14,,97437,28,,,0,56,,97402,28,,,0,28,,97438,28,,,0,68,,97423,28,,,0,29,,97403,28,,,0,29,,97421,28,,,0,69,,97404,28,,,0,29,,97422,28,,,0,69,,97405,28,,,0,29,,97424,28,,,0,69,,97406,28,,,0,29,,97425,28,,,0,69,,97407,28,,,0,29,,97427,28,,,0,69,,97409,28,,,0,29,,97426,28,,,0
5801,'STMPSa-Saturday',608,,97441,28,,,0,26,,97444,28,,,0,66,,97445,28,,,0,26,,97446,28,,,0,26,,97447,28,,,0,66,,97448,28,,,0,26,,97449,28,,,0,67,,97450,28,,,0,30,,97452,28,,,0,69,,97453,28,,,0,29,,97455,28,,,0,69,,97451,28,,,0,29,,97456,28,,,0,69,,97459,28,,,0,29,,97454,28,,,0,69,,97461,28,,,0,29,,97462,28,,,0,69,,97458,28,,,0,29,,97463,28,,,0,69,,97464,28,,,0,29,,97457,28,,,0,29,,97465,28,,,0,69,,97466,28,,,0,29,,97460,28,,,0,69,,97467,28,,,0,29,,97468,28,,,0,69,,97469,28,,,0,29,,97470,28,,,0,69,,97471,28,,,0,28,,97472,28,,,0,68,,97474,28,,,0,28,,97475,28,,,0,67,,97476,28,,,0,27,,97473,28,,,0,68,,97477,28,,,0,28,,97478,28,,,0,68,,97479,28,,,0,28,,97480,28,,,0,28,,97481,28,,,0,68,,97443,28,,,0,28,,97442,28,,,0
5801,'STMPSnea-Weekday',600,,97520,28,,,0,27,,97482,28,,,0,15,,97523,28,,,0,16,,97500,28,,,0,55,,97524,28,,,0,16,,97483,28,,,0,16,,97525,28,,,0,56,,97502,28,,,0,15,,97522,28,,,0,10,,97484,28,,,0,16,,97526,28,,,0,16,,97503,28,,,0,69,,97485,28,,,0,29,,97504,28,,,0,70,,97486,28,,,0,30,,97505,28,,,0,70,,97488,28,,,0,30,,97506,28,,,0,70,,97487,28,,,0,30,,97507,28,,,0,70,,97489,28,,,0,30,,97508,28,,,0,70,,97490,28,,,0,16,,97532,28,,,0,59,,97509,28,,,0,16,,97531,28,,,0,14,,97491,28,,,0,14,,97521,28,,,0,57,,97510,28,,,0,16,,97528,28,,,0,16,,97492,28,,,0,15,,97511,28,,,0,55,,97527,28,,,0,15,,97493,28,,,0,15,,97512,28,,,0,14,,97529,28,,,0,56,,97494,28,,,0,28,,97530,28,,,0,68,,97515,28,,,0,29,,97495,28,,,0,29,,97513,28,,,0,69,,97496,28,,,0,29,,97514,28,,,0,69,,97497,28,,,0,29,,97516,28,,,0,69,,97498,28,,,0,29,,97517,28,,,0,69,,97499,28,,,0,29,,97519,28,,,0,69,,97501,28,,,0,29,,97518,28,,,0
5801,'STMPSu1-Sunday',608,,97533,28,,,0,26,,97535,28,,,0,66,,97534,28,,,0,26,,97536,28,,,0,26,,97537,28,,,0,66,,97539,28,,,0,26,,97538,28,,,0,67,,97540,28,,,0,30,,97541,28,,,0,69,,97542,28,,,0,29,,97547,28,,,0,69,,97546,28,,,0,29,,97544,28,,,0,69,,97545,28,,,0,29,,97543,28,,,0,69,,97551,28,,,0,29,,97549,28,,,0,69,,97550,28,,,0,29,,97548,28,,,0,69,,97552,28,,,0,29,,97553,28,,,0,29,,97554,28,,,0,69,,97555,28,,,0,29,,97556,28,,,0,69,,97557,28,,,0,29,,97558,28,,,0,69,,97559,28,,,0,29,,97560,28,,,0,69,,97562,28,,,0,28,,97563,28,,,0,68,,97564,28,,,0,28,,97561,28,,,0,67,,97566,28,,,0,27,,97565,28,,,0,68,,97567,28,,,0,28,,97568,28,,,0,68,,97569,28,,,0,28,,97570,28,,,0,28,,97572,28,,,0,68,,97573,28,,,0,28,,97571,28,,,0
5801,'STMPSu2-Sunday',608,,97574,28,,,0,26,,97576,28,,,0,66,,97575,28,,,0,26,,97577,28,,,0,26,,97578,28,,,0,66,,97580,28,,,0,26,,97579,28,,,0,67,,97581,28,,,0,30,,97582,28,,,0,69,,97583,28,,,0,29,,97588,28,,,0,69,,97587,28,,,0,29,,97585,28,,,0,69,,97586,28,,,0,29,,97584,28,,,0,69,,97592,28,,,0,29,,97589,28,,,0,69,,97590,28,,,0,29,,97591,28,,,0,69,,97593,28,,,0,29,,97594,28,,,0,29,,97595,28,,,0,69,,97596,28,,,0,29,,97597,28,,,0,69,,97598,28,,,0,29,,97599,28,,,0,69,,97600,28,,,0,29,,97601,28,,,0,69,,97603,28,,,0,28,,97604,28,,,0,68,,97605,28,,,0,28,,97602,28,,,0,67,,97607,28,,,0,27,,97606,28,,,0,68,,97608,28,,,0,28,,97609,28,,,0,68,,97610,28,,,0,28,,97611,28,,,0,28,,97613,28,,,0,68,,97614,28,,,0,28,,97612,28,,,0
5801,'STMPWeek-Weekday',600,,97653,28,,,0,27,,97615,28,,,0,15,,97656,28,,,0,16,,97633,28,,,0,55,,97657,28,,,0,16,,97616,28,,,0,16,,97658,28,,,0,56,,97635,28,,,0,15,,97655,28,,,0,10,,97617,28,,,0,16,,97659,28,,,0,16,,97636,28,,,0,69,,97618,28,,,0,29,,97637,28,,,0,70,,97619,28,,,0,30,,97638,28,,,0,70,,97621,28,,,0,30,,97639,28,,,0,70,,97620,28,,,0,30,,97640,28,,,0,70,,97622,28,,,0,30,,97641,28,,,0,70,,97623,28,,,0,16,,97665,28,,,0,59,,97642,28,,,0,16,,97664,28,,,0,14,,97624,28,,,0,14,,97654,28,,,0,57,,97643,28,,,0,16,,97661,28,,,0,16,,97625,28,,,0,15,,97644,28,,,0,55,,97660,28,,,0,15,,97626,28,,,0,15,,97645,28,,,0,14,,97662,28,,,0,56,,97627,28,,,0,28,,97663,28,,,0,68,,97648,28,,,0,29,,97628,28,,,0,29,,97646,28,,,0,69,,97629,28,,,0,29,,97647,28,,,0,69,,97630,28,,,0,29,,97649,28,,,0,69,,97631,28,,,0,29,,97650,28,,,0,69,,97632,28,,,0,29,,97652,28,,,0,69,,97634,28,,,0,29,,97651,28,,,0
5801,'STMPar-Weekday',600,,97704,28,,,0,27,,97666,28,,,0,15,,97707,28,,,0,16,,97684,28,,,0,55,,97708,28,,,0,16,,97667,28,,,0,16,,97709,28,,,0,56,,97686,28,,,0,15,,97706,28,,,0,10,,97668,28,,,0,16,,97710,28,,,0,16,,97687,28,,,0,69,,97669,28,,,0,29,,97688,28,,,0,70,,97670,28,,,0,30,,97689,28,,,0,70,,97672,28,,,0,30,,97690,28,,,0,70,,97671,28,,,0,30,,97691,28,,,0,70,,97673,28,,,0,30,,97692,28,,,0,70,,97674,28,,,0,16,,97716,28,,,0,59,,97693,28,,,0,16,,97715,28,,,0,14,,97675,28,,,0,14,,97705,28,,,0,57,,97694,28,,,0,16,,97712,28,,,0,16,,97676,28,,,0,15,,97695,28,,,0,55,,97711,28,,,0,15,,97677,28,,,0,15,,97696,28,,,0,14,,97713,28,,,0,56,,97678,28,,,0,28,,97714,28,,,0,68,,97699,28,,,0,29,,97679,28,,,0,29,,97697,28,,,0,69,,97680,28,,,0,29,,97698,28,,,0,69,,97681,28,,,0,29,,97700,28,,,0,69,,97682,28,,,0,29,,97701,28,,,0,69,,97683,28,,,0,29,,97703,28,,,0,69,,97685,28,,,0,29,,97702,28,,,0
13500,'Weekday',533,,124387,7,,,0,22,,124386,7,,,0,62,,124391,7,,,0,23,,124388,7,,,0,63,,124394,7,,,0,24,,124389,7,,,0,23,,124392,7,,,0,63,,124390,7,,,0,22,,124393,7,,,0,22,,124407,7,,,0,62,,124405,7,,,0,538,,124395,7,,,0,64,,124400,7,,,0,24,,124396,7,,,0,64,,124401,7,,,0,24,,124398,7,,,0,24,,124402,7,,,0,64,,124397,7,,,0,24,,124403,7,,,0,62,,124399,7,,,0,23,,124406,7,0,207 12 108 1 208 209,0,23,,124404,7,,,0
13500,'STMPSnea-Weekday',533,,124409,7,,,0,22,,124408,7,,,0,62,,124413,7,,,0,23,,124410,7,,,0,63,,124416,7,,,0,24,,124411,7,,,0,23,,124414,7,,,0,63,,124412,7,,,0,22,,124415,7,,,0,22,,124429,7,,,0,62,,124427,7,,,0,538,,124417,7,,,0,64,,124422,7,,,0,24,,124418,7,,,0,64,,124423,7,,,0,24,,124420,7,,,0,24,,124424,7,,,0,64,,124419,7,,,0,24,,124425,7,,,0,62,,124421,7,,,0,23,,124428,7,0,207 12 108 1 208 209,0,23,,124426,7,,,0
13500,'STMPWeek-Weekday',533,,124431,7,,,0,22,,124430,7,,,0,62,,124435,7,,,0,23,,124432,7,,,0,63,,124438,7,,,0,24,,124433,7,,,0,23,,124436,7,,,0,63,,124434,7,,,0,22,,124437,7,,,0,22,,124451,7,,,0,62,,124449,7,,,0,538,,124439,7,,,0,64,,124444,7,,,0,24,,124440,7,,,0,64,,124445,7,,,0,24,,124442,7,,,0,24,,124446,7,,,0,64,,124441,7,,,0,24,,124447,7,,,0,62,,124443,7,,,0,23,,124450,7,0,207 12 108 1 208 209,0,23,,124448,7,,,0
13500,'STMPar-Weekday',533,,124453,7,,,0,22,,124452,7,,,0,62,,124457,7,,,0,23,,124454,7,,,0,63,,124460,7,,,0,24,,124455,7,,,0,23,,124458,7,,,0,63,,124456,7,,,0,22,,124459,7,,,0,22,,124473,7,,,0,62,,124471,7,,,0,538,,124461,7,,,0,64,,124466,7,,,0,24,,124462,7,,,0,64,,124467,7,,,0,24,,124464,7,,,0,24,,124468,7,,,0,64,,124463,7,,,0,24,,124469,7,,,0,62,,124465,7,,,0,23,,124472,7,0,207 12 108 1 208 209,0,23,,124470,7,,,0
