1201,'Saturday',736,,28945,7,,,0,70,,28949,7,,,0,30,,28965,7,,,0,70,,28950,7,,,0,30,,28963,7,,,0,70,,28948,7,,,0,30,,28946,7,,,0,70,,28947,7,,,0,30,,28964,7,,,0,70,,28952,7,,,0,30,,28956,7,,,0,70,,28971,7,,,0,30,,28951,7,,,0,70,,28957,7,,,0,30,,28967,7,,,0,70,,28954,7,,,0,30,,28953,7,,,0,70,,28972,7,,,0,30,,28955,7,,,0,70,,28959,7,,,0,30,,28968,7,,,0,70,,28960,7,,,0,30,,28973,7,,,0,70,,28966,7,,,0,30,,28974,7,,,0,70,,28961,7,,,0,30,,28975,7,,,0,70,,28958,7,,,0,30,,28976,7,,,0,70,,28970,7,,,0,30,,28977,7,,,0,70,,28962,7,,,0
1201,'Sunday',806,,28980,7,,,0,30,,29002,7,,,0,70,,28981,7,,,0,30,,28978,7,,,0,70,,28998,7,,,0,30,,28983,7,,,0,70,,28985,7,,,0,30,,29004,7,,,0,70,,28982,7,,,0,30,,28986,7,,,0,70,,28988,7,,,0,30,,29001,7,,,0,70,,28989,7,,,0,30,,28984,7,,,0,70,,28999,7,,,0,30,,28987,7,,,0,70,,28990,7,,,0,30,,29005,7,,,0,70,,28991,7,,,0,30,,28992,7,,,0,70,,29000,7,,,0,30,,28993,7,,,0,70,,28994,7,,,0,30,,29003,7,,,0,70,,28995,7,,,0,30,,28996,7,,,0,70,,29008,7,,,0,30,,28997,7,,,0,70,,29010,7,,,0,30,,29006,7,,,0,70,,29009,7,,,0
1201,'Weekday',534,,29013,7,,,0,66,,29016,7,,,0,30,,29014,7,,,0,70,,29015,7,,,0,30,,29018,7,,,0,16,,29019,7,,,0,54,,29020,7,,,0,30,,29021,7,,,0,70,,29022,7,,,0,30,,29024,7,,,0,70,,29025,7,,,0,30,,29023,7,,,0,70,,29027,7,,,0,30,,29028,7,,,0,70,,29026,7,,,0,30,,29029,7,,,0,72,,29030,7,,,0,28,,29031,7,,,0,70,,29032,7,,,0,30,,29034,7,,,0,75,,29035,7,,,0,28,,29036,7,,,0,15,,29033,7,,,0,55,,29038,7,,,0,30,,29039,7,,,0,70,,29040,7,,,0,30,,29037,7,,,0,70,,29041,7,,,0,35,,29042,7,,,0,70,,29043,7,,,0,30,,29044,7,,,0,70,,29045,7,,,0,30,,29046,7,,,0,70,,29047,7,,,0,30,,29048,7,,,0,70,,29049,7,,,0,30,,29050,7,,,0,70,,29051,7,,,0
1201,'1CCSDCUT-Weekday',534,,29055,7,,,0,66,,29058,7,,,0,30,,29056,7,,,0,70,,29057,7,,,0,30,,29060,7,,,0,16,,29061,7,,,0,54,,29062,7,,,0,30,,29063,7,,,0,70,,29064,7,,,0,30,,29066,7,,,0,70,,29067,7,,,0,30,,29065,7,,,0,70,,29069,7,,,0,30,,29070,7,,,0,70,,29068,7,,,0,30,,29071,7,,,0,72,,29072,7,,,0,28,,29073,7,,,0,70,,29074,7,,,0,30,,29076,7,,,0,75,,29077,7,,,0,28,,29078,7,,,0,15,,29075,7,,,0,55,,29080,7,,,0,30,,29081,7,,,0,70,,29082,7,,,0,30,,29079,7,,,0,70,,29083,7,,,0,35,,29084,7,,,0,70,,29085,7,,,0,30,,29086,7,,,0,70,,29087,7,,,0,30,,29088,7,,,0,70,,29089,7,,,0,30,,29090,7,,,0,70,,29091,7,,,0,30,,29092,7,,,0,70,,29093,7,,,0
5200,'Saturday',613,,39068,26,,,0,45,,39067,26,,,0,85,,39071,26,,,0,85,,39069,26,,,0,85,,39072,26,,,0,45,,39073,26,,,0,85,,39075,26,,,0,85,,39076,26,,,0,85,,39077,26,,,0,45,,39074,26,,,0,92,,39079,26,,,0,85,,39081,26,,,0,85,,39078,26,,,0,85,,39083,26,,,0,44,,39080,26,,,0,86,,39082,26,,,0,80,,39085,26,,,0,90,,39086,26,,,0,42,,39087,26,,,0,88,,39084,26,,,0,85,,39088,26,,,0,85,,39070,26,,,0
5200,'Sunday',752,,39089,26,,,0,100,,39090,26,,,0,85,,39091,26,,,0,85,,39092,26,,,0,85,,39094,26,,,0,45,,39095,26,,,0,85,,39093,26,,,0,85,,39097,26,,,0,85,,39098,26,,,0,45,,39096,26,,,0,85,,39099,26,,,0,85,,39100,26,,,0,85,,39101,26,,,0,45,,39104,26,,,0,85,,39105,26,,,0,85,,39102,26,,,0,85,,39103,26,,,0,45,,39106,26,,,0,85,,39107,26,,,0
5200,'Weekday',543,,39130,23,,,0,85,,39128,26,,,0,85,,39126,26,,,0,45,,39129,26,,,0,85,,39125,26,,,0,93,,39127,26,,,0,85,,39121,26,,,0,85,,39122,26,,,0,45,,39123,26,,,0,85,,39124,26,,,0,85,,39116,26,,,0,85,,39120,26,,,0,45,,39118,26,,,0,94,,39119,26,,,0,84,,39114,26,,,0,84,,39117,26,,,0,45,,39113,26,,,0,85,,39115,26,,,0,83,,39111,26,,,0,85,,39112,26,,,0,47,,39110,26,,,0,81,,39108,26,,,0,91,,39109,26,,,0
5200,'1CCSDCUT-Weekday',543,,39153,23,,,0,85,,39151,26,,,0,85,,39149,26,,,0,45,,39152,26,,,0,85,,39148,26,,,0,93,,39150,26,,,0,85,,39144,26,,,0,85,,39145,26,,,0,45,,39146,26,,,0,85,,39147,26,,,0,85,,39139,26,,,0,85,,39143,26,,,0,45,,39141,26,,,0,94,,39142,26,,,0,84,,39137,26,,,0,84,,39140,26,,,0,45,,39136,26,,,0,85,,39138,26,,,0,83,,39134,26,,,0,85,,39135,26,,,0,47,,39133,26,,,0,81,,39131,26,,,0,91,,39132,26,,,0
6301,'Weekday',607,,41909,7,,,0,35,,41908,7,,,0,75,,41910,7,,,0,35,,41912,7,,,0,75,,41911,7,,,0,680,,41915,7,,,0,35,,41913,7,,,0,75,,41916,7,,,0,35,,41917,7,,,0,75,,41918,7,,,0,75,,41914,7,,,0
6301,'1CCSDCUT-Weekday',607,,41920,7,,,0,35,,41919,7,,,0,75,,41921,7,,,0,35,,41923,7,,,0,75,,41922,7,,,0,680,,41926,7,,,0,35,,41924,7,,,0,75,,41927,7,,,0,35,,41928,7,,,0,75,,41929,7,,,0,75,,41925,7,,,0
87301,'Weekday',1447,,69117,4,,,0
