9201,'Saturday',707,,110655,33,,,0,45,,110641,33,,,0,85,,110645,33,,,0,87,,110650,33,,,0,87,,110656,33,,,0,45,,110640,33,,,0,85,,110646,33,,,0,85,,110651,33,,,0,85,,110657,33,,,0,45,,110642,33,,,0,85,,110647,33,,,0,85,,110652,33,,,0,86,,110658,33,,,0,45,,110643,33,,,0,82,,110649,33,,,0,85,,110653,33,,,0,85,,110659,33,,,0,45,,110644,33,,,0,85,,110648,33,,,0,83,,110654,33,,,0,82,,110660,33,,,0,45,,110661,33,,,0
9201,'Sunday',708,,110677,33,,,0,45,,110662,33,,,0,85,,110667,33,,,0,85,,110672,33,,,0,85,,110678,33,,,0,45,,110663,33,,,0,88,,110668,33,,,0,85,,110674,33,,,0,85,,110679,33,,,0,45,,110665,33,,,0,85,,110669,33,,,0,85,,110673,33,,,0,85,,110680,33,,,0,45,,110664,33,,,0,85,,110670,33,,,0,83,,110675,33,,,0,84,,110681,33,,,0,45,,110666,33,,,0,85,,110671,33,,,0,85,,110676,33,,,0,82,,110682,33,,,0
9201,'Weekday',543,,110688,33,,,0,71,,110694,33,,,0,33,,110712,33,,,0,73,,110700,33,,,0,30,,110716,33,,,0,70,,110704,33,,,0,31,,110689,33,,,0,73,,110695,33,,,0,30,,110713,33,,,0,71,,110701,33,,,0,31,,110708,33,,,0,71,,110705,33,,,0,31,,110690,33,,,0,71,,110696,33,,,0,71,,110714,33,,,0,31,,110702,33,,,0,71,,110699,33,,,0,31,,110706,33,,,0,72,,110691,33,,,0,31,,110697,33,,,0,70,,110715,33,,,0,31,,110703,33,,,0,71,,110693,33,,,0,31,,110707,33,,,0,71,,110692,33,,,0,31,,110698,33,,,0,67,,110683,33,,,0,43,,110685,33,,,0,85,,110710,33,,,0,84,,110709,33,,,0,84,,110684,33,,,0,45,,110686,33,,,0,85,,110711,33,,,0,81,,110687,33,,,0
9201,'STMPSa-Saturday',707,,110732,33,,,0,45,,110718,33,,,0,85,,110722,33,,,0,87,,110727,33,,,0,87,,110733,33,,,0,45,,110717,33,,,0,85,,110723,33,,,0,85,,110728,33,,,0,85,,110734,33,,,0,45,,110719,33,,,0,85,,110724,33,,,0,85,,110729,33,,,0,86,,110735,33,,,0,45,,110720,33,,,0,82,,110726,33,,,0,85,,110730,33,,,0,85,,110736,33,,,0,45,,110721,33,,,0,85,,110725,33,,,0,83,,110731,33,,,0,82,,110737,33,,,0,45,,110738,33,,,0
9201,'STMPSnea-Weekday',543,,110744,33,,,0,71,,110750,33,,,0,33,,110768,33,,,0,73,,110756,33,,,0,30,,110772,33,,,0,70,,110760,33,,,0,31,,110745,33,,,0,73,,110751,33,,,0,30,,110769,33,,,0,71,,110757,33,,,0,31,,110764,33,,,0,71,,110761,33,,,0,31,,110746,33,,,0,71,,110752,33,,,0,71,,110770,33,,,0,31,,110758,33,,,0,71,,110755,33,,,0,31,,110762,33,,,0,72,,110747,33,,,0,31,,110753,33,,,0,70,,110771,33,,,0,31,,110759,33,,,0,71,,110749,33,,,0,31,,110763,33,,,0,71,,110748,33,,,0,31,,110754,33,,,0,67,,110739,33,,,0,43,,110741,33,,,0,85,,110766,33,,,0,84,,110765,33,,,0,84,,110740,33,,,0,45,,110742,33,,,0,85,,110767,33,,,0,81,,110743,33,,,0
9201,'STMPSu1-Sunday',708,,110788,33,,,0,45,,110773,33,,,0,85,,110778,33,,,0,85,,110783,33,,,0,85,,110789,33,,,0,45,,110774,33,,,0,88,,110779,33,,,0,85,,110785,33,,,0,85,,110790,33,,,0,45,,110776,33,,,0,85,,110780,33,,,0,85,,110784,33,,,0,85,,110791,33,,,0,45,,110775,33,,,0,85,,110781,33,,,0,83,,110786,33,,,0,84,,110792,33,,,0,45,,110777,33,,,0,85,,110782,33,,,0,85,,110787,33,,,0,82,,110793,33,,,0
9201,'STMPSu2-Sunday',708,,110809,33,,,0,45,,110794,33,,,0,85,,110799,33,,,0,85,,110804,33,,,0,85,,110810,33,,,0,45,,110795,33,,,0,88,,110800,33,,,0,85,,110806,33,,,0,85,,110811,33,,,0,45,,110797,33,,,0,85,,110801,33,,,0,85,,110805,33,,,0,85,,110812,33,,,0,45,,110796,33,,,0,85,,110802,33,,,0,83,,110807,33,,,0,84,,110813,33,,,0,45,,110798,33,,,0,85,,110803,33,,,0,85,,110808,33,,,0,82,,110814,33,,,0
9201,'STMPWeek-Weekday',543,,110820,33,,,0,71,,110826,33,,,0,33,,110844,33,,,0,73,,110832,33,,,0,30,,110848,33,,,0,70,,110836,33,,,0,31,,110821,33,,,0,73,,110827,33,,,0,30,,110845,33,,,0,71,,110833,33,,,0,31,,110840,33,,,0,71,,110837,33,,,0,31,,110822,33,,,0,71,,110828,33,,,0,71,,110846,33,,,0,31,,110834,33,,,0,71,,110831,33,,,0,31,,110838,33,,,0,72,,110823,33,,,0,31,,110829,33,,,0,70,,110847,33,,,0,31,,110835,33,,,0,71,,110825,33,,,0,31,,110839,33,,,0,71,,110824,33,,,0,31,,110830,33,,,0,67,,110815,33,,,0,43,,110817,33,,,0,85,,110842,33,,,0,84,,110841,33,,,0,84,,110816,33,,,0,45,,110818,33,,,0,85,,110843,33,,,0,81,,110819,33,,,0
9201,'STMPar-Weekday',543,,110854,33,,,0,71,,110860,33,,,0,33,,110878,33,,,0,73,,110866,33,,,0,30,,110882,33,,,0,70,,110870,33,,,0,31,,110855,33,,,0,73,,110861,33,,,0,30,,110879,33,,,0,71,,110867,33,,,0,31,,110874,33,,,0,71,,110871,33,,,0,31,,110856,33,,,0,71,,110862,33,,,0,71,,110880,33,,,0,31,,110868,33,,,0,71,,110865,33,,,0,31,,110872,33,,,0,72,,110857,33,,,0,31,,110863,33,,,0,70,,110881,33,,,0,31,,110869,33,,,0,71,,110859,33,,,0,31,,110873,33,,,0,71,,110858,33,,,0,31,,110864,33,,,0,67,,110849,33,,,0,43,,110851,33,,,0,85,,110876,33,,,0,84,,110875,33,,,0,84,,110850,33,,,0,45,,110852,33,,,0,85,,110877,33,,,0,81,,110853,33,,,0
11701,'Weekday',1700,,119288,22,,,0,42,,119286,24,,,0,69,,119287,24,,,0
11701,'STMPSnea-Weekday',1700,,119291,22,,,0,42,,119289,24,,,0,69,,119290,24,,,0
11701,'STMPWeek-Weekday',1700,,119294,22,,,0,42,,119292,24,,,0,69,,119293,24,,,0
11701,'STMPar-Weekday',1700,,119297,22,,,0,42,,119295,24,,,0,69,,119296,24,,,0
