11501,'CUT-Weekday',614,,29561,,,0,29,,29590,,,0,8,,29559,,,0,72,,29560,,,0,32,,29572,,,0,72,,29563,,,0,32,,29565,,,0,70,,29564,,,0,29,,29569,,,0,72,,29566,,,0,72,,29567,,,0,32,,29568,,,0,72,,29571,,,0,32,,29570,,,0,72,,29575,,,0,32,,29574,,,0,72,,29576,,,0,32,,29579,,,0,77,,29581,,,0,32,,29583,,,0,72,,29577,,,0,21,,29591,,,0,11,,29580,,,0,43,,29592,,,0,29,,29582,,,0,72,,29584,,,0,32,,29585,,,0,72,,29578,,,0,28,,29589,,,0,71,,29586,,,0,32,,29573,,,0,72,,29587,,,0,32,,29562,,,0,72,,29588,,,0,32,,29558,,,0
11501,'Saturday',704,,29593,,,0,38,,29594,,,0,78,,29595,,,0,38,,29596,,,0,80,,29597,,,0,78,,29598,,,0,38,,29599,,,0,78,,29600,,,0,78,,29601,,,0,38,,29602,,,0,78,,29603,,,0,78,,29604,,,0,38,,29605,,,0,78,,29606,,,0,38,,29607,,,0,78,,29608,,,0,78,,29611,,,0,38,,29612,,,0,78,,29609,,,0,78,,29610,,,0,36,,29615,,,0,78,,29613,,,0,78,,29614,,,0,38,,29616,,,0,78,,29617,,,0,38,,29618,,,0,78,,29619,,,0
11501,'Sunday',704,,29620,,,0,38,,29621,,,0,78,,29622,,,0,38,,29623,,,0,80,,29624,,,0,78,,29625,,,0,38,,29626,,,0,78,,29627,,,0,78,,29628,,,0,38,,29629,,,0,78,,29630,,,0,78,,29631,,,0,38,,29632,,,0,78,,29633,,,0,38,,29634,,,0,78,,29635,,,0,78,,29638,,,0,38,,29639,,,0,78,,29636,,,0,78,,29637,,,0,36,,29642,,,0,78,,29640,,,0,78,,29641,,,0,38,,29643,,,0,78,,29644,,,0,38,,29645,,,0,78,,29646,,,0
11501,'Weekday',614,,29650,,,0,29,,29679,,,0,8,,29648,,,0,72,,29649,,,0,32,,29661,,,0,72,,29652,,,0,32,,29655,,,0,70,,29654,,,0,29,,29658,,,0,72,,29656,,,0,72,,29653,,,0,32,,29657,,,0,72,,29660,,,0,32,,29659,,,0,72,,29664,,,0,32,,29663,,,0,72,,29665,,,0,32,,29668,,,0,77,,29670,,,0,32,,29672,,,0,72,,29666,,,0,21,,29680,,,0,11,,29669,,,0,43,,29681,,,0,29,,29671,,,0,72,,29673,,,0,32,,29674,,,0,72,,29667,,,0,28,,29678,,,0,71,,29675,,,0,32,,29662,,,0,72,,29676,,,0,32,,29651,,,0,72,,29677,,,0,32,,29647,,,0
11501,'pBxDec31-Weekday',614,,29685,,,0,29,,29714,,,0,8,,29683,,,0,72,,29684,,,0,32,,29696,,,0,72,,29687,,,0,32,,29689,,,0,70,,29688,,,0,29,,29693,,,0,72,,29690,,,0,72,,29691,,,0,32,,29692,,,0,72,,29695,,,0,32,,29694,,,0,72,,29699,,,0,32,,29698,,,0,72,,29700,,,0,32,,29703,,,0,77,,29705,,,0,32,,29707,,,0,72,,29701,,,0,21,,29715,,,0,11,,29704,,,0,43,,29716,,,0,29,,29706,,,0,72,,29708,,,0,32,,29709,,,0,72,,29702,,,0,28,,29713,,,0,71,,29710,,,0,32,,29697,,,0,72,,29711,,,0,32,,29686,,,0,72,,29712,,,0,32,,29682,,,0
77300,'Weekday',725,,44226,0,125 6 126 31,0
81401,'Weekday0000100',1451,,44319,0,12 13 128 129,0
81401,'Weekday1111000',1551,,44320,0,12 13 128 129,0
81701,'Weekday0000100',1446,,44328,0,12 13 126 31,0
81701,'Weekday1111000',1546,,44329,0,12 13 126 31,0
