2200,'Saturday',625,,81935,11,,,0,77,,81949,11,,,0,38,,81937,11,,,0,78,,81950,11,,,0,38,,81936,11,,,0,78,,81951,11,,,0,80,,81938,11,,,0,35,,81952,11,,,0,78,,81954,11,,,0,78,,81939,11,,,0,38,,81956,11,,,0,78,,81941,11,,,0,38,,81955,11,,,0,78,,81940,11,,,0,78,,81957,11,,,0,38,,81953,11,,,0,78,,81958,11,,,0,78,,81943,11,,,0,38,,81960,11,,,0,76,,81942,11,,,0,36,,81944,11,,,0,78,,81945,11,,,0,78,,81959,11,,,0,38,,81946,11,,,0,78,,81961,11,,,0,78,,81947,11,,,0,38,,81962,11,,,0,73,,81948,11,,,0
2200,'Sunday',626,,81963,11,,,0,78,,81976,11,,,0,38,,81964,11,,,0,78,,81978,11,,,0,38,,81966,11,,,0,78,,81979,11,,,0,80,,81968,11,,,0,38,,81980,11,,,0,78,,81967,11,,,0,78,,81981,11,,,0,38,,81965,11,,,0,78,,81984,11,,,0,78,,81970,11,,,0,38,,81982,11,,,0,78,,81969,11,,,0,38,,81983,11,,,0,78,,81971,11,,,0,78,,81985,11,,,0,38,,81972,11,,,0,78,,81987,11,,,0,76,,81974,11,,,0,38,,81988,11,,,0,78,,81973,11,,,0,78,,81986,11,,,0,38,,81975,11,,,0,78,,81989,11,,,0,38,,81977,11,,,0
2200,'Weekday',533,,81990,11,,,0,68,,82004,11,,,0,31,,82014,11,,,0,68,,81991,11,,,0,28,,82005,11,,,0,28,,82015,11,,,0,68,,81992,11,,,0,28,,82006,11,,,0,65,,82016,11,,,0,26,,81993,11,,,0,66,,82007,11,,,0,26,,82017,11,,,0,66,,81994,11,,,0,26,,82008,11,,,0,26,,82018,11,,,0,66,,81995,11,,,0,26,,82009,11,,,0,66,,82019,11,,,0,26,,81997,11,,,0,66,,82010,11,,,0,26,,82028,11,,,0,26,,82021,11,,,0,69,,81996,11,,,0,28,,82011,11,,,0,68,,82020,11,,,0,28,,81998,11,,,0,68,,82012,11,,,0,28,,82022,11,,,0,68,,81999,11,,,0,23,,82013,11,,,0,66,,82023,11,,,0,36,,82000,11,,,0,76,,82024,11,,,0,36,,82001,11,,,0,76,,82025,11,,,0,76,,82002,11,,,0,36,,82026,11,,,0,76,,82003,11,,,0,45,,82027,11,,,0
2200,'STMPSa-Saturday',625,,82029,11,,,0,77,,82043,11,,,0,38,,82031,11,,,0,78,,82044,11,,,0,38,,82030,11,,,0,78,,82045,11,,,0,80,,82032,11,,,0,35,,82046,11,,,0,78,,82048,11,,,0,78,,82033,11,,,0,38,,82050,11,,,0,78,,82035,11,,,0,38,,82049,11,,,0,78,,82034,11,,,0,78,,82051,11,,,0,38,,82047,11,,,0,78,,82052,11,,,0,78,,82037,11,,,0,38,,82054,11,,,0,76,,82036,11,,,0,36,,82038,11,,,0,78,,82039,11,,,0,78,,82053,11,,,0,38,,82040,11,,,0,78,,82055,11,,,0,78,,82041,11,,,0,38,,82056,11,,,0,73,,82042,11,,,0,37,,82059,11,,,0,67,,82058,11,,,0,76,,82057,11,,,0
2200,'STMPSnea-Weekday',533,,82060,11,,,0,68,,82074,11,,,0,31,,82084,11,,,0,68,,82061,11,,,0,28,,82075,11,,,0,28,,82085,11,,,0,68,,82062,11,,,0,28,,82076,11,,,0,65,,82086,11,,,0,26,,82063,11,,,0,66,,82077,11,,,0,26,,82087,11,,,0,66,,82064,11,,,0,26,,82078,11,,,0,26,,82088,11,,,0,66,,82065,11,,,0,26,,82079,11,,,0,66,,82089,11,,,0,26,,82067,11,,,0,66,,82080,11,,,0,26,,82098,11,,,0,26,,82091,11,,,0,69,,82066,11,,,0,28,,82081,11,,,0,68,,82090,11,,,0,28,,82068,11,,,0,68,,82082,11,,,0,28,,82092,11,,,0,68,,82069,11,,,0,23,,82083,11,,,0,66,,82093,11,,,0,36,,82070,11,,,0,76,,82094,11,,,0,36,,82071,11,,,0,76,,82095,11,,,0,76,,82072,11,,,0,36,,82096,11,,,0,76,,82073,11,,,0,45,,82097,11,,,0
2200,'STMPSu1-Sunday',626,,82099,11,,,0,78,,82112,11,,,0,38,,82100,11,,,0,78,,82114,11,,,0,38,,82102,11,,,0,78,,82115,11,,,0,80,,82104,11,,,0,38,,82116,11,,,0,78,,82103,11,,,0,78,,82117,11,,,0,38,,82101,11,,,0,78,,82120,11,,,0,78,,82106,11,,,0,38,,82118,11,,,0,78,,82105,11,,,0,38,,82119,11,,,0,78,,82107,11,,,0,78,,82121,11,,,0,38,,82108,11,,,0,78,,82123,11,,,0,76,,82110,11,,,0,38,,82124,11,,,0,78,,82109,11,,,0,78,,82122,11,,,0,38,,82111,11,,,0,78,,82125,11,,,0,38,,82113,11,,,0,78,,82126,11,,,0,81,,82127,11,,,0,41,,82128,11,,,0
2200,'STMPSu2-Sunday',626,,82158,11,,,0,78,,82157,11,,,0,38,,82156,11,,,0,78,,82155,11,,,0,38,,82154,11,,,0,78,,82153,11,,,0,80,,82152,11,,,0,38,,82151,11,,,0,78,,82150,11,,,0,78,,82149,11,,,0,38,,82148,11,,,0,78,,82147,11,,,0,78,,82146,11,,,0,38,,82145,11,,,0,78,,82144,11,,,0,38,,82143,11,,,0,78,,82142,11,,,0,78,,82141,11,,,0,38,,82140,11,,,0,78,,82139,11,,,0,76,,82138,11,,,0,38,,82137,11,,,0,78,,82136,11,,,0,78,,82135,11,,,0,38,,82134,11,,,0,78,,82133,11,,,0,38,,82132,11,,,0,78,,82131,11,,,0,81,,82130,11,,,0,41,,82129,11,,,0
2200,'STMPWeek-Weekday',533,,82159,11,,,0,68,,82173,11,,,0,31,,82183,11,,,0,68,,82160,11,,,0,28,,82174,11,,,0,28,,82184,11,,,0,68,,82161,11,,,0,28,,82175,11,,,0,65,,82185,11,,,0,26,,82162,11,,,0,66,,82176,11,,,0,26,,82186,11,,,0,66,,82163,11,,,0,26,,82177,11,,,0,26,,82187,11,,,0,66,,82164,11,,,0,26,,82178,11,,,0,66,,82188,11,,,0,26,,82166,11,,,0,66,,82179,11,,,0,26,,82197,11,,,0,26,,82190,11,,,0,69,,82165,11,,,0,28,,82180,11,,,0,68,,82189,11,,,0,28,,82167,11,,,0,68,,82181,11,,,0,28,,82191,11,,,0,68,,82168,11,,,0,23,,82182,11,,,0,66,,82192,11,,,0,36,,82169,11,,,0,76,,82193,11,,,0,36,,82170,11,,,0,76,,82194,11,,,0,76,,82171,11,,,0,36,,82195,11,,,0,76,,82172,11,,,0,45,,82196,11,,,0,63,,82199,11,,,0,35,,82198,11,,,0
2200,'STMPar-Weekday',533,,82200,11,,,0,68,,82214,11,,,0,31,,82224,11,,,0,68,,82201,11,,,0,28,,82215,11,,,0,28,,82225,11,,,0,68,,82202,11,,,0,28,,82216,11,,,0,65,,82226,11,,,0,26,,82203,11,,,0,66,,82217,11,,,0,26,,82227,11,,,0,66,,82204,11,,,0,26,,82218,11,,,0,26,,82228,11,,,0,66,,82205,11,,,0,26,,82219,11,,,0,66,,82229,11,,,0,26,,82207,11,,,0,66,,82220,11,,,0,26,,82238,11,,,0,26,,82231,11,,,0,69,,82206,11,,,0,28,,82221,11,,,0,68,,82230,11,,,0,28,,82208,11,,,0,68,,82222,11,,,0,28,,82232,11,,,0,68,,82209,11,,,0,23,,82223,11,,,0,66,,82233,11,,,0,36,,82210,11,,,0,76,,82234,11,,,0,36,,82211,11,,,0,76,,82235,11,,,0,76,,82212,11,,,0,36,,82236,11,,,0,76,,82213,11,,,0,45,,82237,11,,,0,63,,82240,11,,,0,35,,82239,11,,,0
6600,'Saturday',551,,99457,24,,,0,73,,99474,24,,,0,33,,99458,24,,,0,73,,99476,24,,,0,73,,99459,24,,,0,33,,99475,24,,,0,73,,99460,24,,,0,34,,99477,24,,,0,73,,99461,24,,,0,33,,99478,24,,,0,73,,99462,24,,,0,33,,99480,24,,,0,73,,99463,24,,,0,73,,99479,24,,,0,33,,99464,24,,,0,73,,99481,24,,,0,33,,99465,24,,,0,73,,99482,24,,,0,33,,99466,24,,,0,73,,99483,24,,,0,33,,99468,24,,,0,73,,99486,24,,,0,33,,99467,24,,,0,72,,99484,24,,,0,73,,99469,24,,,0,33,,99485,24,,,0,73,,99470,24,,,0,33,,99487,24,,,0,73,,99472,24,,,0,33,,99488,24,,,0,73,,99471,24,,,0,33,,99489,24,,,0,73,,99473,24,,,0
6600,'Sunday',551,,99490,24,,,0,73,,99508,24,,,0,33,,99492,24,,,0,73,,99510,24,,,0,73,,99491,24,,,0,33,,99509,24,,,0,73,,99493,24,,,0,34,,99507,24,,,0,73,,99495,24,,,0,33,,99511,24,,,0,73,,99494,24,,,0,33,,99512,24,,,0,73,,99496,24,,,0,73,,99513,24,,,0,33,,99497,24,,,0,73,,99514,24,,,0,33,,99499,24,,,0,73,,99515,24,,,0,33,,99498,24,,,0,73,,99516,24,,,0,33,,99500,24,,,0,73,,99517,24,,,0,33,,99501,24,,,0,72,,99518,24,,,0,73,,99502,24,,,0,33,,99519,24,,,0,73,,99503,24,,,0,33,,99520,24,,,0,73,,99504,24,,,0,33,,99521,24,,,0,73,,99505,24,,,0,33,,99522,24,,,0,73,,99506,24,,,0
6600,'Weekday',534,,99527,24,,,0,24,,99528,24,,,0,63,,99536,24,,,0,23,,99537,24,,,0,63,,99534,24,,,0,23,,99538,24,,,0,23,,99535,24,,,0,63,,99540,24,,,0,23,,99541,24,,,0,62,,99542,24,,,0,23,,99539,24,,,0,23,,99543,24,,,0,63,,99544,24,,,0,23,,99545,24,,,0,23,,99546,24,,,0,63,,99547,24,,,0,23,,99548,24,,,0,63,,99549,24,,,0,23,,99551,24,,,0,23,,99552,24,,,0,63,,99550,24,,,0,23,,99555,24,,,0,63,,99556,24,,,0,23,,99553,24,,,0,23,,99557,24,,,0,63,,99554,24,,,0,24,,99558,24,,,0,23,,99559,24,,,0,63,,99560,24,,,0,23,,99561,24,,,0,63,,99562,24,,,0,23,,99564,24,,,0,23,,99567,24,,,0,63,,99563,24,,,0,23,,99568,24,,,0,68,,99566,24,,,0,33,,99565,24,,,0,71,,99530,24,,,0,32,,99523,24,,,0,73,,99529,24,,,0,33,,99524,24,,,0,73,,99531,24,,,0,33,,99525,24,,,0,73,,99532,24,,,0,33,,99526,24,,,0
6600,'STMPSa-Saturday',551,,99569,24,,,0,73,,99586,24,,,0,33,,99570,24,,,0,73,,99588,24,,,0,73,,99571,24,,,0,33,,99587,24,,,0,73,,99572,24,,,0,34,,99589,24,,,0,73,,99573,24,,,0,33,,99590,24,,,0,73,,99574,24,,,0,33,,99592,24,,,0,73,,99575,24,,,0,73,,99591,24,,,0,33,,99576,24,,,0,73,,99593,24,,,0,33,,99577,24,,,0,73,,99594,24,,,0,33,,99578,24,,,0,73,,99595,24,,,0,33,,99580,24,,,0,73,,99598,24,,,0,33,,99579,24,,,0,72,,99596,24,,,0,73,,99581,24,,,0,33,,99597,24,,,0,73,,99582,24,,,0,33,,99599,24,,,0,73,,99584,24,,,0,33,,99600,24,,,0,73,,99583,24,,,0,33,,99601,24,,,0,73,,99585,24,,,0
6600,'STMPSnea-Weekday',534,,99606,24,,,0,24,,99607,24,,,0,63,,99615,24,,,0,23,,99616,24,,,0,63,,99613,24,,,0,23,,99617,24,,,0,23,,99614,24,,,0,63,,99619,24,,,0,23,,99620,24,,,0,62,,99621,24,,,0,23,,99618,24,,,0,23,,99622,24,,,0,63,,99623,24,,,0,23,,99624,24,,,0,23,,99625,24,,,0,63,,99626,24,,,0,23,,99627,24,,,0,63,,99628,24,,,0,23,,99630,24,,,0,23,,99631,24,,,0,63,,99629,24,,,0,23,,99634,24,,,0,63,,99635,24,,,0,23,,99632,24,,,0,23,,99636,24,,,0,63,,99633,24,,,0,24,,99637,24,,,0,23,,99638,24,,,0,63,,99639,24,,,0,23,,99640,24,,,0,63,,99641,24,,,0,23,,99643,24,,,0,23,,99646,24,,,0,63,,99642,24,,,0,23,,99647,24,,,0,68,,99645,24,,,0,33,,99644,24,,,0,71,,99609,24,,,0,32,,99602,24,,,0,73,,99608,24,,,0,33,,99603,24,,,0,73,,99610,24,,,0,33,,99604,24,,,0,73,,99611,24,,,0,33,,99605,24,,,0
6600,'STMPSu1-Sunday',551,,99648,24,,,0,73,,99666,24,,,0,33,,99650,24,,,0,73,,99668,24,,,0,73,,99649,24,,,0,33,,99667,24,,,0,73,,99651,24,,,0,34,,99665,24,,,0,73,,99653,24,,,0,33,,99669,24,,,0,73,,99652,24,,,0,33,,99670,24,,,0,73,,99654,24,,,0,73,,99671,24,,,0,33,,99655,24,,,0,73,,99672,24,,,0,33,,99657,24,,,0,73,,99673,24,,,0,33,,99656,24,,,0,73,,99674,24,,,0,33,,99658,24,,,0,73,,99675,24,,,0,33,,99659,24,,,0,72,,99676,24,,,0,73,,99660,24,,,0,33,,99677,24,,,0,73,,99661,24,,,0,33,,99679,24,,,0,73,,99662,24,,,0,33,,99678,24,,,0,73,,99663,24,,,0,33,,99680,24,,,0,73,,99664,24,,,0
6600,'STMPSu2-Sunday',551,,99681,24,,,0,73,,99699,24,,,0,33,,99683,24,,,0,73,,99701,24,,,0,73,,99682,24,,,0,33,,99700,24,,,0,73,,99684,24,,,0,34,,99698,24,,,0,73,,99686,24,,,0,33,,99702,24,,,0,73,,99685,24,,,0,33,,99703,24,,,0,73,,99687,24,,,0,73,,99704,24,,,0,33,,99688,24,,,0,73,,99705,24,,,0,33,,99690,24,,,0,73,,99706,24,,,0,33,,99689,24,,,0,73,,99707,24,,,0,33,,99691,24,,,0,73,,99708,24,,,0,33,,99692,24,,,0,72,,99709,24,,,0,73,,99693,24,,,0,33,,99710,24,,,0,73,,99694,24,,,0,33,,99711,24,,,0,73,,99695,24,,,0,33,,99712,24,,,0,73,,99696,24,,,0,33,,99713,24,,,0,73,,99697,24,,,0
6600,'STMPWeek-Weekday',534,,99718,24,,,0,24,,99719,24,,,0,63,,99727,24,,,0,23,,99728,24,,,0,63,,99725,24,,,0,23,,99729,24,,,0,23,,99726,24,,,0,63,,99731,24,,,0,23,,99732,24,,,0,62,,99733,24,,,0,23,,99730,24,,,0,23,,99734,24,,,0,63,,99735,24,,,0,23,,99736,24,,,0,23,,99737,24,,,0,63,,99738,24,,,0,23,,99739,24,,,0,63,,99740,24,,,0,23,,99742,24,,,0,23,,99743,24,,,0,63,,99741,24,,,0,23,,99746,24,,,0,63,,99747,24,,,0,23,,99744,24,,,0,23,,99748,24,,,0,63,,99745,24,,,0,24,,99749,24,,,0,23,,99750,24,,,0,63,,99751,24,,,0,23,,99752,24,,,0,63,,99753,24,,,0,23,,99755,24,,,0,23,,99758,24,,,0,63,,99754,24,,,0,23,,99759,24,,,0,68,,99757,24,,,0,33,,99756,24,,,0,71,,99721,24,,,0,32,,99714,24,,,0,73,,99720,24,,,0,33,,99715,24,,,0,73,,99722,24,,,0,33,,99716,24,,,0,73,,99723,24,,,0,33,,99717,24,,,0
6600,'STMPar-Weekday',534,,99764,24,,,0,24,,99765,24,,,0,63,,99773,24,,,0,23,,99774,24,,,0,63,,99771,24,,,0,23,,99775,24,,,0,23,,99772,24,,,0,63,,99777,24,,,0,23,,99778,24,,,0,62,,99779,24,,,0,23,,99776,24,,,0,23,,99780,24,,,0,63,,99781,24,,,0,23,,99782,24,,,0,23,,99783,24,,,0,63,,99784,24,,,0,23,,99785,24,,,0,63,,99786,24,,,0,23,,99788,24,,,0,23,,99789,24,,,0,63,,99787,24,,,0,23,,99792,24,,,0,63,,99793,24,,,0,23,,99790,24,,,0,23,,99794,24,,,0,63,,99791,24,,,0,24,,99795,24,,,0,23,,99796,24,,,0,63,,99797,24,,,0,23,,99798,24,,,0,63,,99799,24,,,0,23,,99801,24,,,0,23,,99804,24,,,0,63,,99800,24,,,0,23,,99805,24,,,0,68,,99803,24,,,0,33,,99802,24,,,0,71,,99767,24,,,0,32,,99760,24,,,0,73,,99766,24,,,0,33,,99761,24,,,0,73,,99768,24,,,0,33,,99762,24,,,0,73,,99769,24,,,0,33,,99763,24,,,0
