2601,'Saturday',627,,33407,25,,,0,85,,33397,25,,,0,45,,33405,25,,,0,85,,33400,25,,,0,89,,33408,25,,,0,86,,33396,25,,,0,85,,33409,25,,,0,45,,33402,25,,,0,85,,33410,25,,,0,85,,33398,25,,,0,85,,33411,25,,,0,42,,33399,25,,,0,85,,33412,25,,,0,85,,33401,25,,,0,45,,33413,25,,,0,85,,33403,25,,,0,85,,33415,25,,,0,85,,33404,25,,,0,86,,33414,25,,,0,45,,33406,25,,,0
2601,'Sunday',627,,33426,25,,,0,85,,33416,25,,,0,45,,33427,25,,,0,85,,33417,25,,,0,89,,33428,25,,,0,86,,33418,25,,,0,85,,33429,25,,,0,45,,33419,25,,,0,85,,33430,25,,,0,85,,33420,25,,,0,85,,33431,25,,,0,42,,33421,25,,,0,85,,33432,25,,,0,85,,33423,25,,,0,45,,33433,25,,,0,85,,33422,25,,,0,85,,33434,25,,,0,85,,33424,25,,,0,86,,33435,25,,,0,45,,33425,25,,,0
2601,'Weekday',641,,33436,25,,,0,76,,33437,25,,,0,29,,33439,25,,,0,72,,33440,25,,,0,32,,33441,25,,,0,7,,33438,25,,,0,47,,33442,25,,,0,14,,33444,25,,,0,28,,33445,25,,,0,70,,33446,25,,,0,30,,33443,25,,,0,70,,33447,25,,,0,30,,33448,25,,,0,70,,33449,25,,,0,30,,33450,25,,,0,70,,33451,25,,,0,30,,33452,25,,,0,70,,33453,25,,,0,30,,33454,25,,,0,74,,33455,25,,,0,32,,33456,25,,,0,72,,33457,25,,,0,32,,33458,25,,,0,72,,33459,25,,,0,72,,33460,25,,,0,30,,33461,25,,,0,29,,33462,25,,,0,69,,33467,25,,,0,30,,33465,25,,,0,70,,33468,25,,,0,30,,33469,25,,,0,68,,33466,25,,,0,29,,33463,25,,,0,70,,33464,25,,,0
2601,'1CCSDCUT-Weekday',641,,33470,25,,,0,76,,33471,25,,,0,29,,33473,25,,,0,72,,33474,25,,,0,32,,33475,25,,,0,7,,33472,25,,,0,47,,33476,25,,,0,14,,33478,25,,,0,28,,33479,25,,,0,70,,33480,25,,,0,30,,33477,25,,,0,70,,33481,25,,,0,30,,33482,25,,,0,70,,33483,25,,,0,30,,33484,25,,,0,70,,33485,25,,,0,30,,33486,25,,,0,70,,33487,25,,,0,30,,33488,25,,,0,74,,33489,25,,,0,32,,33490,25,,,0,72,,33491,25,,,0,32,,33492,25,,,0,72,,33493,25,,,0,72,,33494,25,,,0,30,,33495,25,,,0,29,,33496,25,,,0,69,,33501,25,,,0,30,,33499,25,,,0,70,,33502,25,,,0,30,,33503,25,,,0,68,,33500,25,,,0,29,,33497,25,,,0,70,,33498,25,,,0
2601,'1PUBCUT-Weekday',641,,33504,25,,,0,76,,33505,25,,,0,29,,33507,25,,,0,72,,33508,25,,,0,32,,33509,25,,,0,7,,33506,25,,,0,47,,33510,25,,,0,14,,33512,25,,,0,28,,33513,25,,,0,70,,33514,25,,,0,30,,33511,25,,,0,70,,33515,25,,,0,30,,33516,25,,,0,70,,33517,25,,,0,30,,33518,25,,,0,70,,33519,25,,,0,30,,33520,25,,,0,70,,33521,25,,,0,30,,33522,25,,,0,74,,33523,25,,,0,32,,33524,25,,,0,72,,33525,25,,,0,32,,33526,25,,,0,72,,33527,25,,,0,72,,33528,25,,,0,30,,33529,25,,,0,29,,33530,25,,,0,69,,33535,25,,,0,30,,33533,25,,,0,70,,33536,25,,,0,30,,33537,25,,,0,68,,33534,25,,,0,29,,33531,25,,,0,70,,33532,25,,,0
11100,'Saturday',638,,53034,19,,,0,85,,53036,19,,,0,85,,53035,19,,,0,45,,53037,19,,,0,85,,53033,19,,,0,85,,53038,19,,,0,85,,53039,19,,,0,45,,53041,19,,,0,85,,53040,19,,,0,85,,53042,19,,,0,85,,53043,19,,,0,45,,53044,19,,,0,85,,53047,19,,,0,85,,53045,19,,,0,85,,53048,19,,,0,45,,53046,19,,,0,85,,53049,19,,,0,85,,53051,19,,,0,85,,53050,19,,,0,45,,53052,19,,,0,85,,53053,19,,,0
11100,'Sunday',638,,53054,19,,,0,85,,53058,19,,,0,85,,53060,19,,,0,45,,53056,19,,,0,85,,53057,19,,,0,85,,53062,19,,,0,85,,53063,19,,,0,45,,53059,19,,,0,85,,53061,19,,,0,85,,53064,19,,,0,85,,53066,19,,,0,45,,53067,19,,,0,85,,53068,19,,,0,85,,53065,19,,,0,85,,53069,19,,,0,45,,53071,19,,,0,85,,53073,19,,,0,85,,53070,19,,,0,85,,53074,19,,,0,45,,53072,19,,,0,85,,53055,19,,,0
11100,'Weekday',606,,53075,19,,,0,30,,53083,19,,,0,70,,53077,19,,,0,30,,53084,19,,,0,70,,53076,19,,,0,30,,53085,19,,,0,70,,53103,19,,,0,30,,53086,19,,,0,70,,53104,19,,,0,30,,53087,19,,,0,70,,53105,19,,,0,30,,53088,19,,,0,69,,53106,19,,,0,29,,53089,19,,,0,70,,53107,19,,,0,30,,53090,19,,,0,70,,53108,19,,,0,30,,53091,19,,,0,70,,53078,19,,,0,32,,53092,19,,,0,70,,53079,19,,,0,30,,53093,19,,,0,15,,53102,19,,,0,55,,53080,19,,,0,30,,53095,19,,,0,70,,53081,19,,,0,30,,53094,19,,,0,70,,53082,19,,,0,30,,53096,19,,,0,90,,53097,19,,,0,90,,53099,19,,,0,90,,53098,19,,,0,50,,53100,19,,,0,90,,53101,19,,,0
11100,'1CCSDCUT-Weekday',606,,53109,19,,,0,30,,53117,19,,,0,70,,53111,19,,,0,30,,53118,19,,,0,70,,53110,19,,,0,30,,53119,19,,,0,70,,53137,19,,,0,30,,53120,19,,,0,70,,53138,19,,,0,30,,53121,19,,,0,70,,53139,19,,,0,30,,53122,19,,,0,69,,53140,19,,,0,29,,53123,19,,,0,70,,53141,19,,,0,30,,53124,19,,,0,70,,53142,19,,,0,30,,53125,19,,,0,70,,53112,19,,,0,32,,53126,19,,,0,70,,53113,19,,,0,30,,53127,19,,,0,15,,53136,19,,,0,55,,53114,19,,,0,30,,53129,19,,,0,70,,53115,19,,,0,30,,53128,19,,,0,70,,53116,19,,,0,30,,53130,19,,,0,90,,53131,19,,,0,90,,53133,19,,,0,90,,53132,19,,,0,50,,53134,19,,,0,90,,53135,19,,,0
11100,'1PUBCUT-Weekday',606,,53143,19,,,0,30,,53151,19,,,0,70,,53145,19,,,0,30,,53152,19,,,0,70,,53144,19,,,0,30,,53153,19,,,0,70,,53171,19,,,0,30,,53154,19,,,0,70,,53172,19,,,0,30,,53155,19,,,0,70,,53173,19,,,0,30,,53156,19,,,0,69,,53174,19,,,0,29,,53157,19,,,0,70,,53175,19,,,0,30,,53158,19,,,0,70,,53176,19,,,0,30,,53159,19,,,0,70,,53146,19,,,0,32,,53160,19,,,0,70,,53147,19,,,0,30,,53161,19,,,0,15,,53170,19,,,0,55,,53148,19,,,0,30,,53163,19,,,0,70,,53149,19,,,0,30,,53162,19,,,0,70,,53150,19,,,0,30,,53164,19,,,0,90,,53165,19,,,0,90,,53167,19,,,0,90,,53166,19,,,0,50,,53168,19,,,0,90,,53169,19,,,0
