11500,'Saturday',656,,53689,46,4,,0,78,,53709,46,4,,0,78,,53690,46,4,,0,38,,53691,46,4,,0,80,,53692,46,4,,0,78,,53693,46,4,,0,38,,53694,46,4,,0,78,,53695,46,4,,0,78,,53696,46,4,,0,38,,53697,46,4,,0,78,,53698,46,4,,0,38,,53699,46,4,,0,78,,53700,46,4,,0,78,,53701,46,4,,0,38,,53702,46,4,,0,78,,53703,46,4,,0,78,,53704,46,4,,0,38,,53706,46,4,,0,78,,53707,46,4,,0,78,,53708,46,4,,0,35,,53705,46,4,,0,77,,53710,46,4,,0,38,,53712,46,4,,0,78,,53711,46,4,,0,78,,53713,46,4,,0,38,,53716,46,4,,0,78,,53715,46,4,,0,78,,53714,46,4,,0
11500,'Sunday',656,,53717,46,4,,0,78,,53718,46,4,,0,78,,53719,46,4,,0,38,,53720,46,4,,0,80,,53721,46,4,,0,78,,53722,46,4,,0,38,,53723,46,4,,0,78,,53724,46,4,,0,78,,53725,46,4,,0,38,,53726,46,4,,0,78,,53727,46,4,,0,38,,53728,46,4,,0,78,,53729,46,4,,0,78,,53730,46,4,,0,38,,53731,46,4,,0,78,,53732,46,4,,0,78,,53733,46,4,,0,38,,53735,46,4,,0,78,,53736,46,4,,0,78,,53737,46,4,,0,35,,53734,46,4,,0,77,,53738,46,4,,0,38,,53740,46,4,,0,78,,53739,46,4,,0,78,,53741,46,4,,0,38,,53744,46,4,,0,78,,53743,46,4,,0,78,,53742,46,4,,0
11500,'Weekday',516,,53779,46,4,,0,34,,53745,46,4,,0,5,,53780,46,4,,0,69,,53746,46,4,,0,34,,53756,46,4,,0,72,,53748,46,4,,0,12,,53781,46,4,,0,15,,53782,46,4,,0,45,,53749,46,4,,0,32,,53751,46,4,,0,72,,53757,46,4,,0,31,,53752,46,4,,0,71,,53750,46,4,,0,32,,53753,46,4,,0,72,,53758,46,4,,0,32,,53754,46,4,,0,72,,53755,46,4,,0,32,,53759,46,4,,0,72,,53760,46,4,,0,32,,53761,46,4,,0,72,,53762,46,4,,0,33,,53765,46,4,,0,73,,53770,46,4,,0,72,,53763,46,4,,0,32,,53771,46,4,,0,72,,53764,46,4,,0,32,,53766,46,4,,0,72,,53767,46,4,,0,32,,53768,46,4,,0,71,,53769,46,4,,0,32,,53772,46,4,,0,71,,53773,46,4,,0,32,,53778,46,4,,0,72,,53775,46,4,,0,32,,53776,46,4,,0,72,,53774,46,4,,0,32,,53777,46,4,,0,72,,53747,46,4,,0
11500,'1CCSDCUT-Weekday',516,,53817,46,4,,0,34,,53783,46,4,,0,5,,53818,46,4,,0,69,,53784,46,4,,0,34,,53794,46,4,,0,72,,53786,46,4,,0,12,,53819,46,4,,0,15,,53820,46,4,,0,45,,53787,46,4,,0,32,,53789,46,4,,0,72,,53795,46,4,,0,31,,53790,46,4,,0,71,,53788,46,4,,0,32,,53791,46,4,,0,72,,53796,46,4,,0,32,,53792,46,4,,0,72,,53793,46,4,,0,32,,53797,46,4,,0,72,,53798,46,4,,0,32,,53799,46,4,,0,72,,53800,46,4,,0,33,,53803,46,4,,0,73,,53808,46,4,,0,72,,53801,46,4,,0,32,,53809,46,4,,0,72,,53802,46,4,,0,32,,53804,46,4,,0,72,,53805,46,4,,0,32,,53806,46,4,,0,71,,53807,46,4,,0,32,,53810,46,4,,0,71,,53811,46,4,,0,32,,53816,46,4,,0,72,,53813,46,4,,0,32,,53814,46,4,,0,72,,53812,46,4,,0,32,,53815,46,4,,0,72,,53785,46,4,,0
11501,'Saturday',629,,53859,1,,,0,78,,53860,1,,,0,38,,53861,1,,,0,78,,53862,1,,,0,78,,53863,1,,,0,38,,53864,1,,,0,78,,53865,1,,,0,38,,53866,1,,,0,78,,53867,1,,,0,78,,53868,1,,,0,38,,53869,1,,,0,78,,53870,1,,,0,78,,53871,1,,,0,38,,53872,1,,,0,78,,53873,1,,,0,38,,53874,1,,,0,78,,53877,1,,,0,78,,53878,1,,,0,38,,53875,1,,,0,78,,53876,1,,,0,78,,53881,1,,,0,38,,53879,1,,,0,78,,53880,1,,,0,78,,53882,1,,,0,38,,53883,1,,,0,78,,53884,1,,,0,38,,53885,1,,,0
11501,'Sunday',629,,53886,1,,,0,78,,53887,1,,,0,38,,53888,1,,,0,78,,53889,1,,,0,78,,53890,1,,,0,38,,53891,1,,,0,78,,53892,1,,,0,38,,53893,1,,,0,78,,53894,1,,,0,78,,53895,1,,,0,38,,53896,1,,,0,78,,53897,1,,,0,78,,53898,1,,,0,38,,53899,1,,,0,78,,53900,1,,,0,38,,53901,1,,,0,78,,53904,1,,,0,78,,53905,1,,,0,38,,53902,1,,,0,78,,53903,1,,,0,78,,53908,1,,,0,38,,53906,1,,,0,78,,53907,1,,,0,78,,53909,1,,,0,38,,53910,1,,,0,78,,53911,1,,,0,38,,53912,1,,,0
11501,'Weekday',530,,53916,1,,,0,25,,53945,1,,,0,47,,53914,1,,,0,32,,53915,1,,,0,72,,53927,1,,,0,32,,53918,1,,,0,72,,53921,1,,,0,32,,53920,1,,,0,72,,53924,1,,,0,32,,53922,1,,,0,72,,53919,1,,,0,32,,53923,1,,,0,72,,53926,1,,,0,32,,53925,1,,,0,72,,53930,1,,,0,32,,53929,1,,,0,72,,53931,1,,,0,72,,53934,1,,,0,32,,53936,1,,,0,72,,53938,1,,,0,32,,53932,1,,,0,21,,53946,1,,,0,51,,53935,1,,,0,3,,53947,1,,,0,29,,53937,1,,,0,72,,53939,1,,,0,32,,53940,1,,,0,72,,53933,1,,,0,32,,53944,1,,,0,72,,53941,1,,,0,32,,53928,1,,,0,72,,53942,1,,,0,32,,53917,1,,,0,72,,53943,1,,,0,72,,53913,1,,,0
11501,'1CCSDCUT-Weekday',530,,53951,1,,,0,25,,53980,1,,,0,47,,53949,1,,,0,32,,53950,1,,,0,72,,53962,1,,,0,32,,53953,1,,,0,72,,53956,1,,,0,32,,53955,1,,,0,72,,53959,1,,,0,32,,53957,1,,,0,72,,53954,1,,,0,32,,53958,1,,,0,72,,53961,1,,,0,32,,53960,1,,,0,72,,53965,1,,,0,32,,53964,1,,,0,72,,53966,1,,,0,72,,53969,1,,,0,32,,53971,1,,,0,72,,53973,1,,,0,32,,53967,1,,,0,21,,53981,1,,,0,51,,53970,1,,,0,3,,53982,1,,,0,29,,53972,1,,,0,72,,53974,1,,,0,32,,53975,1,,,0,72,,53968,1,,,0,32,,53979,1,,,0,72,,53976,1,,,0,32,,53963,1,,,0,72,,53977,1,,,0,32,,53952,1,,,0,72,,53978,1,,,0,72,,53948,1,,,0
12400,'Saturday',726,,55028,24,4,,0,25,,55047,24,4,,0,65,,55027,24,4,,0,25,,55048,24,4,,0,65,,55029,24,4,,0,25,,55050,24,4,,0,25,,55030,24,4,,0,65,,55049,24,4,,0,25,,55031,24,4,,0,65,,55052,24,4,,0,25,,55032,24,4,,0,65,,55051,24,4,,0,25,,55033,24,4,,0,25,,55053,24,4,,0,65,,55034,24,4,,0,25,,55054,24,4,,0,65,,55035,24,4,,0,25,,55055,24,4,,0,25,,55036,24,4,,0,65,,55057,24,4,,0,25,,55037,24,4,,0,65,,55056,24,4,,0,25,,55039,24,4,,0,65,,55058,24,4,,0,25,,55038,24,4,,0,25,,55059,24,4,,0,65,,55040,24,4,,0,25,,55060,24,4,,0,64,,55041,24,4,,0,25,,55061,24,4,,0,25,,55042,24,4,,0,65,,55062,24,4,,0,25,,55043,24,4,,0,65,,55063,24,4,,0,25,,55044,24,4,,0,65,,55064,24,4,,0,25,,55045,24,4,,0,25,,55065,24,4,,0,65,,55046,24,4,,0,25,,55066,24,4,,0
12400,'Sunday',726,,55068,24,4,,0,25,,55087,24,4,,0,65,,55067,24,4,,0,25,,55089,24,4,,0,65,,55069,24,4,,0,25,,55088,24,4,,0,25,,55070,24,4,,0,65,,55090,24,4,,0,25,,55071,24,4,,0,65,,55091,24,4,,0,25,,55072,24,4,,0,65,,55092,24,4,,0,25,,55074,24,4,,0,25,,55093,24,4,,0,65,,55073,24,4,,0,25,,55094,24,4,,0,65,,55075,24,4,,0,25,,55095,24,4,,0,25,,55076,24,4,,0,65,,55096,24,4,,0,25,,55077,24,4,,0,65,,55097,24,4,,0,25,,55078,24,4,,0,65,,55098,24,4,,0,25,,55079,24,4,,0,25,,55099,24,4,,0,65,,55080,24,4,,0,25,,55100,24,4,,0,64,,55081,24,4,,0,25,,55101,24,4,,0,25,,55083,24,4,,0,65,,55102,24,4,,0,25,,55082,24,4,,0,65,,55103,24,4,,0,25,,55084,24,4,,0,65,,55104,24,4,,0,25,,55085,24,4,,0,25,,55105,24,4,,0,65,,55086,24,4,,0,25,,55106,24,4,,0
12400,'Weekday',610,,55112,24,4,,0,12,,55116,24,4,,0,12,,55138,24,4,,0,12,,55140,24,4,,0,12,,55143,24,4,,0,52,,55113,24,4,,0,13,,55117,24,4,,0,12,,55137,24,4,,0,12,,55141,24,4,,0,12,,55144,24,4,,0,53,,55114,24,4,,0,12,,55118,24,4,,0,11,,55139,24,4,,0,5,,55172,24,4,,0,6,,55142,24,4,,0,10,,55145,24,4,,0,52,,55115,24,4,,0,12,,55119,24,4,,0,25,,55146,24,4,,0,68,,55120,24,4,,0,26,,55147,24,4,,0,68,,55121,24,4,,0,28,,55148,24,4,,0,68,,55122,24,4,,0,28,,55149,24,4,,0,28,,55123,24,4,,0,68,,55150,24,4,,0,28,,55124,24,4,,0,68,,55151,24,4,,0,29,,55125,24,4,,0,54,,55107,24,4,,0,15,,55152,24,4,,0,13,,55164,24,4,,0,12,,55169,24,4,,0,12,,55126,24,4,,0,52,,55108,24,4,,0,11,,55153,24,4,,0,12,,55165,24,4,,0,12,,55168,24,4,,0,12,,55127,24,4,,0,52,,55109,24,4,,0,12,,55154,24,4,,0,12,,55166,24,4,,0,12,,55170,24,4,,0,12,,55128,24,4,,0,52,,55110,24,4,,0,14,,55155,24,4,,0,10,,55167,24,4,,0,10,,55171,24,4,,0,12,,55129,24,4,,0,52,,55111,24,4,,0,11,,55156,24,4,,0,28,,55130,24,4,,0,68,,55157,24,4,,0,28,,55131,24,4,,0,68,,55158,24,4,,0,27,,55133,24,4,,0,67,,55159,24,4,,0,28,,55132,24,4,,0,68,,55160,24,4,,0,28,,55134,24,4,,0,28,,55161,24,4,,0,68,,55135,24,4,,0,28,,55162,24,4,,0,68,,55136,24,4,,0,28,,55163,24,4,,0
12400,'1CCSDCUT-Weekday',610,,55178,24,4,,0,12,,55182,24,4,,0,12,,55204,24,4,,0,12,,55206,24,4,,0,12,,55209,24,4,,0,52,,55179,24,4,,0,13,,55183,24,4,,0,12,,55203,24,4,,0,12,,55207,24,4,,0,12,,55210,24,4,,0,53,,55180,24,4,,0,12,,55184,24,4,,0,11,,55205,24,4,,0,5,,55238,24,4,,0,6,,55208,24,4,,0,10,,55211,24,4,,0,52,,55181,24,4,,0,12,,55185,24,4,,0,25,,55212,24,4,,0,68,,55186,24,4,,0,26,,55213,24,4,,0,68,,55187,24,4,,0,28,,55214,24,4,,0,68,,55188,24,4,,0,28,,55215,24,4,,0,28,,55189,24,4,,0,68,,55216,24,4,,0,28,,55190,24,4,,0,68,,55217,24,4,,0,29,,55191,24,4,,0,54,,55173,24,4,,0,15,,55218,24,4,,0,13,,55230,24,4,,0,12,,55235,24,4,,0,12,,55192,24,4,,0,52,,55174,24,4,,0,11,,55219,24,4,,0,12,,55231,24,4,,0,12,,55234,24,4,,0,12,,55193,24,4,,0,52,,55175,24,4,,0,12,,55220,24,4,,0,12,,55232,24,4,,0,12,,55236,24,4,,0,12,,55194,24,4,,0,52,,55176,24,4,,0,14,,55221,24,4,,0,10,,55233,24,4,,0,10,,55237,24,4,,0,12,,55195,24,4,,0,52,,55177,24,4,,0,11,,55222,24,4,,0,28,,55196,24,4,,0,68,,55223,24,4,,0,28,,55197,24,4,,0,68,,55224,24,4,,0,27,,55199,24,4,,0,67,,55225,24,4,,0,28,,55198,24,4,,0,68,,55226,24,4,,0,28,,55200,24,4,,0,28,,55227,24,4,,0,68,,55201,24,4,,0,28,,55228,24,4,,0,68,,55202,24,4,,0,28,,55229,24,4,,0
12401,'Saturday',645,,55305,1,,,0,65,,55325,1,,,0,25,,55307,1,,,0,65,,55326,1,,,0,25,,55306,1,,,0,25,,55327,1,,,0,65,,55308,1,,,0,25,,55328,1,,,0,65,,55309,1,,,0,25,,55329,1,,,0,25,,55310,1,,,0,65,,55330,1,,,0,25,,55311,1,,,0,65,,55331,1,,,0,25,,55312,1,,,0,65,,55332,1,,,0,25,,55313,1,,,0,25,,55333,1,,,0,65,,55315,1,,,0,25,,55335,1,,,0,65,,55314,1,,,0,25,,55336,1,,,0,25,,55316,1,,,0,65,,55334,1,,,0,25,,55317,1,,,0,65,,55338,1,,,0,25,,55318,1,,,0,65,,55337,1,,,0,25,,55319,1,,,0,25,,55339,1,,,0,65,,55321,1,,,0,25,,55340,1,,,0,65,,55320,1,,,0,25,,55341,1,,,0,25,,55322,1,,,0,65,,55342,1,,,0,25,,55323,1,,,0,65,,55343,1,,,0,25,,55324,1,,,0,65,,55344,1,,,0
12401,'Sunday',645,,55346,1,,,0,65,,55365,1,,,0,25,,55345,1,,,0,65,,55366,1,,,0,25,,55348,1,,,0,25,,55368,1,,,0,65,,55347,1,,,0,25,,55369,1,,,0,65,,55349,1,,,0,25,,55367,1,,,0,25,,55350,1,,,0,65,,55370,1,,,0,25,,55351,1,,,0,65,,55371,1,,,0,25,,55352,1,,,0,65,,55372,1,,,0,25,,55353,1,,,0,25,,55373,1,,,0,65,,55354,1,,,0,25,,55374,1,,,0,65,,55355,1,,,0,25,,55375,1,,,0,25,,55356,1,,,0,65,,55376,1,,,0,25,,55357,1,,,0,65,,55378,1,,,0,25,,55358,1,,,0,65,,55377,1,,,0,25,,55359,1,,,0,25,,55380,1,,,0,65,,55361,1,,,0,25,,55381,1,,,0,65,,55362,1,,,0,25,,55379,1,,,0,25,,55360,1,,,0,65,,55382,1,,,0,25,,55363,1,,,0,65,,55383,1,,,0,25,,55364,1,,,0,65,,55384,1,,,0
12401,'Weekday',520,,55390,1,,,0,12,,55394,1,,,0,12,,55415,1,,,0,12,,55418,1,,,0,52,,55421,1,,,0,11,,55391,1,,,0,11,,55395,1,,,0,12,,55416,1,,,0,12,,55419,1,,,0,52,,55422,1,,,0,12,,55392,1,,,0,12,,55396,1,,,0,12,,55417,1,,,0,6,,55450,1,,,0,6,,55420,1,,,0,52,,55423,1,,,0,12,,55393,1,,,0,12,,55397,1,,,0,28,,55424,1,,,0,68,,55398,1,,,0,26,,55425,1,,,0,68,,55399,1,,,0,28,,55426,1,,,0,68,,55400,1,,,0,28,,55427,1,,,0,68,,55401,1,,,0,28,,55428,1,,,0,68,,55402,1,,,0,28,,55429,1,,,0,68,,55403,1,,,0,11,,55385,1,,,0,12,,55430,1,,,0,12,,55442,1,,,0,12,,55445,1,,,0,52,,55404,1,,,0,12,,55386,1,,,0,12,,55431,1,,,0,12,,55443,1,,,0,12,,55447,1,,,0,52,,55405,1,,,0,12,,55387,1,,,0,12,,55432,1,,,0,12,,55444,1,,,0,12,,55448,1,,,0,52,,55406,1,,,0,12,,55388,1,,,0,12,,55433,1,,,0,12,,55446,1,,,0,12,,55449,1,,,0,52,,55407,1,,,0,13,,55389,1,,,0,12,,55434,1,,,0,31,,55408,1,,,0,68,,55435,1,,,0,28,,55410,1,,,0,68,,55436,1,,,0,28,,55409,1,,,0,68,,55437,1,,,0,28,,55411,1,,,0,68,,55438,1,,,0,28,,55412,1,,,0,68,,55439,1,,,0,28,,55413,1,,,0,68,,55440,1,,,0,28,,55414,1,,,0,68,,55441,1,,,0
12401,'1CCSDCUT-Weekday',520,,55456,1,,,0,12,,55460,1,,,0,12,,55481,1,,,0,12,,55484,1,,,0,52,,55487,1,,,0,11,,55457,1,,,0,11,,55461,1,,,0,12,,55482,1,,,0,12,,55485,1,,,0,52,,55488,1,,,0,12,,55458,1,,,0,12,,55462,1,,,0,12,,55483,1,,,0,6,,55516,1,,,0,6,,55486,1,,,0,52,,55489,1,,,0,12,,55459,1,,,0,12,,55463,1,,,0,28,,55490,1,,,0,68,,55464,1,,,0,26,,55491,1,,,0,68,,55465,1,,,0,28,,55492,1,,,0,68,,55466,1,,,0,28,,55493,1,,,0,68,,55467,1,,,0,28,,55494,1,,,0,68,,55468,1,,,0,28,,55495,1,,,0,68,,55469,1,,,0,11,,55451,1,,,0,12,,55496,1,,,0,12,,55508,1,,,0,12,,55511,1,,,0,52,,55470,1,,,0,12,,55452,1,,,0,12,,55497,1,,,0,12,,55509,1,,,0,12,,55513,1,,,0,52,,55471,1,,,0,12,,55453,1,,,0,12,,55498,1,,,0,12,,55510,1,,,0,12,,55514,1,,,0,52,,55472,1,,,0,12,,55454,1,,,0,12,,55499,1,,,0,12,,55512,1,,,0,12,,55515,1,,,0,52,,55473,1,,,0,13,,55455,1,,,0,12,,55500,1,,,0,31,,55474,1,,,0,68,,55501,1,,,0,28,,55476,1,,,0,68,,55502,1,,,0,28,,55475,1,,,0,68,,55503,1,,,0,28,,55477,1,,,0,68,,55504,1,,,0,28,,55478,1,,,0,68,,55505,1,,,0,28,,55479,1,,,0,68,,55506,1,,,0,28,,55480,1,,,0,68,,55507,1,,,0
