1900,'Saturday',639,,79956,5,,,0,75,,79941,5,,,0,35,,79935,5,,,0,75,,79949,5,,,0,35,,79957,5,,,0,75,,79943,5,,,0,75,,79934,5,,,0,35,,79951,5,,,0,75,,79958,5,,,0,35,,79942,5,,,0,71,,79936,5,,,0,20,,79963,5,,,0,68,,79950,5,,,0,28,,79959,5,,,0,68,,79944,5,,,0,28,,79937,5,,,0,68,,79965,5,,,0,28,,79953,5,,,0,68,,79960,5,,,0,28,,79945,5,,,0,28,,79938,5,,,0,68,,79966,5,,,0,28,,79952,5,,,0,68,,79962,5,,,0,35,,79946,5,,,0,75,,79939,5,,,0,75,,79955,5,,,0,35,,79961,5,,,0,75,,79948,5,,,0,35,,79940,5,,,0,75,,79954,5,,,0,75,,79964,5,,,0
1900,'Sunday',639,,79990,5,,,0,75,,79975,5,,,0,35,,79968,5,,,0,75,,79982,5,,,0,35,,79991,5,,,0,75,,79976,5,,,0,75,,79969,5,,,0,35,,79985,5,,,0,75,,79992,5,,,0,35,,79977,5,,,0,71,,79970,5,,,0,20,,79998,5,,,0,68,,79984,5,,,0,28,,79994,5,,,0,68,,79978,5,,,0,28,,79971,5,,,0,68,,79999,5,,,0,28,,79986,5,,,0,68,,79993,5,,,0,28,,79979,5,,,0,28,,79972,5,,,0,68,,80000,5,,,0,28,,79987,5,,,0,68,,79995,5,,,0,35,,79980,5,,,0,75,,79973,5,,,0,75,,79988,5,,,0,35,,79996,5,,,0,75,,79981,5,,,0,35,,79974,5,,,0,75,,79989,5,,,0,75,,79997,5,,,0
1900,'Weekday',519,,80025,5,,,0,30,,80033,5,,,0,65,,80001,5,,,0,33,,80009,5,,,0,64,,80018,5,,,0,34,,80026,5,,,0,78,,80034,5,,,0,32,,80003,5,,,0,72,,80010,5,,,0,32,,80019,5,,,0,72,,80027,5,,,0,72,,80035,5,,,0,32,,80002,5,,,0,72,,80011,5,,,0,32,,80020,5,,,0,72,,80028,5,,,0,32,,80036,5,,,0,72,,80004,5,,,0,32,,80012,5,,,0,72,,80021,5,,,0,32,,80029,5,,,0,72,,80037,5,,,0,32,,80005,5,,,0,72,,80013,5,,,0,32,,80022,5,,,0,69,,80030,5,,,0,26,,80038,5,,,0,70,,80006,5,,,0,30,,80014,5,,,0,70,,80023,5,,,0,30,,80031,5,,,0,70,,80039,5,,,0,30,,80007,5,,,0,70,,80015,5,,,0,30,,80024,5,,,0,70,,80032,5,,,0,30,,80040,5,,,0,70,,80008,5,,,0,30,,80016,5,,,0
1900,'STMPSa-Saturday',639,,80064,5,,,0,75,,80049,5,,,0,35,,80043,5,,,0,75,,80057,5,,,0,35,,80065,5,,,0,75,,80051,5,,,0,75,,80042,5,,,0,35,,80059,5,,,0,75,,80066,5,,,0,35,,80050,5,,,0,71,,80044,5,,,0,20,,80071,5,,,0,68,,80058,5,,,0,28,,80067,5,,,0,68,,80052,5,,,0,28,,80045,5,,,0,68,,80073,5,,,0,28,,80061,5,,,0,68,,80068,5,,,0,28,,80053,5,,,0,28,,80046,5,,,0,68,,80074,5,,,0,28,,80060,5,,,0,68,,80070,5,,,0,35,,80054,5,,,0,75,,80047,5,,,0,75,,80063,5,,,0,35,,80069,5,,,0,75,,80056,5,,,0,35,,80048,5,,,0,75,,80062,5,,,0,75,,80072,5,,,0
1900,'STMPSnea-Weekday',519,,80099,5,,,0,30,,80107,5,,,0,65,,80075,5,,,0,33,,80083,5,,,0,64,,80092,5,,,0,34,,80100,5,,,0,78,,80108,5,,,0,32,,80077,5,,,0,72,,80084,5,,,0,32,,80093,5,,,0,72,,80101,5,,,0,72,,80109,5,,,0,32,,80076,5,,,0,72,,80085,5,,,0,32,,80094,5,,,0,72,,80102,5,,,0,32,,80110,5,,,0,72,,80078,5,,,0,32,,80086,5,,,0,72,,80095,5,,,0,32,,80103,5,,,0,72,,80111,5,,,0,32,,80079,5,,,0,72,,80087,5,,,0,32,,80096,5,,,0,69,,80104,5,,,0,26,,80112,5,,,0,70,,80080,5,,,0,30,,80088,5,,,0,70,,80097,5,,,0,30,,80105,5,,,0,70,,80113,5,,,0,30,,80081,5,,,0,70,,80089,5,,,0,30,,80098,5,,,0,70,,80106,5,,,0,30,,80114,5,,,0,70,,80082,5,,,0,30,,80090,5,,,0
1900,'STMPSu1-Sunday',639,,80139,5,,,0,75,,80123,5,,,0,35,,80116,5,,,0,75,,80130,5,,,0,35,,80137,5,,,0,75,,80124,5,,,0,75,,80117,5,,,0,35,,80133,5,,,0,75,,80140,5,,,0,35,,80125,5,,,0,71,,80118,5,,,0,20,,80146,5,,,0,68,,80132,5,,,0,28,,80142,5,,,0,68,,80126,5,,,0,28,,80119,5,,,0,68,,80147,5,,,0,28,,80134,5,,,0,68,,80141,5,,,0,28,,80127,5,,,0,28,,80120,5,,,0,68,,80148,5,,,0,28,,80135,5,,,0,68,,80143,5,,,0,35,,80128,5,,,0,75,,80121,5,,,0,75,,80136,5,,,0,35,,80144,5,,,0,75,,80129,5,,,0,35,,80122,5,,,0,75,,80138,5,,,0,75,,80145,5,,,0
1900,'STMPSu2-Sunday',639,,80172,5,,,0,75,,80157,5,,,0,35,,80150,5,,,0,75,,80164,5,,,0,35,,80173,5,,,0,75,,80158,5,,,0,75,,80151,5,,,0,35,,80167,5,,,0,75,,80174,5,,,0,35,,80159,5,,,0,71,,80152,5,,,0,20,,80180,5,,,0,68,,80166,5,,,0,28,,80176,5,,,0,68,,80160,5,,,0,28,,80153,5,,,0,68,,80181,5,,,0,28,,80168,5,,,0,68,,80175,5,,,0,28,,80161,5,,,0,28,,80154,5,,,0,68,,80182,5,,,0,28,,80169,5,,,0,68,,80177,5,,,0,35,,80162,5,,,0,75,,80155,5,,,0,75,,80170,5,,,0,35,,80178,5,,,0,75,,80163,5,,,0,35,,80156,5,,,0,75,,80171,5,,,0,75,,80179,5,,,0
1900,'STMPWeek-Weekday',519,,80207,5,,,0,30,,80215,5,,,0,65,,80183,5,,,0,33,,80191,5,,,0,64,,80200,5,,,0,34,,80208,5,,,0,78,,80216,5,,,0,32,,80185,5,,,0,72,,80192,5,,,0,32,,80201,5,,,0,72,,80209,5,,,0,72,,80217,5,,,0,32,,80184,5,,,0,72,,80193,5,,,0,32,,80202,5,,,0,72,,80210,5,,,0,32,,80218,5,,,0,72,,80186,5,,,0,32,,80194,5,,,0,72,,80203,5,,,0,32,,80211,5,,,0,72,,80219,5,,,0,32,,80187,5,,,0,72,,80195,5,,,0,32,,80204,5,,,0,69,,80212,5,,,0,26,,80220,5,,,0,70,,80188,5,,,0,30,,80196,5,,,0,70,,80205,5,,,0,30,,80213,5,,,0,70,,80221,5,,,0,30,,80189,5,,,0,70,,80197,5,,,0,30,,80206,5,,,0,70,,80214,5,,,0,30,,80222,5,,,0,70,,80190,5,,,0,30,,80198,5,,,0
1900,'STMPar-Weekday',519,,80247,5,,,0,30,,80255,5,,,0,65,,80223,5,,,0,33,,80231,5,,,0,64,,80240,5,,,0,34,,80248,5,,,0,78,,80256,5,,,0,32,,80225,5,,,0,72,,80232,5,,,0,32,,80241,5,,,0,72,,80249,5,,,0,72,,80257,5,,,0,32,,80224,5,,,0,72,,80233,5,,,0,32,,80242,5,,,0,72,,80250,5,,,0,32,,80258,5,,,0,72,,80226,5,,,0,32,,80234,5,,,0,72,,80243,5,,,0,32,,80251,5,,,0,72,,80259,5,,,0,32,,80227,5,,,0,72,,80235,5,,,0,32,,80244,5,,,0,69,,80252,5,,,0,26,,80260,5,,,0,70,,80228,5,,,0,30,,80236,5,,,0,70,,80245,5,,,0,30,,80253,5,,,0,70,,80261,5,,,0,30,,80229,5,,,0,70,,80237,5,,,0,30,,80246,5,,,0,70,,80254,5,,,0,30,,80262,5,,,0,70,,80230,5,,,0,30,,80238,5,,,0
42201,'Saturday',610,,144984,11,,,0,100,,144985,11,,,0,100,,144986,11,,,0,100,,144988,11,,,0,100,,144987,11,,,0,100,,144989,11,,,0,100,,144990,11,,,0,100,,144991,11,,,0,100,,144992,11,,,0,100,,144994,11,,,0,100,,144993,11,,,0,100,,144995,11,,,0,100,,144996,11,,,0,100,,144997,11,,,0
42201,'Sunday',610,,144998,11,,,0,100,,145001,11,,,0,100,,144999,11,,,0,100,,145000,11,,,0,100,,145003,11,,,0,100,,145002,11,,,0,100,,145004,11,,,0,100,,145005,11,,,0,100,,145008,11,,,0,100,,145006,11,,,0,100,,145007,11,,,0,100,,145011,11,,,0,100,,145009,11,,,0,100,,145010,11,,,0
42201,'Weekday',610,,145012,11,,,0,30,,145029,11,,,0,70,,145013,11,,,0,30,,145034,11,,,0,70,,145014,11,,,0,30,,145028,11,,,0,70,,145015,11,,,0,30,,145036,11,,,0,70,,145017,11,,,0,30,,145031,11,,,0,70,,145016,11,,,0,30,,145035,11,,,0,70,,145018,11,,,0,30,,145033,11,,,0,70,,145019,11,,,0,30,,145037,11,,,0,70,,145020,11,,,0,39,,145038,11,,,0,61,,145021,11,,,0,30,,145030,11,,,0,70,,145023,11,,,0,30,,145039,11,,,0,70,,145022,11,,,0,30,,145032,11,,,0,70,,145024,11,,,0,100,,145025,11,,,0,100,,145026,11,,,0,100,,145027,11,,,0
42201,'STMPSa-Saturday',610,,145040,11,,,0,100,,145041,11,,,0,100,,145042,11,,,0,100,,145044,11,,,0,100,,145043,11,,,0,100,,145045,11,,,0,100,,145046,11,,,0,100,,145047,11,,,0,100,,145048,11,,,0,100,,145050,11,,,0,100,,145049,11,,,0,100,,145051,11,,,0,100,,145052,11,,,0,100,,145053,11,,,0
42201,'STMPSnea-Weekday',610,,145054,11,,,0,30,,145071,11,,,0,70,,145055,11,,,0,30,,145076,11,,,0,70,,145056,11,,,0,30,,145070,11,,,0,70,,145057,11,,,0,30,,145078,11,,,0,70,,145059,11,,,0,30,,145073,11,,,0,70,,145058,11,,,0,30,,145077,11,,,0,70,,145060,11,,,0,30,,145075,11,,,0,70,,145061,11,,,0,30,,145079,11,,,0,70,,145062,11,,,0,39,,145080,11,,,0,61,,145063,11,,,0,30,,145072,11,,,0,70,,145065,11,,,0,30,,145081,11,,,0,70,,145064,11,,,0,30,,145074,11,,,0,70,,145066,11,,,0,100,,145067,11,,,0,100,,145068,11,,,0,100,,145069,11,,,0
42201,'STMPSu1-Sunday',610,,145082,11,,,0,100,,145085,11,,,0,100,,145083,11,,,0,100,,145084,11,,,0,100,,145087,11,,,0,100,,145086,11,,,0,100,,145088,11,,,0,100,,145089,11,,,0,100,,145092,11,,,0,100,,145090,11,,,0,100,,145091,11,,,0,100,,145095,11,,,0,100,,145093,11,,,0,100,,145094,11,,,0
42201,'STMPSu2-Sunday',610,,145096,11,,,0,100,,145099,11,,,0,100,,145097,11,,,0,100,,145098,11,,,0,100,,145101,11,,,0,100,,145100,11,,,0,100,,145102,11,,,0,100,,145103,11,,,0,100,,145106,11,,,0,100,,145104,11,,,0,100,,145105,11,,,0,100,,145109,11,,,0,100,,145107,11,,,0,100,,145108,11,,,0
42201,'STMPWeek-Weekday',610,,145110,11,,,0,30,,145127,11,,,0,70,,145111,11,,,0,30,,145132,11,,,0,70,,145112,11,,,0,30,,145126,11,,,0,70,,145113,11,,,0,30,,145134,11,,,0,70,,145115,11,,,0,30,,145129,11,,,0,70,,145114,11,,,0,30,,145133,11,,,0,70,,145116,11,,,0,30,,145131,11,,,0,70,,145117,11,,,0,30,,145135,11,,,0,70,,145118,11,,,0,39,,145136,11,,,0,61,,145119,11,,,0,30,,145128,11,,,0,70,,145121,11,,,0,30,,145137,11,,,0,70,,145120,11,,,0,30,,145130,11,,,0,70,,145122,11,,,0,100,,145123,11,,,0,100,,145124,11,,,0,100,,145125,11,,,0
42201,'STMPar-Weekday',610,,145138,11,,,0,30,,145155,11,,,0,70,,145139,11,,,0,30,,145160,11,,,0,70,,145140,11,,,0,30,,145154,11,,,0,70,,145141,11,,,0,30,,145162,11,,,0,70,,145143,11,,,0,30,,145157,11,,,0,70,,145142,11,,,0,30,,145161,11,,,0,70,,145144,11,,,0,30,,145159,11,,,0,70,,145145,11,,,0,30,,145163,11,,,0,70,,145146,11,,,0,39,,145164,11,,,0,61,,145147,11,,,0,30,,145156,11,,,0,70,,145149,11,,,0,30,,145165,11,,,0,70,,145148,11,,,0,30,,145158,11,,,0,70,,145150,11,,,0,100,,145151,11,,,0,100,,145152,11,,,0,100,,145153,11,,,0
