9601,'Saturday',543,,112267,32,,,0,85,,112250,32,,,0,85,,112256,32,,,0,45,,112261,32,,,0,85,,112268,32,,,0,86,,112251,32,,,0,85,,112257,32,,,0,45,,112263,32,,,0,85,,112269,32,,,0,85,,112252,32,,,0,85,,112258,32,,,0,45,,112265,32,,,0,87,,112270,32,,,0,85,,112253,32,,,0,85,,112259,32,,,0,85,,112264,32,,,0,45,,112271,32,,,0,85,,112255,32,,,0,83,,112260,32,,,0,44,,112266,32,,,0,85,,112272,32,,,0,85,,112254,32,,,0,81,,112262,32,,,0,35,,112273,32,,,0
9601,'Sunday',542,,112291,32,,,0,85,,112274,32,,,0,85,,112280,32,,,0,45,,112285,32,,,0,85,,112292,32,,,0,85,,112275,32,,,0,85,,112281,32,,,0,45,,112287,32,,,0,85,,112293,32,,,0,85,,112276,32,,,0,85,,112282,32,,,0,45,,112288,32,,,0,85,,112294,32,,,0,85,,112277,32,,,0,85,,112283,32,,,0,45,,112289,32,,,0,85,,112295,32,,,0,85,,112278,32,,,0,85,,112284,32,,,0,45,,112290,32,,,0,85,,112296,32,,,0,85,,112279,32,,,0,81,,112286,32,,,0
9601,'Weekday',518,,112324,3,,,0,31,,112310,3,,,0,65,,112330,32,,,0,34,,112315,32,,,0,72,,112301,32,,,0,31,,112306,32,,,0,71,,112325,32,,,0,31,,112311,32,,,0,69,,112329,32,,,0,31,,112316,32,,,0,71,,112302,32,,,0,31,,112307,32,,,0,71,,112326,32,,,0,31,,112312,32,,,0,71,,112314,32,,,0,31,,112317,32,,,0,71,,112303,32,,,0,71,,112308,32,,,0,31,,112327,32,,,0,74,,112313,32,,,0,31,,112305,32,,,0,71,,112318,32,,,0,31,,112304,32,,,0,71,,112309,32,,,0,31,,112328,32,,,0,83,,112299,32,,,0,83,,112322,32,,,0,42,,112319,32,,,0,85,,112297,32,,,0,85,,112300,32,,,0,85,,112323,32,,,0,45,,112320,32,,,0,85,,112298,32,,,0,80,,112321,32,,,0
9601,'STMPSa-Saturday',543,,112348,32,,,0,85,,112331,32,,,0,85,,112337,32,,,0,45,,112342,32,,,0,85,,112349,32,,,0,86,,112332,32,,,0,85,,112338,32,,,0,45,,112344,32,,,0,85,,112350,32,,,0,85,,112333,32,,,0,85,,112339,32,,,0,45,,112346,32,,,0,87,,112351,32,,,0,85,,112334,32,,,0,85,,112340,32,,,0,85,,112345,32,,,0,45,,112352,32,,,0,85,,112336,32,,,0,83,,112341,32,,,0,44,,112347,32,,,0,85,,112353,32,,,0,85,,112335,32,,,0,81,,112343,32,,,0,35,,112354,32,,,0
9601,'STMPSnea-Weekday',518,,112382,3,,,0,31,,112368,3,,,0,65,,112388,32,,,0,34,,112373,32,,,0,72,,112359,32,,,0,31,,112364,32,,,0,71,,112383,32,,,0,31,,112369,32,,,0,69,,112387,32,,,0,31,,112374,32,,,0,71,,112360,32,,,0,31,,112365,32,,,0,71,,112384,32,,,0,31,,112370,32,,,0,71,,112372,32,,,0,31,,112375,32,,,0,71,,112361,32,,,0,71,,112366,32,,,0,31,,112385,32,,,0,74,,112371,32,,,0,31,,112363,32,,,0,71,,112376,32,,,0,31,,112362,32,,,0,71,,112367,32,,,0,31,,112386,32,,,0,83,,112357,32,,,0,83,,112380,32,,,0,42,,112377,32,,,0,85,,112355,32,,,0,85,,112358,32,,,0,85,,112381,32,,,0,45,,112378,32,,,0,85,,112356,32,,,0,80,,112379,32,,,0
9601,'STMPSu1-Sunday',542,,112406,32,,,0,85,,112389,32,,,0,85,,112395,32,,,0,45,,112400,32,,,0,85,,112407,32,,,0,85,,112390,32,,,0,85,,112396,32,,,0,45,,112402,32,,,0,85,,112408,32,,,0,85,,112391,32,,,0,85,,112397,32,,,0,45,,112403,32,,,0,85,,112409,32,,,0,85,,112392,32,,,0,85,,112398,32,,,0,45,,112404,32,,,0,85,,112410,32,,,0,85,,112393,32,,,0,85,,112399,32,,,0,45,,112405,32,,,0,85,,112411,32,,,0,85,,112394,32,,,0,81,,112401,32,,,0
9601,'STMPSu2-Sunday',542,,112429,32,,,0,85,,112412,32,,,0,85,,112418,32,,,0,45,,112423,32,,,0,85,,112430,32,,,0,85,,112413,32,,,0,85,,112419,32,,,0,45,,112425,32,,,0,85,,112431,32,,,0,85,,112414,32,,,0,85,,112420,32,,,0,45,,112426,32,,,0,85,,112432,32,,,0,85,,112415,32,,,0,85,,112421,32,,,0,45,,112427,32,,,0,85,,112433,32,,,0,85,,112416,32,,,0,85,,112422,32,,,0,45,,112428,32,,,0,85,,112434,32,,,0,85,,112417,32,,,0,81,,112424,32,,,0
9601,'STMPWeek-Weekday',518,,112462,3,,,0,31,,112448,3,,,0,65,,112468,32,,,0,34,,112453,32,,,0,72,,112439,32,,,0,31,,112444,32,,,0,71,,112463,32,,,0,31,,112449,32,,,0,69,,112467,32,,,0,31,,112454,32,,,0,71,,112440,32,,,0,31,,112445,32,,,0,71,,112464,32,,,0,31,,112450,32,,,0,71,,112452,32,,,0,31,,112455,32,,,0,71,,112441,32,,,0,71,,112446,32,,,0,31,,112465,32,,,0,74,,112451,32,,,0,31,,112443,32,,,0,71,,112456,32,,,0,31,,112442,32,,,0,71,,112447,32,,,0,31,,112466,32,,,0,83,,112437,32,,,0,83,,112460,32,,,0,42,,112457,32,,,0,85,,112435,32,,,0,85,,112438,32,,,0,85,,112461,32,,,0,45,,112458,32,,,0,85,,112436,32,,,0,80,,112459,32,,,0
9601,'STMPar-Weekday',518,,112496,3,,,0,31,,112482,3,,,0,65,,112502,32,,,0,34,,112487,32,,,0,72,,112473,32,,,0,31,,112478,32,,,0,71,,112497,32,,,0,31,,112483,32,,,0,69,,112501,32,,,0,31,,112488,32,,,0,71,,112474,32,,,0,31,,112479,32,,,0,71,,112498,32,,,0,31,,112484,32,,,0,71,,112486,32,,,0,31,,112489,32,,,0,71,,112475,32,,,0,71,,112480,32,,,0,31,,112499,32,,,0,74,,112485,32,,,0,31,,112477,32,,,0,71,,112490,32,,,0,31,,112476,32,,,0,71,,112481,32,,,0,31,,112500,32,,,0,83,,112471,32,,,0,83,,112494,32,,,0,42,,112491,32,,,0,85,,112469,32,,,0,85,,112472,32,,,0,85,,112495,32,,,0,45,,112492,32,,,0,85,,112470,32,,,0,80,,112493,32,,,0
13101,'Weekday',1654,,124070,27,,,0,60,,124071,27,,,0,20,,124072,27,,,0,20,,124073,27,,,0
13101,'STMPSnea-Weekday',1654,,124074,27,,,0,60,,124075,27,,,0,20,,124076,27,,,0,20,,124077,27,,,0
13101,'STMPWeek-Weekday',1654,,124078,27,,,0,60,,124079,27,,,0,20,,124080,27,,,0,20,,124081,27,,,0
13101,'STMPar-Weekday',1654,,124082,27,,,0,60,,124083,27,,,0,20,,124084,27,,,0,20,,124085,27,,,0
