9901,'Saturday',602,,50876,2,,,0,30,,50879,2,,,0,70,,50907,2,,,0,30,,50877,2,,,0,70,,50880,2,,,0,30,,50910,2,,,0,70,,50883,2,,,0,30,,50884,2,,,0,70,,50901,2,,,0,30,,50881,2,,,0,70,,50882,2,,,0,30,,50909,2,,,0,70,,50886,2,,,0,30,,50887,2,,,0,70,,50900,2,,,0,30,,50888,2,,,0,70,,50889,2,,,0,30,,50902,2,,,0,70,,50891,2,,,0,30,,50885,2,,,0,70,,50903,2,,,0,30,,50893,2,,,0,70,,50890,2,,,0,30,,50904,2,,,0,70,,50892,2,,,0,30,,50894,2,,,0,70,,50905,2,,,0,30,,50895,2,,,0,70,,50896,2,,,0,30,,50906,2,,,0,70,,50897,2,,,0,30,,50898,2,,,0,70,,50908,2,,,0,30,,50899,2,,,0,70,,50878,2,,,0
9901,'Sunday',602,,50911,2,,,0,30,,50912,2,,,0,70,,50938,2,,,0,30,,50913,2,,,0,70,,50914,2,,,0,30,,50940,2,,,0,70,,50916,2,,,0,30,,50917,2,,,0,70,,50941,2,,,0,30,,50921,2,,,0,70,,50918,2,,,0,30,,50939,2,,,0,70,,50919,2,,,0,30,,50915,2,,,0,70,,50942,2,,,0,30,,50920,2,,,0,70,,50922,2,,,0,30,,50937,2,,,0,70,,50923,2,,,0,30,,50924,2,,,0,70,,50936,2,,,0,30,,50925,2,,,0,70,,50926,2,,,0,30,,50934,2,,,0,70,,50927,2,,,0,30,,50928,2,,,0,70,,50933,2,,,0,30,,50929,2,,,0,70,,50930,2,,,0,30,,50935,2,,,0,70,,50931,2,,,0,30,,50932,2,,,0
9901,'Weekday',438,,50953,2,,,0,70,,50954,2,,,0,30,,50955,2,,,0,70,,50956,2,,,0,33,,50957,2,,,0,70,,50958,2,,,0,30,,50959,2,,,0,70,,50962,2,,,0,30,,50963,2,,,0,70,,50964,2,,,0,30,,50960,2,,,0,70,,50961,2,,,0,30,,50966,2,,,0,70,,50967,2,,,0,30,,50968,2,,,0,70,,50965,2,,,0,30,,50969,2,,,0,70,,50970,2,,,0,30,,50971,2,,,0,70,,50972,2,,,0,30,,50973,2,,,0,70,,50974,2,,,0,30,,50975,2,,,0,70,,50976,2,,,0,30,,50978,2,,,0,70,,50979,2,,,0,30,,50980,2,,,0,70,,50977,2,,,0,30,,50952,2,,,0,70,,50951,2,,,0,30,,50981,2,,,0,70,,50950,2,,,0,30,,50944,2,,,0,70,,50946,2,,,0,30,,50945,2,,,0,70,,50949,2,,,0,30,,50943,2,,,0,70,,50947,2,,,0,30,,50948,2,,,0
9901,'1CCSDCUT-Weekday',438,,50992,2,,,0,70,,50993,2,,,0,30,,50994,2,,,0,70,,50995,2,,,0,33,,50996,2,,,0,70,,50997,2,,,0,30,,50998,2,,,0,70,,51001,2,,,0,30,,51002,2,,,0,70,,51003,2,,,0,30,,50999,2,,,0,70,,51000,2,,,0,30,,51005,2,,,0,70,,51006,2,,,0,30,,51007,2,,,0,70,,51004,2,,,0,30,,51008,2,,,0,70,,51009,2,,,0,30,,51010,2,,,0,70,,51011,2,,,0,30,,51012,2,,,0,70,,51013,2,,,0,30,,51014,2,,,0,70,,51015,2,,,0,30,,51017,2,,,0,70,,51018,2,,,0,30,,51019,2,,,0,70,,51016,2,,,0,30,,50991,2,,,0,70,,50990,2,,,0,30,,51020,2,,,0,70,,50989,2,,,0,30,,50983,2,,,0,70,,50985,2,,,0,30,,50984,2,,,0,70,,50988,2,,,0,30,,50982,2,,,0,70,,50986,2,,,0,30,,50987,2,,,0
12501,'Weekday',519,,55609,2,,,0,35,,55612,2,,,0,70,,55613,2,,,0,30,,55614,2,,,0,70,,55610,2,,,0,30,,55611,2,,,0,70,,55590,2,,,0,30,,55591,2,,,0,70,,55592,2,,,0,30,,55589,2,,,0,70,,55593,2,,,0,30,,55595,2,,,0,70,,55596,2,,,0,30,,55598,2,,,0,70,,55594,2,,,0,30,,55599,2,,,0,70,,55600,2,,,0,30,,55597,2,,,0,70,,55601,2,,,0,31,,55602,2,,,0,70,,55603,2,,,0,30,,55604,2,,,0,70,,55605,2,,,0,30,,55606,2,,,0,70,,55607,2,,,0,30,,55608,2,,,0,70,,55584,2,,,0,30,,55585,2,,,0,69,,55583,2,,,0,30,,55586,2,,,0,70,,55587,2,,,0,32,,55588,2,,,0
12501,'1CCSDCUT-Weekday',519,,55641,2,,,0,35,,55644,2,,,0,70,,55645,2,,,0,30,,55646,2,,,0,70,,55642,2,,,0,30,,55643,2,,,0,70,,55622,2,,,0,30,,55623,2,,,0,70,,55624,2,,,0,30,,55621,2,,,0,70,,55625,2,,,0,30,,55627,2,,,0,70,,55628,2,,,0,30,,55630,2,,,0,70,,55626,2,,,0,30,,55631,2,,,0,70,,55632,2,,,0,30,,55629,2,,,0,70,,55633,2,,,0,31,,55634,2,,,0,70,,55635,2,,,0,30,,55636,2,,,0,70,,55637,2,,,0,30,,55638,2,,,0,70,,55639,2,,,0,30,,55640,2,,,0,70,,55616,2,,,0,30,,55617,2,,,0,69,,55615,2,,,0,30,,55618,2,,,0,70,,55619,2,,,0,32,,55620,2,,,0
12600,'Saturday',521,,55679,2,,,0,30,,55681,2,,,0,70,,55682,2,,,0,30,,55680,2,,,0,70,,55683,2,,,0,30,,55684,2,,,0,70,,55686,2,,,0,30,,55687,2,,,0,70,,55688,2,,,0,30,,55685,2,,,0,70,,55689,2,,,0,30,,55691,2,,,0,70,,55692,2,,,0,30,,55694,2,,,0,70,,55690,2,,,0,30,,55695,2,,,0,70,,55693,2,,,0,30,,55697,2,,,0,70,,55698,2,,,0,30,,55696,2,,,0,70,,55702,2,,,0,30,,55699,2,,,0,70,,55703,2,,,0,30,,55704,2,,,0,70,,55705,2,,,0,30,,55700,2,,,0,70,,55701,2,,,0,30,,55706,2,,,0,70,,55707,2,,,0,30,,55708,2,,,0,70,,55709,2,,,0,30,,55710,2,,,0,70,,55711,2,,,0,30,,55712,2,,,0,70,,55713,2,,,0,30,,55714,2,,,0,70,,55715,2,,,0
12600,'Sunday',631,,55717,2,,,0,70,,55716,2,,,0,30,,55718,2,,,0,70,,55719,2,,,0,30,,55721,2,,,0,70,,55723,2,,,0,30,,55724,2,,,0,70,,55720,2,,,0,30,,55725,2,,,0,70,,55726,2,,,0,30,,55727,2,,,0,70,,55729,2,,,0,30,,55722,2,,,0,70,,55730,2,,,0,30,,55731,2,,,0,70,,55728,2,,,0,30,,55732,2,,,0,70,,55733,2,,,0,30,,55734,2,,,0,70,,55735,2,,,0,30,,55736,2,,,0,70,,55737,2,,,0,30,,55739,2,,,0,70,,55740,2,,,0,30,,55741,2,,,0,70,,55738,2,,,0,30,,55742,2,,,0,70,,55743,2,,,0,30,,55745,2,,,0,70,,55747,2,,,0,30,,55748,2,,,0,70,,55744,2,,,0,30,,55749,2,,,0,70,,55746,2,,,0,30,,55750,2,,,0
12600,'Weekday',609,,55753,2,,,0,30,,55754,2,,,0,70,,55751,2,,,0,30,,55755,2,,,0,70,,55756,2,,,0,30,,55757,2,,,0,70,,55766,2,,,0,30,,55771,2,,,0,70,,55772,2,,,0,30,,55770,2,,,0,70,,55773,2,,,0,30,,55774,2,,,0,70,,55775,2,,,0,30,,55776,2,,,0,70,,55777,2,,,0,30,,55779,2,,,0,70,,55780,2,,,0,30,,55778,2,,,0,71,,55783,2,,,0,30,,55785,2,,,0,70,,55784,2,,,0,30,,55782,2,,,0,70,,55786,2,,,0,30,,55787,2,,,0,70,,55781,2,,,0,30,,55758,2,,,0,69,,55759,2,,,0,30,,55760,2,,,0,70,,55761,2,,,0,30,,55763,2,,,0,70,,55764,2,,,0,30,,55765,2,,,0,70,,55762,2,,,0,30,,55767,2,,,0,70,,55768,2,,,0,35,,55769,2,,,0
12600,'1CCSDCUT-Weekday',609,,55790,2,,,0,30,,55791,2,,,0,70,,55788,2,,,0,30,,55792,2,,,0,70,,55793,2,,,0,30,,55794,2,,,0,70,,55803,2,,,0,30,,55808,2,,,0,70,,55809,2,,,0,30,,55807,2,,,0,70,,55810,2,,,0,30,,55811,2,,,0,70,,55812,2,,,0,30,,55813,2,,,0,70,,55814,2,,,0,30,,55816,2,,,0,70,,55817,2,,,0,30,,55815,2,,,0,71,,55820,2,,,0,30,,55822,2,,,0,70,,55821,2,,,0,30,,55819,2,,,0,70,,55823,2,,,0,30,,55824,2,,,0,70,,55818,2,,,0,30,,55795,2,,,0,69,,55796,2,,,0,30,,55797,2,,,0,70,,55798,2,,,0,30,,55800,2,,,0,70,,55801,2,,,0,30,,55802,2,,,0,70,,55799,2,,,0,30,,55804,2,,,0,70,,55805,2,,,0,35,,55806,2,,,0
