2400,'Saturday',554,,4696,18,,,0,70,,4707,18,,,0,30,,4720,18,,,0,70,,4697,18,,,0,30,,4708,18,,,0,70,,4721,18,,,0,30,,4698,18,,,0,70,,4709,18,,,0,30,,4718,18,,,0,70,,4699,18,,,0,30,,4710,18,,,0,70,,4722,18,,,0,30,,4700,18,,,0,70,,4712,18,,,0,30,,4724,18,,,0,70,,4701,18,,,0,30,,4713,18,,,0,70,,4719,18,,,0,30,,4702,18,,,0,70,,4711,18,,,0,30,,4723,18,,,0,70,,4703,18,,,0,30,,4714,18,,,0,70,,4725,18,,,0,30,,4704,18,,,0,70,,4715,18,,,0,30,,4727,18,,,0,70,,4705,18,,,0,30,,4716,18,,,0,70,,4726,18,,,0,30,,4706,18,,,0,70,,4717,18,,,0,30,,4728,18,,,0
2400,'Sunday',554,,4732,18,,,0,70,,4742,18,,,0,30,,4753,18,,,0,70,,4731,18,,,0,30,,4743,18,,,0,70,,4754,18,,,0,30,,4733,18,,,0,70,,4745,18,,,0,30,,4755,18,,,0,70,,4734,18,,,0,30,,4744,18,,,0,70,,4756,18,,,0,30,,4735,18,,,0,70,,4747,18,,,0,30,,4757,18,,,0,70,,4737,18,,,0,30,,4746,18,,,0,70,,4759,18,,,0,30,,4736,18,,,0,70,,4749,18,,,0,30,,4758,18,,,0,70,,4738,18,,,0,30,,4748,18,,,0,70,,4760,18,,,0,30,,4739,18,,,0,70,,4750,18,,,0,30,,4762,18,,,0,70,,4740,18,,,0,30,,4751,18,,,0,70,,4761,18,,,0,30,,4741,18,,,0,70,,4752,18,,,0,30,,4763,18,,,0
2400,'Weekday',500,,4789,18,,,0,40,,4798,18,,,0,70,,4766,18,,,0,30,,4790,18,,,0,72,,4799,18,,,0,29,,4768,18,,,0,70,,4791,18,,,0,30,,4801,18,,,0,70,,4767,18,,,0,29,,4792,18,,,0,70,,4800,18,,,0,30,,4770,18,,,0,70,,4793,18,,,0,30,,4802,18,,,0,70,,4769,18,,,0,30,,4794,18,,,0,70,,4803,18,,,0,30,,4771,18,,,0,70,,4795,18,,,0,30,,4804,18,,,0,71,,4772,18,,,0,30,,4796,18,,,0,72,,4805,18,,,0,30,,4773,18,,,0,70,,4797,18,,,0,30,,4806,18,,,0,68,,4774,18,,,0,30,,4784,18,,,0,69,,4780,18,,,0,30,,4775,18,,,0,70,,4786,18,,,0,30,,4779,18,,,0,70,,4776,18,,,0,30,,4785,18,,,0,70,,4781,18,,,0,30,,4777,18,,,0,70,,4787,18,,,0,33,,4782,18,,,0
3600,'Saturday',617,,5904,34,,,0,85,,5908,34,,,0,45,,5911,34,,,0,85,,5913,34,,,0,85,,5905,34,,,0,85,,5909,34,,,0,45,,5910,34,,,0,85,,5912,34,,,0,85,,5892,34,,,0,85,,5893,34,,,0,45,,5894,34,,,0,85,,5895,34,,,0,85,,5896,34,,,0,85,,5897,34,,,0,45,,5898,34,,,0,85,,5899,34,,,0,85,,5900,34,,,0,85,,5901,34,,,0,45,,5906,34,,,0,85,,5902,34,,,0,85,,5903,34,,,0,85,,5907,34,,,0,45,,5915,34,,,0,85,,5914,34,,,0
3600,'Sunday',747,,5929,34,,,0,85,,5931,34,,,0,85,,5927,34,,,0,85,,5926,34,,,0,45,,5928,34,,,0,85,,5930,34,,,0,85,,5917,34,,,0,85,,5916,34,,,0,45,,5918,34,,,0,85,,5919,34,,,0,85,,5920,34,,,0,85,,5921,34,,,0,45,,5922,34,,,0,85,,5923,34,,,0,85,,5924,34,,,0,85,,5925,34,,,0,45,,5932,34,,,0,85,,5934,34,,,0,85,,5935,34,,,0,85,,5937,34,,,0,45,,5936,34,,,0,85,,5933,34,,,0
3600,'Weekday',530,,5938,31,,,0,114,,5939,34,,,0,72,,5948,34,,,0,32,,5957,34,,,0,72,,5940,34,,,0,32,,5949,34,,,0,70,,5956,34,,,0,32,,5941,34,,,0,72,,5950,34,,,0,32,,5958,34,,,0,72,,5942,34,,,0,72,,5951,34,,,0,32,,5959,34,,,0,72,,5943,34,,,0,32,,5952,34,,,0,72,,5960,34,,,0,33,,5944,34,,,0,72,,5953,34,,,0,33,,5961,34,,,0,72,,5945,34,,,0,32,,5955,34,,,0,72,,5962,34,,,0,32,,5946,34,,,0,69,,5954,34,,,0,32,,5963,34,,,0,71,,5947,34,,,0,72,,5964,34,,,0,41,,5965,34,,,0,81,,5966,34,,,0,81,,5967,34,,,0,41,,5968,34,,,0,81,,5969,34,,,0,81,,5970,34,0,88,0
4100,'Saturday',629,,6830,15,,,0,85,,6828,15,,,0,45,,6813,15,,,0,85,,6814,15,,,0,85,,6815,15,,,0,85,,6816,15,,,0,45,,6817,15,,,0,87,,6818,15,,,0,85,,6819,15,,,0,85,,6820,15,,,0,85,,6821,15,,,0,45,,6822,15,,,0,85,,6824,15,,,0,85,,6825,15,,,0,85,,6826,15,,,0,45,,6823,15,,,0,85,,6827,15,,,0,83,,6829,15,,,0
4100,'Weekday',616,,6841,15,,,0,30,,6851,15,,,0,72,,6833,15,,,0,32,,6842,15,,,0,72,,6849,15,,,0,32,,6834,15,,,0,72,,6843,15,,,0,32,,6852,15,,,0,72,,6835,15,,,0,72,,6844,15,,,0,32,,6853,15,,,0,72,,6836,15,,,0,32,,6845,15,,,0,72,,6854,15,,,0,32,,6837,15,,,0,72,,6846,15,,,0,33,,6856,15,,,0,72,,6838,15,,,0,32,,6847,15,,,0,72,,6855,15,,,0,32,,6839,15,,,0,70,,6848,15,,,0,32,,6857,15,,,0,72,,6840,15,,,0,72,,6850,15,,,0
4100,'Weekday0000100',1234,,6858,2,,,0
4100,'Weekday1111000',1453,,6859,2,,,0
85100,'Weekday',1557,,24086,9,0,12 93 168 97,0
85101,'Weekday',823,,24087,7,0,12 93 168 97,0
