200,'2025DE-1BUSCUT-Weekday-02',544,,606,,,0,71,,615,,,0,16,,595,,,0,15,,632,,,0,56,,624,,,0,14,,642,,,0,17,,638,,,0,19,,597,,,0,60,,608,,,0,18,,643,,,0,15,,617,,,0,55,,594,,,0,16,,596,,,0,17,,635,,,0,17,,625,,,0,57,,640,,,0,26,,648,,,0,26,,609,,,0,66,,618,,,0,26,,636,,,0,68,,626,,,0,27,,639,,,0,67,,649,,,0,26,,610,,,0,66,,619,,,0,26,,637,,,0,26,,650,,,0,53,,627,,,0,14,,611,,,0,14,,620,,,0,16,,644,,,0,57,,598,,,0,17,,601,,,0,16,,604,,,0,14,,628,,,0,55,,645,,,0,16,,630,,,0,16,,641,,,0,57,,646,,,0,12,,612,,,0,14,,621,,,0,14,,599,,,0,13,,647,,,0,54,,600,,,0,13,,629,,,0,15,,631,,,0,14,,651,,,0,57,,613,,,0,28,,622,,,0,67,,602,,,0,26,,605,,,0,25,,633,,,0,71,,614,,,0,28,,623,,,0,68,,603,,,0,27,,607,,,0,61,,634,,,0,28,,616,,,0
200,'2025DE-1BUSSA-Saturday-02',632,,652,,,0,70,,654,,,0,30,,655,,,0,70,,656,,,0,30,,653,,,0,70,,657,,,0,30,,658,,,0,70,,659,,,0,30,,660,,,0,73,,661,,,0,31,,662,,,0,70,,663,,,0,30,,664,,,0,70,,665,,,0,30,,666,,,0,70,,667,,,0,31,,668,,,0,71,,669,,,0,31,,670,,,0,70,,671,,,0,30,,672,,,0,70,,673,,,0,30,,674,,,0,70,,675,,,0,31,,676,,,0,71,,677,,,0,30,,678,,,0,70,,679,,,0,30,,680,,,0,71,,681,,,0,31,,682,,,0,70,,683,,,0,30,,684,,,0,68,,685,,,0,29,,686,,,0,70,,687,,,0,30,,688,,,0
200,'2025DE-1BUSSU-Sunday-02',632,,689,,,0,70,,704,,,0,30,,719,,,0,70,,697,,,0,30,,712,,,0,70,,690,,,0,30,,705,,,0,70,,720,,,0,30,,698,,,0,73,,713,,,0,31,,691,,,0,70,,706,,,0,30,,721,,,0,70,,699,,,0,30,,714,,,0,70,,692,,,0,31,,707,,,0,71,,722,,,0,31,,700,,,0,70,,715,,,0,30,,693,,,0,70,,708,,,0,30,,723,,,0,70,,701,,,0,31,,716,,,0,71,,694,,,0,30,,709,,,0,70,,724,,,0,30,,702,,,0,71,,717,,,0,31,,695,,,0,70,,710,,,0,30,,711,,,0,68,,703,,,0,29,,718,,,0,70,,696,,,0
200,'2025DE-1BUSWK-Weekday-02',544,,737,,,0,71,,746,,,0,16,,726,,,0,15,,763,,,0,56,,755,,,0,14,,774,,,0,17,,767,,,0,19,,728,,,0,60,,739,,,0,18,,773,,,0,15,,748,,,0,55,,725,,,0,16,,727,,,0,17,,766,,,0,17,,756,,,0,57,,771,,,0,26,,779,,,0,26,,740,,,0,66,,749,,,0,26,,768,,,0,68,,757,,,0,27,,770,,,0,67,,780,,,0,26,,741,,,0,66,,750,,,0,26,,769,,,0,26,,781,,,0,53,,758,,,0,14,,742,,,0,14,,751,,,0,16,,775,,,0,57,,729,,,0,17,,730,,,0,16,,735,,,0,14,,759,,,0,55,,776,,,0,16,,761,,,0,16,,772,,,0,57,,777,,,0,12,,743,,,0,14,,752,,,0,14,,731,,,0,13,,778,,,0,54,,732,,,0,13,,760,,,0,15,,762,,,0,14,,782,,,0,57,,744,,,0,28,,753,,,0,67,,733,,,0,26,,736,,,0,25,,764,,,0,71,,745,,,0,28,,754,,,0,68,,734,,,0,27,,738,,,0,61,,765,,,0,28,,747,,,0
200,'2025DE-pBxDec31-Weekday-02',544,,795,,,0,71,,804,,,0,16,,784,,,0,15,,821,,,0,56,,813,,,0,14,,831,,,0,17,,827,,,0,19,,786,,,0,60,,797,,,0,18,,832,,,0,15,,806,,,0,55,,783,,,0,16,,785,,,0,17,,824,,,0,17,,814,,,0,57,,829,,,0,26,,837,,,0,26,,798,,,0,66,,807,,,0,26,,825,,,0,68,,815,,,0,27,,828,,,0,67,,838,,,0,26,,799,,,0,66,,808,,,0,26,,826,,,0,26,,839,,,0,53,,816,,,0,14,,800,,,0,14,,809,,,0,16,,833,,,0,57,,787,,,0,17,,790,,,0,16,,793,,,0,14,,817,,,0,55,,834,,,0,16,,819,,,0,16,,830,,,0,57,,835,,,0,12,,801,,,0,14,,810,,,0,14,,788,,,0,13,,836,,,0,54,,789,,,0,13,,818,,,0,15,,820,,,0,14,,840,,,0,57,,802,,,0,28,,811,,,0,67,,791,,,0,26,,794,,,0,25,,822,,,0,71,,803,,,0,28,,812,,,0,68,,792,,,0,27,,796,,,0,61,,823,,,0,28,,805,,,0
2000,'2025DE-1BUSCUT-Weekday-02',535,,6773,,,0,67,,6783,,,0,26,,6787,,,0,30,,6801,,,0,66,,6795,,,0,16,,6807,,,0,14,,6781,,,0,54,,6809,,,0,14,,6774,,,0,13,,6811,,,0,13,,6782,,,0,53,,6806,,,0,13,,6788,,,0,14,,6808,,,0,12,,6799,,,0,14,,6810,,,0,54,,6797,,,0,28,,6812,,,0,68,,6775,,,0,28,,6784,,,0,68,,6789,,,0,28,,6802,,,0,28,,6796,,,0,68,,6813,,,0,28,,6776,,,0,68,,6785,,,0,31,,6790,,,0,68,,6803,,,0,30,,6798,,,0,68,,6814,,,0,14,,6820,,,0,14,,6777,,,0,13,,6826,,,0,52,,6786,,,0,14,,6830,,,0,14,,6792,,,0,13,,6818,,,0,52,,6822,,,0,14,,6804,,,0,14,,6800,,,0,13,,6819,,,0,12,,6815,,,0,54,,6821,,,0,14,,6778,,,0,13,,6827,,,0,68,,6791,,,0,28,,6823,,,0,68,,6805,,,0,28,,6816,,,0,28,,6779,,,0,68,,6828,,,0,28,,6793,,,0,75,,6824,,,0,27,,6817,,,0,70,,6780,,,0,30,,6829,,,0,70,,6794,,,0
2000,'2025DE-1BUSSA-Saturday-02',708,,6832,,,0,31,,6851,,,0,68,,6838,,,0,28,,6844,,,0,68,,6859,,,0,30,,6864,,,0,70,,6833,,,0,28,,6852,,,0,28,,6839,,,0,68,,6846,,,0,28,,6858,,,0,68,,6865,,,0,28,,6831,,,0,68,,6854,,,0,28,,6840,,,0,68,,6847,,,0,28,,6860,,,0,68,,6866,,,0,28,,6834,,,0,68,,6853,,,0,28,,6841,,,0,68,,6848,,,0,28,,6861,,,0,28,,6867,,,0,68,,6835,,,0,28,,6855,,,0,68,,6842,,,0,28,,6849,,,0,66,,6863,,,0,27,,6868,,,0,67,,6837,,,0,28,,6856,,,0,68,,6843,,,0,28,,6850,,,0,68,,6862,,,0,28,,6869,,,0,28,,6836,,,0,68,,6857,,,0,27,,6845,,,0
2000,'2025DE-1BUSSU-Sunday-02',708,,6870,,,0,31,,6889,,,0,68,,6877,,,0,28,,6883,,,0,68,,6896,,,0,30,,6903,,,0,70,,6871,,,0,28,,6890,,,0,28,,6878,,,0,68,,6884,,,0,28,,6897,,,0,68,,6902,,,0,28,,6872,,,0,68,,6891,,,0,28,,6879,,,0,68,,6885,,,0,28,,6898,,,0,68,,6904,,,0,28,,6873,,,0,68,,6892,,,0,28,,6881,,,0,68,,6886,,,0,28,,6899,,,0,28,,6906,,,0,68,,6874,,,0,28,,6893,,,0,68,,6880,,,0,28,,6887,,,0,66,,6900,,,0,27,,6905,,,0,67,,6876,,,0,28,,6894,,,0,68,,6882,,,0,28,,6888,,,0,68,,6901,,,0,28,,6907,,,0,28,,6875,,,0,68,,6895,,,0
2000,'2025DE-1BUSWK-Weekday-02',535,,6908,,,0,67,,6918,,,0,26,,6922,,,0,30,,6936,,,0,66,,6930,,,0,16,,6942,,,0,14,,6916,,,0,54,,6944,,,0,14,,6909,,,0,13,,6946,,,0,13,,6917,,,0,53,,6941,,,0,13,,6923,,,0,14,,6943,,,0,12,,6934,,,0,14,,6945,,,0,54,,6932,,,0,28,,6947,,,0,68,,6910,,,0,28,,6919,,,0,68,,6924,,,0,28,,6937,,,0,28,,6931,,,0,68,,6948,,,0,28,,6911,,,0,68,,6920,,,0,31,,6925,,,0,68,,6938,,,0,30,,6933,,,0,3,,6953,,,0,60,,6958,,,0,5,,6949,,,0,14,,6956,,,0,14,,6912,,,0,13,,6963,,,0,52,,6921,,,0,14,,6967,,,0,14,,6927,,,0,13,,6954,,,0,52,,6959,,,0,14,,6939,,,0,14,,6935,,,0,13,,6955,,,0,12,,6950,,,0,54,,6957,,,0,14,,6913,,,0,13,,6964,,,0,68,,6926,,,0,28,,6960,,,0,68,,6940,,,0,28,,6951,,,0,28,,6914,,,0,68,,6965,,,0,28,,6928,,,0,75,,6961,,,0,27,,6952,,,0,70,,6915,,,0,30,,6966,,,0,70,,6929,,,0
2000,'2025DE-1BUSWK-Weekday-02-0000100',1513,,6968,,,0
2000,'2025DE-pBxDec31-Weekday-02',535,,6969,,,0,67,,6979,,,0,26,,6983,,,0,30,,6997,,,0,66,,6991,,,0,16,,7003,,,0,14,,6977,,,0,54,,7005,,,0,14,,6970,,,0,13,,7007,,,0,13,,6978,,,0,53,,7002,,,0,13,,6984,,,0,14,,7004,,,0,12,,6995,,,0,14,,7006,,,0,54,,6993,,,0,28,,7008,,,0,68,,6971,,,0,28,,6980,,,0,68,,6985,,,0,28,,6998,,,0,28,,6992,,,0,68,,7009,,,0,28,,6972,,,0,68,,6981,,,0,31,,6986,,,0,68,,6999,,,0,30,,6994,,,0,68,,7010,,,0,14,,7016,,,0,14,,6973,,,0,13,,7022,,,0,52,,6982,,,0,14,,7026,,,0,14,,6988,,,0,13,,7014,,,0,52,,7018,,,0,14,,7000,,,0,14,,6996,,,0,13,,7015,,,0,12,,7011,,,0,54,,7017,,,0,14,,6974,,,0,13,,7023,,,0,68,,6987,,,0,28,,7019,,,0,68,,7001,,,0,28,,7012,,,0,28,,6975,,,0,68,,7024,,,0,28,,6989,,,0,75,,7020,,,0,27,,7013,,,0,70,,6976,,,0,30,,7025,,,0,70,,6990,,,0
