6101,'Saturday',501,,98457,11,,,0,32,,98456,11,,,0,72,,98422,11,,,0,32,,98424,11,,,0,73,,98425,11,,,0,34,,98426,11,,,0,74,,98423,11,,,0,34,,98428,11,,,0,74,,98430,11,,,0,75,,98427,11,,,0,36,,98431,11,,,0,76,,98429,11,,,0,36,,98433,11,,,0,76,,98434,11,,,0,76,,98435,11,,,0,36,,98432,11,,,0,76,,98436,11,,,0,36,,98438,11,,,0,76,,98440,11,,,0,76,,98441,11,,,0,36,,98437,11,,,0,76,,98439,11,,,0,36,,98443,11,,,0,76,,98446,11,,,0,76,,98447,11,,,0,36,,98449,11,,,0,76,,98445,11,,,0,36,,98442,11,,,0,76,,98450,11,,,0,33,,98444,11,,,0,73,,98448,11,,,0,73,,98452,11,,,0,33,,98451,11,,,0,73,,98453,11,,,0,33,,98454,11,,,0,73,,98455,11,,,0
6101,'Sunday',501,,98463,11,,,0,32,,98461,11,,,0,72,,98458,11,,,0,32,,98460,11,,,0,73,,98459,11,,,0,34,,98464,11,,,0,74,,98465,11,,,0,34,,98462,11,,,0,74,,98466,11,,,0,75,,98468,11,,,0,36,,98469,11,,,0,76,,98470,11,,,0,36,,98467,11,,,0,76,,98473,11,,,0,76,,98475,11,,,0,36,,98471,11,,,0,76,,98474,11,,,0,36,,98472,11,,,0,76,,98476,11,,,0,76,,98477,11,,,0,36,,98478,11,,,0,76,,98479,11,,,0,36,,98480,11,,,0,76,,98481,11,,,0,76,,98482,11,,,0,36,,98483,11,,,0,76,,98485,11,,,0,36,,98484,11,,,0,76,,98486,11,,,0,33,,98487,11,,,0,73,,98488,11,,,0,73,,98489,11,,,0,33,,98491,11,,,0,73,,98492,11,,,0,33,,98490,11,,,0,73,,98493,11,,,0
6101,'Weekday',441,,98494,11,,,0,72,,98515,11,,,0,32,,98504,11,,,0,72,,98500,11,,,0,35,,98506,11,,,0,77,,98498,11,,,0,77,,98499,11,,,0,37,,98507,11,,,0,77,,98495,11,,,0,37,,98519,11,,,0,77,,98521,11,,,0,77,,98522,11,,,0,37,,98523,11,,,0,77,,98520,11,,,0,77,,98524,11,,,0,37,,98525,11,,,0,77,,98526,11,,,0,37,,98527,11,,,0,79,,98528,11,,,0,78,,98518,11,,,0,36,,98505,11,,,0,76,,98509,11,,,0,36,,98513,11,,,0,76,,98501,11,,,0,76,,98497,11,,,0,36,,98496,11,,,0,76,,98502,11,,,0,36,,98503,11,,,0,72,,98510,11,,,0,72,,98508,11,,,0,32,,98512,11,,,0,71,,98529,11,,,0,30,,98517,11,,,0,70,,98514,11,,,0,30,,98511,11,,,0,70,,98516,11,,,0
6101,'STMPSa-Saturday',501,,98565,11,,,0,32,,98564,11,,,0,72,,98530,11,,,0,32,,98532,11,,,0,73,,98533,11,,,0,34,,98534,11,,,0,74,,98531,11,,,0,34,,98536,11,,,0,74,,98538,11,,,0,75,,98535,11,,,0,36,,98539,11,,,0,76,,98537,11,,,0,36,,98541,11,,,0,76,,98542,11,,,0,76,,98543,11,,,0,36,,98540,11,,,0,76,,98544,11,,,0,36,,98546,11,,,0,76,,98548,11,,,0,76,,98549,11,,,0,36,,98545,11,,,0,76,,98547,11,,,0,36,,98551,11,,,0,76,,98554,11,,,0,76,,98555,11,,,0,36,,98557,11,,,0,76,,98553,11,,,0,36,,98550,11,,,0,76,,98558,11,,,0,33,,98552,11,,,0,73,,98556,11,,,0,73,,98560,11,,,0,33,,98559,11,,,0,73,,98561,11,,,0,33,,98562,11,,,0,73,,98563,11,,,0
6101,'STMPSnea-Weekday',441,,98566,11,,,0,72,,98587,11,,,0,32,,98576,11,,,0,72,,98572,11,,,0,35,,98578,11,,,0,77,,98570,11,,,0,77,,98571,11,,,0,37,,98579,11,,,0,77,,98567,11,,,0,37,,98591,11,,,0,77,,98593,11,,,0,77,,98594,11,,,0,37,,98595,11,,,0,77,,98592,11,,,0,77,,98596,11,,,0,37,,98597,11,,,0,77,,98598,11,,,0,37,,98599,11,,,0,79,,98600,11,,,0,78,,98590,11,,,0,36,,98577,11,,,0,76,,98581,11,,,0,36,,98585,11,,,0,76,,98573,11,,,0,76,,98569,11,,,0,36,,98568,11,,,0,76,,98574,11,,,0,36,,98575,11,,,0,72,,98582,11,,,0,72,,98580,11,,,0,32,,98584,11,,,0,71,,98601,11,,,0,30,,98589,11,,,0,70,,98586,11,,,0,30,,98583,11,,,0,70,,98588,11,,,0
6101,'STMPSu1-Sunday',501,,98607,11,,,0,32,,98605,11,,,0,72,,98602,11,,,0,32,,98604,11,,,0,73,,98603,11,,,0,34,,98608,11,,,0,74,,98610,11,,,0,34,,98606,11,,,0,74,,98611,11,,,0,75,,98609,11,,,0,36,,98613,11,,,0,76,,98614,11,,,0,36,,98612,11,,,0,76,,98617,11,,,0,76,,98619,11,,,0,36,,98615,11,,,0,76,,98618,11,,,0,36,,98616,11,,,0,76,,98620,11,,,0,76,,98621,11,,,0,36,,98622,11,,,0,76,,98623,11,,,0,36,,98624,11,,,0,76,,98625,11,,,0,76,,98626,11,,,0,36,,98627,11,,,0,76,,98630,11,,,0,36,,98629,11,,,0,76,,98631,11,,,0,33,,98628,11,,,0,73,,98632,11,,,0,73,,98633,11,,,0,33,,98635,11,,,0,73,,98636,11,,,0,33,,98634,11,,,0,73,,98637,11,,,0
6101,'STMPSu2-Sunday',501,,98643,11,,,0,32,,98641,11,,,0,72,,98638,11,,,0,32,,98640,11,,,0,73,,98639,11,,,0,34,,98644,11,,,0,74,,98645,11,,,0,34,,98642,11,,,0,74,,98646,11,,,0,75,,98648,11,,,0,36,,98649,11,,,0,76,,98650,11,,,0,36,,98647,11,,,0,76,,98653,11,,,0,76,,98655,11,,,0,36,,98651,11,,,0,76,,98654,11,,,0,36,,98652,11,,,0,76,,98656,11,,,0,76,,98657,11,,,0,36,,98658,11,,,0,76,,98659,11,,,0,36,,98660,11,,,0,76,,98661,11,,,0,76,,98662,11,,,0,36,,98663,11,,,0,76,,98665,11,,,0,36,,98664,11,,,0,76,,98666,11,,,0,33,,98667,11,,,0,73,,98668,11,,,0,73,,98669,11,,,0,33,,98671,11,,,0,73,,98672,11,,,0,33,,98670,11,,,0,73,,98673,11,,,0
6101,'STMPWeek-Weekday',441,,98674,11,,,0,72,,98695,11,,,0,32,,98684,11,,,0,72,,98680,11,,,0,35,,98686,11,,,0,77,,98678,11,,,0,77,,98679,11,,,0,37,,98687,11,,,0,77,,98675,11,,,0,37,,98699,11,,,0,77,,98701,11,,,0,77,,98702,11,,,0,37,,98703,11,,,0,77,,98700,11,,,0,77,,98704,11,,,0,37,,98705,11,,,0,77,,98706,11,,,0,37,,98707,11,,,0,79,,98708,11,,,0,78,,98698,11,,,0,36,,98685,11,,,0,76,,98689,11,,,0,36,,98693,11,,,0,76,,98681,11,,,0,76,,98677,11,,,0,36,,98676,11,,,0,76,,98682,11,,,0,36,,98683,11,,,0,72,,98690,11,,,0,72,,98688,11,,,0,32,,98692,11,,,0,71,,98709,11,,,0,30,,98697,11,,,0,70,,98694,11,,,0,30,,98691,11,,,0,70,,98696,11,,,0
6101,'STMPar-Weekday',441,,98710,11,,,0,72,,98731,11,,,0,32,,98720,11,,,0,72,,98716,11,,,0,35,,98722,11,,,0,77,,98711,11,,,0,77,,98715,11,,,0,37,,98723,11,,,0,77,,98712,11,,,0,37,,98735,11,,,0,77,,98737,11,,,0,77,,98738,11,,,0,37,,98739,11,,,0,77,,98736,11,,,0,77,,98740,11,,,0,37,,98741,11,,,0,77,,98742,11,,,0,37,,98743,11,,,0,79,,98744,11,,,0,78,,98734,11,,,0,36,,98721,11,,,0,76,,98725,11,,,0,36,,98729,11,,,0,76,,98717,11,,,0,76,,98714,11,,,0,36,,98713,11,,,0,76,,98718,11,,,0,36,,98719,11,,,0,72,,98726,11,,,0,72,,98724,11,,,0,32,,98728,11,,,0,71,,98745,11,,,0,30,,98733,11,,,0,70,,98730,11,,,0,30,,98727,11,,,0,70,,98732,11,,,0
55500,'Sunday',757,,145258,52,,,0,100,,145259,52,,,0,99,,145260,52,,,0,100,,145261,52,,,0,100,,145262,52,,,0,100,,145263,52,,,0,101,,145264,52,,,0,100,,145265,52,,,0,100,,145266,52,,,0,100,,145267,52,,,0
55500,'STMPSu1-Sunday',757,,145269,52,,,0,100,,145270,52,,,0,99,,145271,52,,,0,100,,145272,52,,,0,100,,145273,52,,,0,100,,145274,52,,,0,101,,145275,52,,,0,100,,145276,52,,,0,100,,145277,52,,,0,100,,145278,52,,,0
55500,'STMPSu2-Sunday',757,,145280,52,,,0,100,,145281,52,,,0,99,,145282,52,,,0,100,,145283,52,,,0,100,,145284,52,,,0,100,,145285,52,,,0,101,,145286,52,,,0,100,,145287,52,,,0,100,,145288,52,,,0,100,,145289,52,,,0
