1000,'Saturday',916,,76419,35,,,0,30,,76429,35,,,0,71,,76407,35,,,0,31,,76420,35,,,0,70,,76430,35,,,0,30,,76409,35,,,0,70,,76421,35,,,0,30,,76431,35,,,0,70,,76408,35,,,0,30,,76422,35,,,0,70,,76433,35,,,0,30,,76410,35,,,0,70,,76423,35,,,0,30,,76432,35,,,0,70,,76411,35,,,0,30,,76424,35,,,0,70,,76434,35,,,0,30,,76412,35,,,0,70,,76425,35,,,0,30,,76435,35,,,0,68,,76414,35,,,0,29,,76426,35,,,0,70,,76436,35,,,0,30,,76413,35,,,0,70,,76427,35,,,0,30,,76418,35,,,0,70,,76416,35,,,0,30,,76428,35,,,0,70,,76415,35,,,0,30,,76417,35,,,0
1000,'Sunday',916,,76442,35,,,0,30,,76450,35,,,0,71,,76458,35,,,0,31,,76441,35,,,0,70,,76452,35,,,0,30,,76459,35,,,0,70,,76443,35,,,0,30,,76451,35,,,0,70,,76460,35,,,0,30,,76444,35,,,0,70,,76454,35,,,0,30,,76462,35,,,0,70,,76445,35,,,0,30,,76456,35,,,0,70,,76461,35,,,0,30,,76447,35,,,0,70,,76453,35,,,0,30,,76463,35,,,0,68,,76446,35,,,0,29,,76455,35,,,0,70,,76465,35,,,0,30,,76448,35,,,0,70,,76439,35,,,0,30,,76464,35,,,0,70,,76440,35,,,0,30,,76437,35,,,0,70,,76466,35,,,0,30,,76449,35,,,0,70,,76438,35,,,0,30,,76457,35,,,0
1000,'Weekday',609,,76467,35,,,0,35,,76472,35,,,0,75,,76473,35,,,0,33,,76474,35,,,0,73,,76475,35,,,0,32,,76476,35,,,0,72,,76477,35,,,0,73,,76478,35,,,0,33,,76479,35,,,0,73,,76480,35,,,0,33,,76481,35,,,0,73,,76482,35,,,0,33,,76483,35,,,0,73,,76484,35,,,0,33,,76485,35,,,0,73,,76486,35,,,0,74,,76487,35,,,0,33,,76488,35,,,0,73,,76489,35,,,0,33,,76490,35,,,0,73,,76491,35,,,0,33,,76492,35,,,0,71,,76493,35,,,0,33,,76494,35,,,0,73,,76495,35,,,0,32,,76496,35,,,0,73,,76497,35,,,0,73,,76498,35,,,0,33,,76499,35,,,0,73,,76500,35,,,0,33,,76470,35,,,0,73,,76469,35,,,0,33,,76471,35,,,0,69,,76468,35,,,0
1000,'STMPSa-Saturday',916,,76513,35,,,0,30,,76523,35,,,0,71,,76501,35,,,0,31,,76514,35,,,0,70,,76524,35,,,0,30,,76503,35,,,0,70,,76515,35,,,0,30,,76525,35,,,0,70,,76502,35,,,0,30,,76516,35,,,0,70,,76527,35,,,0,30,,76504,35,,,0,70,,76517,35,,,0,30,,76526,35,,,0,70,,76506,35,,,0,30,,76518,35,,,0,70,,76528,35,,,0,30,,76505,35,,,0,70,,76519,35,,,0,30,,76529,35,,,0,68,,76508,35,,,0,29,,76520,35,,,0,70,,76530,35,,,0,30,,76507,35,,,0,70,,76521,35,,,0,30,,76512,35,,,0,70,,76510,35,,,0,30,,76522,35,,,0,70,,76509,35,,,0,30,,76511,35,,,0
1000,'STMPSnea-Weekday',609,,76531,35,,,0,35,,76536,35,,,0,75,,76537,35,,,0,33,,76538,35,,,0,73,,76539,35,,,0,32,,76540,35,,,0,72,,76541,35,,,0,73,,76542,35,,,0,33,,76543,35,,,0,73,,76544,35,,,0,33,,76545,35,,,0,73,,76546,35,,,0,33,,76547,35,,,0,73,,76548,35,,,0,33,,76549,35,,,0,73,,76550,35,,,0,74,,76551,35,,,0,33,,76552,35,,,0,73,,76553,35,,,0,33,,76554,35,,,0,73,,76555,35,,,0,33,,76556,35,,,0,71,,76557,35,,,0,33,,76558,35,,,0,73,,76559,35,,,0,32,,76560,35,,,0,73,,76561,35,,,0,73,,76562,35,,,0,33,,76563,35,,,0,73,,76564,35,,,0,33,,76534,35,,,0,73,,76533,35,,,0,33,,76535,35,,,0,69,,76532,35,,,0
1000,'STMPSu1-Sunday',916,,76570,35,,,0,30,,76578,35,,,0,71,,76586,35,,,0,31,,76569,35,,,0,70,,76580,35,,,0,30,,76587,35,,,0,70,,76571,35,,,0,30,,76579,35,,,0,70,,76588,35,,,0,30,,76572,35,,,0,70,,76582,35,,,0,30,,76590,35,,,0,70,,76573,35,,,0,30,,76584,35,,,0,70,,76589,35,,,0,30,,76575,35,,,0,70,,76581,35,,,0,30,,76591,35,,,0,68,,76574,35,,,0,29,,76583,35,,,0,70,,76593,35,,,0,30,,76576,35,,,0,70,,76567,35,,,0,30,,76592,35,,,0,70,,76568,35,,,0,30,,76565,35,,,0,70,,76594,35,,,0,30,,76577,35,,,0,70,,76566,35,,,0,30,,76585,35,,,0
1000,'STMPSu2-Sunday',916,,76600,35,,,0,30,,76608,35,,,0,71,,76616,35,,,0,31,,76599,35,,,0,70,,76610,35,,,0,30,,76617,35,,,0,70,,76601,35,,,0,30,,76609,35,,,0,70,,76618,35,,,0,30,,76602,35,,,0,70,,76612,35,,,0,30,,76620,35,,,0,70,,76603,35,,,0,30,,76614,35,,,0,70,,76619,35,,,0,30,,76605,35,,,0,70,,76611,35,,,0,30,,76621,35,,,0,68,,76604,35,,,0,29,,76613,35,,,0,70,,76623,35,,,0,30,,76606,35,,,0,70,,76597,35,,,0,30,,76622,35,,,0,70,,76598,35,,,0,30,,76595,35,,,0,70,,76624,35,,,0,30,,76607,35,,,0,70,,76596,35,,,0,30,,76615,35,,,0
1000,'STMPWeek-Weekday',609,,76625,35,,,0,35,,76630,35,,,0,75,,76631,35,,,0,33,,76632,35,,,0,73,,76633,35,,,0,32,,76634,35,,,0,72,,76635,35,,,0,73,,76636,35,,,0,33,,76637,35,,,0,73,,76638,35,,,0,33,,76639,35,,,0,73,,76640,35,,,0,33,,76641,35,,,0,73,,76642,35,,,0,33,,76643,35,,,0,73,,76644,35,,,0,74,,76645,35,,,0,33,,76646,35,,,0,73,,76647,35,,,0,33,,76648,35,,,0,73,,76649,35,,,0,33,,76650,35,,,0,71,,76651,35,,,0,33,,76652,35,,,0,73,,76653,35,,,0,32,,76654,35,,,0,73,,76655,35,,,0,73,,76656,35,,,0,33,,76657,35,,,0,73,,76658,35,,,0,33,,76628,35,,,0,73,,76627,35,,,0,33,,76629,35,,,0,69,,76626,35,,,0
1000,'STMPar-Weekday',609,,76659,35,,,0,35,,76665,35,,,0,75,,76664,35,,,0,33,,76666,35,,,0,56,,76693,35,0,43 44,0,17,,76667,35,,,0,32,,76668,35,,,0,72,,76669,35,,,0,73,,76670,35,,,0,33,,76671,35,,,0,73,,76672,35,,,0,33,,76673,35,,,0,73,,76674,35,,,0,33,,76675,35,,,0,73,,76676,35,,,0,33,,76677,35,,,0,73,,76678,35,,,0,74,,76679,35,,,0,33,,76680,35,,,0,73,,76681,35,,,0,33,,76682,35,,,0,73,,76683,35,,,0,33,,76684,35,,,0,71,,76685,35,,,0,33,,76686,35,,,0,73,,76687,35,,,0,32,,76688,35,,,0,73,,76689,35,,,0,73,,76690,35,,,0,33,,76691,35,,,0,73,,76692,35,,,0,33,,76662,35,,,0,73,,76661,35,,,0,33,,76663,35,,,0,69,,76660,35,,,0
1500,'Saturday',606,,79125,27,,,0,38,,79131,27,,,0,78,,79138,27,,,0,78,,79124,27,,,0,38,,79132,27,,,0,78,,79139,27,,,0,38,,79126,27,,,0,78,,79133,27,,,0,78,,79140,27,,,0,38,,79127,27,,,0,78,,79134,27,,,0,78,,79141,27,,,0,38,,79128,27,,,0,78,,79135,27,,,0,38,,79142,27,,,0,78,,79129,27,,,0,78,,79136,27,,,0,38,,79143,27,,,0,78,,79130,27,,,0,78,,79137,27,,,0
1500,'Sunday',606,,79145,27,,,0,97,,79151,27,,,0,97,,79144,27,,,0,57,,79152,27,,,0,97,,79146,27,,,0,97,,79153,27,,,0,97,,79147,27,,,0,97,,79154,27,,,0,97,,79148,27,,,0,97,,79155,27,,,0,97,,79149,27,,,0,97,,79156,27,,,0,97,,79150,27,,,0,97,,79157,27,,,0
1500,'Weekday',548,,79165,27,,,0,74,,79159,27,,,0,37,,79172,27,,,0,79,,79166,27,,,0,77,,79158,27,,,0,40,,79174,27,,,0,80,,79168,27,,,0,80,,79160,27,,,0,40,,79175,27,,,0,80,,79167,27,,,0,80,,79161,27,,,0,40,,79176,27,,,0,80,,79169,27,,,0,81,,79162,27,,,0,37,,79177,27,,,0,68,,79179,27,,,0,28,,79170,27,,,0,69,,79163,27,,,0,30,,79178,27,,,0,71,,79180,27,,,0,33,,79171,27,,,0,80,,79164,27,,,0,78,,79181,27,,,0,36,,79173,27,,,0
1500,'STMPSa-Saturday',606,,79183,27,,,0,38,,79189,27,,,0,78,,79196,27,,,0,78,,79182,27,,,0,38,,79190,27,,,0,78,,79197,27,,,0,38,,79184,27,,,0,78,,79191,27,,,0,78,,79198,27,,,0,38,,79185,27,,,0,78,,79192,27,,,0,78,,79199,27,,,0,38,,79186,27,,,0,78,,79193,27,,,0,38,,79200,27,,,0,78,,79187,27,,,0,78,,79194,27,,,0,38,,79201,27,,,0,78,,79188,27,,,0,78,,79195,27,,,0
1500,'STMPSnea-Weekday',548,,79209,27,,,0,74,,79203,27,,,0,37,,79216,27,,,0,79,,79210,27,,,0,77,,79202,27,,,0,40,,79218,27,,,0,80,,79212,27,,,0,80,,79204,27,,,0,40,,79219,27,,,0,80,,79211,27,,,0,80,,79205,27,,,0,40,,79220,27,,,0,80,,79213,27,,,0,81,,79206,27,,,0,37,,79221,27,,,0,68,,79223,27,,,0,28,,79214,27,,,0,69,,79207,27,,,0,30,,79222,27,,,0,71,,79224,27,,,0,33,,79215,27,,,0,80,,79208,27,,,0,78,,79225,27,,,0,36,,79217,27,,,0
1500,'STMPSu1-Sunday',606,,79227,27,,,0,97,,79233,27,,,0,97,,79226,27,,,0,57,,79234,27,,,0,97,,79228,27,,,0,97,,79235,27,,,0,97,,79229,27,,,0,97,,79236,27,,,0,97,,79230,27,,,0,97,,79237,27,,,0,97,,79231,27,,,0,97,,79238,27,,,0,97,,79232,27,,,0,97,,79239,27,,,0
1500,'STMPSu2-Sunday',606,,79241,27,,,0,97,,79247,27,,,0,97,,79240,27,,,0,57,,79248,27,,,0,97,,79242,27,,,0,97,,79249,27,,,0,97,,79243,27,,,0,97,,79250,27,,,0,97,,79244,27,,,0,97,,79251,27,,,0,97,,79245,27,,,0,97,,79252,27,,,0,97,,79246,27,,,0,97,,79253,27,,,0
1500,'STMPWeek-Weekday',548,,79261,27,,,0,74,,79255,27,,,0,37,,79268,27,,,0,79,,79262,27,,,0,77,,79254,27,,,0,40,,79270,27,,,0,80,,79264,27,,,0,80,,79256,27,,,0,40,,79271,27,,,0,80,,79263,27,,,0,80,,79257,27,,,0,40,,79272,27,,,0,80,,79265,27,,,0,81,,79258,27,,,0,37,,79273,27,,,0,68,,79275,27,,,0,28,,79266,27,,,0,69,,79259,27,,,0,30,,79274,27,,,0,71,,79276,27,,,0,33,,79267,27,,,0,80,,79260,27,,,0,78,,79277,27,,,0,36,,79269,27,,,0
1500,'STMPar-Weekday',548,,79285,27,,,0,74,,79279,27,,,0,37,,79291,27,,,0,79,,79286,27,,,0,77,,79278,27,,,0,40,,79294,27,,,0,80,,79288,27,,,0,80,,79280,27,,,0,40,,79295,27,,,0,80,,79287,27,,,0,80,,79281,27,,,0,40,,79296,27,,,0,80,,79289,27,,,0,81,,79282,27,,,0,37,,79297,27,,,0,68,,79299,27,,,0,28,,79290,27,,,0,69,,79283,27,,,0,30,,79298,27,,,0,71,,79300,27,,,0,33,,79292,27,,,0,80,,79284,27,,,0,78,,79301,27,,,0,36,,79293,27,,,0
14701,'Weekday',629,,126836,25,,,0,72,,126839,25,,,0,32,,126837,25,,,0,72,,126840,25,,,0,32,,126838,25,,,0,72,,126841,25,,,0,30,,126853,25,,,0,72,,126850,25,,,0,32,,126855,25,,,0,72,,126849,25,,,0,32,,126856,25,,,0,72,,126851,25,,,0,32,,126857,25,,,0,72,,126852,25,,,0,32,,126858,25,,,0,72,,126854,25,,,0,32,,126859,25,,,0,76,,126842,25,,,0,72,,126847,25,,,0,32,,126843,25,,,0,72,,126846,25,,,0,31,,126845,25,,,0,70,,126848,25,,,0,32,,126844,25,,,0
14701,'STMPSnea-Weekday',629,,126860,25,,,0,72,,126863,25,,,0,32,,126861,25,,,0,72,,126864,25,,,0,32,,126862,25,,,0,72,,126865,25,,,0,30,,126877,25,,,0,72,,126874,25,,,0,32,,126879,25,,,0,72,,126873,25,,,0,32,,126880,25,,,0,72,,126875,25,,,0,32,,126881,25,,,0,72,,126876,25,,,0,32,,126882,25,,,0,72,,126878,25,,,0,32,,126883,25,,,0,76,,126866,25,,,0,72,,126871,25,,,0,32,,126867,25,,,0,72,,126870,25,,,0,31,,126869,25,,,0,70,,126872,25,,,0,32,,126868,25,,,0
14701,'STMPWeek-Weekday',629,,126884,25,,,0,72,,126887,25,,,0,32,,126885,25,,,0,72,,126888,25,,,0,32,,126886,25,,,0,72,,126889,25,,,0,30,,126901,25,,,0,72,,126898,25,,,0,32,,126903,25,,,0,72,,126897,25,,,0,32,,126904,25,,,0,72,,126899,25,,,0,32,,126905,25,,,0,72,,126900,25,,,0,32,,126906,25,,,0,72,,126902,25,,,0,32,,126907,25,,,0,76,,126890,25,,,0,72,,126895,25,,,0,32,,126891,25,,,0,72,,126894,25,,,0,31,,126893,25,,,0,70,,126896,25,,,0,32,,126892,25,,,0
14701,'STMPar-Weekday',629,,126908,25,,,0,72,,126911,25,,,0,32,,126909,25,,,0,72,,126913,25,,,0,32,,126910,25,,,0,72,,126912,25,,,0,30,,126925,25,,,0,72,,126922,25,,,0,32,,126927,25,,,0,72,,126921,25,,,0,32,,126928,25,,,0,72,,126923,25,,,0,32,,126929,25,,,0,72,,126924,25,,,0,32,,126930,25,,,0,72,,126926,25,,,0,32,,126931,25,,,0,76,,126914,25,,,0,72,,126919,25,,,0,32,,126915,25,,,0,72,,126918,25,,,0,31,,126917,25,,,0,70,,126920,25,,,0,32,,126916,25,,,0
