801,'Saturday',642,,27659,9,,,0,67,,27660,9,,,0,27,,27661,9,,,0,67,,27662,9,,,0,27,,27663,9,,,0,27,,27664,9,,,0,67,,27665,9,,,0,27,,27666,9,,,0,67,,27667,9,,,0,27,,27668,9,,,0,67,,27669,9,,,0,27,,27670,9,,,0,67,,27671,9,,,0,27,,27672,9,,,0,67,,27673,9,,,0,27,,27674,9,,,0,27,,27676,9,,,0,67,,27677,9,,,0,27,,27678,9,,,0,67,,27675,9,,,0,27,,27679,9,,,0,67,,27680,9,,,0,27,,27681,9,,,0,67,,27682,9,,,0,27,,27683,9,,,0,27,,27685,9,,,0,67,,27686,9,,,0,27,,27687,9,,,0,67,,27684,9,,,0,27,,27688,9,,,0,67,,27689,9,,,0,30,,27690,9,,,0,75,,27691,9,,,0,35,,27692,9,,,0,75,,27693,9,,,0,75,,27694,9,,,0,35,,27695,9,,,0
801,'Sunday',642,,27697,9,,,0,67,,27696,9,,,0,27,,27698,9,,,0,67,,27699,9,,,0,27,,27700,9,,,0,27,,27701,9,,,0,67,,27703,9,,,0,27,,27702,9,,,0,67,,27704,9,,,0,27,,27705,9,,,0,67,,27706,9,,,0,27,,27707,9,,,0,67,,27708,9,,,0,27,,27709,9,,,0,67,,27710,9,,,0,27,,27711,9,,,0,27,,27712,9,,,0,67,,27713,9,,,0,27,,27714,9,,,0,67,,27715,9,,,0,27,,27716,9,,,0,67,,27717,9,,,0,27,,27719,9,,,0,67,,27721,9,,,0,27,,27720,9,,,0,27,,27722,9,,,0,67,,27718,9,,,0,27,,27725,9,,,0,67,,27723,9,,,0,27,,27724,9,,,0,67,,27726,9,,,0,30,,27727,9,,,0,75,,27728,9,,,0,35,,27729,9,,,0,75,,27730,9,,,0,75,,27731,9,,,0,35,,27732,9,,,0
801,'Weekday',509,,27794,9,,,0,18,,27757,9,,,0,17,,27736,9,,,0,57,,27738,9,,,0,17,,27748,9,,,0,17,,27765,9,,,0,17,,27773,9,,,0,5,,27781,9,,,0,45,,27782,9,,,0,7,,27795,9,,,0,5,,27783,9,,,0,5,,27784,9,,,0,7,,27758,9,,,0,5,,27785,9,,,0,5,,27786,9,,,0,7,,27737,9,,,0,5,,27787,9,,,0,5,,27788,9,,,0,47,,27740,9,,,0,5,,27789,9,,,0,12,,27749,9,,,0,17,,27766,9,,,0,17,,27774,9,,,0,53,,27796,9,,,0,21,,27759,9,,,0,21,,27739,9,,,0,61,,27750,9,,,0,21,,27767,9,,,0,21,,27797,9,,,0,61,,27760,9,,,0,21,,27741,9,,,0,21,,27751,9,,,0,61,,27769,9,,,0,21,,27798,9,,,0,21,,27761,9,,,0,61,,27742,9,,,0,21,,27752,9,,,0,21,,27768,9,,,0,63,,27799,9,,,0,12,,27790,9,,,0,10,,27762,9,,,0,10,,27791,9,,,0,50,,27743,9,,,0,5,,27792,9,,,0,9,,27776,9,,,0,17,,27753,9,,,0,5,,27793,9,,,0,8,,27779,9,,,0,5,,27770,9,,,0,5,,27778,9,,,0,45,,27780,9,,,0,5,,27775,9,,,0,17,,27800,9,,,0,17,,27763,9,,,0,17,,27744,9,,,0,57,,27777,9,,,0,17,,27734,9,,,0,22,,27771,9,,,0,63,,27801,9,,,0,21,,27764,9,,,0,21,,27745,9,,,0,61,,27754,9,,,0,21,,27772,9,,,0,61,,27802,9,,,0,35,,27735,9,,,0,69,,27755,9,,,0,35,,27804,9,,,0,71,,27746,9,,,0,33,,27756,9,,,0,73,,27803,9,,,0,33,,27747,9,,,0,73,,27733,9,,,0,85,,27805,9,,,0
801,'Weekday0000100',1347,,27806,9,,,0,77,,27807,9,,,0
801,'Weekday1111000',1527,,27808,9,,,0
801,'1CCSDCUT-Weekday',509,,27870,9,,,0,18,,27833,9,,,0,17,,27812,9,,,0,57,,27814,9,,,0,17,,27824,9,,,0,17,,27841,9,,,0,17,,27849,9,,,0,5,,27857,9,,,0,45,,27858,9,,,0,7,,27871,9,,,0,5,,27859,9,,,0,5,,27860,9,,,0,7,,27834,9,,,0,5,,27861,9,,,0,5,,27862,9,,,0,7,,27813,9,,,0,5,,27863,9,,,0,5,,27864,9,,,0,47,,27816,9,,,0,5,,27865,9,,,0,12,,27825,9,,,0,17,,27842,9,,,0,17,,27850,9,,,0,53,,27872,9,,,0,21,,27835,9,,,0,21,,27815,9,,,0,61,,27826,9,,,0,21,,27843,9,,,0,21,,27873,9,,,0,61,,27836,9,,,0,21,,27817,9,,,0,21,,27827,9,,,0,61,,27845,9,,,0,21,,27874,9,,,0,21,,27837,9,,,0,61,,27818,9,,,0,21,,27828,9,,,0,21,,27844,9,,,0,63,,27875,9,,,0,12,,27866,9,,,0,10,,27838,9,,,0,10,,27867,9,,,0,50,,27819,9,,,0,5,,27868,9,,,0,9,,27852,9,,,0,17,,27829,9,,,0,5,,27869,9,,,0,8,,27855,9,,,0,5,,27846,9,,,0,5,,27854,9,,,0,45,,27856,9,,,0,5,,27851,9,,,0,17,,27876,9,,,0,17,,27839,9,,,0,17,,27820,9,,,0,57,,27853,9,,,0,17,,27810,9,,,0,22,,27847,9,,,0,63,,27877,9,,,0,21,,27840,9,,,0,21,,27821,9,,,0,61,,27830,9,,,0,21,,27848,9,,,0,61,,27878,9,,,0,35,,27811,9,,,0,69,,27831,9,,,0,35,,27880,9,,,0,71,,27822,9,,,0,33,,27832,9,,,0,73,,27879,9,,,0,33,,27823,9,,,0,73,,27809,9,,,0,85,,27881,9,,,0
801,'1CCSDCUT-Weekday0000100',1347,,27882,9,,,0,77,,27883,9,,,0
801,'1CCSDCUT-Weekday1111000',1527,,27884,9,,,0
801,'1PUBCUT-Weekday',509,,27946,9,,,0,18,,27909,9,,,0,17,,27888,9,,,0,57,,27890,9,,,0,17,,27900,9,,,0,17,,27917,9,,,0,17,,27925,9,,,0,5,,27933,9,,,0,45,,27934,9,,,0,7,,27947,9,,,0,5,,27935,9,,,0,5,,27936,9,,,0,7,,27910,9,,,0,5,,27937,9,,,0,5,,27938,9,,,0,7,,27889,9,,,0,5,,27939,9,,,0,5,,27940,9,,,0,47,,27892,9,,,0,5,,27941,9,,,0,12,,27901,9,,,0,17,,27918,9,,,0,17,,27926,9,,,0,53,,27948,9,,,0,21,,27911,9,,,0,21,,27891,9,,,0,61,,27902,9,,,0,21,,27919,9,,,0,21,,27949,9,,,0,61,,27912,9,,,0,21,,27893,9,,,0,21,,27903,9,,,0,61,,27921,9,,,0,21,,27950,9,,,0,21,,27913,9,,,0,61,,27894,9,,,0,21,,27904,9,,,0,21,,27920,9,,,0,63,,27951,9,,,0,12,,27942,9,,,0,10,,27914,9,,,0,10,,27943,9,,,0,50,,27895,9,,,0,5,,27944,9,,,0,9,,27928,9,,,0,17,,27905,9,,,0,5,,27945,9,,,0,8,,27931,9,,,0,5,,27922,9,,,0,5,,27930,9,,,0,45,,27932,9,,,0,5,,27927,9,,,0,17,,27952,9,,,0,17,,27915,9,,,0,17,,27896,9,,,0,57,,27929,9,,,0,17,,27886,9,,,0,22,,27923,9,,,0,63,,27953,9,,,0,21,,27916,9,,,0,21,,27897,9,,,0,61,,27906,9,,,0,21,,27924,9,,,0,61,,27954,9,,,0,35,,27887,9,,,0,69,,27907,9,,,0,35,,27956,9,,,0,71,,27898,9,,,0,33,,27908,9,,,0,73,,27955,9,,,0,33,,27899,9,,,0,73,,27885,9,,,0,85,,27957,9,,,0
801,'1PUBCUT-Weekday0000100',1347,,27958,9,,,0,77,,27959,9,,,0
801,'1PUBCUT-Weekday1111000',1527,,27960,9,,,0
