7700,'Saturday',623,,103844,3,,,0,85,,103845,3,,,0,45,,103846,3,,,0,85,,103848,3,,,0,85,,103849,3,,,0,85,,103850,3,,,0,45,,103847,3,,,0,85,,103851,3,,,0,85,,103852,3,,,0,85,,103853,3,,,0,45,,103855,3,,,0,85,,103856,3,,,0,85,,103857,3,,,0,85,,103854,3,,,0,45,,103858,3,,,0,85,,103860,3,,,0,85,,103863,3,,,0,85,,103864,3,,,0,45,,103859,3,,,0,85,,103861,3,,,0,85,,103862,3,,,0,85,,103865,3,,,0,92,,103866,3,,,0
7700,'Sunday',623,,103869,3,,,0,85,,103867,3,,,0,45,,103870,3,,,0,85,,103871,3,,,0,85,,103872,3,,,0,85,,103873,3,,,0,45,,103874,3,,,0,85,,103875,3,,,0,85,,103876,3,,,0,85,,103877,3,,,0,45,,103878,3,,,0,85,,103880,3,,,0,85,,103881,3,,,0,85,,103882,3,,,0,45,,103879,3,,,0,85,,103883,3,,,0,85,,103884,3,,,0,85,,103885,3,,,0,45,,103886,3,,,0,85,,103887,3,,,0,85,,103888,3,,,0,85,,103889,3,,,0,92,,103890,3,,,0
7700,'Weekday',552,,103919,3,,,0,70,,103901,3,,,0,31,,103891,3,,,0,70,,103911,3,,,0,30,,103920,3,,,0,70,,103902,3,,,0,30,,103892,3,,,0,70,,103910,3,,,0,30,,103922,3,,,0,70,,103903,3,,,0,30,,103893,3,,,0,70,,103912,3,,,0,30,,103921,3,,,0,70,,103904,3,,,0,30,,103894,3,,,0,70,,103913,3,,,0,30,,103924,3,,,0,70,,103906,3,,,0,30,,103895,3,,,0,70,,103915,3,,,0,30,,103923,3,,,0,71,,103905,3,,,0,30,,103897,3,,,0,70,,103914,3,,,0,30,,103925,3,,,0,69,,103907,3,,,0,30,,103896,3,,,0,70,,103916,3,,,0,30,,103926,3,,,0,71,,103908,3,,,0,30,,103899,3,,,0,70,,103917,3,,,0,30,,103927,3,,,0,69,,103909,3,,,0,30,,103898,3,,,0,70,,103918,3,,,0,30,,103928,3,,,0
7700,'STMPSa-Saturday',623,,103930,3,,,0,85,,103931,3,,,0,45,,103932,3,,,0,85,,103934,3,,,0,85,,103935,3,,,0,85,,103936,3,,,0,45,,103933,3,,,0,85,,103937,3,,,0,85,,103938,3,,,0,85,,103939,3,,,0,45,,103941,3,,,0,85,,103942,3,,,0,85,,103943,3,,,0,85,,103940,3,,,0,45,,103944,3,,,0,85,,103946,3,,,0,85,,103949,3,,,0,85,,103950,3,,,0,45,,103945,3,,,0,85,,103947,3,,,0,85,,103948,3,,,0,85,,103951,3,,,0,92,,103952,3,,,0
7700,'STMPSnea-Weekday',552,,103981,3,,,0,70,,103963,3,,,0,31,,103953,3,,,0,70,,103973,3,,,0,30,,103982,3,,,0,70,,103964,3,,,0,30,,103954,3,,,0,70,,103972,3,,,0,30,,103984,3,,,0,70,,103965,3,,,0,30,,103955,3,,,0,70,,103974,3,,,0,30,,103983,3,,,0,70,,103966,3,,,0,30,,103956,3,,,0,70,,103975,3,,,0,30,,103986,3,,,0,70,,103968,3,,,0,30,,103957,3,,,0,70,,103977,3,,,0,30,,103985,3,,,0,71,,103967,3,,,0,30,,103959,3,,,0,70,,103976,3,,,0,30,,103987,3,,,0,69,,103969,3,,,0,30,,103958,3,,,0,70,,103978,3,,,0,30,,103988,3,,,0,71,,103970,3,,,0,30,,103961,3,,,0,70,,103979,3,,,0,30,,103989,3,,,0,69,,103971,3,,,0,30,,103960,3,,,0,70,,103980,3,,,0,30,,103990,3,,,0
7700,'STMPSu1-Sunday',623,,103993,3,,,0,85,,103991,3,,,0,45,,103994,3,,,0,85,,103995,3,,,0,85,,103996,3,,,0,85,,103997,3,,,0,45,,103998,3,,,0,85,,103999,3,,,0,85,,104000,3,,,0,85,,104001,3,,,0,45,,104002,3,,,0,85,,104004,3,,,0,85,,104005,3,,,0,85,,104006,3,,,0,45,,104003,3,,,0,85,,104007,3,,,0,85,,104008,3,,,0,85,,104009,3,,,0,45,,104010,3,,,0,85,,104011,3,,,0,85,,104012,3,,,0,85,,104013,3,,,0,92,,104014,3,,,0
7700,'STMPSu2-Sunday',623,,104017,3,,,0,85,,104015,3,,,0,45,,104018,3,,,0,85,,104019,3,,,0,85,,104020,3,,,0,85,,104021,3,,,0,45,,104022,3,,,0,85,,104023,3,,,0,85,,104024,3,,,0,85,,104025,3,,,0,45,,104026,3,,,0,85,,104028,3,,,0,85,,104029,3,,,0,85,,104030,3,,,0,45,,104027,3,,,0,85,,104031,3,,,0,85,,104032,3,,,0,85,,104033,3,,,0,45,,104034,3,,,0,85,,104035,3,,,0,85,,104036,3,,,0,85,,104037,3,,,0,92,,104038,3,,,0
7700,'STMPWeek-Weekday',552,,104067,3,,,0,70,,104049,3,,,0,31,,104039,3,,,0,70,,104059,3,,,0,30,,104068,3,,,0,70,,104050,3,,,0,30,,104040,3,,,0,70,,104058,3,,,0,30,,104070,3,,,0,70,,104051,3,,,0,30,,104041,3,,,0,70,,104060,3,,,0,30,,104069,3,,,0,70,,104052,3,,,0,30,,104042,3,,,0,70,,104061,3,,,0,30,,104072,3,,,0,70,,104054,3,,,0,30,,104043,3,,,0,70,,104063,3,,,0,30,,104071,3,,,0,71,,104053,3,,,0,30,,104045,3,,,0,70,,104062,3,,,0,30,,104073,3,,,0,69,,104055,3,,,0,30,,104044,3,,,0,70,,104064,3,,,0,30,,104074,3,,,0,71,,104056,3,,,0,30,,104047,3,,,0,70,,104065,3,,,0,30,,104075,3,,,0,69,,104057,3,,,0,30,,104046,3,,,0,70,,104066,3,,,0,30,,104076,3,,,0
7700,'STMPar-Weekday',552,,104105,3,,,0,70,,104087,3,,,0,31,,104077,3,,,0,70,,104097,3,,,0,30,,104106,3,,,0,70,,104088,3,,,0,30,,104078,3,,,0,70,,104096,3,,,0,30,,104108,3,,,0,70,,104089,3,,,0,30,,104079,3,,,0,70,,104098,3,,,0,30,,104107,3,,,0,70,,104090,3,,,0,30,,104080,3,,,0,70,,104099,3,,,0,30,,104110,3,,,0,70,,104092,3,,,0,30,,104081,3,,,0,70,,104101,3,,,0,30,,104109,3,,,0,71,,104091,3,,,0,30,,104083,3,,,0,70,,104100,3,,,0,30,,104111,3,,,0,69,,104093,3,,,0,30,,104082,3,,,0,70,,104102,3,,,0,30,,104112,3,,,0,71,,104094,3,,,0,30,,104085,3,,,0,70,,104103,3,,,0,30,,104113,3,,,0,69,,104095,3,,,0,30,,104084,3,,,0,70,,104104,3,,,0,30,,104114,3,,,0
42200,'Saturday',645,,144807,31,,,0,100,,144808,31,,,0,100,,144809,31,,,0,100,,144810,31,,,0,100,,144811,31,,,0,100,,144812,31,,,0,100,,144813,31,,,0,100,,144815,31,,,0,100,,144814,31,,,0,100,,144816,31,,,0,100,,144817,31,,,0,100,,144818,31,,,0,100,,144819,31,,,0
42200,'Sunday',645,,144820,31,,,0,100,,144821,31,,,0,100,,144822,31,,,0,100,,144823,31,,,0,100,,144824,31,,,0,100,,144825,31,,,0,100,,144826,31,,,0,100,,144827,31,,,0,100,,144828,31,,,0,100,,144829,31,,,0,100,,144830,31,,,0,100,,144831,31,,,0,100,,144832,31,,,0
42200,'Weekday',644,,144833,31,,,0,70,,144851,31,,,0,30,,144834,31,,,0,70,,144855,31,,,0,30,,144835,31,,,0,70,,144856,31,,,0,30,,144836,31,,,0,70,,144853,31,,,0,30,,144837,31,,,0,70,,144854,31,,,0,30,,144838,31,,,0,70,,144857,31,,,0,30,,144839,31,,,0,70,,144850,31,,,0,30,,144840,31,,,0,70,,144859,31,,,0,30,,144841,31,,,0,79,,144858,31,,,0,21,,144842,31,,,0,70,,144852,31,,,0,30,,144844,31,,,0,70,,144860,31,,,0,30,,144843,31,,,0,70,,144849,31,,,0,30,,144847,31,,,0,99,,144846,31,,,0,100,,144845,31,,,0,100,,144848,31,,,0
42200,'STMPSa-Saturday',645,,144861,31,,,0,100,,144862,31,,,0,100,,144863,31,,,0,100,,144864,31,,,0,100,,144865,31,,,0,100,,144866,31,,,0,100,,144867,31,,,0,100,,144869,31,,,0,100,,144868,31,,,0,100,,144870,31,,,0,100,,144871,31,,,0,100,,144872,31,,,0,100,,144873,31,,,0
42200,'STMPSnea-Weekday',644,,144874,31,,,0,70,,144892,31,,,0,30,,144875,31,,,0,70,,144896,31,,,0,30,,144876,31,,,0,70,,144897,31,,,0,30,,144877,31,,,0,70,,144894,31,,,0,30,,144878,31,,,0,70,,144895,31,,,0,30,,144879,31,,,0,70,,144898,31,,,0,30,,144880,31,,,0,70,,144891,31,,,0,30,,144881,31,,,0,70,,144900,31,,,0,30,,144882,31,,,0,79,,144899,31,,,0,21,,144883,31,,,0,70,,144893,31,,,0,30,,144885,31,,,0,70,,144901,31,,,0,30,,144884,31,,,0,70,,144890,31,,,0,30,,144888,31,,,0,99,,144887,31,,,0,100,,144886,31,,,0,100,,144889,31,,,0
42200,'STMPSu1-Sunday',645,,144902,31,,,0,100,,144903,31,,,0,100,,144904,31,,,0,100,,144905,31,,,0,100,,144906,31,,,0,100,,144907,31,,,0,100,,144908,31,,,0,100,,144909,31,,,0,100,,144910,31,,,0,100,,144911,31,,,0,100,,144913,31,,,0,100,,144912,31,,,0,100,,144914,31,,,0
42200,'STMPSu2-Sunday',645,,144915,31,,,0,100,,144916,31,,,0,100,,144917,31,,,0,100,,144918,31,,,0,100,,144919,31,,,0,100,,144920,31,,,0,100,,144921,31,,,0,100,,144922,31,,,0,100,,144923,31,,,0,100,,144924,31,,,0,100,,144925,31,,,0,100,,144926,31,,,0,100,,144927,31,,,0
42200,'STMPWeek-Weekday',644,,144928,31,,,0,70,,144946,31,,,0,30,,144929,31,,,0,70,,144950,31,,,0,30,,144930,31,,,0,70,,144951,31,,,0,30,,144931,31,,,0,70,,144948,31,,,0,30,,144932,31,,,0,70,,144949,31,,,0,30,,144933,31,,,0,70,,144952,31,,,0,30,,144934,31,,,0,70,,144945,31,,,0,30,,144935,31,,,0,70,,144954,31,,,0,30,,144936,31,,,0,79,,144953,31,,,0,21,,144937,31,,,0,70,,144947,31,,,0,30,,144939,31,,,0,70,,144955,31,,,0,30,,144938,31,,,0,70,,144944,31,,,0,30,,144942,31,,,0,99,,144941,31,,,0,100,,144940,31,,,0,100,,144943,31,,,0
42200,'STMPar-Weekday',644,,144956,31,,,0,70,,144974,31,,,0,30,,144957,31,,,0,70,,144978,31,,,0,30,,144958,31,,,0,70,,144979,31,,,0,30,,144959,31,,,0,70,,144976,31,,,0,30,,144960,31,,,0,70,,144977,31,,,0,30,,144961,31,,,0,70,,144980,31,,,0,30,,144962,31,,,0,70,,144973,31,,,0,30,,144963,31,,,0,70,,144983,31,,,0,30,,144964,31,,,0,79,,144982,31,,,0,21,,144965,31,,,0,70,,144975,31,,,0,30,,144967,31,,,0,70,,144981,31,,,0,30,,144966,31,,,0,70,,144972,31,,,0,30,,144970,31,,,0,99,,144969,31,,,0,100,,144968,31,,,0,100,,144971,31,,,0
