3700,'Saturday',539,,35252,6,,,0,70,,35251,6,,,0,30,,35291,6,,,0,70,,35300,6,,,0,30,,35294,6,,,0,70,,35290,6,,,0,30,,35295,6,,,0,68,,35292,6,,,0,20,,35289,6,,,0,18,,35255,6,,,0,58,,35253,6,,,0,18,,35257,6,,,0,18,,35254,6,,,0,18,,35258,6,,,0,58,,35256,6,,,0,18,,35259,6,,,0,18,,35260,6,,,0,58,,35261,6,,,0,18,,35263,6,,,0,18,,35264,6,,,0,58,,35262,6,,,0,18,,35266,6,,,0,18,,35267,6,,,0,18,,35268,6,,,0,58,,35269,6,,,0,18,,35270,6,,,0,18,,35271,6,,,0,58,,35272,6,,,0,18,,35273,6,,,0,18,,35265,6,,,0,58,,35274,6,,,0,18,,35275,6,,,0,18,,35276,6,,,0,18,,35278,6,,,0,58,,35279,6,,,0,18,,35277,6,,,0,18,,35281,6,,,0,58,,35282,6,,,0,18,,35280,6,,,0,18,,35284,6,,,0,58,,35285,6,,,0,18,,35283,6,,,0,18,,35286,6,,,0,68,,35287,6,,,0,30,,35301,6,,,0,70,,35288,6,,,0,30,,35293,6,,,0,70,,35297,6,,,0,30,,35296,6,,,0,70,,35298,6,,,0,30,,35299,6,,,0
3700,'Sunday',539,,35302,6,,,0,70,,35304,6,,,0,30,,35341,6,,,0,70,,35340,6,,,0,30,,35343,6,,,0,70,,35344,6,,,0,30,,35345,6,,,0,68,,35303,6,,,0,20,,35323,6,,,0,18,,35306,6,,,0,58,,35322,6,,,0,18,,35305,6,,,0,18,,35324,6,,,0,18,,35307,6,,,0,58,,35325,6,,,0,18,,35308,6,,,0,18,,35326,6,,,0,58,,35309,6,,,0,18,,35328,6,,,0,18,,35311,6,,,0,58,,35327,6,,,0,18,,35310,6,,,0,18,,35329,6,,,0,18,,35312,6,,,0,58,,35330,6,,,0,18,,35313,6,,,0,18,,35332,6,,,0,58,,35314,6,,,0,18,,35331,6,,,0,18,,35315,6,,,0,58,,35333,6,,,0,18,,35316,6,,,0,18,,35334,6,,,0,18,,35317,6,,,0,58,,35335,6,,,0,18,,35318,6,,,0,18,,35336,6,,,0,58,,35320,6,,,0,18,,35337,6,,,0,18,,35319,6,,,0,58,,35338,6,,,0,18,,35321,6,,,0,18,,35339,6,,,0,68,,35349,6,,,0,30,,35346,6,,,0,70,,35342,6,,,0,30,,35350,6,,,0,70,,35348,6,,,0,30,,35351,6,,,0,70,,35352,6,,,0,30,,35347,6,,,0
3700,'Weekday',424,,35384,6,,,0,28,,35385,6,,,0,64,,35387,6,,,0,31,,35386,6,,,0,68,,35389,6,,,0,19,,35353,6,,,0,18,,35390,6,,,0,58,,35354,6,,,0,18,,35388,6,,,0,18,,35355,6,,,0,12,,35410,6,,,0,47,,35392,6,,,0,18,,35358,6,,,0,19,,35391,6,,,0,15,,35356,6,,,0,58,,35394,6,,,0,18,,35359,6,,,0,18,,35393,6,,,0,58,,35357,6,,,0,18,,35395,6,,,0,18,,35360,6,,,0,58,,35396,6,,,0,18,,35361,6,,,0,18,,35397,6,,,0,18,,35363,6,,,0,58,,35398,6,,,0,18,,35362,6,,,0,18,,35399,6,,,0,58,,35364,6,,,0,18,,35400,6,,,0,18,,35366,6,,,0,58,,35401,6,,,0,18,,35365,6,,,0,18,,35402,6,,,0,18,,35367,6,,,0,61,,35403,6,,,0,18,,35368,6,,,0,18,,35404,6,,,0,58,,35369,6,,,0,18,,35405,6,,,0,18,,35370,6,,,0,58,,35406,6,,,0,18,,35371,6,,,0,18,,35407,6,,,0,16,,35372,6,,,0,58,,35408,6,,,0,17,,35373,6,,,0,18,,35409,6,,,0,61,,35374,6,,,0,31,,35375,6,,,0,69,,35376,6,,,0,30,,35377,6,,,0,70,,35378,6,,,0,30,,35379,6,,,0,70,,35380,6,,,0,30,,35381,6,,,0,70,,35382,6,,,0,30,,35383,6,,,0
3700,'1CCSDCUT-Weekday',424,,35442,6,,,0,28,,35443,6,,,0,64,,35445,6,,,0,31,,35444,6,,,0,68,,35447,6,,,0,19,,35411,6,,,0,18,,35448,6,,,0,58,,35412,6,,,0,18,,35446,6,,,0,18,,35413,6,,,0,12,,35468,6,,,0,47,,35450,6,,,0,18,,35416,6,,,0,19,,35449,6,,,0,15,,35414,6,,,0,58,,35452,6,,,0,18,,35417,6,,,0,18,,35451,6,,,0,58,,35415,6,,,0,18,,35453,6,,,0,18,,35418,6,,,0,58,,35454,6,,,0,18,,35419,6,,,0,18,,35455,6,,,0,18,,35421,6,,,0,58,,35456,6,,,0,18,,35420,6,,,0,18,,35457,6,,,0,58,,35422,6,,,0,18,,35458,6,,,0,18,,35424,6,,,0,58,,35459,6,,,0,18,,35423,6,,,0,18,,35460,6,,,0,18,,35425,6,,,0,61,,35461,6,,,0,18,,35426,6,,,0,18,,35462,6,,,0,58,,35427,6,,,0,18,,35463,6,,,0,18,,35428,6,,,0,58,,35464,6,,,0,18,,35429,6,,,0,18,,35465,6,,,0,16,,35430,6,,,0,58,,35466,6,,,0,17,,35431,6,,,0,18,,35467,6,,,0,61,,35432,6,,,0,31,,35433,6,,,0,69,,35434,6,,,0,30,,35435,6,,,0,70,,35436,6,,,0,30,,35437,6,,,0,70,,35438,6,,,0,30,,35439,6,,,0,70,,35440,6,,,0,30,,35441,6,,,0
3700,'1PUBCUT-Weekday',424,,35500,6,,,0,28,,35501,6,,,0,64,,35503,6,,,0,31,,35502,6,,,0,68,,35505,6,,,0,19,,35469,6,,,0,18,,35506,6,,,0,58,,35470,6,,,0,18,,35504,6,,,0,18,,35471,6,,,0,12,,35526,6,,,0,47,,35508,6,,,0,18,,35474,6,,,0,19,,35507,6,,,0,15,,35472,6,,,0,58,,35510,6,,,0,18,,35475,6,,,0,18,,35509,6,,,0,58,,35473,6,,,0,18,,35511,6,,,0,18,,35476,6,,,0,58,,35512,6,,,0,18,,35477,6,,,0,18,,35513,6,,,0,18,,35479,6,,,0,58,,35514,6,,,0,18,,35478,6,,,0,18,,35515,6,,,0,58,,35480,6,,,0,18,,35516,6,,,0,18,,35482,6,,,0,58,,35517,6,,,0,18,,35481,6,,,0,18,,35518,6,,,0,18,,35483,6,,,0,61,,35519,6,,,0,18,,35484,6,,,0,18,,35520,6,,,0,58,,35485,6,,,0,18,,35521,6,,,0,18,,35486,6,,,0,58,,35522,6,,,0,18,,35487,6,,,0,18,,35523,6,,,0,16,,35488,6,,,0,58,,35524,6,,,0,17,,35489,6,,,0,18,,35525,6,,,0,61,,35490,6,,,0,31,,35491,6,,,0,69,,35492,6,,,0,30,,35493,6,,,0,70,,35494,6,,,0,30,,35495,6,,,0,70,,35496,6,,,0,30,,35497,6,,,0,70,,35498,6,,,0,30,,35499,6,,,0
76700,'Weekday0000100',1341,,68704,4,0,48 49 1 195,0
76700,'Weekday1111000',1546,,68705,4,0,48 49 1 195,0
76700,'1CCSDCUT-Weekday0000100',1341,,68706,4,0,48 49 1 195,0
76700,'1CCSDCUT-Weekday1111000',1546,,68707,4,0,48 49 1 195,0
76701,'Weekday',841,,68708,6,0,48 49 1 195,0
76701,'1CCSDCUT-Weekday',841,,68710,6,0,48 49 1 195,0
