1000,'Saturday',852,,76419,2,,,0,70,,76429,2,,,0,30,,76407,2,,,0,70,,76420,2,,,0,30,,76430,2,,,0,70,,76409,2,,,0,30,,76421,2,,,0,70,,76431,2,,,0,30,,76408,2,,,0,70,,76422,2,,,0,30,,76433,2,,,0,70,,76410,2,,,0,30,,76423,2,,,0,70,,76432,2,,,0,30,,76411,2,,,0,70,,76424,2,,,0,30,,76434,2,,,0,70,,76412,2,,,0,30,,76425,2,,,0,70,,76435,2,,,0,30,,76414,2,,,0,70,,76426,2,,,0,30,,76436,2,,,0,70,,76413,2,,,0,30,,76427,2,,,0,70,,76418,2,,,0,30,,76416,2,,,0,70,,76428,2,,,0,30,,76415,2,,,0,70,,76417,2,,,0
1000,'Sunday',852,,76442,2,,,0,70,,76450,2,,,0,30,,76458,2,,,0,70,,76441,2,,,0,30,,76452,2,,,0,70,,76459,2,,,0,30,,76443,2,,,0,70,,76451,2,,,0,30,,76460,2,,,0,70,,76444,2,,,0,30,,76454,2,,,0,70,,76462,2,,,0,30,,76445,2,,,0,70,,76456,2,,,0,30,,76461,2,,,0,70,,76447,2,,,0,30,,76453,2,,,0,70,,76463,2,,,0,30,,76446,2,,,0,70,,76455,2,,,0,30,,76465,2,,,0,70,,76448,2,,,0,30,,76439,2,,,0,70,,76464,2,,,0,30,,76440,2,,,0,70,,76437,2,,,0,30,,76466,2,,,0,70,,76449,2,,,0,30,,76438,2,,,0,70,,76457,2,,,0
1000,'Weekday',542,,76467,2,,,0,73,,76472,2,,,0,33,,76473,2,,,0,73,,76474,2,,,0,33,,76475,2,,,0,73,,76476,2,,,0,73,,76477,2,,,0,33,,76478,2,,,0,73,,76479,2,,,0,33,,76480,2,,,0,73,,76481,2,,,0,33,,76482,2,,,0,73,,76483,2,,,0,33,,76484,2,,,0,73,,76485,2,,,0,33,,76486,2,,,0,73,,76487,2,,,0,73,,76488,2,,,0,33,,76489,2,,,0,73,,76490,2,,,0,33,,76491,2,,,0,73,,76492,2,,,0,33,,76493,2,,,0,73,,76494,2,,,0,33,,76495,2,,,0,73,,76496,2,,,0,73,,76497,2,,,0,33,,76498,2,,,0,73,,76499,2,,,0,33,,76500,2,,,0,73,,76470,2,,,0,33,,76469,2,,,0,73,,76471,2,,,0,29,,76468,2,,,0
1000,'STMPSa-Saturday',852,,76513,2,,,0,70,,76523,2,,,0,30,,76501,2,,,0,70,,76514,2,,,0,30,,76524,2,,,0,70,,76503,2,,,0,30,,76515,2,,,0,70,,76525,2,,,0,30,,76502,2,,,0,70,,76516,2,,,0,30,,76527,2,,,0,70,,76504,2,,,0,30,,76517,2,,,0,70,,76526,2,,,0,30,,76506,2,,,0,70,,76518,2,,,0,30,,76528,2,,,0,70,,76505,2,,,0,30,,76519,2,,,0,70,,76529,2,,,0,30,,76508,2,,,0,70,,76520,2,,,0,30,,76530,2,,,0,70,,76507,2,,,0,30,,76521,2,,,0,70,,76512,2,,,0,30,,76510,2,,,0,70,,76522,2,,,0,30,,76509,2,,,0,70,,76511,2,,,0
1000,'STMPSnea-Weekday',542,,76531,2,,,0,73,,76536,2,,,0,33,,76537,2,,,0,73,,76538,2,,,0,33,,76539,2,,,0,73,,76540,2,,,0,73,,76541,2,,,0,33,,76542,2,,,0,73,,76543,2,,,0,33,,76544,2,,,0,73,,76545,2,,,0,33,,76546,2,,,0,73,,76547,2,,,0,33,,76548,2,,,0,73,,76549,2,,,0,33,,76550,2,,,0,73,,76551,2,,,0,73,,76552,2,,,0,33,,76553,2,,,0,73,,76554,2,,,0,33,,76555,2,,,0,73,,76556,2,,,0,33,,76557,2,,,0,73,,76558,2,,,0,33,,76559,2,,,0,73,,76560,2,,,0,73,,76561,2,,,0,33,,76562,2,,,0,73,,76563,2,,,0,33,,76564,2,,,0,73,,76534,2,,,0,33,,76533,2,,,0,73,,76535,2,,,0,29,,76532,2,,,0
1000,'STMPSu1-Sunday',852,,76570,2,,,0,70,,76578,2,,,0,30,,76586,2,,,0,70,,76569,2,,,0,30,,76580,2,,,0,70,,76587,2,,,0,30,,76571,2,,,0,70,,76579,2,,,0,30,,76588,2,,,0,70,,76572,2,,,0,30,,76582,2,,,0,70,,76590,2,,,0,30,,76573,2,,,0,70,,76584,2,,,0,30,,76589,2,,,0,70,,76575,2,,,0,30,,76581,2,,,0,70,,76591,2,,,0,30,,76574,2,,,0,70,,76583,2,,,0,30,,76593,2,,,0,70,,76576,2,,,0,30,,76567,2,,,0,70,,76592,2,,,0,30,,76568,2,,,0,70,,76565,2,,,0,30,,76594,2,,,0,70,,76577,2,,,0,30,,76566,2,,,0,70,,76585,2,,,0
1000,'STMPSu2-Sunday',852,,76600,2,,,0,70,,76608,2,,,0,30,,76616,2,,,0,70,,76599,2,,,0,30,,76610,2,,,0,70,,76617,2,,,0,30,,76601,2,,,0,70,,76609,2,,,0,30,,76618,2,,,0,70,,76602,2,,,0,30,,76612,2,,,0,70,,76620,2,,,0,30,,76603,2,,,0,70,,76614,2,,,0,30,,76619,2,,,0,70,,76605,2,,,0,30,,76611,2,,,0,70,,76621,2,,,0,30,,76604,2,,,0,70,,76613,2,,,0,30,,76623,2,,,0,70,,76606,2,,,0,30,,76597,2,,,0,70,,76622,2,,,0,30,,76598,2,,,0,70,,76595,2,,,0,30,,76624,2,,,0,70,,76607,2,,,0,30,,76596,2,,,0,70,,76615,2,,,0
1000,'STMPWeek-Weekday',542,,76625,2,,,0,73,,76630,2,,,0,33,,76631,2,,,0,73,,76632,2,,,0,33,,76633,2,,,0,73,,76634,2,,,0,73,,76635,2,,,0,33,,76636,2,,,0,73,,76637,2,,,0,33,,76638,2,,,0,73,,76639,2,,,0,33,,76640,2,,,0,73,,76641,2,,,0,33,,76642,2,,,0,73,,76643,2,,,0,33,,76644,2,,,0,73,,76645,2,,,0,73,,76646,2,,,0,33,,76647,2,,,0,73,,76648,2,,,0,33,,76649,2,,,0,73,,76650,2,,,0,33,,76651,2,,,0,73,,76652,2,,,0,33,,76653,2,,,0,73,,76654,2,,,0,73,,76655,2,,,0,33,,76656,2,,,0,73,,76657,2,,,0,33,,76658,2,,,0,73,,76628,2,,,0,33,,76627,2,,,0,73,,76629,2,,,0,29,,76626,2,,,0
1000,'STMPar-Weekday',542,,76659,2,,,0,73,,76665,2,,,0,33,,76664,2,,,0,73,,76666,2,,,0,16,,76693,2,0,43 44,0,17,,76667,2,,,0,73,,76668,2,,,0,73,,76669,2,,,0,33,,76670,2,,,0,73,,76671,2,,,0,33,,76672,2,,,0,73,,76673,2,,,0,33,,76674,2,,,0,73,,76675,2,,,0,33,,76676,2,,,0,73,,76677,2,,,0,33,,76678,2,,,0,73,,76679,2,,,0,73,,76680,2,,,0,33,,76681,2,,,0,73,,76682,2,,,0,33,,76683,2,,,0,73,,76684,2,,,0,33,,76685,2,,,0,73,,76686,2,,,0,33,,76687,2,,,0,73,,76688,2,,,0,73,,76689,2,,,0,33,,76690,2,,,0,73,,76691,2,,,0,33,,76692,2,,,0,73,,76662,2,,,0,33,,76661,2,,,0,73,,76663,2,,,0,29,,76660,2,,,0
2901,'Saturday',628,,85270,2,,,0,87,,85271,2,,,0,87,,85272,2,,,0,47,,85273,2,,,0,87,,85274,2,,,0,87,,85275,2,,,0,87,,85276,2,,,0,47,,85277,2,,,0,87,,85278,2,,,0,87,,85279,2,,,0,87,,85282,2,,,0,87,,85283,2,,,0,47,,85284,2,,,0,87,,85280,2,,,0,87,,85281,2,,,0,87,,85285,2,,,0,87,,85286,2,,,0,47,,85287,2,,,0,87,,85288,2,,,0,87,,85289,2,,,0,87,,85290,2,,,0,47,,85291,2,,,0
2901,'Sunday',628,,85293,2,,,0,87,,85294,2,,,0,87,,85296,2,,,0,47,,85292,2,,,0,87,,85298,2,,,0,87,,85299,2,,,0,87,,85297,2,,,0,47,,85300,2,,,0,87,,85295,2,,,0,87,,85302,2,,,0,87,,85304,2,,,0,87,,85305,2,,,0,47,,85303,2,,,0,87,,85307,2,,,0,87,,85301,2,,,0,87,,85306,2,,,0,87,,85308,2,,,0,47,,85309,2,,,0,87,,85310,2,,,0,87,,85311,2,,,0,87,,85312,2,,,0,47,,85313,2,,,0
2901,'Weekday',516,,85337,2,,,0,35,,85336,2,,,0,76,,85339,2,,,0,75,,85338,2,,,0,35,,85341,2,,,0,75,,85342,2,,,0,35,,85340,2,,,0,75,,85318,2,,,0,35,,85316,2,,,0,75,,85332,2,,,0,75,,85333,2,,,0,35,,85334,2,,,0,75,,85331,2,,,0,35,,85335,2,,,0,75,,85321,2,,,0,75,,85326,2,,,0,35,,85320,2,,,0,75,,85324,2,,,0,35,,85314,2,,,0,75,,85343,2,,,0,35,,85344,2,,,0,75,,85345,2,,,0,76,,85346,2,,,0,34,,85317,2,,,0,74,,85328,2,,,0,35,,85329,2,,,0,75,,85330,2,,,0,75,,85323,2,,,0,35,,85319,2,,,0,75,,85322,2,,,0,35,,85327,2,,,0,75,,85325,2,,,0
2901,'STMPSa-Saturday',628,,85348,2,,,0,87,,85349,2,,,0,87,,85347,2,,,0,47,,85350,2,,,0,87,,85351,2,,,0,87,,85352,2,,,0,87,,85353,2,,,0,47,,85354,2,,,0,87,,85355,2,,,0,87,,85356,2,,,0,87,,85359,2,,,0,87,,85360,2,,,0,47,,85361,2,,,0,87,,85357,2,,,0,87,,85358,2,,,0,87,,85363,2,,,0,87,,85364,2,,,0,47,,85365,2,,,0,87,,85362,2,,,0,87,,85366,2,,,0,87,,85367,2,,,0,47,,85368,2,,,0
2901,'STMPSnea-Weekday',516,,85392,2,,,0,35,,85391,2,,,0,76,,85394,2,,,0,75,,85393,2,,,0,35,,85396,2,,,0,75,,85397,2,,,0,35,,85395,2,,,0,75,,85373,2,,,0,35,,85371,2,,,0,75,,85387,2,,,0,75,,85388,2,,,0,35,,85389,2,,,0,75,,85386,2,,,0,35,,85390,2,,,0,75,,85376,2,,,0,75,,85381,2,,,0,35,,85375,2,,,0,75,,85379,2,,,0,35,,85369,2,,,0,75,,85398,2,,,0,35,,85399,2,,,0,75,,85400,2,,,0,76,,85401,2,,,0,34,,85372,2,,,0,74,,85383,2,,,0,35,,85384,2,,,0,75,,85385,2,,,0,75,,85378,2,,,0,35,,85374,2,,,0,75,,85377,2,,,0,35,,85382,2,,,0,75,,85380,2,,,0
2901,'STMPSu1-Sunday',628,,85403,2,,,0,87,,85404,2,,,0,87,,85406,2,,,0,47,,85402,2,,,0,87,,85408,2,,,0,87,,85409,2,,,0,87,,85407,2,,,0,47,,85410,2,,,0,87,,85405,2,,,0,87,,85412,2,,,0,87,,85414,2,,,0,87,,85415,2,,,0,47,,85413,2,,,0,87,,85417,2,,,0,87,,85411,2,,,0,87,,85416,2,,,0,87,,85418,2,,,0,47,,85419,2,,,0,87,,85420,2,,,0,87,,85421,2,,,0,87,,85422,2,,,0,47,,85423,2,,,0
2901,'STMPSu2-Sunday',628,,85425,2,,,0,87,,85426,2,,,0,87,,85428,2,,,0,47,,85424,2,,,0,87,,85430,2,,,0,87,,85431,2,,,0,87,,85429,2,,,0,47,,85432,2,,,0,87,,85427,2,,,0,87,,85434,2,,,0,87,,85436,2,,,0,87,,85437,2,,,0,47,,85435,2,,,0,87,,85439,2,,,0,87,,85433,2,,,0,87,,85438,2,,,0,87,,85440,2,,,0,47,,85441,2,,,0,87,,85442,2,,,0,87,,85443,2,,,0,87,,85444,2,,,0,47,,85445,2,,,0
2901,'STMPWeek-Weekday',516,,85469,2,,,0,35,,85468,2,,,0,76,,85471,2,,,0,75,,85470,2,,,0,35,,85473,2,,,0,75,,85474,2,,,0,35,,85472,2,,,0,75,,85450,2,,,0,35,,85448,2,,,0,75,,85464,2,,,0,75,,85465,2,,,0,35,,85466,2,,,0,75,,85463,2,,,0,35,,85467,2,,,0,75,,85453,2,,,0,75,,85458,2,,,0,35,,85452,2,,,0,75,,85456,2,,,0,35,,85446,2,,,0,75,,85475,2,,,0,35,,85476,2,,,0,75,,85477,2,,,0,76,,85478,2,,,0,34,,85449,2,,,0,74,,85460,2,,,0,35,,85461,2,,,0,75,,85462,2,,,0,75,,85455,2,,,0,35,,85451,2,,,0,75,,85454,2,,,0,35,,85459,2,,,0,75,,85457,2,,,0
2901,'STMPar-Weekday',516,,85502,2,,,0,35,,85501,2,,,0,76,,85504,2,,,0,75,,85503,2,,,0,35,,85506,2,,,0,75,,85507,2,,,0,35,,85505,2,,,0,75,,85483,2,,,0,35,,85481,2,,,0,75,,85497,2,,,0,75,,85498,2,,,0,35,,85499,2,,,0,75,,85496,2,,,0,35,,85500,2,,,0,75,,85486,2,,,0,75,,85491,2,,,0,35,,85485,2,,,0,75,,85489,2,,,0,35,,85479,2,,,0,75,,85508,2,,,0,35,,85509,2,,,0,75,,85510,2,,,0,76,,85511,2,,,0,34,,85482,2,,,0,74,,85493,2,,,0,35,,85494,2,,,0,75,,85495,2,,,0,75,,85488,2,,,0,35,,85484,2,,,0,75,,85487,2,,,0,35,,85492,2,,,0,75,,85490,2,,,0
3500,'Saturday',626,,87082,2,,,0,100,,87096,2,,,0,100,,87095,2,,,0,100,,87093,2,,,0,100,,87094,2,,,0,100,,87092,2,,,0,100,,87091,2,,,0,100,,87090,2,,,0,100,,87089,2,,,0,100,,87088,2,,,0,100,,87087,2,,,0,100,,87086,2,,,0,100,,87085,2,,,0,100,,87084,2,,,0,100,,87083,2,,,0
3500,'Sunday',726,,87109,2,,,0,100,,87108,2,,,0,100,,87107,2,,,0,100,,87106,2,,,0,100,,87105,2,,,0,100,,87104,2,,,0,100,,87103,2,,,0,100,,87102,2,,,0,100,,87101,2,,,0,100,,87100,2,,,0,100,,87099,2,,,0,100,,87097,2,,,0,100,,87098,2,,,0
3500,'Weekday',551,,87110,2,,,0,70,,87130,2,,,0,30,,87111,2,,,0,70,,87131,2,,,0,27,,87112,2,,,0,70,,87129,2,,,0,33,,87113,2,,,0,101,,87114,2,,,0,100,,87115,2,,,0,100,,87116,2,,,0,100,,87117,2,,,0,100,,87118,2,,,0,100,,87119,2,,,0,70,,87132,2,,,0,30,,87120,2,,,0,70,,87133,2,,,0,30,,87121,2,,,0,70,,87134,2,,,0,30,,87123,2,,,0,100,,87124,2,,,0,99,,87125,2,,,0,100,,87126,2,,,0,100,,87127,2,,,0,100,,87128,2,,,0,100,,87122,2,,,0
3500,'STMPSa-Saturday',626,,87135,2,,,0,100,,87149,2,,,0,100,,87148,2,,,0,100,,87146,2,,,0,100,,87147,2,,,0,100,,87145,2,,,0,100,,87144,2,,,0,100,,87143,2,,,0,100,,87142,2,,,0,100,,87141,2,,,0,100,,87140,2,,,0,100,,87139,2,,,0,100,,87138,2,,,0,100,,87137,2,,,0,100,,87136,2,,,0
3500,'STMPSnea-Weekday',551,,87150,2,,,0,70,,87170,2,,,0,30,,87151,2,,,0,70,,87171,2,,,0,27,,87152,2,,,0,70,,87169,2,,,0,33,,87153,2,,,0,101,,87154,2,,,0,100,,87155,2,,,0,100,,87156,2,,,0,100,,87157,2,,,0,100,,87158,2,,,0,100,,87159,2,,,0,70,,87172,2,,,0,30,,87160,2,,,0,70,,87173,2,,,0,30,,87161,2,,,0,70,,87174,2,,,0,30,,87163,2,,,0,100,,87164,2,,,0,99,,87165,2,,,0,100,,87166,2,,,0,100,,87167,2,,,0,100,,87168,2,,,0,100,,87162,2,,,0
3500,'STMPSu1-Sunday',726,,87187,2,,,0,100,,87186,2,,,0,100,,87185,2,,,0,100,,87184,2,,,0,100,,87183,2,,,0,100,,87182,2,,,0,100,,87181,2,,,0,100,,87180,2,,,0,100,,87179,2,,,0,100,,87178,2,,,0,100,,87177,2,,,0,100,,87175,2,,,0,100,,87176,2,,,0
3500,'STMPSu2-Sunday',726,,87200,2,,,0,100,,87199,2,,,0,100,,87198,2,,,0,100,,87197,2,,,0,100,,87196,2,,,0,100,,87195,2,,,0,100,,87194,2,,,0,100,,87193,2,,,0,100,,87192,2,,,0,100,,87191,2,,,0,100,,87190,2,,,0,100,,87188,2,,,0,100,,87189,2,,,0
3500,'STMPWeek-Weekday',551,,87201,2,,,0,70,,87221,2,,,0,30,,87202,2,,,0,70,,87222,2,,,0,27,,87203,2,,,0,70,,87220,2,,,0,33,,87204,2,,,0,101,,87205,2,,,0,100,,87206,2,,,0,100,,87207,2,,,0,100,,87208,2,,,0,100,,87209,2,,,0,100,,87210,2,,,0,70,,87223,2,,,0,30,,87211,2,,,0,70,,87224,2,,,0,30,,87212,2,,,0,70,,87225,2,,,0,30,,87214,2,,,0,100,,87215,2,,,0,99,,87216,2,,,0,100,,87217,2,,,0,100,,87218,2,,,0,100,,87219,2,,,0,100,,87213,2,,,0
3500,'STMPar-Weekday',551,,87226,2,,,0,70,,87246,2,,,0,30,,87227,2,,,0,70,,87247,2,,,0,27,,87228,2,,,0,70,,87245,2,,,0,33,,87229,2,,,0,101,,87230,2,,,0,100,,87231,2,,,0,100,,87232,2,,,0,100,,87233,2,,,0,100,,87234,2,,,0,100,,87235,2,,,0,70,,87248,2,,,0,30,,87237,2,,,0,70,,87249,2,,,0,30,,87238,2,,,0,70,,87250,2,,,0,30,,87236,2,,,0,100,,87240,2,,,0,99,,87241,2,,,0,100,,87242,2,,,0,100,,87243,2,,,0,100,,87244,2,,,0,100,,87239,2,,,0
