601,'2025DE-1BUSCUT-Weekday-02',547,,2605,,,0,63,,2606,,,0,23,,2633,,,0,23,,2634,,,0,65,,2635,,,0,23,,2636,,,0,63,,2637,,,0,23,,2638,,,0,23,,2639,,,0,63,,2640,,,0,23,,2641,,,0,63,,2608,,,0,23,,2609,,,0,23,,2610,,,0,63,,2607,,,0,23,,2613,,,0,23,,2614,,,0,63,,2611,,,0,23,,2612,,,0,63,,2615,,,0,23,,2616,,,0,23,,2617,,,0,63,,2618,,,0,23,,2619,,,0,63,,2620,,,0,23,,2642,,,0,23,,2643,,,0,64,,2644,,,0,23,,2645,,,0,23,,2647,,,0,63,,2648,,,0,23,,2649,,,0,63,,2646,,,0,22,,2650,,,0,23,,2621,,,0,66,,2622,,,0,30,,2623,,,0,70,,2624,,,0,30,,2625,,,0,70,,2626,,,0,30,,2627,,,0,68,,2628,,,0,30,,2629,,,0,74,,2630,,,0,35,,2631,,,0,76,,2632,,,0
601,'2025DE-1BUSSA-Saturday-02',544,,2652,,,0,70,,2653,,,0,30,,2656,,,0,70,,2657,,,0,30,,2655,,,0,70,,2654,,,0,31,,2660,,,0,70,,2661,,,0,30,,2658,,,0,70,,2662,,,0,30,,2659,,,0,70,,2664,,,0,30,,2651,,,0,70,,2666,,,0,30,,2663,,,0,70,,2668,,,0,30,,2669,,,0,70,,2667,,,0,30,,2670,,,0,70,,2671,,,0,30,,2665,,,0,70,,2672,,,0,30,,2673,,,0,70,,2674,,,0,30,,2675,,,0,70,,2677,,,0,30,,2679,,,0,69,,2680,,,0,30,,2676,,,0,70,,2681,,,0,30,,2678,,,0,70,,2687,,,0,30,,2682,,,0,70,,2683,,,0,30,,2684,,,0,70,,2685,,,0,40,,2688,,,0,75,,2686,,,0
601,'2025DE-1BUSSU-Sunday-02',544,,2690,,,0,70,,2691,,,0,30,,2692,,,0,70,,2693,,,0,30,,2694,,,0,70,,2695,,,0,31,,2696,,,0,70,,2697,,,0,30,,2698,,,0,70,,2699,,,0,30,,2701,,,0,70,,2702,,,0,30,,2703,,,0,70,,2700,,,0,30,,2705,,,0,70,,2706,,,0,30,,2689,,,0,70,,2707,,,0,30,,2704,,,0,70,,2708,,,0,30,,2709,,,0,70,,2710,,,0,33,,2711,,,0,67,,2712,,,0,30,,2713,,,0,70,,2714,,,0,30,,2715,,,0,69,,2716,,,0,30,,2717,,,0,70,,2718,,,0,30,,2719,,,0,70,,2720,,,0,30,,2721,,,0,70,,2722,,,0,30,,2723,,,0,70,,2724,,,0,40,,2725,,,0
601,'2025DE-1BUSWK-Weekday-02',547,,2726,,,0,63,,2727,,,0,23,,2754,,,0,23,,2755,,,0,65,,2756,,,0,23,,2757,,,0,63,,2758,,,0,23,,2759,,,0,23,,2760,,,0,63,,2761,,,0,23,,2762,,,0,63,,2729,,,0,23,,2730,,,0,23,,2731,,,0,63,,2728,,,0,23,,2734,,,0,23,,2735,,,0,63,,2732,,,0,23,,2733,,,0,63,,2736,,,0,23,,2737,,,0,23,,2738,,,0,63,,2739,,,0,23,,2740,,,0,63,,2741,,,0,23,,2763,,,0,23,,2764,,,0,64,,2765,,,0,23,,2766,,,0,23,,2768,,,0,63,,2769,,,0,23,,2770,,,0,63,,2767,,,0,22,,2771,,,0,23,,2742,,,0,66,,2743,,,0,30,,2744,,,0,70,,2745,,,0,30,,2746,,,0,70,,2747,,,0,30,,2748,,,0,68,,2749,,,0,30,,2750,,,0,74,,2751,,,0,35,,2752,,,0,76,,2753,,,0
601,'2025DE-pBxDec31-Weekday-02',547,,2772,,,0,63,,2773,,,0,23,,2800,,,0,23,,2801,,,0,65,,2802,,,0,23,,2803,,,0,63,,2804,,,0,23,,2805,,,0,23,,2806,,,0,63,,2807,,,0,23,,2808,,,0,63,,2775,,,0,23,,2776,,,0,23,,2777,,,0,63,,2774,,,0,23,,2780,,,0,23,,2781,,,0,63,,2778,,,0,23,,2779,,,0,63,,2782,,,0,23,,2783,,,0,23,,2784,,,0,63,,2785,,,0,23,,2786,,,0,63,,2787,,,0,23,,2809,,,0,23,,2810,,,0,64,,2811,,,0,23,,2812,,,0,23,,2814,,,0,63,,2815,,,0,23,,2816,,,0,63,,2813,,,0,22,,2817,,,0,23,,2788,,,0,66,,2789,,,0,30,,2790,,,0,70,,2791,,,0,30,,2792,,,0,70,,2794,,,0,30,,2795,,,0,68,,2796,,,0,30,,2793,,,0,74,,2797,,,0,35,,2798,,,0,75,,2799,,,0
9001,'2025DE-1BUSCUT-Weekday-02',623,,23835,,,0,36,,23844,,,0,70,,23854,,,0,30,,23863,,,0,70,,23836,,,0,30,,23845,,,0,69,,23855,,,0,30,,23864,,,0,70,,23837,,,0,30,,23846,,,0,70,,23856,,,0,30,,23865,,,0,70,,23838,,,0,30,,23847,,,0,70,,23857,,,0,30,,23866,,,0,70,,23841,,,0,30,,23848,,,0,70,,23858,,,0,30,,23867,,,0,70,,23840,,,0,30,,23849,,,0,70,,23859,,,0,30,,23868,,,0,70,,23839,,,0,23,,23850,,,0,70,,23860,,,0,30,,23869,,,0,55,,23842,,,0,30,,23851,,,0,70,,23861,,,0,30,,23870,,,0,10,,23843,,,0,70,,23852,,,0,30,,23862,,,0,70,,23871,,,0,35,,23853,,,0
9001,'2025DE-1BUSSA-Saturday-02',625,,23872,,,0,32,,23882,,,0,72,,23892,,,0,72,,23873,,,0,32,,23883,,,0,72,,23893,,,0,32,,23875,,,0,72,,23885,,,0,32,,23894,,,0,72,,23876,,,0,32,,23884,,,0,74,,23895,,,0,32,,23877,,,0,72,,23886,,,0,32,,23896,,,0,72,,23874,,,0,32,,23887,,,0,72,,23897,,,0,72,,23878,,,0,32,,23888,,,0,72,,23898,,,0,32,,23879,,,0,71,,23891,,,0,31,,23899,,,0,72,,23881,,,0,32,,23890,,,0,72,,23900,,,0,32,,23880,,,0,72,,23889,,,0
9001,'2025DE-1BUSSU-Sunday-02',619,,23901,,,0,32,,23911,,,0,78,,23922,,,0,72,,23902,,,0,32,,23912,,,0,72,,23921,,,0,32,,23904,,,0,72,,23914,,,0,32,,23924,,,0,72,,23903,,,0,32,,23913,,,0,74,,23923,,,0,32,,23905,,,0,72,,23915,,,0,32,,23925,,,0,72,,23906,,,0,32,,23916,,,0,72,,23927,,,0,72,,23907,,,0,32,,23917,,,0,72,,23926,,,0,32,,23908,,,0,71,,23918,,,0,31,,23928,,,0,72,,23909,,,0,32,,23919,,,0,72,,23929,,,0,32,,23910,,,0,72,,23920,,,0
9001,'2025DE-1BUSWK-Weekday-02',623,,23930,,,0,36,,23940,,,0,70,,23949,,,0,30,,23958,,,0,70,,23931,,,0,30,,23939,,,0,69,,23950,,,0,30,,23959,,,0,70,,23932,,,0,30,,23941,,,0,70,,23951,,,0,30,,23960,,,0,70,,23933,,,0,30,,23942,,,0,70,,23952,,,0,30,,23961,,,0,70,,23935,,,0,30,,23943,,,0,70,,23953,,,0,30,,23962,,,0,70,,23934,,,0,30,,23944,,,0,70,,23954,,,0,30,,23963,,,0,70,,23936,,,0,23,,23945,,,0,70,,23955,,,0,30,,23964,,,0,55,,23937,,,0,30,,23946,,,0,70,,23956,,,0,30,,23965,,,0,10,,23938,,,0,70,,23947,,,0,30,,23957,,,0,70,,23966,,,0,35,,23948,,,0
9001,'2025DE-pBxDec31-Weekday-02',623,,23967,,,0,36,,23976,,,0,70,,23986,,,0,30,,23995,,,0,70,,23968,,,0,30,,23977,,,0,69,,23987,,,0,30,,23996,,,0,70,,23970,,,0,30,,23978,,,0,70,,23988,,,0,30,,23997,,,0,70,,23969,,,0,30,,23979,,,0,70,,23989,,,0,30,,23998,,,0,70,,23973,,,0,30,,23980,,,0,70,,23990,,,0,30,,23999,,,0,70,,23972,,,0,30,,23981,,,0,70,,23991,,,0,30,,24000,,,0,70,,23971,,,0,23,,23982,,,0,70,,23992,,,0,30,,24001,,,0,55,,23974,,,0,30,,23983,,,0,70,,23993,,,0,30,,24002,,,0,10,,23975,,,0,70,,23984,,,0,30,,23994,,,0,70,,24003,,,0,35,,23985,,,0
