5601,'Saturday',544,,40186,44,0,111,0,85,,40199,44,0,111,0,85,,40187,44,0,111,0,45,,40201,44,0,111,0,86,,40188,44,0,111,0,85,,40203,44,0,111,0,85,,40189,44,0,111,0,85,,40202,44,0,111,0,45,,40190,44,0,111,0,85,,40200,44,0,111,0,85,,40191,44,0,111,0,85,,40205,44,0,111,0,45,,40192,44,0,111,0,85,,40206,44,0,111,0,85,,40195,44,0,111,0,85,,40204,44,0,111,0,45,,40193,44,0,111,0,85,,40207,44,0,111,0,85,,40194,44,0,111,0,44,,40208,44,0,111,0,85,,40197,44,0,111,0,85,,40209,44,0,111,0,85,,40196,44,0,111,0,45,,40210,44,0,111,0,85,,40198,44,0,111,0
5601,'Sunday',544,,40211,44,0,111,0,85,,40225,44,0,111,0,85,,40212,44,0,111,0,45,,40226,44,0,111,0,86,,40213,44,0,111,0,85,,40227,44,0,111,0,85,,40214,44,0,111,0,85,,40224,44,0,111,0,45,,40215,44,0,111,0,85,,40228,44,0,111,0,85,,40217,44,0,111,0,85,,40229,44,0,111,0,45,,40216,44,0,111,0,85,,40230,44,0,111,0,85,,40218,44,0,111,0,85,,40231,44,0,111,0,45,,40219,44,0,111,0,85,,40233,44,0,111,0,85,,40220,44,0,111,0,44,,40232,44,0,111,0,85,,40221,44,0,111,0,85,,40234,44,0,111,0,85,,40222,44,0,111,0,45,,40235,44,0,111,0,85,,40223,44,0,111,0
5601,'Weekday',459,,40246,44,0,111,0,75,,40247,44,0,111,0,75,,40248,44,0,111,0,37,,40250,44,0,111,0,75,,40251,44,0,111,0,35,,40252,44,0,111,0,50,,40270,24,0,111,0,25,,40249,44,0,111,0,75,,40253,44,0,111,0,34,,40254,44,0,111,0,75,,40255,44,0,111,0,35,,40256,44,0,111,0,75,,40257,44,0,111,0,75,,40258,44,0,111,0,35,,40259,44,0,111,0,75,,40261,44,0,111,0,35,,40262,44,0,111,0,75,,40263,44,0,111,0,35,,40260,44,0,111,0,78,,40265,44,0,111,0,75,,40266,44,0,111,0,35,,40264,44,0,111,0,75,,40267,44,0,111,0,35,,40268,44,0,111,0,75,,40269,44,0,111,0,76,,40243,44,0,111,0,33,,40242,44,0,111,0,75,,40241,44,0,111,0,35,,40238,44,0,111,0,74,,40236,44,0,111,0,33,,40239,44,0,111,0,75,,40244,44,0,111,0,75,,40237,44,0,111,0,35,,40240,44,0,111,0,75,,40245,44,0,111,0
5601,'1CCSDCUT-Weekday',459,,40281,44,0,111,0,75,,40282,44,0,111,0,75,,40283,44,0,111,0,37,,40285,44,0,111,0,75,,40286,44,0,111,0,35,,40287,44,0,111,0,50,,40305,24,0,111,0,25,,40284,44,0,111,0,75,,40288,44,0,111,0,34,,40289,44,0,111,0,75,,40290,44,0,111,0,35,,40291,44,0,111,0,75,,40292,44,0,111,0,75,,40293,44,0,111,0,35,,40294,44,0,111,0,75,,40296,44,0,111,0,35,,40297,44,0,111,0,75,,40298,44,0,111,0,35,,40295,44,0,111,0,78,,40300,44,0,111,0,75,,40301,44,0,111,0,35,,40299,44,0,111,0,75,,40302,44,0,111,0,35,,40303,44,0,111,0,75,,40304,44,0,111,0,76,,40278,44,0,111,0,33,,40277,44,0,111,0,75,,40276,44,0,111,0,35,,40273,44,0,111,0,74,,40271,44,0,111,0,33,,40274,44,0,111,0,75,,40279,44,0,111,0,75,,40272,44,0,111,0,35,,40275,44,0,111,0,75,,40280,44,0,111,0
5601,'1PUBCUT-Weekday',459,,40316,44,0,111,0,75,,40317,44,0,111,0,75,,40318,44,0,111,0,37,,40320,44,0,111,0,75,,40321,44,0,111,0,35,,40322,44,0,111,0,50,,40340,24,0,111,0,25,,40319,44,0,111,0,75,,40323,44,0,111,0,34,,40324,44,0,111,0,75,,40325,44,0,111,0,35,,40326,44,0,111,0,75,,40327,44,0,111,0,75,,40328,44,0,111,0,35,,40329,44,0,111,0,75,,40331,44,0,111,0,35,,40332,44,0,111,0,75,,40333,44,0,111,0,35,,40330,44,0,111,0,78,,40335,44,0,111,0,75,,40336,44,0,111,0,35,,40334,44,0,111,0,75,,40337,44,0,111,0,35,,40338,44,0,111,0,75,,40339,44,0,111,0,76,,40313,44,0,111,0,33,,40312,44,0,111,0,75,,40311,44,0,111,0,35,,40308,44,0,111,0,74,,40306,44,0,111,0,33,,40309,44,0,111,0,75,,40314,44,0,111,0,75,,40307,44,0,111,0,35,,40310,44,0,111,0,75,,40315,44,0,111,0
77800,'Weekday',835,,68758,25,0,95 96 211,0
77800,'1CCSDCUT-Weekday',835,,68759,25,0,95 96 211,0
78601,'Weekday0000100',1233,,68802,3,4,,0
78601,'Weekday1111000',1553,,68803,3,4,,0
78601,'1CCSDCUT-Weekday0000100',1233,,68804,3,4,,0
78601,'1CCSDCUT-Weekday1111000',1553,,68805,3,4,,0
