7501,'Saturday',633,,44299,41,,,0,75,,44309,41,,,0,35,,44317,41,,,0,77,,44300,41,,,0,35,,44310,41,,,0,75,,44320,41,,,0,75,,44303,41,,,0,35,,44311,41,,,0,75,,44319,41,,,0,35,,44301,41,,,0,75,,44312,41,,,0,75,,44321,41,,,0,35,,44302,41,,,0,75,,44313,41,,,0,35,,44322,41,,,0,75,,44304,41,,,0,35,,44314,41,,,0,75,,44324,41,,,0,75,,44305,41,,,0,35,,44316,41,,,0,75,,44323,41,,,0,35,,44306,41,,,0,75,,44315,41,,,0,75,,44325,41,,,0,35,,44307,41,,,0,74,,44318,41,,,0,34,,44326,41,,,0,75,,44308,41,,,0,35,,44328,41,,,0,75,,44329,41,,,0,75,,44327,41,,,0
7501,'Sunday',633,,44332,41,,,0,75,,44339,41,,,0,35,,44349,41,,,0,77,,44330,41,,,0,35,,44342,41,,,0,75,,44350,41,,,0,75,,44331,41,,,0,35,,44341,41,,,0,75,,44351,41,,,0,35,,44333,41,,,0,75,,44343,41,,,0,75,,44352,41,,,0,35,,44335,41,,,0,75,,44344,41,,,0,35,,44353,41,,,0,75,,44334,41,,,0,35,,44345,41,,,0,75,,44354,41,,,0,75,,44337,41,,,0,35,,44347,41,,,0,75,,44355,41,,,0,35,,44336,41,,,0,75,,44346,41,,,0,75,,44357,41,,,0,35,,44338,41,,,0,74,,44348,41,,,0,34,,44356,41,,,0,75,,44340,41,,,0,35,,44360,41,,,0,75,,44359,41,,,0,75,,44358,41,,,0
7501,'Weekday',511,,44397,41,,,0,30,,44369,41,,,0,71,,44399,41,,,0,27,,44366,41,,,0,63,,44365,41,,,0,23,,44376,41,,,0,23,,44382,41,,,0,63,,44371,41,,,0,23,,44362,41,,,0,22,,44373,41,,,0,2,,44404,41,,,0,60,,44364,41,,,0,32,,44386,41,,,0,74,,44402,41,,,0,34,,44403,41,,,0,74,,44384,41,,,0,74,,44375,41,,,0,34,,44372,41,,,0,74,,44387,41,,,0,34,,44400,41,,,0,74,,44361,41,,,0,36,,44374,41,,,0,75,,44396,41,,,0,19,,44378,41,,,0,59,,44381,41,,,0,22,,44377,41,,,0,16,,44385,41,,,0,59,,44379,41,,,0,19,,44389,41,,,0,19,,44393,41,,,0,59,,44368,41,,,0,19,,44380,41,,,0,19,,44394,41,,,0,59,,44391,41,,,0,17,,44363,41,,,0,33,,44370,41,,,0,74,,44392,41,,,0,74,,44388,41,,,0,31,,44395,41,,,0,74,,44398,41,,,0,34,,44367,41,,,0,74,,44383,41,,,0,34,,44401,41,,,0,74,,44390,41,,,0
7501,'Weekday0000100',1338,,44405,13,,,0
7501,'1CCSDCUT-Weekday',511,,44442,41,,,0,30,,44414,41,,,0,71,,44444,41,,,0,27,,44411,41,,,0,63,,44410,41,,,0,23,,44421,41,,,0,23,,44427,41,,,0,63,,44416,41,,,0,23,,44407,41,,,0,22,,44418,41,,,0,2,,44449,41,,,0,60,,44409,41,,,0,32,,44431,41,,,0,74,,44447,41,,,0,34,,44448,41,,,0,74,,44429,41,,,0,74,,44420,41,,,0,34,,44417,41,,,0,74,,44432,41,,,0,34,,44445,41,,,0,74,,44406,41,,,0,36,,44419,41,,,0,75,,44441,41,,,0,19,,44423,41,,,0,59,,44426,41,,,0,22,,44422,41,,,0,16,,44430,41,,,0,59,,44424,41,,,0,19,,44434,41,,,0,19,,44438,41,,,0,59,,44413,41,,,0,19,,44425,41,,,0,19,,44439,41,,,0,59,,44436,41,,,0,17,,44408,41,,,0,33,,44415,41,,,0,74,,44437,41,,,0,74,,44433,41,,,0,31,,44440,41,,,0,74,,44443,41,,,0,34,,44412,41,,,0,74,,44428,41,,,0,34,,44446,41,,,0,74,,44435,41,,,0
7501,'1CCSDCUT-Weekday0000100',1338,,44450,13,,,0
7501,'1PUBCUT-Weekday',511,,44487,41,,,0,30,,44459,41,,,0,71,,44489,41,,,0,27,,44456,41,,,0,63,,44455,41,,,0,23,,44466,41,,,0,23,,44472,41,,,0,63,,44461,41,,,0,23,,44452,41,,,0,22,,44463,41,,,0,2,,44494,41,,,0,60,,44454,41,,,0,32,,44476,41,,,0,74,,44492,41,,,0,34,,44493,41,,,0,74,,44474,41,,,0,74,,44465,41,,,0,34,,44462,41,,,0,74,,44477,41,,,0,34,,44490,41,,,0,74,,44451,41,,,0,36,,44464,41,,,0,75,,44486,41,,,0,19,,44468,41,,,0,59,,44471,41,,,0,22,,44467,41,,,0,16,,44475,41,,,0,59,,44469,41,,,0,19,,44479,41,,,0,19,,44483,41,,,0,59,,44458,41,,,0,19,,44470,41,,,0,19,,44484,41,,,0,59,,44481,41,,,0,17,,44453,41,,,0,33,,44460,41,,,0,74,,44482,41,,,0,74,,44478,41,,,0,31,,44485,41,,,0,74,,44488,41,,,0,34,,44457,41,,,0,74,,44473,41,,,0,34,,44491,41,,,0,74,,44480,41,,,0
86401,'Weekday',829,,69075,25,0,17 18 19 1 21 22,0
86401,'1PUBCUT-Weekday',829,,69077,25,0,17 18 19 1 21 22,0
86601,'Weekday',825,,69099,20,0,17 18 19 1 20,0
86601,'1PUBCUT-Weekday',825,,69101,20,0,17 18 19 1 20,0
