8800,'STMPSa-Saturday',601,,108596,2,,,0,30,,108597,2,,,0,70,,108598,2,,,0,30,,108599,2,,,0,70,,108600,2,,,0,30,,108601,2,,,0,70,,108602,2,,,0,30,,108603,2,,,0,70,,108605,2,,,0,30,,108607,2,,,0,70,,108608,2,,,0,30,,108604,2,,,0,70,,108609,2,,,0,30,,108606,2,,,0,70,,108610,2,,,0,30,,108612,2,,,0,70,,108613,2,,,0,30,,108614,2,,,0,70,,108611,2,,,0,30,,108615,2,,,0,70,,108618,2,,,0,30,,108616,2,,,0,70,,108617,2,,,0,30,,108620,2,,,0,70,,108619,2,,,0,30,,108621,2,,,0,70,,108622,2,,,0,30,,108623,2,,,0,70,,108624,2,,,0,30,,108627,2,,,0,70,,108625,2,,,0,30,,108626,2,,,0
8800,'STMPSu2-Sunday',601,,108702,2,,,0,30,,108706,2,,,0,70,,108703,2,,,0,30,,108708,2,,,0,70,,108705,2,,,0,30,,108709,2,,,0,70,,108704,2,,,0,30,,108707,2,,,0,70,,108711,2,,,0,30,,108712,2,,,0,70,,108710,2,,,0,30,,108713,2,,,0,70,,108715,2,,,0,30,,108716,2,,,0,70,,108717,2,,,0,30,,108714,2,,,0,70,,108720,2,,,0,30,,108721,2,,,0,70,,108722,2,,,0,30,,108718,2,,,0,70,,108723,2,,,0,30,,108724,2,,,0,70,,108725,2,,,0,30,,108719,2,,,0,70,,108727,2,,,0,30,,108728,2,,,0,70,,108731,2,,,0,30,,108729,2,,,0,70,,108732,2,,,0,30,,108726,2,,,0,70,,108733,2,,,0,30,,108730,2,,,0
8800,'STMPWeek-Weekday',456,,108742,2,,,0,75,,108743,2,,,0,70,,108744,2,,,0,30,,108745,2,,,0,70,,108748,2,,,0,30,,108734,2,,,0,15,,108772,2,,,0,55,,108735,2,,,0,15,,108774,2,,,0,15,,108736,2,,,0,70,,108750,2,,,0,30,,108751,2,,,0,70,,108746,2,,,0,30,,108752,2,,,0,70,,108753,2,,,0,30,,108747,2,,,0,70,,108754,2,,,0,30,,108749,2,,,0,70,,108755,2,,,0,30,,108756,2,,,0,70,,108757,2,,,0,30,,108758,2,,,0,70,,108737,2,,,0,30,,108738,2,,,0,15,,108775,2,,,0,55,,108739,2,,,0,15,,108773,2,,,0,15,,108740,2,,,0,70,,108741,2,,,0,30,,108760,2,,,0,70,,108759,2,,,0,30,,108761,2,,,0,70,,108762,2,,,0,30,,108763,2,,,0,70,,108764,2,,,0,30,,108765,2,,,0,70,,108767,2,,,0,30,,108768,2,,,0,70,,108770,2,,,0,30,,108771,2,,,0,70,,108769,2,,,0,30,,108766,2,,,0
10900,'STMPWeek-Weekday',1635,,117626,13,,,0,75,,117627,13,,,0
11400,'STMPSa-Saturday',545,,118494,27,,,0,71,,118483,27,,,0,84,,118501,27,,,0,40,,118484,27,,,0,80,,118503,27,,,0,80,,118492,27,,,0,40,,118504,27,,,0,80,,118495,27,,,0,80,,118485,27,,,0,40,,118496,27,,,0,81,,118487,27,,,0,80,,118502,27,,,0,40,,118486,27,,,0,80,,118505,27,,,0,80,,118488,27,,,0,40,,118506,27,,,0,80,,118497,27,,,0,80,,118489,27,,,0,40,,118499,27,,,0,79,,118491,27,,,0,80,,118507,27,,,0,40,,118490,27,,,0,80,,118508,27,,,0,80,,118500,27,,,0,40,,118509,27,,,0,80,,118498,27,,,0,80,,118493,27,,,0,50,,118510,27,,,0
11400,'STMPSu2-Sunday',545,,118588,27,,,0,71,,118575,27,,,0,84,,118589,27,,,0,40,,118576,27,,,0,80,,118590,27,,,0,80,,118577,27,,,0,40,,118591,27,,,0,80,,118578,27,,,0,80,,118592,27,,,0,40,,118579,27,,,0,81,,118593,27,,,0,80,,118580,27,,,0,40,,118594,27,,,0,80,,118581,27,,,0,80,,118595,27,,,0,40,,118582,27,,,0,80,,118596,27,,,0,80,,118583,27,,,0,40,,118597,27,,,0,79,,118584,27,,,0,80,,118598,27,,,0,40,,118585,27,,,0,80,,118599,27,,,0,80,,118586,27,,,0,40,,118600,27,,,0,80,,118587,27,,,0,80,,118602,27,,,0,50,,118601,27,,,0
11400,'STMPWeek-Weekday',452,,118638,2,,,0,78,,118603,27,,,0,76,,118620,27,,,0,30,,118612,27,,,0,72,,118604,27,,,0,30,,118621,27,,,0,70,,118613,27,,,0,30,,118605,27,,,0,69,,118623,27,,,0,28,,118614,27,,,0,70,,118606,27,,,0,30,,118622,27,,,0,70,,118615,27,,,0,30,,118608,27,,,0,70,,118624,27,,,0,30,,118617,27,,,0,70,,118607,27,,,0,30,,118625,27,,,0,70,,118616,27,,,0,30,,118609,27,,,0,70,,118626,27,,,0,31,,118618,27,,,0,70,,118610,27,,,0,30,,118628,27,,,0,70,,118619,27,,,0,30,,118611,27,,,0,70,,118627,27,,,0,28,,118629,27,,,0,80,,118633,27,,,0,42,,118634,27,,,0,82,,118630,27,,,0,82,,118636,27,,,0,82,,118635,27,,,0,42,,118637,27,,,0,82,,118631,27,,,0,82,,118632,27,,,0
30000,'STMPSa-Saturday',513,,134334,15,,,0,30,,134345,15,,,0,70,,134353,15,,,0,31,,134336,15,,,0,72,,134344,15,,,0,31,,134352,15,,,0,71,,134335,15,,,0,32,,134346,15,,,0,73,,134354,15,,,0,33,,134337,15,,,0,74,,134348,15,,,0,73,,134355,15,,,0,33,,134338,15,,,0,73,,134347,15,,,0,33,,134356,15,,,0,73,,134340,15,,,0,33,,134358,15,,,0,73,,134341,15,,,0,33,,134349,15,,,0,73,,134357,15,,,0,73,,134339,15,,,0,33,,134350,15,,,0,73,,134359,15,,,0,33,,134343,15,,,0,73,,134360,15,,,0,33,,134342,15,,,0,73,,134351,15,,,0,33,,134361,15,,,0,73,,134362,15,,,0,33,,134363,15,,,0,72,,134364,15,,,0,71,,134365,15,,,0,32,,134366,15,,,0,72,,134368,15,,,0,32,,134367,15,,,0,72,,134369,15,,,0
30000,'STMPSu2-Sunday',513,,134502,15,,,0,30,,134503,15,,,0,70,,134501,15,,,0,31,,134500,15,,,0,72,,134498,15,,,0,31,,134499,15,,,0,71,,134496,15,,,0,32,,134497,15,,,0,73,,134495,15,,,0,33,,134494,15,,,0,74,,134492,15,,,0,73,,134493,15,,,0,33,,134489,15,,,0,73,,134491,15,,,0,33,,134490,15,,,0,73,,134488,15,,,0,33,,134486,15,,,0,73,,134487,15,,,0,33,,134485,15,,,0,73,,134483,15,,,0,73,,134481,15,,,0,33,,134482,15,,,0,73,,134484,15,,,0,33,,134478,15,,,0,73,,134480,15,,,0,33,,134477,15,,,0,73,,134479,15,,,0,33,,134474,15,,,0,73,,134475,15,,,0,33,,134476,15,,,0,72,,134472,15,,,0,71,,134473,15,,,0,32,,134468,15,,,0,72,,134469,15,,,0,32,,134466,15,,,0,72,,134470,15,,,0
30000,'STMPWeek-Weekday',459,,134505,15,,,0,63,,134539,15,,,0,23,,134540,15,,,0,62,,134541,15,,,0,21,,134543,15,,,0,23,,134544,15,,,0,65,,134545,15,,,0,24,,134542,15,,,0,72,,134546,15,,,0,26,,134547,15,,,0,66,,134548,15,,,0,26,,134549,15,,,0,28,,134550,15,,,0,64,,134551,15,,,0,25,,134552,15,,,0,65,,134523,15,,,0,27,,134513,15,,,0,66,,134524,15,,,0,25,,134528,15,,,0,25,,134514,15,,,0,66,,134525,15,,,0,26,,134529,15,,,0,67,,134515,15,,,0,28,,134526,15,,,0,67,,134533,15,,,0,26,,134516,15,,,0,67,,134536,15,,,0,29,,134527,15,,,0,69,,134537,15,,,0,27,,134518,15,,,0,28,,134508,15,,,0,65,,134534,15,,,0,23,,134517,15,,,0,64,,134535,15,,,0,24,,134553,15,,,0,24,,134538,15,,,0,64,,134510,15,,,0,24,,134520,15,,,0,64,,134509,15,,,0,22,,134530,15,,,0,24,,134521,15,,,0,64,,134511,15,,,0,24,,134531,15,,,0,63,,134522,15,,,0,23,,134512,15,,,0,24,,134532,15,,,0,64,,134519,15,,,0,23,,134507,15,,,0,63,,134554,15,,,0
30100,'STMPSa-Saturday',701,,135234,12,,,0,19,,135248,12,,,0,16,,135260,12,,,0,16,,135273,12,,,0,56,,135286,12,,,0,16,,135235,12,,,0,16,,135247,12,,,0,16,,135261,12,,,0,56,,135274,12,,,0,16,,135287,12,,,0,16,,135236,12,,,0,56,,135249,12,,,0,18,,135262,12,,,0,18,,135275,12,,,0,16,,135289,12,,,0,56,,135237,12,,,0,16,,135250,12,,,0,16,,135264,12,,,0,16,,135276,12,,,0,56,,135288,12,,,0,20,,135238,12,,,0,16,,135251,12,,,0,56,,135263,12,,,0,16,,135277,12,,,0,16,,135290,12,,,0,16,,135239,12,,,0,56,,135253,12,,,0,16,,135265,12,,,0,16,,135278,12,,,0,16,,135291,12,,,0,56,,135241,12,,,0,16,,135252,12,,,0,16,,135268,12,,,0,56,,135279,12,,,0,16,,135292,12,,,0,16,,135242,12,,,0,16,,135254,12,,,0,56,,135266,12,,,0,16,,135280,12,,,0,16,,135293,12,,,0,16,,135243,12,,,0,56,,135255,12,,,0,16,,135267,12,,,0,15,,135281,12,,,0,13,,135294,12,,,0,56,,135240,12,,,0,15,,135256,12,,,0,16,,135269,12,,,0,16,,135282,12,,,0,56,,135295,12,,,0,16,,135244,12,,,0,16,,135257,12,,,0,15,,135270,12,,,0,56,,135284,12,,,0,16,,135296,12,,,0,16,,135246,12,,,0,56,,135258,12,,,0,15,,135271,12,,,0,16,,135283,12,,,0,16,,135298,12,,,0,56,,135245,12,,,0,16,,135259,12,,,0,16,,135272,12,,,0,16,,135285,12,,,0,55,,135297,12,,,0,15,,135300,12,,,0,20,,135233,12,,,0,65,,135299,12,,,0,35,,135301,12,,,0
30100,'STMPSu2-Sunday',701,,135483,12,,,0,19,,135496,12,,,0,16,,135509,12,,,0,16,,135520,12,,,0,56,,135532,12,,,0,16,,135482,12,,,0,16,,135494,12,,,0,16,,135508,12,,,0,56,,135522,12,,,0,16,,135536,12,,,0,16,,135485,12,,,0,56,,135497,12,,,0,18,,135511,12,,,0,18,,135521,12,,,0,16,,135535,12,,,0,56,,135484,12,,,0,16,,135499,12,,,0,16,,135512,12,,,0,16,,135523,12,,,0,56,,135537,12,,,0,20,,135486,12,,,0,16,,135500,12,,,0,56,,135513,12,,,0,16,,135524,12,,,0,16,,135533,12,,,0,16,,135487,12,,,0,56,,135501,12,,,0,16,,135510,12,,,0,16,,135525,12,,,0,16,,135538,12,,,0,56,,135488,12,,,0,16,,135498,12,,,0,16,,135515,12,,,0,56,,135526,12,,,0,16,,135534,12,,,0,16,,135489,12,,,0,16,,135502,12,,,0,56,,135516,12,,,0,16,,135527,12,,,0,16,,135543,12,,,0,16,,135490,12,,,0,56,,135503,12,,,0,16,,135514,12,,,0,15,,135529,12,,,0,13,,135542,12,,,0,56,,135491,12,,,0,15,,135505,12,,,0,16,,135517,12,,,0,16,,135528,12,,,0,56,,135540,12,,,0,16,,135492,12,,,0,16,,135504,12,,,0,15,,135519,12,,,0,56,,135530,12,,,0,16,,135541,12,,,0,16,,135493,12,,,0,56,,135506,12,,,0,15,,135518,12,,,0,16,,135531,12,,,0,16,,135539,12,,,0,56,,135495,12,,,0,16,,135507,12,,,0,16,,135545,12,,,0,16,,135544,12,,,0,55,,135546,12,,,0,15,,135547,12,,,0,20,,135549,12,,,0,65,,135548,12,,,0,35,,135550,12,,,0
30100,'STMPWeek-Weekday',544,,135566,12,,,0,60,,135551,12,,,0,20,,135557,12,,,0,20,,135577,12,,,0,60,,135579,12,,,0,5,,135625,12,,,0,5,,135581,12,,,0,5,,135627,12,,,0,5,,135567,12,,,0,5,,135628,12,,,0,5,,135592,12,,,0,5,,135626,12,,,0,5,,135552,12,,,0,5,,135623,12,,,0,5,,135558,12,,,0,5,,135629,12,,,0,45,,135597,12,,,0,5,,135624,12,,,0,7,,135578,12,,,0,8,,135601,12,,,0,10,,135580,12,,,0,10,,135582,12,,,0,5,,135639,12,,,0,5,,135568,12,,,0,50,,135591,12,,,0,10,,135553,12,,,0,14,,135642,12,,,0,14,,135643,12,,,0,14,,135650,12,,,0,54,,135659,12,,,0,14,,135645,12,,,0,14,,135653,12,,,0,14,,135648,12,,,0,54,,135660,12,,,0,14,,135652,12,,,0,14,,135658,12,,,0,14,,135647,12,,,0,54,,135654,12,,,0,14,,135649,12,,,0,14,,135661,12,,,0,14,,135651,12,,,0,14,,135657,12,,,0,54,,135646,12,,,0,14,,135655,12,,,0,14,,135656,12,,,0,15,,135644,12,,,0,53,,135602,12,,,0,15,,135583,12,,,0,12,,135569,12,,,0,12,,135593,12,,,0,12,,135554,12,,,0,52,,135559,12,,,0,10,,135616,12,,,0,10,,135598,12,,,0,5,,135618,12,,,0,5,,135603,12,,,0,5,,135620,12,,,0,5,,135584,12,,,0,5,,135619,12,,,0,46,,135611,12,,,0,5,,135640,12,,,0,6,,135571,12,,,0,5,,135641,12,,,0,6,,135595,12,,,0,10,,135555,12,,,0,5,,135621,12,,,0,5,,135560,12,,,0,5,,135617,12,,,0,5,,135612,12,,,0,5,,135622,12,,,0,45,,135599,12,,,0,5,,135631,12,,,0,5,,135604,12,,,0,5,,135632,12,,,0,5,,135614,12,,,0,4,,135630,12,,,0,5,,135586,12,,,0,4,,135633,12,,,0,5,,135613,12,,,0,5,,135634,12,,,0,5,,135570,12,,,0,5,,135637,12,,,0,45,,135594,12,,,0,5,,135638,12,,,0,5,,135556,12,,,0,10,,135561,12,,,0,10,,135610,12,,,0,9,,135600,12,,,0,8,,135605,12,,,0,10,,135615,12,,,0,52,,135585,12,,,0,12,,135572,12,,,0,12,,135596,12,,,0,12,,135563,12,,,0,60,,135606,12,,,0,20,,135587,12,,,0,20,,135573,12,,,0,60,,135562,12,,,0,20,,135607,12,,,0,20,,135588,12,,,0,60,,135574,12,,,0,20,,135564,12,,,0,20,,135608,12,,,0,60,,135589,12,,,0,20,,135575,12,,,0,22,,135565,12,,,0,61,,135609,12,,,0,19,,135590,12,,,0,18,,135576,12,,,0,65,,135636,12,,,0,35,,135635,12,,,0
40500,'STMPSa-Saturday',1001,,142761,10,,,0,15,,142772,10,,,0,15,,142783,10,,,0,15,,142794,10,,,0,55,,142804,10,,,0,15,,142814,10,,,0,15,,142762,10,,,0,15,,142773,10,,,0,55,,142784,10,,,0,16,,142795,10,,,0,17,,142805,10,,,0,13,,142815,10,,,0,53,,142763,10,,,0,14,,142774,10,,,0,15,,142785,10,,,0,15,,142796,10,,,0,15,,142806,10,,,0,55,,142816,10,,,0,15,,142764,10,,,0,15,,142775,10,,,0,15,,142786,10,,,0,55,,142797,10,,,0,15,,142807,10,,,0,15,,142817,10,,,0,15,,142765,10,,,0,55,,142776,10,,,0,15,,142787,10,,,0,15,,142798,10,,,0,15,,142808,10,,,0,55,,142818,10,,,0,15,,142766,10,,,0,15,,142777,10,,,0,15,,142788,10,,,0,55,,142799,10,,,0,15,,142809,10,,,0,15,,142819,10,,,0,15,,142767,10,,,0,55,,142778,10,,,0,15,,142789,10,,,0,15,,142800,10,,,0,15,,142810,10,,,0,55,,142820,10,,,0,15,,142768,10,,,0,15,,142779,10,,,0,15,,142790,10,,,0,55,,142801,10,,,0,15,,142811,10,,,0,15,,142821,10,,,0,15,,142769,10,,,0,55,,142780,10,,,0,15,,142791,10,,,0,15,,142802,10,,,0,15,,142812,10,,,0,55,,142822,10,,,0,15,,142770,10,,,0,15,,142781,10,,,0,15,,142792,10,,,0,55,,142803,10,,,0,15,,142813,10,,,0,15,,142823,10,,,0,15,,142771,10,,,0,55,,142782,10,,,0,15,,142793,10,,,0
40500,'STMPSu2-Sunday',1001,,142927,10,,,0,15,,142938,10,,,0,15,,142949,10,,,0,15,,142960,10,,,0,55,,142970,10,,,0,15,,142980,10,,,0,15,,142928,10,,,0,15,,142939,10,,,0,55,,142950,10,,,0,16,,142961,10,,,0,17,,142971,10,,,0,13,,142981,10,,,0,53,,142929,10,,,0,14,,142940,10,,,0,15,,142951,10,,,0,15,,142962,10,,,0,15,,142972,10,,,0,55,,142982,10,,,0,15,,142930,10,,,0,15,,142941,10,,,0,15,,142952,10,,,0,55,,142963,10,,,0,15,,142973,10,,,0,15,,142983,10,,,0,15,,142931,10,,,0,55,,142942,10,,,0,15,,142953,10,,,0,15,,142964,10,,,0,15,,142974,10,,,0,55,,142984,10,,,0,15,,142932,10,,,0,15,,142943,10,,,0,15,,142954,10,,,0,55,,142965,10,,,0,15,,142975,10,,,0,15,,142985,10,,,0,15,,142933,10,,,0,55,,142944,10,,,0,15,,142955,10,,,0,15,,142966,10,,,0,15,,142976,10,,,0,55,,142986,10,,,0,15,,142934,10,,,0,15,,142945,10,,,0,15,,142956,10,,,0,55,,142967,10,,,0,15,,142977,10,,,0,15,,142987,10,,,0,15,,142935,10,,,0,55,,142946,10,,,0,15,,142957,10,,,0,15,,142968,10,,,0,15,,142978,10,,,0,55,,142988,10,,,0,15,,142936,10,,,0,15,,142947,10,,,0,15,,142958,10,,,0,55,,142969,10,,,0,15,,142979,10,,,0,15,,142989,10,,,0,15,,142937,10,,,0,55,,142948,10,,,0,15,,142959,10,,,0
40500,'STMPWeek-Weekday',1011,,143031,10,,,0,15,,142990,10,,,0,15,,143001,10,,,0,15,,143011,10,,,0,51,,143021,10,,,0,10,,143042,10,,,0,15,,143032,10,,,0,15,,142991,10,,,0,55,,143002,10,,,0,15,,143012,10,,,0,15,,143022,10,,,0,15,,143043,10,,,0,55,,143033,10,,,0,15,,142992,10,,,0,15,,143003,10,,,0,15,,143013,10,,,0,55,,143023,10,,,0,15,,143044,10,,,0,15,,143034,10,,,0,15,,142993,10,,,0,56,,143004,10,,,0,18,,143014,10,,,0,17,,143024,10,,,0,15,,143045,10,,,0,55,,143035,10,,,0,15,,142994,10,,,0,15,,143005,10,,,0,15,,143015,10,,,0,55,,143025,10,,,0,15,,143046,10,,,0,15,,143036,10,,,0,15,,143047,10,,,0,55,,142995,10,,,0,14,,143006,10,,,0,14,,143016,10,,,0,9,,143026,10,,,0,13,,143037,10,,,0,55,,143048,10,,,0,15,,142996,10,,,0,15,,143007,10,,,0,15,,143017,10,,,0,55,,143027,10,,,0,15,,143038,10,,,0,15,,143049,10,,,0,15,,142997,10,,,0,55,,143008,10,,,0,15,,143018,10,,,0,15,,143028,10,,,0,15,,143039,10,,,0,55,,143050,10,,,0,15,,142998,10,,,0,15,,143009,10,,,0,15,,143019,10,,,0,55,,143029,10,,,0,15,,143040,10,,,0,15,,143051,10,,,0,15,,142999,10,,,0,55,,143010,10,,,0,15,,143020,10,,,0,15,,143030,10,,,0,15,,143041,10,,,0,55,,143052,10,,,0,15,,143000,10,,,0
40500,'STMPWeek-Weekday0010000',729,,143057,10,,,0,15,,143059,10,,,0,10,,143053,10,,,0,50,,143061,10,,,0,10,,143063,10,,,0,10,,143066,10,,,0,10,,143055,10,,,0,10,,143065,10,,,0,10,,143056,10,,,0,49,,143058,10,,,0,10,,143060,10,,,0,9,,143054,10,,,0,10,,143062,10,,,0,10,,143064,10,,,0,14,,143067,10,,,0
