13800,'Saturday',608,,18111,29,,,0,40,,18087,29,,,0,80,,18085,29,,,0,80,,18088,29,,,0,40,,18090,29,,,0,80,,18091,29,,,0,80,,18086,29,,,0,40,,18089,29,,,0,80,,18093,29,,,0,81,,18094,29,,,0,40,,18092,29,,,0,81,,18095,29,,,0,80,,18096,29,,,0,40,,18097,29,,,0,80,,18098,29,,,0,80,,18099,29,,,0,40,,18101,29,,,0,80,,18102,29,,,0,78,,18103,29,,,0,40,,18100,29,,,0,80,,18104,29,,,0,80,,18105,29,,,0,40,,18106,29,,,0,80,,18107,29,,,0,80,,18108,29,,,0,40,,18109,29,,,0,80,,18110,29,,,0,80,,18112,29,,,0
13800,'Sunday',608,,18131,29,,,0,40,,18113,29,,,0,80,,18122,29,,,0,80,,18132,29,,,0,40,,18114,29,,,0,80,,18123,29,,,0,80,,18133,29,,,0,40,,18115,29,,,0,80,,18124,29,,,0,82,,18134,29,,,0,40,,18117,29,,,0,81,,18125,29,,,0,80,,18135,29,,,0,40,,18116,29,,,0,80,,18126,29,,,0,80,,18136,29,,,0,40,,18118,29,,,0,80,,18127,29,,,0,78,,18137,29,,,0,39,,18119,29,,,0,80,,18129,29,,,0,80,,18138,29,,,0,40,,18120,29,,,0,80,,18128,29,,,0,80,,18139,29,,,0,40,,18121,29,,,0,80,,18130,29,,,0
13800,'Weekday',504,,18146,29,,,0,36,,18157,29,,,0,70,,18164,29,,,0,30,,18140,29,,,0,71,,18147,29,,,0,30,,18158,29,,,0,70,,18165,29,,,0,32,,18142,29,,,0,70,,18148,29,,,0,31,,18159,29,,,0,70,,18166,29,,,0,28,,18141,29,,,0,70,,18149,29,,,0,30,,18160,29,,,0,70,,18167,29,,,0,30,,18143,29,,,0,70,,18150,29,,,0,30,,18161,29,,,0,70,,18168,29,,,0,32,,18144,29,,,0,70,,18151,29,,,0,16,,18179,29,,,0,15,,18162,29,,,0,72,,18169,29,,,0,32,,18145,29,,,0,70,,18152,29,,,0,30,,18163,29,,,0,70,,18170,29,,,0,27,,18153,29,,,0,65,,18171,29,,,0,30,,18174,29,,,0,70,,18154,29,,,0,30,,18177,29,,,0,70,,18172,29,,,0,29,,18175,29,,,0,70,,18155,29,,,0,30,,18178,29,,,0,70,,18173,29,,,0,30,,18176,29,,,0,70,,18156,29,,,0
77200,'Weekday0000100',1350,,23929,2,0,185 186 94,0
77200,'Weekday1111000',1515,,23930,2,0,185 186 94,0
77201,'Weekday',743,,23931,1,0,185 186 94,0
81200,'Weekday',808,,24018,1,0,12 13 146 147 148,0
81201,'Weekday0000100',1511,,24019,27,4,,0
81201,'Weekday1111000',1611,,24020,27,4,,0
81601,'Weekday0000100',1501,,24031,2,4,,0
81601,'Weekday1111000',1601,,24032,2,4,,0
