9801,'Saturday',601,,50524,12,,,0,35,,50525,12,,,0,75,,50527,12,,,0,35,,50526,12,,,0,75,,50529,12,,,0,35,,50530,12,,,0,75,,50528,12,,,0,75,,50531,12,,,0,35,,50532,12,,,0,75,,50533,12,,,0,35,,50534,12,,,0,75,,50535,12,,,0,75,,50536,12,,,0,35,,50537,12,,,0,75,,50538,12,,,0,35,,50539,12,,,0,75,,50540,12,,,0,35,,50541,12,,,0,75,,50542,12,,,0,75,,50543,12,,,0,35,,50544,12,,,0,75,,50545,12,,,0,35,,50547,12,,,0,75,,50546,12,,,0,75,,50548,12,,,0,35,,50549,12,,,0,75,,50551,12,,,0,35,,50550,12,,,0,75,,50553,12,,,0,35,,50552,12,,,0
9801,'Sunday',820,,50554,12,,,0,35,,50555,12,,,0,75,,50556,12,,,0,75,,50557,12,,,0,35,,50558,12,,,0,75,,50560,12,,,0,35,,50559,12,,,0,75,,50561,12,,,0,75,,50562,12,,,0,35,,50563,12,,,0,75,,50564,12,,,0,35,,50565,12,,,0,75,,50566,12,,,0,35,,50567,12,,,0,75,,50568,12,,,0,75,,50569,12,,,0,35,,50570,12,,,0,75,,50572,12,,,0,35,,50571,12,,,0,75,,50573,12,,,0,75,,50574,12,,,0,35,,50575,12,,,0,75,,50576,12,,,0,35,,50577,12,,,0,75,,50578,12,,,0,35,,50579,12,,,0
9801,'Weekday',444,,50582,12,,,0,73,,50583,12,,,0,33,,50600,12,,,0,75,,50584,12,,,0,33,,50601,12,,,0,73,,50585,12,,,0,73,,50602,12,,,0,27,,50580,12,,,0,6,,50586,12,,,0,71,,50603,12,,,0,33,,50587,12,,,0,73,,50604,12,,,0,33,,50588,12,,,0,73,,50605,12,,,0,33,,50589,12,,,0,73,,50606,12,,,0,33,,50590,12,,,0,73,,50607,12,,,0,73,,50591,12,,,0,33,,50608,12,,,0,75,,50592,12,,,0,34,,50609,12,,,0,57,,50581,12,,,0,16,,50593,12,,,0,33,,50610,12,,,0,73,,50594,12,,,0,32,,50611,12,,,0,72,,50595,12,,,0,72,,50612,12,,,0,33,,50596,12,,,0,73,,50613,12,,,0,33,,50597,12,,,0,73,,50614,12,,,0,33,,50598,12,,,0,73,,50615,12,,,0,33,,50599,12,,,0,73,,50616,12,,,0
9801,'Weekday0000100',1345,,50617,12,,,0
9801,'Weekday1111000',1608,,50618,12,,,0
9801,'1CCSDCUT-Weekday',444,,50621,12,,,0,73,,50622,12,,,0,33,,50639,12,,,0,75,,50623,12,,,0,33,,50640,12,,,0,73,,50624,12,,,0,73,,50641,12,,,0,27,,50619,12,,,0,6,,50625,12,,,0,71,,50642,12,,,0,33,,50626,12,,,0,73,,50643,12,,,0,33,,50627,12,,,0,73,,50644,12,,,0,33,,50628,12,,,0,73,,50645,12,,,0,33,,50629,12,,,0,73,,50646,12,,,0,73,,50630,12,,,0,33,,50647,12,,,0,75,,50631,12,,,0,34,,50648,12,,,0,57,,50620,12,,,0,16,,50632,12,,,0,33,,50649,12,,,0,73,,50633,12,,,0,32,,50650,12,,,0,72,,50634,12,,,0,72,,50651,12,,,0,33,,50635,12,,,0,73,,50652,12,,,0,33,,50636,12,,,0,73,,50653,12,,,0,33,,50637,12,,,0,73,,50654,12,,,0,33,,50638,12,,,0,73,,50655,12,,,0
9801,'1CCSDCUT-Weekday0000100',1345,,50656,12,,,0
9801,'1CCSDCUT-Weekday1111000',1608,,50657,12,,,0
9801,'1PUBCUT-Weekday',444,,50660,12,,,0,73,,50661,12,,,0,33,,50678,12,,,0,75,,50662,12,,,0,33,,50679,12,,,0,73,,50663,12,,,0,73,,50680,12,,,0,27,,50658,12,,,0,6,,50664,12,,,0,71,,50681,12,,,0,33,,50665,12,,,0,73,,50682,12,,,0,33,,50666,12,,,0,73,,50683,12,,,0,33,,50667,12,,,0,73,,50684,12,,,0,33,,50668,12,,,0,73,,50685,12,,,0,73,,50669,12,,,0,33,,50686,12,,,0,75,,50670,12,,,0,34,,50687,12,,,0,57,,50659,12,,,0,16,,50671,12,,,0,33,,50688,12,,,0,73,,50672,12,,,0,32,,50689,12,,,0,72,,50673,12,,,0,72,,50690,12,,,0,33,,50674,12,,,0,73,,50691,12,,,0,33,,50675,12,,,0,73,,50692,12,,,0,33,,50676,12,,,0,73,,50693,12,,,0,33,,50677,12,,,0,73,,50694,12,,,0
11100,'Saturday',624,,53034,8,,,0,85,,53036,8,,,0,45,,53035,8,,,0,85,,53037,8,,,0,85,,53033,8,,,0,85,,53038,8,,,0,45,,53039,8,,,0,85,,53041,8,,,0,85,,53040,8,,,0,85,,53042,8,,,0,45,,53043,8,,,0,85,,53044,8,,,0,85,,53047,8,,,0,85,,53045,8,,,0,45,,53048,8,,,0,85,,53046,8,,,0,85,,53049,8,,,0,85,,53051,8,,,0,45,,53050,8,,,0,85,,53052,8,,,0,85,,53053,8,,,0
11100,'Sunday',624,,53054,8,,,0,85,,53058,8,,,0,45,,53060,8,,,0,85,,53056,8,,,0,85,,53057,8,,,0,85,,53062,8,,,0,45,,53063,8,,,0,85,,53059,8,,,0,85,,53061,8,,,0,85,,53064,8,,,0,45,,53066,8,,,0,85,,53067,8,,,0,85,,53068,8,,,0,85,,53065,8,,,0,45,,53069,8,,,0,85,,53071,8,,,0,85,,53073,8,,,0,85,,53070,8,,,0,45,,53074,8,,,0,85,,53072,8,,,0,85,,53055,8,,,0
11100,'Weekday',549,,53075,8,,,0,70,,53083,8,,,0,30,,53077,8,,,0,70,,53084,8,,,0,30,,53076,8,,,0,70,,53085,8,,,0,30,,53103,8,,,0,70,,53086,8,,,0,30,,53104,8,,,0,70,,53087,8,,,0,30,,53105,8,,,0,70,,53088,8,,,0,30,,53106,8,,,0,70,,53089,8,,,0,30,,53107,8,,,0,70,,53090,8,,,0,30,,53108,8,,,0,70,,53091,8,,,0,30,,53078,8,,,0,70,,53092,8,,,0,30,,53079,8,,,0,70,,53093,8,,,0,15,,53102,8,,,0,15,,53080,8,,,0,70,,53095,8,,,0,30,,53081,8,,,0,70,,53094,8,,,0,30,,53082,8,,,0,70,,53096,8,,,0,90,,53097,8,,,0,50,,53099,8,,,0,90,,53098,8,,,0,90,,53100,8,,,0,90,,53101,8,,,0
11100,'1CCSDCUT-Weekday',549,,53109,8,,,0,70,,53117,8,,,0,30,,53111,8,,,0,70,,53118,8,,,0,30,,53110,8,,,0,70,,53119,8,,,0,30,,53137,8,,,0,70,,53120,8,,,0,30,,53138,8,,,0,70,,53121,8,,,0,30,,53139,8,,,0,70,,53122,8,,,0,30,,53140,8,,,0,70,,53123,8,,,0,30,,53141,8,,,0,70,,53124,8,,,0,30,,53142,8,,,0,70,,53125,8,,,0,30,,53112,8,,,0,70,,53126,8,,,0,30,,53113,8,,,0,70,,53127,8,,,0,15,,53136,8,,,0,15,,53114,8,,,0,70,,53129,8,,,0,30,,53115,8,,,0,70,,53128,8,,,0,30,,53116,8,,,0,70,,53130,8,,,0,90,,53131,8,,,0,50,,53133,8,,,0,90,,53132,8,,,0,90,,53134,8,,,0,90,,53135,8,,,0
11100,'1PUBCUT-Weekday',549,,53143,8,,,0,70,,53151,8,,,0,30,,53145,8,,,0,70,,53152,8,,,0,30,,53144,8,,,0,70,,53153,8,,,0,30,,53171,8,,,0,70,,53154,8,,,0,30,,53172,8,,,0,70,,53155,8,,,0,30,,53173,8,,,0,70,,53156,8,,,0,30,,53174,8,,,0,70,,53157,8,,,0,30,,53175,8,,,0,70,,53158,8,,,0,30,,53176,8,,,0,70,,53159,8,,,0,30,,53146,8,,,0,70,,53160,8,,,0,30,,53147,8,,,0,70,,53161,8,,,0,15,,53170,8,,,0,15,,53148,8,,,0,70,,53163,8,,,0,30,,53149,8,,,0,70,,53162,8,,,0,30,,53150,8,,,0,70,,53164,8,,,0,90,,53165,8,,,0,50,,53167,8,,,0,90,,53166,8,,,0,90,,53168,8,,,0,90,,53169,8,,,0
69901,'Weekday',748,,68347,8,0,115 116,0
69901,'1CCSDCUT-Weekday',748,,68348,8,0,115 116,0
69901,'1PUBCUT-Weekday',748,,68349,8,0,115 116,0
