2200,'CUT-Weekday',528,,7576,,,0,28,,7590,,,0,69,,7600,,,0,28,,7577,,,0,68,,7591,,,0,28,,7601,,,0,68,,7578,,,0,28,,7592,,,0,68,,7602,,,0,28,,7579,,,0,68,,7593,,,0,28,,7603,,,0,68,,7580,,,0,28,,7594,,,0,68,,7604,,,0,28,,7581,,,0,28,,7595,,,0,68,,7605,,,0,28,,7582,,,0,68,,7596,,,0,28,,7607,,,0,68,,7583,,,0,28,,7597,,,0,68,,7606,,,0,28,,7584,,,0,68,,7598,,,0,28,,7608,,,0,68,,7585,,,0,24,,7599,,,0,27,,7609,,,0,76,,7586,,,0,76,,7610,,,0,36,,7587,,,0,76,,7611,,,0,36,,7588,,,0,76,,7612,,,0,76,,7589,,,0,45,,7613,,,0
2200,'Saturday',619,,7614,,,0,37,,7628,,,0,78,,7615,,,0,78,,7629,,,0,38,,7616,,,0,78,,7630,,,0,79,,7617,,,0,35,,7631,,,0,78,,7633,,,0,38,,7618,,,0,78,,7635,,,0,78,,7620,,,0,38,,7634,,,0,78,,7619,,,0,78,,7636,,,0,38,,7632,,,0,78,,7637,,,0,78,,7622,,,0,38,,7639,,,0,76,,7621,,,0,37,,7623,,,0,78,,7624,,,0,78,,7638,,,0,38,,7625,,,0,78,,7640,,,0,78,,7626,,,0,38,,7641,,,0,73,,7627,,,0
2200,'Sunday',620,,7642,,,0,38,,7655,,,0,78,,7643,,,0,78,,7657,,,0,38,,7644,,,0,78,,7658,,,0,79,,7646,,,0,38,,7659,,,0,78,,7645,,,0,78,,7660,,,0,38,,7647,,,0,78,,7663,,,0,38,,7649,,,0,78,,7661,,,0,78,,7648,,,0,38,,7662,,,0,78,,7650,,,0,78,,7664,,,0,38,,7651,,,0,78,,7666,,,0,77,,7653,,,0,38,,7667,,,0,78,,7652,,,0,38,,7665,,,0,78,,7654,,,0,78,,7668,,,0,38,,7656,,,0
2200,'Weekday',528,,7669,,,0,28,,7683,,,0,69,,7693,,,0,28,,7670,,,0,68,,7684,,,0,28,,7694,,,0,68,,7671,,,0,28,,7685,,,0,68,,7695,,,0,28,,7672,,,0,68,,7686,,,0,28,,7696,,,0,68,,7673,,,0,28,,7687,,,0,68,,7697,,,0,28,,7674,,,0,28,,7688,,,0,68,,7698,,,0,28,,7676,,,0,68,,7689,,,0,28,,7700,,,0,68,,7675,,,0,28,,7690,,,0,68,,7699,,,0,28,,7677,,,0,68,,7691,,,0,28,,7701,,,0,68,,7678,,,0,24,,7692,,,0,27,,7702,,,0,76,,7679,,,0,76,,7703,,,0,36,,7680,,,0,76,,7704,,,0,36,,7681,,,0,76,,7705,,,0,76,,7682,,,0,45,,7706,,,0
2200,'pBxDec31-Weekday',528,,7707,,,0,28,,7719,,,0,69,,7731,,,0,28,,7708,,,0,68,,7722,,,0,28,,7732,,,0,68,,7709,,,0,28,,7723,,,0,68,,7733,,,0,28,,7710,,,0,68,,7724,,,0,28,,7734,,,0,68,,7711,,,0,28,,7725,,,0,68,,7735,,,0,28,,7712,,,0,28,,7726,,,0,68,,7736,,,0,28,,7713,,,0,68,,7727,,,0,28,,7738,,,0,68,,7714,,,0,28,,7728,,,0,68,,7737,,,0,28,,7715,,,0,68,,7729,,,0,28,,7739,,,0,68,,7716,,,0,24,,7730,,,0,27,,7740,,,0,76,,7717,,,0,76,,7741,,,0,36,,7718,,,0,76,,7742,,,0,36,,7720,,,0,76,,7743,,,0,76,,7721,,,0,45,,7744,,,0,58,,7745,,,0,35,,7746,,,0,75,,7747,,,0,35,,7748,,,0,75,,7749,,,0
9300,'CUT-Weekday',517,,24837,,,0,30,,24838,,,0,70,,24813,,,0,30,,24808,,,0,70,,24810,,,0,30,,24811,,,0,70,,24814,,,0,30,,24809,,,0,70,,24843,,,0,30,,24812,,,0,70,,24820,,,0,30,,24833,,,0,70,,24830,,,0,30,,24828,,,0,70,,24822,,,0,30,,24834,,,0,70,,24831,,,0,30,,24829,,,0,70,,24821,,,0,30,,24835,,,0,70,,24832,,,0,30,,24806,,,0,70,,24815,,,0,30,,24816,,,0,70,,24819,,,0,30,,24807,,,0,70,,24817,,,0,30,,24818,,,0,70,,24839,,,0,30,,24840,,,0,70,,24824,,,0,30,,24823,,,0,70,,24836,,,0,26,,24841,,,0,74,,24826,,,0,40,,24825,,,0,80,,24842,,,0,80,,24845,,,0,40,,24844,,,0
9300,'Saturday',542,,24852,,,0,80,,24846,,,0,80,,24855,,,0,40,,24856,,,0,80,,24853,,,0,80,,24854,,,0,40,,24857,,,0,80,,24858,,,0,80,,24859,,,0,40,,24860,,,0,80,,24861,,,0,80,,24863,,,0,40,,24864,,,0,80,,24865,,,0,80,,24862,,,0,40,,24867,,,0,80,,24868,,,0,80,,24869,,,0,40,,24866,,,0,80,,24870,,,0,80,,24871,,,0,40,,24872,,,0,80,,24849,,,0,80,,24850,,,0,40,,24848,,,0,80,,24851,,,0
9300,'Sunday',542,,24873,,,0,80,,24874,,,0,80,,24876,,,0,40,,24875,,,0,80,,24891,,,0,80,,24881,,,0,40,,24882,,,0,80,,24889,,,0,80,,24887,,,0,40,,24888,,,0,80,,24885,,,0,80,,24892,,,0,40,,24890,,,0,80,,24893,,,0,80,,24883,,,0,40,,24884,,,0,80,,24894,,,0,80,,24895,,,0,40,,24896,,,0,80,,24886,,,0,80,,24897,,,0,40,,24898,,,0,80,,24879,,,0,80,,24880,,,0,40,,24877,,,0,80,,24878,,,0
9300,'Weekday',517,,24931,,,0,30,,24932,,,0,70,,24907,,,0,30,,24902,,,0,70,,24904,,,0,30,,24905,,,0,70,,24908,,,0,30,,24903,,,0,70,,24937,,,0,30,,24906,,,0,70,,24914,,,0,30,,24927,,,0,70,,24924,,,0,30,,24922,,,0,70,,24916,,,0,30,,24928,,,0,70,,24925,,,0,30,,24923,,,0,70,,24915,,,0,30,,24929,,,0,70,,24926,,,0,30,,24900,,,0,70,,24909,,,0,30,,24910,,,0,70,,24913,,,0,30,,24901,,,0,70,,24911,,,0,30,,24912,,,0,70,,24933,,,0,30,,24934,,,0,70,,24918,,,0,30,,24917,,,0,70,,24930,,,0,26,,24935,,,0,74,,24920,,,0,40,,24919,,,0,80,,24936,,,0,80,,24939,,,0,40,,24938,,,0
9300,'pBxDec31-Weekday',517,,24971,,,0,30,,24972,,,0,70,,24947,,,0,30,,24942,,,0,70,,24944,,,0,30,,24945,,,0,70,,24948,,,0,30,,24943,,,0,70,,24977,,,0,30,,24946,,,0,70,,24954,,,0,30,,24967,,,0,70,,24964,,,0,30,,24962,,,0,70,,24956,,,0,30,,24968,,,0,70,,24965,,,0,30,,24963,,,0,70,,24955,,,0,30,,24969,,,0,70,,24966,,,0,30,,24940,,,0,70,,24949,,,0,30,,24950,,,0,70,,24953,,,0,30,,24941,,,0,70,,24951,,,0,30,,24952,,,0,70,,24973,,,0,30,,24974,,,0,70,,24958,,,0,30,,24957,,,0,70,,24970,,,0,26,,24975,,,0,74,,24960,,,0,40,,24959,,,0,80,,24976,,,0,80,,24979,,,0,40,,24978,,,0
