900,'2025DE-1BUSCUT-Weekday-02',518,,3834,,,0,27,,3847,,,0,62,,3860,,,0,22,,3826,,,0,24,,3842,,,0,64,,3852,,,0,24,,3867,,,0,16,,3874,,,0,62,,3835,,,0,11,,3879,,,0,11,,3848,,,0,63,,3859,,,0,22,,3827,,,0,20,,3843,,,0,61,,3853,,,0,22,,3868,,,0,22,,3875,,,0,62,,3836,,,0,22,,3849,,,0,22,,3861,,,0,63,,3828,,,0,22,,3844,,,0,62,,3854,,,0,22,,3869,,,0,22,,3876,,,0,62,,3837,,,0,22,,3850,,,0,24,,3862,,,0,62,,3829,,,0,23,,3845,,,0,64,,3855,,,0,22,,3870,,,0,11,,3882,,,0,11,,3877,,,0,51,,3880,,,0,10,,3838,,,0,10,,3881,,,0,11,,3851,,,0,22,,3863,,,0,62,,3830,,,0,22,,3846,,,0,20,,3857,,,0,60,,3871,,,0,18,,3878,,,0,67,,3839,,,0,30,,3864,,,0,70,,3831,,,0,30,,3856,,,0,70,,3872,,,0,29,,3840,,,0,70,,3865,,,0,30,,3832,,,0,70,,3858,,,0,30,,3873,,,0,70,,3841,,,0,30,,3866,,,0
900,'2025DE-1BUSSA-Saturday-02',633,,3889,,,0,74,,3900,,,0,28,,3883,,,0,71,,3895,,,0,31,,3905,,,0,71,,3910,,,0,31,,3890,,,0,71,,3902,,,0,31,,3884,,,0,71,,3896,,,0,31,,3906,,,0,71,,3912,,,0,31,,3893,,,0,71,,3903,,,0,31,,3885,,,0,71,,3898,,,0,31,,3908,,,0,71,,3913,,,0,31,,3891,,,0,71,,3904,,,0,31,,3886,,,0,71,,3897,,,0,31,,3909,,,0,71,,3914,,,0,31,,3892,,,0,71,,3901,,,0,31,,3887,,,0,71,,3899,,,0,71,,3911,,,0,31,,3915,,,0,71,,3894,,,0,31,,3907,,,0,71,,3888,,,0,31,,3917,,,0,66,,3916,,,0
900,'2025DE-1BUSSU-Sunday-02',633,,3941,,,0,74,,3918,,,0,28,,3926,,,0,71,,3933,,,0,31,,3948,,,0,71,,3942,,,0,31,,3919,,,0,71,,3928,,,0,31,,3934,,,0,71,,3949,,,0,31,,3943,,,0,71,,3921,,,0,31,,3927,,,0,71,,3935,,,0,31,,3952,,,0,71,,3944,,,0,31,,3922,,,0,71,,3929,,,0,31,,3936,,,0,71,,3950,,,0,31,,3945,,,0,71,,3920,,,0,31,,3930,,,0,71,,3937,,,0,31,,3951,,,0,71,,3947,,,0,31,,3923,,,0,71,,3931,,,0,71,,3939,,,0,31,,3940,,,0,71,,3946,,,0,31,,3924,,,0,71,,3932,,,0,31,,3938,,,0,66,,3925,,,0
900,'2025DE-1BUSWK-Weekday-02',518,,3961,,,0,27,,3974,,,0,62,,3987,,,0,22,,3953,,,0,24,,3969,,,0,64,,3979,,,0,24,,3994,,,0,16,,4001,,,0,62,,3962,,,0,11,,4006,,,0,11,,3975,,,0,63,,3986,,,0,22,,3954,,,0,20,,3970,,,0,61,,3980,,,0,22,,3995,,,0,22,,4002,,,0,62,,3963,,,0,22,,3976,,,0,22,,3988,,,0,63,,3956,,,0,22,,3971,,,0,62,,3981,,,0,22,,3996,,,0,22,,4003,,,0,62,,3964,,,0,22,,3977,,,0,24,,3989,,,0,62,,3955,,,0,23,,3972,,,0,64,,3982,,,0,6,,4007,,,0,16,,3997,,,0,11,,4010,,,0,11,,4004,,,0,51,,4008,,,0,10,,3965,,,0,10,,4009,,,0,11,,3978,,,0,22,,3990,,,0,62,,3957,,,0,22,,3973,,,0,20,,3983,,,0,60,,3998,,,0,18,,4005,,,0,67,,3966,,,0,30,,3992,,,0,70,,3958,,,0,30,,3984,,,0,70,,3999,,,0,29,,3967,,,0,70,,3991,,,0,30,,3959,,,0,70,,3985,,,0,30,,4000,,,0,70,,3968,,,0,30,,3993,,,0
900,'2025DE-pBxDec31-Weekday-02',518,,4021,,,0,27,,4034,,,0,62,,4047,,,0,22,,4013,,,0,24,,4029,,,0,64,,4039,,,0,24,,4054,,,0,16,,4061,,,0,62,,4022,,,0,11,,4066,,,0,11,,4035,,,0,63,,4046,,,0,22,,4014,,,0,20,,4030,,,0,61,,4040,,,0,22,,4055,,,0,22,,4062,,,0,62,,4023,,,0,22,,4036,,,0,22,,4048,,,0,63,,4015,,,0,22,,4031,,,0,62,,4041,,,0,22,,4056,,,0,22,,4063,,,0,62,,4024,,,0,22,,4037,,,0,24,,4049,,,0,62,,4016,,,0,23,,4032,,,0,64,,4042,,,0,22,,4057,,,0,11,,4069,,,0,11,,4064,,,0,51,,4067,,,0,10,,4025,,,0,10,,4068,,,0,11,,4038,,,0,22,,4050,,,0,62,,4017,,,0,22,,4033,,,0,20,,4044,,,0,60,,4058,,,0,18,,4065,,,0,67,,4026,,,0,30,,4051,,,0,70,,4018,,,0,30,,4043,,,0,70,,4059,,,0,29,,4027,,,0,70,,4052,,,0,30,,4019,,,0,70,,4045,,,0,30,,4060,,,0,70,,4028,,,0,30,,4053,,,0
2000,'2025DE-1BUSCUT-Weekday-02',518,,6773,,,0,23,,6783,,,0,66,,6787,,,0,30,,6801,,,0,66,,6795,,,0,16,,6807,,,0,14,,6781,,,0,14,,6809,,,0,54,,6774,,,0,14,,6811,,,0,13,,6782,,,0,14,,6806,,,0,13,,6788,,,0,54,,6808,,,0,12,,6799,,,0,14,,6810,,,0,14,,6797,,,0,68,,6812,,,0,28,,6775,,,0,68,,6784,,,0,28,,6789,,,0,68,,6802,,,0,28,,6796,,,0,68,,6813,,,0,28,,6776,,,0,68,,6785,,,0,28,,6790,,,0,28,,6803,,,0,70,,6798,,,0,28,,6814,,,0,54,,6820,,,0,14,,6777,,,0,14,,6826,,,0,14,,6786,,,0,54,,6830,,,0,14,,6792,,,0,13,,6818,,,0,12,,6822,,,0,14,,6804,,,0,54,,6800,,,0,13,,6819,,,0,14,,6815,,,0,14,,6821,,,0,54,,6778,,,0,13,,6827,,,0,28,,6791,,,0,68,,6823,,,0,28,,6805,,,0,68,,6816,,,0,28,,6779,,,0,68,,6828,,,0,28,,6793,,,0,75,,6824,,,0,27,,6817,,,0,70,,6780,,,0,30,,6829,,,0,70,,6794,,,0
2000,'2025DE-1BUSSA-Saturday-02',654,,6832,,,0,68,,6851,,,0,28,,6838,,,0,68,,6844,,,0,28,,6859,,,0,68,,6864,,,0,30,,6833,,,0,68,,6852,,,0,28,,6839,,,0,68,,6846,,,0,28,,6858,,,0,68,,6865,,,0,28,,6831,,,0,68,,6854,,,0,28,,6840,,,0,28,,6847,,,0,68,,6860,,,0,28,,6866,,,0,68,,6834,,,0,28,,6853,,,0,68,,6841,,,0,28,,6848,,,0,68,,6861,,,0,28,,6867,,,0,68,,6835,,,0,28,,6855,,,0,68,,6842,,,0,28,,6849,,,0,68,,6863,,,0,27,,6868,,,0,27,,6837,,,0,68,,6856,,,0,28,,6843,,,0,68,,6850,,,0,28,,6862,,,0,68,,6869,,,0,28,,6836,,,0,68,,6857,,,0,27,,6845,,,0
2000,'2025DE-1BUSSU-Sunday-02',654,,6870,,,0,68,,6889,,,0,28,,6877,,,0,68,,6883,,,0,28,,6896,,,0,68,,6903,,,0,30,,6871,,,0,68,,6890,,,0,28,,6878,,,0,68,,6884,,,0,28,,6897,,,0,68,,6902,,,0,28,,6872,,,0,68,,6891,,,0,28,,6879,,,0,28,,6885,,,0,68,,6898,,,0,28,,6904,,,0,68,,6873,,,0,28,,6892,,,0,68,,6881,,,0,28,,6886,,,0,68,,6899,,,0,28,,6906,,,0,68,,6874,,,0,28,,6893,,,0,68,,6880,,,0,28,,6887,,,0,68,,6900,,,0,27,,6905,,,0,27,,6876,,,0,68,,6894,,,0,28,,6882,,,0,68,,6888,,,0,28,,6901,,,0,68,,6907,,,0,28,,6875,,,0,68,,6895,,,0
2000,'2025DE-1BUSWK-Weekday-02',518,,6908,,,0,23,,6918,,,0,66,,6922,,,0,30,,6936,,,0,66,,6930,,,0,16,,6942,,,0,14,,6916,,,0,14,,6944,,,0,54,,6909,,,0,14,,6946,,,0,13,,6917,,,0,14,,6941,,,0,13,,6923,,,0,54,,6943,,,0,12,,6934,,,0,14,,6945,,,0,14,,6932,,,0,68,,6947,,,0,28,,6910,,,0,68,,6919,,,0,28,,6924,,,0,68,,6937,,,0,28,,6931,,,0,68,,6948,,,0,28,,6911,,,0,68,,6920,,,0,28,,6925,,,0,28,,6938,,,0,70,,6933,,,0,3,,6953,,,0,20,,6958,,,0,5,,6949,,,0,54,,6956,,,0,14,,6912,,,0,14,,6963,,,0,14,,6921,,,0,54,,6967,,,0,14,,6927,,,0,13,,6954,,,0,12,,6959,,,0,14,,6939,,,0,54,,6935,,,0,13,,6955,,,0,14,,6950,,,0,14,,6957,,,0,54,,6913,,,0,13,,6964,,,0,28,,6926,,,0,68,,6960,,,0,28,,6940,,,0,68,,6951,,,0,28,,6914,,,0,68,,6965,,,0,28,,6928,,,0,75,,6961,,,0,27,,6952,,,0,70,,6915,,,0,30,,6966,,,0,70,,6929,,,0
2000,'2025DE-1BUSWK-Weekday-02-0000100',1451,,6968,,,0
2000,'2025DE-pBxDec31-Weekday-02',518,,6969,,,0,23,,6979,,,0,66,,6983,,,0,30,,6997,,,0,66,,6991,,,0,16,,7003,,,0,14,,6977,,,0,14,,7005,,,0,54,,6970,,,0,14,,7007,,,0,13,,6978,,,0,14,,7002,,,0,13,,6984,,,0,54,,7004,,,0,12,,6995,,,0,14,,7006,,,0,14,,6993,,,0,68,,7008,,,0,28,,6971,,,0,68,,6980,,,0,28,,6985,,,0,68,,6998,,,0,28,,6992,,,0,68,,7009,,,0,28,,6972,,,0,68,,6981,,,0,28,,6986,,,0,28,,6999,,,0,70,,6994,,,0,28,,7010,,,0,54,,7016,,,0,14,,6973,,,0,14,,7022,,,0,14,,6982,,,0,54,,7026,,,0,14,,6988,,,0,13,,7014,,,0,12,,7018,,,0,14,,7000,,,0,54,,6996,,,0,13,,7015,,,0,14,,7011,,,0,14,,7017,,,0,54,,6974,,,0,13,,7023,,,0,28,,6987,,,0,68,,7019,,,0,28,,7001,,,0,68,,7012,,,0,28,,6975,,,0,68,,7024,,,0,28,,6989,,,0,75,,7020,,,0,27,,7013,,,0,70,,6976,,,0,30,,7025,,,0,70,,6990,,,0
3800,'2025DE-1BUSCUT-Weekday-02',423,,11628,,,0,14,,11634,,,0,14,,11635,,,0,53,,11636,,,0,13,,11637,,,0,13,,11639,,,0,14,,11641,,,0,14,,11642,,,0,54,,11638,,,0,13,,11643,,,0,13,,11640,,,0,13,,11644,,,0,53,,11645,,,0,12,,11647,,,0,13,,11648,,,0,14,,11649,,,0,15,,11646,,,0,55,,11650,,,0,15,,11651,,,0,16,,11652,,,0,57,,11653,,,0,19,,11623,,,0,15,,11620,,,0,18,,11617,,,0,58,,11632,,,0,18,,11629,,,0,18,,11615,,,0,58,,11626,,,0,18,,11624,,,0,17,,11621,,,0,17,,11618,,,0,59,,11630,,,0,18,,11633,,,0,17,,11616,,,0,58,,11627,,,0,18,,11625,,,0,16,,11622,,,0,16,,11619,,,0,53,,11631,,,0,15,,11654,,,0,15,,11670,,,0,14,,11655,,,0,54,,11656,,,0,15,,11658,,,0,15,,11657,,,0,16,,11659,,,0,56,,11660,,,0,15,,11662,,,0,16,,11661,,,0,15,,11663,,,0,55,,11664,,,0,14,,11666,,,0,15,,11665,,,0,14,,11668,,,0,54,,11667,,,0,15,,11669,,,0,24,,11671,,,0,64,,11672,,,0,24,,11673,,,0,64,,11674,,,0,24,,11675,,,0,23,,11676,,,0,64,,11677,,,0,24,,11678,,,0,64,,11679,,,0,23,,11680,,,0,23,,11681,,,0,63,,11682,,,0,24,,11683,,,0,24,,11684,,,0,63,,11685,,,0,22,,11686,,,0,62,,11687,,,0
3800,'2025DE-1BUSSA-Saturday-02',432,,11688,,,0,68,,11698,,,0,28,,11709,,,0,23,,11718,,,0,62,,11725,,,0,21,,11689,,,0,22,,11699,,,0,64,,11708,,,0,23,,11720,,,0,61,,11726,,,0,21,,11690,,,0,22,,11700,,,0,66,,11710,,,0,22,,11719,,,0,21,,11727,,,0,61,,11691,,,0,22,,11701,,,0,20,,11735,,,0,60,,11711,,,0,22,,11721,,,0,63,,11728,,,0,23,,11692,,,0,23,,11702,,,0,62,,11736,,,0,21,,11712,,,0,22,,11722,,,0,63,,11729,,,0,23,,11693,,,0,63,,11703,,,0,21,,11737,,,0,21,,11713,,,0,62,,11723,,,0,22,,11730,,,0,22,,11694,,,0,62,,11704,,,0,22,,11738,,,0,21,,11714,,,0,61,,11724,,,0,23,,11731,,,0,61,,11695,,,0,23,,11705,,,0,24,,11739,,,0,64,,11715,,,0,24,,11732,,,0,64,,11696,,,0,24,,11706,,,0,24,,11740,,,0,64,,11716,,,0,24,,11733,,,0,64,,11697,,,0,24,,11707,,,0,24,,11741,,,0,64,,11717,,,0,24,,11734,,,0
3800,'2025DE-1BUSSU-Sunday-02',432,,11743,,,0,68,,11770,,,0,28,,11753,,,0,23,,11763,,,0,62,,11780,,,0,21,,11744,,,0,22,,11771,,,0,64,,11754,,,0,23,,11764,,,0,61,,11781,,,0,21,,11745,,,0,22,,11772,,,0,66,,11755,,,0,22,,11765,,,0,21,,11783,,,0,61,,11746,,,0,22,,11773,,,0,20,,11791,,,0,60,,11756,,,0,22,,11767,,,0,63,,11782,,,0,23,,11747,,,0,23,,11775,,,0,62,,11792,,,0,21,,11757,,,0,22,,11766,,,0,63,,11784,,,0,23,,11748,,,0,63,,11774,,,0,21,,11793,,,0,21,,11758,,,0,62,,11768,,,0,22,,11785,,,0,22,,11750,,,0,62,,11776,,,0,22,,11794,,,0,21,,11759,,,0,61,,11769,,,0,23,,11786,,,0,61,,11749,,,0,23,,11777,,,0,24,,11795,,,0,64,,11760,,,0,24,,11787,,,0,64,,11751,,,0,24,,11778,,,0,24,,11796,,,0,64,,11761,,,0,24,,11788,,,0,64,,11752,,,0,24,,11779,,,0,24,,11797,,,0,64,,11762,,,0,24,,11789,,,0
3800,'2025DE-1BUSWK-Weekday-02',423,,11811,,,0,14,,11818,,,0,14,,11819,,,0,53,,11820,,,0,13,,11821,,,0,13,,11823,,,0,14,,11825,,,0,14,,11826,,,0,54,,11822,,,0,13,,11827,,,0,13,,11824,,,0,13,,11828,,,0,53,,11829,,,0,12,,11831,,,0,13,,11832,,,0,14,,11833,,,0,15,,11830,,,0,55,,11834,,,0,15,,11835,,,0,10,,11815,0,121 47,0,6,,11836,,,0,57,,11837,,,0,19,,11806,,,0,15,,11803,,,0,18,,11800,,,0,58,,11816,,,0,18,,11812,,,0,18,,11798,,,0,58,,11809,,,0,18,,11807,,,0,17,,11804,,,0,17,,11801,,,0,59,,11813,,,0,18,,11817,,,0,17,,11799,,,0,58,,11810,,,0,18,,11808,,,0,16,,11805,,,0,16,,11802,,,0,53,,11814,,,0,15,,11838,,,0,15,,11854,,,0,14,,11839,,,0,54,,11840,,,0,15,,11843,,,0,15,,11842,,,0,16,,11844,,,0,56,,11841,,,0,15,,11846,,,0,16,,11845,,,0,15,,11847,,,0,55,,11848,,,0,14,,11850,,,0,15,,11849,,,0,14,,11852,,,0,54,,11851,,,0,15,,11853,,,0,24,,11855,,,0,64,,11856,,,0,24,,11857,,,0,64,,11858,,,0,24,,11859,,,0,23,,11860,,,0,64,,11861,,,0,24,,11862,,,0,64,,11863,,,0,23,,11864,,,0,23,,11865,,,0,63,,11866,,,0,24,,11867,,,0,24,,11868,,,0,63,,11869,,,0,22,,11870,,,0,62,,11871,,,0
3800,'2025DE-1BUSWK-Weekday-02-0000100',856,,11874,0,121 47,0,564,,11873,,,0
3800,'2025DE-1BUSWK-Weekday-02-1111000',833,,11877,0,121 47,0,682,,11878,,,0,7,,11875,,,0
3800,'2025DE-pBxDec31-Weekday-02',423,,11892,,,0,14,,11898,,,0,14,,11899,,,0,53,,11900,,,0,13,,11901,,,0,13,,11903,,,0,14,,11905,,,0,14,,11906,,,0,54,,11902,,,0,13,,11907,,,0,13,,11904,,,0,13,,11908,,,0,53,,11909,,,0,12,,11911,,,0,13,,11912,,,0,14,,11913,,,0,15,,11910,,,0,55,,11914,,,0,15,,11915,,,0,16,,11916,,,0,57,,11917,,,0,19,,11887,,,0,15,,11884,,,0,18,,11881,,,0,58,,11896,,,0,18,,11893,,,0,18,,11879,,,0,58,,11890,,,0,18,,11888,,,0,17,,11885,,,0,17,,11882,,,0,59,,11894,,,0,18,,11897,,,0,17,,11880,,,0,58,,11891,,,0,18,,11889,,,0,16,,11886,,,0,16,,11883,,,0,53,,11895,,,0,15,,11918,,,0,15,,11934,,,0,14,,11919,,,0,54,,11920,,,0,15,,11922,,,0,15,,11921,,,0,16,,11923,,,0,56,,11924,,,0,15,,11926,,,0,16,,11925,,,0,15,,11927,,,0,55,,11928,,,0,14,,11930,,,0,15,,11929,,,0,14,,11932,,,0,54,,11931,,,0,15,,11933,,,0,24,,11935,,,0,64,,11936,,,0,24,,11937,,,0,64,,11938,,,0,24,,11939,,,0,23,,11940,,,0,64,,11941,,,0,24,,11942,,,0,64,,11943,,,0,23,,11944,,,0,23,,11945,,,0,63,,11946,,,0,24,,11947,,,0,24,,11948,,,0,63,,11949,,,0,22,,11950,,,0,62,,11951,,,0
6501,'2025DE-1BUSCUT-Weekday-02',521,,17938,,,0,18,,17913,,,0,64,,17926,,,0,24,,17916,,,0,26,,17939,,,0,64,,17914,,,0,24,,17927,,,0,64,,17917,,,0,24,,17940,,,0,24,,17915,,,0,62,,17928,,,0,43,,17941,,,0,83,,17929,,,0,83,,17942,,,0,83,,17930,,,0,43,,17943,,,0,59,,17918,,,0,24,,17931,,,0,67,,17922,,,0,16,,17944,,,0,30,,17919,,,0,62,,17932,,,0,25,,17923,,,0,24,,17945,,,0,64,,17920,,,0,24,,17933,,,0,64,,17924,,,0,24,,17947,,,0,24,,17921,,,0,62,,17934,,,0,24,,17925,,,0,64,,17946,,,0,43,,17936,,,0,83,,17948,,,0,83,,17935,,,0,43,,17949,,,0,83,,17937,,,0,83,,17950,,,0
6501,'2025DE-1BUSSA-Saturday-02',655,,17951,,,0,83,,17964,,,0,80,,17952,,,0,40,,17965,,,0,80,,17953,,,0,80,,17967,,,0,40,,17954,,,0,80,,17966,,,0,80,,17956,,,0,40,,17968,,,0,80,,17955,,,0,80,,17969,,,0,40,,17957,,,0,80,,17970,,,0,80,,17958,,,0,40,,17972,,,0,80,,17959,,,0,80,,17973,,,0,40,,17960,,,0,80,,17971,,,0,80,,17961,,,0,40,,17975,,,0,80,,17962,,,0,80,,17974,,,0,40,,17963,,,0
6501,'2025DE-1BUSSU-Sunday-02',655,,17976,,,0,83,,17988,,,0,80,,17977,,,0,40,,17991,,,0,80,,17978,,,0,80,,17990,,,0,40,,17979,,,0,80,,17992,,,0,80,,17980,,,0,40,,17994,,,0,80,,17981,,,0,80,,17993,,,0,40,,17983,,,0,80,,17995,,,0,80,,17982,,,0,40,,17996,,,0,80,,17984,,,0,80,,17997,,,0,40,,17985,,,0,80,,17998,,,0,80,,17986,,,0,40,,18000,,,0,80,,17987,,,0,80,,17999,,,0,40,,17989,,,0
6501,'2025DE-1BUSWK-Weekday-02',521,,18026,,,0,18,,18001,,,0,64,,18014,,,0,24,,18004,,,0,26,,18028,,,0,64,,18002,,,0,24,,18015,,,0,64,,18005,,,0,24,,18027,,,0,24,,18003,,,0,62,,18016,,,0,43,,18029,,,0,83,,18017,,,0,83,,18030,,,0,83,,18018,,,0,43,,18031,,,0,59,,18006,,,0,24,,18019,,,0,67,,18010,,,0,16,,18032,,,0,30,,18007,,,0,62,,18020,,,0,25,,18011,,,0,24,,18033,,,0,64,,18008,,,0,24,,18021,,,0,64,,18012,,,0,24,,18035,,,0,24,,18009,,,0,62,,18022,,,0,24,,18013,,,0,64,,18034,,,0,43,,18024,,,0,83,,18036,,,0,83,,18023,,,0,43,,18037,,,0,83,,18025,,,0,83,,18038,,,0
6501,'2025DE-pBxDec31-Weekday-02',521,,18064,,,0,18,,18039,,,0,64,,18052,,,0,24,,18042,,,0,26,,18065,,,0,64,,18040,,,0,24,,18053,,,0,64,,18043,,,0,24,,18066,,,0,24,,18041,,,0,62,,18054,,,0,43,,18067,,,0,83,,18055,,,0,83,,18068,,,0,83,,18056,,,0,43,,18069,,,0,59,,18044,,,0,24,,18057,,,0,67,,18048,,,0,16,,18070,,,0,30,,18045,,,0,62,,18058,,,0,25,,18049,,,0,24,,18071,,,0,64,,18046,,,0,24,,18059,,,0,64,,18050,,,0,24,,18073,,,0,24,,18047,,,0,62,,18060,,,0,24,,18051,,,0,64,,18072,,,0,43,,18062,,,0,83,,18074,,,0,83,,18061,,,0,43,,18075,,,0,83,,18063,,,0,83,,18076,,,0
