15100,'Weekday',553,,128405,10,,,0,91,,128404,11,,,0
15100,'STMPSnea-Weekday',553,,128407,10,,,0,91,,128406,11,,,0
15100,'STMPWeek-Weekday',553,,128409,10,,,0,91,,128408,11,,,0
15100,'STMPar-Weekday',553,,128411,10,,,0,91,,128410,11,,,0
15101,'Weekday',1722,,128413,32,,,0,85,,128412,37,,,0
15101,'STMPSnea-Weekday',1722,,128415,32,,,0,85,,128414,37,,,0
15101,'STMPWeek-Weekday',1722,,128417,32,,,0,85,,128416,37,,,0
15101,'STMPar-Weekday',1722,,128419,32,,,0,85,,128418,37,,,0
15301,'Saturday',632,,128865,7,,,0,77,,128863,7,,,0,37,,128866,7,,,0,77,,128864,7,,,0,77,,128871,7,,,0,37,,128874,7,,,0,77,,128875,7,,,0,37,,128876,7,,,0,77,,128877,7,,,0,77,,128878,7,,,0,37,,128879,7,,,0,77,,128880,7,,,0,37,,128881,7,,,0,77,,128882,7,,,0,77,,128883,7,,,0,37,,128884,7,,,0,77,,128885,7,,,0,77,,128886,7,,,0,37,,128887,7,,,0,77,,128888,7,,,0,37,,128889,7,,,0,77,,128868,7,,,0,77,,128869,7,,,0,37,,128870,7,,,0,77,,128872,7,,,0,37,,128873,7,,,0,77,,128867,7,,,0
15301,'Sunday',901,,128891,7,,,0,37,,128896,7,,,0,77,,128899,7,,,0,37,,128897,7,,,0,77,,128900,7,,,0,77,,128902,7,,,0,37,,128903,7,,,0,77,,128904,7,,,0,37,,128901,7,,,0,77,,128898,7,,,0,77,,128906,7,,,0,37,,128907,7,,,0,77,,128908,7,,,0,77,,128910,7,,,0,37,,128911,7,,,0,77,,128905,7,,,0,37,,128909,7,,,0,77,,128912,7,,,0,77,,128892,7,,,0,37,,128894,7,,,0,76,,128895,7,,,0,35,,128893,7,,,0,72,,128890,7,,,0
15301,'Weekday',551,,128913,7,,,0,66,,128914,7,,,0,25,,128915,7,,,0,65,,128916,7,,,0,25,,128917,7,,,0,25,,128918,7,,,0,65,,128919,7,,,0,25,,128920,7,,,0,65,,128921,7,,,0,25,,128923,7,,,0,65,,128924,7,,,0,25,,128925,7,,,0,25,,128922,7,,,0,65,,128926,7,,,0,25,,128927,7,,,0,65,,128928,7,,,0,25,,128929,7,,,0,25,,128930,7,,,0,65,,128931,7,,,0,25,,128932,7,,,0,65,,128933,7,,,0,25,,128934,7,,,0,20,,128950,7,,,0,60,,128951,7,,,0,20,,128952,7,,,0,20,,128953,7,,,0,60,,128954,7,,,0,20,,128944,7,,,0,20,,128946,7,,,0,60,,128949,7,,,0,20,,128947,7,,,0,20,,128945,7,,,0,64,,128948,7,,,0,36,,128936,7,,,0,76,,128938,7,,,0,76,,128935,7,,,0,36,,128939,7,,,0,75,,128937,7,,,0,36,,128940,7,,,0,76,,128941,7,,,0,76,,128942,7,,,0,36,,128943,7,,,0
15301,'STMPSa-Saturday',632,,128957,7,,,0,77,,128955,7,,,0,37,,128958,7,,,0,77,,128956,7,,,0,77,,128963,7,,,0,37,,128966,7,,,0,77,,128967,7,,,0,37,,128968,7,,,0,77,,128969,7,,,0,77,,128970,7,,,0,37,,128971,7,,,0,77,,128972,7,,,0,37,,128973,7,,,0,77,,128974,7,,,0,77,,128975,7,,,0,37,,128976,7,,,0,77,,128977,7,,,0,77,,128978,7,,,0,37,,128979,7,,,0,77,,128980,7,,,0,37,,128981,7,,,0,77,,128960,7,,,0,77,,128961,7,,,0,37,,128962,7,,,0,77,,128964,7,,,0,37,,128965,7,,,0,77,,128959,7,,,0
15301,'STMPSnea-Weekday',551,,128982,7,,,0,66,,128983,7,,,0,25,,128984,7,,,0,65,,128985,7,,,0,25,,128986,7,,,0,25,,128987,7,,,0,65,,128988,7,,,0,25,,128989,7,,,0,65,,128990,7,,,0,25,,128992,7,,,0,65,,128993,7,,,0,25,,128994,7,,,0,25,,128991,7,,,0,65,,128995,7,,,0,25,,128996,7,,,0,65,,128997,7,,,0,25,,128998,7,,,0,25,,128999,7,,,0,65,,129000,7,,,0,25,,129001,7,,,0,65,,129002,7,,,0,25,,129003,7,,,0,20,,129019,7,,,0,60,,129020,7,,,0,20,,129021,7,,,0,20,,129022,7,,,0,60,,129023,7,,,0,20,,129013,7,,,0,20,,129015,7,,,0,60,,129018,7,,,0,20,,129016,7,,,0,20,,129014,7,,,0,64,,129017,7,,,0,36,,129005,7,,,0,76,,129007,7,,,0,76,,129004,7,,,0,36,,129008,7,,,0,75,,129006,7,,,0,36,,129009,7,,,0,76,,129010,7,,,0,76,,129011,7,,,0,36,,129012,7,,,0
15301,'STMPSu1-Sunday',901,,129025,7,,,0,37,,129030,7,,,0,77,,129033,7,,,0,37,,129031,7,,,0,77,,129034,7,,,0,77,,129036,7,,,0,37,,129037,7,,,0,77,,129038,7,,,0,37,,129035,7,,,0,77,,129032,7,,,0,77,,129040,7,,,0,37,,129041,7,,,0,77,,129042,7,,,0,77,,129044,7,,,0,37,,129045,7,,,0,77,,129039,7,,,0,37,,129043,7,,,0,77,,129046,7,,,0,77,,129026,7,,,0,37,,129028,7,,,0,76,,129029,7,,,0,35,,129027,7,,,0,72,,129024,7,,,0
15301,'STMPSu2-Sunday',901,,129048,7,,,0,37,,129053,7,,,0,77,,129056,7,,,0,37,,129054,7,,,0,77,,129057,7,,,0,77,,129059,7,,,0,37,,129060,7,,,0,77,,129061,7,,,0,37,,129058,7,,,0,77,,129055,7,,,0,77,,129063,7,,,0,37,,129064,7,,,0,77,,129065,7,,,0,77,,129067,7,,,0,37,,129068,7,,,0,77,,129062,7,,,0,37,,129066,7,,,0,77,,129069,7,,,0,77,,129049,7,,,0,37,,129051,7,,,0,76,,129052,7,,,0,35,,129050,7,,,0,72,,129047,7,,,0
15301,'STMPWeek-Weekday',551,,129070,7,,,0,66,,129071,7,,,0,25,,129072,7,,,0,65,,129073,7,,,0,25,,129074,7,,,0,25,,129075,7,,,0,65,,129076,7,,,0,25,,129077,7,,,0,65,,129078,7,,,0,25,,129080,7,,,0,65,,129081,7,,,0,25,,129082,7,,,0,25,,129079,7,,,0,65,,129083,7,,,0,25,,129084,7,,,0,65,,129085,7,,,0,25,,129086,7,,,0,25,,129087,7,,,0,65,,129088,7,,,0,25,,129089,7,,,0,65,,129090,7,,,0,25,,129091,7,,,0,20,,129107,7,,,0,60,,129108,7,,,0,20,,129109,7,,,0,20,,129110,7,,,0,60,,129111,7,,,0,20,,129101,7,,,0,20,,129103,7,,,0,60,,129106,7,,,0,20,,129104,7,,,0,20,,129102,7,,,0,64,,129105,7,,,0,36,,129093,7,,,0,76,,129095,7,,,0,76,,129092,7,,,0,36,,129096,7,,,0,75,,129094,7,,,0,36,,129097,7,,,0,76,,129098,7,,,0,76,,129099,7,,,0,36,,129100,7,,,0
15301,'STMPar-Weekday',551,,129112,7,,,0,66,,129113,7,,,0,25,,129114,7,,,0,65,,129115,7,,,0,25,,129116,7,,,0,25,,129117,7,,,0,65,,129118,7,,,0,25,,129119,7,,,0,65,,129120,7,,,0,25,,129122,7,,,0,65,,129123,7,,,0,25,,129124,7,,,0,25,,129121,7,,,0,65,,129125,7,,,0,25,,129126,7,,,0,65,,129127,7,,,0,25,,129128,7,,,0,25,,129129,7,,,0,65,,129130,7,,,0,25,,129131,7,,,0,65,,129132,7,,,0,25,,129133,7,,,0,20,,129149,7,,,0,60,,129150,7,,,0,20,,129151,7,,,0,20,,129152,7,,,0,60,,129153,7,,,0,20,,129143,7,,,0,20,,129145,7,,,0,60,,129148,7,,,0,20,,129146,7,,,0,20,,129144,7,,,0,64,,129147,7,,,0,36,,129135,7,,,0,76,,129137,7,,,0,76,,129134,7,,,0,36,,129138,7,,,0,75,,129136,7,,,0,36,,129139,7,,,0,76,,129140,7,,,0,76,,129141,7,,,0,36,,129142,7,,,0
