8600,'Saturday',546,,46904,14,0,131 119,0,83,,46921,14,0,131 119,0,80,,46905,14,0,131 119,0,40,,46923,14,0,131 119,0,80,,46914,14,0,131 119,0,80,,46924,14,0,131 119,0,40,,46915,14,0,131 119,0,80,,46925,14,0,131 119,0,80,,46916,14,0,131 119,0,40,,46906,14,0,131 119,0,79,,46917,14,0,131 119,0,80,,46908,14,0,131 119,0,40,,46926,14,0,131 119,0,80,,46907,14,0,131 119,0,80,,46928,14,0,131 119,0,40,,46909,14,0,131 119,0,80,,46929,14,0,131 119,0,80,,46918,14,0,131 119,0,40,,46910,14,0,131 119,0,80,,46919,14,0,131 119,0,80,,46911,14,0,131 119,0,40,,46927,14,0,131 119,0,80,,46912,14,0,131 119,0,80,,46930,14,0,131 119,0,40,,46920,14,0,131 119,0,80,,46931,14,0,131 119,0,80,,46922,14,0,131 119,0,42,,46913,14,0,131 119,0
8600,'Sunday',546,,46932,14,0,131 119,0,83,,46947,14,0,131 119,0,80,,46934,14,0,131 119,0,40,,46948,14,0,131 119,0,80,,46933,14,0,131 119,0,80,,46949,14,0,131 119,0,40,,46935,14,0,131 119,0,80,,46950,14,0,131 119,0,80,,46936,14,0,131 119,0,40,,46951,14,0,131 119,0,79,,46938,14,0,131 119,0,81,,46952,14,0,131 119,0,39,,46937,14,0,131 119,0,80,,46953,14,0,131 119,0,80,,46939,14,0,131 119,0,40,,46954,14,0,131 119,0,80,,46940,14,0,131 119,0,80,,46955,14,0,131 119,0,40,,46941,14,0,131 119,0,80,,46956,14,0,131 119,0,80,,46942,14,0,131 119,0,40,,46957,14,0,131 119,0,80,,46943,14,0,131 119,0,80,,46958,14,0,131 119,0,40,,46944,14,0,131 119,0,80,,46959,14,0,131 119,0,80,,46945,14,0,131 119,0,42,,46946,14,0,131 119,0
8600,'Weekday',459,,46960,14,,,0,71,,46979,14,,,0,70,,46970,14,,,0,30,,46961,14,,,0,70,,46981,14,,,0,30,,46971,14,,,0,15,,46998,14,,,0,55,,46962,14,,,0,15,,46999,14,,,0,15,,46982,14,,,0,25,,47000,14,,,0,45,,46972,14,,,0,29,,46963,14,,,0,30,,46980,14,,,0,70,,46973,14,,,0,30,,46964,14,,,0,70,,46983,14,,,0,30,,46974,14,,,0,70,,46965,14,,,0,30,,46984,14,,,0,70,,46975,14,,,0,30,,46966,14,,,0,70,,46986,14,,,0,73,,46976,14,,,0,28,,46967,14,,,0,70,,46985,14,,,0,30,,46977,14,,,0,70,,46968,14,,,0,30,,46987,14,,,0,70,,46978,14,,,0,30,,46969,14,,,0,76,,46988,14,,,0,38,,46989,14,,,0,78,,46990,14,,,0,78,,46991,14,,,0,38,,46992,14,,,0,78,,46993,14,,,0,38,,46994,14,,,0,78,,46995,14,,,0,78,,46997,14,,,0,47,,46996,14,,,0
8600,'1CCSDCUT-Weekday',459,,47001,14,,,0,71,,47020,14,,,0,70,,47011,14,,,0,30,,47002,14,,,0,70,,47022,14,,,0,30,,47012,14,,,0,15,,47039,14,,,0,55,,47003,14,,,0,15,,47040,14,,,0,15,,47023,14,,,0,25,,47041,14,,,0,45,,47013,14,,,0,29,,47004,14,,,0,30,,47021,14,,,0,70,,47014,14,,,0,30,,47005,14,,,0,70,,47024,14,,,0,30,,47015,14,,,0,70,,47006,14,,,0,30,,47025,14,,,0,70,,47016,14,,,0,30,,47007,14,,,0,70,,47027,14,,,0,73,,47017,14,,,0,28,,47008,14,,,0,70,,47026,14,,,0,30,,47018,14,,,0,70,,47009,14,,,0,30,,47028,14,,,0,70,,47019,14,,,0,30,,47010,14,,,0,76,,47029,14,,,0,38,,47030,14,,,0,78,,47031,14,,,0,78,,47032,14,,,0,38,,47033,14,,,0,78,,47034,14,,,0,38,,47035,14,,,0,78,,47036,14,,,0,78,,47038,14,,,0,47,,47037,14,,,0
8600,'1PUBCUT-Weekday',459,,47042,14,,,0,71,,47061,14,,,0,70,,47052,14,,,0,30,,47043,14,,,0,70,,47063,14,,,0,30,,47053,14,,,0,15,,47080,14,,,0,55,,47044,14,,,0,15,,47081,14,,,0,15,,47064,14,,,0,25,,47082,14,,,0,45,,47054,14,,,0,29,,47045,14,,,0,30,,47062,14,,,0,70,,47055,14,,,0,30,,47046,14,,,0,70,,47065,14,,,0,30,,47056,14,,,0,70,,47047,14,,,0,30,,47066,14,,,0,70,,47057,14,,,0,30,,47048,14,,,0,70,,47068,14,,,0,73,,47058,14,,,0,28,,47049,14,,,0,70,,47067,14,,,0,30,,47059,14,,,0,70,,47050,14,,,0,30,,47069,14,,,0,70,,47060,14,,,0,30,,47051,14,,,0,76,,47070,14,,,0,38,,47071,14,,,0,78,,47072,14,,,0,78,,47073,14,,,0,38,,47074,14,,,0,78,,47075,14,,,0,38,,47076,14,,,0,78,,47077,14,,,0,78,,47079,14,,,0,47,,47078,14,,,0
11600,'Weekday',1652,,54018,29,,,0,60,,54019,29,,,0,20,,54020,29,,,0,70,,54021,29,,,0
11600,'1CCSDCUT-Weekday',1652,,54022,29,,,0,60,,54023,29,,,0,20,,54024,29,,,0,70,,54025,29,,,0
11600,'1PUBCUT-Weekday',1652,,54026,29,,,0,60,,54027,29,,,0,20,,54028,29,,,0,70,,54029,29,,,0
11601,'Weekday',603,,54030,9,,,0,20,,54031,9,,,0,21,,54032,9,,,0,60,,54033,9,,,0
11601,'1CCSDCUT-Weekday',603,,54034,9,,,0,20,,54035,9,,,0,21,,54036,9,,,0,60,,54037,9,,,0
11601,'1PUBCUT-Weekday',603,,54038,9,,,0,20,,54039,9,,,0,21,,54040,9,,,0,60,,54041,9,,,0
