7501,'Saturday',647,,44299,45,,,0,75,,44309,45,,,0,35,,44317,45,,,0,78,,44300,45,,,0,75,,44310,45,,,0,35,,44320,45,,,0,75,,44303,45,,,0,35,,44311,45,,,0,75,,44319,45,,,0,75,,44301,45,,,0,35,,44312,45,,,0,75,,44321,45,,,0,35,,44302,45,,,0,75,,44313,45,,,0,75,,44322,45,,,0,35,,44304,45,,,0,75,,44314,45,,,0,35,,44324,45,,,0,75,,44305,45,,,0,35,,44316,45,,,0,75,,44323,45,,,0,75,,44306,45,,,0,35,,44315,45,,,0,75,,44325,45,,,0,35,,44307,45,,,0,73,,44318,45,,,0,34,,44326,45,,,0,75,,44308,45,,,0,75,,44328,45,,,0,35,,44329,45,,,0,75,,44327,45,,,0
7501,'Sunday',647,,44332,45,,,0,75,,44339,45,,,0,35,,44349,45,,,0,78,,44330,45,,,0,75,,44342,45,,,0,35,,44350,45,,,0,75,,44331,45,,,0,35,,44341,45,,,0,75,,44351,45,,,0,75,,44333,45,,,0,35,,44343,45,,,0,75,,44352,45,,,0,35,,44335,45,,,0,75,,44344,45,,,0,75,,44353,45,,,0,35,,44334,45,,,0,75,,44345,45,,,0,35,,44354,45,,,0,75,,44337,45,,,0,35,,44347,45,,,0,75,,44355,45,,,0,75,,44336,45,,,0,35,,44346,45,,,0,75,,44357,45,,,0,35,,44338,45,,,0,73,,44348,45,,,0,34,,44356,45,,,0,75,,44340,45,,,0,75,,44360,45,,,0,35,,44359,45,,,0,75,,44358,45,,,0
7501,'Weekday',525,,44397,45,,,0,30,,44369,45,,,0,73,,44399,45,,,0,27,,44366,45,,,0,63,,44365,45,,,0,23,,44376,45,,,0,63,,44382,45,,,0,23,,44371,45,,,0,23,,44362,45,,,0,61,,44373,45,,,0,3,,44404,45,,,0,19,,44364,45,,,0,72,,44386,45,,,0,34,,44402,45,,,0,74,,44403,45,,,0,34,,44384,45,,,0,74,,44375,45,,,0,34,,44372,45,,,0,74,,44387,45,,,0,74,,44400,45,,,0,35,,44361,45,,,0,76,,44374,45,,,0,35,,44396,45,,,0,59,,44378,45,,,0,19,,44381,45,,,0,22,,44377,45,,,0,56,,44385,45,,,0,19,,44379,45,,,0,19,,44389,45,,,0,59,,44393,45,,,0,19,,44368,45,,,0,19,,44380,45,,,0,19,,44394,45,,,0,57,,44391,45,,,0,17,,44363,45,,,0,73,,44370,45,,,0,34,,44392,45,,,0,74,,44388,45,,,0,31,,44395,45,,,0,74,,44398,45,,,0,34,,44367,45,,,0,74,,44383,45,,,0,74,,44401,45,,,0,34,,44390,45,,,0
7501,'Weekday0000100',1353,,44405,17,,,0
7501,'1CCSDCUT-Weekday',525,,44442,45,,,0,30,,44414,45,,,0,73,,44444,45,,,0,27,,44411,45,,,0,63,,44410,45,,,0,23,,44421,45,,,0,63,,44427,45,,,0,23,,44416,45,,,0,23,,44407,45,,,0,61,,44418,45,,,0,3,,44449,45,,,0,19,,44409,45,,,0,72,,44431,45,,,0,34,,44447,45,,,0,74,,44448,45,,,0,34,,44429,45,,,0,74,,44420,45,,,0,34,,44417,45,,,0,74,,44432,45,,,0,74,,44445,45,,,0,35,,44406,45,,,0,76,,44419,45,,,0,35,,44441,45,,,0,59,,44423,45,,,0,19,,44426,45,,,0,22,,44422,45,,,0,56,,44430,45,,,0,19,,44424,45,,,0,19,,44434,45,,,0,59,,44438,45,,,0,19,,44413,45,,,0,19,,44425,45,,,0,19,,44439,45,,,0,57,,44436,45,,,0,17,,44408,45,,,0,73,,44415,45,,,0,34,,44437,45,,,0,74,,44433,45,,,0,31,,44440,45,,,0,74,,44443,45,,,0,34,,44412,45,,,0,74,,44428,45,,,0,74,,44446,45,,,0,34,,44435,45,,,0
7501,'1CCSDCUT-Weekday0000100',1353,,44450,17,,,0
7501,'1PUBCUT-Weekday',525,,44487,45,,,0,30,,44459,45,,,0,73,,44489,45,,,0,27,,44456,45,,,0,63,,44455,45,,,0,23,,44466,45,,,0,63,,44472,45,,,0,23,,44461,45,,,0,23,,44452,45,,,0,61,,44463,45,,,0,3,,44494,45,,,0,19,,44454,45,,,0,72,,44476,45,,,0,34,,44492,45,,,0,74,,44493,45,,,0,34,,44474,45,,,0,74,,44465,45,,,0,34,,44462,45,,,0,74,,44477,45,,,0,74,,44490,45,,,0,35,,44451,45,,,0,76,,44464,45,,,0,35,,44486,45,,,0,59,,44468,45,,,0,19,,44471,45,,,0,22,,44467,45,,,0,56,,44475,45,,,0,19,,44469,45,,,0,19,,44479,45,,,0,59,,44483,45,,,0,19,,44458,45,,,0,19,,44470,45,,,0,19,,44484,45,,,0,57,,44481,45,,,0,17,,44453,45,,,0,73,,44460,45,,,0,34,,44482,45,,,0,74,,44478,45,,,0,31,,44485,45,,,0,74,,44488,45,,,0,34,,44457,45,,,0,74,,44473,45,,,0,74,,44491,45,,,0,34,,44480,45,,,0
7800,'Saturday',659,,45018,30,,,0,75,,45025,30,,,0,75,,45026,30,,,0,35,,45027,30,,,0,75,,45024,30,,,0,35,,45028,30,,,0,75,,45029,30,,,0,75,,45030,30,,,0,35,,45031,30,,,0,75,,45032,30,,,0,35,,45034,30,,,0,75,,45035,30,,,0,35,,45036,30,,,0,75,,45033,30,,,0,75,,45037,30,,,0,35,,45038,30,,,0,75,,45039,30,,,0,35,,45040,30,,,0,75,,45041,30,,,0,75,,45042,30,,,0,35,,45045,30,,,0,75,,45046,30,,,0,35,,45047,30,,,0,75,,45043,30,,,0,35,,45044,30,,,0,75,,45048,30,,,0,75,,45023,30,,,0,35,,45020,30,,,0,75,,45021,30,,,0,35,,45022,30,,,0,75,,45019,30,,,0
7800,'Sunday',659,,45064,30,,,0,75,,45049,30,,,0,75,,45065,30,,,0,35,,45050,30,,,0,75,,45066,30,,,0,35,,45051,30,,,0,75,,45067,30,,,0,75,,45052,30,,,0,35,,45070,30,,,0,75,,45054,30,,,0,35,,45069,30,,,0,75,,45053,30,,,0,35,,45068,30,,,0,75,,45055,30,,,0,75,,45071,30,,,0,35,,45056,30,,,0,75,,45072,30,,,0,35,,45057,30,,,0,75,,45073,30,,,0,75,,45058,30,,,0,35,,45074,30,,,0,75,,45059,30,,,0,35,,45075,30,,,0,75,,45060,30,,,0,35,,45076,30,,,0,75,,45061,30,,,0,75,,45077,30,,,0,35,,45063,30,,,0,75,,45078,30,,,0,35,,45062,30,,,0,75,,45079,30,,,0
7800,'Weekday',517,,45080,30,,,0,30,,45093,30,,,0,60,,45109,30,,,0,20,,45081,30,,,0,76,,45094,30,,,0,20,,45111,30,,,0,20,,45082,30,,,0,60,,45091,30,,,0,20,,45095,30,,,0,20,,45112,30,,,0,60,,45083,30,,,0,18,,45092,30,,,0,20,,45096,30,,,0,62,,45113,30,,,0,25,,45084,30,,,0,25,,45097,30,,,0,65,,45114,30,,,0,25,,45085,30,,,0,65,,45098,30,,,0,25,,45115,30,,,0,25,,45086,30,,,0,65,,45099,30,,,0,25,,45116,30,,,0,65,,45087,30,,,0,25,,45100,30,,,0,67,,45117,30,,,0,25,,45088,30,,,0,21,,45120,30,,,0,60,,45101,30,,,0,20,,45118,30,,,0,20,,45089,30,,,0,60,,45127,30,,,0,20,,45103,30,,,0,20,,45119,30,,,0,59,,45090,30,,,0,19,,45102,30,,,0,20,,45104,30,,,0,71,,45121,30,,,0,34,,45106,30,,,0,75,,45122,30,,,0,75,,45105,30,,,0,35,,45123,30,,,0,75,,45107,30,,,0,35,,45124,30,,,0,75,,45108,30,,,0,35,,45125,30,,,0,77,,45110,30,,,0,75,,45126,30,,,0
7800,'1CCSDCUT-Weekday',517,,45128,30,,,0,30,,45141,30,,,0,60,,45157,30,,,0,20,,45129,30,,,0,76,,45142,30,,,0,20,,45159,30,,,0,20,,45130,30,,,0,60,,45139,30,,,0,20,,45143,30,,,0,20,,45160,30,,,0,60,,45131,30,,,0,18,,45140,30,,,0,20,,45144,30,,,0,62,,45161,30,,,0,25,,45132,30,,,0,25,,45145,30,,,0,65,,45162,30,,,0,25,,45133,30,,,0,65,,45146,30,,,0,25,,45163,30,,,0,25,,45134,30,,,0,65,,45147,30,,,0,25,,45164,30,,,0,65,,45135,30,,,0,25,,45148,30,,,0,67,,45165,30,,,0,25,,45136,30,,,0,21,,45168,30,,,0,60,,45149,30,,,0,20,,45166,30,,,0,20,,45137,30,,,0,60,,45175,30,,,0,20,,45151,30,,,0,20,,45167,30,,,0,59,,45138,30,,,0,19,,45150,30,,,0,20,,45152,30,,,0,71,,45169,30,,,0,34,,45154,30,,,0,75,,45170,30,,,0,75,,45153,30,,,0,35,,45171,30,,,0,75,,45155,30,,,0,35,,45172,30,,,0,75,,45156,30,,,0,35,,45173,30,,,0,75,,45158,30,,,0,77,,45174,30,,,0
7800,'1PUBCUT-Weekday',517,,45176,30,,,0,30,,45189,30,,,0,60,,45205,30,,,0,20,,45177,30,,,0,76,,45190,30,,,0,20,,45207,30,,,0,20,,45178,30,,,0,60,,45187,30,,,0,20,,45191,30,,,0,20,,45208,30,,,0,60,,45179,30,,,0,18,,45188,30,,,0,20,,45192,30,,,0,62,,45209,30,,,0,25,,45180,30,,,0,25,,45193,30,,,0,65,,45210,30,,,0,25,,45181,30,,,0,65,,45194,30,,,0,25,,45211,30,,,0,25,,45182,30,,,0,65,,45195,30,,,0,25,,45212,30,,,0,65,,45183,30,,,0,25,,45196,30,,,0,67,,45213,30,,,0,25,,45184,30,,,0,21,,45216,30,,,0,60,,45197,30,,,0,20,,45214,30,,,0,20,,45185,30,,,0,60,,45223,30,,,0,20,,45199,30,,,0,20,,45215,30,,,0,59,,45186,30,,,0,19,,45198,30,,,0,20,,45200,30,,,0,71,,45217,30,,,0,34,,45202,30,,,0,75,,45218,30,,,0,75,,45201,30,,,0,35,,45219,30,,,0,75,,45203,30,,,0,35,,45220,30,,,0,75,,45204,30,,,0,35,,45221,30,,,0,75,,45206,30,,,0,77,,45222,30,,,0
