900,'Saturday',544,,2039,12,,,0,74,,2050,12,,,0,28,,2033,12,,,0,71,,2045,12,,,0,31,,2055,12,,,0,71,,2060,12,,,0,31,,2040,12,,,0,71,,2052,12,,,0,31,,2034,12,,,0,71,,2046,12,,,0,31,,2056,12,,,0,71,,2062,12,,,0,31,,2043,12,,,0,71,,2053,12,,,0,31,,2035,12,,,0,71,,2048,12,,,0,71,,2058,12,,,0,31,,2063,12,,,0,71,,2041,12,,,0,31,,2054,12,,,0,71,,2036,12,,,0,31,,2047,12,,,0,71,,2059,12,,,0,31,,2064,12,,,0,71,,2042,12,,,0,31,,2051,12,,,0,71,,2037,12,,,0,31,,2049,12,,,0,71,,2061,12,,,0,31,,2065,12,,,0,71,,2044,12,,,0,31,,2057,12,,,0,71,,2038,12,,,0,31,,2067,12,,,0,66,,2066,12,,,0
900,'Sunday',544,,2091,12,,,0,74,,2068,12,,,0,28,,2076,12,,,0,71,,2083,12,,,0,31,,2098,12,,,0,71,,2092,12,,,0,31,,2069,12,,,0,71,,2078,12,,,0,31,,2084,12,,,0,71,,2099,12,,,0,31,,2093,12,,,0,71,,2071,12,,,0,31,,2077,12,,,0,71,,2085,12,,,0,31,,2102,12,,,0,71,,2094,12,,,0,71,,2072,12,,,0,31,,2079,12,,,0,71,,2086,12,,,0,31,,2100,12,,,0,71,,2095,12,,,0,31,,2070,12,,,0,71,,2080,12,,,0,31,,2087,12,,,0,71,,2101,12,,,0,31,,2097,12,,,0,71,,2073,12,,,0,31,,2081,12,,,0,71,,2089,12,,,0,31,,2090,12,,,0,71,,2096,12,,,0,31,,2074,12,,,0,71,,2082,12,,,0,31,,2088,12,,,0,66,,2075,12,,,0
900,'Weekday',436,,2111,12,,,0,23,,2124,12,,,0,62,,2137,12,,,0,22,,2103,12,,,0,62,,2119,12,,,0,22,,2129,12,,,0,23,,2144,12,,,0,56,,2151,12,,,0,22,,2112,12,,,0,11,,2156,12,,,0,11,,2125,12,,,0,62,,2136,12,,,0,22,,2104,12,,,0,22,,2120,12,,,0,61,,2130,12,,,0,22,,2145,12,,,0,62,,2152,12,,,0,22,,2113,12,,,0,22,,2126,12,,,0,62,,2138,12,,,0,23,,2106,12,,,0,22,,2121,12,,,0,62,,2131,12,,,0,22,,2146,12,,,0,22,,2153,12,,,0,62,,2114,12,,,0,22,,2127,12,,,0,64,,2139,12,,,0,22,,2105,12,,,0,22,,2122,12,,,0,62,,2132,12,,,0,6,,2157,12,,,0,16,,2147,12,,,0,11,,2160,12,,,0,11,,2154,12,,,0,51,,2158,12,,,0,11,,2115,12,,,0,10,,2159,12,,,0,11,,2128,12,,,0,62,,2140,12,,,0,22,,2107,12,,,0,22,,2123,12,,,0,62,,2133,12,,,0,22,,2148,12,,,0,20,,2155,12,,,0,67,,2116,12,,,0,30,,2142,12,,,0,70,,2108,12,,,0,30,,2134,12,,,0,70,,2149,12,,,0,30,,2117,12,,,0,70,,2141,12,,,0,30,,2109,12,,,0,70,,2135,12,,,0,30,,2150,12,,,0,70,,2118,12,,,0,30,,2143,12,,,0,77,,2110,12,,,0
1301,'Saturday',649,,2777,35,,,0,73,,2786,35,,,0,30,,2797,35,,,0,72,,2776,35,,,0,34,,2788,35,,,0,74,,2798,35,,,0,74,,2778,35,,,0,34,,2787,35,,,0,74,,2799,35,,,0,34,,2780,35,,,0,74,,2789,35,,,0,34,,2781,35,,,0,74,,2792,35,,,0,74,,2800,35,,,0,34,,2779,35,,,0,76,,2790,35,,,0,37,,2801,35,,,0,74,,2783,35,,,0,34,,2793,35,,,0,74,,2802,35,,,0,73,,2784,35,,,0,31,,2794,35,,,0,74,,2804,35,,,0,32,,2782,35,,,0,73,,2791,35,,,0,34,,2803,35,,,0,74,,2795,35,,,0,34,,2805,35,,,0,74,,2785,35,,,0,74,,2796,35,,,0,34,,2806,35,,,0
1301,'Sunday',648,,2808,35,,,0,73,,2817,35,,,0,33,,2829,35,,,0,70,,2809,35,,,0,33,,2819,35,,,0,74,,2830,35,,,0,74,,2807,35,,,0,34,,2821,35,,,0,74,,2831,35,,,0,34,,2811,35,,,0,74,,2820,35,,,0,34,,2832,35,,,0,74,,2812,35,,,0,74,,2822,35,,,0,34,,2833,35,,,0,74,,2810,35,,,0,34,,2823,35,,,0,74,,2834,35,,,0,34,,2813,35,,,0,74,,2824,35,,,0,74,,2835,35,,,0,34,,2814,35,,,0,74,,2825,35,,,0,34,,2836,35,,,0,74,,2816,35,,,0,34,,2828,35,,,0,74,,2837,35,,,0,34,,2815,35,,,0,74,,2826,35,,,0,74,,2838,35,,,0,34,,2818,35,,,0,74,,2827,35,,,0,34,,2839,35,,,0
1301,'Weekday',636,,2858,35,,,0,73,,2841,35,,,0,30,,2849,35,,,0,70,,2868,35,,,0,30,,2859,35,,,0,68,,2840,35,,,0,29,,2851,35,,,0,70,,2867,35,,,0,30,,2860,35,,,0,70,,2842,35,,,0,30,,2850,35,,,0,70,,2869,35,,,0,30,,2861,35,,,0,70,,2843,35,,,0,30,,2852,35,,,0,70,,2870,35,,,0,30,,2862,35,,,0,70,,2844,35,,,0,33,,2853,35,,,0,70,,2871,35,,,0,30,,2863,35,,,0,70,,2846,35,,,0,30,,2854,35,,,0,70,,2872,35,,,0,30,,2864,35,,,0,68,,2845,35,,,0,28,,2855,35,,,0,70,,2873,35,,,0,30,,2865,35,,,0,70,,2847,35,,,0,30,,2856,35,,,0,70,,2874,35,,,0,30,,2866,35,,,0,70,,2848,35,,,0,33,,2857,35,,,0
2000,'Saturday',626,,3651,15,,,0,28,,3670,15,,,0,68,,3657,15,,,0,28,,3663,15,,,0,68,,3678,15,,,0,28,,3683,15,,,0,69,,3652,15,,,0,28,,3671,15,,,0,68,,3658,15,,,0,28,,3665,15,,,0,68,,3677,15,,,0,28,,3684,15,,,0,68,,3650,15,,,0,28,,3673,15,,,0,28,,3659,15,,,0,68,,3666,15,,,0,28,,3679,15,,,0,68,,3685,15,,,0,28,,3653,15,,,0,68,,3672,15,,,0,28,,3660,15,,,0,68,,3667,15,,,0,28,,3680,15,,,0,68,,3686,15,,,0,28,,3654,15,,,0,68,,3674,15,,,0,28,,3661,15,,,0,68,,3668,15,,,0,28,,3682,15,,,0,28,,3687,15,,,0,67,,3656,15,,,0,28,,3675,15,,,0,68,,3662,15,,,0,28,,3669,15,,,0,68,,3681,15,,,0,28,,3688,15,,,0,68,,3655,15,,,0,28,,3676,15,,,0,67,,3664,15,,,0
2000,'Sunday',626,,3689,15,,,0,28,,3708,15,,,0,68,,3696,15,,,0,28,,3702,15,,,0,68,,3715,15,,,0,28,,3722,15,,,0,69,,3690,15,,,0,28,,3709,15,,,0,68,,3697,15,,,0,28,,3703,15,,,0,68,,3716,15,,,0,28,,3721,15,,,0,68,,3691,15,,,0,28,,3710,15,,,0,28,,3698,15,,,0,68,,3704,15,,,0,28,,3717,15,,,0,68,,3723,15,,,0,28,,3692,15,,,0,68,,3711,15,,,0,28,,3700,15,,,0,68,,3705,15,,,0,28,,3718,15,,,0,68,,3725,15,,,0,28,,3693,15,,,0,68,,3712,15,,,0,28,,3699,15,,,0,68,,3706,15,,,0,28,,3719,15,,,0,28,,3724,15,,,0,67,,3695,15,,,0,28,,3713,15,,,0,68,,3701,15,,,0,28,,3707,15,,,0,68,,3720,15,,,0,28,,3726,15,,,0,68,,3694,15,,,0,28,,3714,15,,,0
2000,'Weekday',533,,3741,15,,,0,70,,3755,15,,,0,28,,3749,15,,,0,14,,3761,15,,,0,14,,3735,15,,,0,54,,3763,15,,,0,14,,3728,15,,,0,14,,3765,15,,,0,14,,3736,15,,,0,54,,3760,15,,,0,14,,3742,15,,,0,15,,3762,15,,,0,12,,3753,15,,,0,54,,3764,15,,,0,14,,3751,15,,,0,28,,3766,15,,,0,68,,3729,15,,,0,28,,3738,15,,,0,68,,3743,15,,,0,28,,3756,15,,,0,68,,3750,15,,,0,28,,3767,15,,,0,68,,3730,15,,,0,28,,3739,15,,,0,28,,3744,15,,,0,68,,3757,15,,,0,30,,3752,15,,,0,68,,3768,15,,,0,14,,3775,15,,,0,14,,3731,15,,,0,54,,3782,15,,,0,14,,3740,15,,,0,14,,3786,15,,,0,14,,3746,15,,,0,54,,3773,15,,,0,12,,3778,15,,,0,14,,3758,15,,,0,14,,3754,15,,,0,14,,3774,15,,,0,54,,3769,15,,,0,14,,3776,15,,,0,14,,3732,15,,,0,13,,3783,15,,,0,68,,3745,15,,,0,28,,3779,15,,,0,68,,3759,15,,,0,28,,3770,15,,,0,68,,3733,15,,,0,28,,3784,15,,,0,68,,3747,15,,,0,35,,3780,15,,,0,67,,3771,15,,,0,30,,3734,15,,,0,70,,3785,15,,,0,30,,3748,15,,,0,20,,3781,15,,,0
69900,'Weekday0000100',1348,,23738,4,0,115 116,0,75,,23737,4,0,115 116,0
69900,'Weekday1111000',1540,,23739,4,0,115 116,0
