4000,'CUT-Weekday',615,,12297,,,0,36,,12298,,,0,75,,12299,,,0,75,,12301,,,0,35,,12312,,,0,75,,12300,,,0,35,,12302,,,0,75,,12314,,,0,35,,12308,,,0,75,,12303,,,0,75,,12313,,,0,35,,12309,,,0,75,,12304,,,0,35,,12316,,,0,75,,12311,,,0,75,,12305,,,0,35,,12317,,,0,75,,12310,,,0,35,,12306,,,0,75,,12318,,,0,35,,12315,,,0,75,,12307,,,0,75,,12319,,,0,35,,12321,,,0,75,,12324,,,0,35,,12320,,,0,75,,12323,,,0,75,,12325,,,0,32,,12322,,,0
4000,'Saturday',804,,12327,,,0,35,,12328,,,0,75,,12326,,,0,35,,12329,,,0,75,,12330,,,0,35,,12331,,,0,75,,12332,,,0,75,,12333,,,0,35,,12336,,,0,75,,12337,,,0,35,,12334,,,0,75,,12335,,,0,75,,12338,,,0,35,,12339,,,0,75,,12340,,,0,35,,12341,,,0,75,,12342,,,0,35,,12343,,,0,75,,12344,,,0
4000,'Sunday',804,,12345,,,0,35,,12346,,,0,75,,12348,,,0,35,,12349,,,0,75,,12350,,,0,35,,12347,,,0,75,,12351,,,0,75,,12352,,,0,35,,12353,,,0,75,,12354,,,0,35,,12355,,,0,75,,12357,,,0,75,,12358,,,0,35,,12359,,,0,75,,12356,,,0,35,,12360,,,0,75,,12361,,,0,35,,12362,,,0,75,,12363,,,0
4000,'Weekday',615,,12364,,,0,36,,12365,,,0,75,,12366,,,0,75,,12368,,,0,35,,12379,,,0,75,,12367,,,0,35,,12369,,,0,75,,12381,,,0,35,,12375,,,0,75,,12370,,,0,75,,12380,,,0,35,,12376,,,0,75,,12371,,,0,35,,12383,,,0,75,,12378,,,0,75,,12372,,,0,35,,12384,,,0,75,,12377,,,0,35,,12373,,,0,75,,12385,,,0,35,,12382,,,0,75,,12374,,,0,75,,12386,,,0,35,,12389,,,0,75,,12391,,,0,35,,12388,,,0,75,,12390,,,0,75,,12392,,,0,32,,12387,,,0
4000,'pBxDec31-Weekday',615,,12393,,,0,36,,12394,,,0,75,,12395,,,0,75,,12396,,,0,35,,12408,,,0,75,,12397,,,0,35,,12398,,,0,75,,12410,,,0,35,,12404,,,0,75,,12399,,,0,75,,12409,,,0,35,,12405,,,0,75,,12400,,,0,35,,12412,,,0,75,,12407,,,0,75,,12401,,,0,35,,12413,,,0,75,,12406,,,0,35,,12402,,,0,75,,12414,,,0,35,,12411,,,0,75,,12403,,,0,75,,12415,,,0,35,,12417,,,0,75,,12420,,,0,35,,12416,,,0,75,,12419,,,0,75,,12421,,,0,32,,12418,,,0
12000,'CUT-Weekday',522,,30036,,,0,85,,30037,,,0,23,,30062,,,0,22,,30039,,,0,63,,30063,,,0,22,,30040,,,0,63,,30064,,,0,22,,30041,,,0,85,,30042,,,0,45,,30043,,,0,85,,30044,,,0,85,,30045,,,0,85,,30046,,,0,45,,30047,,,0,85,,30048,,,0,85,,30049,,,0,85,,30050,,,0,23,,30067,,,0,22,,30051,,,0,63,,30066,,,0,22,,30052,,,0,63,,30065,,,0,22,,30053,,,0,85,,30054,,,0,45,,30055,,,0,85,,30056,,,0,85,,30057,,,0,85,,30058,,,0,44,,30060,,,0,85,,30059,,,0,85,,30061,,,0,85,,30038,,,0
12000,'Saturday',658,,30069,,,0,86,,30068,,,0,86,,30070,,,0,86,,30071,,,0,86,,30072,,,0,46,,30073,,,0,86,,30074,,,0,86,,30075,,,0,86,,30077,,,0,46,,30076,,,0,86,,30078,,,0,86,,30079,,,0,86,,30080,,,0,46,,30081,,,0,86,,30082,,,0,86,,30083,,,0,86,,30084,,,0,86,,30085,,,0,46,,30086,,,0,85,,30087,,,0,86,,30088,,,0,86,,30089,,,0,46,,30090,,,0
12000,'Sunday',658,,30091,,,0,86,,30092,,,0,86,,30093,,,0,86,,30094,,,0,86,,30095,,,0,46,,30096,,,0,86,,30097,,,0,86,,30098,,,0,86,,30099,,,0,46,,30101,,,0,86,,30100,,,0,86,,30102,,,0,86,,30103,,,0,46,,30104,,,0,86,,30105,,,0,86,,30106,,,0,86,,30107,,,0,86,,30109,,,0,46,,30108,,,0,85,,30110,,,0,86,,30111,,,0,86,,30112,,,0,46,,30113,,,0
12000,'Weekday',522,,30114,,,0,85,,30115,,,0,23,,30140,,,0,22,,30118,,,0,63,,30141,,,0,22,,30117,,,0,63,,30142,,,0,22,,30119,,,0,85,,30120,,,0,45,,30121,,,0,85,,30122,,,0,85,,30123,,,0,85,,30124,,,0,45,,30125,,,0,85,,30126,,,0,85,,30127,,,0,85,,30128,,,0,23,,30145,,,0,22,,30129,,,0,63,,30144,,,0,22,,30130,,,0,63,,30143,,,0,22,,30131,,,0,85,,30132,,,0,45,,30133,,,0,85,,30134,,,0,85,,30135,,,0,85,,30136,,,0,44,,30137,,,0,85,,30138,,,0,85,,30139,,,0,85,,30116,,,0
12000,'pBxDec31-Weekday',522,,30146,,,0,85,,30147,,,0,23,,30172,,,0,22,,30149,,,0,63,,30173,,,0,22,,30150,,,0,63,,30174,,,0,22,,30151,,,0,85,,30152,,,0,45,,30153,,,0,85,,30154,,,0,85,,30155,,,0,85,,30156,,,0,45,,30157,,,0,85,,30158,,,0,85,,30159,,,0,85,,30160,,,0,23,,30177,,,0,22,,30161,,,0,63,,30176,,,0,22,,30162,,,0,63,,30175,,,0,22,,30163,,,0,85,,30164,,,0,45,,30165,,,0,85,,30166,,,0,85,,30167,,,0,85,,30168,,,0,44,,30170,,,0,85,,30169,,,0,85,,30171,,,0,85,,30148,,,0
82000,'Weekday',817,,44336,0,12 13 1 199 145 119,0
