9401,'Saturday',555,,49559,4,,,0,90,,49562,4,,,0,90,,49563,4,,,0,90,,49561,4,,,0,90,,49560,4,,,0,90,,49564,4,,,0,50,,49565,4,,,0,90,,49566,4,,,0,90,,49567,4,,,0,90,,49568,4,,,0,90,,49569,4,,,0,90,,49570,4,,,0,50,,49571,4,,,0,90,,49573,4,,,0,90,,49574,4,,,0,90,,49575,4,,,0,90,,49572,4,,,0,90,,49576,4,,,0,50,,49577,4,,,0,90,,49578,4,,,0
9401,'Sunday',555,,49580,4,0,157 46,0,90,,49579,4,0,157 46,0,90,,49581,4,0,157 46,0,90,,49582,4,0,157 46,0,90,,49583,4,0,157 46,0,90,,49584,4,0,157 46,0,50,,49585,4,0,157 46,0,90,,49586,4,0,157 46,0,90,,49587,4,0,157 46,0,90,,49589,4,0,157 46,0,90,,49590,4,0,157 46,0,90,,49588,4,0,157 46,0,50,,49592,4,0,157 46,0,90,,49591,4,0,157 46,0,90,,49593,4,0,157 46,0,90,,49595,4,0,157 46,0,90,,49594,4,0,157 46,0,90,,49596,4,0,157 46,0,50,,49597,4,0,157 46,0,90,,49598,4,0,157 46,0
9401,'Weekday',537,,49599,4,,,0,20,,49605,4,,,0,60,,49600,4,,,0,20,,49606,4,,,0,20,,49601,4,,,0,60,,49607,4,,,0,20,,49602,4,,,0,20,,49608,4,,,0,60,,49603,4,,,0,20,,49609,4,,,0,20,,49604,4,,,0,60,,49610,4,,,0,20,,49611,4,,,0,80,,49612,4,,,0,40,,49613,4,,,0,80,,49614,4,,,0,80,,49615,4,,,0,40,,49616,4,,,0,80,,49617,4,,,0,80,,49618,4,,,0,20,,49626,4,,,0,20,,49619,4,,,0,60,,49627,4,,,0,20,,49620,4,,,0,20,,49628,4,,,0,60,,49621,4,,,0,20,,49629,4,,,0,20,,49622,4,,,0,60,,49630,4,,,0,20,,49623,4,,,0,20,,49631,4,,,0,60,,49624,4,,,0,20,,49632,4,,,0,20,,49625,4,,,0,60,,49633,4,,,0,40,,49634,4,,,0,80,,49635,4,,,0,80,,49636,4,,,0,40,,49637,4,,,0,80,,49638,4,,,0,80,,49639,4,,,0,40,,49640,4,,,0
9401,'1CCSDCUT-Weekday',537,,49641,4,,,0,20,,49647,4,,,0,60,,49642,4,,,0,20,,49648,4,,,0,20,,49643,4,,,0,60,,49649,4,,,0,20,,49644,4,,,0,20,,49650,4,,,0,60,,49645,4,,,0,20,,49651,4,,,0,20,,49646,4,,,0,60,,49652,4,,,0,20,,49653,4,,,0,80,,49654,4,,,0,40,,49655,4,,,0,80,,49656,4,,,0,80,,49657,4,,,0,40,,49658,4,,,0,80,,49659,4,,,0,80,,49660,4,,,0,20,,49668,4,,,0,20,,49661,4,,,0,60,,49669,4,,,0,20,,49662,4,,,0,20,,49670,4,,,0,60,,49663,4,,,0,20,,49671,4,,,0,20,,49664,4,,,0,60,,49672,4,,,0,20,,49665,4,,,0,20,,49673,4,,,0,60,,49666,4,,,0,20,,49674,4,,,0,20,,49667,4,,,0,60,,49675,4,,,0,40,,49676,4,,,0,80,,49677,4,,,0,80,,49678,4,,,0,40,,49679,4,,,0,80,,49680,4,,,0,80,,49681,4,,,0,40,,49682,4,,,0
69900,'Weekday0000100',1410,,68339,23,0,115 116,0,40,,68338,23,0,115 116,0
69900,'Weekday1111000',1602,,68340,23,0,115 116,0
69900,'1CCSDCUT-Weekday0000100',1410,,68342,23,0,115 116,0,40,,68341,23,0,115 116,0
69900,'1CCSDCUT-Weekday1111000',1602,,68343,23,0,115 116,0
78900,'Weekday',834,,68806,5,0,105 15 78,0
78900,'1CCSDCUT-Weekday',834,,68807,5,0,105 15 78,0
89400,'Weekday',754,,69165,38,0,12 68 1 114 12,0
