13800,'Saturday',556,,18111,11,,,0,80,,18087,11,,,0,80,,18085,11,,,0,40,,18088,11,,,0,80,,18090,11,,,0,80,,18091,11,,,0,40,,18086,11,,,0,80,,18089,11,,,0,80,,18093,11,,,0,40,,18094,11,,,0,80,,18092,11,,,0,81,,18095,11,,,0,40,,18096,11,,,0,80,,18097,11,,,0,80,,18098,11,,,0,40,,18099,11,,,0,80,,18101,11,,,0,80,,18102,11,,,0,40,,18103,11,,,0,80,,18100,11,,,0,80,,18104,11,,,0,40,,18105,11,,,0,80,,18106,11,,,0,80,,18107,11,,,0,40,,18108,11,,,0,80,,18109,11,,,0,80,,18110,11,,,0,40,,18112,11,,,0
13800,'Sunday',557,,18131,11,,,0,80,,18113,11,,,0,80,,18122,11,,,0,40,,18132,11,,,0,80,,18114,11,,,0,80,,18123,11,,,0,40,,18133,11,,,0,80,,18115,11,,,0,80,,18124,11,,,0,40,,18134,11,,,0,80,,18117,11,,,0,81,,18125,11,,,0,40,,18135,11,,,0,80,,18116,11,,,0,80,,18126,11,,,0,40,,18136,11,,,0,80,,18118,11,,,0,80,,18127,11,,,0,40,,18137,11,,,0,79,,18119,11,,,0,80,,18129,11,,,0,40,,18138,11,,,0,80,,18120,11,,,0,80,,18128,11,,,0,40,,18139,11,,,0,80,,18121,11,,,0,80,,18130,11,,,0
13800,'Weekday',451,,18146,11,,,0,76,,18157,11,,,0,30,,18164,11,,,0,70,,18140,11,,,0,31,,18147,11,,,0,70,,18158,11,,,0,30,,18165,11,,,0,72,,18142,11,,,0,70,,18148,11,,,0,31,,18159,11,,,0,70,,18166,11,,,0,28,,18141,11,,,0,30,,18149,11,,,0,70,,18160,11,,,0,30,,18167,11,,,0,70,,18143,11,,,0,30,,18150,11,,,0,70,,18161,11,,,0,30,,18168,11,,,0,72,,18144,11,,,0,70,,18151,11,,,0,16,,18179,11,,,0,15,,18162,11,,,0,72,,18169,11,,,0,32,,18145,11,,,0,70,,18152,11,,,0,30,,18163,11,,,0,70,,18170,11,,,0,27,,18153,11,,,0,25,,18171,11,,,0,70,,18174,11,,,0,30,,18154,11,,,0,70,,18177,11,,,0,30,,18172,11,,,0,70,,18175,11,,,0,30,,18155,11,,,0,70,,18178,11,,,0,30,,18173,11,,,0,70,,18176,11,,,0,30,,18156,11,,,0
29900,'Saturday',600,,20779,16,,,0,30,,20754,16,,,0,70,,20764,16,,,0,30,,20784,16,,,0,70,,20755,16,,,0,30,,20768,16,,,0,70,,20756,16,,,0,30,,20769,16,,,0,70,,20753,16,,,0,30,,20785,16,,,0,70,,20770,16,,,0,30,,20757,16,,,0,70,,20771,16,,,0,30,,20758,16,,,0,70,,20786,16,,,0,30,,20772,16,,,0,70,,20759,16,,,0,30,,20773,16,,,0,70,,20760,16,,,0,30,,20775,16,,,0,70,,20787,16,,,0,30,,20762,16,,,0,70,,20777,16,,,0,30,,20763,16,,,0,70,,20774,16,,,0,30,,20788,16,,,0,70,,20765,16,,,0,30,,20780,16,,,0,70,,20761,16,,,0,30,,20776,16,,,0,70,,20782,16,,,0,30,,20766,16,,,0,70,,20778,16,,,0,30,,20767,16,,,0,70,,20781,16,,,0,30,,20783,16,,,0
29900,'Sunday',600,,20824,16,,,0,30,,20823,16,,,0,70,,20789,16,,,0,30,,20805,16,,,0,70,,20790,16,,,0,30,,20802,16,,,0,70,,20791,16,,,0,30,,20819,16,,,0,70,,20800,16,,,0,30,,20793,16,,,0,70,,20806,16,,,0,30,,20794,16,,,0,70,,20820,16,,,0,30,,20807,16,,,0,70,,20792,16,,,0,30,,20809,16,,,0,70,,20795,16,,,0,30,,20810,16,,,0,70,,20821,16,,,0,30,,20797,16,,,0,70,,20811,16,,,0,30,,20798,16,,,0,70,,20812,16,,,0,30,,20817,16,,,0,70,,20799,16,,,0,30,,20813,16,,,0,70,,20796,16,,,0,30,,20814,16,,,0,70,,20818,16,,,0,30,,20801,16,,,0,70,,20808,16,,,0,30,,20803,16,,,0,70,,20815,16,,,0,30,,20804,16,,,0,70,,20822,16,,,0,30,,20816,16,,,0
29900,'Weekday',514,,20825,16,,,0,30,,20826,16,,,0,70,,20839,16,,,0,32,,20836,16,,,0,70,,20840,16,,,0,30,,20841,16,,,0,70,,20842,16,,,0,30,,20843,16,,,0,68,,20844,16,,,0,30,,20846,16,,,0,70,,20847,16,,,0,30,,20848,16,,,0,70,,20845,16,,,0,30,,20849,16,,,0,70,,20850,16,,,0,30,,20851,16,,,0,70,,20853,16,,,0,30,,20854,16,,,0,70,,20855,16,,,0,30,,20852,16,,,0,70,,20856,16,,,0,32,,20857,16,,,0,70,,20858,16,,,0,30,,20859,16,,,0,70,,20860,16,,,0,30,,20861,16,,,0,70,,20862,16,,,0,29,,20828,16,,,0,70,,20829,16,,,0,30,,20830,16,,,0,70,,20831,16,,,0,30,,20833,16,,,0,70,,20834,16,,,0,29,,20827,16,,,0,69,,20832,16,,,0,30,,20835,16,,,0,70,,20837,16,,,0,30,,20838,16,,,0
81201,'Weekday0000100',1457,,24019,9,0,12 13 146 147 148,0
81201,'Weekday1111000',1557,,24020,9,0,12 13 146 147 148,0
81301,'Weekday0000100',1506,,24022,34,0,12 13 1 142 143 144 145 146 147,0
81301,'Weekday1111000',1606,,24023,34,0,12 13 1 142 143 144 145 146 147,0
