15101,'Weekday',1714,,128413,21,,,0,44,,128412,27,,,0
15101,'STMPSnea-Weekday',1714,,128415,21,,,0,44,,128414,27,,,0
15101,'STMPWeek-Weekday',1714,,128417,21,,,0,44,,128416,27,,,0
15101,'STMPar-Weekday',1714,,128419,21,,,0,44,,128418,27,,,0
15300,'Saturday',618,,128572,20,,,0,37,,128573,20,,,0,77,,128574,20,,,0,77,,128576,20,,,0,37,,128584,20,,,0,77,,128585,20,,,0,77,,128582,20,,,0,37,,128587,20,,,0,77,,128581,20,,,0,37,,128588,20,,,0,77,,128589,20,,,0,77,,128586,20,,,0,37,,128590,20,,,0,77,,128591,20,,,0,37,,128592,20,,,0,77,,128593,20,,,0,77,,128594,20,,,0,37,,128595,20,,,0,77,,128596,20,,,0,77,,128598,20,,,0,37,,128597,20,,,0,77,,128583,20,,,0,37,,128578,20,,,0,77,,128580,20,,,0,77,,128579,20,,,0,37,,128577,20,,,0,77,,128575,20,,,0
15300,'Sunday',846,,128599,20,,,0,77,,128601,20,,,0,77,,128600,20,,,0,37,,128602,20,,,0,77,,128603,20,,,0,37,,128604,20,,,0,77,,128606,20,,,0,77,,128607,20,,,0,37,,128608,20,,,0,77,,128605,20,,,0,37,,128609,20,,,0,77,,128610,20,,,0,77,,128611,20,,,0,37,,128612,20,,,0,77,,128613,20,,,0,77,,128614,20,,,0,37,,128615,20,,,0,77,,128616,20,,,0,37,,128617,20,,,0,77,,128618,20,,,0,77,,128619,20,,,0,35,,128620,20,,,0,72,,128621,20,,,0
15300,'Weekday',536,,128623,20,,,0,65,,128624,20,,,0,25,,128622,20,,,0,25,,128625,20,,,0,65,,128626,20,,,0,25,,128627,20,,,0,65,,128628,20,,,0,25,,128630,20,,,0,25,,128631,20,,,0,65,,128629,20,,,0,25,,128632,20,,,0,65,,128633,20,,,0,25,,128634,20,,,0,65,,128635,20,,,0,25,,128637,20,,,0,25,,128638,20,,,0,65,,128636,20,,,0,25,,128640,20,,,0,65,,128641,20,,,0,25,,128639,20,,,0,25,,128642,20,,,0,65,,128643,20,,,0,27,,128644,20,,,0,66,,128655,20,,,0,25,,128656,20,,,0,20,,128657,20,,,0,60,,128658,20,,,0,20,,128659,20,,,0,20,,128660,20,,,0,60,,128661,20,,,0,20,,128662,20,,,0,20,,128663,20,,,0,58,,128653,20,,,0,24,,128654,20,,,0,75,,128645,20,,,0,36,,128646,20,,,0,76,,128647,20,,,0,76,,128648,20,,,0,36,,128650,20,,,0,76,,128651,20,,,0,36,,128652,20,,,0,76,,128649,20,,,0
15300,'STMPSa-Saturday',618,,128664,20,,,0,37,,128665,20,,,0,77,,128666,20,,,0,77,,128668,20,,,0,37,,128676,20,,,0,77,,128677,20,,,0,77,,128674,20,,,0,37,,128679,20,,,0,77,,128673,20,,,0,37,,128680,20,,,0,77,,128681,20,,,0,77,,128678,20,,,0,37,,128682,20,,,0,77,,128683,20,,,0,37,,128684,20,,,0,77,,128685,20,,,0,77,,128686,20,,,0,37,,128687,20,,,0,77,,128688,20,,,0,77,,128690,20,,,0,37,,128689,20,,,0,77,,128675,20,,,0,37,,128670,20,,,0,77,,128672,20,,,0,77,,128671,20,,,0,37,,128669,20,,,0,77,,128667,20,,,0
15300,'STMPSnea-Weekday',536,,128692,20,,,0,65,,128693,20,,,0,25,,128691,20,,,0,25,,128694,20,,,0,65,,128695,20,,,0,25,,128696,20,,,0,65,,128697,20,,,0,25,,128699,20,,,0,25,,128700,20,,,0,65,,128698,20,,,0,25,,128701,20,,,0,65,,128702,20,,,0,25,,128703,20,,,0,65,,128704,20,,,0,25,,128706,20,,,0,25,,128707,20,,,0,65,,128705,20,,,0,25,,128709,20,,,0,65,,128710,20,,,0,25,,128708,20,,,0,25,,128711,20,,,0,65,,128712,20,,,0,27,,128713,20,,,0,66,,128724,20,,,0,25,,128725,20,,,0,20,,128726,20,,,0,60,,128727,20,,,0,20,,128728,20,,,0,20,,128729,20,,,0,60,,128730,20,,,0,20,,128731,20,,,0,20,,128732,20,,,0,58,,128722,20,,,0,24,,128723,20,,,0,75,,128714,20,,,0,36,,128715,20,,,0,76,,128716,20,,,0,76,,128717,20,,,0,36,,128719,20,,,0,76,,128720,20,,,0,36,,128721,20,,,0,76,,128718,20,,,0
15300,'STMPSu1-Sunday',846,,128733,20,,,0,77,,128735,20,,,0,77,,128734,20,,,0,37,,128736,20,,,0,77,,128737,20,,,0,37,,128738,20,,,0,77,,128740,20,,,0,77,,128741,20,,,0,37,,128742,20,,,0,77,,128739,20,,,0,37,,128743,20,,,0,77,,128744,20,,,0,77,,128745,20,,,0,37,,128746,20,,,0,77,,128747,20,,,0,77,,128748,20,,,0,37,,128749,20,,,0,77,,128750,20,,,0,37,,128751,20,,,0,77,,128752,20,,,0,77,,128753,20,,,0,35,,128754,20,,,0,72,,128755,20,,,0
15300,'STMPSu2-Sunday',846,,128756,20,,,0,77,,128758,20,,,0,77,,128757,20,,,0,37,,128759,20,,,0,77,,128760,20,,,0,37,,128761,20,,,0,77,,128763,20,,,0,77,,128764,20,,,0,37,,128765,20,,,0,77,,128762,20,,,0,37,,128766,20,,,0,77,,128767,20,,,0,77,,128768,20,,,0,37,,128769,20,,,0,77,,128770,20,,,0,77,,128771,20,,,0,37,,128772,20,,,0,77,,128773,20,,,0,37,,128774,20,,,0,77,,128775,20,,,0,77,,128776,20,,,0,35,,128777,20,,,0,72,,128778,20,,,0
15300,'STMPWeek-Weekday',536,,128780,20,,,0,65,,128781,20,,,0,25,,128779,20,,,0,25,,128782,20,,,0,65,,128783,20,,,0,25,,128784,20,,,0,65,,128785,20,,,0,25,,128787,20,,,0,25,,128788,20,,,0,65,,128786,20,,,0,25,,128789,20,,,0,65,,128790,20,,,0,25,,128791,20,,,0,65,,128792,20,,,0,25,,128794,20,,,0,25,,128795,20,,,0,65,,128793,20,,,0,25,,128797,20,,,0,65,,128798,20,,,0,25,,128796,20,,,0,25,,128799,20,,,0,65,,128800,20,,,0,27,,128801,20,,,0,66,,128812,20,,,0,25,,128813,20,,,0,20,,128814,20,,,0,60,,128815,20,,,0,20,,128816,20,,,0,20,,128817,20,,,0,60,,128818,20,,,0,20,,128819,20,,,0,20,,128820,20,,,0,58,,128810,20,,,0,24,,128811,20,,,0,75,,128802,20,,,0,36,,128803,20,,,0,76,,128804,20,,,0,76,,128805,20,,,0,36,,128807,20,,,0,76,,128808,20,,,0,36,,128809,20,,,0,76,,128806,20,,,0
15300,'STMPar-Weekday',536,,128822,20,,,0,65,,128823,20,,,0,25,,128821,20,,,0,25,,128824,20,,,0,65,,128825,20,,,0,25,,128826,20,,,0,65,,128827,20,,,0,25,,128829,20,,,0,25,,128830,20,,,0,65,,128828,20,,,0,25,,128831,20,,,0,65,,128832,20,,,0,25,,128833,20,,,0,65,,128834,20,,,0,25,,128836,20,,,0,25,,128837,20,,,0,65,,128835,20,,,0,25,,128839,20,,,0,65,,128840,20,,,0,25,,128838,20,,,0,25,,128842,20,,,0,65,,128843,20,,,0,27,,128844,20,,,0,66,,128854,20,,,0,25,,128855,20,,,0,20,,128856,20,,,0,60,,128857,20,,,0,20,,128858,20,,,0,20,,128859,20,,,0,60,,128860,20,,,0,20,,128861,20,,,0,20,,128862,20,,,0,58,,128852,20,,,0,24,,128853,20,,,0,75,,128841,20,,,0,36,,128845,20,,,0,76,,128846,20,,,0,76,,128847,20,,,0,36,,128849,20,,,0,76,,128850,20,,,0,36,,128851,20,,,0,76,,128848,20,,,0
