9801,'Saturday',558,,50524,6,,,0,75,,50525,6,,,0,75,,50527,6,,,0,35,,50526,6,,,0,75,,50529,6,,,0,35,,50530,6,,,0,75,,50528,6,,,0,75,,50531,6,,,0,35,,50532,6,,,0,75,,50533,6,,,0,35,,50534,6,,,0,75,,50535,6,,,0,35,,50536,6,,,0,75,,50537,6,,,0,75,,50538,6,,,0,35,,50539,6,,,0,75,,50540,6,,,0,35,,50541,6,,,0,75,,50542,6,,,0,75,,50543,6,,,0,35,,50544,6,,,0,75,,50545,6,,,0,35,,50547,6,,,0,75,,50546,6,,,0,35,,50548,6,,,0,75,,50549,6,,,0,75,,50551,6,,,0,35,,50550,6,,,0,75,,50553,6,,,0,35,,50552,6,,,0
9801,'Sunday',817,,50554,6,,,0,35,,50555,6,,,0,75,,50556,6,,,0,75,,50557,6,,,0,35,,50558,6,,,0,75,,50560,6,,,0,35,,50559,6,,,0,75,,50561,6,,,0,35,,50562,6,,,0,75,,50563,6,,,0,75,,50564,6,,,0,35,,50565,6,,,0,75,,50566,6,,,0,35,,50567,6,,,0,75,,50568,6,,,0,75,,50569,6,,,0,35,,50570,6,,,0,75,,50572,6,,,0,35,,50571,6,,,0,75,,50573,6,,,0,35,,50574,6,,,0,75,,50575,6,,,0,75,,50576,6,,,0,35,,50577,6,,,0,75,,50578,6,,,0,35,,50579,6,,,0
9801,'Weekday',441,,50582,6,,,0,73,,50583,6,,,0,33,,50600,6,,,0,74,,50584,6,,,0,33,,50601,6,,,0,73,,50585,6,,,0,73,,50602,6,,,0,27,,50580,6,,,0,6,,50586,6,,,0,72,,50603,6,,,0,33,,50587,6,,,0,73,,50604,6,,,0,33,,50588,6,,,0,73,,50605,6,,,0,33,,50589,6,,,0,73,,50606,6,,,0,33,,50590,6,,,0,73,,50607,6,,,0,73,,50591,6,,,0,33,,50608,6,,,0,74,,50592,6,,,0,34,,50609,6,,,0,57,,50581,6,,,0,16,,50593,6,,,0,33,,50610,6,,,0,73,,50594,6,,,0,32,,50611,6,,,0,73,,50595,6,,,0,32,,50612,6,,,0,73,,50596,6,,,0,73,,50613,6,,,0,33,,50597,6,,,0,73,,50614,6,,,0,33,,50598,6,,,0,73,,50615,6,,,0,33,,50599,6,,,0,73,,50616,6,,,0
9801,'Weekday0000100',1342,,50617,6,,,0
9801,'Weekday1111000',1604,,50618,6,,,0
9801,'1CCSDCUT-Weekday',441,,50621,6,,,0,73,,50622,6,,,0,33,,50639,6,,,0,74,,50623,6,,,0,33,,50640,6,,,0,73,,50624,6,,,0,73,,50641,6,,,0,27,,50619,6,,,0,6,,50625,6,,,0,72,,50642,6,,,0,33,,50626,6,,,0,73,,50643,6,,,0,33,,50627,6,,,0,73,,50644,6,,,0,33,,50628,6,,,0,73,,50645,6,,,0,33,,50629,6,,,0,73,,50646,6,,,0,73,,50630,6,,,0,33,,50647,6,,,0,74,,50631,6,,,0,34,,50648,6,,,0,57,,50620,6,,,0,16,,50632,6,,,0,33,,50649,6,,,0,73,,50633,6,,,0,32,,50650,6,,,0,73,,50634,6,,,0,32,,50651,6,,,0,73,,50635,6,,,0,73,,50652,6,,,0,33,,50636,6,,,0,73,,50653,6,,,0,33,,50637,6,,,0,73,,50654,6,,,0,33,,50638,6,,,0,73,,50655,6,,,0
9801,'1CCSDCUT-Weekday0000100',1342,,50656,6,,,0
9801,'1CCSDCUT-Weekday1111000',1604,,50657,6,,,0
9801,'1PUBCUT-Weekday',441,,50660,6,,,0,73,,50661,6,,,0,33,,50678,6,,,0,74,,50662,6,,,0,33,,50679,6,,,0,73,,50663,6,,,0,73,,50680,6,,,0,27,,50658,6,,,0,6,,50664,6,,,0,72,,50681,6,,,0,33,,50665,6,,,0,73,,50682,6,,,0,33,,50666,6,,,0,73,,50683,6,,,0,33,,50667,6,,,0,73,,50684,6,,,0,33,,50668,6,,,0,73,,50685,6,,,0,73,,50669,6,,,0,33,,50686,6,,,0,74,,50670,6,,,0,34,,50687,6,,,0,57,,50659,6,,,0,16,,50671,6,,,0,33,,50688,6,,,0,73,,50672,6,,,0,32,,50689,6,,,0,73,,50673,6,,,0,32,,50690,6,,,0,73,,50674,6,,,0,73,,50691,6,,,0,33,,50675,6,,,0,73,,50692,6,,,0,33,,50676,6,,,0,73,,50693,6,,,0,33,,50677,6,,,0,73,,50694,6,,,0
69900,'Weekday0000100',1434,,68339,44,0,115 116,0,80,,68338,44,0,115 116,0
69900,'Weekday1111000',1626,,68340,44,0,115 116,0
69900,'1CCSDCUT-Weekday0000100',1434,,68342,44,0,115 116,0,80,,68341,44,0,115 116,0
69900,'1CCSDCUT-Weekday1111000',1626,,68343,44,0,115 116,0
69900,'1PUBCUT-Weekday0000100',1434,,68345,44,0,115 116,0,80,,68344,44,0,115 116,0
69900,'1PUBCUT-Weekday1111000',1626,,68346,44,0,115 116,0
72800,'Weekday',816,,68516,6,0,140 69 31,0
72800,'1CCSDCUT-Weekday',816,,68517,6,0,140 69 31,0
89400,'Weekday',728,,69165,11,0,12 68 1 114 12,0
89400,'1PUBCUT-Weekday',728,,69166,11,0,12 68 1 114 12,0
89401,'Weekday',1530,,69167,38,0,12 68 1 114 12,0
89401,'1PUBCUT-Weekday',1530,,69168,38,0,12 68 1 114 12,0
