3300,'Saturday',552,,86275,1,0,180 179,0,70,,86277,1,0,180 179,0,30,,86276,1,0,180 179,0,70,,86306,1,0,180 179,0,30,,86307,1,0,180 179,0,70,,86305,1,0,180 179,0,30,,86301,1,0,180 179,0,70,,86302,1,0,180 179,0,30,,86303,1,0,180 179,0,70,,86304,1,0,180 179,0,30,,86297,1,0,180 179,0,70,,86298,1,0,180 179,0,30,,86299,1,0,180 179,0,70,,86300,1,0,180 179,0,30,,86294,1,0,180 179,0,70,,86293,1,0,180 179,0,30,,86295,1,0,180 179,0,70,,86296,1,0,180 179,0,30,,86291,1,0,180 179,0,70,,86292,1,0,180 179,0,30,,86289,1,0,180 179,0,70,,86290,1,0,180 179,0,30,,86287,1,0,180 179,0,70,,86288,1,0,180 179,0,30,,86283,1,0,180 179,0,70,,86284,1,0,180 179,0,30,,86285,1,0,180 179,0,70,,86286,1,0,180 179,0,30,,86280,1,0,180 179,0,70,,86281,1,0,180 179,0,30,,86279,1,0,180 179,0,70,,86282,1,0,180 179,0,30,,86278,1,0,180 179,0
3300,'Sunday',952,,86325,1,0,180 179,0,70,,86324,1,0,180 179,0,30,,86323,1,0,180 179,0,70,,86322,1,0,180 179,0,30,,86321,1,0,180 179,0,70,,86318,1,0,180 179,0,30,,86319,1,0,180 179,0,70,,86320,1,0,180 179,0,30,,86317,1,0,180 179,0,70,,86316,1,0,180 179,0,30,,86315,1,0,180 179,0,70,,86312,1,0,180 179,0,30,,86314,1,0,180 179,0,70,,86313,1,0,180 179,0,30,,86310,1,0,180 179,0,70,,86311,1,0,180 179,0,30,,86309,1,0,180 179,0,70,,86308,1,0,180 179,0
3300,'Weekday',534,,86328,1,,,0,72,,86329,1,,,0,32,,86330,1,,,0,72,,86327,1,,,0,34,,86331,1,,,0,74,,86332,1,,,0,34,,86334,1,,,0,75,,86333,1,,,0,75,,86335,1,,,0,35,,86336,1,,,0,75,,86338,1,,,0,35,,86339,1,,,0,75,,86337,1,,,0,35,,86340,1,,,0,75,,86341,1,,,0,75,,86342,1,,,0,36,,86343,1,,,0,76,,86344,1,,,0,36,,86346,1,,,0,76,,86345,1,,,0,76,,86347,1,,,0,35,,86348,1,,,0,75,,86349,1,,,0,35,,86350,1,,,0,74,,86351,1,,,0,74,,86352,1,0,180 179,0,33,,86326,1,0,180 179,0,73,,86353,1,0,180 179,0,34,,86354,1,0,180 179,0
3300,'STMPSa-Saturday',552,,86355,1,0,180 179,0,70,,86357,1,0,180 179,0,30,,86356,1,0,180 179,0,70,,86386,1,0,180 179,0,30,,86387,1,0,180 179,0,70,,86385,1,0,180 179,0,30,,86381,1,0,180 179,0,70,,86382,1,0,180 179,0,30,,86383,1,0,180 179,0,70,,86384,1,0,180 179,0,30,,86377,1,0,180 179,0,70,,86378,1,0,180 179,0,30,,86379,1,0,180 179,0,70,,86380,1,0,180 179,0,30,,86374,1,0,180 179,0,70,,86373,1,0,180 179,0,30,,86375,1,0,180 179,0,70,,86376,1,0,180 179,0,30,,86371,1,0,180 179,0,70,,86372,1,0,180 179,0,30,,86369,1,0,180 179,0,70,,86370,1,0,180 179,0,30,,86367,1,0,180 179,0,70,,86368,1,0,180 179,0,30,,86363,1,0,180 179,0,70,,86364,1,0,180 179,0,30,,86365,1,0,180 179,0,70,,86366,1,0,180 179,0,30,,86360,1,0,180 179,0,70,,86361,1,0,180 179,0,30,,86359,1,0,180 179,0,70,,86362,1,0,180 179,0,30,,86358,1,0,180 179,0
3300,'STMPSnea-Weekday',534,,86390,1,,,0,72,,86391,1,,,0,32,,86392,1,,,0,72,,86389,1,,,0,34,,86393,1,,,0,74,,86394,1,,,0,34,,86396,1,,,0,75,,86395,1,,,0,75,,86397,1,,,0,35,,86398,1,,,0,75,,86400,1,,,0,35,,86401,1,,,0,75,,86399,1,,,0,35,,86402,1,,,0,75,,86403,1,,,0,75,,86404,1,,,0,36,,86405,1,,,0,76,,86406,1,,,0,36,,86408,1,,,0,76,,86407,1,,,0,76,,86409,1,,,0,35,,86410,1,,,0,75,,86411,1,,,0,35,,86412,1,,,0,74,,86413,1,,,0,74,,86414,1,0,180 179,0,33,,86388,1,0,180 179,0,73,,86415,1,0,180 179,0,34,,86416,1,0,180 179,0
3300,'STMPSu1-Sunday',952,,86434,1,0,180 179,0,70,,86433,1,0,180 179,0,30,,86432,1,0,180 179,0,70,,86431,1,0,180 179,0,30,,86430,1,0,180 179,0,70,,86427,1,0,180 179,0,30,,86428,1,0,180 179,0,70,,86429,1,0,180 179,0,30,,86426,1,0,180 179,0,70,,86425,1,0,180 179,0,30,,86424,1,0,180 179,0,70,,86421,1,0,180 179,0,30,,86423,1,0,180 179,0,70,,86422,1,0,180 179,0,30,,86419,1,0,180 179,0,70,,86420,1,0,180 179,0,30,,86418,1,0,180 179,0,70,,86417,1,0,180 179,0
3300,'STMPSu2-Sunday',952,,86452,1,0,180 179,0,70,,86451,1,0,180 179,0,30,,86450,1,0,180 179,0,70,,86449,1,0,180 179,0,30,,86448,1,0,180 179,0,70,,86445,1,0,180 179,0,30,,86446,1,0,180 179,0,70,,86447,1,0,180 179,0,30,,86444,1,0,180 179,0,70,,86443,1,0,180 179,0,30,,86442,1,0,180 179,0,70,,86439,1,0,180 179,0,30,,86441,1,0,180 179,0,70,,86440,1,0,180 179,0,30,,86437,1,0,180 179,0,70,,86438,1,0,180 179,0,30,,86436,1,0,180 179,0,70,,86435,1,0,180 179,0
3300,'STMPWeek-Weekday',534,,86455,1,,,0,72,,86456,1,,,0,32,,86457,1,,,0,72,,86454,1,,,0,34,,86458,1,,,0,74,,86459,1,,,0,34,,86461,1,,,0,75,,86460,1,,,0,75,,86462,1,,,0,35,,86463,1,,,0,75,,86465,1,,,0,35,,86466,1,,,0,75,,86464,1,,,0,35,,86467,1,,,0,75,,86468,1,,,0,75,,86469,1,,,0,36,,86470,1,,,0,76,,86471,1,,,0,36,,86473,1,,,0,76,,86472,1,,,0,76,,86474,1,,,0,35,,86475,1,,,0,75,,86476,1,,,0,35,,86477,1,,,0,74,,86478,1,,,0,74,,86479,1,0,180 179,0,33,,86453,1,0,180 179,0,73,,86480,1,0,180 179,0,34,,86481,1,0,180 179,0
3300,'STMPar-Weekday',534,,86484,1,,,0,72,,86485,1,,,0,32,,86486,1,,,0,72,,86483,1,,,0,34,,86487,1,,,0,74,,86488,1,,,0,34,,86490,1,,,0,75,,86489,1,,,0,75,,86491,1,,,0,35,,86492,1,,,0,75,,86494,1,,,0,35,,86495,1,,,0,75,,86493,1,,,0,35,,86496,1,,,0,75,,86497,1,,,0,75,,86498,1,,,0,36,,86499,1,,,0,76,,86500,1,,,0,36,,86502,1,,,0,76,,86501,1,,,0,76,,86503,1,,,0,35,,86504,1,,,0,75,,86505,1,,,0,35,,86506,1,,,0,74,,86507,1,,,0,74,,86508,1,0,180 179,0,33,,86482,1,0,180 179,0,73,,86509,1,0,180 179,0,34,,86510,1,0,180 179,0
3301,'Saturday',545,,86513,15,4,,0,70,,86512,15,4,,0,30,,86514,15,4,,0,70,,86511,15,4,,0,30,,86542,15,4,,0,70,,86543,15,4,,0,30,,86544,15,4,,0,70,,86538,15,4,,0,30,,86541,15,4,,0,70,,86539,15,4,,0,30,,86540,15,4,,0,70,,86536,15,4,,0,30,,86535,15,4,,0,70,,86537,15,4,,0,30,,86532,15,4,,0,70,,86531,15,4,,0,30,,86530,15,4,,0,70,,86533,15,4,,0,30,,86534,15,4,,0,70,,86529,15,4,,0,30,,86528,15,4,,0,70,,86527,15,4,,0,30,,86526,15,4,,0,70,,86525,15,4,,0,30,,86524,15,4,,0,70,,86520,15,4,,0,30,,86521,15,4,,0,70,,86523,15,4,,0,30,,86522,15,4,,0,70,,86517,15,4,,0,30,,86518,15,4,,0,70,,86519,15,4,,0,30,,86515,15,4,,0,70,,86516,15,4,,0
3301,'Sunday',1015,,86561,15,4,,0,30,,86562,15,4,,0,70,,86560,15,4,,0,30,,86558,15,4,,0,70,,86559,15,4,,0,30,,86556,15,4,,0,70,,86557,15,4,,0,30,,86554,15,4,,0,70,,86555,15,4,,0,30,,86553,15,4,,0,70,,86552,15,4,,0,30,,86551,15,4,,0,70,,86550,15,4,,0,30,,86548,15,4,,0,70,,86549,15,4,,0,30,,86547,15,4,,0,70,,86545,15,4,,0,30,,86546,15,4,,0
3301,'Weekday',558,,86563,15,4,,0,75,,86564,36,4,,0,71,,86565,36,4,,0,33,,86566,36,4,,0,76,,86567,36,4,,0,34,,86568,36,4,,0,75,,86569,36,4,,0,35,,86570,36,4,,0,75,,86571,36,4,,0,75,,86572,36,4,,0,35,,86573,36,4,,0,75,,86575,36,4,,0,35,,86574,36,4,,0,75,,86576,36,4,,0,75,,86577,36,4,,0,35,,86578,36,4,,0,77,,86579,36,4,,0,37,,86581,36,4,,0,76,,86580,36,4,,0,76,,86583,36,4,,0,33,,86582,36,4,,0,76,,86584,36,4,,0,35,,86585,36,4,,0,73,,86586,36,4,,0,33,,86587,36,4,,0,73,,86588,15,4,,0,33,,86591,15,4,,0,73,,86589,15,4,,0,74,,86590,15,4,,0
3301,'STMPSa-Saturday',545,,86594,15,4,,0,70,,86593,15,4,,0,30,,86595,15,4,,0,70,,86592,15,4,,0,30,,86623,15,4,,0,70,,86624,15,4,,0,30,,86625,15,4,,0,70,,86619,15,4,,0,30,,86622,15,4,,0,70,,86620,15,4,,0,30,,86621,15,4,,0,70,,86617,15,4,,0,30,,86616,15,4,,0,70,,86618,15,4,,0,30,,86613,15,4,,0,70,,86612,15,4,,0,30,,86611,15,4,,0,70,,86614,15,4,,0,30,,86615,15,4,,0,70,,86610,15,4,,0,30,,86609,15,4,,0,70,,86608,15,4,,0,30,,86607,15,4,,0,70,,86606,15,4,,0,30,,86605,15,4,,0,70,,86601,15,4,,0,30,,86602,15,4,,0,70,,86604,15,4,,0,30,,86603,15,4,,0,70,,86598,15,4,,0,30,,86599,15,4,,0,70,,86600,15,4,,0,30,,86596,15,4,,0,70,,86597,15,4,,0
3301,'STMPSnea-Weekday',558,,86626,15,4,,0,75,,86627,36,4,,0,71,,86628,36,4,,0,33,,86629,36,4,,0,76,,86630,36,4,,0,34,,86631,36,4,,0,75,,86632,36,4,,0,35,,86633,36,4,,0,75,,86634,36,4,,0,75,,86635,36,4,,0,35,,86636,36,4,,0,75,,86638,36,4,,0,35,,86637,36,4,,0,75,,86639,36,4,,0,75,,86640,36,4,,0,35,,86641,36,4,,0,77,,86642,36,4,,0,37,,86644,36,4,,0,76,,86643,36,4,,0,76,,86646,36,4,,0,33,,86645,36,4,,0,76,,86647,36,4,,0,35,,86648,36,4,,0,73,,86649,36,4,,0,33,,86650,36,4,,0,73,,86651,15,4,,0,33,,86654,15,4,,0,73,,86652,15,4,,0,74,,86653,15,4,,0
3301,'STMPSu1-Sunday',1015,,86671,15,4,,0,30,,86672,15,4,,0,70,,86670,15,4,,0,30,,86668,15,4,,0,70,,86669,15,4,,0,30,,86666,15,4,,0,70,,86667,15,4,,0,30,,86664,15,4,,0,70,,86665,15,4,,0,30,,86663,15,4,,0,70,,86662,15,4,,0,30,,86661,15,4,,0,70,,86660,15,4,,0,30,,86658,15,4,,0,70,,86659,15,4,,0,30,,86657,15,4,,0,70,,86655,15,4,,0,30,,86656,15,4,,0
3301,'STMPSu2-Sunday',1015,,86689,15,4,,0,30,,86690,15,4,,0,70,,86688,15,4,,0,30,,86686,15,4,,0,70,,86687,15,4,,0,30,,86684,15,4,,0,70,,86685,15,4,,0,30,,86682,15,4,,0,70,,86683,15,4,,0,30,,86681,15,4,,0,70,,86680,15,4,,0,30,,86679,15,4,,0,70,,86678,15,4,,0,30,,86676,15,4,,0,70,,86677,15,4,,0,30,,86675,15,4,,0,70,,86673,15,4,,0,30,,86674,15,4,,0
3301,'STMPWeek-Weekday',558,,86691,15,4,,0,75,,86692,36,4,,0,71,,86693,36,4,,0,33,,86694,36,4,,0,76,,86695,36,4,,0,34,,86696,36,4,,0,75,,86697,36,4,,0,35,,86698,36,4,,0,75,,86699,36,4,,0,75,,86700,36,4,,0,35,,86701,36,4,,0,75,,86703,36,4,,0,35,,86702,36,4,,0,75,,86704,36,4,,0,75,,86705,36,4,,0,35,,86706,36,4,,0,77,,86707,36,4,,0,37,,86709,36,4,,0,76,,86708,36,4,,0,76,,86711,36,4,,0,33,,86710,36,4,,0,76,,86712,36,4,,0,35,,86713,36,4,,0,73,,86714,36,4,,0,33,,86715,36,4,,0,73,,86716,15,4,,0,33,,86719,15,4,,0,73,,86717,15,4,,0,74,,86718,15,4,,0
3301,'STMPar-Weekday',558,,86720,15,4,,0,75,,86721,36,4,,0,71,,86722,36,4,,0,33,,86723,36,4,,0,76,,86724,36,4,,0,34,,86725,36,4,,0,75,,86726,36,4,,0,35,,86727,36,4,,0,75,,86728,36,4,,0,75,,86729,36,4,,0,35,,86730,36,4,,0,75,,86732,36,4,,0,35,,86731,36,4,,0,75,,86733,36,4,,0,75,,86734,36,4,,0,35,,86735,36,4,,0,77,,86736,36,4,,0,37,,86738,36,4,,0,76,,86737,36,4,,0,76,,86740,36,4,,0,33,,86739,36,4,,0,76,,86741,36,4,,0,35,,86742,36,4,,0,73,,86743,36,4,,0,33,,86744,36,4,,0,73,,86745,15,4,,0,33,,86748,15,4,,0,73,,86746,15,4,,0,74,,86747,15,4,,0
12700,'Weekday',526,,122381,1,,,0,29,,122361,1,,,0,70,,122380,1,,,0,30,,122360,1,,,0,70,,122379,1,,,0,30,,122359,1,,,0,70,,122378,1,,,0,31,,122357,1,,,0,70,,122377,1,,,0,31,,122358,1,,,0,70,,122376,1,,,0,31,,122352,1,,,0,70,,122375,1,,,0,31,,122354,1,,,0,70,,122374,1,,,0,71,,122356,1,,,0,30,,122373,1,,,0,71,,122355,1,,,0,30,,122372,1,,,0,71,,122353,1,,,0,30,,122387,1,,,0,71,,122386,1,,,0,30,,122371,1,,,0,70,,122384,1,,,0,30,,122370,1,,,0,70,,122383,1,,,0,30,,122369,1,,,0
12700,'STMPSnea-Weekday',526,,122444,1,,,0,29,,122424,1,,,0,70,,122443,1,,,0,30,,122423,1,,,0,70,,122442,1,,,0,30,,122422,1,,,0,70,,122441,1,,,0,31,,122420,1,,,0,70,,122440,1,,,0,31,,122421,1,,,0,70,,122439,1,,,0,31,,122415,1,,,0,70,,122438,1,,,0,31,,122417,1,,,0,70,,122437,1,,,0,71,,122419,1,,,0,30,,122436,1,,,0,71,,122418,1,,,0,30,,122435,1,,,0,71,,122416,1,,,0,30,,122450,1,,,0,71,,122449,1,,,0,30,,122434,1,,,0,70,,122447,1,,,0,30,,122433,1,,,0,70,,122446,1,,,0,30,,122432,1,,,0
12700,'STMPWeek-Weekday',526,,122534,1,,,0,29,,122514,1,,,0,70,,122533,1,,,0,30,,122513,1,,,0,70,,122532,1,,,0,30,,122512,1,,,0,70,,122531,1,,,0,31,,122510,1,,,0,70,,122530,1,,,0,31,,122511,1,,,0,70,,122529,1,,,0,31,,122505,1,,,0,70,,122528,1,,,0,31,,122507,1,,,0,70,,122527,1,,,0,71,,122509,1,,,0,30,,122526,1,,,0,71,,122508,1,,,0,30,,122525,1,,,0,71,,122506,1,,,0,30,,122540,1,,,0,71,,122539,1,,,0,30,,122524,1,,,0,70,,122537,1,,,0,30,,122523,1,,,0,70,,122536,1,,,0,30,,122522,1,,,0
12700,'STMPar-Weekday',526,,122570,1,,,0,29,,122550,1,,,0,70,,122569,1,,,0,30,,122549,1,,,0,70,,122568,1,,,0,30,,122548,1,,,0,70,,122567,1,,,0,31,,122546,1,,,0,70,,122566,1,,,0,31,,122547,1,,,0,70,,122565,1,,,0,31,,122541,1,,,0,70,,122564,1,,,0,31,,122543,1,,,0,70,,122562,1,,,0,71,,122545,1,,,0,30,,122563,1,,,0,71,,122544,1,,,0,30,,122561,1,,,0,71,,122542,1,,,0,30,,122576,1,,,0,71,,122575,1,,,0,30,,122560,1,,,0,70,,122573,1,,,0,30,,122559,1,,,0,70,,122572,1,,,0,30,,122558,1,,,0
12701,'Weekday',546,,122639,33,4,,0,71,,122659,33,4,,0,32,,122638,33,4,,0,70,,122658,33,4,,0,33,,122637,33,4,,0,70,,122657,33,4,,0,31,,122636,33,4,,0,70,,122656,33,4,,0,31,,122635,33,4,,0,70,,122655,33,4,,0,31,,122634,33,4,,0,70,,122653,33,4,,0,31,,122632,33,4,,0,70,,122654,33,4,,0,31,,122661,33,4,,0,70,,122652,33,4,,0,31,,122633,33,4,,0,70,,122650,33,4,,0,31,,122631,33,4,,0,70,,122663,33,4,,0,71,,122665,33,4,,0,29,,122651,33,4,,0,71,,122664,33,4,,0,30,,122648,33,4,,0,70,,122660,33,4,,0,30,,122649,33,4,,0
12701,'STMPSnea-Weekday',546,,122701,33,4,,0,71,,122721,33,4,,0,32,,122700,33,4,,0,70,,122720,33,4,,0,33,,122699,33,4,,0,70,,122719,33,4,,0,31,,122698,33,4,,0,70,,122718,33,4,,0,31,,122697,33,4,,0,70,,122717,33,4,,0,31,,122696,33,4,,0,70,,122715,33,4,,0,31,,122694,33,4,,0,70,,122716,33,4,,0,31,,122723,33,4,,0,70,,122714,33,4,,0,31,,122695,33,4,,0,70,,122712,33,4,,0,31,,122693,33,4,,0,70,,122725,33,4,,0,71,,122727,33,4,,0,29,,122713,33,4,,0,71,,122726,33,4,,0,30,,122710,33,4,,0,70,,122722,33,4,,0,30,,122711,33,4,,0
12701,'STMPWeek-Weekday',546,,122790,33,4,,0,71,,122810,33,4,,0,32,,122789,33,4,,0,70,,122809,33,4,,0,33,,122788,33,4,,0,70,,122808,33,4,,0,31,,122787,33,4,,0,70,,122807,33,4,,0,31,,122786,33,4,,0,70,,122806,33,4,,0,31,,122785,33,4,,0,70,,122804,33,4,,0,31,,122783,33,4,,0,70,,122805,33,4,,0,31,,122812,33,4,,0,70,,122803,33,4,,0,31,,122784,33,4,,0,70,,122801,33,4,,0,31,,122782,33,4,,0,70,,122814,33,4,,0,71,,122816,33,4,,0,29,,122802,33,4,,0,71,,122815,33,4,,0,30,,122799,33,4,,0,70,,122811,33,4,,0,30,,122800,33,4,,0
12701,'STMPar-Weekday',546,,122825,33,4,,0,71,,122845,33,4,,0,32,,122824,33,4,,0,70,,122844,33,4,,0,33,,122823,33,4,,0,70,,122843,33,4,,0,31,,122822,33,4,,0,70,,122842,33,4,,0,31,,122821,33,4,,0,70,,122841,33,4,,0,31,,122820,33,4,,0,70,,122839,33,4,,0,31,,122818,33,4,,0,70,,122840,33,4,,0,31,,122847,33,4,,0,70,,122838,33,4,,0,31,,122819,33,4,,0,70,,122836,33,4,,0,31,,122817,33,4,,0,70,,122849,33,4,,0,71,,122851,33,4,,0,29,,122837,33,4,,0,71,,122850,33,4,,0,30,,122834,33,4,,0,70,,122846,33,4,,0,30,,122835,33,4,,0
