900,'CUT-Weekday',512,,3834,,,0,26,,3847,,,0,62,,3860,,,0,22,,3826,,,0,23,,3842,,,0,64,,3852,,,0,24,,3867,,,0,16,,3874,,,0,62,,3835,,,0,11,,3879,,,0,11,,3848,,,0,22,,3859,,,0,62,,3827,,,0,20,,3843,,,0,21,,3853,,,0,62,,3868,,,0,22,,3875,,,0,62,,3836,,,0,22,,3849,,,0,22,,3861,,,0,63,,3828,,,0,22,,3844,,,0,22,,3854,,,0,62,,3869,,,0,22,,3876,,,0,62,,3837,,,0,22,,3850,,,0,24,,3862,,,0,62,,3829,,,0,23,,3845,,,0,24,,3855,,,0,62,,3870,,,0,11,,3882,,,0,11,,3877,,,0,11,,3880,,,0,50,,3838,,,0,10,,3881,,,0,11,,3851,,,0,22,,3863,,,0,62,,3830,,,0,22,,3846,,,0,21,,3857,,,0,60,,3871,,,0,18,,3878,,,0,27,,3839,,,0,70,,3864,,,0,30,,3831,,,0,70,,3856,,,0,30,,3872,,,0,69,,3840,,,0,30,,3865,,,0,70,,3832,,,0,30,,3858,,,0,70,,3873,,,0,30,,3841,,,0,70,,3866,,,0
900,'Saturday',624,,3889,,,0,34,,3900,,,0,68,,3883,,,0,31,,3895,,,0,71,,3905,,,0,31,,3910,,,0,71,,3890,,,0,71,,3902,,,0,31,,3884,,,0,71,,3896,,,0,31,,3906,,,0,71,,3912,,,0,31,,3893,,,0,71,,3903,,,0,31,,3885,,,0,71,,3898,,,0,31,,3908,,,0,71,,3913,,,0,31,,3891,,,0,71,,3904,,,0,31,,3886,,,0,71,,3897,,,0,31,,3909,,,0,71,,3914,,,0,31,,3892,,,0,71,,3901,,,0,31,,3887,,,0,71,,3899,,,0,31,,3911,,,0,71,,3915,,,0,31,,3894,,,0,71,,3907,,,0,31,,3888,,,0,71,,3917,,,0,26,,3916,,,0
900,'Sunday',624,,3941,,,0,34,,3918,,,0,68,,3926,,,0,31,,3933,,,0,71,,3948,,,0,31,,3942,,,0,71,,3919,,,0,71,,3928,,,0,31,,3934,,,0,71,,3949,,,0,31,,3943,,,0,71,,3921,,,0,31,,3927,,,0,71,,3935,,,0,31,,3952,,,0,71,,3944,,,0,31,,3922,,,0,71,,3929,,,0,31,,3936,,,0,71,,3950,,,0,31,,3945,,,0,71,,3920,,,0,31,,3930,,,0,71,,3937,,,0,31,,3951,,,0,71,,3947,,,0,31,,3923,,,0,71,,3931,,,0,31,,3939,,,0,71,,3940,,,0,31,,3946,,,0,71,,3924,,,0,31,,3932,,,0,71,,3938,,,0,26,,3925,,,0
900,'Weekday',512,,3961,,,0,26,,3974,,,0,62,,3987,,,0,22,,3953,,,0,23,,3969,,,0,64,,3979,,,0,24,,3994,,,0,16,,4001,,,0,62,,3962,,,0,11,,4006,,,0,11,,3975,,,0,22,,3986,,,0,62,,3954,,,0,20,,3970,,,0,21,,3980,,,0,62,,3995,,,0,22,,4002,,,0,62,,3963,,,0,22,,3976,,,0,22,,3988,,,0,63,,3956,,,0,22,,3971,,,0,22,,3981,,,0,62,,3996,,,0,22,,4003,,,0,62,,3964,,,0,22,,3977,,,0,24,,3989,,,0,62,,3955,,,0,23,,3972,,,0,24,,3982,,,0,46,,4007,,,0,16,,3997,,,0,11,,4010,,,0,11,,4004,,,0,11,,4008,,,0,50,,3965,,,0,10,,4009,,,0,11,,3978,,,0,22,,3990,,,0,62,,3957,,,0,22,,3973,,,0,21,,3983,,,0,60,,3998,,,0,18,,4005,,,0,27,,3966,,,0,70,,3992,,,0,30,,3958,,,0,70,,3984,,,0,30,,3999,,,0,69,,3967,,,0,30,,3991,,,0,70,,3959,,,0,30,,3985,,,0,70,,4000,,,0,30,,3968,,,0,70,,3993,,,0
900,'pBxDec31-Weekday',512,,4021,,,0,26,,4034,,,0,62,,4047,,,0,22,,4013,,,0,23,,4029,,,0,64,,4039,,,0,24,,4054,,,0,16,,4061,,,0,62,,4022,,,0,11,,4066,,,0,11,,4035,,,0,22,,4046,,,0,62,,4014,,,0,20,,4030,,,0,21,,4040,,,0,62,,4055,,,0,22,,4062,,,0,62,,4023,,,0,22,,4036,,,0,22,,4048,,,0,63,,4015,,,0,22,,4031,,,0,22,,4041,,,0,62,,4056,,,0,22,,4063,,,0,62,,4024,,,0,22,,4037,,,0,24,,4049,,,0,62,,4016,,,0,23,,4032,,,0,24,,4042,,,0,62,,4057,,,0,11,,4069,,,0,11,,4064,,,0,11,,4067,,,0,50,,4025,,,0,10,,4068,,,0,11,,4038,,,0,22,,4050,,,0,62,,4017,,,0,22,,4033,,,0,21,,4044,,,0,60,,4058,,,0,18,,4065,,,0,27,,4026,,,0,70,,4051,,,0,30,,4018,,,0,70,,4043,,,0,30,,4059,,,0,69,,4027,,,0,30,,4052,,,0,70,,4019,,,0,30,,4045,,,0,70,,4060,,,0,30,,4028,,,0,70,,4053,,,0
2000,'CUT-Weekday',508,,6773,,,0,21,,6783,,,0,26,,6787,,,0,70,,6801,,,0,26,,6795,,,0,56,,6807,,,0,14,,6781,,,0,14,,6809,,,0,14,,6774,,,0,54,,6811,,,0,14,,6782,,,0,14,,6806,,,0,13,,6788,,,0,14,,6808,,,0,52,,6799,,,0,14,,6810,,,0,14,,6797,,,0,68,,6812,,,0,28,,6775,,,0,68,,6784,,,0,28,,6789,,,0,28,,6802,,,0,68,,6796,,,0,28,,6813,,,0,68,,6776,,,0,28,,6785,,,0,68,,6790,,,0,28,,6803,,,0,70,,6798,,,0,28,,6814,,,0,14,,6820,,,0,54,,6777,,,0,14,,6826,,,0,14,,6786,,,0,14,,6830,,,0,54,,6792,,,0,13,,6818,,,0,12,,6822,,,0,14,,6804,,,0,54,,6800,,,0,14,,6819,,,0,14,,6815,,,0,14,,6821,,,0,14,,6778,,,0,53,,6827,,,0,28,,6791,,,0,68,,6823,,,0,28,,6805,,,0,68,,6816,,,0,28,,6779,,,0,28,,6828,,,0,68,,6793,,,0,75,,6824,,,0,27,,6817,,,0,30,,6780,,,0,70,,6829,,,0,30,,6794,,,0,60,,6825,,,0
2000,'Saturday',646,,6832,,,0,68,,6851,,,0,28,,6838,,,0,68,,6844,,,0,28,,6859,,,0,68,,6864,,,0,30,,6833,,,0,68,,6852,,,0,28,,6839,,,0,68,,6846,,,0,28,,6858,,,0,28,,6865,,,0,68,,6831,,,0,28,,6854,,,0,68,,6840,,,0,28,,6847,,,0,68,,6860,,,0,28,,6866,,,0,68,,6834,,,0,28,,6853,,,0,68,,6841,,,0,28,,6848,,,0,68,,6861,,,0,28,,6867,,,0,68,,6835,,,0,28,,6855,,,0,28,,6842,,,0,68,,6849,,,0,28,,6863,,,0,67,,6868,,,0,27,,6837,,,0,68,,6856,,,0,28,,6843,,,0,68,,6850,,,0,28,,6862,,,0,68,,6869,,,0,28,,6836,,,0,68,,6857,,,0,27,,6845,,,0
2000,'Sunday',646,,6870,,,0,68,,6889,,,0,28,,6877,,,0,68,,6883,,,0,28,,6896,,,0,68,,6903,,,0,30,,6871,,,0,68,,6890,,,0,28,,6878,,,0,68,,6884,,,0,28,,6897,,,0,28,,6902,,,0,68,,6872,,,0,28,,6891,,,0,68,,6879,,,0,28,,6885,,,0,68,,6898,,,0,28,,6904,,,0,68,,6873,,,0,28,,6892,,,0,68,,6881,,,0,28,,6886,,,0,68,,6899,,,0,28,,6906,,,0,68,,6874,,,0,28,,6893,,,0,28,,6880,,,0,68,,6887,,,0,28,,6900,,,0,67,,6905,,,0,27,,6876,,,0,68,,6894,,,0,28,,6882,,,0,68,,6888,,,0,28,,6901,,,0,68,,6907,,,0,28,,6875,,,0,68,,6895,,,0
2000,'Weekday',508,,6908,,,0,21,,6918,,,0,26,,6922,,,0,70,,6936,,,0,26,,6930,,,0,56,,6942,,,0,14,,6916,,,0,14,,6944,,,0,14,,6909,,,0,54,,6946,,,0,14,,6917,,,0,14,,6941,,,0,13,,6923,,,0,14,,6943,,,0,52,,6934,,,0,14,,6945,,,0,14,,6932,,,0,68,,6947,,,0,28,,6910,,,0,68,,6919,,,0,28,,6924,,,0,28,,6937,,,0,68,,6931,,,0,28,,6948,,,0,68,,6911,,,0,28,,6920,,,0,68,,6925,,,0,28,,6938,,,0,70,,6933,,,0,3,,6953,,,0,20,,6958,,,0,5,,6949,,,0,14,,6956,,,0,54,,6912,,,0,14,,6963,,,0,14,,6921,,,0,14,,6967,,,0,54,,6927,,,0,13,,6954,,,0,12,,6959,,,0,14,,6939,,,0,54,,6935,,,0,14,,6955,,,0,14,,6950,,,0,14,,6957,,,0,14,,6913,,,0,53,,6964,,,0,28,,6926,,,0,68,,6960,,,0,28,,6940,,,0,68,,6951,,,0,28,,6914,,,0,28,,6965,,,0,68,,6928,,,0,75,,6961,,,0,27,,6952,,,0,30,,6915,,,0,70,,6966,,,0,30,,6929,,,0,60,,6962,,,0
2000,'Weekday0000100',1440,,6968,,,0
2000,'pBxDec31-Weekday',508,,6969,,,0,21,,6979,,,0,26,,6983,,,0,70,,6997,,,0,26,,6991,,,0,56,,7003,,,0,14,,6977,,,0,14,,7005,,,0,14,,6970,,,0,54,,7007,,,0,14,,6978,,,0,14,,7002,,,0,13,,6984,,,0,14,,7004,,,0,52,,6995,,,0,14,,7006,,,0,14,,6993,,,0,68,,7008,,,0,28,,6971,,,0,68,,6980,,,0,28,,6985,,,0,28,,6998,,,0,68,,6992,,,0,28,,7009,,,0,68,,6972,,,0,28,,6981,,,0,68,,6986,,,0,28,,6999,,,0,70,,6994,,,0,28,,7010,,,0,14,,7016,,,0,54,,6973,,,0,14,,7022,,,0,14,,6982,,,0,14,,7026,,,0,54,,6988,,,0,13,,7014,,,0,12,,7018,,,0,14,,7000,,,0,54,,6996,,,0,14,,7015,,,0,14,,7011,,,0,14,,7017,,,0,14,,6974,,,0,53,,7023,,,0,28,,6987,,,0,68,,7019,,,0,28,,7001,,,0,68,,7012,,,0,28,,6975,,,0,28,,7024,,,0,68,,6989,,,0,75,,7020,,,0,27,,7013,,,0,30,,6976,,,0,70,,7025,,,0,30,,6990,,,0,60,,7021,,,0
9001,'CUT-Weekday',641,,23835,,,0,76,,23844,,,0,30,,23854,,,0,70,,23863,,,0,30,,23836,,,0,70,,23845,,,0,29,,23855,,,0,70,,23864,,,0,30,,23837,,,0,70,,23846,,,0,30,,23856,,,0,70,,23865,,,0,30,,23838,,,0,70,,23847,,,0,30,,23857,,,0,70,,23866,,,0,30,,23841,,,0,71,,23848,,,0,30,,23858,,,0,70,,23867,,,0,30,,23840,,,0,70,,23849,,,0,30,,23859,,,0,70,,23868,,,0,29,,23839,,,0,62,,23850,,,0,30,,23860,,,0,70,,23869,,,0,15,,23842,,,0,30,,23851,,,0,70,,23861,,,0,30,,23870,,,0,50,,23843,,,0,30,,23852,,,0,70,,23862,,,0,30,,23871,,,0,75,,23853,,,0
9001,'Saturday',643,,23872,,,0,72,,23882,,,0,32,,23892,,,0,72,,23873,,,0,32,,23883,,,0,72,,23893,,,0,32,,23875,,,0,72,,23885,,,0,32,,23894,,,0,72,,23876,,,0,72,,23884,,,0,34,,23895,,,0,72,,23877,,,0,32,,23886,,,0,72,,23896,,,0,32,,23874,,,0,72,,23887,,,0,32,,23897,,,0,72,,23878,,,0,32,,23888,,,0,72,,23898,,,0,32,,23879,,,0,69,,23891,,,0,31,,23899,,,0,72,,23881,,,0,72,,23890,,,0,32,,23900,,,0,72,,23880,,,0,32,,23889,,,0
9001,'Sunday',637,,23901,,,0,72,,23911,,,0,38,,23922,,,0,72,,23902,,,0,32,,23912,,,0,72,,23921,,,0,32,,23904,,,0,72,,23914,,,0,32,,23924,,,0,72,,23903,,,0,72,,23913,,,0,34,,23923,,,0,72,,23905,,,0,32,,23915,,,0,72,,23925,,,0,32,,23906,,,0,72,,23916,,,0,32,,23927,,,0,72,,23907,,,0,32,,23917,,,0,72,,23926,,,0,32,,23908,,,0,69,,23918,,,0,31,,23928,,,0,72,,23909,,,0,72,,23919,,,0,32,,23929,,,0,72,,23910,,,0,32,,23920,,,0
9001,'Weekday',641,,23930,,,0,76,,23940,,,0,30,,23949,,,0,70,,23958,,,0,30,,23931,,,0,70,,23939,,,0,29,,23950,,,0,70,,23959,,,0,30,,23932,,,0,70,,23941,,,0,30,,23951,,,0,70,,23960,,,0,30,,23933,,,0,70,,23942,,,0,30,,23952,,,0,70,,23961,,,0,30,,23935,,,0,71,,23943,,,0,30,,23953,,,0,70,,23962,,,0,30,,23934,,,0,70,,23944,,,0,30,,23954,,,0,70,,23963,,,0,29,,23936,,,0,62,,23945,,,0,30,,23955,,,0,70,,23964,,,0,15,,23937,,,0,30,,23946,,,0,70,,23956,,,0,30,,23965,,,0,50,,23938,,,0,30,,23947,,,0,70,,23957,,,0,30,,23966,,,0,75,,23948,,,0
9001,'pBxDec31-Weekday',641,,23967,,,0,76,,23976,,,0,30,,23986,,,0,70,,23995,,,0,30,,23968,,,0,70,,23977,,,0,29,,23987,,,0,70,,23996,,,0,30,,23970,,,0,70,,23978,,,0,30,,23988,,,0,70,,23997,,,0,30,,23969,,,0,70,,23979,,,0,30,,23989,,,0,70,,23998,,,0,30,,23973,,,0,71,,23980,,,0,30,,23990,,,0,70,,23999,,,0,30,,23972,,,0,70,,23981,,,0,30,,23991,,,0,70,,24000,,,0,29,,23971,,,0,62,,23982,,,0,30,,23992,,,0,70,,24001,,,0,15,,23974,,,0,30,,23983,,,0,70,,23993,,,0,30,,24002,,,0,50,,23975,,,0,30,,23984,,,0,70,,23994,,,0,30,,24003,,,0,75,,23985,,,0
10401,'CUT-Weekday',601,,27962,,,0,35,,27944,,,0,71,,27963,,,0,36,,27945,,,0,72,,27964,,,0,31,,27946,,,0,72,,27965,,,0,31,,27948,,,0,72,,27966,,,0,32,,27947,,,0,72,,27967,,,0,32,,27949,,,0,72,,27968,,,0,72,,27950,,,0,32,,27969,,,0,72,,27951,,,0,32,,27971,,,0,75,,27952,,,0,32,,27970,,,0,73,,27953,,,0,32,,27972,,,0,73,,27954,,,0,30,,27973,,,0,72,,27955,,,0,30,,27974,,,0,69,,27956,,,0,32,,27975,,,0,72,,27957,,,0,32,,27976,,,0,72,,27958,,,0,72,,27977,,,0,32,,27959,,,0,72,,27978,,,0,32,,27960,,,0,72,,27979,,,0,37,,27961,,,0
10401,'Saturday',621,,27993,,,0,32,,27981,,,0,72,,27995,,,0,32,,27980,,,0,72,,27997,,,0,72,,27982,,,0,32,,27998,,,0,72,,27983,,,0,32,,28000,,,0,72,,27984,,,0,32,,27999,,,0,72,,27985,,,0,32,,28001,,,0,72,,27986,,,0,32,,28002,,,0,72,,27988,,,0,32,,28003,,,0,72,,27987,,,0,32,,28004,,,0,72,,27989,,,0,72,,28005,,,0,32,,27990,,,0,72,,28006,,,0,31,,27991,,,0,72,,28007,,,0,32,,27992,,,0,72,,28008,,,0,32,,27996,,,0,72,,28009,,,0,34,,27994,,,0
10401,'Sunday',621,,28024,,,0,32,,28010,,,0,72,,28027,,,0,32,,28011,,,0,72,,28026,,,0,72,,28013,,,0,32,,28028,,,0,72,,28012,,,0,32,,28029,,,0,72,,28014,,,0,32,,28030,,,0,72,,28015,,,0,32,,28031,,,0,72,,28016,,,0,32,,28032,,,0,72,,28017,,,0,32,,28033,,,0,72,,28018,,,0,32,,28034,,,0,72,,28019,,,0,72,,28035,,,0,32,,28020,,,0,72,,28036,,,0,31,,28021,,,0,72,,28038,,,0,32,,28022,,,0,72,,28037,,,0,32,,28023,,,0,72,,28039,,,0,34,,28025,,,0
10401,'Weekday',601,,28058,,,0,35,,28040,,,0,71,,28059,,,0,36,,28041,,,0,72,,28060,,,0,31,,28042,,,0,72,,28061,,,0,31,,28043,,,0,72,,28063,,,0,32,,28044,,,0,72,,28062,,,0,32,,28045,,,0,72,,28064,,,0,72,,28046,,,0,32,,28065,,,0,72,,28047,,,0,32,,28067,,,0,75,,28048,,,0,32,,28066,,,0,73,,28049,,,0,32,,28068,,,0,73,,28050,,,0,30,,28069,,,0,72,,28051,,,0,30,,28070,,,0,69,,28052,,,0,32,,28071,,,0,72,,28053,,,0,32,,28072,,,0,72,,28054,,,0,72,,28073,,,0,32,,28055,,,0,72,,28074,,,0,32,,28056,,,0,72,,28075,,,0,37,,28057,,,0
10401,'pBxDec31-Weekday',601,,28094,,,0,35,,28076,,,0,71,,28095,,,0,36,,28077,,,0,72,,28096,,,0,31,,28078,,,0,72,,28097,,,0,31,,28080,,,0,72,,28098,,,0,32,,28079,,,0,72,,28099,,,0,32,,28081,,,0,72,,28100,,,0,72,,28082,,,0,32,,28101,,,0,72,,28083,,,0,32,,28103,,,0,75,,28085,,,0,32,,28102,,,0,73,,28084,,,0,32,,28104,,,0,73,,28086,,,0,30,,28105,,,0,72,,28087,,,0,30,,28106,,,0,69,,28088,,,0,32,,28107,,,0,72,,28089,,,0,32,,28108,,,0,72,,28090,,,0,72,,28109,,,0,32,,28091,,,0,72,,28110,,,0,32,,28092,,,0,72,,28111,,,0,37,,28093,,,0
