11400,'Saturday',554,,118401,37,,,0,71,,118391,37,,,0,84,,118409,37,,,0,40,,118392,37,,,0,80,,118411,37,,,0,80,,118402,37,,,0,40,,118412,37,,,0,80,,118403,37,,,0,80,,118393,37,,,0,40,,118404,37,,,0,81,,118395,37,,,0,80,,118410,37,,,0,40,,118394,37,,,0,80,,118413,37,,,0,80,,118396,37,,,0,40,,118414,37,,,0,80,,118405,37,,,0,80,,118397,37,,,0,40,,118407,37,,,0,79,,118399,37,,,0,80,,118415,37,,,0,40,,118398,37,,,0,80,,118416,37,,,0,80,,118408,37,,,0,40,,118417,37,,,0,80,,118406,37,,,0,80,,118400,37,,,0,50,,118418,37,,,0
11400,'Sunday',554,,118432,37,,,0,71,,118419,37,,,0,84,,118433,37,,,0,40,,118420,37,,,0,80,,118434,37,,,0,80,,118421,37,,,0,40,,118435,37,,,0,80,,118422,37,,,0,80,,118436,37,,,0,40,,118423,37,,,0,81,,118437,37,,,0,80,,118424,37,,,0,40,,118438,37,,,0,80,,118425,37,,,0,80,,118439,37,,,0,40,,118426,37,,,0,80,,118440,37,,,0,80,,118427,37,,,0,40,,118441,37,,,0,79,,118428,37,,,0,80,,118442,37,,,0,40,,118429,37,,,0,80,,118443,37,,,0,80,,118430,37,,,0,40,,118444,37,,,0,80,,118431,37,,,0,80,,118446,37,,,0,50,,118445,37,,,0
11400,'Weekday',501,,118482,12,,,0,38,,118447,37,,,0,76,,118464,37,,,0,31,,118456,37,,,0,72,,118448,37,,,0,30,,118465,37,,,0,70,,118457,37,,,0,30,,118449,37,,,0,68,,118467,37,,,0,28,,118458,37,,,0,70,,118450,37,,,0,30,,118466,37,,,0,70,,118459,37,,,0,30,,118452,37,,,0,70,,118468,37,,,0,30,,118461,37,,,0,70,,118451,37,,,0,30,,118469,37,,,0,70,,118460,37,,,0,30,,118453,37,,,0,72,,118470,37,,,0,31,,118462,37,,,0,70,,118454,37,,,0,30,,118472,37,,,0,70,,118463,37,,,0,30,,118455,37,,,0,70,,118471,37,,,0,25,,118473,37,,,0,80,,118477,37,,,0,82,,118478,37,,,0,42,,118474,37,,,0,82,,118480,37,,,0,82,,118479,37,,,0,42,,118481,37,,,0,82,,118475,37,,,0,82,,118476,37,,,0
11400,'STMPSa-Saturday',554,,118494,37,,,0,71,,118483,37,,,0,84,,118501,37,,,0,40,,118484,37,,,0,80,,118503,37,,,0,80,,118492,37,,,0,40,,118504,37,,,0,80,,118495,37,,,0,80,,118485,37,,,0,40,,118496,37,,,0,81,,118487,37,,,0,80,,118502,37,,,0,40,,118486,37,,,0,80,,118505,37,,,0,80,,118488,37,,,0,40,,118506,37,,,0,80,,118497,37,,,0,80,,118489,37,,,0,40,,118499,37,,,0,79,,118491,37,,,0,80,,118507,37,,,0,40,,118490,37,,,0,80,,118508,37,,,0,80,,118500,37,,,0,40,,118509,37,,,0,80,,118498,37,,,0,80,,118493,37,,,0,50,,118510,37,,,0
11400,'STMPSnea-Weekday',501,,118546,12,,,0,38,,118511,37,,,0,76,,118528,37,,,0,31,,118520,37,,,0,72,,118512,37,,,0,30,,118529,37,,,0,70,,118521,37,,,0,30,,118513,37,,,0,68,,118531,37,,,0,28,,118522,37,,,0,70,,118514,37,,,0,30,,118530,37,,,0,70,,118523,37,,,0,30,,118516,37,,,0,70,,118532,37,,,0,30,,118525,37,,,0,70,,118515,37,,,0,30,,118533,37,,,0,70,,118524,37,,,0,30,,118517,37,,,0,72,,118534,37,,,0,31,,118526,37,,,0,70,,118518,37,,,0,30,,118536,37,,,0,70,,118527,37,,,0,30,,118519,37,,,0,70,,118535,37,,,0,25,,118537,37,,,0,80,,118541,37,,,0,82,,118542,37,,,0,42,,118538,37,,,0,82,,118544,37,,,0,82,,118543,37,,,0,42,,118545,37,,,0,82,,118539,37,,,0,82,,118540,37,,,0
11400,'STMPSu1-Sunday',554,,118560,37,,,0,71,,118547,37,,,0,84,,118561,37,,,0,40,,118548,37,,,0,80,,118562,37,,,0,80,,118549,37,,,0,40,,118563,37,,,0,80,,118550,37,,,0,80,,118564,37,,,0,40,,118551,37,,,0,81,,118565,37,,,0,80,,118552,37,,,0,40,,118566,37,,,0,80,,118553,37,,,0,80,,118567,37,,,0,40,,118554,37,,,0,80,,118568,37,,,0,80,,118555,37,,,0,40,,118569,37,,,0,79,,118556,37,,,0,80,,118570,37,,,0,40,,118557,37,,,0,80,,118571,37,,,0,80,,118558,37,,,0,40,,118572,37,,,0,80,,118559,37,,,0,80,,118574,37,,,0,50,,118573,37,,,0
11400,'STMPSu2-Sunday',554,,118588,37,,,0,71,,118575,37,,,0,84,,118589,37,,,0,40,,118576,37,,,0,80,,118590,37,,,0,80,,118577,37,,,0,40,,118591,37,,,0,80,,118578,37,,,0,80,,118592,37,,,0,40,,118579,37,,,0,81,,118593,37,,,0,80,,118580,37,,,0,40,,118594,37,,,0,80,,118581,37,,,0,80,,118595,37,,,0,40,,118582,37,,,0,80,,118596,37,,,0,80,,118583,37,,,0,40,,118597,37,,,0,79,,118584,37,,,0,80,,118598,37,,,0,40,,118585,37,,,0,80,,118599,37,,,0,80,,118586,37,,,0,40,,118600,37,,,0,80,,118587,37,,,0,80,,118602,37,,,0,50,,118601,37,,,0
11400,'STMPWeek-Weekday',501,,118638,12,,,0,38,,118603,37,,,0,76,,118620,37,,,0,31,,118612,37,,,0,72,,118604,37,,,0,30,,118621,37,,,0,70,,118613,37,,,0,30,,118605,37,,,0,68,,118623,37,,,0,28,,118614,37,,,0,70,,118606,37,,,0,30,,118622,37,,,0,70,,118615,37,,,0,30,,118608,37,,,0,70,,118624,37,,,0,30,,118617,37,,,0,70,,118607,37,,,0,30,,118625,37,,,0,70,,118616,37,,,0,30,,118609,37,,,0,72,,118626,37,,,0,31,,118618,37,,,0,70,,118610,37,,,0,30,,118628,37,,,0,70,,118619,37,,,0,30,,118611,37,,,0,70,,118627,37,,,0,25,,118629,37,,,0,80,,118633,37,,,0,82,,118634,37,,,0,42,,118630,37,,,0,82,,118636,37,,,0,82,,118635,37,,,0,42,,118637,37,,,0,82,,118631,37,,,0,82,,118632,37,,,0
11400,'STMPar-Weekday',501,,118674,12,,,0,38,,118639,37,,,0,76,,118656,37,,,0,31,,118648,37,,,0,72,,118640,37,,,0,30,,118657,37,,,0,70,,118649,37,,,0,30,,118641,37,,,0,68,,118659,37,,,0,28,,118650,37,,,0,70,,118642,37,,,0,30,,118658,37,,,0,70,,118651,37,,,0,30,,118644,37,,,0,70,,118660,37,,,0,30,,118653,37,,,0,70,,118643,37,,,0,30,,118661,37,,,0,70,,118652,37,,,0,30,,118645,37,,,0,72,,118662,37,,,0,31,,118654,37,,,0,70,,118646,37,,,0,30,,118664,37,,,0,70,,118655,37,,,0,30,,118647,37,,,0,70,,118663,37,,,0,25,,118665,37,,,0,80,,118669,37,,,0,82,,118670,37,,,0,42,,118666,37,,,0,82,,118672,37,,,0,82,,118671,37,,,0,42,,118673,37,,,0,82,,118667,37,,,0,82,,118668,37,,,0
14200,'Weekday',1651,,126065,22,,,0,65,,126067,22,,,0,35,,126066,22,,,0
14200,'STMPSnea-Weekday',1651,,126068,22,,,0,65,,126070,22,,,0,35,,126069,22,,,0
14200,'STMPWeek-Weekday',1651,,126071,22,,,0,65,,126073,22,,,0,35,,126072,22,,,0
14200,'STMPar-Weekday',1651,,126074,22,,,0,65,,126076,22,,,0,35,,126075,22,,,0
14201,'Weekday',609,,126077,3,,,0,25,,126078,3,,,0,25,,126079,3,,,0
14201,'STMPSnea-Weekday',609,,126080,3,,,0,25,,126081,3,,,0,25,,126082,3,,,0
14201,'STMPWeek-Weekday',609,,126083,3,,,0,25,,126084,3,,,0,25,,126085,3,,,0
14201,'STMPar-Weekday',609,,126086,3,,,0,25,,126087,3,,,0,25,,126088,3,,,0
