5201,'Saturday',656,,94151,34,,,0,85,,94142,34,,,0,85,,94152,34,,,0,85,,94143,34,,,0,45,,94153,34,,,0,85,,94146,34,,,0,85,,94156,34,,,0,85,,94147,34,,,0,92,,94157,34,,,0,45,,94145,34,,,0,85,,94158,34,,,0,85,,94141,34,,,0,85,,94154,34,,,0,45,,94148,34,,,0,82,,94155,34,,,0,88,,94149,34,,,0,83,,94139,34,,,0,47,,94150,34,,,0,85,,94138,34,,,0,85,,94144,34,,,0,85,,94140,34,,,0
5201,'Sunday',805,,94168,34,,,0,45,,94159,34,,,0,85,,94169,34,,,0,85,,94163,34,,,0,85,,94172,34,,,0,45,,94160,34,,,0,85,,94173,34,,,0,85,,94161,34,,,0,85,,94170,34,,,0,45,,94164,34,,,0,85,,94171,34,,,0,85,,94162,34,,,0,85,,94175,34,,,0,45,,94165,34,,,0,85,,94174,34,,,0,85,,94166,34,,,0,85,,94176,34,,,0,45,,94167,34,,,0,85,,94177,34,,,0
5201,'Weekday',540,,94198,34,,,0,85,,94197,34,,,0,85,,94196,34,,,0,45,,94195,34,,,0,85,,94199,34,,,0,86,,94192,34,,,0,84,,94194,34,,,0,45,,94190,34,,,0,85,,94193,34,,,0,85,,94191,34,,,0,85,,94189,34,,,0,45,,94184,34,,,0,85,,94188,34,,,0,83,,94187,34,,,0,86,,94186,34,,,0,45,,94182,34,,,0,85,,94185,34,,,0,85,,94183,34,,,0,85,,94181,34,,,0,44,,94180,34,,,0,85,,94179,34,,,0,86,,94178,34,,,0
5201,'STMPSa-Saturday',656,,94213,34,,,0,85,,94204,34,,,0,85,,94214,34,,,0,85,,94205,34,,,0,45,,94215,34,,,0,85,,94208,34,,,0,85,,94218,34,,,0,85,,94209,34,,,0,92,,94219,34,,,0,45,,94207,34,,,0,85,,94220,34,,,0,85,,94203,34,,,0,85,,94216,34,,,0,45,,94210,34,,,0,82,,94217,34,,,0,88,,94211,34,,,0,83,,94201,34,,,0,47,,94212,34,,,0,85,,94200,34,,,0,85,,94206,34,,,0,85,,94202,34,,,0
5201,'STMPSnea-Weekday',540,,94241,34,,,0,85,,94240,34,,,0,85,,94239,34,,,0,45,,94238,34,,,0,85,,94242,34,,,0,86,,94235,34,,,0,84,,94237,34,,,0,45,,94233,34,,,0,85,,94236,34,,,0,85,,94234,34,,,0,85,,94232,34,,,0,45,,94227,34,,,0,85,,94231,34,,,0,83,,94230,34,,,0,86,,94229,34,,,0,45,,94225,34,,,0,85,,94228,34,,,0,85,,94226,34,,,0,85,,94224,34,,,0,44,,94223,34,,,0,85,,94222,34,,,0,86,,94221,34,,,0
5201,'STMPSu1-Sunday',805,,94252,34,,,0,45,,94243,34,,,0,85,,94253,34,,,0,85,,94247,34,,,0,85,,94256,34,,,0,45,,94244,34,,,0,85,,94257,34,,,0,85,,94245,34,,,0,85,,94254,34,,,0,45,,94248,34,,,0,85,,94255,34,,,0,85,,94246,34,,,0,85,,94259,34,,,0,45,,94249,34,,,0,85,,94258,34,,,0,85,,94250,34,,,0,85,,94260,34,,,0,45,,94251,34,,,0,85,,94261,34,,,0
5201,'STMPSu2-Sunday',805,,94271,34,,,0,45,,94262,34,,,0,85,,94272,34,,,0,85,,94266,34,,,0,85,,94275,34,,,0,45,,94263,34,,,0,85,,94276,34,,,0,85,,94264,34,,,0,85,,94273,34,,,0,45,,94267,34,,,0,85,,94274,34,,,0,85,,94265,34,,,0,85,,94278,34,,,0,45,,94268,34,,,0,85,,94277,34,,,0,85,,94269,34,,,0,85,,94279,34,,,0,45,,94270,34,,,0,85,,94280,34,,,0
5201,'STMPWeek-Weekday',540,,94301,34,,,0,85,,94300,34,,,0,85,,94299,34,,,0,45,,94298,34,,,0,85,,94302,34,,,0,86,,94295,34,,,0,84,,94297,34,,,0,45,,94293,34,,,0,85,,94296,34,,,0,85,,94294,34,,,0,85,,94292,34,,,0,45,,94287,34,,,0,85,,94291,34,,,0,83,,94290,34,,,0,86,,94289,34,,,0,45,,94285,34,,,0,85,,94288,34,,,0,85,,94286,34,,,0,85,,94284,34,,,0,44,,94283,34,,,0,85,,94282,34,,,0,86,,94281,34,,,0
5201,'STMPar-Weekday',540,,94323,34,,,0,85,,94322,34,,,0,85,,94321,34,,,0,45,,94320,34,,,0,85,,94324,34,,,0,86,,94317,34,,,0,84,,94319,34,,,0,45,,94315,34,,,0,85,,94318,34,,,0,85,,94316,34,,,0,85,,94314,34,,,0,45,,94309,34,,,0,85,,94313,34,,,0,83,,94312,34,,,0,86,,94311,34,,,0,45,,94307,34,,,0,85,,94310,34,,,0,85,,94308,34,,,0,85,,94306,34,,,0,44,,94305,34,,,0,85,,94304,34,,,0,86,,94303,34,,,0
7800,'Saturday',656,,104115,28,,,0,75,,104122,28,,,0,75,,104123,28,,,0,35,,104124,28,,,0,75,,104121,28,,,0,35,,104125,28,,,0,75,,104126,28,,,0,75,,104127,28,,,0,35,,104128,28,,,0,75,,104129,28,,,0,35,,104131,28,,,0,75,,104132,28,,,0,35,,104133,28,,,0,75,,104130,28,,,0,75,,104134,28,,,0,35,,104135,28,,,0,75,,104136,28,,,0,35,,104137,28,,,0,75,,104138,28,,,0,75,,104139,28,,,0,35,,104142,28,,,0,75,,104143,28,,,0,35,,104144,28,,,0,75,,104140,28,,,0,35,,104141,28,,,0,75,,104145,28,,,0,75,,104120,28,,,0,35,,104117,28,,,0,75,,104118,28,,,0,35,,104119,28,,,0,75,,104116,28,,,0
7800,'Sunday',656,,104161,28,,,0,75,,104146,28,,,0,75,,104162,28,,,0,35,,104147,28,,,0,75,,104163,28,,,0,35,,104148,28,,,0,75,,104164,28,,,0,75,,104149,28,,,0,35,,104167,28,,,0,75,,104151,28,,,0,35,,104166,28,,,0,75,,104150,28,,,0,35,,104165,28,,,0,75,,104152,28,,,0,75,,104168,28,,,0,35,,104153,28,,,0,75,,104169,28,,,0,35,,104154,28,,,0,75,,104170,28,,,0,75,,104155,28,,,0,35,,104171,28,,,0,75,,104156,28,,,0,35,,104172,28,,,0,75,,104157,28,,,0,35,,104173,28,,,0,75,,104158,28,,,0,75,,104174,28,,,0,35,,104160,28,,,0,75,,104175,28,,,0,35,,104159,28,,,0,75,,104176,28,,,0
7800,'Weekday',514,,104177,28,,,0,30,,104190,28,,,0,60,,104206,28,,,0,20,,104178,28,,,0,35,,104191,28,,,0,60,,104208,28,,,0,20,,104179,28,,,0,20,,104188,28,,,0,60,,104192,28,,,0,20,,104209,28,,,0,20,,104180,28,,,0,58,,104189,28,,,0,20,,104193,28,,,0,22,,104210,28,,,0,65,,104181,28,,,0,25,,104194,28,,,0,65,,104211,28,,,0,25,,104182,28,,,0,65,,104195,28,,,0,25,,104212,28,,,0,25,,104183,28,,,0,65,,104196,28,,,0,25,,104213,28,,,0,65,,104184,28,,,0,25,,104197,28,,,0,67,,104214,28,,,0,25,,104185,28,,,0,21,,104217,28,,,0,60,,104198,28,,,0,20,,104215,28,,,0,20,,104186,28,,,0,60,,104224,28,,,0,20,,104200,28,,,0,20,,104216,28,,,0,59,,104187,28,,,0,19,,104199,28,,,0,20,,104201,28,,,0,71,,104218,28,,,0,34,,104203,28,,,0,75,,104219,28,,,0,75,,104202,28,,,0,35,,104220,28,,,0,75,,104204,28,,,0,35,,104221,28,,,0,75,,104205,28,,,0,35,,104222,28,,,0,77,,104207,28,,,0,75,,104223,28,,,0
7800,'STMPSa-Saturday',656,,104225,28,,,0,75,,104232,28,,,0,75,,104233,28,,,0,35,,104234,28,,,0,75,,104231,28,,,0,35,,104235,28,,,0,75,,104236,28,,,0,75,,104237,28,,,0,35,,104238,28,,,0,75,,104239,28,,,0,35,,104241,28,,,0,75,,104242,28,,,0,35,,104243,28,,,0,75,,104240,28,,,0,75,,104244,28,,,0,35,,104245,28,,,0,75,,104246,28,,,0,35,,104247,28,,,0,75,,104248,28,,,0,75,,104249,28,,,0,35,,104252,28,,,0,75,,104253,28,,,0,35,,104254,28,,,0,75,,104250,28,,,0,35,,104251,28,,,0,75,,104255,28,,,0,75,,104230,28,,,0,35,,104227,28,,,0,75,,104228,28,,,0,35,,104229,28,,,0,75,,104226,28,,,0
7800,'STMPSnea-Weekday',514,,104256,28,,,0,30,,104269,28,,,0,60,,104285,28,,,0,20,,104257,28,,,0,35,,104270,28,,,0,60,,104287,28,,,0,20,,104258,28,,,0,20,,104267,28,,,0,60,,104271,28,,,0,20,,104288,28,,,0,20,,104259,28,,,0,58,,104268,28,,,0,20,,104272,28,,,0,22,,104289,28,,,0,65,,104260,28,,,0,25,,104273,28,,,0,65,,104290,28,,,0,25,,104261,28,,,0,65,,104274,28,,,0,25,,104291,28,,,0,25,,104262,28,,,0,65,,104275,28,,,0,25,,104292,28,,,0,65,,104263,28,,,0,25,,104276,28,,,0,67,,104293,28,,,0,25,,104264,28,,,0,21,,104296,28,,,0,60,,104277,28,,,0,20,,104294,28,,,0,20,,104265,28,,,0,60,,104303,28,,,0,20,,104279,28,,,0,20,,104295,28,,,0,59,,104266,28,,,0,19,,104278,28,,,0,20,,104280,28,,,0,71,,104297,28,,,0,34,,104282,28,,,0,75,,104298,28,,,0,75,,104281,28,,,0,35,,104299,28,,,0,75,,104283,28,,,0,35,,104300,28,,,0,75,,104284,28,,,0,35,,104301,28,,,0,77,,104286,28,,,0,75,,104302,28,,,0
7800,'STMPSu1-Sunday',656,,104319,28,,,0,75,,104304,28,,,0,75,,104320,28,,,0,35,,104305,28,,,0,75,,104321,28,,,0,35,,104306,28,,,0,75,,104322,28,,,0,75,,104307,28,,,0,35,,104325,28,,,0,75,,104309,28,,,0,35,,104324,28,,,0,75,,104308,28,,,0,35,,104323,28,,,0,75,,104310,28,,,0,75,,104326,28,,,0,35,,104311,28,,,0,75,,104327,28,,,0,35,,104312,28,,,0,75,,104328,28,,,0,75,,104313,28,,,0,35,,104329,28,,,0,75,,104314,28,,,0,35,,104330,28,,,0,75,,104315,28,,,0,35,,104331,28,,,0,75,,104316,28,,,0,75,,104332,28,,,0,35,,104318,28,,,0,75,,104333,28,,,0,35,,104317,28,,,0,75,,104334,28,,,0
7800,'STMPSu2-Sunday',656,,104350,28,,,0,75,,104335,28,,,0,75,,104351,28,,,0,35,,104336,28,,,0,75,,104352,28,,,0,35,,104337,28,,,0,75,,104353,28,,,0,75,,104338,28,,,0,35,,104356,28,,,0,75,,104340,28,,,0,35,,104355,28,,,0,75,,104339,28,,,0,35,,104354,28,,,0,75,,104341,28,,,0,75,,104357,28,,,0,35,,104342,28,,,0,75,,104358,28,,,0,35,,104343,28,,,0,75,,104359,28,,,0,75,,104344,28,,,0,35,,104360,28,,,0,75,,104345,28,,,0,35,,104361,28,,,0,75,,104346,28,,,0,35,,104362,28,,,0,75,,104347,28,,,0,75,,104363,28,,,0,35,,104349,28,,,0,75,,104364,28,,,0,35,,104348,28,,,0,75,,104365,28,,,0
7800,'STMPWeek-Weekday',514,,104366,28,,,0,30,,104379,28,,,0,60,,104395,28,,,0,20,,104367,28,,,0,35,,104380,28,,,0,60,,104397,28,,,0,20,,104368,28,,,0,20,,104377,28,,,0,60,,104381,28,,,0,20,,104398,28,,,0,20,,104369,28,,,0,58,,104378,28,,,0,20,,104382,28,,,0,22,,104399,28,,,0,65,,104370,28,,,0,25,,104383,28,,,0,65,,104400,28,,,0,25,,104371,28,,,0,65,,104384,28,,,0,25,,104401,28,,,0,25,,104372,28,,,0,65,,104385,28,,,0,25,,104402,28,,,0,65,,104373,28,,,0,25,,104386,28,,,0,67,,104403,28,,,0,25,,104374,28,,,0,21,,104406,28,,,0,60,,104387,28,,,0,20,,104404,28,,,0,20,,104375,28,,,0,60,,104413,28,,,0,20,,104389,28,,,0,20,,104405,28,,,0,59,,104376,28,,,0,19,,104388,28,,,0,20,,104390,28,,,0,71,,104407,28,,,0,34,,104392,28,,,0,75,,104408,28,,,0,75,,104391,28,,,0,35,,104409,28,,,0,75,,104393,28,,,0,35,,104410,28,,,0,75,,104394,28,,,0,35,,104411,28,,,0,77,,104396,28,,,0,75,,104412,28,,,0
7800,'STMPar-Weekday',514,,104414,28,,,0,30,,104427,28,,,0,60,,104443,28,,,0,20,,104415,28,,,0,35,,104428,28,,,0,60,,104445,28,,,0,20,,104416,28,,,0,20,,104425,28,,,0,60,,104429,28,,,0,20,,104446,28,,,0,20,,104417,28,,,0,58,,104426,28,,,0,20,,104431,28,,,0,22,,104447,28,,,0,65,,104418,28,,,0,25,,104430,28,,,0,65,,104448,28,,,0,25,,104419,28,,,0,65,,104432,28,,,0,25,,104449,28,,,0,25,,104420,28,,,0,65,,104433,28,,,0,25,,104450,28,,,0,65,,104421,28,,,0,25,,104434,28,,,0,67,,104451,28,,,0,25,,104422,28,,,0,21,,104454,28,,,0,60,,104435,28,,,0,20,,104452,28,,,0,20,,104423,28,,,0,60,,104461,28,,,0,20,,104437,28,,,0,20,,104453,28,,,0,59,,104424,28,,,0,19,,104436,28,,,0,20,,104438,28,,,0,71,,104455,28,,,0,34,,104440,28,,,0,75,,104456,28,,,0,75,,104439,28,,,0,35,,104457,28,,,0,75,,104441,28,,,0,35,,104458,28,,,0,75,,104442,28,,,0,35,,104459,28,,,0,77,,104444,28,,,0,75,,104460,28,,,0
