1300,'Saturday',734,,29139,25,,,0,74,,29147,25,,,0,34,,29157,25,,,0,74,,29138,25,,,0,34,,29148,25,,,0,74,,29158,25,,,0,34,,29141,25,,,0,74,,29149,25,,,0,74,,29140,25,,,0,34,,29152,25,,,0,74,,29159,25,,,0,34,,29142,25,,,0,74,,29151,25,,,0,34,,29160,25,,,0,76,,29143,25,,,0,74,,29150,25,,,0,34,,29161,25,,,0,74,,29144,25,,,0,34,,29153,25,,,0,73,,29163,25,,,0,33,,29145,25,,,0,74,,29154,25,,,0,74,,29162,25,,,0,34,,29155,25,,,0,74,,29164,25,,,0,34,,29146,25,,,0,74,,29156,25,,,0,34,,29165,25,,,0,74,,29166,25,,,0
1300,'Sunday',734,,29168,25,,,0,74,,29179,25,,,0,34,,29189,25,,,0,75,,29169,25,,,0,34,,29180,25,,,0,74,,29190,25,,,0,34,,29170,25,,,0,74,,29181,25,,,0,74,,29192,25,,,0,34,,29172,25,,,0,74,,29182,25,,,0,34,,29191,25,,,0,74,,29171,25,,,0,34,,29183,25,,,0,76,,29193,25,,,0,74,,29173,25,,,0,34,,29184,25,,,0,74,,29194,25,,,0,34,,29174,25,,,0,72,,29185,25,,,0,33,,29195,25,,,0,74,,29176,25,,,0,74,,29186,25,,,0,34,,29196,25,,,0,74,,29177,25,,,0,34,,29187,25,,,0,74,,29197,25,,,0,34,,29175,25,,,0,74,,29188,25,,,0,74,,29198,25,,,0,34,,29178,25,,,0
1300,'Weekday',605,,29200,25,,,0,31,,29208,25,,,0,69,,29226,25,,,0,30,,29217,25,,,0,70,,29202,25,,,0,29,,29209,25,,,0,70,,29227,25,,,0,30,,29218,25,,,0,70,,29199,25,,,0,31,,29210,25,,,0,70,,29229,25,,,0,30,,29219,25,,,0,70,,29201,25,,,0,30,,29211,25,,,0,70,,29228,25,,,0,30,,29220,25,,,0,70,,29203,25,,,0,30,,29212,25,,,0,70,,29230,25,,,0,31,,29221,25,,,0,70,,29204,25,,,0,30,,29213,25,,,0,70,,29231,25,,,0,30,,29222,25,,,0,69,,29205,25,,,0,24,,29214,25,,,0,30,,29233,25,,,0,70,,29223,25,,,0,30,,29206,25,,,0,70,,29215,25,,,0,30,,29232,25,,,0,70,,29224,25,,,0,30,,29207,25,,,0,70,,29216,25,,,0,30,,29234,25,,,0,64,,29225,25,,,0
1300,'1CCSDCUT-Weekday',605,,29236,25,,,0,31,,29244,25,,,0,69,,29262,25,,,0,30,,29253,25,,,0,70,,29238,25,,,0,29,,29245,25,,,0,70,,29263,25,,,0,30,,29254,25,,,0,70,,29235,25,,,0,31,,29246,25,,,0,70,,29265,25,,,0,30,,29255,25,,,0,70,,29237,25,,,0,30,,29247,25,,,0,70,,29264,25,,,0,30,,29256,25,,,0,70,,29239,25,,,0,30,,29248,25,,,0,70,,29266,25,,,0,31,,29257,25,,,0,70,,29240,25,,,0,30,,29249,25,,,0,70,,29267,25,,,0,30,,29258,25,,,0,69,,29241,25,,,0,24,,29250,25,,,0,30,,29269,25,,,0,70,,29259,25,,,0,30,,29242,25,,,0,70,,29251,25,,,0,30,,29268,25,,,0,70,,29260,25,,,0,30,,29243,25,,,0,70,,29252,25,,,0,30,,29270,25,,,0,64,,29261,25,,,0
69901,'Weekday',846,,68347,46,4,,0
69901,'1CCSDCUT-Weekday',846,,68348,46,4,,0
73200,'Weekday',849,,68528,35,0,153 154,0
73200,'1CCSDCUT-Weekday',849,,68529,35,0,153 154,0
73300,'Weekday',849,,68534,24,0,153 177,0
73300,'1CCSDCUT-Weekday',849,,68535,24,0,153 177,0
