3600,'Saturday',629,,35124,46,,,0,85,,35128,46,,,0,45,,35131,46,,,0,85,,35133,46,,,0,85,,35125,46,,,0,85,,35129,46,,,0,45,,35130,46,,,0,85,,35132,46,,,0,85,,35112,46,,,0,85,,35113,46,,,0,45,,35114,46,,,0,85,,35115,46,,,0,85,,35116,46,,,0,85,,35117,46,,,0,45,,35118,46,,,0,85,,35119,46,,,0,85,,35120,46,,,0,85,,35121,46,,,0,45,,35126,46,,,0,85,,35122,46,,,0,85,,35123,46,,,0,85,,35127,46,,,0,45,,35135,46,,,0,85,,35134,46,,,0
3600,'Sunday',759,,35149,46,,,0,85,,35151,46,,,0,85,,35147,46,,,0,85,,35146,46,,,0,45,,35148,46,,,0,85,,35150,46,,,0,85,,35137,46,,,0,85,,35136,46,,,0,45,,35138,46,,,0,85,,35139,46,,,0,85,,35140,46,,,0,85,,35141,46,,,0,45,,35142,46,,,0,85,,35143,46,,,0,85,,35144,46,,,0,85,,35145,46,,,0,45,,35152,46,,,0,85,,35154,46,,,0,85,,35155,46,,,0,85,,35157,46,,,0,45,,35156,46,,,0,85,,35153,46,,,0
3600,'Weekday',544,,35158,43,,,0,156,,35169,46,,,0,35,,35170,46,,,0,75,,35171,46,,,0,35,,35172,46,,,0,75,,35173,46,,,0,33,,35175,46,,,0,75,,35174,46,,,0,75,,35179,46,,,0,35,,35176,46,,,0,75,,35177,46,,,0,35,,35178,46,,,0,75,,35180,46,,,0,35,,35181,46,,,0,75,,35182,46,,,0,75,,35183,46,,,0,37,,35184,46,,,0,78,,35185,46,,,0,35,,35186,46,,,0,74,,35187,46,,,0,72,,35188,46,,,0,33,,35160,46,,,0,74,,35161,46,,,0,31,,35159,46,,,0,72,,35162,46,,,0,41,,35163,46,,,0,81,,35164,46,,,0,81,,35165,46,,,0,41,,35166,46,,,0,81,,35167,46,,,0,81,,35168,46,0,88,0
3600,'1CCSDCUT-Weekday',544,,35189,43,,,0,156,,35200,46,,,0,35,,35201,46,,,0,75,,35202,46,,,0,35,,35203,46,,,0,75,,35204,46,,,0,33,,35206,46,,,0,75,,35205,46,,,0,75,,35210,46,,,0,35,,35207,46,,,0,75,,35208,46,,,0,35,,35209,46,,,0,75,,35211,46,,,0,35,,35212,46,,,0,75,,35213,46,,,0,75,,35214,46,,,0,37,,35215,46,,,0,78,,35216,46,,,0,35,,35217,46,,,0,74,,35218,46,,,0,72,,35219,46,,,0,33,,35191,46,,,0,74,,35192,46,,,0,31,,35190,46,,,0,72,,35193,46,,,0,41,,35194,46,,,0,81,,35195,46,,,0,81,,35196,46,,,0,41,,35197,46,,,0,81,,35198,46,,,0,81,,35199,46,0,88,0
4100,'Saturday',613,,36781,20,,,0,43,,36780,46,,,0,85,,36778,46,,,0,85,,36763,46,,,0,85,,36764,46,,,0,45,,36765,46,,,0,85,,36766,46,,,0,85,,36767,46,,,0,87,,36768,46,,,0,45,,36769,46,,,0,85,,36770,46,,,0,85,,36771,46,,,0,85,,36772,46,,,0,45,,36774,46,,,0,85,,36775,46,,,0,85,,36776,46,,,0,85,,36773,46,,,0,45,,36777,46,,,0,83,,36779,46,,,0
4100,'Weekday',609,,36782,20,,,0,38,,36785,46,,,0,76,,36786,46,,,0,35,,36787,46,,,0,75,,36788,46,,,0,76,,36789,46,,,0,31,,36793,46,,,0,75,,36791,46,,,0,35,,36794,46,,,0,75,,36792,46,,,0,75,,36790,46,,,0,35,,36796,46,,,0,75,,36795,46,,,0,35,,36799,46,,,0,75,,36797,46,,,0,36,,36798,46,,,0,77,,36800,46,,,0,76,,36801,46,,,0,34,,36802,46,,,0,71,,36803,46,,,0,32,,36804,46,,,0,75,,36805,46,,,0,36,,36783,46,,,0,72,,36784,46,,,0
4100,'Weekday0000100',1302,,36806,33,,,0
4100,'Weekday1111000',1523,,36807,33,,,0
4100,'1CCSDCUT-Weekday',609,,36808,20,,,0,38,,36811,46,,,0,76,,36812,46,,,0,35,,36813,46,,,0,75,,36814,46,,,0,76,,36815,46,,,0,31,,36819,46,,,0,75,,36817,46,,,0,35,,36820,46,,,0,75,,36818,46,,,0,75,,36816,46,,,0,35,,36822,46,,,0,75,,36821,46,,,0,35,,36825,46,,,0,75,,36823,46,,,0,36,,36824,46,,,0,77,,36826,46,,,0,76,,36827,46,,,0,34,,36828,46,,,0,71,,36829,46,,,0,32,,36830,46,,,0,75,,36831,46,,,0,36,,36809,46,,,0,72,,36810,46,,,0
4100,'1CCSDCUT-Weekday0000100',1302,,36832,33,,,0
4100,'1CCSDCUT-Weekday1111000',1523,,36833,33,,,0
