6500,'Saturday',613,,41974,15,,,0,40,,41987,15,,,0,80,,41975,15,,,0,80,,41988,15,,,0,40,,41976,15,,,0,80,,41989,15,,,0,82,,41977,15,,,0,40,,41990,15,,,0,80,,41978,15,,,0,80,,41991,15,,,0,40,,41979,15,,,0,80,,41992,15,,,0,80,,41980,15,,,0,40,,41993,15,,,0,80,,41981,15,,,0,80,,41996,15,,,0,40,,41982,15,,,0,80,,41995,15,,,0,79,,41983,15,,,0,40,,41994,15,,,0,80,,41985,15,,,0,80,,41997,15,,,0,40,,41984,15,,,0,79,,41998,15,,,0,80,,41986,15,,,0,40,,41999,15,,,0
6500,'Sunday',613,,42000,15,,,0,40,,42013,15,,,0,80,,42001,15,,,0,80,,42016,15,,,0,40,,42002,15,,,0,80,,42014,15,,,0,82,,42003,15,,,0,40,,42015,15,,,0,80,,42005,15,,,0,80,,42018,15,,,0,40,,42004,15,,,0,80,,42019,15,,,0,80,,42007,15,,,0,40,,42017,15,,,0,80,,42008,15,,,0,80,,42020,15,,,0,40,,42006,15,,,0,80,,42021,15,,,0,79,,42009,15,,,0,40,,42022,15,,,0,80,,42011,15,,,0,80,,42023,15,,,0,40,,42010,15,,,0,79,,42024,15,,,0,80,,42012,15,,,0,40,,42025,15,,,0
6500,'Weekday',516,,42037,15,,,0,43,,42050,15,,,0,65,,42026,15,,,0,26,,42038,15,,,0,64,,42028,15,,,0,24,,42051,15,,,0,64,,42027,15,,,0,24,,42039,15,,,0,82,,42052,15,,,0,45,,42040,15,,,0,83,,42053,15,,,0,83,,42041,15,,,0,83,,42054,15,,,0,43,,42042,15,,,0,66,,42033,15,,,0,17,,42056,15,,,0,29,,42029,15,,,0,61,,42043,15,,,0,24,,42034,15,,,0,63,,42055,15,,,0,24,,42030,15,,,0,23,,42044,15,,,0,64,,42035,15,,,0,24,,42057,15,,,0,64,,42031,15,,,0,24,,42045,15,,,0,24,,42036,15,,,0,62,,42058,15,,,0,24,,42032,15,,,0,64,,42046,15,,,0,43,,42059,15,,,0,83,,42047,15,,,0,83,,42060,15,,,0,43,,42048,15,,,0,81,,42061,15,,,0,83,,42049,15,,,0,83,,42062,15,,,0
6500,'1CCSDCUT-Weekday',516,,42074,15,,,0,43,,42087,15,,,0,65,,42063,15,,,0,26,,42075,15,,,0,64,,42065,15,,,0,24,,42088,15,,,0,64,,42064,15,,,0,24,,42076,15,,,0,82,,42089,15,,,0,45,,42077,15,,,0,83,,42090,15,,,0,83,,42078,15,,,0,83,,42091,15,,,0,43,,42079,15,,,0,66,,42070,15,,,0,17,,42093,15,,,0,29,,42066,15,,,0,61,,42080,15,,,0,24,,42071,15,,,0,63,,42092,15,,,0,24,,42067,15,,,0,23,,42081,15,,,0,64,,42072,15,,,0,24,,42094,15,,,0,64,,42068,15,,,0,24,,42082,15,,,0,24,,42073,15,,,0,62,,42095,15,,,0,24,,42069,15,,,0,64,,42083,15,,,0,43,,42096,15,,,0,83,,42084,15,,,0,83,,42097,15,,,0,43,,42085,15,,,0,81,,42098,15,,,0,83,,42086,15,,,0,83,,42099,15,,,0
10500,'Saturday',645,,52419,7,,,0,80,,52410,7,,,0,80,,52425,7,,,0,40,,52414,7,,,0,80,,52420,7,,,0,80,,52409,7,,,0,40,,52427,7,,,0,80,,52415,7,,,0,81,,52421,7,,,0,40,,52412,7,,,0,80,,52428,7,,,0,80,,52416,7,,,0,40,,52423,7,,,0,80,,52411,7,,,0,80,,52429,7,,,0,40,,52417,7,,,0,80,,52422,7,,,0,80,,52413,7,,,0,40,,52426,7,,,0,80,,52418,7,,,0,80,,52424,7,,,0,40,,52408,7,,,0
10500,'Sunday',645,,52430,7,,,0,80,,52437,7,,,0,80,,52444,7,,,0,40,,52431,7,,,0,80,,52438,7,,,0,80,,52445,7,,,0,40,,52432,7,,,0,80,,52439,7,,,0,81,,52446,7,,,0,40,,52433,7,,,0,80,,52440,7,,,0,80,,52447,7,,,0,40,,52434,7,,,0,80,,52441,7,,,0,80,,52448,7,,,0,40,,52435,7,,,0,80,,52442,7,,,0,80,,52449,7,,,0,40,,52436,7,,,0,80,,52443,7,,,0,80,,52450,7,,,0,40,,52451,7,,,0
10500,'Weekday',539,,52477,7,,,0,71,,52468,7,,,0,30,,52460,7,,,0,70,,52452,7,,,0,30,,52478,7,,,0,70,,52469,7,,,0,30,,52461,7,,,0,70,,52453,7,,,0,30,,52479,7,,,0,70,,52471,7,,,0,30,,52462,7,,,0,70,,52454,7,,,0,30,,52480,7,,,0,70,,52470,7,,,0,30,,52463,7,,,0,70,,52455,7,,,0,30,,52481,7,,,0,70,,52472,7,,,0,31,,52464,7,,,0,66,,52456,7,,,0,34,,52482,7,,,0,70,,52473,7,,,0,30,,52465,7,,,0,69,,52457,7,,,0,30,,52483,7,,,0,70,,52474,7,,,0,30,,52466,7,,,0,70,,52458,7,,,0,30,,52484,7,,,0,70,,52475,7,,,0,30,,52467,7,,,0,70,,52459,7,,,0,30,,52485,7,,,0,83,,52476,7,,,0
10500,'Weekday1111000',1457,,52488,7,,,0
10500,'1CCSDCUT-Weekday',539,,52514,7,,,0,71,,52505,7,,,0,30,,52497,7,,,0,70,,52489,7,,,0,30,,52515,7,,,0,70,,52506,7,,,0,30,,52498,7,,,0,70,,52490,7,,,0,30,,52516,7,,,0,70,,52508,7,,,0,30,,52499,7,,,0,70,,52491,7,,,0,30,,52517,7,,,0,70,,52507,7,,,0,30,,52500,7,,,0,70,,52492,7,,,0,30,,52518,7,,,0,70,,52509,7,,,0,31,,52501,7,,,0,66,,52493,7,,,0,34,,52519,7,,,0,70,,52510,7,,,0,30,,52502,7,,,0,69,,52494,7,,,0,30,,52520,7,,,0,70,,52511,7,,,0,30,,52503,7,,,0,70,,52495,7,,,0,30,,52521,7,,,0,70,,52512,7,,,0,30,,52504,7,,,0,70,,52496,7,,,0,30,,52522,7,,,0,83,,52513,7,,,0
10500,'1CCSDCUT-Weekday1111000',1457,,52525,7,,,0
