2800,'Saturday',604,,84974,40,,,0,30,,84980,40,,,0,70,,84972,40,,,0,30,,84988,40,,,0,70,,84978,40,,,0,30,,84986,40,,,0,70,,84971,40,,,0,30,,84993,40,,,0,70,,84973,40,,,0,30,,84990,40,,,0,70,,84975,40,,,0,30,,84989,40,,,0,70,,84976,40,,,0,30,,84991,40,,,0,70,,84977,40,,,0,30,,84992,40,,,0,70,,84962,40,,,0,30,,84981,40,,,0,70,,84963,40,,,0,30,,84985,40,,,0,70,,84964,40,,,0,30,,84979,40,,,0,70,,84965,40,,,0,30,,84984,40,,,0,70,,84966,40,,,0,30,,84982,40,,,0,70,,84967,40,,,0,30,,84983,40,,,0,70,,84968,40,,,0,30,,84987,40,,,0,70,,84969,40,,,0,30,,84994,40,,,0,72,,84970,40,,,0
2800,'Sunday',734,,84999,40,,,0,70,,85010,40,,,0,30,,85004,40,,,0,70,,85011,40,,,0,30,,85005,40,,,0,70,,85012,40,,,0,30,,85006,40,,,0,70,,85013,40,,,0,30,,85002,40,,,0,70,,85014,40,,,0,30,,84995,40,,,0,70,,85015,40,,,0,30,,84996,40,,,0,70,,85016,40,,,0,30,,84997,40,,,0,70,,85017,40,,,0,30,,84998,40,,,0,70,,85018,40,,,0,30,,85000,40,,,0,70,,85019,40,,,0,30,,85003,40,,,0,70,,85020,40,,,0,30,,85001,40,,,0,70,,85021,40,,,0,30,,85008,40,,,0,70,,85022,40,,,0,30,,85009,40,,,0,70,,85023,40,,,0,32,,85007,40,,,0,70,,85024,40,,,0
2800,'Weekday',534,,85026,23,,,0,72,,85027,40,,,0,38,,85028,40,,,0,70,,85044,40,,,0,30,,85029,40,,,0,70,,85045,40,,,0,30,,85030,40,,,0,70,,85047,40,,,0,30,,85031,40,,,0,70,,85046,40,,,0,30,,85032,40,,,0,70,,85048,40,,,0,30,,85034,40,,,0,70,,85049,40,,,0,30,,85033,40,,,0,70,,85051,40,,,0,30,,85035,40,,,0,70,,85050,40,,,0,30,,85036,40,,,0,70,,85053,40,,,0,30,,85037,40,,,0,70,,85054,40,,,0,30,,85038,40,,,0,70,,85052,40,,,0,30,,85039,40,,,0,70,,85055,40,,,0,30,,85040,40,,,0,65,,85056,40,,,0,28,,85025,40,,,0,69,,85058,40,,,0,30,,85041,40,,,0,70,,85059,40,,,0,30,,85042,40,,,0,70,,85060,40,,,0,30,,85043,40,,,0,70,,85057,40,,,0,30,,85062,40,,,0,70,,85061,40,,,0
2800,'STMPSa-Saturday',604,,85075,40,,,0,30,,85081,40,,,0,70,,85073,40,,,0,30,,85089,40,,,0,70,,85079,40,,,0,30,,85087,40,,,0,70,,85072,40,,,0,30,,85094,40,,,0,70,,85074,40,,,0,30,,85091,40,,,0,70,,85076,40,,,0,30,,85090,40,,,0,70,,85077,40,,,0,30,,85092,40,,,0,70,,85078,40,,,0,30,,85093,40,,,0,70,,85063,40,,,0,30,,85082,40,,,0,70,,85064,40,,,0,30,,85086,40,,,0,70,,85065,40,,,0,30,,85080,40,,,0,70,,85066,40,,,0,30,,85085,40,,,0,70,,85067,40,,,0,30,,85083,40,,,0,70,,85068,40,,,0,30,,85084,40,,,0,70,,85069,40,,,0,30,,85088,40,,,0,70,,85070,40,,,0,30,,85095,40,,,0,72,,85071,40,,,0
2800,'STMPSnea-Weekday',534,,85097,23,,,0,72,,85098,40,,,0,38,,85099,40,,,0,70,,85115,40,,,0,30,,85100,40,,,0,70,,85116,40,,,0,30,,85101,40,,,0,70,,85118,40,,,0,30,,85102,40,,,0,70,,85117,40,,,0,30,,85103,40,,,0,70,,85119,40,,,0,30,,85105,40,,,0,70,,85120,40,,,0,30,,85104,40,,,0,70,,85122,40,,,0,30,,85106,40,,,0,70,,85121,40,,,0,30,,85107,40,,,0,70,,85124,40,,,0,30,,85108,40,,,0,70,,85125,40,,,0,30,,85109,40,,,0,70,,85123,40,,,0,30,,85110,40,,,0,70,,85126,40,,,0,30,,85111,40,,,0,65,,85127,40,,,0,28,,85096,40,,,0,69,,85129,40,,,0,30,,85112,40,,,0,70,,85130,40,,,0,30,,85113,40,,,0,70,,85131,40,,,0,30,,85114,40,,,0,70,,85128,40,,,0,30,,85133,40,,,0,70,,85132,40,,,0
2800,'STMPSu1-Sunday',734,,85138,40,,,0,70,,85149,40,,,0,30,,85143,40,,,0,70,,85150,40,,,0,30,,85144,40,,,0,70,,85151,40,,,0,30,,85145,40,,,0,70,,85152,40,,,0,30,,85141,40,,,0,70,,85153,40,,,0,30,,85134,40,,,0,70,,85154,40,,,0,30,,85135,40,,,0,70,,85156,40,,,0,30,,85136,40,,,0,70,,85155,40,,,0,30,,85137,40,,,0,70,,85157,40,,,0,30,,85139,40,,,0,70,,85158,40,,,0,30,,85142,40,,,0,70,,85159,40,,,0,30,,85140,40,,,0,70,,85160,40,,,0,30,,85147,40,,,0,70,,85161,40,,,0,30,,85148,40,,,0,70,,85162,40,,,0,32,,85146,40,,,0,70,,85163,40,,,0
2800,'STMPSu2-Sunday',734,,85168,40,,,0,70,,85179,40,,,0,30,,85173,40,,,0,70,,85180,40,,,0,30,,85174,40,,,0,70,,85181,40,,,0,30,,85175,40,,,0,70,,85182,40,,,0,30,,85171,40,,,0,70,,85183,40,,,0,30,,85164,40,,,0,70,,85184,40,,,0,30,,85165,40,,,0,70,,85185,40,,,0,30,,85166,40,,,0,70,,85186,40,,,0,30,,85167,40,,,0,70,,85187,40,,,0,30,,85169,40,,,0,70,,85188,40,,,0,30,,85172,40,,,0,70,,85189,40,,,0,30,,85170,40,,,0,70,,85190,40,,,0,30,,85177,40,,,0,70,,85191,40,,,0,30,,85178,40,,,0,70,,85192,40,,,0,32,,85176,40,,,0,70,,85193,40,,,0
2800,'STMPWeek-Weekday',534,,85195,23,,,0,72,,85196,40,,,0,38,,85197,40,,,0,70,,85213,40,,,0,30,,85198,40,,,0,70,,85214,40,,,0,30,,85199,40,,,0,70,,85216,40,,,0,30,,85200,40,,,0,70,,85215,40,,,0,30,,85201,40,,,0,70,,85217,40,,,0,30,,85203,40,,,0,70,,85218,40,,,0,30,,85202,40,,,0,70,,85220,40,,,0,30,,85204,40,,,0,70,,85219,40,,,0,30,,85205,40,,,0,70,,85222,40,,,0,30,,85206,40,,,0,70,,85223,40,,,0,30,,85207,40,,,0,70,,85221,40,,,0,30,,85208,40,,,0,70,,85224,40,,,0,30,,85209,40,,,0,65,,85225,40,,,0,28,,85194,40,,,0,69,,85227,40,,,0,30,,85210,40,,,0,70,,85228,40,,,0,30,,85211,40,,,0,70,,85229,40,,,0,30,,85212,40,,,0,70,,85226,40,,,0,30,,85231,40,,,0,70,,85230,40,,,0
2800,'STMPar-Weekday',534,,85233,23,,,0,72,,85234,40,,,0,38,,85235,40,,,0,70,,85251,40,,,0,30,,85236,40,,,0,70,,85252,40,,,0,30,,85237,40,,,0,70,,85254,40,,,0,30,,85238,40,,,0,70,,85253,40,,,0,30,,85239,40,,,0,70,,85255,40,,,0,30,,85241,40,,,0,70,,85256,40,,,0,30,,85240,40,,,0,70,,85258,40,,,0,30,,85242,40,,,0,70,,85257,40,,,0,30,,85243,40,,,0,70,,85260,40,,,0,30,,85244,40,,,0,70,,85261,40,,,0,30,,85245,40,,,0,70,,85259,40,,,0,30,,85246,40,,,0,70,,85262,40,,,0,30,,85247,40,,,0,65,,85263,40,,,0,28,,85232,40,,,0,69,,85265,40,,,0,30,,85248,40,,,0,70,,85266,40,,,0,30,,85249,40,,,0,70,,85267,40,,,0,30,,85250,40,,,0,70,,85264,40,,,0,30,,85269,40,,,0,70,,85268,40,,,0
4400,'Saturday',705,,91964,37,,,0,40,,91965,37,,,0,80,,91966,37,,,0,80,,91967,37,,,0,40,,91968,37,,,0,80,,91969,37,,,0,80,,91970,37,,,0,40,,91972,37,,,0,80,,91974,37,,,0,80,,91973,37,,,0,40,,91975,37,,,0,80,,91971,37,,,0,80,,91976,37,,,0,40,,91977,37,,,0,80,,91978,37,,,0,80,,91979,37,,,0,40,,91980,37,,,0,80,,91981,37,,,0,80,,91982,37,,,0,42,,91983,37,,,0
4400,'Weekday',547,,91984,37,,,0,80,,91985,37,,,0,80,,91986,37,,,0,38,,91987,37,,,0,73,,91988,37,,,0,40,,91990,37,,,0,89,,91991,37,,,0,80,,91989,37,,,0,80,,91993,37,,,0,40,,91994,37,,,0,80,,91992,37,,,0,80,,91995,37,,,0,40,,91996,37,,,0,80,,91997,37,,,0,88,,91999,37,,,0,34,,92000,37,,,0,78,,92001,37,,,0,80,,91998,37,,,0,40,,92002,37,,,0,80,,92003,37,,,0,80,,92004,37,,,0,40,,92005,37,,,0
4400,'STMPSa-Saturday',705,,92006,37,,,0,40,,92007,37,,,0,80,,92008,37,,,0,80,,92009,37,,,0,40,,92011,37,,,0,80,,92010,37,,,0,80,,92012,37,,,0,40,,92014,37,,,0,80,,92016,37,,,0,80,,92015,37,,,0,40,,92017,37,,,0,80,,92013,37,,,0,80,,92018,37,,,0,40,,92019,37,,,0,80,,92020,37,,,0,80,,92021,37,,,0,40,,92022,37,,,0,80,,92023,37,,,0,80,,92024,37,,,0,42,,92025,37,,,0
4400,'STMPSnea-Weekday',547,,92026,37,,,0,80,,92027,37,,,0,80,,92028,37,,,0,38,,92029,37,,,0,73,,92030,37,,,0,40,,92032,37,,,0,89,,92033,37,,,0,80,,92031,37,,,0,80,,92035,37,,,0,40,,92036,37,,,0,80,,92034,37,,,0,80,,92037,37,,,0,40,,92038,37,,,0,80,,92039,37,,,0,88,,92041,37,,,0,34,,92042,37,,,0,78,,92043,37,,,0,80,,92040,37,,,0,40,,92044,37,,,0,80,,92045,37,,,0,80,,92046,37,,,0,40,,92047,37,,,0
4400,'STMPWeek-Weekday',547,,92048,37,,,0,80,,92049,37,,,0,80,,92050,37,,,0,38,,92051,37,,,0,73,,92052,37,,,0,40,,92054,37,,,0,89,,92055,37,,,0,80,,92053,37,,,0,80,,92057,37,,,0,40,,92058,37,,,0,80,,92056,37,,,0,80,,92059,37,,,0,40,,92060,37,,,0,80,,92061,37,,,0,88,,92063,37,,,0,34,,92064,37,,,0,78,,92065,37,,,0,80,,92062,37,,,0,40,,92066,37,,,0,80,,92067,37,,,0,80,,92068,37,,,0,40,,92069,37,,,0
4400,'STMPar-Weekday',547,,92070,37,,,0,80,,92071,37,,,0,80,,92072,37,,,0,38,,92073,37,,,0,73,,92074,37,,,0,40,,92076,37,,,0,89,,92077,37,,,0,80,,92075,37,,,0,80,,92079,37,,,0,40,,92080,37,,,0,80,,92078,37,,,0,80,,92081,37,,,0,40,,92082,37,,,0,80,,92083,37,,,0,88,,92085,37,,,0,34,,92086,37,,,0,78,,92087,37,,,0,80,,92084,37,,,0,40,,92088,37,,,0,80,,92089,37,,,0,80,,92090,37,,,0,40,,92091,37,,,0
8300,'Saturday',626,,106173,29,,,0,30,,106187,29,,,0,70,,106172,29,,,0,30,,106184,29,,,0,70,,106166,29,,,0,30,,106182,29,,,0,70,,106168,29,,,0,30,,106183,29,,,0,70,,106167,29,,,0,30,,106186,29,,,0,70,,106169,29,,,0,30,,106185,29,,,0,70,,106170,29,,,0,30,,106188,29,,,0,70,,106171,29,,,0,30,,106181,29,,,0,70,,106158,29,,,0,30,,106175,29,,,0,70,,106159,29,,,0,30,,106177,29,,,0,70,,106161,29,,,0,30,,106179,29,,,0,70,,106162,29,,,0,30,,106176,29,,,0,70,,106163,29,,,0,30,,106180,29,,,0,70,,106164,29,,,0,30,,106178,29,,,0,70,,106165,29,,,0,30,,106174,29,,,0,70,,106160,29,,,0,30,,106189,29,,,0
8300,'Sunday',756,,106199,29,,,0,70,,106206,29,,,0,30,,106200,29,,,0,70,,106205,29,,,0,30,,106197,29,,,0,70,,106208,29,,,0,30,,106198,29,,,0,70,,106207,29,,,0,30,,106201,29,,,0,70,,106209,29,,,0,30,,106190,29,,,0,70,,106211,29,,,0,30,,106191,29,,,0,70,,106210,29,,,0,30,,106192,29,,,0,70,,106213,29,,,0,30,,106193,29,,,0,70,,106212,29,,,0,30,,106194,29,,,0,70,,106214,29,,,0,30,,106195,29,,,0,70,,106215,29,,,0,30,,106202,29,,,0,70,,106216,29,,,0,30,,106203,29,,,0,70,,106217,29,,,0,30,,106204,29,,,0,70,,106218,29,,,0,32,,106196,29,,,0,70,,106219,29,,,0
8300,'Weekday',554,,106237,14,,,0,61,,106238,29,,,0,22,,106239,29,,,0,70,,106221,29,,,0,30,,106241,29,,,0,70,,106222,29,,,0,30,,106240,29,,,0,70,,106223,29,,,0,30,,106243,29,,,0,70,,106224,29,,,0,30,,106242,29,,,0,70,,106225,29,,,0,30,,106244,29,,,0,70,,106226,29,,,0,30,,106245,29,,,0,70,,106227,29,,,0,30,,106246,29,,,0,70,,106228,29,,,0,30,,106248,29,,,0,74,,106229,29,,,0,26,,106247,29,,,0,70,,106230,29,,,0,30,,106249,29,,,0,70,,106232,29,,,0,30,,106250,29,,,0,70,,106231,29,,,0,30,,106251,29,,,0,68,,106220,29,,,0,25,,106252,29,,,0,70,,106233,29,,,0,30,,106253,29,,,0,70,,106234,29,,,0,30,,106254,29,,,0,70,,106235,29,,,0,30,,106255,29,,,0,70,,106236,29,,,0,30,,106256,29,,,0
8300,'STMPSa-Saturday',626,,106272,29,,,0,30,,106286,29,,,0,70,,106271,29,,,0,30,,106283,29,,,0,70,,106265,29,,,0,30,,106281,29,,,0,70,,106267,29,,,0,30,,106282,29,,,0,70,,106266,29,,,0,30,,106285,29,,,0,70,,106268,29,,,0,30,,106284,29,,,0,70,,106269,29,,,0,30,,106287,29,,,0,70,,106270,29,,,0,30,,106279,29,,,0,70,,106257,29,,,0,30,,106274,29,,,0,70,,106258,29,,,0,30,,106276,29,,,0,70,,106260,29,,,0,30,,106278,29,,,0,70,,106261,29,,,0,30,,106275,29,,,0,70,,106262,29,,,0,30,,106280,29,,,0,70,,106263,29,,,0,30,,106277,29,,,0,70,,106264,29,,,0,30,,106273,29,,,0,70,,106259,29,,,0,30,,106288,29,,,0
8300,'STMPSnea-Weekday',554,,106306,14,,,0,61,,106307,29,,,0,22,,106308,29,,,0,70,,106290,29,,,0,30,,106310,29,,,0,70,,106291,29,,,0,30,,106309,29,,,0,70,,106292,29,,,0,30,,106312,29,,,0,70,,106293,29,,,0,30,,106311,29,,,0,70,,106294,29,,,0,30,,106313,29,,,0,70,,106295,29,,,0,30,,106314,29,,,0,70,,106296,29,,,0,30,,106315,29,,,0,70,,106297,29,,,0,30,,106317,29,,,0,74,,106298,29,,,0,26,,106316,29,,,0,70,,106299,29,,,0,30,,106318,29,,,0,70,,106301,29,,,0,30,,106319,29,,,0,70,,106300,29,,,0,30,,106320,29,,,0,68,,106289,29,,,0,25,,106321,29,,,0,70,,106302,29,,,0,30,,106322,29,,,0,70,,106303,29,,,0,30,,106323,29,,,0,70,,106304,29,,,0,30,,106324,29,,,0,70,,106305,29,,,0,30,,106325,29,,,0
8300,'STMPSu1-Sunday',756,,106335,29,,,0,70,,106342,29,,,0,30,,106336,29,,,0,70,,106341,29,,,0,30,,106333,29,,,0,70,,106344,29,,,0,30,,106334,29,,,0,70,,106343,29,,,0,30,,106337,29,,,0,70,,106345,29,,,0,30,,106326,29,,,0,70,,106347,29,,,0,30,,106327,29,,,0,70,,106346,29,,,0,30,,106328,29,,,0,70,,106349,29,,,0,30,,106329,29,,,0,70,,106348,29,,,0,30,,106330,29,,,0,70,,106350,29,,,0,30,,106331,29,,,0,70,,106351,29,,,0,30,,106338,29,,,0,70,,106352,29,,,0,30,,106339,29,,,0,70,,106353,29,,,0,30,,106340,29,,,0,70,,106354,29,,,0,32,,106332,29,,,0,70,,106355,29,,,0
8300,'STMPSu2-Sunday',756,,106365,29,,,0,70,,106372,29,,,0,30,,106366,29,,,0,70,,106371,29,,,0,30,,106363,29,,,0,70,,106374,29,,,0,30,,106364,29,,,0,70,,106373,29,,,0,30,,106367,29,,,0,70,,106375,29,,,0,30,,106356,29,,,0,70,,106377,29,,,0,30,,106357,29,,,0,70,,106376,29,,,0,30,,106358,29,,,0,70,,106379,29,,,0,30,,106359,29,,,0,70,,106378,29,,,0,30,,106360,29,,,0,70,,106380,29,,,0,30,,106361,29,,,0,70,,106381,29,,,0,30,,106368,29,,,0,70,,106382,29,,,0,30,,106369,29,,,0,70,,106383,29,,,0,30,,106370,29,,,0,70,,106384,29,,,0,32,,106362,29,,,0,70,,106385,29,,,0
8300,'STMPWeek-Weekday',554,,106403,14,,,0,61,,106404,29,,,0,22,,106405,29,,,0,70,,106387,29,,,0,30,,106407,29,,,0,70,,106388,29,,,0,30,,106406,29,,,0,70,,106389,29,,,0,30,,106409,29,,,0,70,,106390,29,,,0,30,,106408,29,,,0,70,,106391,29,,,0,30,,106410,29,,,0,70,,106392,29,,,0,30,,106411,29,,,0,70,,106393,29,,,0,30,,106412,29,,,0,70,,106394,29,,,0,30,,106414,29,,,0,74,,106395,29,,,0,26,,106413,29,,,0,70,,106396,29,,,0,30,,106415,29,,,0,70,,106398,29,,,0,30,,106416,29,,,0,70,,106397,29,,,0,30,,106417,29,,,0,68,,106386,29,,,0,25,,106418,29,,,0,70,,106399,29,,,0,30,,106419,29,,,0,70,,106400,29,,,0,30,,106420,29,,,0,70,,106401,29,,,0,30,,106421,29,,,0,70,,106402,29,,,0,30,,106422,29,,,0
8300,'STMPar-Weekday',554,,106440,14,,,0,61,,106441,29,,,0,22,,106442,29,,,0,70,,106424,29,,,0,30,,106444,29,,,0,70,,106425,29,,,0,30,,106443,29,,,0,70,,106426,29,,,0,30,,106446,29,,,0,70,,106427,29,,,0,30,,106445,29,,,0,70,,106428,29,,,0,30,,106447,29,,,0,70,,106429,29,,,0,30,,106448,29,,,0,70,,106430,29,,,0,30,,106449,29,,,0,70,,106431,29,,,0,30,,106451,29,,,0,74,,106432,29,,,0,26,,106450,29,,,0,70,,106433,29,,,0,30,,106452,29,,,0,70,,106435,29,,,0,30,,106453,29,,,0,70,,106434,29,,,0,30,,106454,29,,,0,68,,106423,29,,,0,25,,106455,29,,,0,70,,106436,29,,,0,30,,106456,29,,,0,70,,106437,29,,,0,30,,106458,29,,,0,70,,106438,29,,,0,30,,106457,29,,,0,70,,106439,29,,,0,30,,106459,29,,,0
