1900,'Saturday',635,,79956,1,,,0,75,,79941,1,,,0,35,,79935,1,,,0,75,,79949,1,,,0,35,,79957,1,,,0,75,,79943,1,,,0,75,,79934,1,,,0,35,,79951,1,,,0,75,,79958,1,,,0,35,,79942,1,,,0,71,,79936,1,,,0,20,,79963,1,,,0,68,,79950,1,,,0,28,,79959,1,,,0,68,,79944,1,,,0,28,,79937,1,,,0,68,,79965,1,,,0,28,,79953,1,,,0,28,,79960,1,,,0,68,,79945,1,,,0,28,,79938,1,,,0,68,,79966,1,,,0,28,,79952,1,,,0,68,,79962,1,,,0,35,,79946,1,,,0,75,,79939,1,,,0,75,,79955,1,,,0,35,,79961,1,,,0,75,,79948,1,,,0,35,,79940,1,,,0,75,,79954,1,,,0,35,,79964,1,,,0
1900,'Sunday',635,,79990,1,,,0,75,,79975,1,,,0,35,,79968,1,,,0,75,,79982,1,,,0,35,,79991,1,,,0,75,,79976,1,,,0,75,,79969,1,,,0,35,,79985,1,,,0,75,,79992,1,,,0,35,,79977,1,,,0,71,,79970,1,,,0,20,,79998,1,,,0,68,,79984,1,,,0,28,,79994,1,,,0,68,,79978,1,,,0,28,,79971,1,,,0,68,,79999,1,,,0,28,,79986,1,,,0,28,,79993,1,,,0,68,,79979,1,,,0,28,,79972,1,,,0,68,,80000,1,,,0,28,,79987,1,,,0,68,,79995,1,,,0,35,,79980,1,,,0,75,,79973,1,,,0,75,,79988,1,,,0,35,,79996,1,,,0,75,,79981,1,,,0,35,,79974,1,,,0,75,,79989,1,,,0,35,,79997,1,,,0
1900,'Weekday',515,,80025,1,,,0,30,,80033,1,,,0,65,,80001,1,,,0,32,,80009,1,,,0,64,,80018,1,,,0,34,,80026,1,,,0,78,,80034,1,,,0,32,,80003,1,,,0,72,,80010,1,,,0,32,,80019,1,,,0,72,,80027,1,,,0,32,,80035,1,,,0,72,,80002,1,,,0,72,,80011,1,,,0,32,,80020,1,,,0,72,,80028,1,,,0,32,,80036,1,,,0,72,,80004,1,,,0,32,,80012,1,,,0,72,,80021,1,,,0,32,,80029,1,,,0,72,,80037,1,,,0,32,,80005,1,,,0,72,,80013,1,,,0,32,,80022,1,,,0,70,,80030,1,,,0,26,,80038,1,,,0,70,,80006,1,,,0,30,,80014,1,,,0,70,,80023,1,,,0,30,,80031,1,,,0,70,,80039,1,,,0,30,,80007,1,,,0,70,,80015,1,,,0,30,,80024,1,,,0,70,,80032,1,,,0,30,,80040,1,,,0,70,,80008,1,,,0,30,,80016,1,,,0
1900,'STMPSa-Saturday',635,,80064,1,,,0,75,,80049,1,,,0,35,,80043,1,,,0,75,,80057,1,,,0,35,,80065,1,,,0,75,,80051,1,,,0,75,,80042,1,,,0,35,,80059,1,,,0,75,,80066,1,,,0,35,,80050,1,,,0,71,,80044,1,,,0,20,,80071,1,,,0,68,,80058,1,,,0,28,,80067,1,,,0,68,,80052,1,,,0,28,,80045,1,,,0,68,,80073,1,,,0,28,,80061,1,,,0,28,,80068,1,,,0,68,,80053,1,,,0,28,,80046,1,,,0,68,,80074,1,,,0,28,,80060,1,,,0,68,,80070,1,,,0,35,,80054,1,,,0,75,,80047,1,,,0,75,,80063,1,,,0,35,,80069,1,,,0,75,,80056,1,,,0,35,,80048,1,,,0,75,,80062,1,,,0,35,,80072,1,,,0
1900,'STMPSnea-Weekday',515,,80099,1,,,0,30,,80107,1,,,0,65,,80075,1,,,0,32,,80083,1,,,0,64,,80092,1,,,0,34,,80100,1,,,0,78,,80108,1,,,0,32,,80077,1,,,0,72,,80084,1,,,0,32,,80093,1,,,0,72,,80101,1,,,0,32,,80109,1,,,0,72,,80076,1,,,0,72,,80085,1,,,0,32,,80094,1,,,0,72,,80102,1,,,0,32,,80110,1,,,0,72,,80078,1,,,0,32,,80086,1,,,0,72,,80095,1,,,0,32,,80103,1,,,0,72,,80111,1,,,0,32,,80079,1,,,0,72,,80087,1,,,0,32,,80096,1,,,0,70,,80104,1,,,0,26,,80112,1,,,0,70,,80080,1,,,0,30,,80088,1,,,0,70,,80097,1,,,0,30,,80105,1,,,0,70,,80113,1,,,0,30,,80081,1,,,0,70,,80089,1,,,0,30,,80098,1,,,0,70,,80106,1,,,0,30,,80114,1,,,0,70,,80082,1,,,0,30,,80090,1,,,0
1900,'STMPSu1-Sunday',635,,80139,1,,,0,75,,80123,1,,,0,35,,80116,1,,,0,75,,80130,1,,,0,35,,80137,1,,,0,75,,80124,1,,,0,75,,80117,1,,,0,35,,80133,1,,,0,75,,80140,1,,,0,35,,80125,1,,,0,71,,80118,1,,,0,20,,80146,1,,,0,68,,80132,1,,,0,28,,80142,1,,,0,68,,80126,1,,,0,28,,80119,1,,,0,68,,80147,1,,,0,28,,80134,1,,,0,28,,80141,1,,,0,68,,80127,1,,,0,28,,80120,1,,,0,68,,80148,1,,,0,28,,80135,1,,,0,68,,80143,1,,,0,35,,80128,1,,,0,75,,80121,1,,,0,75,,80136,1,,,0,35,,80144,1,,,0,75,,80129,1,,,0,35,,80122,1,,,0,75,,80138,1,,,0,35,,80145,1,,,0
1900,'STMPSu2-Sunday',635,,80172,1,,,0,75,,80157,1,,,0,35,,80150,1,,,0,75,,80164,1,,,0,35,,80173,1,,,0,75,,80158,1,,,0,75,,80151,1,,,0,35,,80167,1,,,0,75,,80174,1,,,0,35,,80159,1,,,0,71,,80152,1,,,0,20,,80180,1,,,0,68,,80166,1,,,0,28,,80176,1,,,0,68,,80160,1,,,0,28,,80153,1,,,0,68,,80181,1,,,0,28,,80168,1,,,0,28,,80175,1,,,0,68,,80161,1,,,0,28,,80154,1,,,0,68,,80182,1,,,0,28,,80169,1,,,0,68,,80177,1,,,0,35,,80162,1,,,0,75,,80155,1,,,0,75,,80170,1,,,0,35,,80178,1,,,0,75,,80163,1,,,0,35,,80156,1,,,0,75,,80171,1,,,0,35,,80179,1,,,0
1900,'STMPWeek-Weekday',515,,80207,1,,,0,30,,80215,1,,,0,65,,80183,1,,,0,32,,80191,1,,,0,64,,80200,1,,,0,34,,80208,1,,,0,78,,80216,1,,,0,32,,80185,1,,,0,72,,80192,1,,,0,32,,80201,1,,,0,72,,80209,1,,,0,32,,80217,1,,,0,72,,80184,1,,,0,72,,80193,1,,,0,32,,80202,1,,,0,72,,80210,1,,,0,32,,80218,1,,,0,72,,80186,1,,,0,32,,80194,1,,,0,72,,80203,1,,,0,32,,80211,1,,,0,72,,80219,1,,,0,32,,80187,1,,,0,72,,80195,1,,,0,32,,80204,1,,,0,70,,80212,1,,,0,26,,80220,1,,,0,70,,80188,1,,,0,30,,80196,1,,,0,70,,80205,1,,,0,30,,80213,1,,,0,70,,80221,1,,,0,30,,80189,1,,,0,70,,80197,1,,,0,30,,80206,1,,,0,70,,80214,1,,,0,30,,80222,1,,,0,70,,80190,1,,,0,30,,80198,1,,,0
1900,'STMPar-Weekday',515,,80247,1,,,0,30,,80255,1,,,0,65,,80223,1,,,0,32,,80231,1,,,0,64,,80240,1,,,0,34,,80248,1,,,0,78,,80256,1,,,0,32,,80225,1,,,0,72,,80232,1,,,0,32,,80241,1,,,0,72,,80249,1,,,0,32,,80257,1,,,0,72,,80224,1,,,0,72,,80233,1,,,0,32,,80242,1,,,0,72,,80250,1,,,0,32,,80258,1,,,0,72,,80226,1,,,0,32,,80234,1,,,0,72,,80243,1,,,0,32,,80251,1,,,0,72,,80259,1,,,0,32,,80227,1,,,0,72,,80235,1,,,0,32,,80244,1,,,0,70,,80252,1,,,0,26,,80260,1,,,0,70,,80228,1,,,0,30,,80236,1,,,0,70,,80245,1,,,0,30,,80253,1,,,0,70,,80261,1,,,0,30,,80229,1,,,0,70,,80237,1,,,0,30,,80246,1,,,0,70,,80254,1,,,0,30,,80262,1,,,0,70,,80230,1,,,0,30,,80238,1,,,0
1901,'Saturday',704,,80271,68,4,,0,35,,80263,68,4,,0,75,,80279,68,4,,0,35,,80287,68,4,,0,75,,80272,68,4,,0,35,,80264,68,4,,0,75,,80280,68,4,,0,75,,80288,68,4,,0,35,,80273,68,4,,0,75,,80265,68,4,,0,35,,80281,68,4,,0,74,,80289,68,4,,0,75,,80274,68,4,,0,28,,80266,68,4,,0,24,,80294,68,4,,0,68,,80283,68,4,,0,28,,80290,68,4,,0,68,,80275,68,4,,0,28,,80267,68,4,,0,68,,80295,68,4,,0,28,,80282,68,4,,0,68,,80291,68,4,,0,28,,80276,68,4,,0,68,,80268,68,4,,0,28,,80296,68,4,,0,23,,80285,68,4,,0,73,,80293,68,4,,0,75,,80277,68,4,,0,35,,80269,68,4,,0,75,,80286,68,4,,0,35,,80292,68,4,,0,75,,80278,68,4,,0,75,,80270,68,4,,0
1901,'Sunday',704,,80305,68,4,,0,35,,80297,68,4,,0,75,,80313,68,4,,0,35,,80320,68,4,,0,75,,80306,68,4,,0,35,,80298,68,4,,0,75,,80314,68,4,,0,75,,80322,68,4,,0,35,,80307,68,4,,0,75,,80299,68,4,,0,35,,80315,68,4,,0,74,,80324,68,4,,0,75,,80309,68,4,,0,28,,80300,68,4,,0,24,,80328,68,4,,0,68,,80316,68,4,,0,28,,80323,68,4,,0,68,,80311,68,4,,0,28,,80301,68,4,,0,68,,80329,68,4,,0,28,,80317,68,4,,0,68,,80325,68,4,,0,28,,80310,68,4,,0,68,,80302,68,4,,0,28,,80330,68,4,,0,23,,80318,68,4,,0,73,,80326,68,4,,0,75,,80308,68,4,,0,35,,80303,68,4,,0,75,,80319,68,4,,0,35,,80327,68,4,,0,75,,80312,68,4,,0,75,,80304,68,4,,0
1901,'Weekday',544,,80364,27,4,,0,64,,80331,68,4,,0,34,,80339,68,4,,0,64,,80347,68,4,,0,33,,80355,68,4,,0,72,,80365,68,4,,0,27,,80332,68,4,,0,76,,80340,68,4,,0,29,,80348,68,4,,0,74,,80356,68,4,,0,33,,80366,68,4,,0,72,,80333,68,4,,0,32,,80341,68,4,,0,72,,80349,68,4,,0,32,,80357,68,4,,0,72,,80367,68,4,,0,72,,80334,68,4,,0,33,,80342,68,4,,0,76,,80350,68,4,,0,32,,80359,68,4,,0,72,,80368,68,4,,0,31,,80335,68,4,,0,71,,80343,68,4,,0,32,,80351,68,4,,0,70,,80358,68,4,,0,24,,80369,68,4,,0,69,,80336,68,4,,0,30,,80344,68,4,,0,70,,80352,68,4,,0,30,,80360,68,4,,0,70,,80371,68,4,,0,30,,80337,68,4,,0,70,,80345,68,4,,0,26,,80353,68,4,,0,68,,80361,68,4,,0,30,,80370,68,4,,0,70,,80338,68,4,,0,30,,80346,68,4,,0,70,,80354,68,4,,0,30,,80362,68,4,,0,70,,80363,68,4,,0
1901,'STMPSa-Saturday',704,,80380,68,4,,0,35,,80372,68,4,,0,75,,80388,68,4,,0,35,,80396,68,4,,0,75,,80381,68,4,,0,35,,80373,68,4,,0,75,,80389,68,4,,0,75,,80397,68,4,,0,35,,80382,68,4,,0,75,,80374,68,4,,0,35,,80390,68,4,,0,74,,80398,68,4,,0,75,,80383,68,4,,0,28,,80376,68,4,,0,24,,80403,68,4,,0,68,,80392,68,4,,0,28,,80399,68,4,,0,68,,80384,68,4,,0,28,,80375,68,4,,0,68,,80405,68,4,,0,28,,80391,68,4,,0,68,,80400,68,4,,0,28,,80385,68,4,,0,68,,80377,68,4,,0,28,,80404,68,4,,0,23,,80394,68,4,,0,73,,80402,68,4,,0,75,,80386,68,4,,0,35,,80378,68,4,,0,75,,80395,68,4,,0,35,,80401,68,4,,0,75,,80387,68,4,,0,75,,80379,68,4,,0
1901,'STMPSnea-Weekday',544,,80439,27,4,,0,64,,80406,68,4,,0,34,,80414,68,4,,0,64,,80422,68,4,,0,33,,80430,68,4,,0,72,,80440,68,4,,0,27,,80407,68,4,,0,76,,80415,68,4,,0,29,,80423,68,4,,0,74,,80431,68,4,,0,33,,80441,68,4,,0,72,,80408,68,4,,0,32,,80416,68,4,,0,72,,80424,68,4,,0,32,,80432,68,4,,0,72,,80442,68,4,,0,72,,80409,68,4,,0,33,,80417,68,4,,0,76,,80425,68,4,,0,32,,80434,68,4,,0,72,,80443,68,4,,0,31,,80410,68,4,,0,71,,80418,68,4,,0,32,,80426,68,4,,0,70,,80433,68,4,,0,24,,80444,68,4,,0,69,,80411,68,4,,0,30,,80419,68,4,,0,70,,80427,68,4,,0,30,,80435,68,4,,0,70,,80446,68,4,,0,30,,80412,68,4,,0,70,,80420,68,4,,0,26,,80428,68,4,,0,68,,80436,68,4,,0,30,,80445,68,4,,0,70,,80413,68,4,,0,30,,80421,68,4,,0,70,,80429,68,4,,0,30,,80437,68,4,,0,70,,80438,68,4,,0
1901,'STMPSu1-Sunday',704,,80455,68,4,,0,35,,80447,68,4,,0,75,,80463,68,4,,0,35,,80470,68,4,,0,75,,80456,68,4,,0,35,,80448,68,4,,0,75,,80464,68,4,,0,75,,80472,68,4,,0,35,,80457,68,4,,0,75,,80449,68,4,,0,35,,80465,68,4,,0,74,,80474,68,4,,0,75,,80459,68,4,,0,28,,80450,68,4,,0,24,,80478,68,4,,0,68,,80466,68,4,,0,28,,80473,68,4,,0,68,,80461,68,4,,0,28,,80451,68,4,,0,68,,80479,68,4,,0,28,,80467,68,4,,0,68,,80475,68,4,,0,28,,80460,68,4,,0,68,,80452,68,4,,0,28,,80480,68,4,,0,23,,80468,68,4,,0,73,,80476,68,4,,0,75,,80458,68,4,,0,35,,80453,68,4,,0,75,,80469,68,4,,0,35,,80477,68,4,,0,75,,80462,68,4,,0,75,,80454,68,4,,0
1901,'STMPSu2-Sunday',704,,80489,68,4,,0,35,,80481,68,4,,0,75,,80497,68,4,,0,35,,80504,68,4,,0,75,,80490,68,4,,0,35,,80482,68,4,,0,75,,80498,68,4,,0,75,,80506,68,4,,0,35,,80491,68,4,,0,75,,80483,68,4,,0,35,,80499,68,4,,0,74,,80508,68,4,,0,75,,80493,68,4,,0,28,,80484,68,4,,0,24,,80512,68,4,,0,68,,80500,68,4,,0,28,,80507,68,4,,0,68,,80495,68,4,,0,28,,80485,68,4,,0,68,,80513,68,4,,0,28,,80501,68,4,,0,68,,80509,68,4,,0,28,,80494,68,4,,0,68,,80486,68,4,,0,28,,80514,68,4,,0,23,,80502,68,4,,0,73,,80510,68,4,,0,75,,80492,68,4,,0,35,,80487,68,4,,0,75,,80503,68,4,,0,35,,80511,68,4,,0,75,,80496,68,4,,0,75,,80488,68,4,,0
1901,'STMPWeek-Weekday',544,,80548,27,4,,0,64,,80515,68,4,,0,34,,80523,68,4,,0,64,,80531,68,4,,0,33,,80539,68,4,,0,72,,80549,68,4,,0,27,,80516,68,4,,0,76,,80524,68,4,,0,29,,80532,68,4,,0,74,,80540,68,4,,0,33,,80550,68,4,,0,72,,80517,68,4,,0,32,,80525,68,4,,0,72,,80533,68,4,,0,32,,80541,68,4,,0,72,,80551,68,4,,0,72,,80518,68,4,,0,33,,80526,68,4,,0,76,,80534,68,4,,0,32,,80543,68,4,,0,72,,80552,68,4,,0,31,,80519,68,4,,0,71,,80527,68,4,,0,32,,80535,68,4,,0,70,,80542,68,4,,0,24,,80553,68,4,,0,69,,80520,68,4,,0,30,,80528,68,4,,0,70,,80536,68,4,,0,30,,80544,68,4,,0,70,,80555,68,4,,0,30,,80521,68,4,,0,70,,80529,68,4,,0,26,,80537,68,4,,0,68,,80545,68,4,,0,30,,80554,68,4,,0,70,,80522,68,4,,0,30,,80530,68,4,,0,70,,80538,68,4,,0,30,,80546,68,4,,0,70,,80547,68,4,,0
1901,'STMPar-Weekday',544,,80589,27,4,,0,64,,80556,68,4,,0,34,,80564,68,4,,0,64,,80572,68,4,,0,33,,80580,68,4,,0,72,,80590,68,4,,0,27,,80557,68,4,,0,76,,80565,68,4,,0,29,,80573,68,4,,0,74,,80581,68,4,,0,33,,80591,68,4,,0,72,,80558,68,4,,0,32,,80566,68,4,,0,72,,80574,68,4,,0,32,,80582,68,4,,0,72,,80592,68,4,,0,72,,80559,68,4,,0,33,,80567,68,4,,0,76,,80575,68,4,,0,32,,80584,68,4,,0,72,,80593,68,4,,0,31,,80560,68,4,,0,71,,80568,68,4,,0,32,,80577,68,4,,0,70,,80583,68,4,,0,24,,80594,68,4,,0,69,,80561,68,4,,0,30,,80569,68,4,,0,70,,80576,68,4,,0,30,,80585,68,4,,0,70,,80596,68,4,,0,30,,80562,68,4,,0,70,,80570,68,4,,0,26,,80578,68,4,,0,68,,80586,68,4,,0,30,,80595,68,4,,0,70,,80563,68,4,,0,30,,80571,68,4,,0,70,,80579,68,4,,0,30,,80587,68,4,,0,70,,80588,68,4,,0
42200,'Saturday',651,,144807,39,4,,0,100,,144808,39,4,,0,100,,144809,39,4,,0,100,,144810,39,4,,0,100,,144811,39,4,,0,100,,144812,39,4,,0,101,,144813,39,4,,0,100,,144815,39,4,,0,100,,144814,39,4,,0,100,,144816,39,4,,0,100,,144817,39,4,,0,100,,144818,39,4,,0,99,,144819,39,4,,0
42200,'Sunday',651,,144820,39,4,,0,100,,144821,39,4,,0,100,,144822,39,4,,0,100,,144823,39,4,,0,100,,144824,39,4,,0,100,,144825,39,4,,0,101,,144826,39,4,,0,100,,144827,39,4,,0,100,,144828,39,4,,0,100,,144829,39,4,,0,100,,144830,39,4,,0,100,,144831,39,4,,0,99,,144832,39,4,,0
42200,'Weekday',651,,144833,39,4,,0,70,,144851,39,4,,0,30,,144834,39,4,,0,70,,144855,39,4,,0,30,,144835,39,4,,0,69,,144856,39,4,,0,30,,144836,39,4,,0,70,,144853,39,4,,0,30,,144837,39,4,,0,70,,144854,39,4,,0,30,,144838,39,4,,0,70,,144857,39,4,,0,30,,144839,39,4,,0,70,,144850,39,4,,0,30,,144840,39,4,,0,70,,144859,39,4,,0,30,,144841,39,4,,0,80,,144858,39,4,,0,21,,144842,39,4,,0,70,,144852,39,4,,0,30,,144844,39,4,,0,70,,144860,39,4,,0,30,,144843,39,4,,0,70,,144849,39,4,,0,29,,144847,39,4,,0,99,,144846,39,4,,0,100,,144845,39,4,,0,100,,144848,39,4,,0
42200,'STMPSa-Saturday',651,,144861,39,4,,0,100,,144862,39,4,,0,100,,144863,39,4,,0,100,,144864,39,4,,0,100,,144865,39,4,,0,100,,144866,39,4,,0,101,,144867,39,4,,0,100,,144869,39,4,,0,100,,144868,39,4,,0,100,,144870,39,4,,0,100,,144871,39,4,,0,100,,144872,39,4,,0,99,,144873,39,4,,0
42200,'STMPSnea-Weekday',651,,144874,39,4,,0,70,,144892,39,4,,0,30,,144875,39,4,,0,70,,144896,39,4,,0,30,,144876,39,4,,0,69,,144897,39,4,,0,30,,144877,39,4,,0,70,,144894,39,4,,0,30,,144878,39,4,,0,70,,144895,39,4,,0,30,,144879,39,4,,0,70,,144898,39,4,,0,30,,144880,39,4,,0,70,,144891,39,4,,0,30,,144881,39,4,,0,70,,144900,39,4,,0,30,,144882,39,4,,0,80,,144899,39,4,,0,21,,144883,39,4,,0,70,,144893,39,4,,0,30,,144885,39,4,,0,70,,144901,39,4,,0,30,,144884,39,4,,0,70,,144890,39,4,,0,29,,144888,39,4,,0,99,,144887,39,4,,0,100,,144886,39,4,,0,100,,144889,39,4,,0
42200,'STMPSu1-Sunday',651,,144902,39,4,,0,100,,144903,39,4,,0,100,,144904,39,4,,0,100,,144905,39,4,,0,100,,144906,39,4,,0,100,,144907,39,4,,0,101,,144908,39,4,,0,100,,144909,39,4,,0,100,,144910,39,4,,0,100,,144911,39,4,,0,100,,144913,39,4,,0,100,,144912,39,4,,0,99,,144914,39,4,,0
42200,'STMPSu2-Sunday',651,,144915,39,4,,0,100,,144916,39,4,,0,100,,144917,39,4,,0,100,,144918,39,4,,0,100,,144919,39,4,,0,100,,144920,39,4,,0,101,,144921,39,4,,0,100,,144922,39,4,,0,100,,144923,39,4,,0,100,,144924,39,4,,0,100,,144925,39,4,,0,100,,144926,39,4,,0,99,,144927,39,4,,0
42200,'STMPWeek-Weekday',651,,144928,39,4,,0,70,,144946,39,4,,0,30,,144929,39,4,,0,70,,144950,39,4,,0,30,,144930,39,4,,0,69,,144951,39,4,,0,30,,144931,39,4,,0,70,,144948,39,4,,0,30,,144932,39,4,,0,70,,144949,39,4,,0,30,,144933,39,4,,0,70,,144952,39,4,,0,30,,144934,39,4,,0,70,,144945,39,4,,0,30,,144935,39,4,,0,70,,144954,39,4,,0,30,,144936,39,4,,0,80,,144953,39,4,,0,21,,144937,39,4,,0,70,,144947,39,4,,0,30,,144939,39,4,,0,70,,144955,39,4,,0,30,,144938,39,4,,0,70,,144944,39,4,,0,29,,144942,39,4,,0,99,,144941,39,4,,0,100,,144940,39,4,,0,100,,144943,39,4,,0
42200,'STMPar-Weekday',651,,144956,39,4,,0,70,,144974,39,4,,0,30,,144957,39,4,,0,70,,144978,39,4,,0,30,,144958,39,4,,0,69,,144979,39,4,,0,30,,144959,39,4,,0,70,,144976,39,4,,0,30,,144960,39,4,,0,70,,144977,39,4,,0,30,,144961,39,4,,0,70,,144980,39,4,,0,30,,144962,39,4,,0,70,,144973,39,4,,0,30,,144963,39,4,,0,70,,144983,39,4,,0,30,,144964,39,4,,0,80,,144982,39,4,,0,21,,144965,39,4,,0,70,,144975,39,4,,0,30,,144967,39,4,,0,70,,144981,39,4,,0,30,,144966,39,4,,0,70,,144972,39,4,,0,29,,144970,39,4,,0,99,,144969,39,4,,0,100,,144968,39,4,,0,100,,144971,39,4,,0
42201,'Saturday',600,,144984,1,,,0,100,,144985,1,,,0,100,,144986,1,,,0,100,,144988,1,,,0,100,,144987,1,,,0,100,,144989,1,,,0,100,,144990,1,,,0,100,,144991,1,,,0,100,,144992,1,,,0,100,,144994,1,,,0,100,,144993,1,,,0,100,,144995,1,,,0,100,,144996,1,,,0,100,,144997,1,,,0
42201,'Sunday',600,,144998,1,,,0,100,,145001,1,,,0,100,,144999,1,,,0,100,,145000,1,,,0,100,,145003,1,,,0,100,,145002,1,,,0,100,,145004,1,,,0,100,,145005,1,,,0,100,,145008,1,,,0,100,,145006,1,,,0,100,,145007,1,,,0,100,,145011,1,,,0,100,,145009,1,,,0,100,,145010,1,,,0
42201,'Weekday',600,,145012,1,,,0,30,,145029,1,,,0,70,,145013,1,,,0,30,,145034,1,,,0,70,,145014,1,,,0,30,,145028,1,,,0,70,,145015,1,,,0,30,,145036,1,,,0,70,,145017,1,,,0,30,,145031,1,,,0,70,,145016,1,,,0,30,,145035,1,,,0,70,,145018,1,,,0,30,,145033,1,,,0,70,,145019,1,,,0,30,,145037,1,,,0,70,,145020,1,,,0,39,,145038,1,,,0,61,,145021,1,,,0,30,,145030,1,,,0,70,,145023,1,,,0,30,,145039,1,,,0,70,,145022,1,,,0,30,,145032,1,,,0,70,,145024,1,,,0,100,,145025,1,,,0,100,,145026,1,,,0,100,,145027,1,,,0
42201,'STMPSa-Saturday',600,,145040,1,,,0,100,,145041,1,,,0,100,,145042,1,,,0,100,,145044,1,,,0,100,,145043,1,,,0,100,,145045,1,,,0,100,,145046,1,,,0,100,,145047,1,,,0,100,,145048,1,,,0,100,,145050,1,,,0,100,,145049,1,,,0,100,,145051,1,,,0,100,,145052,1,,,0,100,,145053,1,,,0
42201,'STMPSnea-Weekday',600,,145054,1,,,0,30,,145071,1,,,0,70,,145055,1,,,0,30,,145076,1,,,0,70,,145056,1,,,0,30,,145070,1,,,0,70,,145057,1,,,0,30,,145078,1,,,0,70,,145059,1,,,0,30,,145073,1,,,0,70,,145058,1,,,0,30,,145077,1,,,0,70,,145060,1,,,0,30,,145075,1,,,0,70,,145061,1,,,0,30,,145079,1,,,0,70,,145062,1,,,0,39,,145080,1,,,0,61,,145063,1,,,0,30,,145072,1,,,0,70,,145065,1,,,0,30,,145081,1,,,0,70,,145064,1,,,0,30,,145074,1,,,0,70,,145066,1,,,0,100,,145067,1,,,0,100,,145068,1,,,0,100,,145069,1,,,0
42201,'STMPSu1-Sunday',600,,145082,1,,,0,100,,145085,1,,,0,100,,145083,1,,,0,100,,145084,1,,,0,100,,145087,1,,,0,100,,145086,1,,,0,100,,145088,1,,,0,100,,145089,1,,,0,100,,145092,1,,,0,100,,145090,1,,,0,100,,145091,1,,,0,100,,145095,1,,,0,100,,145093,1,,,0,100,,145094,1,,,0
42201,'STMPSu2-Sunday',600,,145096,1,,,0,100,,145099,1,,,0,100,,145097,1,,,0,100,,145098,1,,,0,100,,145101,1,,,0,100,,145100,1,,,0,100,,145102,1,,,0,100,,145103,1,,,0,100,,145106,1,,,0,100,,145104,1,,,0,100,,145105,1,,,0,100,,145109,1,,,0,100,,145107,1,,,0,100,,145108,1,,,0
42201,'STMPWeek-Weekday',600,,145110,1,,,0,30,,145127,1,,,0,70,,145111,1,,,0,30,,145132,1,,,0,70,,145112,1,,,0,30,,145126,1,,,0,70,,145113,1,,,0,30,,145134,1,,,0,70,,145115,1,,,0,30,,145129,1,,,0,70,,145114,1,,,0,30,,145133,1,,,0,70,,145116,1,,,0,30,,145131,1,,,0,70,,145117,1,,,0,30,,145135,1,,,0,70,,145118,1,,,0,39,,145136,1,,,0,61,,145119,1,,,0,30,,145128,1,,,0,70,,145121,1,,,0,30,,145137,1,,,0,70,,145120,1,,,0,30,,145130,1,,,0,70,,145122,1,,,0,100,,145123,1,,,0,100,,145124,1,,,0,100,,145125,1,,,0
42201,'STMPar-Weekday',600,,145138,1,,,0,30,,145155,1,,,0,70,,145139,1,,,0,30,,145160,1,,,0,70,,145140,1,,,0,30,,145154,1,,,0,70,,145141,1,,,0,30,,145162,1,,,0,70,,145143,1,,,0,30,,145157,1,,,0,70,,145142,1,,,0,30,,145161,1,,,0,70,,145144,1,,,0,30,,145159,1,,,0,70,,145145,1,,,0,30,,145163,1,,,0,70,,145146,1,,,0,39,,145164,1,,,0,61,,145147,1,,,0,30,,145156,1,,,0,70,,145149,1,,,0,30,,145165,1,,,0,70,,145148,1,,,0,30,,145158,1,,,0,70,,145150,1,,,0,100,,145151,1,,,0,100,,145152,1,,,0,100,,145153,1,,,0
