6201,'Weekday',653,,98758,30,4,,0,68,,98759,30,4,,0,28,,98760,30,4,,0
6201,'STMPSnea-Weekday',653,,98761,30,4,,0,68,,98762,30,4,,0,28,,98763,30,4,,0
6201,'STMPWeek-Weekday',653,,98764,30,4,,0,68,,98765,30,4,,0,28,,98766,30,4,,0
6201,'STMPar-Weekday',653,,98767,30,4,,0,68,,98768,30,4,,0,28,,98769,30,4,,0
6401,'Weekday',650,,98883,33,4,,0,61,,98884,33,4,,0,22,,98885,33,4,,0,20,,98886,33,4,,0,59,,98882,33,4,,0
6401,'STMPSnea-Weekday',650,,98888,33,4,,0,61,,98889,33,4,,0,22,,98890,33,4,,0,20,,98891,33,4,,0,59,,98887,33,4,,0
6401,'STMPWeek-Weekday',650,,98893,33,4,,0,61,,98894,33,4,,0,22,,98895,33,4,,0,20,,98896,33,4,,0,59,,98892,33,4,,0
6401,'STMPar-Weekday',650,,98898,33,4,,0,61,,98899,33,4,,0,22,,98900,33,4,,0,20,,98901,33,4,,0,59,,98897,33,4,,0
10901,'Weekday',654,,117632,27,4,,0,71,,117631,27,4,,0,23,,117630,27,4,,0
10901,'STMPSnea-Weekday',654,,117635,27,4,,0,71,,117634,27,4,,0,23,,117633,27,4,,0
10901,'STMPWeek-Weekday',654,,117638,27,4,,0,71,,117637,27,4,,0,23,,117636,27,4,,0
10901,'STMPar-Weekday',654,,117641,27,4,,0,71,,117639,27,4,,0,23,,117640,27,4,,0
11601,'Weekday',652,,119258,45,4,,0,62,,119259,45,4,,0,20,,119260,45,4,,0,19,,119261,45,4,,0
11601,'STMPSnea-Weekday',652,,119262,45,4,,0,62,,119263,45,4,,0,20,,119264,45,4,,0,19,,119265,45,4,,0
11601,'STMPWeek-Weekday',652,,119266,45,4,,0,62,,119267,45,4,,0,20,,119268,45,4,,0,19,,119269,45,4,,0
11601,'STMPar-Weekday',652,,119270,45,4,,0,62,,119271,45,4,,0,20,,119272,45,4,,0,19,,119273,45,4,,0
11700,'Weekday',655,,119275,26,4,,0,61,,119276,28,4,,0,25,,119274,28,4,,0
11700,'STMPSnea-Weekday',655,,119278,26,4,,0,61,,119279,28,4,,0,25,,119277,28,4,,0
11700,'STMPWeek-Weekday',655,,119281,26,4,,0,61,,119282,28,4,,0,25,,119280,28,4,,0
11700,'STMPar-Weekday',655,,119284,26,4,,0,61,,119285,28,4,,0,25,,119283,28,4,,0
13100,'Weekday',647,,124056,50,4,,0,60,,124055,50,4,,0,20,,124054,50,4,,0,20,,124057,50,4,,0
13100,'STMPSnea-Weekday',647,,124060,50,4,,0,60,,124059,50,4,,0,20,,124058,50,4,,0,20,,124061,50,4,,0
13100,'STMPWeek-Weekday',647,,124064,50,4,,0,60,,124063,50,4,,0,20,,124062,50,4,,0,20,,124065,50,4,,0
13100,'STMPar-Weekday',647,,124068,50,4,,0,60,,124067,50,4,,0,20,,124066,50,4,,0,20,,124069,50,4,,0
14201,'Weekday',650,,126077,33,4,,0,68,,126078,33,4,,0,26,,126079,33,4,,0
14201,'STMPSnea-Weekday',650,,126080,33,4,,0,68,,126081,33,4,,0,26,,126082,33,4,,0
14201,'STMPWeek-Weekday',650,,126083,33,4,,0,68,,126084,33,4,,0,26,,126085,33,4,,0
14201,'STMPar-Weekday',650,,126086,33,4,,0,68,,126087,33,4,,0,26,,126088,33,4,,0
15100,'Weekday',745,,128404,39,4,,0
15100,'STMPSnea-Weekday',745,,128406,39,4,,0
15100,'STMPWeek-Weekday',745,,128408,39,4,,0
15100,'STMPar-Weekday',745,,128410,39,4,,0
