11500,'Saturday',611,,53689,3,,,0,38,,53709,3,,,0,78,,53690,3,,,0,78,,53691,3,,,0,38,,53692,3,,,0,78,,53693,3,,,0,38,,53694,3,,,0,78,,53695,3,,,0,78,,53696,3,,,0,38,,53697,3,,,0,78,,53698,3,,,0,78,,53699,3,,,0,38,,53700,3,,,0,78,,53701,3,,,0,78,,53702,3,,,0,38,,53703,3,,,0,78,,53704,3,,,0,38,,53706,3,,,0,78,,53707,3,,,0,78,,53708,3,,,0,38,,53705,3,,,0,78,,53710,3,,,0,78,,53712,3,,,0,38,,53711,3,,,0,78,,53713,3,,,0,78,,53716,3,,,0,38,,53715,3,,,0,78,,53714,3,,,0
11500,'Sunday',611,,53717,3,,,0,38,,53718,3,,,0,78,,53719,3,,,0,78,,53720,3,,,0,38,,53721,3,,,0,78,,53722,3,,,0,38,,53723,3,,,0,78,,53724,3,,,0,78,,53725,3,,,0,38,,53726,3,,,0,78,,53727,3,,,0,78,,53728,3,,,0,38,,53729,3,,,0,78,,53730,3,,,0,78,,53731,3,,,0,38,,53732,3,,,0,78,,53733,3,,,0,38,,53735,3,,,0,78,,53736,3,,,0,78,,53737,3,,,0,38,,53734,3,,,0,78,,53738,3,,,0,78,,53740,3,,,0,38,,53739,3,,,0,78,,53741,3,,,0,78,,53744,3,,,0,38,,53743,3,,,0,78,,53742,3,,,0
11500,'Weekday',424,,53779,3,,,0,34,,53745,3,,,0,45,,53780,3,,,0,27,,53746,3,,,0,72,,53756,3,,,0,32,,53748,3,,,0,12,,53781,3,,,0,55,,53782,3,,,0,5,,53749,3,,,0,32,,53751,3,,,0,72,,53757,3,,,0,32,,53752,3,,,0,72,,53750,3,,,0,32,,53753,3,,,0,72,,53758,3,,,0,32,,53754,3,,,0,72,,53755,3,,,0,32,,53759,3,,,0,72,,53760,3,,,0,32,,53761,3,,,0,72,,53762,3,,,0,72,,53765,3,,,0,32,,53770,3,,,0,72,,53763,3,,,0,32,,53771,3,,,0,72,,53764,3,,,0,32,,53766,3,,,0,72,,53767,3,,,0,32,,53768,3,,,0,72,,53769,3,,,0,32,,53772,3,,,0,72,,53773,3,,,0,32,,53778,3,,,0,72,,53775,3,,,0,32,,53776,3,,,0,72,,53774,3,,,0,72,,53777,3,,,0,32,,53747,3,,,0
11500,'1CCSDCUT-Weekday',424,,53817,3,,,0,34,,53783,3,,,0,45,,53818,3,,,0,27,,53784,3,,,0,72,,53794,3,,,0,32,,53786,3,,,0,12,,53819,3,,,0,55,,53820,3,,,0,5,,53787,3,,,0,32,,53789,3,,,0,72,,53795,3,,,0,32,,53790,3,,,0,72,,53788,3,,,0,32,,53791,3,,,0,72,,53796,3,,,0,32,,53792,3,,,0,72,,53793,3,,,0,32,,53797,3,,,0,72,,53798,3,,,0,32,,53799,3,,,0,72,,53800,3,,,0,72,,53803,3,,,0,32,,53808,3,,,0,72,,53801,3,,,0,32,,53809,3,,,0,72,,53802,3,,,0,32,,53804,3,,,0,72,,53805,3,,,0,32,,53806,3,,,0,72,,53807,3,,,0,32,,53810,3,,,0,72,,53811,3,,,0,32,,53816,3,,,0,72,,53813,3,,,0,32,,53814,3,,,0,72,,53812,3,,,0,72,,53815,3,,,0,32,,53785,3,,,0
15800,'Saturday',548,,61454,5,,,0,80,,61429,5,,,0,80,,61431,5,,,0,40,,61434,5,,,0,80,,61430,5,,,0,80,,61432,5,,,0,40,,61433,5,,,0,80,,61435,5,,,0,80,,61436,5,,,0,40,,61437,5,,,0,81,,61438,5,,,0,80,,61439,5,,,0,40,,61440,5,,,0,80,,61441,5,,,0,80,,61442,5,,,0,40,,61443,5,,,0,80,,61444,5,,,0,80,,61445,5,,,0,40,,61447,5,,,0,80,,61448,5,,,0,80,,61446,5,,,0,40,,61449,5,,,0,80,,61450,5,,,0,80,,61451,5,,,0,40,,61455,5,,,0,80,,61452,5,,,0,80,,61453,5,,,0
15800,'Sunday',548,,61465,5,,,0,80,,61475,5,,,0,80,,61456,5,,,0,40,,61466,5,,,0,80,,61476,5,,,0,80,,61457,5,,,0,40,,61467,5,,,0,80,,61477,5,,,0,80,,61458,5,,,0,40,,61468,5,,,0,81,,61478,5,,,0,80,,61459,5,,,0,40,,61469,5,,,0,80,,61479,5,,,0,80,,61460,5,,,0,40,,61470,5,,,0,80,,61480,5,,,0,80,,61461,5,,,0,40,,61471,5,,,0,80,,61481,5,,,0,80,,61462,5,,,0,40,,61473,5,,,0,80,,61482,5,,,0,80,,61463,5,,,0,40,,61472,5,,,0,80,,61483,5,,,0,80,,61464,5,,,0,40,,61474,5,,,0
15800,'Weekday',459,,61484,5,,,0,73,,61492,5,,,0,70,,61502,5,,,0,31,,61507,5,,,0,70,,61485,5,,,0,30,,61493,5,,,0,70,,61501,5,,,0,30,,61508,5,,,0,71,,61486,5,,,0,30,,61494,5,,,0,70,,61503,5,,,0,30,,61509,5,,,0,69,,61487,5,,,0,30,,61495,5,,,0,70,,61504,5,,,0,30,,61510,5,,,0,70,,61488,5,,,0,30,,61496,5,,,0,70,,61505,5,,,0,30,,61511,5,,,0,80,,61489,5,,,0,23,,61497,5,,,0,70,,61506,5,,,0,32,,61512,5,,,0,67,,61490,5,,,0,30,,61498,5,,,0,70,,61491,5,,,0,28,,61518,5,,,0,70,,61519,5,,,0,30,,61513,5,,,0,70,,61516,5,,,0,30,,61499,5,,,0,70,,61520,5,,,0,30,,61514,5,,,0,70,,61517,5,,,0,30,,61500,5,,,0,70,,61521,5,,,0,30,,61515,5,,,0
15800,'1CCSDCUT-Weekday',459,,61522,5,,,0,73,,61530,5,,,0,70,,61540,5,,,0,31,,61545,5,,,0,70,,61523,5,,,0,30,,61531,5,,,0,70,,61539,5,,,0,30,,61546,5,,,0,71,,61524,5,,,0,30,,61532,5,,,0,70,,61541,5,,,0,30,,61547,5,,,0,69,,61525,5,,,0,30,,61533,5,,,0,70,,61542,5,,,0,30,,61548,5,,,0,70,,61526,5,,,0,30,,61534,5,,,0,70,,61543,5,,,0,30,,61549,5,,,0,80,,61527,5,,,0,23,,61535,5,,,0,70,,61544,5,,,0,32,,61550,5,,,0,67,,61528,5,,,0,30,,61536,5,,,0,70,,61529,5,,,0,28,,61556,5,,,0,70,,61557,5,,,0,30,,61551,5,,,0,70,,61554,5,,,0,30,,61537,5,,,0,70,,61558,5,,,0,30,,61552,5,,,0,70,,61555,5,,,0,30,,61538,5,,,0,70,,61559,5,,,0,30,,61553,5,,,0
16900,'Saturday',610,,62564,3,,,0,40,,62562,3,,,0,80,,62565,3,,,0,80,,62566,3,,,0,40,,62563,3,,,0,80,,62567,3,,,0,80,,62568,3,,,0,40,,62569,3,,,0,80,,62570,3,,,0,80,,62572,3,,,0,40,,62574,3,,,0,80,,62571,3,,,0,80,,62575,3,,,0,40,,62573,3,,,0,80,,62577,3,,,0,80,,62578,3,,,0,40,,62581,3,,,0,80,,62579,3,,,0,80,,62576,3,,,0,40,,62580,3,,,0,80,,62582,3,,,0,80,,62583,3,,,0,40,,62584,3,,,0,80,,62585,3,,,0,80,,62588,3,,,0,40,,62586,3,,,0,80,,62587,3,,,0
16900,'Sunday',610,,62599,3,,,0,40,,62608,3,,,0,80,,62589,3,,,0,80,,62600,3,,,0,40,,62609,3,,,0,80,,62590,3,,,0,80,,62602,3,,,0,40,,62610,3,,,0,80,,62591,3,,,0,80,,62601,3,,,0,40,,62612,3,,,0,80,,62594,3,,,0,80,,62603,3,,,0,40,,62611,3,,,0,80,,62593,3,,,0,80,,62604,3,,,0,40,,62613,3,,,0,80,,62595,3,,,0,80,,62605,3,,,0,40,,62614,3,,,0,80,,62596,3,,,0,80,,62606,3,,,0,40,,62615,3,,,0,80,,62597,3,,,0,80,,62607,3,,,0,40,,62592,3,,,0,80,,62598,3,,,0
16900,'Weekday',457,,62639,3,,,0,71,,62616,3,,,0,30,,62624,3,,,0,68,,62633,3,,,0,30,,62640,3,,,0,72,,62617,3,,,0,30,,62623,3,,,0,70,,62634,3,,,0,30,,62641,3,,,0,72,,62618,3,,,0,70,,62625,3,,,0,30,,62635,3,,,0,70,,62642,3,,,0,29,,62619,3,,,0,30,,62626,3,,,0,70,,62637,3,,,0,30,,62643,3,,,0,70,,62620,3,,,0,30,,62627,3,,,0,70,,62636,3,,,0,30,,62644,3,,,0,72,,62621,3,,,0,70,,62628,3,,,0,30,,62638,3,,,0,72,,62645,3,,,0,29,,62622,3,,,0,70,,62629,3,,,0,30,,62648,3,,,0,27,,62630,3,,,0,70,,62651,3,,,0,30,,62646,3,,,0,70,,62649,3,,,0,30,,62631,3,,,0,70,,62652,3,,,0,30,,62647,3,,,0,70,,62650,3,,,0,30,,62632,3,,,0,70,,62653,3,,,0
16900,'1CCSDCUT-Weekday',457,,62677,3,,,0,71,,62654,3,,,0,30,,62662,3,,,0,68,,62671,3,,,0,30,,62678,3,,,0,72,,62655,3,,,0,30,,62661,3,,,0,70,,62672,3,,,0,30,,62679,3,,,0,72,,62656,3,,,0,70,,62663,3,,,0,30,,62673,3,,,0,70,,62680,3,,,0,29,,62657,3,,,0,30,,62664,3,,,0,70,,62675,3,,,0,30,,62681,3,,,0,70,,62658,3,,,0,30,,62665,3,,,0,70,,62674,3,,,0,30,,62682,3,,,0,72,,62659,3,,,0,70,,62666,3,,,0,30,,62676,3,,,0,72,,62683,3,,,0,29,,62660,3,,,0,70,,62667,3,,,0,30,,62686,3,,,0,27,,62668,3,,,0,70,,62689,3,,,0,30,,62684,3,,,0,70,,62687,3,,,0,30,,62669,3,,,0,70,,62690,3,,,0,30,,62685,3,,,0,70,,62688,3,,,0,30,,62670,3,,,0,70,,62691,3,,,0
