4000,'Saturday',826,,89771,29,,,0,75,,89772,29,,,0,35,,89770,29,,,0,75,,89773,29,,,0,35,,89774,29,,,0,75,,89775,29,,,0,35,,89776,29,,,0,75,,89777,29,,,0,75,,89780,29,,,0,35,,89781,29,,,0,75,,89778,29,,,0,35,,89779,29,,,0,75,,89782,29,,,0,75,,89783,29,,,0,35,,89784,29,,,0,75,,89785,29,,,0,35,,89786,29,,,0,75,,89787,29,,,0,35,,89788,29,,,0
4000,'Sunday',826,,89789,29,,,0,75,,89790,29,,,0,35,,89792,29,,,0,75,,89793,29,,,0,35,,89794,29,,,0,75,,89791,29,,,0,35,,89795,29,,,0,75,,89796,29,,,0,75,,89797,29,,,0,35,,89798,29,,,0,75,,89799,29,,,0,35,,89801,29,,,0,75,,89802,29,,,0,75,,89803,29,,,0,35,,89800,29,,,0,75,,89804,29,,,0,35,,89805,29,,,0,75,,89806,29,,,0,35,,89807,29,,,0
4000,'Weekday',636,,89824,29,,,0,75,,89818,29,,,0,35,,89831,29,,,0,75,,89825,29,,,0,35,,89819,29,,,0,75,,89832,29,,,0,75,,89826,29,,,0,35,,89820,29,,,0,75,,89833,29,,,0,35,,89827,29,,,0,75,,89821,29,,,0,75,,89834,29,,,0,35,,89828,29,,,0,76,,89822,29,,,0,37,,89835,29,,,0,76,,89829,29,,,0,80,,89823,29,,,0,36,,89836,29,,,0,77,,89830,29,,,0,39,,89808,29,,,0,73,,89815,29,,,0,72,,89812,29,,,0,32,,89809,29,,,0,72,,89816,29,,,0,33,,89813,29,,,0,74,,89810,29,,,0,35,,89817,29,,,0,75,,89814,29,,,0,31,,89811,29,,,0
4000,'STMPSa-Saturday',826,,89838,29,,,0,75,,89839,29,,,0,35,,89837,29,,,0,75,,89840,29,,,0,35,,89841,29,,,0,75,,89842,29,,,0,35,,89843,29,,,0,75,,89844,29,,,0,75,,89847,29,,,0,35,,89848,29,,,0,75,,89845,29,,,0,35,,89846,29,,,0,75,,89849,29,,,0,75,,89850,29,,,0,35,,89851,29,,,0,75,,89852,29,,,0,35,,89853,29,,,0,75,,89854,29,,,0,35,,89855,29,,,0
4000,'STMPSnea-Weekday',636,,89872,29,,,0,75,,89866,29,,,0,35,,89879,29,,,0,75,,89873,29,,,0,35,,89867,29,,,0,75,,89880,29,,,0,75,,89874,29,,,0,35,,89868,29,,,0,75,,89881,29,,,0,35,,89875,29,,,0,75,,89869,29,,,0,75,,89882,29,,,0,35,,89876,29,,,0,76,,89870,29,,,0,37,,89883,29,,,0,76,,89877,29,,,0,80,,89871,29,,,0,36,,89884,29,,,0,77,,89878,29,,,0,39,,89856,29,,,0,73,,89863,29,,,0,72,,89860,29,,,0,32,,89857,29,,,0,72,,89864,29,,,0,33,,89861,29,,,0,74,,89858,29,,,0,35,,89865,29,,,0,75,,89862,29,,,0,31,,89859,29,,,0
4000,'STMPSu1-Sunday',826,,89885,29,,,0,75,,89886,29,,,0,35,,89888,29,,,0,75,,89889,29,,,0,35,,89890,29,,,0,75,,89887,29,,,0,35,,89891,29,,,0,75,,89892,29,,,0,75,,89893,29,,,0,35,,89894,29,,,0,75,,89895,29,,,0,35,,89897,29,,,0,75,,89898,29,,,0,75,,89899,29,,,0,35,,89896,29,,,0,75,,89900,29,,,0,35,,89901,29,,,0,75,,89902,29,,,0,35,,89903,29,,,0
4000,'STMPSu2-Sunday',826,,89904,29,,,0,75,,89905,29,,,0,35,,89907,29,,,0,75,,89908,29,,,0,35,,89909,29,,,0,75,,89906,29,,,0,35,,89910,29,,,0,75,,89911,29,,,0,75,,89912,29,,,0,35,,89913,29,,,0,75,,89914,29,,,0,35,,89916,29,,,0,75,,89917,29,,,0,75,,89918,29,,,0,35,,89915,29,,,0,75,,89919,29,,,0,35,,89920,29,,,0,75,,89921,29,,,0,35,,89922,29,,,0
4000,'STMPWeek-Weekday',636,,89939,29,,,0,75,,89933,29,,,0,35,,89946,29,,,0,75,,89940,29,,,0,35,,89934,29,,,0,75,,89947,29,,,0,75,,89941,29,,,0,35,,89935,29,,,0,75,,89948,29,,,0,35,,89942,29,,,0,75,,89936,29,,,0,75,,89949,29,,,0,35,,89943,29,,,0,76,,89937,29,,,0,37,,89950,29,,,0,76,,89944,29,,,0,80,,89938,29,,,0,36,,89951,29,,,0,77,,89945,29,,,0,39,,89923,29,,,0,73,,89930,29,,,0,72,,89927,29,,,0,32,,89924,29,,,0,72,,89931,29,,,0,33,,89928,29,,,0,74,,89925,29,,,0,35,,89932,29,,,0,75,,89929,29,,,0,31,,89926,29,,,0
4000,'STMPar-Weekday',636,,89968,29,,,0,75,,89962,29,,,0,35,,89975,29,,,0,75,,89969,29,,,0,35,,89963,29,,,0,75,,89976,29,,,0,75,,89971,29,,,0,35,,89964,29,,,0,75,,89977,29,,,0,35,,89970,29,,,0,75,,89965,29,,,0,75,,89978,29,,,0,35,,89972,29,,,0,76,,89966,29,,,0,37,,89979,29,,,0,76,,89973,29,,,0,80,,89967,29,,,0,36,,89980,29,,,0,77,,89974,29,,,0,39,,89952,29,,,0,73,,89959,29,,,0,72,,89956,29,,,0,32,,89953,29,,,0,72,,89960,29,,,0,33,,89957,29,,,0,74,,89954,29,,,0,35,,89961,29,,,0,75,,89958,29,,,0,31,,89955,29,,,0
10800,'Saturday',740,,117112,29,,,0,84,,117122,29,,,0,85,,117113,29,,,0,45,,117123,29,,,0,85,,117114,29,,,0,85,,117124,29,,,0,85,,117116,29,,,0,40,,117125,29,,,0,85,,117115,29,,,0,85,,117126,29,,,0,85,,117118,29,,,0,45,,117128,29,,,0,85,,117117,29,,,0,85,,117127,29,,,0,85,,117120,29,,,0,45,,117129,29,,,0,85,,117119,29,,,0,83,,117130,29,,,0,42,,117121,29,,,0,85,,117131,29,,,0,85,,117132,29,,,0,85,,117111,29,,,0
10800,'Sunday',740,,117133,29,,,0,84,,117145,29,,,0,85,,117136,29,,,0,45,,117146,29,,,0,85,,117138,29,,,0,85,,117147,29,,,0,85,,117137,29,,,0,40,,117148,29,,,0,85,,117139,29,,,0,85,,117149,29,,,0,85,,117140,29,,,0,45,,117150,29,,,0,85,,117141,29,,,0,85,,117151,29,,,0,85,,117143,29,,,0,45,,117152,29,,,0,85,,117142,29,,,0,83,,117153,29,,,0,42,,117144,29,,,0,85,,117135,29,,,0,85,,117154,29,,,0,85,,117134,29,,,0
10800,'Weekday',557,,117155,29,,,0,70,,117160,29,,,0,30,,117158,29,,,0,74,,117161,29,,,0,72,,117162,29,,,0,29,,117163,29,,,0,25,,117164,29,,,0,70,,117165,29,,,0,30,,117167,29,,,0,70,,117168,29,,,0,29,,117169,29,,,0,71,,117166,29,,,0,30,,117170,29,,,0,70,,117171,29,,,0,31,,117172,29,,,0,70,,117173,29,,,0,30,,117176,29,,,0,70,,117177,29,,,0,30,,117174,29,,,0,74,,117175,29,,,0,71,,117178,29,,,0,30,,117179,29,,,0,70,,117180,29,,,0,30,,117181,29,,,0,70,,117182,29,,,0,29,,117183,29,,,0,27,,117184,29,,,0,69,,117185,29,,,0,30,,117186,29,,,0,70,,117187,29,,,0,30,,117188,29,,,0,67,,117189,29,,,0,30,,117190,29,,,0,70,,117191,29,,,0,30,,117192,29,,,0,70,,117159,29,,,0,30,,117157,29,,,0,70,,117156,29,,,0
10800,'STMPSa-Saturday',740,,117195,29,,,0,84,,117204,29,,,0,85,,117196,29,,,0,45,,117205,29,,,0,85,,117194,29,,,0,85,,117206,29,,,0,85,,117198,29,,,0,40,,117207,29,,,0,85,,117197,29,,,0,85,,117208,29,,,0,85,,117200,29,,,0,45,,117210,29,,,0,85,,117199,29,,,0,85,,117209,29,,,0,85,,117202,29,,,0,45,,117211,29,,,0,85,,117201,29,,,0,83,,117212,29,,,0,42,,117203,29,,,0,85,,117213,29,,,0,85,,117214,29,,,0,85,,117193,29,,,0
10800,'STMPSnea-Weekday',557,,117215,29,,,0,70,,117220,29,,,0,30,,117218,29,,,0,74,,117221,29,,,0,72,,117222,29,,,0,29,,117223,29,,,0,25,,117224,29,,,0,70,,117225,29,,,0,30,,117227,29,,,0,70,,117228,29,,,0,29,,117229,29,,,0,71,,117226,29,,,0,30,,117230,29,,,0,70,,117231,29,,,0,31,,117232,29,,,0,70,,117233,29,,,0,30,,117236,29,,,0,70,,117237,29,,,0,30,,117234,29,,,0,74,,117235,29,,,0,71,,117238,29,,,0,30,,117239,29,,,0,70,,117240,29,,,0,30,,117241,29,,,0,70,,117242,29,,,0,29,,117243,29,,,0,27,,117244,29,,,0,69,,117245,29,,,0,30,,117246,29,,,0,70,,117247,29,,,0,30,,117248,29,,,0,67,,117249,29,,,0,30,,117250,29,,,0,70,,117251,29,,,0,30,,117252,29,,,0,70,,117219,29,,,0,30,,117217,29,,,0,70,,117216,29,,,0
10800,'STMPSu1-Sunday',740,,117253,29,,,0,84,,117265,29,,,0,85,,117256,29,,,0,45,,117266,29,,,0,85,,117258,29,,,0,85,,117267,29,,,0,85,,117257,29,,,0,40,,117268,29,,,0,85,,117259,29,,,0,85,,117269,29,,,0,85,,117260,29,,,0,45,,117270,29,,,0,85,,117261,29,,,0,85,,117271,29,,,0,85,,117263,29,,,0,45,,117272,29,,,0,85,,117262,29,,,0,83,,117273,29,,,0,42,,117264,29,,,0,85,,117255,29,,,0,85,,117274,29,,,0,85,,117254,29,,,0
10800,'STMPSu2-Sunday',740,,117275,29,,,0,84,,117287,29,,,0,85,,117278,29,,,0,45,,117288,29,,,0,85,,117280,29,,,0,85,,117289,29,,,0,85,,117279,29,,,0,40,,117290,29,,,0,85,,117281,29,,,0,85,,117291,29,,,0,85,,117282,29,,,0,45,,117292,29,,,0,85,,117283,29,,,0,85,,117293,29,,,0,85,,117285,29,,,0,45,,117294,29,,,0,85,,117284,29,,,0,83,,117295,29,,,0,42,,117286,29,,,0,85,,117277,29,,,0,85,,117296,29,,,0,85,,117276,29,,,0
10800,'STMPWeek-Weekday',557,,117297,29,,,0,70,,117302,29,,,0,30,,117300,29,,,0,74,,117303,29,,,0,72,,117304,29,,,0,29,,117305,29,,,0,25,,117306,29,,,0,70,,117307,29,,,0,30,,117309,29,,,0,70,,117310,29,,,0,29,,117311,29,,,0,71,,117308,29,,,0,30,,117312,29,,,0,70,,117313,29,,,0,31,,117314,29,,,0,70,,117315,29,,,0,30,,117318,29,,,0,70,,117319,29,,,0,30,,117316,29,,,0,74,,117317,29,,,0,71,,117320,29,,,0,30,,117321,29,,,0,70,,117322,29,,,0,30,,117323,29,,,0,70,,117324,29,,,0,29,,117325,29,,,0,27,,117326,29,,,0,69,,117327,29,,,0,30,,117328,29,,,0,70,,117329,29,,,0,30,,117330,29,,,0,67,,117331,29,,,0,30,,117332,29,,,0,70,,117333,29,,,0,30,,117334,29,,,0,70,,117301,29,,,0,30,,117299,29,,,0,70,,117298,29,,,0
10800,'STMPar-Weekday',557,,117335,29,,,0,70,,117340,29,,,0,30,,117338,29,,,0,74,,117341,29,,,0,72,,117342,29,,,0,29,,117343,29,,,0,25,,117344,29,,,0,70,,117345,29,,,0,30,,117347,29,,,0,70,,117348,29,,,0,29,,117349,29,,,0,71,,117346,29,,,0,30,,117350,29,,,0,70,,117351,29,,,0,31,,117352,29,,,0,70,,117353,29,,,0,30,,117356,29,,,0,70,,117357,29,,,0,30,,117354,29,,,0,74,,117355,29,,,0,71,,117358,29,,,0,30,,117359,29,,,0,70,,117360,29,,,0,30,,117361,29,,,0,70,,117362,29,,,0,29,,117363,29,,,0,27,,117364,29,,,0,69,,117365,29,,,0,30,,117366,29,,,0,70,,117367,29,,,0,30,,117368,29,,,0,67,,117369,29,,,0,30,,117370,29,,,0,70,,117371,29,,,0,30,,117372,29,,,0,70,,117339,29,,,0,30,,117337,29,,,0,70,,117336,29,,,0
10801,'Saturday',718,,117383,12,,,0,85,,117373,12,,,0,45,,117384,12,,,0,85,,117375,12,,,0,85,,117385,12,,,0,85,,117376,12,,,0,45,,117386,12,,,0,86,,117377,12,,,0,85,,117387,12,,,0,85,,117378,12,,,0,45,,117388,12,,,0,85,,117379,12,,,0,85,,117389,12,,,0,85,,117380,12,,,0,45,,117390,12,,,0,84,,117381,12,,,0,85,,117391,12,,,0,85,,117382,12,,,0,45,,117392,12,,,0,85,,117393,12,,,0,85,,117374,12,,,0
10801,'Sunday',718,,117404,12,,,0,85,,117395,12,,,0,45,,117405,12,,,0,85,,117396,12,,,0,85,,117406,12,,,0,85,,117397,12,,,0,45,,117409,12,,,0,86,,117398,12,,,0,85,,117407,12,,,0,85,,117400,12,,,0,45,,117408,12,,,0,85,,117399,12,,,0,85,,117410,12,,,0,85,,117401,12,,,0,45,,117411,12,,,0,84,,117402,12,,,0,85,,117412,12,,,0,85,,117403,12,,,0,45,,117413,12,,,0,85,,117414,12,,,0,85,,117394,12,,,0
10801,'Weekday',626,,117416,12,,,0,32,,117417,12,,,0,70,,117418,12,,,0,30,,117419,12,,,0,70,,117420,12,,,0,30,,117421,12,,,0,70,,117422,12,,,0,30,,117423,12,,,0,70,,117424,12,,,0,30,,117425,12,,,0,70,,117426,12,,,0,30,,117427,12,,,0,70,,117428,12,,,0,30,,117430,12,,,0,70,,117431,12,,,0,30,,117432,12,,,0,70,,117429,12,,,0,30,,117433,12,,,0,72,,117434,12,,,0,70,,117435,12,,,0,30,,117436,12,,,0,70,,117437,12,,,0,30,,117438,12,,,0,27,,117439,12,,,0,70,,117441,12,,,0,30,,117442,12,,,0,70,,117443,12,,,0,30,,117440,12,,,0,70,,117444,12,,,0,30,,117445,12,,,0,70,,117446,12,,,0,29,,117447,12,,,0,70,,117448,12,,,0,30,,117449,12,,,0,70,,117450,12,,,0,30,,117415,12,,,0
10801,'STMPSa-Saturday',718,,117461,12,,,0,85,,117451,12,,,0,45,,117462,12,,,0,85,,117453,12,,,0,85,,117463,12,,,0,85,,117454,12,,,0,45,,117464,12,,,0,86,,117455,12,,,0,85,,117465,12,,,0,85,,117456,12,,,0,45,,117466,12,,,0,85,,117457,12,,,0,85,,117467,12,,,0,85,,117458,12,,,0,45,,117468,12,,,0,84,,117459,12,,,0,85,,117469,12,,,0,85,,117460,12,,,0,45,,117470,12,,,0,85,,117471,12,,,0,85,,117452,12,,,0
10801,'STMPSnea-Weekday',626,,117473,12,,,0,32,,117474,12,,,0,70,,117475,12,,,0,30,,117476,12,,,0,70,,117477,12,,,0,30,,117478,12,,,0,70,,117479,12,,,0,30,,117480,12,,,0,70,,117481,12,,,0,30,,117482,12,,,0,70,,117483,12,,,0,30,,117484,12,,,0,70,,117485,12,,,0,30,,117487,12,,,0,70,,117488,12,,,0,30,,117489,12,,,0,70,,117486,12,,,0,30,,117490,12,,,0,72,,117491,12,,,0,70,,117492,12,,,0,30,,117493,12,,,0,70,,117494,12,,,0,30,,117495,12,,,0,27,,117496,12,,,0,70,,117498,12,,,0,30,,117499,12,,,0,70,,117500,12,,,0,30,,117497,12,,,0,70,,117501,12,,,0,30,,117502,12,,,0,70,,117503,12,,,0,29,,117504,12,,,0,70,,117505,12,,,0,30,,117506,12,,,0,70,,117507,12,,,0,30,,117472,12,,,0
10801,'STMPSu1-Sunday',718,,117518,12,,,0,85,,117509,12,,,0,45,,117519,12,,,0,85,,117510,12,,,0,85,,117520,12,,,0,85,,117511,12,,,0,45,,117523,12,,,0,86,,117512,12,,,0,85,,117521,12,,,0,85,,117514,12,,,0,45,,117522,12,,,0,85,,117513,12,,,0,85,,117524,12,,,0,85,,117515,12,,,0,45,,117525,12,,,0,84,,117517,12,,,0,85,,117526,12,,,0,85,,117516,12,,,0,45,,117527,12,,,0,85,,117528,12,,,0,85,,117508,12,,,0
10801,'STMPSu2-Sunday',718,,117539,12,,,0,85,,117530,12,,,0,45,,117540,12,,,0,85,,117531,12,,,0,85,,117541,12,,,0,85,,117532,12,,,0,45,,117544,12,,,0,86,,117533,12,,,0,85,,117542,12,,,0,85,,117535,12,,,0,45,,117543,12,,,0,85,,117534,12,,,0,85,,117545,12,,,0,85,,117536,12,,,0,45,,117546,12,,,0,84,,117537,12,,,0,85,,117547,12,,,0,85,,117538,12,,,0,45,,117548,12,,,0,85,,117549,12,,,0,85,,117529,12,,,0
10801,'STMPWeek-Weekday',626,,117551,12,,,0,32,,117552,12,,,0,70,,117553,12,,,0,30,,117554,12,,,0,70,,117555,12,,,0,30,,117556,12,,,0,70,,117557,12,,,0,30,,117558,12,,,0,70,,117559,12,,,0,30,,117560,12,,,0,70,,117561,12,,,0,30,,117562,12,,,0,70,,117563,12,,,0,30,,117565,12,,,0,70,,117566,12,,,0,30,,117567,12,,,0,70,,117564,12,,,0,30,,117568,12,,,0,72,,117569,12,,,0,70,,117570,12,,,0,30,,117571,12,,,0,70,,117572,12,,,0,30,,117573,12,,,0,27,,117574,12,,,0,70,,117576,12,,,0,30,,117577,12,,,0,70,,117578,12,,,0,30,,117575,12,,,0,70,,117579,12,,,0,30,,117580,12,,,0,70,,117581,12,,,0,29,,117582,12,,,0,70,,117583,12,,,0,30,,117584,12,,,0,70,,117585,12,,,0,30,,117550,12,,,0
10801,'STMPar-Weekday',626,,117587,12,,,0,32,,117588,12,,,0,70,,117589,12,,,0,30,,117590,12,,,0,70,,117591,12,,,0,30,,117592,12,,,0,70,,117593,12,,,0,30,,117594,12,,,0,70,,117595,12,,,0,30,,117596,12,,,0,70,,117597,12,,,0,30,,117598,12,,,0,70,,117599,12,,,0,30,,117601,12,,,0,70,,117602,12,,,0,30,,117603,12,,,0,70,,117600,12,,,0,30,,117605,12,,,0,72,,117606,12,,,0,70,,117607,12,,,0,30,,117604,12,,,0,70,,117608,12,,,0,30,,117609,12,,,0,27,,117610,12,,,0,70,,117612,12,,,0,30,,117613,12,,,0,70,,117614,12,,,0,30,,117611,12,,,0,70,,117615,12,,,0,30,,117616,12,,,0,70,,117617,12,,,0,29,,117618,12,,,0,70,,117619,12,,,0,30,,117620,12,,,0,70,,117621,12,,,0,30,,117586,12,,,0
