1100,'Saturday',726,,76967,22,,,0,30,,76977,22,,,0,70,,76963,22,,,0,30,,76978,22,,,0,70,,76966,22,,,0,30,,76979,22,,,0,70,,76974,22,,,0,30,,76980,22,,,0,70,,76965,22,,,0,30,,76981,22,,,0,70,,76964,22,,,0,30,,76982,22,,,0,70,,76962,22,,,0,30,,76983,22,,,0,70,,76968,22,,,0,30,,76986,22,,,0,70,,76975,22,,,0,30,,76987,22,,,0,70,,76969,22,,,0,30,,76984,22,,,0,70,,76970,22,,,0,30,,76985,22,,,0,70,,76973,22,,,0,30,,76988,22,,,0,70,,76971,22,,,0,30,,76989,22,,,0,70,,76972,22,,,0,30,,76976,22,,,0,70,,76991,22,,,0,30,,76993,22,,,0,70,,76992,22,,,0,30,,76990,22,,,0
1100,'Sunday',1107,,76994,22,,,0,30,,77009,22,,,0,70,,76996,22,,,0,30,,77008,22,,,0,70,,76997,22,,,0,30,,77007,22,,,0,70,,76995,22,,,0,30,,77006,22,,,0,70,,77000,22,,,0,30,,77003,22,,,0,70,,76998,22,,,0,30,,77005,22,,,0,70,,76999,22,,,0,30,,77002,22,,,0,70,,77001,22,,,0,30,,77004,22,,,0,70,,77014,22,,,0,30,,77015,22,,,0,70,,77016,22,,,0,30,,77011,22,,,0,70,,77010,22,,,0,30,,77013,22,,,0,70,,77012,22,,,0,30,,77017,22,,,0
1100,'Weekday',552,,77019,22,,,0,70,,77021,22,,,0,30,,77022,22,,,0,71,,77023,22,,,0,27,,77020,22,,,0,72,,77024,22,,,0,25,,77025,22,,,0,74,,77026,22,,,0,30,,77027,22,,,0,70,,77028,22,,,0,30,,77029,22,,,0,70,,77030,22,,,0,30,,77031,22,,,0,70,,77032,22,,,0,30,,77033,22,,,0,70,,77035,22,,,0,35,,77036,22,,,0,68,,77037,22,,,0,29,,77034,22,,,0,71,,77038,22,,,0,30,,77039,22,,,0,70,,77040,22,,,0,30,,77041,22,,,0,70,,77042,22,,,0,30,,77043,22,,,0,67,,77044,22,,,0,30,,77045,22,,,0,70,,77046,22,,,0,30,,77047,22,,,0,70,,77048,22,,,0,30,,77049,22,,,0,70,,77050,22,,,0
1100,'STMPSa-Saturday',726,,77056,22,,,0,30,,77066,22,,,0,70,,77052,22,,,0,30,,77067,22,,,0,70,,77055,22,,,0,30,,77068,22,,,0,70,,77063,22,,,0,30,,77069,22,,,0,70,,77054,22,,,0,30,,77070,22,,,0,70,,77053,22,,,0,30,,77071,22,,,0,70,,77051,22,,,0,30,,77072,22,,,0,70,,77057,22,,,0,30,,77075,22,,,0,70,,77064,22,,,0,30,,77076,22,,,0,70,,77058,22,,,0,30,,77073,22,,,0,70,,77059,22,,,0,30,,77074,22,,,0,70,,77062,22,,,0,30,,77077,22,,,0,70,,77060,22,,,0,30,,77078,22,,,0,70,,77061,22,,,0,30,,77065,22,,,0,70,,77080,22,,,0,30,,77082,22,,,0,70,,77081,22,,,0,30,,77079,22,,,0
1100,'STMPSnea-Weekday',552,,77084,22,,,0,70,,77086,22,,,0,30,,77087,22,,,0,71,,77088,22,,,0,27,,77085,22,,,0,72,,77089,22,,,0,25,,77090,22,,,0,74,,77091,22,,,0,30,,77092,22,,,0,70,,77093,22,,,0,30,,77094,22,,,0,70,,77095,22,,,0,30,,77096,22,,,0,70,,77097,22,,,0,30,,77098,22,,,0,70,,77100,22,,,0,35,,77101,22,,,0,68,,77102,22,,,0,29,,77099,22,,,0,71,,77103,22,,,0,30,,77104,22,,,0,70,,77105,22,,,0,30,,77106,22,,,0,70,,77107,22,,,0,30,,77108,22,,,0,67,,77109,22,,,0,30,,77110,22,,,0,70,,77111,22,,,0,30,,77112,22,,,0,70,,77113,22,,,0,30,,77114,22,,,0,70,,77115,22,,,0
1100,'STMPSu1-Sunday',1107,,77116,22,,,0,30,,77131,22,,,0,70,,77118,22,,,0,30,,77130,22,,,0,70,,77119,22,,,0,30,,77129,22,,,0,70,,77117,22,,,0,30,,77128,22,,,0,70,,77122,22,,,0,30,,77125,22,,,0,70,,77120,22,,,0,30,,77127,22,,,0,70,,77121,22,,,0,30,,77124,22,,,0,70,,77123,22,,,0,30,,77126,22,,,0,70,,77136,22,,,0,30,,77137,22,,,0,70,,77138,22,,,0,30,,77133,22,,,0,70,,77132,22,,,0,30,,77135,22,,,0,70,,77134,22,,,0,30,,77139,22,,,0
1100,'STMPSu2-Sunday',1107,,77140,22,,,0,30,,77155,22,,,0,70,,77142,22,,,0,30,,77154,22,,,0,70,,77143,22,,,0,30,,77153,22,,,0,70,,77141,22,,,0,30,,77152,22,,,0,70,,77146,22,,,0,30,,77149,22,,,0,70,,77144,22,,,0,30,,77151,22,,,0,70,,77145,22,,,0,30,,77148,22,,,0,70,,77147,22,,,0,30,,77150,22,,,0,70,,77160,22,,,0,30,,77161,22,,,0,70,,77162,22,,,0,30,,77157,22,,,0,70,,77156,22,,,0,30,,77159,22,,,0,70,,77158,22,,,0,30,,77163,22,,,0
1100,'STMPWeek-Weekday',552,,77165,22,,,0,70,,77167,22,,,0,30,,77168,22,,,0,71,,77169,22,,,0,27,,77166,22,,,0,72,,77170,22,,,0,25,,77171,22,,,0,74,,77172,22,,,0,30,,77173,22,,,0,70,,77174,22,,,0,30,,77175,22,,,0,70,,77176,22,,,0,30,,77177,22,,,0,70,,77178,22,,,0,30,,77179,22,,,0,70,,77181,22,,,0,35,,77182,22,,,0,68,,77183,22,,,0,29,,77180,22,,,0,71,,77184,22,,,0,30,,77185,22,,,0,70,,77186,22,,,0,30,,77187,22,,,0,70,,77188,22,,,0,30,,77189,22,,,0,67,,77190,22,,,0,30,,77191,22,,,0,70,,77192,22,,,0,30,,77193,22,,,0,70,,77194,22,,,0,30,,77195,22,,,0,70,,77196,22,,,0
1100,'STMPar-Weekday',552,,77198,22,,,0,70,,77200,22,,,0,30,,77201,22,,,0,71,,77202,22,,,0,27,,77199,22,,,0,72,,77203,22,,,0,25,,77204,22,,,0,74,,77205,22,,,0,30,,77206,22,,,0,70,,77207,22,,,0,30,,77208,22,,,0,70,,77209,22,,,0,30,,77210,22,,,0,70,,77211,22,,,0,30,,77212,22,,,0,70,,77214,22,,,0,35,,77215,22,,,0,68,,77216,22,,,0,29,,77213,22,,,0,71,,77217,22,,,0,30,,77218,22,,,0,70,,77219,22,,,0,30,,77220,22,,,0,70,,77221,22,,,0,30,,77222,22,,,0,67,,77223,22,,,0,30,,77224,22,,,0,70,,77225,22,,,0,30,,77226,22,,,0,70,,77227,22,,,0,30,,77228,22,,,0,70,,77229,22,,,0
1201,'Saturday',707,,77230,4,,,0,34,,77255,4,,,0,70,,77231,37,,,0,30,,77235,37,,,0,70,,77251,37,,,0,30,,77236,37,,,0,70,,77249,37,,,0,30,,77234,37,,,0,70,,77232,37,,,0,30,,77233,37,,,0,70,,77250,37,,,0,30,,77238,37,,,0,70,,77242,37,,,0,30,,77257,37,,,0,70,,77237,37,,,0,30,,77243,37,,,0,70,,77253,37,,,0,30,,77240,37,,,0,70,,77239,37,,,0,30,,77258,37,,,0,70,,77241,37,,,0,30,,77245,37,,,0,70,,77254,37,,,0,30,,77246,37,,,0,70,,77259,37,,,0,30,,77252,37,,,0,70,,77260,37,,,0,30,,77247,37,,,0,70,,77261,37,,,0,30,,77244,37,,,0,70,,77262,37,,,0,30,,77256,37,,,0,70,,77263,37,,,0,30,,77248,37,,,0
1201,'Sunday',737,,77265,4,,,0,70,,77293,4,,,0,34,,77266,37,,,0,70,,77288,37,,,0,30,,77267,37,,,0,70,,77264,37,,,0,30,,77284,37,,,0,70,,77269,37,,,0,30,,77271,37,,,0,70,,77290,37,,,0,30,,77268,37,,,0,70,,77272,37,,,0,30,,77274,37,,,0,70,,77287,37,,,0,30,,77275,37,,,0,70,,77270,37,,,0,30,,77285,37,,,0,70,,77273,37,,,0,30,,77276,37,,,0,70,,77291,37,,,0,30,,77277,37,,,0,70,,77278,37,,,0,30,,77286,37,,,0,70,,77279,37,,,0,30,,77280,37,,,0,70,,77289,37,,,0,30,,77281,37,,,0,70,,77282,37,,,0,30,,77294,37,,,0,70,,77283,37,,,0,30,,77296,37,,,0,70,,77292,37,,,0,30,,77295,37,,,0
1201,'Weekday',536,,77298,26,,,0,74,,77297,10,,,0,30,,77303,10,,,0,66,,77300,37,,,0,30,,77301,37,,,0,70,,77304,37,,,0,30,,77305,37,,,0,70,,77306,37,,,0,30,,77307,37,,,0,70,,77309,37,,,0,30,,77310,37,,,0,70,,77308,37,,,0,30,,77312,37,,,0,70,,77313,37,,,0,30,,77311,37,,,0,70,,77314,37,,,0,32,,77315,37,,,0,68,,77316,37,,,0,30,,77317,37,,,0,70,,77318,37,,,0,35,,77319,37,,,0,68,,77320,37,,,0,30,,77322,37,,,0,70,,77323,37,,,0,30,,77324,37,,,0,70,,77321,37,,,0,30,,77325,37,,,0,75,,77326,37,,,0,30,,77327,37,,,0,70,,77328,37,,,0,30,,77329,37,,,0,70,,77330,37,,,0,30,,77331,37,,,0,70,,77332,37,,,0,30,,77333,37,,,0,70,,77334,37,,,0,30,,77335,37,,,0
1201,'STMPSa-Saturday',707,,77336,4,,,0,34,,77361,4,,,0,70,,77337,37,,,0,30,,77341,37,,,0,70,,77358,37,,,0,30,,77342,37,,,0,70,,77355,37,,,0,30,,77340,37,,,0,70,,77338,37,,,0,30,,77339,37,,,0,70,,77356,37,,,0,30,,77344,37,,,0,70,,77348,37,,,0,30,,77363,37,,,0,70,,77343,37,,,0,30,,77349,37,,,0,70,,77357,37,,,0,30,,77346,37,,,0,70,,77345,37,,,0,30,,77364,37,,,0,70,,77347,37,,,0,30,,77351,37,,,0,70,,77360,37,,,0,30,,77352,37,,,0,70,,77365,37,,,0,30,,77359,37,,,0,70,,77367,37,,,0,30,,77353,37,,,0,70,,77368,37,,,0,30,,77350,37,,,0,70,,77366,37,,,0,30,,77362,37,,,0,70,,77369,37,,,0,30,,77354,37,,,0
1201,'STMPSnea-Weekday',536,,77371,26,,,0,74,,77370,10,,,0,30,,77376,10,,,0,66,,77373,37,,,0,30,,77374,37,,,0,70,,77377,37,,,0,30,,77378,37,,,0,70,,77379,37,,,0,30,,77380,37,,,0,70,,77382,37,,,0,30,,77383,37,,,0,70,,77381,37,,,0,30,,77385,37,,,0,70,,77386,37,,,0,30,,77384,37,,,0,70,,77387,37,,,0,32,,77388,37,,,0,68,,77389,37,,,0,30,,77390,37,,,0,70,,77391,37,,,0,35,,77392,37,,,0,68,,77393,37,,,0,30,,77395,37,,,0,70,,77396,37,,,0,30,,77397,37,,,0,70,,77394,37,,,0,30,,77398,37,,,0,75,,77399,37,,,0,30,,77400,37,,,0,70,,77401,37,,,0,30,,77402,37,,,0,70,,77403,37,,,0,30,,77404,37,,,0,70,,77405,37,,,0,30,,77406,37,,,0,70,,77407,37,,,0,30,,77408,37,,,0
1201,'STMPSu1-Sunday',737,,77410,4,,,0,70,,77438,4,,,0,34,,77411,37,,,0,70,,77433,37,,,0,30,,77412,37,,,0,70,,77409,37,,,0,30,,77429,37,,,0,70,,77414,37,,,0,30,,77416,37,,,0,70,,77435,37,,,0,30,,77413,37,,,0,70,,77417,37,,,0,30,,77420,37,,,0,70,,77432,37,,,0,30,,77421,37,,,0,70,,77415,37,,,0,30,,77430,37,,,0,70,,77419,37,,,0,30,,77418,37,,,0,70,,77436,37,,,0,30,,77422,37,,,0,70,,77423,37,,,0,30,,77431,37,,,0,70,,77424,37,,,0,30,,77425,37,,,0,70,,77434,37,,,0,30,,77426,37,,,0,70,,77427,37,,,0,30,,77439,37,,,0,70,,77428,37,,,0,30,,77441,37,,,0,70,,77437,37,,,0,30,,77440,37,,,0
1201,'STMPSu2-Sunday',737,,77443,4,,,0,70,,77471,4,,,0,34,,77444,37,,,0,70,,77466,37,,,0,30,,77445,37,,,0,70,,77442,37,,,0,30,,77462,37,,,0,70,,77447,37,,,0,30,,77449,37,,,0,70,,77468,37,,,0,30,,77446,37,,,0,70,,77450,37,,,0,30,,77452,37,,,0,70,,77465,37,,,0,30,,77453,37,,,0,70,,77448,37,,,0,30,,77463,37,,,0,70,,77451,37,,,0,30,,77454,37,,,0,70,,77469,37,,,0,30,,77455,37,,,0,70,,77456,37,,,0,30,,77464,37,,,0,70,,77457,37,,,0,30,,77458,37,,,0,70,,77467,37,,,0,30,,77459,37,,,0,70,,77460,37,,,0,30,,77472,37,,,0,70,,77461,37,,,0,30,,77474,37,,,0,70,,77470,37,,,0,30,,77473,37,,,0
1201,'STMPWeek-Weekday',536,,77476,26,,,0,74,,77475,10,,,0,30,,77481,10,,,0,66,,77478,37,,,0,30,,77479,37,,,0,70,,77482,37,,,0,30,,77483,37,,,0,70,,77484,37,,,0,30,,77485,37,,,0,70,,77487,37,,,0,30,,77488,37,,,0,70,,77486,37,,,0,30,,77490,37,,,0,70,,77491,37,,,0,30,,77489,37,,,0,70,,77492,37,,,0,32,,77493,37,,,0,68,,77494,37,,,0,30,,77495,37,,,0,70,,77496,37,,,0,35,,77497,37,,,0,68,,77498,37,,,0,30,,77500,37,,,0,70,,77501,37,,,0,30,,77502,37,,,0,70,,77499,37,,,0,30,,77503,37,,,0,75,,77504,37,,,0,30,,77505,37,,,0,70,,77506,37,,,0,30,,77507,37,,,0,70,,77508,37,,,0,30,,77509,37,,,0,70,,77510,37,,,0,30,,77511,37,,,0,70,,77512,37,,,0,30,,77513,37,,,0
1201,'STMPar-Weekday',536,,77516,26,,,0,74,,77514,10,,,0,30,,77520,10,,,0,66,,77518,37,,,0,30,,77515,37,,,0,70,,77521,37,,,0,30,,77522,37,,,0,70,,77523,37,,,0,30,,77524,37,,,0,70,,77526,37,,,0,30,,77527,37,,,0,70,,77525,37,,,0,30,,77529,37,,,0,70,,77530,37,,,0,30,,77528,37,,,0,70,,77531,37,,,0,32,,77532,37,,,0,68,,77533,37,,,0,30,,77534,37,,,0,70,,77535,37,,,0,35,,77536,37,,,0,68,,77537,37,,,0,30,,77539,37,,,0,70,,77540,37,,,0,30,,77541,37,,,0,70,,77538,37,,,0,30,,77542,37,,,0,75,,77543,37,,,0,30,,77544,37,,,0,70,,77545,37,,,0,30,,77546,37,,,0,70,,77547,37,,,0,30,,77548,37,,,0,70,,77549,37,,,0,30,,77550,37,,,0,70,,77551,37,,,0,30,,77552,37,,,0
10201,'Saturday',644,,115648,4,,,0,70,,115650,4,,,0,30,,115651,4,,,0,70,,115652,4,,,0,30,,115649,4,,,0,70,,115653,4,,,0,30,,115654,4,,,0,70,,115655,4,,,0,30,,115657,4,,,0,70,,115658,4,,,0,30,,115661,4,,,0,70,,115656,4,,,0,30,,115662,4,,,0,70,,115663,4,,,0,30,,115659,4,,,0,70,,115660,4,,,0,30,,115665,4,,,0,70,,115666,4,,,0,30,,115667,4,,,0,70,,115664,4,,,0,30,,115668,4,,,0,70,,115669,4,,,0,30,,115670,4,,,0,70,,115671,4,,,0,30,,115672,4,,,0,70,,115673,4,,,0,30,,115674,4,,,0,70,,115675,4,,,0,30,,115676,4,,,0,70,,115678,4,,,0,30,,115679,4,,,0,70,,115680,4,,,0,30,,115677,4,,,0,70,,115681,4,,,0,30,,115682,4,,,0,64,,115683,4,,,0,30,,115684,4,,,0
10201,'Sunday',644,,115685,4,,,0,70,,115698,4,,,0,30,,115687,4,,,0,70,,115700,4,,,0,30,,115686,4,,,0,70,,115699,4,,,0,30,,115688,4,,,0,70,,115701,4,,,0,30,,115689,4,,,0,70,,115702,4,,,0,30,,115690,4,,,0,70,,115703,4,,,0,30,,115691,4,,,0,70,,115704,4,,,0,30,,115692,4,,,0,70,,115706,4,,,0,30,,115693,4,,,0,70,,115705,4,,,0,30,,115694,4,,,0,70,,115707,4,,,0,30,,115695,4,,,0,70,,115709,4,,,0,30,,115696,4,,,0,70,,115708,4,,,0,30,,115697,4,,,0,70,,115710,4,,,0,30,,115711,4,,,0,70,,115712,4,,,0,30,,115713,4,,,0,70,,115714,4,,,0,30,,115715,4,,,0,70,,115716,4,,,0,30,,115717,4,,,0,70,,115718,4,,,0,24,,115719,4,,,0
10201,'Weekday',444,,115723,4,,,0,70,,115724,4,,,0,25,,115725,4,,,0,20,,115726,4,,,0,60,,115727,4,,,0,20,,115728,4,,,0,20,,115729,4,,,0,60,,115730,4,,,0,20,,115731,4,,,0,20,,115732,4,,,0,60,,115733,4,,,0,26,,115734,4,,,0,70,,115736,4,,,0,30,,115737,4,,,0,70,,115738,4,,,0,30,,115735,4,,,0,70,,115739,4,,,0,30,,115740,4,,,0,70,,115741,4,,,0,30,,115742,4,,,0,70,,115745,4,,,0,30,,115746,4,,,0,70,,115743,4,,,0,21,,115748,4,,,0,20,,115749,4,,,0,60,,115744,4,,,0,20,,115747,4,,,0,20,,115750,4,,,0,60,,115751,4,,,0,20,,115752,4,,,0,20,,115754,4,,,0,60,,115756,4,,,0,20,,115753,4,,,0,20,,115757,4,,,0,60,,115755,4,,,0,20,,115758,4,,,0,23,,115759,4,,,0,64,,115760,4,,,0,30,,115761,4,,,0,70,,115762,4,,,0,30,,115763,4,,,0,70,,115764,4,,,0,30,,115765,4,,,0,70,,115766,4,,,0,30,,115767,4,,,0,70,,115721,4,,,0,30,,115722,4,,,0,70,,115720,4,,,0,24,,115768,4,,,0
10201,'STMPSa-Saturday',644,,115770,4,,,0,70,,115769,4,,,0,30,,115772,4,,,0,70,,115773,4,,,0,30,,115771,4,,,0,70,,115774,4,,,0,30,,115775,4,,,0,70,,115776,4,,,0,30,,115778,4,,,0,70,,115779,4,,,0,30,,115782,4,,,0,70,,115777,4,,,0,30,,115783,4,,,0,70,,115784,4,,,0,30,,115780,4,,,0,70,,115781,4,,,0,30,,115786,4,,,0,70,,115787,4,,,0,30,,115788,4,,,0,70,,115785,4,,,0,30,,115789,4,,,0,70,,115790,4,,,0,30,,115791,4,,,0,70,,115792,4,,,0,30,,115793,4,,,0,70,,115794,4,,,0,30,,115795,4,,,0,70,,115796,4,,,0,30,,115797,4,,,0,70,,115799,4,,,0,30,,115800,4,,,0,70,,115801,4,,,0,30,,115798,4,,,0,70,,115802,4,,,0,30,,115803,4,,,0,64,,115804,4,,,0,30,,115805,4,,,0
10201,'STMPSnea-Weekday',444,,115809,4,,,0,70,,115810,4,,,0,25,,115811,4,,,0,20,,115812,4,,,0,60,,115813,4,,,0,20,,115814,4,,,0,20,,115815,4,,,0,60,,115816,4,,,0,20,,115817,4,,,0,20,,115818,4,,,0,60,,115819,4,,,0,26,,115820,4,,,0,70,,115822,4,,,0,30,,115823,4,,,0,70,,115824,4,,,0,30,,115821,4,,,0,70,,115825,4,,,0,30,,115826,4,,,0,70,,115827,4,,,0,30,,115828,4,,,0,70,,115831,4,,,0,30,,115832,4,,,0,70,,115829,4,,,0,21,,115834,4,,,0,20,,115835,4,,,0,60,,115830,4,,,0,20,,115833,4,,,0,20,,115836,4,,,0,60,,115837,4,,,0,20,,115838,4,,,0,20,,115840,4,,,0,60,,115842,4,,,0,20,,115839,4,,,0,20,,115843,4,,,0,60,,115841,4,,,0,20,,115844,4,,,0,23,,115845,4,,,0,64,,115846,4,,,0,30,,115847,4,,,0,70,,115848,4,,,0,30,,115849,4,,,0,70,,115850,4,,,0,30,,115851,4,,,0,70,,115852,4,,,0,30,,115853,4,,,0,70,,115807,4,,,0,30,,115808,4,,,0,70,,115806,4,,,0,24,,115854,4,,,0
10201,'STMPSu1-Sunday',644,,115855,4,,,0,70,,115868,4,,,0,30,,115857,4,,,0,70,,115870,4,,,0,30,,115856,4,,,0,70,,115869,4,,,0,30,,115858,4,,,0,70,,115871,4,,,0,30,,115859,4,,,0,70,,115872,4,,,0,30,,115860,4,,,0,70,,115873,4,,,0,30,,115861,4,,,0,70,,115874,4,,,0,30,,115862,4,,,0,70,,115876,4,,,0,30,,115863,4,,,0,70,,115875,4,,,0,30,,115864,4,,,0,70,,115877,4,,,0,30,,115865,4,,,0,70,,115879,4,,,0,30,,115866,4,,,0,70,,115878,4,,,0,30,,115867,4,,,0,70,,115880,4,,,0,30,,115881,4,,,0,70,,115882,4,,,0,30,,115883,4,,,0,70,,115884,4,,,0,30,,115885,4,,,0,70,,115886,4,,,0,30,,115887,4,,,0,70,,115888,4,,,0,24,,115889,4,,,0
10201,'STMPSu2-Sunday',644,,115890,4,,,0,70,,115903,4,,,0,30,,115892,4,,,0,70,,115905,4,,,0,30,,115891,4,,,0,70,,115904,4,,,0,30,,115893,4,,,0,70,,115906,4,,,0,30,,115894,4,,,0,70,,115907,4,,,0,30,,115895,4,,,0,70,,115908,4,,,0,30,,115896,4,,,0,70,,115909,4,,,0,30,,115897,4,,,0,70,,115911,4,,,0,30,,115898,4,,,0,70,,115910,4,,,0,30,,115899,4,,,0,70,,115912,4,,,0,30,,115900,4,,,0,70,,115914,4,,,0,30,,115901,4,,,0,70,,115913,4,,,0,30,,115902,4,,,0,70,,115915,4,,,0,30,,115916,4,,,0,70,,115917,4,,,0,30,,115918,4,,,0,70,,115919,4,,,0,30,,115920,4,,,0,70,,115921,4,,,0,30,,115922,4,,,0,70,,115923,4,,,0,24,,115924,4,,,0
10201,'STMPWeek-Weekday',444,,115928,4,,,0,70,,115929,4,,,0,25,,115930,4,,,0,20,,115931,4,,,0,60,,115932,4,,,0,20,,115933,4,,,0,20,,115934,4,,,0,60,,115935,4,,,0,20,,115936,4,,,0,20,,115937,4,,,0,60,,115938,4,,,0,26,,115939,4,,,0,70,,115941,4,,,0,30,,115942,4,,,0,70,,115943,4,,,0,30,,115940,4,,,0,70,,115944,4,,,0,30,,115945,4,,,0,70,,115946,4,,,0,30,,115947,4,,,0,70,,115950,4,,,0,30,,115951,4,,,0,70,,115948,4,,,0,21,,115953,4,,,0,20,,115954,4,,,0,60,,115949,4,,,0,20,,115952,4,,,0,20,,115955,4,,,0,60,,115956,4,,,0,20,,115957,4,,,0,20,,115959,4,,,0,60,,115961,4,,,0,20,,115958,4,,,0,20,,115962,4,,,0,60,,115960,4,,,0,20,,115963,4,,,0,23,,115964,4,,,0,64,,115965,4,,,0,30,,115966,4,,,0,70,,115967,4,,,0,30,,115968,4,,,0,70,,115969,4,,,0,30,,115970,4,,,0,70,,115971,4,,,0,30,,115972,4,,,0,70,,115926,4,,,0,30,,115927,4,,,0,70,,115925,4,,,0,24,,115973,4,,,0
10201,'STMPar-Weekday',444,,115977,4,,,0,70,,115978,4,,,0,25,,115979,4,,,0,20,,115980,4,,,0,60,,115981,4,,,0,20,,115982,4,,,0,20,,115983,4,,,0,60,,115984,4,,,0,20,,115985,4,,,0,20,,115986,4,,,0,60,,115987,4,,,0,26,,115988,4,,,0,70,,115990,4,,,0,30,,115991,4,,,0,70,,115992,4,,,0,30,,115989,4,,,0,70,,115993,4,,,0,30,,115995,4,,,0,70,,115996,4,,,0,30,,115997,4,,,0,70,,115999,4,,,0,30,,116000,4,,,0,70,,115994,4,,,0,21,,116002,4,,,0,20,,116003,4,,,0,60,,115998,4,,,0,20,,116001,4,,,0,20,,116004,4,,,0,60,,116005,4,,,0,20,,116006,4,,,0,20,,116008,4,,,0,60,,116010,4,,,0,20,,116007,4,,,0,20,,116011,4,,,0,60,,116009,4,,,0,20,,116012,4,,,0,23,,116013,4,,,0,64,,116014,4,,,0,30,,116015,4,,,0,70,,116016,4,,,0,30,,116017,4,,,0,70,,116018,4,,,0,30,,116019,4,,,0,70,,116020,4,,,0,30,,116021,4,,,0,70,,115975,4,,,0,30,,115976,4,,,0,70,,115974,4,,,0,24,,116022,4,,,0
