7500,'Saturday',516,,44104,1,,,0,35,,44116,1,,,0,75,,44125,1,,,0,75,,44105,1,,,0,35,,44114,1,,,0,75,,44124,1,,,0,35,,44106,1,,,0,75,,44115,1,,,0,35,,44127,1,,,0,75,,44108,1,,,0,75,,44118,1,,,0,35,,44126,1,,,0,75,,44109,1,,,0,35,,44117,1,,,0,75,,44128,1,,,0,75,,44110,1,,,0,35,,44119,1,,,0,75,,44129,1,,,0,35,,44107,1,,,0,75,,44120,1,,,0,35,,44130,1,,,0,75,,44111,1,,,0,75,,44121,1,,,0,35,,44131,1,,,0,75,,44112,1,,,0,35,,44122,1,,,0,75,,44132,1,,,0,75,,44113,1,,,0,35,,44123,1,,,0,65,,44133,1,,,0,35,,44134,1,,,0,75,,44135,1,,,0,35,,44136,1,,,0
7500,'Sunday',516,,44137,1,,,0,35,,44147,1,,,0,75,,44157,1,,,0,75,,44139,1,,,0,35,,44149,1,,,0,75,,44158,1,,,0,35,,44138,1,,,0,75,,44150,1,,,0,35,,44159,1,,,0,75,,44140,1,,,0,75,,44148,1,,,0,35,,44160,1,,,0,75,,44141,1,,,0,35,,44151,1,,,0,75,,44161,1,,,0,75,,44142,1,,,0,35,,44153,1,,,0,75,,44162,1,,,0,35,,44143,1,,,0,75,,44152,1,,,0,35,,44164,1,,,0,75,,44144,1,,,0,75,,44154,1,,,0,35,,44163,1,,,0,75,,44145,1,,,0,35,,44155,1,,,0,75,,44165,1,,,0,75,,44146,1,,,0,35,,44156,1,,,0,75,,44166,1,,,0,35,,44167,1,,,0,75,,44168,1,,,0,35,,44169,1,,,0
7500,'Weekday',530,,44170,1,,,0,70,,44188,1,,,0,23,,44190,1,,,0,23,,44202,1,,,0,63,,44197,1,,,0,23,,44179,1,,,0,23,,44173,1,,,0,63,,44209,1,,,0,23,,44211,1,,,0,64,,44177,1,,,0,34,,44205,1,,,0,74,,44196,1,,,0,34,,44199,1,,,0,74,,44187,1,,,0,34,,44210,1,,,0,74,,44208,1,,,0,74,,44172,1,,,0,34,,44171,1,,,0,74,,44198,1,,,0,32,,44206,1,,,0,66,,44191,1,,,0,10,,44203,1,,,0,21,,44180,1,,,0,19,,44184,1,,,0,59,,44182,1,,,0,19,,44181,1,,,0,19,,44185,1,,,0,59,,44174,1,,,0,19,,44194,1,,,0,19,,44189,1,,,0,59,,44175,1,,,0,19,,44192,1,,,0,19,,44186,1,,,0,58,,44204,1,,,0,33,,44193,1,,,0,74,,44201,1,,,0,33,,44176,1,,,0,74,,44178,1,,,0,34,,44200,1,,,0,74,,44207,1,,,0,74,,44212,1,,,0,34,,44195,1,,,0,71,,44183,1,,,0
7500,'1CCSDCUT-Weekday',530,,44213,1,,,0,70,,44231,1,,,0,23,,44233,1,,,0,23,,44245,1,,,0,63,,44240,1,,,0,23,,44222,1,,,0,23,,44216,1,,,0,63,,44252,1,,,0,23,,44254,1,,,0,64,,44220,1,,,0,34,,44248,1,,,0,74,,44239,1,,,0,34,,44242,1,,,0,74,,44230,1,,,0,34,,44253,1,,,0,74,,44251,1,,,0,74,,44215,1,,,0,34,,44214,1,,,0,74,,44241,1,,,0,32,,44249,1,,,0,66,,44234,1,,,0,10,,44246,1,,,0,21,,44223,1,,,0,19,,44227,1,,,0,59,,44225,1,,,0,19,,44224,1,,,0,19,,44228,1,,,0,59,,44217,1,,,0,19,,44237,1,,,0,19,,44232,1,,,0,59,,44218,1,,,0,19,,44235,1,,,0,19,,44229,1,,,0,58,,44247,1,,,0,33,,44236,1,,,0,74,,44244,1,,,0,33,,44219,1,,,0,74,,44221,1,,,0,34,,44243,1,,,0,74,,44250,1,,,0,74,,44255,1,,,0,34,,44238,1,,,0,71,,44226,1,,,0
7501,'Saturday',649,,44299,47,4,,0,75,,44309,47,4,,0,35,,44317,47,4,,0,78,,44300,47,4,,0,75,,44310,47,4,,0,35,,44320,47,4,,0,75,,44303,47,4,,0,35,,44311,47,4,,0,75,,44319,47,4,,0,75,,44301,47,4,,0,35,,44312,47,4,,0,75,,44321,47,4,,0,35,,44302,47,4,,0,75,,44313,47,4,,0,75,,44322,47,4,,0,35,,44304,47,4,,0,75,,44314,47,4,,0,35,,44324,47,4,,0,75,,44305,47,4,,0,35,,44316,47,4,,0,75,,44323,47,4,,0,75,,44306,47,4,,0,35,,44315,47,4,,0,75,,44325,47,4,,0,35,,44307,47,4,,0,73,,44318,47,4,,0,34,,44326,47,4,,0,75,,44308,47,4,,0,75,,44328,47,4,,0,35,,44329,47,4,,0,75,,44327,47,4,,0
7501,'Sunday',649,,44332,47,4,,0,75,,44339,47,4,,0,35,,44349,47,4,,0,78,,44330,47,4,,0,75,,44342,47,4,,0,35,,44350,47,4,,0,75,,44331,47,4,,0,35,,44341,47,4,,0,75,,44351,47,4,,0,75,,44333,47,4,,0,35,,44343,47,4,,0,75,,44352,47,4,,0,35,,44335,47,4,,0,75,,44344,47,4,,0,75,,44353,47,4,,0,35,,44334,47,4,,0,75,,44345,47,4,,0,35,,44354,47,4,,0,75,,44337,47,4,,0,35,,44347,47,4,,0,75,,44355,47,4,,0,75,,44336,47,4,,0,35,,44346,47,4,,0,75,,44357,47,4,,0,35,,44338,47,4,,0,73,,44348,47,4,,0,34,,44356,47,4,,0,75,,44340,47,4,,0,75,,44360,47,4,,0,35,,44359,47,4,,0,75,,44358,47,4,,0
7501,'Weekday',527,,44397,47,4,,0,30,,44369,47,4,,0,73,,44399,47,4,,0,27,,44366,47,4,,0,63,,44365,47,4,,0,23,,44376,47,4,,0,63,,44382,47,4,,0,23,,44371,47,4,,0,23,,44362,47,4,,0,61,,44373,47,4,,0,3,,44404,47,4,,0,19,,44364,47,4,,0,72,,44386,47,4,,0,34,,44402,47,4,,0,74,,44403,47,4,,0,34,,44384,47,4,,0,74,,44375,47,4,,0,34,,44372,47,4,,0,74,,44387,47,4,,0,74,,44400,47,4,,0,35,,44361,47,4,,0,76,,44374,47,4,,0,35,,44396,47,4,,0,59,,44378,47,4,,0,19,,44381,47,4,,0,22,,44377,47,4,,0,56,,44385,47,4,,0,19,,44379,47,4,,0,19,,44389,47,4,,0,59,,44393,47,4,,0,19,,44368,47,4,,0,19,,44380,47,4,,0,59,,44394,47,4,,0,17,,44391,47,4,,0,17,,44363,47,4,,0,73,,44370,47,4,,0,34,,44392,47,4,,0,74,,44388,47,4,,0,31,,44395,47,4,,0,74,,44398,47,4,,0,34,,44367,47,4,,0,74,,44383,47,4,,0,74,,44401,47,4,,0,33,,44390,47,4,,0
7501,'Weekday0000100',1355,,44405,19,4,,0
7501,'1CCSDCUT-Weekday',527,,44442,47,4,,0,30,,44414,47,4,,0,73,,44444,47,4,,0,27,,44411,47,4,,0,63,,44410,47,4,,0,23,,44421,47,4,,0,63,,44427,47,4,,0,23,,44416,47,4,,0,23,,44407,47,4,,0,61,,44418,47,4,,0,3,,44449,47,4,,0,19,,44409,47,4,,0,72,,44431,47,4,,0,34,,44447,47,4,,0,74,,44448,47,4,,0,34,,44429,47,4,,0,74,,44420,47,4,,0,34,,44417,47,4,,0,74,,44432,47,4,,0,74,,44445,47,4,,0,35,,44406,47,4,,0,76,,44419,47,4,,0,35,,44441,47,4,,0,59,,44423,47,4,,0,19,,44426,47,4,,0,22,,44422,47,4,,0,56,,44430,47,4,,0,19,,44424,47,4,,0,19,,44434,47,4,,0,59,,44438,47,4,,0,19,,44413,47,4,,0,19,,44425,47,4,,0,59,,44439,47,4,,0,17,,44436,47,4,,0,17,,44408,47,4,,0,73,,44415,47,4,,0,34,,44437,47,4,,0,74,,44433,47,4,,0,31,,44440,47,4,,0,74,,44443,47,4,,0,34,,44412,47,4,,0,74,,44428,47,4,,0,74,,44446,47,4,,0,33,,44435,47,4,,0
7501,'1CCSDCUT-Weekday0000100',1355,,44450,19,4,,0
