9600,'Saturday',551,,49741,1,,,0,85,,49725,1,,,0,85,,49731,1,,,0,85,,49736,1,,,0,45,,49742,1,,,0,86,,49726,1,,,0,85,,49732,1,,,0,85,,49737,1,,,0,45,,49743,1,,,0,85,,49727,1,,,0,85,,49733,1,,,0,86,,49738,1,,,0,47,,49744,1,,,0,85,,49728,1,,,0,85,,49734,1,,,0,85,,49739,1,,,0,45,,49745,1,,,0,85,,49729,1,,,0,82,,49735,1,,,0,84,,49740,1,,,0,45,,49746,1,,,0,85,,49730,1,,,0
9600,'Sunday',551,,49763,1,,,0,85,,49747,1,,,0,85,,49753,1,,,0,85,,49758,1,,,0,45,,49765,1,,,0,85,,49748,1,,,0,85,,49754,1,,,0,85,,49759,1,,,0,45,,49764,1,,,0,85,,49749,1,,,0,85,,49755,1,,,0,85,,49760,1,,,0,45,,49766,1,,,0,85,,49750,1,,,0,85,,49757,1,,,0,85,,49761,1,,,0,45,,49767,1,,,0,85,,49752,1,,,0,85,,49756,1,,,0,85,,49762,1,,,0,45,,49768,1,,,0,85,,49751,1,,,0
9600,'Weekday',526,,49798,1,,,0,31,,49782,1,,,0,71,,49803,1,,,0,31,,49787,1,,,0,71,,49774,1,,,0,71,,49778,1,,,0,31,,49799,1,,,0,71,,49783,1,,,0,31,,49797,1,,,0,71,,49788,1,,,0,31,,49775,1,,,0,71,,49779,1,,,0,31,,49800,1,,,0,71,,49784,1,,,0,31,,49786,1,,,0,71,,49789,1,,,0,31,,49776,1,,,0,71,,49780,1,,,0,31,,49801,1,,,0,71,,49785,1,,,0,31,,49773,1,,,0,71,,49790,1,,,0,31,,49777,1,,,0,71,,49781,1,,,0,32,,49802,1,0,42,0,82,,49771,1,,,0,82,,49795,1,,,0,43,,49791,1,,,0,85,,49769,1,,,0,85,,49772,1,,,0,85,,49796,1,,,0,45,,49792,1,,,0,85,,49770,1,,,0,78,,49793,1,0,42,0
9601,'Saturday',550,,49891,43,4,,0,85,,49874,43,4,,0,85,,49880,43,4,,0,85,,49885,43,4,,0,45,,49892,43,4,,0,86,,49875,43,4,,0,85,,49881,43,4,,0,85,,49887,43,4,,0,45,,49893,43,4,,0,85,,49876,43,4,,0,85,,49882,43,4,,0,86,,49889,43,4,,0,47,,49894,43,4,,0,85,,49877,43,4,,0,85,,49883,43,4,,0,85,,49888,43,4,,0,45,,49895,43,4,,0,85,,49879,43,4,,0,82,,49884,43,4,,0,84,,49890,43,4,,0,45,,49896,43,4,,0,85,,49878,43,4,,0,81,,49886,43,4,,0,35,,49897,43,4,,0
9601,'Sunday',550,,49915,43,4,,0,85,,49898,43,4,,0,85,,49904,43,4,,0,85,,49909,43,4,,0,45,,49916,43,4,,0,85,,49899,43,4,,0,85,,49905,43,4,,0,85,,49911,43,4,,0,45,,49917,43,4,,0,85,,49900,43,4,,0,85,,49906,43,4,,0,85,,49912,43,4,,0,45,,49918,43,4,,0,85,,49901,43,4,,0,85,,49907,43,4,,0,85,,49913,43,4,,0,45,,49919,43,4,,0,85,,49902,43,4,,0,85,,49908,43,4,,0,85,,49914,43,4,,0,45,,49920,43,4,,0,84,,49903,43,4,,0,81,,49910,43,4,,0
9601,'Weekday',524,,49948,14,4,,0,31,,49934,14,4,,0,65,,49954,43,4,,0,35,,49939,43,4,,0,72,,49925,43,4,,0,31,,49930,43,4,,0,71,,49949,43,4,,0,71,,49935,43,4,,0,29,,49953,43,4,,0,71,,49940,43,4,,0,31,,49926,43,4,,0,71,,49931,43,4,,0,31,,49950,43,4,,0,71,,49936,43,4,,0,31,,49938,43,4,,0,71,,49941,43,4,,0,31,,49927,43,4,,0,71,,49932,43,4,,0,32,,49951,43,4,,0,74,,49937,43,4,,0,31,,49929,43,4,,0,71,,49942,43,4,,0,31,,49928,43,4,,0,71,,49933,43,4,,0,31,,49952,43,4,,0,83,,49923,43,4,,0,82,,49946,43,4,,0,42,,49943,43,4,,0,85,,49921,43,4,,0,85,,49924,43,4,,0,85,,49947,43,4,,0,45,,49944,43,4,,0,85,,49922,43,4,,0,80,,49945,43,4,,0
71900,'Weekday',815,,68469,7,0,29 42,0
82100,'Weekday0000100',1352,,68958,2,0,40 41 42,0
82100,'Weekday1111000',1546,,68959,2,0,40 41 42,0
82101,'Weekday',823,,68962,1,0,40 41 42,0
