301,'CUT-Weekday',445,,1504,,,0,82,,1517,,,0,20,,1519,,,0,60,,1506,,,0,21,,1525,,,0,14,,1511,,,0,16,,1505,,,0,53,,1532,,,0,13,,1528,,,0,6,,1566,,,0,7,,1534,,,0,7,,1567,,,0,6,,1518,,,0,7,,1568,,,0,46,,1545,,,0,7,,1569,,,0,6,,1520,,,0,6,,1562,,,0,7,,1507,,,0,6,,1556,,,0,7,,1538,,,0,7,,1557,,,0,6,,1543,,,0,46,,1558,,,0,6,,1526,,,0,14,,1513,,,0,17,,1576,,,0,16,,1577,,,0,56,,1578,,,0,16,,1579,,,0,16,,1580,,,0,16,,1581,,,0,56,,1582,,,0,16,,1583,,,0,16,,1584,,,0,56,,1585,,,0,16,,1586,,,0,16,,1587,,,0,16,,1588,,,0,56,,1589,,,0,16,,1590,,,0,16,,1591,,,0,16,,1592,,,0,56,,1593,,,0,16,,1574,,,0,16,,1575,,,0,62,,1535,,,0,13,,1548,,,0,13,,1546,,,0,14,,1521,,,0,6,,1559,,,0,7,,1508,,,0,47,,1560,,,0,6,,1539,,,0,7,,1561,,,0,6,,1544,,,0,6,,1563,,,0,7,,1527,,,0,3,,1570,0,120 47,0,10,,1514,,,0,3,,1571,0,120 47,0,50,,1552,,,0,13,,1533,,,0,13,,1529,,,0,13,,1536,,,0,13,,1549,,,0,51,,1547,,,0,11,,1522,,,0,13,,1509,,,0,15,,1540,,,0,15,,1564,,,0,55,,1515,,,0,15,,1553,,,0,15,,1530,,,0,15,,1537,,,0,55,,1550,,,0,15,,1523,,,0,15,,1510,,,0,15,,1541,,,0,55,,1565,,,0,19,,1516,,,0,18,,1554,,,0,61,,1531,,,0,21,,1551,,,0,22,,1524,,,0,62,,1512,,,0,20,,1542,,,0,72,,1555,,,0,28,,1572,,,0,73,,1573,,,0
301,'Saturday',558,,1594,,,0,65,,1602,,,0,20,,1612,,,0,60,,1620,,,0,17,,1628,,,0,20,,1635,,,0,60,,1643,,,0,20,,1595,,,0,20,,1603,,,0,60,,1610,,,0,21,,1622,,,0,20,,1629,,,0,60,,1636,,,0,20,,1644,,,0,20,,1596,,,0,60,,1604,,,0,20,,1613,,,0,20,,1621,,,0,61,,1630,,,0,20,,1637,,,0,20,,1645,,,0,60,,1597,,,0,20,,1605,,,0,20,,1615,,,0,60,,1623,,,0,20,,1631,,,0,20,,1638,,,0,60,,1646,,,0,20,,1598,,,0,20,,1606,,,0,60,,1614,,,0,20,,1624,,,0,20,,1632,,,0,60,,1639,,,0,20,,1647,,,0,20,,1599,,,0,60,,1607,,,0,19,,1616,,,0,20,,1625,,,0,60,,1633,,,0,20,,1640,,,0,20,,1648,,,0,60,,1600,,,0,20,,1608,,,0,20,,1617,,,0,60,,1626,,,0,20,,1634,,,0,20,,1641,,,0,60,,1649,,,0,20,,1601,,,0,19,,1609,,,0,60,,1618,,,0,32,,1627,,,0,71,,1642,,,0,34,,1611,,,0,75,,1619,,,0
301,'Sunday',558,,1654,,,0,65,,1658,,,0,20,,1667,,,0,60,,1676,,,0,17,,1684,,,0,20,,1691,,,0,60,,1699,,,0,20,,1651,,,0,20,,1659,,,0,60,,1668,,,0,21,,1677,,,0,20,,1685,,,0,60,,1692,,,0,20,,1700,,,0,20,,1650,,,0,60,,1660,,,0,20,,1669,,,0,20,,1678,,,0,61,,1686,,,0,20,,1693,,,0,20,,1701,,,0,60,,1652,,,0,20,,1661,,,0,20,,1670,,,0,60,,1679,,,0,20,,1687,,,0,20,,1694,,,0,60,,1702,,,0,20,,1653,,,0,20,,1662,,,0,60,,1671,,,0,20,,1680,,,0,20,,1688,,,0,60,,1695,,,0,20,,1703,,,0,20,,1655,,,0,60,,1663,,,0,19,,1672,,,0,20,,1682,,,0,60,,1689,,,0,20,,1696,,,0,20,,1704,,,0,60,,1656,,,0,20,,1664,,,0,20,,1673,,,0,60,,1681,,,0,20,,1690,,,0,20,,1697,,,0,60,,1705,,,0,20,,1657,,,0,19,,1665,,,0,60,,1674,,,0,32,,1683,,,0,71,,1698,,,0,34,,1666,,,0,74,,1675,,,0
301,'Weekday',445,,1706,,,0,82,,1719,,,0,20,,1721,,,0,60,,1708,,,0,21,,1727,,,0,14,,1713,,,0,16,,1707,,,0,53,,1734,,,0,13,,1730,,,0,6,,1768,,,0,7,,1736,,,0,7,,1769,,,0,6,,1720,,,0,7,,1770,,,0,46,,1747,,,0,7,,1771,,,0,6,,1722,,,0,6,,1764,,,0,7,,1709,,,0,6,,1758,,,0,7,,1740,,,0,7,,1759,,,0,6,,1745,,,0,46,,1760,,,0,6,,1728,,,0,14,,1715,,,0,17,,1778,,,0,16,,1779,,,0,56,,1780,,,0,16,,1781,,,0,16,,1782,,,0,16,,1783,,,0,56,,1784,,,0,16,,1785,,,0,16,,1786,,,0,56,,1787,,,0,16,,1788,,,0,16,,1789,,,0,16,,1790,,,0,56,,1791,,,0,16,,1792,,,0,16,,1793,,,0,16,,1794,,,0,56,,1795,,,0,16,,1776,,,0,16,,1777,,,0,62,,1737,,,0,13,,1750,,,0,13,,1748,,,0,14,,1723,,,0,6,,1761,,,0,7,,1710,,,0,47,,1762,,,0,6,,1742,,,0,7,,1763,,,0,6,,1746,,,0,6,,1765,,,0,7,,1729,,,0,3,,1772,0,120 47,0,10,,1716,,,0,3,,1773,0,120 47,0,50,,1754,,,0,13,,1735,,,0,13,,1731,,,0,13,,1738,,,0,13,,1751,,,0,51,,1749,,,0,11,,1724,,,0,13,,1711,,,0,15,,1741,,,0,15,,1766,,,0,55,,1717,,,0,15,,1755,,,0,15,,1732,,,0,15,,1739,,,0,55,,1752,,,0,15,,1725,,,0,15,,1712,,,0,15,,1743,,,0,55,,1767,,,0,19,,1718,,,0,18,,1756,,,0,61,,1733,,,0,21,,1753,,,0,22,,1726,,,0,62,,1714,,,0,20,,1744,,,0,72,,1757,,,0,28,,1774,,,0,73,,1775,,,0
301,'pBxDec31-Weekday',445,,1796,,,0,82,,1809,,,0,20,,1811,,,0,60,,1798,,,0,21,,1817,,,0,14,,1804,,,0,16,,1797,,,0,53,,1824,,,0,13,,1820,,,0,6,,1858,,,0,7,,1826,,,0,7,,1859,,,0,6,,1810,,,0,7,,1860,,,0,46,,1837,,,0,7,,1861,,,0,6,,1812,,,0,6,,1854,,,0,7,,1799,,,0,6,,1848,,,0,7,,1830,,,0,7,,1849,,,0,6,,1835,,,0,46,,1850,,,0,6,,1818,,,0,14,,1805,,,0,17,,1868,,,0,16,,1869,,,0,56,,1870,,,0,16,,1872,,,0,16,,1873,,,0,16,,1874,,,0,56,,1871,,,0,16,,1875,,,0,16,,1876,,,0,56,,1877,,,0,16,,1878,,,0,16,,1879,,,0,16,,1880,,,0,56,,1881,,,0,16,,1882,,,0,16,,1883,,,0,16,,1884,,,0,56,,1885,,,0,16,,1866,,,0,16,,1867,,,0,62,,1827,,,0,13,,1840,,,0,13,,1838,,,0,14,,1813,,,0,6,,1851,,,0,7,,1800,,,0,47,,1852,,,0,6,,1831,,,0,7,,1853,,,0,6,,1836,,,0,6,,1855,,,0,7,,1819,,,0,3,,1862,0,120 47,0,10,,1806,,,0,3,,1863,0,120 47,0,50,,1844,,,0,13,,1825,,,0,13,,1821,,,0,13,,1828,,,0,13,,1841,,,0,51,,1839,,,0,11,,1814,,,0,13,,1801,,,0,15,,1832,,,0,15,,1856,,,0,55,,1807,,,0,15,,1845,,,0,15,,1822,,,0,15,,1829,,,0,55,,1842,,,0,15,,1815,,,0,15,,1802,,,0,15,,1833,,,0,55,,1857,,,0,19,,1808,,,0,18,,1846,,,0,61,,1823,,,0,21,,1843,,,0,22,,1816,,,0,62,,1803,,,0,20,,1834,,,0,72,,1847,,,0,15,,1886,,,0,13,,1864,,,0,18,,1890,,,0,55,,1865,,,0,33,,1887,,,0,73,,1888,,,0,33,,1889,,,0
6201,'CUT-Weekday',646,,17644,,,0,68,,17645,,,0,28,,17646,,,0
6201,'Weekday',646,,17647,,,0,68,,17648,,,0,28,,17649,,,0
6201,'pBxDec31-Weekday',646,,17650,,,0,68,,17651,,,0,28,,17652,,,0
6401,'CUT-Weekday',643,,17738,,,0,61,,17739,,,0,21,,17740,,,0,20,,17741,,,0,59,,17737,,,0
6401,'Weekday',643,,17743,,,0,61,,17744,,,0,21,,17745,,,0,20,,17746,,,0,59,,17742,,,0
6401,'pBxDec31-Weekday',643,,17748,,,0,61,,17749,,,0,21,,17750,,,0,20,,17751,,,0,59,,17747,,,0
