3301,'Saturday',543,,86513,12,,,0,70,,86512,12,,,0,30,,86514,12,,,0,70,,86511,12,,,0,30,,86542,12,,,0,70,,86543,12,,,0,30,,86544,12,,,0,70,,86538,12,,,0,30,,86541,12,,,0,70,,86539,12,,,0,30,,86540,12,,,0,70,,86536,12,,,0,30,,86535,12,,,0,70,,86537,12,,,0,30,,86532,12,,,0,70,,86531,12,,,0,30,,86530,12,,,0,70,,86533,12,,,0,30,,86534,12,,,0,70,,86529,12,,,0,30,,86528,12,,,0,70,,86527,12,,,0,30,,86526,12,,,0,70,,86525,12,,,0,30,,86524,12,,,0,70,,86520,12,,,0,30,,86521,12,,,0,70,,86523,12,,,0,30,,86522,12,,,0,70,,86517,12,,,0,30,,86518,12,,,0,70,,86519,12,,,0,30,,86515,12,,,0,70,,86516,12,,,0
3301,'Sunday',1013,,86561,12,,,0,30,,86562,12,,,0,70,,86560,12,,,0,30,,86558,12,,,0,70,,86559,12,,,0,30,,86556,12,,,0,70,,86557,12,,,0,30,,86554,12,,,0,70,,86555,12,,,0,30,,86553,12,,,0,70,,86552,12,,,0,30,,86551,12,,,0,70,,86550,12,,,0,30,,86548,12,,,0,70,,86549,12,,,0,30,,86547,12,,,0,70,,86545,12,,,0,30,,86546,12,,,0
3301,'Weekday',556,,86563,12,,,0,75,,86564,33,,,0,71,,86565,33,,,0,33,,86566,33,,,0,76,,86567,33,,,0,34,,86568,33,,,0,75,,86569,33,,,0,35,,86570,33,,,0,75,,86571,33,,,0,75,,86572,33,,,0,35,,86573,33,,,0,75,,86575,33,,,0,35,,86574,33,,,0,75,,86576,33,,,0,75,,86577,33,,,0,35,,86578,33,,,0,77,,86579,33,,,0,37,,86581,33,,,0,76,,86580,33,,,0,76,,86583,33,,,0,33,,86582,33,,,0,76,,86584,33,,,0,35,,86585,33,,,0,73,,86586,33,,,0,33,,86587,33,,,0,73,,86588,12,,,0,33,,86591,12,,,0,73,,86589,12,,,0,74,,86590,12,,,0
3301,'STMPSa-Saturday',543,,86594,12,,,0,70,,86593,12,,,0,30,,86595,12,,,0,70,,86592,12,,,0,30,,86623,12,,,0,70,,86624,12,,,0,30,,86625,12,,,0,70,,86619,12,,,0,30,,86622,12,,,0,70,,86620,12,,,0,30,,86621,12,,,0,70,,86617,12,,,0,30,,86616,12,,,0,70,,86618,12,,,0,30,,86613,12,,,0,70,,86612,12,,,0,30,,86611,12,,,0,70,,86614,12,,,0,30,,86615,12,,,0,70,,86610,12,,,0,30,,86609,12,,,0,70,,86608,12,,,0,30,,86607,12,,,0,70,,86606,12,,,0,30,,86605,12,,,0,70,,86601,12,,,0,30,,86602,12,,,0,70,,86604,12,,,0,30,,86603,12,,,0,70,,86598,12,,,0,30,,86599,12,,,0,70,,86600,12,,,0,30,,86596,12,,,0,70,,86597,12,,,0
3301,'STMPSnea-Weekday',556,,86626,12,,,0,75,,86627,33,,,0,71,,86628,33,,,0,33,,86629,33,,,0,76,,86630,33,,,0,34,,86631,33,,,0,75,,86632,33,,,0,35,,86633,33,,,0,75,,86634,33,,,0,75,,86635,33,,,0,35,,86636,33,,,0,75,,86638,33,,,0,35,,86637,33,,,0,75,,86639,33,,,0,75,,86640,33,,,0,35,,86641,33,,,0,77,,86642,33,,,0,37,,86644,33,,,0,76,,86643,33,,,0,76,,86646,33,,,0,33,,86645,33,,,0,76,,86647,33,,,0,35,,86648,33,,,0,73,,86649,33,,,0,33,,86650,33,,,0,73,,86651,12,,,0,33,,86654,12,,,0,73,,86652,12,,,0,74,,86653,12,,,0
3301,'STMPSu1-Sunday',1013,,86671,12,,,0,30,,86672,12,,,0,70,,86670,12,,,0,30,,86668,12,,,0,70,,86669,12,,,0,30,,86666,12,,,0,70,,86667,12,,,0,30,,86664,12,,,0,70,,86665,12,,,0,30,,86663,12,,,0,70,,86662,12,,,0,30,,86661,12,,,0,70,,86660,12,,,0,30,,86658,12,,,0,70,,86659,12,,,0,30,,86657,12,,,0,70,,86655,12,,,0,30,,86656,12,,,0
3301,'STMPSu2-Sunday',1013,,86689,12,,,0,30,,86690,12,,,0,70,,86688,12,,,0,30,,86686,12,,,0,70,,86687,12,,,0,30,,86684,12,,,0,70,,86685,12,,,0,30,,86682,12,,,0,70,,86683,12,,,0,30,,86681,12,,,0,70,,86680,12,,,0,30,,86679,12,,,0,70,,86678,12,,,0,30,,86676,12,,,0,70,,86677,12,,,0,30,,86675,12,,,0,70,,86673,12,,,0,30,,86674,12,,,0
3301,'STMPWeek-Weekday',556,,86691,12,,,0,75,,86692,33,,,0,71,,86693,33,,,0,33,,86694,33,,,0,76,,86695,33,,,0,34,,86696,33,,,0,75,,86697,33,,,0,35,,86698,33,,,0,75,,86699,33,,,0,75,,86700,33,,,0,35,,86701,33,,,0,75,,86703,33,,,0,35,,86702,33,,,0,75,,86704,33,,,0,75,,86705,33,,,0,35,,86706,33,,,0,77,,86707,33,,,0,37,,86709,33,,,0,76,,86708,33,,,0,76,,86711,33,,,0,33,,86710,33,,,0,76,,86712,33,,,0,35,,86713,33,,,0,73,,86714,33,,,0,33,,86715,33,,,0,73,,86716,12,,,0,33,,86719,12,,,0,73,,86717,12,,,0,74,,86718,12,,,0
3301,'STMPar-Weekday',556,,86720,12,,,0,75,,86721,33,,,0,71,,86722,33,,,0,33,,86723,33,,,0,76,,86724,33,,,0,34,,86725,33,,,0,75,,86726,33,,,0,35,,86727,33,,,0,75,,86728,33,,,0,75,,86729,33,,,0,35,,86730,33,,,0,75,,86732,33,,,0,35,,86731,33,,,0,75,,86733,33,,,0,75,,86734,33,,,0,35,,86735,33,,,0,77,,86736,33,,,0,37,,86738,33,,,0,76,,86737,33,,,0,76,,86740,33,,,0,33,,86739,33,,,0,76,,86741,33,,,0,35,,86742,33,,,0,73,,86743,33,,,0,33,,86744,33,,,0,73,,86745,12,,,0,33,,86748,12,,,0,73,,86746,12,,,0,74,,86747,12,,,0
12701,'Weekday',544,,122639,30,,,0,71,,122659,30,,,0,32,,122638,30,,,0,70,,122658,30,,,0,33,,122637,30,,,0,70,,122657,30,,,0,31,,122636,30,,,0,70,,122656,30,,,0,31,,122635,30,,,0,70,,122655,30,,,0,31,,122634,30,,,0,70,,122653,30,,,0,31,,122632,30,,,0,70,,122654,30,,,0,31,,122661,30,,,0,70,,122652,30,,,0,31,,122633,30,,,0,70,,122650,30,,,0,31,,122631,30,,,0,70,,122663,30,,,0,31,,122665,30,,,0,69,,122651,30,,,0,31,,122664,30,,,0,70,,122648,30,,,0,30,,122660,30,,,0,70,,122649,30,,,0
12701,'STMPSnea-Weekday',544,,122701,30,,,0,71,,122721,30,,,0,32,,122700,30,,,0,70,,122720,30,,,0,33,,122699,30,,,0,70,,122719,30,,,0,31,,122698,30,,,0,70,,122718,30,,,0,31,,122697,30,,,0,70,,122717,30,,,0,31,,122696,30,,,0,70,,122715,30,,,0,31,,122694,30,,,0,70,,122716,30,,,0,31,,122723,30,,,0,70,,122714,30,,,0,31,,122695,30,,,0,70,,122712,30,,,0,31,,122693,30,,,0,70,,122725,30,,,0,31,,122727,30,,,0,69,,122713,30,,,0,31,,122726,30,,,0,70,,122710,30,,,0,30,,122722,30,,,0,70,,122711,30,,,0
12701,'STMPWeek-Weekday',544,,122790,30,,,0,71,,122810,30,,,0,32,,122789,30,,,0,70,,122809,30,,,0,33,,122788,30,,,0,70,,122808,30,,,0,31,,122787,30,,,0,70,,122807,30,,,0,31,,122786,30,,,0,70,,122806,30,,,0,31,,122785,30,,,0,70,,122804,30,,,0,31,,122783,30,,,0,70,,122805,30,,,0,31,,122812,30,,,0,70,,122803,30,,,0,31,,122784,30,,,0,70,,122801,30,,,0,31,,122782,30,,,0,70,,122814,30,,,0,31,,122816,30,,,0,69,,122802,30,,,0,31,,122815,30,,,0,70,,122799,30,,,0,30,,122811,30,,,0,70,,122800,30,,,0
12701,'STMPar-Weekday',544,,122825,30,,,0,71,,122845,30,,,0,32,,122824,30,,,0,70,,122844,30,,,0,33,,122823,30,,,0,70,,122843,30,,,0,31,,122822,30,,,0,70,,122842,30,,,0,31,,122821,30,,,0,70,,122841,30,,,0,31,,122820,30,,,0,70,,122839,30,,,0,31,,122818,30,,,0,70,,122840,30,,,0,31,,122847,30,,,0,70,,122838,30,,,0,31,,122819,30,,,0,70,,122836,30,,,0,31,,122817,30,,,0,70,,122849,30,,,0,31,,122851,30,,,0,69,,122837,30,,,0,31,,122850,30,,,0,70,,122834,30,,,0,30,,122846,30,,,0,70,,122835,30,,,0
