7700,'Saturday',557,,44856,3,,,0,84,,44857,24,,,0,85,,44858,24,,,0,85,,44859,24,,,0,45,,44861,24,,,0,85,,44862,24,,,0,85,,44863,24,,,0,85,,44860,24,,,0,45,,44864,24,,,0,85,,44865,24,,,0,85,,44866,24,,,0,85,,44868,24,,,0,45,,44869,24,,,0,85,,44870,24,,,0,85,,44867,24,,,0,85,,44871,24,,,0,45,,44873,24,,,0,85,,44876,24,,,0,85,,44877,24,,,0,85,,44872,24,,,0,45,,44874,24,,,0,85,,44875,24,,,0,85,,44878,24,,,0,92,,44879,24,,,0
7700,'Sunday',557,,44881,3,,,0,84,,44882,24,,,0,85,,44880,24,,,0,85,,44883,24,,,0,45,,44884,24,,,0,85,,44885,24,,,0,85,,44886,24,,,0,85,,44887,24,,,0,45,,44888,24,,,0,85,,44889,24,,,0,85,,44890,24,,,0,85,,44891,24,,,0,45,,44893,24,,,0,85,,44894,24,,,0,85,,44895,24,,,0,85,,44892,24,,,0,45,,44896,24,,,0,85,,44897,24,,,0,85,,44898,24,,,0,85,,44899,24,,,0,45,,44900,24,,,0,85,,44901,24,,,0,85,,44902,24,,,0,92,,44903,24,,,0
7700,'Weekday',523,,44913,3,,,0,88,,44932,24,,,0,31,,44914,24,,,0,71,,44904,24,,,0,30,,44924,24,,,0,70,,44933,24,,,0,30,,44915,24,,,0,69,,44905,24,,,0,30,,44923,24,,,0,70,,44935,24,,,0,30,,44916,24,,,0,70,,44906,24,,,0,30,,44925,24,,,0,70,,44934,24,,,0,30,,44917,24,,,0,70,,44907,24,,,0,30,,44926,24,,,0,70,,44937,24,,,0,30,,44919,24,,,0,71,,44908,24,,,0,31,,44928,24,,,0,70,,44936,24,,,0,31,,44918,24,,,0,70,,44910,24,,,0,30,,44927,24,,,0,70,,44938,24,,,0,29,,44920,24,,,0,69,,44909,24,,,0,30,,44929,24,,,0,70,,44939,24,,,0,31,,44921,24,,,0,69,,44912,24,,,0,30,,44930,24,,,0,70,,44940,24,,,0,29,,44922,24,,,0,70,,44911,24,,,0,30,,44931,24,,,0,70,,44941,24,,,0
7700,'1CCSDCUT-Weekday',523,,44951,3,,,0,88,,44970,24,,,0,31,,44952,24,,,0,71,,44942,24,,,0,30,,44962,24,,,0,70,,44971,24,,,0,30,,44953,24,,,0,69,,44943,24,,,0,30,,44961,24,,,0,70,,44973,24,,,0,30,,44954,24,,,0,70,,44944,24,,,0,30,,44963,24,,,0,70,,44972,24,,,0,30,,44955,24,,,0,70,,44945,24,,,0,30,,44964,24,,,0,70,,44975,24,,,0,30,,44957,24,,,0,71,,44946,24,,,0,31,,44966,24,,,0,70,,44974,24,,,0,31,,44956,24,,,0,70,,44948,24,,,0,30,,44965,24,,,0,70,,44976,24,,,0,29,,44958,24,,,0,69,,44947,24,,,0,30,,44967,24,,,0,70,,44977,24,,,0,31,,44959,24,,,0,69,,44950,24,,,0,30,,44968,24,,,0,70,,44978,24,,,0,29,,44960,24,,,0,70,,44949,24,,,0,30,,44969,24,,,0,70,,44979,24,,,0
7700,'1PUBCUT-Weekday',523,,44989,3,,,0,88,,45008,24,,,0,31,,44990,24,,,0,71,,44980,24,,,0,30,,45000,24,,,0,70,,45009,24,,,0,30,,44991,24,,,0,69,,44981,24,,,0,30,,44999,24,,,0,70,,45011,24,,,0,30,,44992,24,,,0,70,,44982,24,,,0,30,,45001,24,,,0,70,,45010,24,,,0,30,,44993,24,,,0,70,,44983,24,,,0,30,,45002,24,,,0,70,,45013,24,,,0,30,,44995,24,,,0,71,,44984,24,,,0,31,,45004,24,,,0,70,,45012,24,,,0,31,,44994,24,,,0,70,,44986,24,,,0,30,,45003,24,,,0,70,,45014,24,,,0,29,,44996,24,,,0,69,,44985,24,,,0,30,,45005,24,,,0,70,,45015,24,,,0,31,,44997,24,,,0,69,,44988,24,,,0,30,,45006,24,,,0,70,,45016,24,,,0,29,,44998,24,,,0,70,,44987,24,,,0,30,,45007,24,,,0,70,,45017,24,,,0
70601,'Weekday',738,,68389,14,0,130 184 64,0
70601,'1CCSDCUT-Weekday',738,,68391,14,0,130 184 64,0
79601,'Weekday',823,,68843,3,0,191 192 16,0
79601,'1CCSDCUT-Weekday',823,,68844,3,0,191 192 16,0
80501,'Weekday',831,,68879,28,0,127 15 16,0
80501,'1CCSDCUT-Weekday',831,,68880,28,0,127 15 16,0
80501,'1PUBCUT-Weekday',831,,68881,28,0,127 15 16,0
