900,'Saturday',614,,147302,38,,,0,34,,147313,38,,,0,68,,147296,38,,,0,31,,147308,38,,,0,71,,147318,38,,,0,31,,147321,38,,,0,71,,147303,38,,,0,31,,147315,38,,,0,71,,147297,38,,,0,31,,147309,38,,,0,71,,147319,38,,,0,31,,147325,38,,,0,71,,147306,38,,,0,31,,147316,38,,,0,71,,147298,38,,,0,31,,147311,38,,,0,71,,147322,38,,,0,71,,147326,38,,,0,31,,147304,38,,,0,71,,147317,38,,,0,31,,147299,38,,,0,71,,147310,38,,,0,31,,147323,38,,,0,71,,147327,38,,,0,31,,147305,38,,,0,71,,147314,38,,,0,31,,147300,38,,,0,71,,147312,38,,,0,31,,147324,38,,,0,71,,147328,38,,,0,31,,147307,38,,,0,71,,147320,38,,,0,31,,147301,38,,,0,71,,147330,38,,,0,26,,147329,38,,,0
900,'Sunday',614,,147354,38,,,0,34,,147331,38,,,0,68,,147339,38,,,0,31,,147346,38,,,0,71,,147361,38,,,0,31,,147355,38,,,0,71,,147332,38,,,0,31,,147341,38,,,0,71,,147347,38,,,0,31,,147362,38,,,0,71,,147356,38,,,0,31,,147334,38,,,0,71,,147340,38,,,0,31,,147348,38,,,0,71,,147365,38,,,0,31,,147357,38,,,0,71,,147335,38,,,0,71,,147342,38,,,0,31,,147349,38,,,0,71,,147363,38,,,0,31,,147358,38,,,0,71,,147333,38,,,0,31,,147343,38,,,0,71,,147350,38,,,0,31,,147364,38,,,0,71,,147360,38,,,0,31,,147336,38,,,0,71,,147344,38,,,0,31,,147352,38,,,0,71,,147353,38,,,0,31,,147359,38,,,0,71,,147337,38,,,0,31,,147345,38,,,0,71,,147351,38,,,0,26,,147338,38,,,0
900,'Weekday',507,,147374,38,,,0,22,,147387,38,,,0,22,,147400,38,,,0,62,,147366,38,,,0,22,,147382,38,,,0,24,,147392,38,,,0,64,,147407,38,,,0,16,,147414,38,,,0,62,,147375,38,,,0,11,,147419,38,,,0,11,,147388,38,,,0,22,,147399,38,,,0,62,,147367,38,,,0,20,,147383,38,,,0,21,,147394,38,,,0,62,,147408,38,,,0,22,,147415,38,,,0,22,,147376,38,,,0,62,,147389,38,,,0,22,,147401,38,,,0,63,,147369,38,,,0,22,,147384,38,,,0,22,,147393,38,,,0,62,,147409,38,,,0,22,,147416,38,,,0,22,,147377,38,,,0,62,,147390,38,,,0,24,,147402,38,,,0,22,,147368,38,,,0,63,,147385,38,,,0,24,,147395,38,,,0,62,,147410,38,,,0,11,,147422,38,,,0,11,,147417,38,,,0,11,,147420,38,,,0,10,,147378,38,,,0,50,,147421,38,,,0,11,,147391,38,,,0,22,,147403,38,,,0,22,,147370,38,,,0,62,,147386,38,,,0,22,,147396,38,,,0,60,,147411,38,,,0,18,,147418,38,,,0,27,,147379,38,,,0,70,,147405,38,,,0,30,,147371,38,,,0,70,,147397,38,,,0,30,,147412,38,,,0,69,,147380,38,,,0,30,,147404,38,,,0,70,,147372,38,,,0,30,,147398,38,,,0,70,,147413,38,,,0,30,,147381,38,,,0,70,,147406,38,,,0
4000,'Saturday',835,,151845,38,,,0,75,,151846,38,,,0,35,,151844,38,,,0,75,,151847,38,,,0,35,,151848,38,,,0,75,,151849,38,,,0,75,,151850,38,,,0,35,,151851,38,,,0,75,,151854,38,,,0,35,,151855,38,,,0,75,,151852,38,,,0,75,,151853,38,,,0,35,,151856,38,,,0,75,,151857,38,,,0,35,,151858,38,,,0,75,,151859,38,,,0,35,,151860,38,,,0,75,,151861,38,,,0,75,,151862,38,,,0
4000,'Sunday',835,,151863,38,,,0,75,,151864,38,,,0,35,,151866,38,,,0,75,,151867,38,,,0,35,,151868,38,,,0,75,,151865,38,,,0,75,,151869,38,,,0,35,,151870,38,,,0,75,,151871,38,,,0,35,,151872,38,,,0,75,,151873,38,,,0,75,,151875,38,,,0,35,,151876,38,,,0,75,,151877,38,,,0,35,,151874,38,,,0,75,,151878,38,,,0,35,,151879,38,,,0,75,,151880,38,,,0,75,,151881,38,,,0
4000,'Weekday',646,,151898,38,,,0,75,,151892,38,,,0,35,,151905,38,,,0,75,,151899,38,,,0,74,,151893,38,,,0,35,,151906,38,,,0,75,,151900,38,,,0,35,,151894,38,,,0,75,,151907,38,,,0,75,,151901,38,,,0,35,,151895,38,,,0,75,,151908,38,,,0,35,,151902,38,,,0,77,,151896,38,,,0,37,,151909,38,,,0,76,,151903,38,,,0,80,,151897,38,,,0,35,,151910,38,,,0,77,,151904,38,,,0,79,,151882,38,,,0,33,,151889,38,,,0,72,,151886,38,,,0,32,,151883,38,,,0,72,,151890,38,,,0,33,,151887,38,,,0,74,,151884,38,,,0,35,,151891,38,,,0,75,,151888,38,,,0,71,,151885,38,,,0
9001,'Saturday',637,,158055,28,,,0,72,,158065,28,,,0,32,,158075,28,,,0,72,,158056,28,,,0,32,,158066,28,,,0,72,,158076,28,,,0,32,,158058,28,,,0,72,,158068,28,,,0,32,,158077,28,,,0,72,,158059,28,,,0,32,,158067,28,,,0,74,,158078,28,,,0,72,,158060,28,,,0,32,,158069,28,,,0,72,,158079,28,,,0,32,,158057,28,,,0,72,,158070,28,,,0,32,,158080,28,,,0,72,,158061,28,,,0,32,,158071,28,,,0,72,,158081,28,,,0,32,,158062,28,,,0,69,,158074,28,,,0,31,,158082,28,,,0,72,,158064,28,,,0,32,,158073,28,,,0,72,,158083,28,,,0,32,,158063,28,,,0,72,,158072,28,,,0
9001,'Sunday',631,,158084,28,,,0,72,,158094,28,,,0,38,,158105,28,,,0,72,,158085,28,,,0,32,,158095,28,,,0,72,,158104,28,,,0,32,,158087,28,,,0,72,,158097,28,,,0,32,,158107,28,,,0,72,,158086,28,,,0,32,,158096,28,,,0,74,,158106,28,,,0,72,,158088,28,,,0,32,,158098,28,,,0,72,,158108,28,,,0,32,,158089,28,,,0,72,,158099,28,,,0,32,,158110,28,,,0,72,,158090,28,,,0,32,,158100,28,,,0,72,,158109,28,,,0,32,,158091,28,,,0,69,,158101,28,,,0,31,,158111,28,,,0,72,,158092,28,,,0,32,,158102,28,,,0,72,,158112,28,,,0,32,,158093,28,,,0,72,,158103,28,,,0
9001,'Weekday',634,,158113,28,,,0,76,,158123,28,,,0,30,,158132,28,,,0,70,,158141,28,,,0,30,,158114,28,,,0,70,,158122,28,,,0,29,,158133,28,,,0,70,,158142,28,,,0,30,,158116,28,,,0,70,,158124,28,,,0,30,,158134,28,,,0,70,,158143,28,,,0,30,,158115,28,,,0,70,,158125,28,,,0,30,,158135,28,,,0,70,,158144,28,,,0,30,,158118,28,,,0,71,,158126,28,,,0,30,,158136,28,,,0,70,,158145,28,,,0,30,,158117,28,,,0,70,,158127,28,,,0,30,,158137,28,,,0,70,,158146,28,,,0,29,,158119,28,,,0,62,,158128,28,,,0,30,,158138,28,,,0,70,,158147,28,,,0,15,,158120,28,,,0,30,,158129,28,,,0,70,,158139,28,,,0,30,,158148,28,,,0,10,,158121,28,,,0,70,,158130,28,,,0,30,,158140,28,,,0,70,,158149,28,,,0,75,,158131,28,,,0
10401,'Saturday',612,,160372,18,,,0,32,,160360,18,,,0,72,,160374,18,,,0,32,,160359,18,,,0,72,,160376,18,,,0,32,,160362,18,,,0,72,,160378,18,,,0,32,,160361,18,,,0,72,,160377,18,,,0,72,,160363,18,,,0,32,,160379,18,,,0,72,,160364,18,,,0,32,,160380,18,,,0,72,,160365,18,,,0,32,,160381,18,,,0,72,,160367,18,,,0,32,,160382,18,,,0,72,,160366,18,,,0,32,,160383,18,,,0,72,,160368,18,,,0,32,,160384,18,,,0,72,,160369,18,,,0,32,,160385,18,,,0,71,,160370,18,,,0,32,,160386,18,,,0,72,,160371,18,,,0,72,,160387,18,,,0,32,,160375,18,,,0,72,,160388,18,,,0,34,,160373,18,,,0
10401,'Sunday',612,,160403,18,,,0,32,,160389,18,,,0,72,,160406,18,,,0,32,,160390,18,,,0,72,,160405,18,,,0,32,,160392,18,,,0,72,,160407,18,,,0,32,,160391,18,,,0,72,,160408,18,,,0,72,,160393,18,,,0,32,,160409,18,,,0,72,,160394,18,,,0,32,,160410,18,,,0,72,,160395,18,,,0,32,,160411,18,,,0,72,,160396,18,,,0,32,,160412,18,,,0,72,,160397,18,,,0,32,,160413,18,,,0,72,,160398,18,,,0,32,,160414,18,,,0,72,,160399,18,,,0,32,,160415,18,,,0,71,,160400,18,,,0,32,,160417,18,,,0,72,,160401,18,,,0,72,,160416,18,,,0,32,,160402,18,,,0,72,,160418,18,,,0,34,,160404,18,,,0
10401,'Weekday',552,,160437,18,,,0,75,,160420,18,,,0,31,,160438,18,,,0,76,,160419,18,,,0,72,,160439,18,,,0,32,,160421,18,,,0,72,,160440,18,,,0,31,,160422,18,,,0,72,,160442,18,,,0,32,,160423,18,,,0,72,,160441,18,,,0,32,,160424,18,,,0,72,,160443,18,,,0,32,,160425,18,,,0,72,,160444,18,,,0,32,,160426,18,,,0,72,,160446,18,,,0,75,,160427,18,,,0,32,,160445,18,,,0,73,,160428,18,,,0,32,,160447,18,,,0,73,,160429,18,,,0,30,,160448,18,,,0,72,,160430,18,,,0,30,,160449,18,,,0,70,,160431,18,,,0,32,,160450,18,,,0,72,,160432,18,,,0,32,,160451,18,,,0,72,,160433,18,,,0,32,,160452,18,,,0,72,,160434,18,,,0,72,,160453,18,,,0,32,,160435,18,,,0,72,,160454,18,,,0,37,,160436,18,,,0
