11900,'Saturday',1252,,119598,5,,,0,100,,119599,5,,,0,100,,119600,5,,,0,96,,119601,5,,,0,98,,119602,5,,,0,98,,119603,5,,,0,97,,119604,5,,,0,93,,119605,5,,,0,93,,119606,5,,,0,94,,119607,5,,,0,94,,119608,5,,,0,94,,119609,5,,,0,94,,119610,5,,,0
11900,'Sunday',1252,,119611,5,,,0,100,,119612,5,,,0,100,,119613,5,,,0,96,,119615,5,,,0,98,,119616,5,,,0,98,,119617,5,,,0,97,,119614,5,,,0,93,,119618,5,,,0,93,,119619,5,,,0,94,,119620,5,,,0,94,,119621,5,,,0,94,,119622,5,,,0,94,,119623,5,,,0
11900,'Weekday',1252,,119627,5,,,0,100,,119624,5,,,0,100,,119626,5,,,0,96,,119625,5,,,0,98,,119628,5,,,0,98,,119629,5,,,0,97,,119630,5,,,0,93,,119631,5,,,0,93,,119632,5,,,0,94,,119633,5,,,0,94,,119634,5,,,0,94,,119635,5,,,0,94,,119636,5,,,0
11900,'STMPSa-Saturday',1252,,119637,5,,,0,100,,119638,5,,,0,100,,119639,5,,,0,96,,119640,5,,,0,98,,119641,5,,,0,98,,119642,5,,,0,97,,119643,5,,,0,93,,119644,5,,,0,93,,119645,5,,,0,94,,119646,5,,,0,94,,119647,5,,,0,94,,119648,5,,,0,94,,119649,5,,,0
11900,'STMPSnea-Weekday',1252,,119653,5,,,0,100,,119650,5,,,0,100,,119652,5,,,0,96,,119651,5,,,0,98,,119654,5,,,0,98,,119655,5,,,0,97,,119656,5,,,0,93,,119657,5,,,0,93,,119658,5,,,0,94,,119659,5,,,0,94,,119660,5,,,0,94,,119661,5,,,0,94,,119662,5,,,0
11900,'STMPSu1-Sunday',1252,,119663,5,,,0,100,,119664,5,,,0,100,,119665,5,,,0,96,,119667,5,,,0,98,,119668,5,,,0,98,,119669,5,,,0,97,,119666,5,,,0,93,,119670,5,,,0,93,,119671,5,,,0,94,,119672,5,,,0,94,,119673,5,,,0,94,,119674,5,,,0,94,,119675,5,,,0
11900,'STMPSu2-Sunday',1252,,119676,5,,,0,100,,119677,5,,,0,100,,119678,5,,,0,96,,119680,5,,,0,98,,119681,5,,,0,98,,119682,5,,,0,97,,119679,5,,,0,93,,119683,5,,,0,93,,119684,5,,,0,94,,119685,5,,,0,94,,119686,5,,,0,94,,119687,5,,,0,94,,119688,5,,,0
11900,'STMPWeek-Weekday',1252,,119692,5,,,0,100,,119689,5,,,0,100,,119691,5,,,0,96,,119690,5,,,0,98,,119693,5,,,0,98,,119694,5,,,0,97,,119695,5,,,0,93,,119696,5,,,0,93,,119697,5,,,0,94,,119698,5,,,0,94,,119699,5,,,0,94,,119700,5,,,0,94,,119701,5,,,0
11900,'STMPar-Weekday',1252,,119705,5,,,0,100,,119702,5,,,0,100,,119704,5,,,0,96,,119703,5,,,0,98,,119706,5,,,0,98,,119707,5,,,0,97,,119708,5,,,0,93,,119709,5,,,0,93,,119710,5,,,0,94,,119711,5,,,0,94,,119712,5,,,0,94,,119713,5,,,0,94,,119714,5,,,0
11901,'Saturday',551,,119715,15,,,0,93,,119716,15,,,0,93,,119717,15,,,0,93,,119719,15,,,0,93,,119720,15,,,0,93,,119721,15,,,0,93,,119718,15,,,0,93,,119722,15,,,0
11901,'Sunday',551,,119724,15,,,0,93,,119725,15,,,0,93,,119726,15,,,0,93,,119723,15,,,0,93,,119728,15,,,0,93,,119729,15,,,0,93,,119730,15,,,0,93,,119727,15,,,0
11901,'Weekday',551,,119731,15,,,0,92,,119732,15,,,0,93,,119733,15,,,0,93,,119735,15,,,0,93,,119736,15,,,0,93,,119737,15,,,0,93,,119734,15,,,0,93,,119738,15,,,0
11901,'STMPSa-Saturday',551,,119739,15,,,0,93,,119740,15,,,0,93,,119741,15,,,0,93,,119743,15,,,0,93,,119744,15,,,0,93,,119745,15,,,0,93,,119742,15,,,0,93,,119746,15,,,0
11901,'STMPSnea-Weekday',551,,119747,15,,,0,92,,119748,15,,,0,93,,119749,15,,,0,93,,119751,15,,,0,93,,119752,15,,,0,93,,119753,15,,,0,93,,119750,15,,,0,93,,119754,15,,,0
11901,'STMPSu1-Sunday',551,,119756,15,,,0,93,,119757,15,,,0,93,,119758,15,,,0,93,,119755,15,,,0,93,,119760,15,,,0,93,,119761,15,,,0,93,,119762,15,,,0,93,,119759,15,,,0
11901,'STMPSu2-Sunday',551,,119764,15,,,0,93,,119765,15,,,0,93,,119766,15,,,0,93,,119763,15,,,0,93,,119768,15,,,0,93,,119769,15,,,0,93,,119770,15,,,0,93,,119767,15,,,0
11901,'STMPWeek-Weekday',551,,119771,15,,,0,92,,119772,15,,,0,93,,119773,15,,,0,93,,119775,15,,,0,93,,119776,15,,,0,93,,119777,15,,,0,93,,119774,15,,,0,93,,119778,15,,,0
11901,'STMPar-Weekday',551,,119780,15,,,0,92,,119779,15,,,0,93,,119781,15,,,0,93,,119783,15,,,0,93,,119784,15,,,0,93,,119785,15,,,0,93,,119782,15,,,0,93,,119786,15,,,0
