15001,'Saturday',640,,128282,14,,,0,100,,128289,14,,,0,100,,128287,14,,,0,100,,128285,14,,,0,100,,128279,14,,,0,100,,128283,14,,,0,100,,128278,14,,,0,100,,128290,14,,,0,100,,128288,14,,,0,100,,128286,14,,,0,100,,128281,14,,,0,100,,128284,14,,,0,100,,128280,14,,,0
15001,'Weekday',610,,128291,14,,,0,32,,128293,14,,,0,72,,128294,14,,,0,32,,128295,14,,,0,72,,128296,14,,,0,31,,128298,14,,,0,72,,128299,14,,,0,32,,128297,14,,,0,72,,128300,14,,,0,32,,128301,14,,,0,72,,128302,14,,,0,72,,128303,14,,,0,32,,128304,14,,,0,72,,128305,14,,,0,32,,128306,14,,,0,72,,128307,14,,,0,32,,128308,14,,,0,73,,128309,14,,,0,32,,128310,14,,,0,72,,128311,14,,,0,31,,128312,14,,,0,73,,128313,14,,,0,32,,128314,14,,,0,72,,128315,14,,,0,32,,128292,14,,,0
15001,'STMPSa-Saturday',640,,128320,14,,,0,100,,128327,14,,,0,100,,128325,14,,,0,100,,128323,14,,,0,100,,128317,14,,,0,100,,128321,14,,,0,100,,128316,14,,,0,100,,128328,14,,,0,100,,128326,14,,,0,100,,128324,14,,,0,100,,128319,14,,,0,100,,128322,14,,,0,100,,128318,14,,,0
15001,'STMPSnea-Weekday',610,,128329,14,,,0,32,,128331,14,,,0,72,,128332,14,,,0,32,,128333,14,,,0,72,,128334,14,,,0,31,,128336,14,,,0,72,,128337,14,,,0,32,,128335,14,,,0,72,,128338,14,,,0,32,,128339,14,,,0,72,,128340,14,,,0,72,,128341,14,,,0,32,,128342,14,,,0,72,,128343,14,,,0,32,,128344,14,,,0,72,,128345,14,,,0,32,,128346,14,,,0,73,,128347,14,,,0,32,,128348,14,,,0,72,,128349,14,,,0,31,,128350,14,,,0,73,,128351,14,,,0,32,,128352,14,,,0,72,,128353,14,,,0,32,,128330,14,,,0
15001,'STMPWeek-Weekday',610,,128354,14,,,0,32,,128356,14,,,0,72,,128357,14,,,0,32,,128358,14,,,0,72,,128359,14,,,0,31,,128361,14,,,0,72,,128362,14,,,0,32,,128360,14,,,0,72,,128363,14,,,0,32,,128364,14,,,0,72,,128365,14,,,0,72,,128366,14,,,0,32,,128367,14,,,0,72,,128368,14,,,0,32,,128369,14,,,0,72,,128370,14,,,0,32,,128371,14,,,0,73,,128372,14,,,0,32,,128373,14,,,0,72,,128374,14,,,0,31,,128375,14,,,0,73,,128376,14,,,0,32,,128377,14,,,0,72,,128378,14,,,0,32,,128355,14,,,0
15001,'STMPar-Weekday',610,,128379,14,,,0,32,,128381,14,,,0,72,,128382,14,,,0,32,,128383,14,,,0,72,,128384,14,,,0,31,,128386,14,,,0,72,,128387,14,,,0,32,,128385,14,,,0,72,,128388,14,,,0,32,,128389,14,,,0,72,,128390,14,,,0,72,,128391,14,,,0,32,,128392,14,,,0,72,,128393,14,,,0,32,,128394,14,,,0,72,,128395,14,,,0,32,,128396,14,,,0,73,,128397,14,,,0,32,,128398,14,,,0,72,,128399,14,,,0,31,,128400,14,,,0,73,,128401,14,,,0,32,,128402,14,,,0,72,,128403,14,,,0,32,,128380,14,,,0
15100,'Weekday',708,,128404,29,,,0
15100,'STMPSnea-Weekday',708,,128406,29,,,0
15100,'STMPWeek-Weekday',708,,128408,29,,,0
15100,'STMPar-Weekday',708,,128410,29,,,0
