7700,'Saturday',556,,44856,2,,,0,84,,44857,23,,,0,85,,44858,23,,,0,85,,44859,23,,,0,45,,44861,23,,,0,85,,44862,23,,,0,85,,44863,23,,,0,85,,44860,23,,,0,45,,44864,23,,,0,85,,44865,23,,,0,85,,44866,23,,,0,85,,44868,23,,,0,45,,44869,23,,,0,85,,44870,23,,,0,85,,44867,23,,,0,85,,44871,23,,,0,45,,44873,23,,,0,85,,44876,23,,,0,85,,44877,23,,,0,85,,44872,23,,,0,45,,44874,23,,,0,85,,44875,23,,,0,85,,44878,23,,,0,92,,44879,23,,,0
7700,'Sunday',556,,44881,2,,,0,84,,44882,23,,,0,85,,44880,23,,,0,85,,44883,23,,,0,45,,44884,23,,,0,85,,44885,23,,,0,85,,44886,23,,,0,85,,44887,23,,,0,45,,44888,23,,,0,85,,44889,23,,,0,85,,44890,23,,,0,85,,44891,23,,,0,45,,44893,23,,,0,85,,44894,23,,,0,85,,44895,23,,,0,85,,44892,23,,,0,45,,44896,23,,,0,85,,44897,23,,,0,85,,44898,23,,,0,85,,44899,23,,,0,45,,44900,23,,,0,85,,44901,23,,,0,85,,44902,23,,,0,92,,44903,23,,,0
7700,'Weekday',522,,44913,2,,,0,88,,44932,23,,,0,31,,44914,23,,,0,71,,44904,23,,,0,30,,44924,23,,,0,70,,44933,23,,,0,30,,44915,23,,,0,69,,44905,23,,,0,30,,44923,23,,,0,70,,44935,23,,,0,30,,44916,23,,,0,70,,44906,23,,,0,30,,44925,23,,,0,70,,44934,23,,,0,30,,44917,23,,,0,70,,44907,23,,,0,30,,44926,23,,,0,70,,44937,23,,,0,30,,44919,23,,,0,71,,44908,23,,,0,31,,44928,23,,,0,70,,44936,23,,,0,31,,44918,23,,,0,70,,44910,23,,,0,30,,44927,23,,,0,70,,44938,23,,,0,29,,44920,23,,,0,69,,44909,23,,,0,30,,44929,23,,,0,70,,44939,23,,,0,31,,44921,23,,,0,69,,44912,23,,,0,30,,44930,23,,,0,70,,44940,23,,,0,29,,44922,23,,,0,70,,44911,23,,,0,30,,44931,23,,,0,70,,44941,23,,,0
7700,'1CCSDCUT-Weekday',522,,44951,2,,,0,88,,44970,23,,,0,31,,44952,23,,,0,71,,44942,23,,,0,30,,44962,23,,,0,70,,44971,23,,,0,30,,44953,23,,,0,69,,44943,23,,,0,30,,44961,23,,,0,70,,44973,23,,,0,30,,44954,23,,,0,70,,44944,23,,,0,30,,44963,23,,,0,70,,44972,23,,,0,30,,44955,23,,,0,70,,44945,23,,,0,30,,44964,23,,,0,70,,44975,23,,,0,30,,44957,23,,,0,71,,44946,23,,,0,31,,44966,23,,,0,70,,44974,23,,,0,31,,44956,23,,,0,70,,44948,23,,,0,30,,44965,23,,,0,70,,44976,23,,,0,29,,44958,23,,,0,69,,44947,23,,,0,30,,44967,23,,,0,70,,44977,23,,,0,31,,44959,23,,,0,69,,44950,23,,,0,30,,44968,23,,,0,70,,44978,23,,,0,29,,44960,23,,,0,70,,44949,23,,,0,30,,44969,23,,,0,70,,44979,23,,,0
7700,'1PUBCUT-Weekday',522,,44989,2,,,0,88,,45008,23,,,0,31,,44990,23,,,0,71,,44980,23,,,0,30,,45000,23,,,0,70,,45009,23,,,0,30,,44991,23,,,0,69,,44981,23,,,0,30,,44999,23,,,0,70,,45011,23,,,0,30,,44992,23,,,0,70,,44982,23,,,0,30,,45001,23,,,0,70,,45010,23,,,0,30,,44993,23,,,0,70,,44983,23,,,0,30,,45002,23,,,0,70,,45013,23,,,0,30,,44995,23,,,0,71,,44984,23,,,0,31,,45004,23,,,0,70,,45012,23,,,0,31,,44994,23,,,0,70,,44986,23,,,0,30,,45003,23,,,0,70,,45014,23,,,0,29,,44996,23,,,0,69,,44985,23,,,0,30,,45005,23,,,0,70,,45015,23,,,0,31,,44997,23,,,0,69,,44988,23,,,0,30,,45006,23,,,0,70,,45016,23,,,0,29,,44998,23,,,0,70,,44987,23,,,0,30,,45007,23,,,0,70,,45017,23,,,0
70501,'Weekday',740,,68378,2,0,130 205 206,0
70501,'1CCSDCUT-Weekday',740,,68379,2,0,130 205 206,0
79601,'Weekday',822,,68843,2,0,191 192 16,0
79601,'1CCSDCUT-Weekday',822,,68844,2,0,191 192 16,0
80501,'Weekday',830,,68879,27,0,127 15 16,0
80501,'1CCSDCUT-Weekday',830,,68880,27,0,127 15 16,0
80501,'1PUBCUT-Weekday',830,,68881,27,0,127 15 16,0
