7700,'Saturday',638,,44857,21,,,0,85,,44858,21,,,0,85,,44859,21,,,0,45,,44861,21,,,0,85,,44862,21,,,0,85,,44863,21,,,0,85,,44860,21,,,0,45,,44864,21,,,0,85,,44865,21,,,0,85,,44866,21,,,0,85,,44868,21,,,0,45,,44869,21,,,0,85,,44870,21,,,0,85,,44867,21,,,0,85,,44871,21,,,0,45,,44873,21,,,0,85,,44876,21,,,0,85,,44877,21,,,0,85,,44872,21,,,0,45,,44874,21,,,0,85,,44875,21,,,0,85,,44878,21,,,0,92,,44879,21,,,0
7700,'Sunday',638,,44882,21,,,0,85,,44880,21,,,0,85,,44883,21,,,0,45,,44884,21,,,0,85,,44885,21,,,0,85,,44886,21,,,0,85,,44887,21,,,0,45,,44888,21,,,0,85,,44889,21,,,0,85,,44890,21,,,0,85,,44891,21,,,0,45,,44893,21,,,0,85,,44894,21,,,0,85,,44895,21,,,0,85,,44892,21,,,0,45,,44896,21,,,0,85,,44897,21,,,0,85,,44898,21,,,0,85,,44899,21,,,0,45,,44900,21,,,0,85,,44901,21,,,0,85,,44902,21,,,0,92,,44903,21,,,0
7700,'Weekday',608,,44932,21,,,0,31,,44914,21,,,0,71,,44904,21,,,0,30,,44924,21,,,0,70,,44933,21,,,0,30,,44915,21,,,0,69,,44905,21,,,0,30,,44923,21,,,0,70,,44935,21,,,0,30,,44916,21,,,0,70,,44906,21,,,0,30,,44925,21,,,0,70,,44934,21,,,0,30,,44917,21,,,0,70,,44907,21,,,0,30,,44926,21,,,0,70,,44937,21,,,0,30,,44919,21,,,0,71,,44908,21,,,0,31,,44928,21,,,0,70,,44936,21,,,0,31,,44918,21,,,0,70,,44910,21,,,0,30,,44927,21,,,0,70,,44938,21,,,0,29,,44920,21,,,0,69,,44909,21,,,0,30,,44929,21,,,0,70,,44939,21,,,0,31,,44921,21,,,0,69,,44912,21,,,0,30,,44930,21,,,0,70,,44940,21,,,0,29,,44922,21,,,0,70,,44911,21,,,0,30,,44931,21,,,0,70,,44941,21,,,0
7700,'1CCSDCUT-Weekday',608,,44970,21,,,0,31,,44952,21,,,0,71,,44942,21,,,0,30,,44962,21,,,0,70,,44971,21,,,0,30,,44953,21,,,0,69,,44943,21,,,0,30,,44961,21,,,0,70,,44973,21,,,0,30,,44954,21,,,0,70,,44944,21,,,0,30,,44963,21,,,0,70,,44972,21,,,0,30,,44955,21,,,0,70,,44945,21,,,0,30,,44964,21,,,0,70,,44975,21,,,0,30,,44957,21,,,0,71,,44946,21,,,0,31,,44966,21,,,0,70,,44974,21,,,0,31,,44956,21,,,0,70,,44948,21,,,0,30,,44965,21,,,0,70,,44976,21,,,0,29,,44958,21,,,0,69,,44947,21,,,0,30,,44967,21,,,0,70,,44977,21,,,0,31,,44959,21,,,0,69,,44950,21,,,0,30,,44968,21,,,0,70,,44978,21,,,0,29,,44960,21,,,0,70,,44949,21,,,0,30,,44969,21,,,0,70,,44979,21,,,0
70500,'Weekday0000100',1330,,68374,8,0,130 205 206,0
70500,'Weekday1111000',1540,,68375,8,0,130 205 206,0
70500,'1CCSDCUT-Weekday0000100',1330,,68376,8,0,130 205 206,0
70500,'1CCSDCUT-Weekday1111000',1540,,68377,8,0,130 205 206,0
80501,'Weekday',829,,68879,25,0,127 15 16,0
80501,'1CCSDCUT-Weekday',829,,68880,25,0,127 15 16,0
