5400,'Saturday',607,,94911,24,,,0,48,,94912,32,,,0,85,,94913,32,,,0,85,,94914,32,,,0,85,,94915,32,,,0,45,,94916,32,,,0,85,,94917,32,,,0,85,,94920,32,,,0,85,,94921,32,,,0,45,,94922,32,,,0,85,,94918,32,,,0,85,,94919,32,,,0,85,,94923,32,,,0,45,,94924,32,,,0,85,,94927,32,,,0,85,,94928,32,,,0,85,,94929,32,,,0,45,,94925,32,,,0,85,,94926,32,,,0,85,,94930,32,,,0,85,,94931,32,,,0,45,,94932,32,,,0,85,,94933,32,,,0,85,,94934,32,,,0
5400,'Sunday',607,,94935,24,,,0,48,,94936,32,,,0,85,,94937,32,,,0,85,,94939,32,,,0,85,,94940,32,,,0,45,,94941,32,,,0,85,,94938,32,,,0,85,,94943,32,,,0,85,,94945,32,,,0,45,,94946,32,,,0,85,,94944,32,,,0,85,,94947,32,,,0,85,,94942,32,,,0,45,,94949,32,,,0,85,,94951,32,,,0,85,,94952,32,,,0,85,,94950,32,,,0,45,,94954,32,,,0,85,,94948,32,,,0,85,,94953,32,,,0,85,,94955,32,,,0,45,,94956,32,,,0,85,,94957,32,,,0,85,,94958,32,,,0
5400,'Weekday',530,,94978,32,,,0,77,,94968,32,,,0,30,,94960,32,,,0,71,,94979,32,,,0,30,,94988,32,,,0,70,,94969,32,,,0,29,,94959,32,,,0,70,,94980,32,,,0,30,,94989,32,,,0,70,,94970,32,,,0,30,,94961,32,,,0,70,,94981,32,,,0,30,,94990,32,,,0,70,,94971,32,,,0,30,,94962,32,,,0,70,,94982,32,,,0,30,,94991,32,,,0,70,,94972,32,,,0,30,,94964,32,,,0,70,,94983,32,,,0,31,,94992,32,,,0,71,,94973,32,,,0,30,,94963,32,,,0,70,,94984,32,,,0,30,,94993,32,,,0,68,,94974,32,,,0,29,,94965,32,,,0,70,,94986,32,,,0,30,,94994,32,,,0,71,,94975,32,,,0,30,,94966,32,,,0,70,,94985,32,,,0,30,,94995,32,,,0,69,,94976,32,,,0,30,,94967,32,,,0,70,,94987,32,,,0,30,,94996,32,,,0,71,,94977,32,,,0
5400,'STMPSa-Saturday',607,,94997,24,,,0,48,,94998,32,,,0,85,,94999,32,,,0,85,,95000,32,,,0,85,,95001,32,,,0,45,,95002,32,,,0,85,,95003,32,,,0,85,,95006,32,,,0,85,,95007,32,,,0,45,,95008,32,,,0,85,,95004,32,,,0,85,,95005,32,,,0,85,,95009,32,,,0,45,,95010,32,,,0,85,,95013,32,,,0,85,,95014,32,,,0,85,,95015,32,,,0,45,,95011,32,,,0,85,,95012,32,,,0,85,,95017,32,,,0,85,,95018,32,,,0,45,,95019,32,,,0,85,,95016,32,,,0,85,,95020,32,,,0
5400,'STMPSnea-Weekday',530,,95040,32,,,0,77,,95030,32,,,0,30,,95022,32,,,0,71,,95041,32,,,0,30,,95050,32,,,0,70,,95031,32,,,0,29,,95021,32,,,0,70,,95042,32,,,0,30,,95051,32,,,0,70,,95032,32,,,0,30,,95023,32,,,0,70,,95043,32,,,0,30,,95052,32,,,0,70,,95033,32,,,0,30,,95024,32,,,0,70,,95044,32,,,0,30,,95053,32,,,0,70,,95034,32,,,0,30,,95026,32,,,0,70,,95045,32,,,0,31,,95054,32,,,0,71,,95035,32,,,0,30,,95025,32,,,0,70,,95046,32,,,0,30,,95055,32,,,0,68,,95036,32,,,0,29,,95027,32,,,0,70,,95048,32,,,0,30,,95056,32,,,0,71,,95037,32,,,0,30,,95028,32,,,0,70,,95047,32,,,0,30,,95057,32,,,0,69,,95038,32,,,0,30,,95029,32,,,0,70,,95049,32,,,0,30,,95058,32,,,0,71,,95039,32,,,0
5400,'STMPSu1-Sunday',607,,95059,24,,,0,48,,95060,32,,,0,85,,95061,32,,,0,85,,95063,32,,,0,85,,95064,32,,,0,45,,95065,32,,,0,85,,95062,32,,,0,85,,95067,32,,,0,85,,95069,32,,,0,45,,95070,32,,,0,85,,95068,32,,,0,85,,95071,32,,,0,85,,95066,32,,,0,45,,95073,32,,,0,85,,95075,32,,,0,85,,95076,32,,,0,85,,95074,32,,,0,45,,95078,32,,,0,85,,95072,32,,,0,85,,95077,32,,,0,85,,95079,32,,,0,45,,95080,32,,,0,85,,95081,32,,,0,85,,95082,32,,,0
5400,'STMPSu2-Sunday',607,,95083,24,,,0,48,,95084,32,,,0,85,,95085,32,,,0,85,,95087,32,,,0,85,,95088,32,,,0,45,,95089,32,,,0,85,,95086,32,,,0,85,,95091,32,,,0,85,,95093,32,,,0,45,,95094,32,,,0,85,,95092,32,,,0,85,,95095,32,,,0,85,,95090,32,,,0,45,,95097,32,,,0,85,,95099,32,,,0,85,,95100,32,,,0,85,,95098,32,,,0,45,,95102,32,,,0,85,,95096,32,,,0,85,,95101,32,,,0,85,,95103,32,,,0,45,,95104,32,,,0,85,,95105,32,,,0,85,,95106,32,,,0
5400,'STMPWeek-Weekday',530,,95126,32,,,0,77,,95116,32,,,0,30,,95108,32,,,0,71,,95127,32,,,0,30,,95136,32,,,0,70,,95117,32,,,0,29,,95107,32,,,0,70,,95128,32,,,0,30,,95137,32,,,0,70,,95118,32,,,0,30,,95109,32,,,0,70,,95129,32,,,0,30,,95138,32,,,0,70,,95119,32,,,0,30,,95110,32,,,0,70,,95130,32,,,0,30,,95139,32,,,0,70,,95120,32,,,0,30,,95112,32,,,0,70,,95131,32,,,0,31,,95140,32,,,0,71,,95121,32,,,0,30,,95111,32,,,0,70,,95132,32,,,0,30,,95141,32,,,0,68,,95122,32,,,0,29,,95113,32,,,0,70,,95134,32,,,0,30,,95142,32,,,0,71,,95123,32,,,0,30,,95114,32,,,0,70,,95133,32,,,0,30,,95143,32,,,0,69,,95124,32,,,0,30,,95115,32,,,0,70,,95135,32,,,0,30,,95144,32,,,0,71,,95125,32,,,0
5400,'STMPar-Weekday',530,,95164,32,,,0,77,,95154,32,,,0,30,,95146,32,,,0,71,,95165,32,,,0,30,,95174,32,,,0,70,,95155,32,,,0,29,,95145,32,,,0,70,,95166,32,,,0,30,,95175,32,,,0,70,,95156,32,,,0,30,,95147,32,,,0,70,,95167,32,,,0,30,,95176,32,,,0,70,,95157,32,,,0,30,,95149,32,,,0,70,,95168,32,,,0,30,,95177,32,,,0,70,,95158,32,,,0,30,,95150,32,,,0,70,,95169,32,,,0,31,,95178,32,,,0,71,,95159,32,,,0,30,,95148,32,,,0,70,,95170,32,,,0,30,,95179,32,,,0,68,,95160,32,,,0,29,,95151,32,,,0,70,,95172,32,,,0,30,,95180,32,,,0,71,,95161,32,,,0,30,,95152,32,,,0,70,,95171,32,,,0,30,,95181,32,,,0,69,,95162,32,,,0,30,,95153,32,,,0,70,,95173,32,,,0,30,,95182,32,,,0,71,,95163,32,,,0
12901,'Saturday',712,,123777,19,,,0,43,,123768,19,,,0,80,,123786,19,,,0,80,,123778,19,,,0,40,,123769,19,,,0,80,,123787,19,,,0,80,,123779,19,,,0,40,,123770,19,,,0,80,,123788,19,,,0,80,,123780,19,,,0,40,,123771,19,,,0,80,,123789,19,,,0,80,,123781,19,,,0,40,,123772,19,,,0,80,,123790,19,,,0,80,,123783,19,,,0,40,,123773,19,,,0,80,,123791,19,,,0,80,,123782,19,,,0,40,,123774,19,,,0,80,,123792,19,,,0,83,,123784,19,,,0,37,,123776,19,,,0,80,,123793,19,,,0,80,,123785,19,,,0,40,,123775,19,,,0
12901,'Sunday',712,,123803,19,,,0,43,,123794,19,,,0,80,,123812,19,,,0,80,,123804,19,,,0,40,,123795,19,,,0,80,,123813,19,,,0,80,,123805,19,,,0,40,,123796,19,,,0,80,,123814,19,,,0,80,,123806,19,,,0,40,,123797,19,,,0,80,,123815,19,,,0,80,,123807,19,,,0,40,,123798,19,,,0,80,,123817,19,,,0,80,,123808,19,,,0,40,,123799,19,,,0,80,,123816,19,,,0,80,,123809,19,,,0,40,,123800,19,,,0,80,,123818,19,,,0,83,,123810,19,,,0,37,,123801,19,,,0,80,,123819,19,,,0,80,,123811,19,,,0,40,,123802,19,,,0
12901,'Weekday',543,,123839,19,,,0,66,,123846,19,,,0,32,,123827,19,,,0,72,,123821,19,,,0,30,,123840,19,,,0,71,,123847,19,,,0,32,,123828,19,,,0,55,,123820,19,,,0,12,,123822,19,,,0,28,,123841,19,,,0,70,,123848,19,,,0,30,,123829,19,,,0,70,,123823,19,,,0,30,,123842,19,,,0,70,,123849,19,,,0,30,,123831,19,,,0,70,,123824,19,,,0,30,,123843,19,,,0,70,,123850,19,,,0,30,,123830,19,,,0,72,,123825,19,,,0,28,,123844,19,,,0,69,,123851,19,,,0,31,,123832,19,,,0,16,,123858,19,,,0,57,,123826,19,,,0,30,,123845,19,,,0,63,,123852,19,,,0,30,,123833,19,,,0,70,,123853,19,,,0,30,,123834,19,,,0,68,,123854,19,,,0,30,,123835,19,,,0,70,,123855,19,,,0,30,,123836,19,,,0,70,,123856,19,,,0,30,,123837,19,,,0,70,,123857,19,,,0,30,,123838,19,,,0
12901,'STMPSa-Saturday',712,,123868,19,,,0,43,,123859,19,,,0,80,,123877,19,,,0,80,,123869,19,,,0,40,,123860,19,,,0,80,,123878,19,,,0,80,,123870,19,,,0,40,,123861,19,,,0,80,,123879,19,,,0,80,,123871,19,,,0,40,,123862,19,,,0,80,,123880,19,,,0,80,,123872,19,,,0,40,,123863,19,,,0,80,,123881,19,,,0,80,,123874,19,,,0,40,,123864,19,,,0,80,,123882,19,,,0,80,,123873,19,,,0,40,,123865,19,,,0,80,,123883,19,,,0,83,,123875,19,,,0,37,,123867,19,,,0,80,,123884,19,,,0,80,,123876,19,,,0,40,,123866,19,,,0
12901,'STMPSnea-Weekday',543,,123904,19,,,0,66,,123911,19,,,0,32,,123892,19,,,0,72,,123886,19,,,0,30,,123905,19,,,0,71,,123912,19,,,0,32,,123893,19,,,0,55,,123885,19,,,0,12,,123887,19,,,0,28,,123906,19,,,0,70,,123913,19,,,0,30,,123894,19,,,0,70,,123888,19,,,0,30,,123907,19,,,0,70,,123914,19,,,0,30,,123896,19,,,0,70,,123889,19,,,0,30,,123908,19,,,0,70,,123915,19,,,0,30,,123895,19,,,0,72,,123890,19,,,0,28,,123909,19,,,0,69,,123916,19,,,0,31,,123897,19,,,0,16,,123923,19,,,0,57,,123891,19,,,0,30,,123910,19,,,0,63,,123917,19,,,0,30,,123898,19,,,0,70,,123918,19,,,0,30,,123899,19,,,0,68,,123919,19,,,0,30,,123900,19,,,0,70,,123920,19,,,0,30,,123901,19,,,0,70,,123921,19,,,0,30,,123902,19,,,0,70,,123922,19,,,0,30,,123903,19,,,0
12901,'STMPSu1-Sunday',712,,123933,19,,,0,43,,123924,19,,,0,80,,123942,19,,,0,80,,123934,19,,,0,40,,123925,19,,,0,80,,123943,19,,,0,80,,123935,19,,,0,40,,123926,19,,,0,80,,123944,19,,,0,80,,123936,19,,,0,40,,123927,19,,,0,80,,123945,19,,,0,80,,123937,19,,,0,40,,123928,19,,,0,80,,123947,19,,,0,80,,123938,19,,,0,40,,123929,19,,,0,80,,123946,19,,,0,80,,123939,19,,,0,40,,123930,19,,,0,80,,123948,19,,,0,83,,123940,19,,,0,37,,123931,19,,,0,80,,123949,19,,,0,80,,123941,19,,,0,40,,123932,19,,,0
12901,'STMPSu2-Sunday',712,,123959,19,,,0,43,,123950,19,,,0,80,,123968,19,,,0,80,,123960,19,,,0,40,,123951,19,,,0,80,,123969,19,,,0,80,,123961,19,,,0,40,,123952,19,,,0,80,,123970,19,,,0,80,,123962,19,,,0,40,,123953,19,,,0,80,,123971,19,,,0,80,,123963,19,,,0,40,,123954,19,,,0,80,,123973,19,,,0,80,,123964,19,,,0,40,,123955,19,,,0,80,,123972,19,,,0,80,,123965,19,,,0,40,,123956,19,,,0,80,,123974,19,,,0,83,,123966,19,,,0,37,,123957,19,,,0,80,,123975,19,,,0,80,,123967,19,,,0,40,,123958,19,,,0
12901,'STMPWeek-Weekday',543,,123995,19,,,0,66,,124002,19,,,0,32,,123983,19,,,0,72,,123977,19,,,0,30,,123996,19,,,0,71,,124003,19,,,0,32,,123984,19,,,0,55,,123976,19,,,0,12,,123978,19,,,0,28,,123997,19,,,0,70,,124004,19,,,0,30,,123985,19,,,0,70,,123979,19,,,0,30,,123998,19,,,0,70,,124005,19,,,0,30,,123987,19,,,0,70,,123980,19,,,0,30,,123999,19,,,0,70,,124006,19,,,0,30,,123986,19,,,0,72,,123981,19,,,0,28,,124000,19,,,0,69,,124007,19,,,0,31,,123988,19,,,0,16,,124014,19,,,0,57,,123982,19,,,0,30,,124001,19,,,0,63,,124008,19,,,0,30,,123989,19,,,0,70,,124009,19,,,0,30,,123990,19,,,0,68,,124010,19,,,0,30,,123991,19,,,0,70,,124011,19,,,0,30,,123992,19,,,0,70,,124012,19,,,0,30,,123993,19,,,0,70,,124013,19,,,0,30,,123994,19,,,0
12901,'STMPar-Weekday',543,,124034,19,,,0,66,,124041,19,,,0,32,,124022,19,,,0,72,,124016,19,,,0,30,,124035,19,,,0,71,,124042,19,,,0,32,,124023,19,,,0,55,,124015,19,,,0,12,,124017,19,,,0,28,,124036,19,,,0,70,,124043,19,,,0,30,,124024,19,,,0,70,,124018,19,,,0,30,,124037,19,,,0,70,,124044,19,,,0,30,,124026,19,,,0,70,,124019,19,,,0,30,,124038,19,,,0,70,,124045,19,,,0,30,,124025,19,,,0,72,,124020,19,,,0,28,,124039,19,,,0,69,,124046,19,,,0,31,,124027,19,,,0,16,,124053,19,,,0,57,,124021,19,,,0,30,,124040,19,,,0,63,,124047,19,,,0,30,,124028,19,,,0,70,,124048,19,,,0,30,,124029,19,,,0,68,,124049,19,,,0,30,,124030,19,,,0,70,,124050,19,,,0,30,,124031,19,,,0,70,,124051,19,,,0,30,,124032,19,,,0,70,,124052,19,,,0,30,,124033,19,,,0
