11400,'Saturday',555,,118401,38,,,0,71,,118391,38,,,0,84,,118409,38,,,0,40,,118392,38,,,0,80,,118411,38,,,0,80,,118402,38,,,0,40,,118412,38,,,0,80,,118403,38,,,0,80,,118393,38,,,0,40,,118404,38,,,0,81,,118395,38,,,0,80,,118410,38,,,0,40,,118394,38,,,0,80,,118413,38,,,0,80,,118396,38,,,0,40,,118414,38,,,0,80,,118405,38,,,0,80,,118397,38,,,0,40,,118407,38,,,0,79,,118399,38,,,0,80,,118415,38,,,0,40,,118398,38,,,0,80,,118416,38,,,0,80,,118408,38,,,0,40,,118417,38,,,0,80,,118406,38,,,0,80,,118400,38,,,0,90,,118418,38,,,0
11400,'Sunday',555,,118432,38,,,0,71,,118419,38,,,0,84,,118433,38,,,0,40,,118420,38,,,0,80,,118434,38,,,0,80,,118421,38,,,0,40,,118435,38,,,0,80,,118422,38,,,0,80,,118436,38,,,0,40,,118423,38,,,0,81,,118437,38,,,0,80,,118424,38,,,0,40,,118438,38,,,0,80,,118425,38,,,0,80,,118439,38,,,0,40,,118426,38,,,0,80,,118440,38,,,0,80,,118427,38,,,0,40,,118441,38,,,0,79,,118428,38,,,0,80,,118442,38,,,0,40,,118429,38,,,0,80,,118443,38,,,0,80,,118430,38,,,0,40,,118444,38,,,0,80,,118431,38,,,0,80,,118446,38,,,0,90,,118445,38,,,0
11400,'Weekday',502,,118482,13,,,0,38,,118447,38,,,0,76,,118464,38,,,0,31,,118456,38,,,0,72,,118448,38,,,0,30,,118465,38,,,0,70,,118457,38,,,0,30,,118449,38,,,0,68,,118467,38,,,0,28,,118458,38,,,0,70,,118450,38,,,0,30,,118466,38,,,0,70,,118459,38,,,0,30,,118452,38,,,0,70,,118468,38,,,0,30,,118461,38,,,0,70,,118451,38,,,0,30,,118469,38,,,0,70,,118460,38,,,0,30,,118453,38,,,0,72,,118470,38,,,0,31,,118462,38,,,0,70,,118454,38,,,0,30,,118472,38,,,0,70,,118463,38,,,0,30,,118455,38,,,0,70,,118471,38,,,0,25,,118473,38,,,0,80,,118477,38,,,0,82,,118478,38,,,0,42,,118474,38,,,0,82,,118480,38,,,0,82,,118479,38,,,0,42,,118481,38,,,0,82,,118475,38,,,0,82,,118476,38,,,0
11400,'STMPSa-Saturday',555,,118494,38,,,0,71,,118483,38,,,0,84,,118501,38,,,0,40,,118484,38,,,0,80,,118503,38,,,0,80,,118492,38,,,0,40,,118504,38,,,0,80,,118495,38,,,0,80,,118485,38,,,0,40,,118496,38,,,0,81,,118487,38,,,0,80,,118502,38,,,0,40,,118486,38,,,0,80,,118505,38,,,0,80,,118488,38,,,0,40,,118506,38,,,0,80,,118497,38,,,0,80,,118489,38,,,0,40,,118499,38,,,0,79,,118491,38,,,0,80,,118507,38,,,0,40,,118490,38,,,0,80,,118508,38,,,0,80,,118500,38,,,0,40,,118509,38,,,0,80,,118498,38,,,0,80,,118493,38,,,0,90,,118510,38,,,0
11400,'STMPSnea-Weekday',502,,118546,13,,,0,38,,118511,38,,,0,76,,118528,38,,,0,31,,118520,38,,,0,72,,118512,38,,,0,30,,118529,38,,,0,70,,118521,38,,,0,30,,118513,38,,,0,68,,118531,38,,,0,28,,118522,38,,,0,70,,118514,38,,,0,30,,118530,38,,,0,70,,118523,38,,,0,30,,118516,38,,,0,70,,118532,38,,,0,30,,118525,38,,,0,70,,118515,38,,,0,30,,118533,38,,,0,70,,118524,38,,,0,30,,118517,38,,,0,72,,118534,38,,,0,31,,118526,38,,,0,70,,118518,38,,,0,30,,118536,38,,,0,70,,118527,38,,,0,30,,118519,38,,,0,70,,118535,38,,,0,25,,118537,38,,,0,80,,118541,38,,,0,82,,118542,38,,,0,42,,118538,38,,,0,82,,118544,38,,,0,82,,118543,38,,,0,42,,118545,38,,,0,82,,118539,38,,,0,82,,118540,38,,,0
11400,'STMPSu1-Sunday',555,,118560,38,,,0,71,,118547,38,,,0,84,,118561,38,,,0,40,,118548,38,,,0,80,,118562,38,,,0,80,,118549,38,,,0,40,,118563,38,,,0,80,,118550,38,,,0,80,,118564,38,,,0,40,,118551,38,,,0,81,,118565,38,,,0,80,,118552,38,,,0,40,,118566,38,,,0,80,,118553,38,,,0,80,,118567,38,,,0,40,,118554,38,,,0,80,,118568,38,,,0,80,,118555,38,,,0,40,,118569,38,,,0,79,,118556,38,,,0,80,,118570,38,,,0,40,,118557,38,,,0,80,,118571,38,,,0,80,,118558,38,,,0,40,,118572,38,,,0,80,,118559,38,,,0,80,,118574,38,,,0,90,,118573,38,,,0
11400,'STMPSu2-Sunday',555,,118588,38,,,0,71,,118575,38,,,0,84,,118589,38,,,0,40,,118576,38,,,0,80,,118590,38,,,0,80,,118577,38,,,0,40,,118591,38,,,0,80,,118578,38,,,0,80,,118592,38,,,0,40,,118579,38,,,0,81,,118593,38,,,0,80,,118580,38,,,0,40,,118594,38,,,0,80,,118581,38,,,0,80,,118595,38,,,0,40,,118582,38,,,0,80,,118596,38,,,0,80,,118583,38,,,0,40,,118597,38,,,0,79,,118584,38,,,0,80,,118598,38,,,0,40,,118585,38,,,0,80,,118599,38,,,0,80,,118586,38,,,0,40,,118600,38,,,0,80,,118587,38,,,0,80,,118602,38,,,0,90,,118601,38,,,0
11400,'STMPWeek-Weekday',502,,118638,13,,,0,38,,118603,38,,,0,76,,118620,38,,,0,31,,118612,38,,,0,72,,118604,38,,,0,30,,118621,38,,,0,70,,118613,38,,,0,30,,118605,38,,,0,68,,118623,38,,,0,28,,118614,38,,,0,70,,118606,38,,,0,30,,118622,38,,,0,70,,118615,38,,,0,30,,118608,38,,,0,70,,118624,38,,,0,30,,118617,38,,,0,70,,118607,38,,,0,30,,118625,38,,,0,70,,118616,38,,,0,30,,118609,38,,,0,72,,118626,38,,,0,31,,118618,38,,,0,70,,118610,38,,,0,30,,118628,38,,,0,70,,118619,38,,,0,30,,118611,38,,,0,70,,118627,38,,,0,25,,118629,38,,,0,80,,118633,38,,,0,82,,118634,38,,,0,42,,118630,38,,,0,82,,118636,38,,,0,82,,118635,38,,,0,42,,118637,38,,,0,82,,118631,38,,,0,82,,118632,38,,,0
11400,'STMPar-Weekday',502,,118674,13,,,0,38,,118639,38,,,0,76,,118656,38,,,0,31,,118648,38,,,0,72,,118640,38,,,0,30,,118657,38,,,0,70,,118649,38,,,0,30,,118641,38,,,0,68,,118659,38,,,0,28,,118650,38,,,0,70,,118642,38,,,0,30,,118658,38,,,0,70,,118651,38,,,0,30,,118644,38,,,0,70,,118660,38,,,0,30,,118653,38,,,0,70,,118643,38,,,0,30,,118661,38,,,0,70,,118652,38,,,0,30,,118645,38,,,0,72,,118662,38,,,0,31,,118654,38,,,0,70,,118646,38,,,0,30,,118664,38,,,0,70,,118655,38,,,0,30,,118647,38,,,0,70,,118663,38,,,0,25,,118665,38,,,0,80,,118669,38,,,0,82,,118670,38,,,0,42,,118666,38,,,0,82,,118672,38,,,0,82,,118671,38,,,0,42,,118673,38,,,0,82,,118667,38,,,0,82,,118668,38,,,0
14200,'Weekday',1652,,126065,23,,,0,65,,126067,23,,,0,35,,126066,23,,,0
14200,'STMPSnea-Weekday',1652,,126068,23,,,0,65,,126070,23,,,0,35,,126069,23,,,0
14200,'STMPWeek-Weekday',1652,,126071,23,,,0,65,,126073,23,,,0,35,,126072,23,,,0
14200,'STMPar-Weekday',1652,,126074,23,,,0,65,,126076,23,,,0,35,,126075,23,,,0
14201,'Weekday',609,,126077,4,,,0,26,,126078,4,,,0,65,,126079,4,,,0
14201,'STMPSnea-Weekday',609,,126080,4,,,0,26,,126081,4,,,0,65,,126082,4,,,0
14201,'STMPWeek-Weekday',609,,126083,4,,,0,26,,126084,4,,,0,65,,126085,4,,,0
14201,'STMPar-Weekday',609,,126086,4,,,0,26,,126087,4,,,0,65,,126088,4,,,0
