2200,'Saturday',623,,31756,9,,,0,77,,31770,9,,,0,38,,31758,9,,,0,78,,31771,9,,,0,38,,31757,9,,,0,78,,31772,9,,,0,80,,31759,9,,,0,35,,31773,9,,,0,78,,31775,9,,,0,78,,31760,9,,,0,38,,31777,9,,,0,78,,31762,9,,,0,38,,31776,9,,,0,78,,31761,9,,,0,78,,31778,9,,,0,38,,31774,9,,,0,78,,31779,9,,,0,78,,31764,9,,,0,38,,31781,9,,,0,76,,31763,9,,,0,36,,31765,9,,,0,78,,31766,9,,,0,78,,31780,9,,,0,38,,31767,9,,,0,78,,31782,9,,,0,78,,31768,9,,,0,38,,31783,9,,,0,73,,31769,9,,,0
2200,'Sunday',624,,31784,9,,,0,78,,31797,9,,,0,38,,31785,9,,,0,78,,31799,9,,,0,38,,31787,9,,,0,78,,31800,9,,,0,80,,31789,9,,,0,38,,31801,9,,,0,78,,31788,9,,,0,78,,31802,9,,,0,38,,31786,9,,,0,78,,31805,9,,,0,78,,31791,9,,,0,38,,31803,9,,,0,78,,31790,9,,,0,38,,31804,9,,,0,78,,31792,9,,,0,78,,31806,9,,,0,38,,31793,9,,,0,78,,31808,9,,,0,76,,31795,9,,,0,38,,31809,9,,,0,78,,31794,9,,,0,38,,31807,9,,,0,78,,31796,9,,,0,78,,31810,9,,,0,38,,31798,9,,,0
2200,'Weekday',531,,31811,9,,,0,28,,31825,9,,,0,71,,31835,9,,,0,28,,31812,9,,,0,68,,31826,9,,,0,28,,31836,9,,,0,68,,31813,9,,,0,28,,31827,9,,,0,67,,31837,9,,,0,28,,31814,9,,,0,68,,31828,9,,,0,28,,31838,9,,,0,68,,31815,9,,,0,28,,31829,9,,,0,68,,31839,9,,,0,28,,31816,9,,,0,68,,31830,9,,,0,28,,31840,9,,,0,28,,31818,9,,,0,68,,31831,9,,,0,28,,31842,9,,,0,69,,31817,9,,,0,28,,31832,9,,,0,68,,31841,9,,,0,28,,31819,9,,,0,68,,31833,9,,,0,28,,31843,9,,,0,68,,31820,9,,,0,23,,31834,9,,,0,26,,31844,9,,,0,76,,31821,9,,,0,76,,31845,9,,,0,36,,31822,9,,,0,76,,31846,9,,,0,36,,31823,9,,,0,76,,31847,9,,,0,76,,31824,9,,,0,45,,31848,9,,,0
2200,'1CCSDCUT-Weekday',531,,31849,9,,,0,28,,31863,9,,,0,71,,31873,9,,,0,28,,31850,9,,,0,68,,31864,9,,,0,28,,31874,9,,,0,68,,31851,9,,,0,28,,31865,9,,,0,67,,31875,9,,,0,28,,31852,9,,,0,68,,31866,9,,,0,28,,31876,9,,,0,68,,31853,9,,,0,28,,31867,9,,,0,68,,31877,9,,,0,28,,31854,9,,,0,68,,31868,9,,,0,28,,31878,9,,,0,28,,31856,9,,,0,68,,31869,9,,,0,28,,31880,9,,,0,69,,31855,9,,,0,28,,31870,9,,,0,68,,31879,9,,,0,28,,31857,9,,,0,68,,31871,9,,,0,28,,31881,9,,,0,68,,31858,9,,,0,23,,31872,9,,,0,26,,31882,9,,,0,76,,31859,9,,,0,76,,31883,9,,,0,36,,31860,9,,,0,76,,31884,9,,,0,36,,31861,9,,,0,76,,31885,9,,,0,76,,31862,9,,,0,45,,31886,9,,,0
2200,'1PUBCUT-Weekday',531,,31887,9,,,0,28,,31901,9,,,0,71,,31911,9,,,0,28,,31888,9,,,0,68,,31902,9,,,0,28,,31912,9,,,0,68,,31889,9,,,0,28,,31903,9,,,0,67,,31913,9,,,0,28,,31890,9,,,0,68,,31904,9,,,0,28,,31914,9,,,0,68,,31891,9,,,0,28,,31905,9,,,0,68,,31915,9,,,0,28,,31892,9,,,0,68,,31906,9,,,0,28,,31916,9,,,0,28,,31894,9,,,0,68,,31907,9,,,0,28,,31918,9,,,0,69,,31893,9,,,0,28,,31908,9,,,0,68,,31917,9,,,0,28,,31895,9,,,0,68,,31909,9,,,0,28,,31919,9,,,0,68,,31896,9,,,0,23,,31910,9,,,0,26,,31920,9,,,0,76,,31897,9,,,0,76,,31921,9,,,0,36,,31898,9,,,0,76,,31922,9,,,0,36,,31899,9,,,0,76,,31923,9,,,0,76,,31900,9,,,0,45,,31924,9,,,0
69901,'Weekday',827,,68347,36,0,115 116,0
69901,'1CCSDCUT-Weekday',827,,68348,36,0,115 116,0
69901,'1PUBCUT-Weekday',827,,68349,36,0,115 116,0
73200,'Weekday',836,,68528,30,0,153 154,0
73200,'1CCSDCUT-Weekday',836,,68529,30,0,153 154,0
