1100,'Saturday',731,2,28788,26,,,0,70,42,28798,26,,,0,30,2,28784,26,,,0,70,42,28799,26,,,0,30,2,28787,26,,,0,70,42,28800,26,,,0,30,2,28795,26,,,0,70,42,28801,26,,,0,30,2,28786,26,,,0,70,42,28802,26,,,0,30,2,28785,26,,,0,70,42,28803,26,,,0,30,2,28783,26,,,0,70,42,28804,26,,,0,30,2,28789,26,,,0,70,42,28807,26,,,0,30,2,28796,26,,,0,70,42,28808,26,,,0,30,2,28790,26,,,0,70,42,28805,26,,,0,30,2,28791,26,,,0,70,42,28806,26,,,0,30,2,28794,26,,,0,70,42,28809,26,,,0,30,2,28792,26,,,0,70,42,28810,26,,,0,30,2,28793,26,,,0,70,42,28797,26,,,0,30,2,28812,26,,,0,70,42,28814,26,,,0,30,2,28813,26,,,0,70,42,28811,26,,,0
1100,'Sunday',1112,2,28815,26,,,0,30,2,28830,26,,,0,70,2,28817,26,,,0,30,2,28829,26,,,0,70,2,28818,26,,,0,30,2,28828,26,,,0,70,2,28816,26,,,0,30,2,28827,26,,,0,70,2,28821,26,,,0,30,2,28824,26,,,0,70,2,28819,26,,,0,30,2,28826,26,,,0,70,2,28820,26,,,0,30,2,28823,26,,,0,70,2,28822,26,,,0,30,2,28825,26,,,0,70,2,28835,26,,,0,30,2,28836,26,,,0,70,2,28837,26,,,0,30,2,28832,26,,,0,70,2,28831,26,,,0,30,2,28834,26,,,0,70,2,28833,26,,,0,30,2,28838,26,,,0
1100,'Weekday',529,,28839,1,,,0,28,2,28840,26,,,0,70,2,28842,26,,,0,30,2,28843,26,,,0,71,2,28844,26,,,0,27,2,28841,26,,,0,72,2,28845,26,,,0,25,2,28846,26,,,0,75,3,28847,26,,,0,30,3,28848,26,,,0,70,3,28849,26,,,0,30,3,28850,26,,,0,70,3,28851,26,,,0,30,3,28852,26,,,0,70,3,28853,26,,,0,30,3,28854,26,,,0,70,3,28856,26,,,0,75,43,28857,26,,,0,28,3,28858,26,,,0,29,3,28855,26,,,0,70,,28859,26,,,0,30,,28860,26,,,0,70,,28861,26,,,0,30,,28862,26,,,0,70,,28863,26,,,0,30,,28864,26,,,0,67,2,28865,26,,,0,30,2,28866,26,,,0,70,2,28867,26,,,0,30,2,28868,26,,,0,70,2,28869,26,,,0,30,2,28870,26,,,0,70,2,28871,26,,,0
1100,'1CCSDCUT-Weekday',529,,28874,1,,,0,28,2,28875,26,,,0,70,2,28877,26,,,0,30,2,28878,26,,,0,71,2,28879,26,,,0,27,2,28876,26,,,0,72,2,28880,26,,,0,25,2,28881,26,,,0,75,3,28882,26,,,0,30,3,28883,26,,,0,70,3,28884,26,,,0,30,3,28885,26,,,0,70,3,28886,26,,,0,30,3,28887,26,,,0,70,3,28888,26,,,0,30,3,28889,26,,,0,70,3,28891,26,,,0,75,43,28892,26,,,0,28,3,28893,26,,,0,29,3,28890,26,,,0,70,,28894,26,,,0,30,,28895,26,,,0,70,,28896,26,,,0,30,,28897,26,,,0,70,,28898,26,,,0,30,,28899,26,,,0,67,2,28900,26,,,0,30,2,28901,26,,,0,70,2,28902,26,,,0,30,2,28903,26,,,0,70,2,28904,26,,,0,30,2,28905,26,,,0,70,2,28906,26,,,0
5201,'Saturday',702,,39190,37,,,0,45,,39181,37,,,0,85,,39191,37,,,0,85,,39182,37,,,0,85,,39192,37,,,0,45,,39185,37,,,0,85,,39195,37,,,0,85,,39186,37,,,0,92,,39196,37,,,0,45,,39184,37,,,0,85,,39197,37,,,0,85,,39180,37,,,0,85,,39193,37,,,0,45,,39187,37,,,0,81,,39194,37,,,0,89,,39188,37,,,0,82,,39178,37,,,0,48,,39189,37,,,0,85,,39177,37,,,0,85,,39183,37,,,0,85,,39179,37,,,0
5201,'Sunday',811,,39207,37,,,0,45,,39198,37,,,0,85,,39208,37,,,0,85,,39202,37,,,0,85,,39211,37,,,0,45,,39199,37,,,0,85,,39212,37,,,0,85,,39200,37,,,0,85,,39209,37,,,0,45,,39203,37,,,0,85,,39210,37,,,0,85,,39201,37,,,0,85,,39214,37,,,0,45,,39204,37,,,0,85,,39213,37,,,0,85,,39205,37,,,0,85,,39215,37,,,0,45,,39206,37,,,0,85,,39216,37,,,0
5201,'Weekday',545,,39237,37,,,0,85,,39236,37,,,0,85,,39235,37,,,0,85,41,39234,37,,,0,45,,39238,37,,,0,93,,39231,37,,,0,85,,39233,37,,,0,85,,39229,37,,,0,45,,39232,37,,,0,85,,39230,37,,,0,85,,39228,37,,,0,85,,39223,37,,,0,45,,39227,37,,,0,96,,39226,37,,,0,84,,39225,37,,,0,83,,39221,37,,,0,85,,39224,37,,,0,43,,39222,37,,,0,85,3,39220,37,,,0,84,3,39219,37,,,0,45,3,39218,37,,,0,91,3,39217,37,,,0
5201,'1CCSDCUT-Weekday',545,,39259,37,,,0,85,,39258,37,,,0,85,,39257,37,,,0,85,41,39256,37,,,0,45,,39260,37,,,0,93,,39253,37,,,0,85,,39255,37,,,0,85,,39251,37,,,0,45,,39254,37,,,0,85,,39252,37,,,0,85,,39250,37,,,0,85,,39245,37,,,0,45,,39249,37,,,0,96,,39248,37,,,0,84,,39247,37,,,0,83,,39243,37,,,0,85,,39246,37,,,0,43,,39244,37,,,0,85,3,39242,37,,,0,84,3,39241,37,,,0,45,3,39240,37,,,0,91,3,39239,37,,,0
76400,'Weekday',818,,68662,1,0,48 49 70 183,0
76400,'1CCSDCUT-Weekday',818,,68663,1,0,48 49 70 183,0
