100,'CUT-Weekday',456,,1,,,0,56,,6,,,0,16,,11,,,0,16,,16,,,0,57,,21,,,0,19,,4,,,0,17,,9,,,0,17,,14,,,0,56,,18,,,0,16,,23,,,0,16,,25,,,0,16,,2,,,0,56,,7,,,0,16,,12,,,0,16,,15,,,0,55,,20,,,0,18,,28,,,0,19,,29,,,0,19,,30,,,0,59,,31,,,0,19,,32,,,0,19,,33,,,0,59,,34,,,0,19,,35,,,0,19,,36,,,0,59,,37,,,0,19,,38,,,0,19,,39,,,0,59,,40,,,0,19,,41,,,0,19,,42,,,0,59,,43,,,0,19,,44,,,0,21,,45,,,0,60,,46,,,0,20,,47,,,0,19,,48,,,0,16,,49,,,0,56,,50,,,0,16,,51,,,0,15,,19,,,0,56,,24,,,0,16,,26,,,0,16,,3,,,0,15,,8,,,0,55,,13,,,0,14,,17,,,0,8,,22,,,0,16,,27,,,0,16,,5,,,0,56,,10,,,0,21,,52,,,0,20,,53,,,0,61,,54,,,0,21,,55,,,0,21,,56,,,0,61,,57,,,0,20,,58,,,0,61,,59,,,0,21,,60,,,0,21,,61,,,0,61,,62,,,0,21,,63,,,0,21,,64,,,0,61,,65,,,0,21,,66,,,0,21,,67,,,0,61,,68,,,0
100,'Saturday',539,,70,,,0,65,,86,,,0,25,,101,,,0,26,,82,,,0,66,,95,,,0,26,,76,,,0,65,,69,,,0,25,,88,,,0,65,,102,,,0,25,,109,,,0,25,,84,,,0,65,,96,,,0,25,,78,,,0,65,,71,,,0,25,,90,,,0,25,,103,,,0,65,,108,,,0,25,,83,,,0,65,,98,,,0,26,,77,,,0,65,,72,,,0,25,,91,,,0,25,,104,,,0,65,,110,,,0,25,,85,,,0,65,,99,,,0,25,,79,,,0,25,,74,,,0,65,,92,,,0,25,,105,,,0,65,,112,,,0,25,,87,,,0,65,,97,,,0,25,,80,,,0,25,,73,,,0,64,,93,,,0,24,,106,,,0,65,,111,,,0,25,,89,,,0,25,,100,,,0,63,,81,,,0,25,,75,,,0,65,,94,,,0,25,,107,,,0,70,,113,,,0
100,'Sunday',539,,114,,,0,65,,132,,,0,25,,145,,,0,26,,127,,,0,66,,139,,,0,26,,121,,,0,65,,115,,,0,25,,136,,,0,65,,147,,,0,25,,153,,,0,25,,128,,,0,65,,141,,,0,25,,122,,,0,65,,116,,,0,25,,137,,,0,25,,148,,,0,65,,154,,,0,25,,129,,,0,65,,142,,,0,26,,123,,,0,65,,117,,,0,25,,135,,,0,25,,149,,,0,65,,155,,,0,25,,130,,,0,65,,143,,,0,25,,124,,,0,25,,119,,,0,65,,134,,,0,25,,150,,,0,65,,156,,,0,25,,131,,,0,65,,144,,,0,25,,126,,,0,25,,118,,,0,64,,138,,,0,24,,151,,,0,65,,157,,,0,25,,133,,,0,25,,146,,,0,63,,125,,,0,25,,120,,,0,65,,140,,,0,25,,152,,,0,83,,158,0,43 44,0
100,'Weekday',456,,159,,,0,56,,164,,,0,16,,169,,,0,16,,174,,,0,57,,179,,,0,19,,162,,,0,17,,167,,,0,17,,172,,,0,56,,177,,,0,16,,181,,,0,16,,183,,,0,16,,160,,,0,56,,165,,,0,16,,170,,,0,16,,173,,,0,55,,178,,,0,18,,190,,,0,19,,191,,,0,19,,186,,,0,59,,187,,,0,19,,188,,,0,19,,192,,,0,59,,189,,,0,19,,193,,,0,19,,194,,,0,59,,195,,,0,19,,196,,,0,19,,197,,,0,59,,198,,,0,19,,199,,,0,19,,200,,,0,59,,201,,,0,19,,202,,,0,21,,203,,,0,60,,204,,,0,20,,205,,,0,19,,206,,,0,16,,207,,,0,56,,208,,,0,16,,209,,,0,15,,176,,,0,56,,182,,,0,16,,184,,,0,16,,161,,,0,15,,166,,,0,55,,171,,,0,14,,175,,,0,8,,180,,,0,16,,185,,,0,16,,163,,,0,56,,168,,,0,21,,210,,,0,20,,211,,,0,61,,212,,,0,21,,213,,,0,21,,214,,,0,61,,215,,,0,20,,216,,,0,61,,217,,,0,21,,218,,,0,21,,219,,,0,61,,220,,,0,21,,221,,,0,21,,222,,,0,61,,223,,,0,21,,224,,,0,21,,225,,,0,61,,226,,,0
100,'pBxDec31-Weekday',456,,227,,,0,56,,232,,,0,16,,237,,,0,16,,242,,,0,57,,247,,,0,19,,230,,,0,17,,235,,,0,17,,240,,,0,56,,244,,,0,16,,249,,,0,16,,251,,,0,16,,228,,,0,56,,233,,,0,16,,238,,,0,16,,241,,,0,55,,246,,,0,18,,255,,,0,19,,256,,,0,19,,257,,,0,59,,254,,,0,19,,258,,,0,19,,259,,,0,59,,260,,,0,19,,261,,,0,19,,262,,,0,59,,263,,,0,19,,264,,,0,19,,265,,,0,59,,266,,,0,19,,267,,,0,19,,268,,,0,59,,269,,,0,19,,270,,,0,21,,271,,,0,60,,272,,,0,20,,273,,,0,19,,274,,,0,16,,275,,,0,56,,276,,,0,16,,277,,,0,15,,245,,,0,56,,250,,,0,16,,252,,,0,16,,229,,,0,15,,234,,,0,55,,239,,,0,14,,243,,,0,8,,248,,,0,16,,253,,,0,16,,231,,,0,56,,236,,,0,21,,278,,,0,20,,279,,,0,61,,280,,,0,21,,281,,,0,21,,282,,,0,61,,283,,,0,20,,284,,,0,61,,285,,,0,21,,286,,,0,21,,287,,,0,61,,288,,,0,21,,289,,,0,21,,290,,,0,61,,291,,,0,10,,295,,,0,11,,292,,,0,11,,296,,,0,10,,293,,,0,61,,294,,,0,23,,297,,,0,75,,298,,,0,35,,299,,,0
40401,'CUT-Weekday',632,,43288,,,0,115,,43290,,,0,96,,43289,,,0,103,,43291,,,0,100,,43292,,,0,100,,43294,,,0,100,,43293,,,0,100,,43295,,,0,100,,43296,,,0,111,,43297,,,0,100,,43299,,,0,100,,43298,,,0,99,,43300,,,0,100,,43301,,,0
40401,'Saturday',741,,43302,,,0,100,,43303,,,0,100,,43305,,,0,100,,43304,,,0,100,,43306,,,0,101,,43308,,,0,100,,43309,,,0,100,,43310,,,0,100,,43307,,,0,100,,43311,,,0,100,,43312,,,0
40401,'Sunday',741,,43313,,,0,100,,43314,,,0,100,,43315,,,0,100,,43316,,,0,100,,43317,,,0,101,,43319,,,0,100,,43318,,,0,100,,43320,,,0,100,,43321,,,0,100,,43322,,,0,100,,43323,,,0
40401,'Weekday',632,,43324,,,0,115,,43326,,,0,96,,43325,,,0,103,,43327,,,0,100,,43328,,,0,100,,43330,,,0,100,,43329,,,0,100,,43331,,,0,100,,43332,,,0,111,,43333,,,0,100,,43335,,,0,100,,43334,,,0,99,,43336,,,0,100,,43337,,,0
40401,'pBxDec31-Weekday',632,,43338,,,0,115,,43340,,,0,96,,43339,,,0,103,,43341,,,0,100,,43342,,,0,100,,43344,,,0,100,,43343,,,0,100,,43345,,,0,100,,43346,,,0,111,,43347,,,0,100,,43349,,,0,100,,43348,,,0,99,,43350,,,0,100,,43351,,,0
