7600,'2025DE-1BUSCUT-Weekday-02',529,,20267,,,0,30,,20279,,,0,70,,20269,,,0,71,,20296,,,0,30,,20288,,,0,10,,20307,,,0,60,,20280,,,0,30,,20268,,,0,70,,20297,,,0,28,,20289,,,0,30,,20281,,,0,70,,20270,,,0,30,,20298,,,0,70,,20290,,,0,30,,20282,,,0,70,,20271,,,0,30,,20299,,,0,70,,20291,,,0,30,,20283,,,0,70,,20272,,,0,30,,20300,,,0,71,,20292,,,0,30,,20284,,,0,70,,20273,,,0,30,,20301,,,0,70,,20293,,,0,30,,20285,,,0,70,,20274,,,0,29,,20302,,,0,70,,20294,,,0,30,,20286,,,0,70,,20275,,,0,30,,20303,,,0,70,,20295,,,0,30,,20287,,,0,70,,20276,,,0,30,,20304,,,0,70,,20277,,,0,30,,20306,,,0,70,,20278,,,0,78,,20305,,,0
7600,'2025DE-1BUSSA-Saturday-02',609,,20308,,,0,30,,20328,,,0,80,,20317,,,0,40,,20323,,,0,80,,20311,,,0,80,,20329,,,0,40,,20316,,,0,80,,20309,,,0,80,,20312,,,0,40,,20330,,,0,81,,20319,,,0,80,,20324,,,0,80,,20310,,,0,40,,20331,,,0,80,,20318,,,0,80,,20325,,,0,40,,20314,,,0,80,,20332,,,0,80,,20320,,,0,39,,20326,,,0,79,,20315,,,0,40,,20334,,,0,80,,20321,,,0,80,,20327,,,0,40,,20313,,,0,80,,20333,,,0,80,,20322,,,0,40,,20335,,,0
7600,'2025DE-1BUSSU-Sunday-02',609,,20338,,,0,30,,20346,,,0,80,,20356,,,0,40,,20339,,,0,80,,20347,,,0,80,,20355,,,0,40,,20340,,,0,80,,20348,,,0,80,,20357,,,0,40,,20341,,,0,81,,20349,,,0,80,,20358,,,0,80,,20342,,,0,40,,20351,,,0,80,,20360,,,0,80,,20343,,,0,40,,20350,,,0,80,,20359,,,0,80,,20344,,,0,39,,20352,,,0,79,,20361,,,0,40,,20345,,,0,80,,20353,,,0,80,,20336,,,0,40,,20362,,,0,80,,20354,,,0,80,,20337,,,0,40,,20363,,,0
7600,'2025DE-1BUSWK-Weekday-02',529,,20364,,,0,30,,20376,,,0,70,,20367,,,0,71,,20393,,,0,30,,20385,,,0,10,,20405,,,0,60,,20377,,,0,30,,20365,,,0,9,,20404,,,0,61,,20394,,,0,28,,20386,,,0,30,,20378,,,0,70,,20366,,,0,30,,20395,,,0,70,,20387,,,0,30,,20379,,,0,70,,20368,,,0,30,,20396,,,0,70,,20388,,,0,30,,20380,,,0,70,,20369,,,0,30,,20397,,,0,71,,20389,,,0,30,,20381,,,0,70,,20370,,,0,30,,20398,,,0,70,,20390,,,0,30,,20382,,,0,70,,20371,,,0,29,,20399,,,0,70,,20391,,,0,30,,20383,,,0,70,,20372,,,0,30,,20400,,,0,70,,20392,,,0,30,,20384,,,0,70,,20373,,,0,30,,20401,,,0,70,,20374,,,0,30,,20403,,,0,70,,20375,,,0,78,,20402,,,0
7600,'2025DE-pBxDec31-Weekday-02',529,,20406,,,0,30,,20418,,,0,70,,20408,,,0,71,,20435,,,0,30,,20427,,,0,10,,20446,,,0,60,,20419,,,0,30,,20407,,,0,70,,20436,,,0,28,,20428,,,0,30,,20420,,,0,70,,20409,,,0,30,,20437,,,0,70,,20429,,,0,30,,20421,,,0,70,,20410,,,0,30,,20438,,,0,70,,20430,,,0,30,,20422,,,0,70,,20411,,,0,30,,20439,,,0,71,,20431,,,0,30,,20423,,,0,70,,20412,,,0,30,,20440,,,0,70,,20432,,,0,30,,20424,,,0,70,,20413,,,0,29,,20441,,,0,70,,20433,,,0,30,,20425,,,0,70,,20414,,,0,30,,20442,,,0,70,,20434,,,0,30,,20426,,,0,70,,20415,,,0,30,,20443,,,0,70,,20416,,,0,30,,20445,,,0,70,,20417,,,0,78,,20444,,,0
9700,'2025DE-1BUSCUT-Weekday-02',541,,25743,,,0,66,,25731,,,0,30,,25750,,,0,70,,25762,,,0,30,,25744,,,0,70,,25732,,,0,30,,25751,,,0,69,,25763,,,0,30,,25745,,,0,70,,25733,,,0,30,,25752,,,0,70,,25764,,,0,30,,25746,,,0,70,,25734,,,0,30,,25753,,,0,70,,25765,,,0,30,,25747,,,0,70,,25735,,,0,30,,25754,,,0,70,,25766,,,0,31,,25748,,,0,70,,25736,,,0,30,,25755,,,0,70,,25767,,,0,30,,25749,,,0,69,,25737,,,0,30,,25756,,,0,70,,25738,,,0,30,,25757,,,0,70,,25739,,,0,30,,25758,,,0,70,,25741,,,0,30,,25759,,,0,70,,25740,,,0,30,,25760,,,0,70,,25742,,,0,26,,25761,,,0
9700,'2025DE-1BUSSA-Saturday-02',614,,25794,,,0,30,,25768,,,0,80,,25785,,,0,80,,25778,,,0,40,,25769,,,0,80,,25786,,,0,80,,25777,,,0,40,,25770,,,0,80,,25787,,,0,80,,25779,,,0,41,,25771,,,0,80,,25788,,,0,80,,25780,,,0,40,,25772,,,0,80,,25789,,,0,80,,25781,,,0,40,,25773,,,0,80,,25790,,,0,80,,25782,,,0,40,,25774,,,0,80,,25791,,,0,80,,25783,,,0,40,,25775,,,0,80,,25792,,,0,80,,25784,,,0,40,,25776,,,0,80,,25793,,,0
9700,'2025DE-1BUSSU-Sunday-02',614,,25821,,,0,30,,25795,,,0,80,,25812,,,0,80,,25804,,,0,40,,25796,,,0,80,,25813,,,0,80,,25805,,,0,40,,25797,,,0,80,,25814,,,0,80,,25806,,,0,41,,25799,,,0,80,,25815,,,0,80,,25807,,,0,40,,25798,,,0,80,,25816,,,0,80,,25808,,,0,40,,25800,,,0,80,,25817,,,0,80,,25809,,,0,40,,25801,,,0,80,,25818,,,0,80,,25810,,,0,40,,25802,,,0,80,,25819,,,0,80,,25811,,,0,40,,25803,,,0,80,,25820,,,0
9700,'2025DE-1BUSWK-Weekday-02',541,,25834,,,0,66,,25822,,,0,30,,25841,,,0,70,,25853,,,0,30,,25835,,,0,70,,25823,,,0,30,,25842,,,0,69,,25854,,,0,30,,25836,,,0,70,,25824,,,0,30,,25843,,,0,70,,25855,,,0,30,,25837,,,0,70,,25825,,,0,30,,25844,,,0,70,,25856,,,0,30,,25838,,,0,70,,25826,,,0,30,,25845,,,0,70,,25857,,,0,31,,25839,,,0,70,,25827,,,0,30,,25846,,,0,70,,25858,,,0,30,,25840,,,0,69,,25828,,,0,30,,25847,,,0,70,,25829,,,0,30,,25848,,,0,70,,25830,,,0,30,,25849,,,0,70,,25832,,,0,30,,25850,,,0,70,,25831,,,0,30,,25851,,,0,70,,25833,,,0,26,,25852,,,0
9700,'2025DE-pBxDec31-Weekday-02',541,,25871,,,0,66,,25859,,,0,30,,25878,,,0,70,,25890,,,0,30,,25872,,,0,70,,25860,,,0,30,,25879,,,0,69,,25891,,,0,30,,25873,,,0,70,,25861,,,0,30,,25880,,,0,70,,25892,,,0,30,,25874,,,0,70,,25862,,,0,30,,25881,,,0,70,,25893,,,0,30,,25875,,,0,70,,25863,,,0,30,,25882,,,0,70,,25894,,,0,31,,25876,,,0,70,,25864,,,0,30,,25883,,,0,70,,25895,,,0,30,,25877,,,0,69,,25865,,,0,30,,25884,,,0,70,,25866,,,0,30,,25885,,,0,70,,25867,,,0,30,,25886,,,0,70,,25869,,,0,30,,25887,,,0,70,,25868,,,0,30,,25888,,,0,70,,25870,,,0,26,,25889,,,0
11300,'2025DE-1BUSCUT-Weekday-02',554,,29024,,,0,70,,29016,,,0,32,,29026,,,0,72,,29017,,,0,72,,29027,,,0,32,,29018,,,0,72,,29028,,,0,32,,29019,,,0,72,,29029,,,0,32,,29020,,,0,72,,29030,,,0,32,,29021,,,0,72,,29031,,,0,32,,29022,,,0,72,,29032,,,0,32,,29023,,,0,72,,29033,,,0,32,,29025,,,0,73,,29034,,,0,72,,29042,,,0,32,,29035,,,0,72,,29043,,,0,32,,29036,,,0,72,,29044,,,0,31,,29037,,,0,72,,29045,,,0,32,,29038,,,0,72,,29046,,,0,32,,29039,,,0,72,,29047,,,0,32,,29040,,,0,72,,29048,,,0,32,,29041,,,0,72,,29049,,,0
11300,'2025DE-1BUSWK-Weekday-02',554,,29058,,,0,70,,29050,,,0,32,,29060,,,0,72,,29051,,,0,72,,29061,,,0,32,,29052,,,0,72,,29062,,,0,32,,29053,,,0,72,,29063,,,0,32,,29054,,,0,72,,29064,,,0,32,,29055,,,0,72,,29065,,,0,32,,29056,,,0,72,,29066,,,0,32,,29057,,,0,72,,29067,,,0,32,,29059,,,0,73,,29068,,,0,72,,29076,,,0,32,,29069,,,0,72,,29077,,,0,32,,29070,,,0,72,,29078,,,0,31,,29071,,,0,72,,29079,,,0,32,,29072,,,0,72,,29080,,,0,32,,29073,,,0,72,,29081,,,0,32,,29074,,,0,72,,29082,,,0,32,,29075,,,0,72,,29083,,,0
11300,'2025DE-pBxDec31-Weekday-02',554,,29092,,,0,70,,29084,,,0,32,,29094,,,0,72,,29085,,,0,72,,29095,,,0,32,,29086,,,0,72,,29096,,,0,32,,29087,,,0,72,,29097,,,0,32,,29088,,,0,72,,29098,,,0,32,,29089,,,0,72,,29099,,,0,32,,29090,,,0,72,,29100,,,0,32,,29091,,,0,72,,29101,,,0,32,,29093,,,0,73,,29102,,,0,72,,29110,,,0,32,,29103,,,0,72,,29111,,,0,32,,29104,,,0,72,,29112,,,0,31,,29105,,,0,72,,29113,,,0,32,,29106,,,0,72,,29114,,,0,32,,29107,,,0,72,,29115,,,0,32,,29108,,,0,72,,29116,,,0,32,,29109,,,0,72,,29117,,,0
80200,'2025DE-1BUSWK-Weekday-02',837,,44295,0,127 187,0
81500,'2025DE-1BUSWK-Weekday-02',832,,44321,0,12 13 146 147,0
