7401,'Saturday',624,,43906,18,,,0,34,,43907,18,,,0,74,,43904,18,,,0,74,,43908,18,,,0,34,,43909,18,,,0,74,,43911,18,,,0,34,,43910,18,,,0,74,,43912,18,,,0,34,,43913,18,,,0,74,,43914,18,,,0,74,,43915,18,,,0,35,,43916,18,,,0,74,,43917,18,,,0,34,,43918,18,,,0,74,,43919,18,,,0,34,,43920,18,,,0,74,,43921,18,,,0,74,,43922,18,,,0,34,,43923,18,,,0,74,,43933,18,,,0,34,,43926,18,,,0,73,,43925,18,,,0,34,,43932,18,,,0,74,,43928,18,,,0,74,,43934,18,,,0,34,,43931,18,,,0,74,,43924,18,,,0,34,,43930,18,,,0,74,,43927,18,,,0,34,,43929,18,,,0,74,,43905,18,,,0
7401,'Sunday',624,,43964,18,,,0,34,,43965,18,,,0,74,,43963,18,,,0,74,,43954,18,,,0,34,,43957,18,,,0,74,,43960,18,,,0,34,,43958,18,,,0,74,,43956,18,,,0,34,,43959,18,,,0,74,,43961,18,,,0,74,,43962,18,,,0,35,,43955,18,,,0,74,,43953,18,,,0,34,,43952,18,,,0,74,,43951,18,,,0,34,,43950,18,,,0,74,,43949,18,,,0,74,,43948,18,,,0,34,,43946,18,,,0,74,,43947,18,,,0,34,,43945,18,,,0,73,,43944,18,,,0,34,,43943,18,,,0,74,,43942,18,,,0,74,,43941,18,,,0,34,,43940,18,,,0,74,,43939,18,,,0,34,,43938,18,,,0,74,,43937,18,,,0,34,,43936,18,,,0,74,,43935,18,,,0
7401,'Weekday',517,,43966,18,,,0,34,,43967,18,,,0,58,,43968,18,,,0,17,,43969,18,,,0,17,,43972,18,,,0,57,,43970,18,,,0,17,,43973,18,,,0,17,,43971,18,,,0,17,,43975,18,,,0,57,,43974,18,,,0,17,,43978,18,,,0,17,,43976,18,,,0,17,,43979,18,,,0,56,,43977,18,,,0,34,,43981,18,,,0,74,,43980,18,,,0,34,,43982,18,,,0,74,,43983,18,,,0,74,,43989,18,,,0,34,,43990,18,,,0,74,,43991,18,,,0,34,,43992,18,,,0,74,,43993,18,,,0,34,,43994,18,,,0,58,,43997,18,,,0,17,,43995,18,,,0,17,,44002,18,,,0,57,,43996,18,,,0,17,,44001,18,,,0,17,,43986,18,,,0,17,,44000,18,,,0,57,,43985,18,,,0,17,,43999,18,,,0,17,,43987,18,,,0,57,,43998,18,,,0,16,,43988,18,,,0,34,,43984,18,,,0,74,,44009,18,,,0,74,,44003,18,,,0,34,,44008,18,,,0,74,,44004,18,,,0,34,,44007,18,,,0,74,,44005,18,,,0,34,,44006,18,,,0,74,,44010,18,,,0,34,,44011,18,,,0
7401,'1CCSDCUT-Weekday',517,,44012,18,,,0,34,,44013,18,,,0,58,,44014,18,,,0,17,,44015,18,,,0,17,,44018,18,,,0,57,,44016,18,,,0,17,,44019,18,,,0,17,,44017,18,,,0,17,,44021,18,,,0,57,,44020,18,,,0,17,,44024,18,,,0,17,,44022,18,,,0,17,,44025,18,,,0,56,,44023,18,,,0,34,,44027,18,,,0,74,,44026,18,,,0,34,,44028,18,,,0,74,,44029,18,,,0,74,,44035,18,,,0,34,,44036,18,,,0,74,,44037,18,,,0,34,,44038,18,,,0,74,,44039,18,,,0,34,,44040,18,,,0,58,,44043,18,,,0,17,,44041,18,,,0,17,,44048,18,,,0,57,,44042,18,,,0,17,,44047,18,,,0,17,,44032,18,,,0,17,,44046,18,,,0,57,,44031,18,,,0,17,,44045,18,,,0,17,,44033,18,,,0,57,,44044,18,,,0,16,,44034,18,,,0,34,,44030,18,,,0,74,,44055,18,,,0,74,,44049,18,,,0,34,,44054,18,,,0,74,,44050,18,,,0,34,,44053,18,,,0,74,,44051,18,,,0,34,,44052,18,,,0,74,,44056,18,,,0,34,,44057,18,,,0
7401,'1PUBCUT-Weekday',517,,44058,18,,,0,34,,44059,18,,,0,58,,44060,18,,,0,17,,44061,18,,,0,17,,44064,18,,,0,57,,44062,18,,,0,17,,44065,18,,,0,17,,44063,18,,,0,17,,44067,18,,,0,57,,44066,18,,,0,17,,44070,18,,,0,17,,44068,18,,,0,17,,44071,18,,,0,56,,44069,18,,,0,34,,44073,18,,,0,74,,44072,18,,,0,34,,44074,18,,,0,74,,44075,18,,,0,74,,44081,18,,,0,34,,44082,18,,,0,74,,44083,18,,,0,34,,44084,18,,,0,74,,44085,18,,,0,34,,44086,18,,,0,58,,44089,18,,,0,17,,44087,18,,,0,17,,44094,18,,,0,57,,44088,18,,,0,17,,44093,18,,,0,17,,44078,18,,,0,17,,44092,18,,,0,57,,44077,18,,,0,17,,44091,18,,,0,17,,44079,18,,,0,57,,44090,18,,,0,16,,44080,18,,,0,34,,44076,18,,,0,74,,44101,18,,,0,74,,44095,18,,,0,34,,44100,18,,,0,74,,44096,18,,,0,34,,44099,18,,,0,74,,44097,18,,,0,34,,44098,18,,,0,74,,44102,18,,,0,34,,44103,18,,,0
81100,'Weekday',824,,68893,24,0,12 13 141,0
81100,'1PUBCUT-Weekday',824,,68895,24,0,12 13 141,0
81101,'Weekday0000100',1507,,68897,25,0,12 13 141,0
81101,'Weekday1111000',1607,,68899,25,0,12 13 141,0
81101,'1PUBCUT-Weekday0000100',1507,,68901,25,0,12 13 141,0
81101,'1PUBCUT-Weekday1111000',1607,,68903,25,0,12 13 141,0
