9201,'Saturday',705,,110655,29,,,0,45,,110641,29,,,0,85,,110645,29,,,0,87,,110650,29,,,0,87,,110656,29,,,0,45,,110640,29,,,0,85,,110646,29,,,0,85,,110651,29,,,0,85,,110657,29,,,0,45,,110642,29,,,0,85,,110647,29,,,0,85,,110652,29,,,0,85,,110658,29,,,0,46,,110643,29,,,0,82,,110649,29,,,0,85,,110653,29,,,0,85,,110659,29,,,0,45,,110644,29,,,0,85,,110648,29,,,0,83,,110654,29,,,0,82,,110660,29,,,0,45,,110661,29,,,0
9201,'Sunday',706,,110677,29,,,0,45,,110662,29,,,0,85,,110667,29,,,0,85,,110672,29,,,0,85,,110678,29,,,0,45,,110663,29,,,0,88,,110668,29,,,0,85,,110674,29,,,0,85,,110679,29,,,0,45,,110665,29,,,0,85,,110669,29,,,0,85,,110673,29,,,0,85,,110680,29,,,0,45,,110664,29,,,0,85,,110670,29,,,0,83,,110675,29,,,0,84,,110681,29,,,0,45,,110666,29,,,0,85,,110671,29,,,0,85,,110676,29,,,0,82,,110682,29,,,0
9201,'Weekday',541,,110688,29,,,0,71,,110694,29,,,0,32,,110712,29,,,0,73,,110700,29,,,0,30,,110716,29,,,0,70,,110704,29,,,0,31,,110689,29,,,0,74,,110695,29,,,0,30,,110713,29,,,0,71,,110701,29,,,0,31,,110708,29,,,0,71,,110705,29,,,0,31,,110690,29,,,0,71,,110696,29,,,0,31,,110714,29,,,0,71,,110702,29,,,0,71,,110699,29,,,0,31,,110706,29,,,0,72,,110691,29,,,0,31,,110697,29,,,0,70,,110715,29,,,0,31,,110703,29,,,0,71,,110693,29,,,0,31,,110707,29,,,0,71,,110692,29,,,0,31,,110698,29,,,0,67,,110683,29,,,0,43,,110685,29,,,0,85,,110710,29,,,0,84,,110709,29,,,0,84,,110684,29,,,0,45,,110686,29,,,0,85,,110711,29,,,0,81,,110687,29,,,0
9201,'STMPSa-Saturday',705,,110732,29,,,0,45,,110718,29,,,0,85,,110722,29,,,0,87,,110727,29,,,0,87,,110733,29,,,0,45,,110717,29,,,0,85,,110723,29,,,0,85,,110728,29,,,0,85,,110734,29,,,0,45,,110719,29,,,0,85,,110724,29,,,0,85,,110729,29,,,0,85,,110735,29,,,0,46,,110720,29,,,0,82,,110726,29,,,0,85,,110730,29,,,0,85,,110736,29,,,0,45,,110721,29,,,0,85,,110725,29,,,0,83,,110731,29,,,0,82,,110737,29,,,0,45,,110738,29,,,0
9201,'STMPSnea-Weekday',541,,110744,29,,,0,71,,110750,29,,,0,32,,110768,29,,,0,73,,110756,29,,,0,30,,110772,29,,,0,70,,110760,29,,,0,31,,110745,29,,,0,74,,110751,29,,,0,30,,110769,29,,,0,71,,110757,29,,,0,31,,110764,29,,,0,71,,110761,29,,,0,31,,110746,29,,,0,71,,110752,29,,,0,31,,110770,29,,,0,71,,110758,29,,,0,71,,110755,29,,,0,31,,110762,29,,,0,72,,110747,29,,,0,31,,110753,29,,,0,70,,110771,29,,,0,31,,110759,29,,,0,71,,110749,29,,,0,31,,110763,29,,,0,71,,110748,29,,,0,31,,110754,29,,,0,67,,110739,29,,,0,43,,110741,29,,,0,85,,110766,29,,,0,84,,110765,29,,,0,84,,110740,29,,,0,45,,110742,29,,,0,85,,110767,29,,,0,81,,110743,29,,,0
9201,'STMPSu1-Sunday',706,,110788,29,,,0,45,,110773,29,,,0,85,,110778,29,,,0,85,,110783,29,,,0,85,,110789,29,,,0,45,,110774,29,,,0,88,,110779,29,,,0,85,,110785,29,,,0,85,,110790,29,,,0,45,,110776,29,,,0,85,,110780,29,,,0,85,,110784,29,,,0,85,,110791,29,,,0,45,,110775,29,,,0,85,,110781,29,,,0,83,,110786,29,,,0,84,,110792,29,,,0,45,,110777,29,,,0,85,,110782,29,,,0,85,,110787,29,,,0,82,,110793,29,,,0
9201,'STMPSu2-Sunday',706,,110809,29,,,0,45,,110794,29,,,0,85,,110799,29,,,0,85,,110804,29,,,0,85,,110810,29,,,0,45,,110795,29,,,0,88,,110800,29,,,0,85,,110806,29,,,0,85,,110811,29,,,0,45,,110797,29,,,0,85,,110801,29,,,0,85,,110805,29,,,0,85,,110812,29,,,0,45,,110796,29,,,0,85,,110802,29,,,0,83,,110807,29,,,0,84,,110813,29,,,0,45,,110798,29,,,0,85,,110803,29,,,0,85,,110808,29,,,0,82,,110814,29,,,0
9201,'STMPWeek-Weekday',541,,110820,29,,,0,71,,110826,29,,,0,32,,110844,29,,,0,73,,110832,29,,,0,30,,110848,29,,,0,70,,110836,29,,,0,31,,110821,29,,,0,74,,110827,29,,,0,30,,110845,29,,,0,71,,110833,29,,,0,31,,110840,29,,,0,71,,110837,29,,,0,31,,110822,29,,,0,71,,110828,29,,,0,31,,110846,29,,,0,71,,110834,29,,,0,71,,110831,29,,,0,31,,110838,29,,,0,72,,110823,29,,,0,31,,110829,29,,,0,70,,110847,29,,,0,31,,110835,29,,,0,71,,110825,29,,,0,31,,110839,29,,,0,71,,110824,29,,,0,31,,110830,29,,,0,67,,110815,29,,,0,43,,110817,29,,,0,85,,110842,29,,,0,84,,110841,29,,,0,84,,110816,29,,,0,45,,110818,29,,,0,85,,110843,29,,,0,81,,110819,29,,,0
9201,'STMPar-Weekday',541,,110854,29,,,0,71,,110860,29,,,0,32,,110878,29,,,0,73,,110866,29,,,0,30,,110882,29,,,0,70,,110870,29,,,0,31,,110855,29,,,0,74,,110861,29,,,0,30,,110879,29,,,0,71,,110867,29,,,0,31,,110874,29,,,0,71,,110871,29,,,0,31,,110856,29,,,0,71,,110862,29,,,0,31,,110880,29,,,0,71,,110868,29,,,0,71,,110865,29,,,0,31,,110872,29,,,0,72,,110857,29,,,0,31,,110863,29,,,0,70,,110881,29,,,0,31,,110869,29,,,0,71,,110859,29,,,0,31,,110873,29,,,0,71,,110858,29,,,0,31,,110864,29,,,0,67,,110849,29,,,0,43,,110851,29,,,0,85,,110876,29,,,0,84,,110875,29,,,0,84,,110850,29,,,0,45,,110852,29,,,0,85,,110877,29,,,0,81,,110853,29,,,0
11701,'Weekday',1657,,119288,18,,,0,83,,119286,20,,,0,69,,119287,20,,,0
11701,'STMPSnea-Weekday',1657,,119291,18,,,0,83,,119289,20,,,0,69,,119290,20,,,0
11701,'STMPWeek-Weekday',1657,,119294,18,,,0,83,,119292,20,,,0,69,,119293,20,,,0
11701,'STMPar-Weekday',1657,,119297,18,,,0,83,,119295,20,,,0,69,,119296,20,,,0
