15101,'Weekday',1713,,128413,20,,,0,45,,128412,26,,,0
15101,'STMPSnea-Weekday',1713,,128415,20,,,0,45,,128414,26,,,0
15101,'STMPWeek-Weekday',1713,,128417,20,,,0,45,,128416,26,,,0
15101,'STMPar-Weekday',1713,,128419,20,,,0,45,,128418,26,,,0
15200,'Weekday',609,,128421,5,,,0,20,,128423,5,,,0,20,,128420,5,,,0,60,,128425,5,,,0,20,,128422,5,,,0,20,,128424,5,,,0,60,,128426,5,,,0,20,,128427,5,,,0,20,,128428,5,,,0,60,,128429,5,,,0,20,,128449,5,,,0,20,,128450,5,,,0,60,,128447,5,,,0,20,,128448,5,,,0,20,,128451,5,,,0,60,,128452,5,,,0,20,,128453,5,,,0,20,,128454,5,,,0,60,,128455,5,,,0,20,,128456,5,,,0,20,,128445,5,,,0,60,,128441,5,,,0,20,,128446,5,,,0,20,,128444,5,,,0,60,,128442,5,,,0,20,,128443,5,,,0,20,,128432,5,,,0,60,,128433,5,,,0,20,,128430,5,,,0,20,,128431,5,,,0,60,,128434,5,,,0,20,,128435,5,,,0,20,,128436,5,,,0,60,,128437,5,,,0,20,,128438,5,,,0,20,,128439,5,,,0,60,,128457,5,,,0,15,,128440,5,,,0
15200,'STMPSnea-Weekday',609,,128459,5,,,0,20,,128461,5,,,0,20,,128458,5,,,0,60,,128463,5,,,0,20,,128460,5,,,0,20,,128462,5,,,0,60,,128464,5,,,0,20,,128465,5,,,0,20,,128466,5,,,0,60,,128467,5,,,0,20,,128487,5,,,0,20,,128488,5,,,0,60,,128485,5,,,0,20,,128486,5,,,0,20,,128489,5,,,0,60,,128490,5,,,0,20,,128491,5,,,0,20,,128492,5,,,0,60,,128493,5,,,0,20,,128494,5,,,0,20,,128483,5,,,0,60,,128479,5,,,0,20,,128484,5,,,0,20,,128482,5,,,0,60,,128480,5,,,0,20,,128481,5,,,0,20,,128470,5,,,0,60,,128471,5,,,0,20,,128468,5,,,0,20,,128469,5,,,0,60,,128472,5,,,0,20,,128473,5,,,0,20,,128474,5,,,0,60,,128475,5,,,0,20,,128476,5,,,0,20,,128477,5,,,0,60,,128495,5,,,0,15,,128478,5,,,0
15200,'STMPWeek-Weekday',609,,128497,5,,,0,20,,128499,5,,,0,20,,128496,5,,,0,60,,128501,5,,,0,20,,128498,5,,,0,20,,128500,5,,,0,60,,128502,5,,,0,20,,128503,5,,,0,20,,128504,5,,,0,60,,128505,5,,,0,20,,128525,5,,,0,20,,128526,5,,,0,60,,128523,5,,,0,20,,128524,5,,,0,20,,128527,5,,,0,60,,128528,5,,,0,20,,128529,5,,,0,20,,128530,5,,,0,60,,128531,5,,,0,20,,128532,5,,,0,20,,128521,5,,,0,60,,128517,5,,,0,20,,128522,5,,,0,20,,128520,5,,,0,60,,128518,5,,,0,20,,128519,5,,,0,20,,128508,5,,,0,60,,128509,5,,,0,20,,128506,5,,,0,20,,128507,5,,,0,60,,128510,5,,,0,20,,128511,5,,,0,20,,128512,5,,,0,60,,128513,5,,,0,20,,128514,5,,,0,20,,128515,5,,,0,60,,128533,5,,,0,15,,128516,5,,,0
15200,'STMPar-Weekday',609,,128535,5,,,0,20,,128537,5,,,0,20,,128534,5,,,0,60,,128539,5,,,0,20,,128536,5,,,0,20,,128538,5,,,0,60,,128540,5,,,0,20,,128541,5,,,0,20,,128542,5,,,0,60,,128543,5,,,0,20,,128563,5,,,0,20,,128564,5,,,0,60,,128561,5,,,0,20,,128562,5,,,0,20,,128565,5,,,0,60,,128566,5,,,0,20,,128567,5,,,0,20,,128568,5,,,0,60,,128569,5,,,0,20,,128570,5,,,0,20,,128559,5,,,0,60,,128556,5,,,0,20,,128560,5,,,0,20,,128558,5,,,0,60,,128557,5,,,0,20,,128555,5,,,0,20,,128546,5,,,0,60,,128547,5,,,0,20,,128544,5,,,0,20,,128545,5,,,0,60,,128548,5,,,0,20,,128549,5,,,0,20,,128550,5,,,0,60,,128551,5,,,0,20,,128552,5,,,0,20,,128553,5,,,0,60,,128571,5,,,0,15,,128554,5,,,0
15300,'Saturday',618,,128572,19,,,0,37,,128573,19,,,0,77,,128574,19,,,0,77,,128576,19,,,0,37,,128584,19,,,0,77,,128585,19,,,0,77,,128582,19,,,0,37,,128587,19,,,0,77,,128581,19,,,0,37,,128588,19,,,0,77,,128589,19,,,0,77,,128586,19,,,0,37,,128590,19,,,0,77,,128591,19,,,0,37,,128592,19,,,0,77,,128593,19,,,0,77,,128594,19,,,0,37,,128595,19,,,0,77,,128596,19,,,0,77,,128598,19,,,0,37,,128597,19,,,0,77,,128583,19,,,0,37,,128578,19,,,0,77,,128580,19,,,0,77,,128579,19,,,0,37,,128577,19,,,0,77,,128575,19,,,0
15300,'Sunday',846,,128599,19,,,0,77,,128601,19,,,0,77,,128600,19,,,0,37,,128602,19,,,0,77,,128603,19,,,0,37,,128604,19,,,0,77,,128606,19,,,0,77,,128607,19,,,0,37,,128608,19,,,0,77,,128605,19,,,0,37,,128609,19,,,0,77,,128610,19,,,0,77,,128611,19,,,0,37,,128612,19,,,0,77,,128613,19,,,0,77,,128614,19,,,0,37,,128615,19,,,0,77,,128616,19,,,0,37,,128617,19,,,0,77,,128618,19,,,0,77,,128619,19,,,0,35,,128620,19,,,0,72,,128621,19,,,0
15300,'Weekday',536,,128623,19,,,0,65,,128624,19,,,0,25,,128622,19,,,0,25,,128625,19,,,0,65,,128626,19,,,0,25,,128627,19,,,0,65,,128628,19,,,0,25,,128630,19,,,0,25,,128631,19,,,0,65,,128629,19,,,0,25,,128632,19,,,0,65,,128633,19,,,0,25,,128634,19,,,0,65,,128635,19,,,0,25,,128637,19,,,0,25,,128638,19,,,0,65,,128636,19,,,0,25,,128640,19,,,0,65,,128641,19,,,0,25,,128639,19,,,0,25,,128642,19,,,0,65,,128643,19,,,0,27,,128644,19,,,0,66,,128655,19,,,0,25,,128656,19,,,0,20,,128657,19,,,0,60,,128658,19,,,0,20,,128659,19,,,0,20,,128660,19,,,0,60,,128661,19,,,0,20,,128662,19,,,0,20,,128663,19,,,0,58,,128653,19,,,0,24,,128654,19,,,0,75,,128645,19,,,0,36,,128646,19,,,0,76,,128647,19,,,0,76,,128648,19,,,0,36,,128650,19,,,0,76,,128651,19,,,0,36,,128652,19,,,0,76,,128649,19,,,0
15300,'STMPSa-Saturday',618,,128664,19,,,0,37,,128665,19,,,0,77,,128666,19,,,0,77,,128668,19,,,0,37,,128676,19,,,0,77,,128677,19,,,0,77,,128674,19,,,0,37,,128679,19,,,0,77,,128673,19,,,0,37,,128680,19,,,0,77,,128681,19,,,0,77,,128678,19,,,0,37,,128682,19,,,0,77,,128683,19,,,0,37,,128684,19,,,0,77,,128685,19,,,0,77,,128686,19,,,0,37,,128687,19,,,0,77,,128688,19,,,0,77,,128690,19,,,0,37,,128689,19,,,0,77,,128675,19,,,0,37,,128670,19,,,0,77,,128672,19,,,0,77,,128671,19,,,0,37,,128669,19,,,0,77,,128667,19,,,0
15300,'STMPSnea-Weekday',536,,128692,19,,,0,65,,128693,19,,,0,25,,128691,19,,,0,25,,128694,19,,,0,65,,128695,19,,,0,25,,128696,19,,,0,65,,128697,19,,,0,25,,128699,19,,,0,25,,128700,19,,,0,65,,128698,19,,,0,25,,128701,19,,,0,65,,128702,19,,,0,25,,128703,19,,,0,65,,128704,19,,,0,25,,128706,19,,,0,25,,128707,19,,,0,65,,128705,19,,,0,25,,128709,19,,,0,65,,128710,19,,,0,25,,128708,19,,,0,25,,128711,19,,,0,65,,128712,19,,,0,27,,128713,19,,,0,66,,128724,19,,,0,25,,128725,19,,,0,20,,128726,19,,,0,60,,128727,19,,,0,20,,128728,19,,,0,20,,128729,19,,,0,60,,128730,19,,,0,20,,128731,19,,,0,20,,128732,19,,,0,58,,128722,19,,,0,24,,128723,19,,,0,75,,128714,19,,,0,36,,128715,19,,,0,76,,128716,19,,,0,76,,128717,19,,,0,36,,128719,19,,,0,76,,128720,19,,,0,36,,128721,19,,,0,76,,128718,19,,,0
15300,'STMPSu1-Sunday',846,,128733,19,,,0,77,,128735,19,,,0,77,,128734,19,,,0,37,,128736,19,,,0,77,,128737,19,,,0,37,,128738,19,,,0,77,,128740,19,,,0,77,,128741,19,,,0,37,,128742,19,,,0,77,,128739,19,,,0,37,,128743,19,,,0,77,,128744,19,,,0,77,,128745,19,,,0,37,,128746,19,,,0,77,,128747,19,,,0,77,,128748,19,,,0,37,,128749,19,,,0,77,,128750,19,,,0,37,,128751,19,,,0,77,,128752,19,,,0,77,,128753,19,,,0,35,,128754,19,,,0,72,,128755,19,,,0
15300,'STMPSu2-Sunday',846,,128756,19,,,0,77,,128758,19,,,0,77,,128757,19,,,0,37,,128759,19,,,0,77,,128760,19,,,0,37,,128761,19,,,0,77,,128763,19,,,0,77,,128764,19,,,0,37,,128765,19,,,0,77,,128762,19,,,0,37,,128766,19,,,0,77,,128767,19,,,0,77,,128768,19,,,0,37,,128769,19,,,0,77,,128770,19,,,0,77,,128771,19,,,0,37,,128772,19,,,0,77,,128773,19,,,0,37,,128774,19,,,0,77,,128775,19,,,0,77,,128776,19,,,0,35,,128777,19,,,0,72,,128778,19,,,0
15300,'STMPWeek-Weekday',536,,128780,19,,,0,65,,128781,19,,,0,25,,128779,19,,,0,25,,128782,19,,,0,65,,128783,19,,,0,25,,128784,19,,,0,65,,128785,19,,,0,25,,128787,19,,,0,25,,128788,19,,,0,65,,128786,19,,,0,25,,128789,19,,,0,65,,128790,19,,,0,25,,128791,19,,,0,65,,128792,19,,,0,25,,128794,19,,,0,25,,128795,19,,,0,65,,128793,19,,,0,25,,128797,19,,,0,65,,128798,19,,,0,25,,128796,19,,,0,25,,128799,19,,,0,65,,128800,19,,,0,27,,128801,19,,,0,66,,128812,19,,,0,25,,128813,19,,,0,20,,128814,19,,,0,60,,128815,19,,,0,20,,128816,19,,,0,20,,128817,19,,,0,60,,128818,19,,,0,20,,128819,19,,,0,20,,128820,19,,,0,58,,128810,19,,,0,24,,128811,19,,,0,75,,128802,19,,,0,36,,128803,19,,,0,76,,128804,19,,,0,76,,128805,19,,,0,36,,128807,19,,,0,76,,128808,19,,,0,36,,128809,19,,,0,76,,128806,19,,,0
15300,'STMPar-Weekday',536,,128822,19,,,0,65,,128823,19,,,0,25,,128821,19,,,0,25,,128824,19,,,0,65,,128825,19,,,0,25,,128826,19,,,0,65,,128827,19,,,0,25,,128829,19,,,0,25,,128830,19,,,0,65,,128828,19,,,0,25,,128831,19,,,0,65,,128832,19,,,0,25,,128833,19,,,0,65,,128834,19,,,0,25,,128836,19,,,0,25,,128837,19,,,0,65,,128835,19,,,0,25,,128839,19,,,0,65,,128840,19,,,0,25,,128838,19,,,0,25,,128842,19,,,0,65,,128843,19,,,0,27,,128844,19,,,0,66,,128854,19,,,0,25,,128855,19,,,0,20,,128856,19,,,0,60,,128857,19,,,0,20,,128858,19,,,0,20,,128859,19,,,0,60,,128860,19,,,0,20,,128861,19,,,0,20,,128862,19,,,0,58,,128852,19,,,0,24,,128853,19,,,0,75,,128841,19,,,0,36,,128845,19,,,0,76,,128846,19,,,0,76,,128847,19,,,0,36,,128849,19,,,0,76,,128850,19,,,0,36,,128851,19,,,0,76,,128848,19,,,0
