15100,'Weekday',555,,128405,11,,,0,90,,128404,12,,,0
15100,'STMPSnea-Weekday',555,,128407,11,,,0,90,,128406,12,,,0
15100,'STMPWeek-Weekday',555,,128409,11,,,0,90,,128408,12,,,0
15100,'STMPar-Weekday',555,,128411,11,,,0,90,,128410,12,,,0
15101,'Weekday',1723,,128413,33,,,0,86,,128412,38,,,0
15101,'STMPSnea-Weekday',1723,,128415,33,,,0,86,,128414,38,,,0
15101,'STMPWeek-Weekday',1723,,128417,33,,,0,86,,128416,38,,,0
15101,'STMPar-Weekday',1723,,128419,33,,,0,86,,128418,38,,,0
15301,'Saturday',634,,128865,8,,,0,77,,128863,8,,,0,37,,128866,8,,,0,77,,128864,8,,,0,77,,128871,8,,,0,37,,128874,8,,,0,77,,128875,8,,,0,37,,128876,8,,,0,77,,128877,8,,,0,77,,128878,8,,,0,37,,128879,8,,,0,77,,128880,8,,,0,37,,128881,8,,,0,77,,128882,8,,,0,77,,128883,8,,,0,37,,128884,8,,,0,77,,128885,8,,,0,77,,128886,8,,,0,37,,128887,8,,,0,77,,128888,8,,,0,37,,128889,8,,,0,77,,128868,8,,,0,77,,128869,8,,,0,37,,128870,8,,,0,77,,128872,8,,,0,37,,128873,8,,,0,77,,128867,8,,,0
15301,'Sunday',903,,128891,8,,,0,37,,128896,8,,,0,77,,128899,8,,,0,37,,128897,8,,,0,77,,128900,8,,,0,77,,128902,8,,,0,37,,128903,8,,,0,77,,128904,8,,,0,37,,128901,8,,,0,77,,128898,8,,,0,77,,128906,8,,,0,37,,128907,8,,,0,77,,128908,8,,,0,77,,128910,8,,,0,37,,128911,8,,,0,77,,128905,8,,,0,37,,128909,8,,,0,76,,128912,8,,,0,77,,128892,8,,,0,37,,128894,8,,,0,76,,128895,8,,,0,35,,128893,8,,,0,72,,128890,8,,,0
15301,'Weekday',553,,128913,8,,,0,66,,128914,8,,,0,25,,128915,8,,,0,65,,128916,8,,,0,25,,128917,8,,,0,25,,128918,8,,,0,65,,128919,8,,,0,25,,128920,8,,,0,65,,128921,8,,,0,25,,128923,8,,,0,65,,128924,8,,,0,25,,128925,8,,,0,25,,128922,8,,,0,65,,128926,8,,,0,25,,128927,8,,,0,65,,128928,8,,,0,25,,128929,8,,,0,25,,128930,8,,,0,65,,128931,8,,,0,25,,128932,8,,,0,65,,128933,8,,,0,25,,128934,8,,,0,20,,128950,8,,,0,60,,128951,8,,,0,20,,128952,8,,,0,20,,128953,8,,,0,60,,128954,8,,,0,20,,128944,8,,,0,20,,128946,8,,,0,60,,128949,8,,,0,20,,128947,8,,,0,19,,128945,8,,,0,64,,128948,8,,,0,36,,128936,8,,,0,76,,128938,8,,,0,76,,128935,8,,,0,36,,128939,8,,,0,76,,128937,8,,,0,36,,128940,8,,,0,76,,128941,8,,,0,76,,128942,8,,,0,36,,128943,8,,,0
15301,'STMPSa-Saturday',634,,128957,8,,,0,77,,128955,8,,,0,37,,128958,8,,,0,77,,128956,8,,,0,77,,128963,8,,,0,37,,128966,8,,,0,77,,128967,8,,,0,37,,128968,8,,,0,77,,128969,8,,,0,77,,128970,8,,,0,37,,128971,8,,,0,77,,128972,8,,,0,37,,128973,8,,,0,77,,128974,8,,,0,77,,128975,8,,,0,37,,128976,8,,,0,77,,128977,8,,,0,77,,128978,8,,,0,37,,128979,8,,,0,77,,128980,8,,,0,37,,128981,8,,,0,77,,128960,8,,,0,77,,128961,8,,,0,37,,128962,8,,,0,77,,128964,8,,,0,37,,128965,8,,,0,77,,128959,8,,,0
15301,'STMPSnea-Weekday',553,,128982,8,,,0,66,,128983,8,,,0,25,,128984,8,,,0,65,,128985,8,,,0,25,,128986,8,,,0,25,,128987,8,,,0,65,,128988,8,,,0,25,,128989,8,,,0,65,,128990,8,,,0,25,,128992,8,,,0,65,,128993,8,,,0,25,,128994,8,,,0,25,,128991,8,,,0,65,,128995,8,,,0,25,,128996,8,,,0,65,,128997,8,,,0,25,,128998,8,,,0,25,,128999,8,,,0,65,,129000,8,,,0,25,,129001,8,,,0,65,,129002,8,,,0,25,,129003,8,,,0,20,,129019,8,,,0,60,,129020,8,,,0,20,,129021,8,,,0,20,,129022,8,,,0,60,,129023,8,,,0,20,,129013,8,,,0,20,,129015,8,,,0,60,,129018,8,,,0,20,,129016,8,,,0,19,,129014,8,,,0,64,,129017,8,,,0,36,,129005,8,,,0,76,,129007,8,,,0,76,,129004,8,,,0,36,,129008,8,,,0,76,,129006,8,,,0,36,,129009,8,,,0,76,,129010,8,,,0,76,,129011,8,,,0,36,,129012,8,,,0
15301,'STMPSu1-Sunday',903,,129025,8,,,0,37,,129030,8,,,0,77,,129033,8,,,0,37,,129031,8,,,0,77,,129034,8,,,0,77,,129036,8,,,0,37,,129037,8,,,0,77,,129038,8,,,0,37,,129035,8,,,0,77,,129032,8,,,0,77,,129040,8,,,0,37,,129041,8,,,0,77,,129042,8,,,0,77,,129044,8,,,0,37,,129045,8,,,0,77,,129039,8,,,0,37,,129043,8,,,0,76,,129046,8,,,0,77,,129026,8,,,0,37,,129028,8,,,0,76,,129029,8,,,0,35,,129027,8,,,0,72,,129024,8,,,0
15301,'STMPSu2-Sunday',903,,129048,8,,,0,37,,129053,8,,,0,77,,129056,8,,,0,37,,129054,8,,,0,77,,129057,8,,,0,77,,129059,8,,,0,37,,129060,8,,,0,77,,129061,8,,,0,37,,129058,8,,,0,77,,129055,8,,,0,77,,129063,8,,,0,37,,129064,8,,,0,77,,129065,8,,,0,77,,129067,8,,,0,37,,129068,8,,,0,77,,129062,8,,,0,37,,129066,8,,,0,76,,129069,8,,,0,77,,129049,8,,,0,37,,129051,8,,,0,76,,129052,8,,,0,35,,129050,8,,,0,72,,129047,8,,,0
15301,'STMPWeek-Weekday',553,,129070,8,,,0,66,,129071,8,,,0,25,,129072,8,,,0,65,,129073,8,,,0,25,,129074,8,,,0,25,,129075,8,,,0,65,,129076,8,,,0,25,,129077,8,,,0,65,,129078,8,,,0,25,,129080,8,,,0,65,,129081,8,,,0,25,,129082,8,,,0,25,,129079,8,,,0,65,,129083,8,,,0,25,,129084,8,,,0,65,,129085,8,,,0,25,,129086,8,,,0,25,,129087,8,,,0,65,,129088,8,,,0,25,,129089,8,,,0,65,,129090,8,,,0,25,,129091,8,,,0,20,,129107,8,,,0,60,,129108,8,,,0,20,,129109,8,,,0,20,,129110,8,,,0,60,,129111,8,,,0,20,,129101,8,,,0,20,,129103,8,,,0,60,,129106,8,,,0,20,,129104,8,,,0,19,,129102,8,,,0,64,,129105,8,,,0,36,,129093,8,,,0,76,,129095,8,,,0,76,,129092,8,,,0,36,,129096,8,,,0,76,,129094,8,,,0,36,,129097,8,,,0,76,,129098,8,,,0,76,,129099,8,,,0,36,,129100,8,,,0
15301,'STMPar-Weekday',553,,129112,8,,,0,66,,129113,8,,,0,25,,129114,8,,,0,65,,129115,8,,,0,25,,129116,8,,,0,25,,129117,8,,,0,65,,129118,8,,,0,25,,129119,8,,,0,65,,129120,8,,,0,25,,129122,8,,,0,65,,129123,8,,,0,25,,129124,8,,,0,25,,129121,8,,,0,65,,129125,8,,,0,25,,129126,8,,,0,65,,129127,8,,,0,25,,129128,8,,,0,25,,129129,8,,,0,65,,129130,8,,,0,25,,129131,8,,,0,65,,129132,8,,,0,25,,129133,8,,,0,20,,129149,8,,,0,60,,129150,8,,,0,20,,129151,8,,,0,20,,129152,8,,,0,60,,129153,8,,,0,20,,129143,8,,,0,20,,129145,8,,,0,60,,129148,8,,,0,20,,129146,8,,,0,19,,129144,8,,,0,64,,129147,8,,,0,36,,129135,8,,,0,76,,129137,8,,,0,76,,129134,8,,,0,36,,129138,8,,,0,76,,129136,8,,,0,36,,129139,8,,,0,76,,129140,8,,,0,76,,129141,8,,,0,36,,129142,8,,,0
