10201,'Saturday',703,,51850,19,,,0,30,,51852,19,,,0,70,,51853,19,,,0,30,,51854,19,,,0,70,,51851,19,,,0,30,,51855,19,,,0,70,,51856,19,,,0,30,,51857,19,,,0,70,,51859,19,,,0,30,,51860,19,,,0,70,,51863,19,,,0,30,,51858,19,,,0,70,,51864,19,,,0,30,,51865,19,,,0,70,,51861,19,,,0,30,,51862,19,,,0,70,,51867,19,,,0,30,,51868,19,,,0,70,,51869,19,,,0,30,,51866,19,,,0,70,,51870,19,,,0,30,,51871,19,,,0,70,,51872,19,,,0,30,,51873,19,,,0,70,,51874,19,,,0,30,,51875,19,,,0,70,,51876,19,,,0,30,,51877,19,,,0,70,,51878,19,,,0,30,,51880,19,,,0,70,,51881,19,,,0,30,,51882,19,,,0,70,,51879,19,,,0,30,,51883,19,,,0,70,,51884,19,,,0
10201,'Sunday',703,,51887,19,,,0,30,,51900,19,,,0,70,,51889,19,,,0,30,,51902,19,,,0,70,,51888,19,,,0,30,,51901,19,,,0,70,,51890,19,,,0,30,,51903,19,,,0,70,,51891,19,,,0,30,,51904,19,,,0,70,,51892,19,,,0,30,,51905,19,,,0,70,,51893,19,,,0,30,,51906,19,,,0,70,,51894,19,,,0,30,,51908,19,,,0,70,,51895,19,,,0,30,,51907,19,,,0,70,,51896,19,,,0,30,,51909,19,,,0,70,,51897,19,,,0,30,,51911,19,,,0,70,,51898,19,,,0,30,,51910,19,,,0,70,,51899,19,,,0,30,,51912,19,,,0,70,,51913,19,,,0,30,,51914,19,,,0,70,,51915,19,,,0,30,,51916,19,,,0,70,,51917,19,,,0,30,,51918,19,,,0,70,,51919,19,,,0,30,,51920,19,,,0
10201,'Weekday',503,,51925,19,,,0,30,,51926,19,,,0,25,,51927,19,,,0,61,,51928,19,,,0,20,,51929,19,,,0,20,,51930,19,,,0,60,,51931,19,,,0,20,,51932,19,,,0,20,,51933,19,,,0,60,,51934,19,,,0,20,,51935,19,,,0,66,,51936,19,,,0,29,,51938,19,,,0,70,,51939,19,,,0,30,,51940,19,,,0,70,,51937,19,,,0,30,,51941,19,,,0,70,,51942,19,,,0,30,,51943,19,,,0,70,,51944,19,,,0,30,,51947,19,,,0,70,,51948,19,,,0,30,,51945,19,,,0,22,,51950,19,,,0,60,,51951,19,,,0,20,,51946,19,,,0,20,,51949,19,,,0,60,,51952,19,,,0,20,,51953,19,,,0,20,,51954,19,,,0,60,,51956,19,,,0,20,,51958,19,,,0,20,,51955,19,,,0,60,,51959,19,,,0,20,,51957,19,,,0,20,,51960,19,,,0,62,,51961,19,,,0,24,,51962,19,,,0,70,,51963,19,,,0,30,,51964,19,,,0,70,,51965,19,,,0,30,,51966,19,,,0,70,,51967,19,,,0,30,,51968,19,,,0,70,,51969,19,,,0,30,,51923,19,,,0,70,,51924,19,,,0,30,,51922,19,,,0
10201,'1CCSDCUT-Weekday',503,,51974,19,,,0,30,,51975,19,,,0,25,,51976,19,,,0,61,,51977,19,,,0,20,,51978,19,,,0,20,,51979,19,,,0,60,,51980,19,,,0,20,,51981,19,,,0,20,,51982,19,,,0,60,,51983,19,,,0,20,,51984,19,,,0,66,,51985,19,,,0,29,,51987,19,,,0,70,,51988,19,,,0,30,,51989,19,,,0,70,,51986,19,,,0,30,,51990,19,,,0,70,,51991,19,,,0,30,,51992,19,,,0,70,,51993,19,,,0,30,,51996,19,,,0,70,,51997,19,,,0,30,,51994,19,,,0,22,,51999,19,,,0,60,,52000,19,,,0,20,,51995,19,,,0,20,,51998,19,,,0,60,,52001,19,,,0,20,,52002,19,,,0,20,,52003,19,,,0,60,,52005,19,,,0,20,,52007,19,,,0,20,,52004,19,,,0,60,,52008,19,,,0,20,,52006,19,,,0,20,,52009,19,,,0,62,,52010,19,,,0,24,,52011,19,,,0,70,,52012,19,,,0,30,,52013,19,,,0,70,,52014,19,,,0,30,,52015,19,,,0,70,,52016,19,,,0,30,,52017,19,,,0,70,,52018,19,,,0,30,,51972,19,,,0,70,,51973,19,,,0,30,,51971,19,,,0
10201,'1PUBCUT-Weekday',503,,52023,19,,,0,30,,52024,19,,,0,25,,52025,19,,,0,61,,52026,19,,,0,20,,52027,19,,,0,20,,52028,19,,,0,60,,52029,19,,,0,20,,52030,19,,,0,20,,52031,19,,,0,60,,52032,19,,,0,20,,52033,19,,,0,66,,52034,19,,,0,29,,52036,19,,,0,70,,52037,19,,,0,30,,52038,19,,,0,70,,52035,19,,,0,30,,52039,19,,,0,70,,52040,19,,,0,30,,52041,19,,,0,70,,52042,19,,,0,30,,52045,19,,,0,70,,52046,19,,,0,30,,52043,19,,,0,22,,52048,19,,,0,60,,52049,19,,,0,20,,52044,19,,,0,20,,52047,19,,,0,60,,52050,19,,,0,20,,52051,19,,,0,20,,52052,19,,,0,60,,52054,19,,,0,20,,52056,19,,,0,20,,52053,19,,,0,60,,52057,19,,,0,20,,52055,19,,,0,20,,52058,19,,,0,62,,52059,19,,,0,24,,52060,19,,,0,70,,52061,19,,,0,30,,52062,19,,,0,70,,52063,19,,,0,30,,52064,19,,,0,70,,52065,19,,,0,30,,52066,19,,,0,70,,52067,19,,,0,30,,52021,19,,,0,70,,52022,19,,,0,30,,52020,19,,,0
76500,'Weekday',819,,68669,10,0,48 49 50 47,0
76500,'1CCSDCUT-Weekday',819,,68671,10,0,48 49 50 47,0
86500,'Weekday',833,,69079,10,0,17 18 19 1 51,0
86500,'1PUBCUT-Weekday',833,,69081,10,0,17 18 19 1 51,0
86501,'Weekday0000100',1449,,69083,18,4,,0
86501,'Weekday1111000',1605,,69085,18,4,,0
86501,'1PUBCUT-Weekday0000100',1449,,69087,18,4,,0
86501,'1PUBCUT-Weekday1111000',1605,,69089,18,4,,0
