801,'Saturday',704,,27659,27,,,0,27,,27660,27,,,0,27,,27661,27,,,0,67,,27662,27,,,0,27,,27663,27,,,0,67,,27664,27,,,0,27,,27665,27,,,0,67,,27666,27,,,0,27,,27667,27,,,0,67,,27668,27,,,0,27,,27669,27,,,0,67,,27670,27,,,0,27,,27671,27,,,0,27,,27672,27,,,0,67,,27673,27,,,0,27,,27674,27,,,0,67,,27676,27,,,0,27,,27677,27,,,0,67,,27678,27,,,0,27,,27675,27,,,0,67,,27679,27,,,0,27,,27680,27,,,0,27,,27681,27,,,0,67,,27682,27,,,0,27,,27683,27,,,0,67,,27685,27,,,0,27,,27686,27,,,0,67,,27687,27,,,0,27,,27684,27,,,0,67,,27688,27,,,0,27,,27689,27,,,0,70,,27690,27,,,0,35,,27691,27,,,0,75,,27692,27,,,0,35,,27693,27,,,0,75,,27694,27,,,0,35,,27695,27,,,0
801,'Sunday',704,,27697,27,,,0,27,,27696,27,,,0,27,,27698,27,,,0,67,,27699,27,,,0,27,,27700,27,,,0,67,,27701,27,,,0,27,,27703,27,,,0,67,,27702,27,,,0,27,,27704,27,,,0,67,,27705,27,,,0,27,,27706,27,,,0,67,,27707,27,,,0,27,,27708,27,,,0,27,,27709,27,,,0,67,,27710,27,,,0,27,,27711,27,,,0,67,,27712,27,,,0,27,,27713,27,,,0,67,,27714,27,,,0,27,,27715,27,,,0,67,,27716,27,,,0,27,,27717,27,,,0,27,,27719,27,,,0,67,,27721,27,,,0,27,,27720,27,,,0,67,,27722,27,,,0,27,,27718,27,,,0,67,,27725,27,,,0,27,,27723,27,,,0,67,,27724,27,,,0,27,,27726,27,,,0,70,,27727,27,,,0,35,,27728,27,,,0,75,,27729,27,,,0,35,,27730,27,,,0,75,,27731,27,,,0,35,,27732,27,,,0
801,'Weekday',531,,27794,27,,,0,18,,27757,27,,,0,58,,27736,27,,,0,18,,27738,27,,,0,17,,27748,27,,,0,17,,27765,27,,,0,58,,27773,27,,,0,6,,27781,27,,,0,5,,27782,27,,,0,7,,27795,27,,,0,5,,27783,27,,,0,5,,27784,27,,,0,7,,27758,27,,,0,5,,27785,27,,,0,45,,27786,27,,,0,7,,27737,27,,,0,5,,27787,27,,,0,5,,27788,27,,,0,7,,27740,27,,,0,5,,27789,27,,,0,12,,27749,27,,,0,16,,27766,27,,,0,56,,27774,27,,,0,13,,27796,27,,,0,21,,27759,27,,,0,61,,27739,27,,,0,21,,27750,27,,,0,21,,27767,27,,,0,61,,27797,27,,,0,21,,27760,27,,,0,21,,27741,27,,,0,61,,27751,27,,,0,21,,27769,27,,,0,21,,27798,27,,,0,61,,27761,27,,,0,21,,27742,27,,,0,61,,27752,27,,,0,21,,27768,27,,,0,24,,27799,27,,,0,12,,27790,27,,,0,50,,27762,27,,,0,10,,27791,27,,,0,10,,27743,27,,,0,5,,27792,27,,,0,9,,27776,27,,,0,17,,27753,27,,,0,45,,27793,27,,,0,7,,27779,27,,,0,5,,27770,27,,,0,5,,27778,27,,,0,5,,27780,27,,,0,5,,27775,27,,,0,17,,27800,27,,,0,57,,27763,27,,,0,17,,27744,27,,,0,17,,27777,27,,,0,17,,27734,27,,,0,62,,27771,27,,,0,22,,27801,27,,,0,61,,27764,27,,,0,21,,27745,27,,,0,21,,27754,27,,,0,61,,27772,27,,,0,20,,27802,27,,,0,35,,27735,27,,,0,69,,27755,27,,,0,75,,27804,27,,,0,31,,27746,27,,,0,73,,27756,27,,,0,33,,27803,27,,,0,73,,27747,27,,,0,33,,27733,27,,,0,85,,27805,27,,,0
801,'Weekday0000100',1411,,27806,27,,,0,38,,27807,27,,,0
801,'Weekday1111000',1552,,27808,27,,,0
801,'1CCSDCUT-Weekday',531,,27870,27,,,0,18,,27833,27,,,0,58,,27812,27,,,0,18,,27814,27,,,0,17,,27824,27,,,0,17,,27841,27,,,0,58,,27849,27,,,0,6,,27857,27,,,0,5,,27858,27,,,0,7,,27871,27,,,0,5,,27859,27,,,0,5,,27860,27,,,0,7,,27834,27,,,0,5,,27861,27,,,0,45,,27862,27,,,0,7,,27813,27,,,0,5,,27863,27,,,0,5,,27864,27,,,0,7,,27816,27,,,0,5,,27865,27,,,0,12,,27825,27,,,0,16,,27842,27,,,0,56,,27850,27,,,0,13,,27872,27,,,0,21,,27835,27,,,0,61,,27815,27,,,0,21,,27826,27,,,0,21,,27843,27,,,0,61,,27873,27,,,0,21,,27836,27,,,0,21,,27817,27,,,0,61,,27827,27,,,0,21,,27845,27,,,0,21,,27874,27,,,0,61,,27837,27,,,0,21,,27818,27,,,0,61,,27828,27,,,0,21,,27844,27,,,0,24,,27875,27,,,0,12,,27866,27,,,0,50,,27838,27,,,0,10,,27867,27,,,0,10,,27819,27,,,0,5,,27868,27,,,0,9,,27852,27,,,0,17,,27829,27,,,0,45,,27869,27,,,0,7,,27855,27,,,0,5,,27846,27,,,0,5,,27854,27,,,0,5,,27856,27,,,0,5,,27851,27,,,0,17,,27876,27,,,0,57,,27839,27,,,0,17,,27820,27,,,0,17,,27853,27,,,0,17,,27810,27,,,0,62,,27847,27,,,0,22,,27877,27,,,0,61,,27840,27,,,0,21,,27821,27,,,0,21,,27830,27,,,0,61,,27848,27,,,0,20,,27878,27,,,0,35,,27811,27,,,0,69,,27831,27,,,0,75,,27880,27,,,0,31,,27822,27,,,0,73,,27832,27,,,0,33,,27879,27,,,0,73,,27823,27,,,0,33,,27809,27,,,0,85,,27881,27,,,0
801,'1CCSDCUT-Weekday0000100',1411,,27882,27,,,0,38,,27883,27,,,0
801,'1CCSDCUT-Weekday1111000',1552,,27884,27,,,0
801,'1PUBCUT-Weekday',531,,27946,27,,,0,18,,27909,27,,,0,58,,27888,27,,,0,18,,27890,27,,,0,17,,27900,27,,,0,17,,27917,27,,,0,58,,27925,27,,,0,6,,27933,27,,,0,5,,27934,27,,,0,7,,27947,27,,,0,5,,27935,27,,,0,5,,27936,27,,,0,7,,27910,27,,,0,5,,27937,27,,,0,45,,27938,27,,,0,7,,27889,27,,,0,5,,27939,27,,,0,5,,27940,27,,,0,7,,27892,27,,,0,5,,27941,27,,,0,12,,27901,27,,,0,16,,27918,27,,,0,56,,27926,27,,,0,13,,27948,27,,,0,21,,27911,27,,,0,61,,27891,27,,,0,21,,27902,27,,,0,21,,27919,27,,,0,61,,27949,27,,,0,21,,27912,27,,,0,21,,27893,27,,,0,61,,27903,27,,,0,21,,27921,27,,,0,21,,27950,27,,,0,61,,27913,27,,,0,21,,27894,27,,,0,61,,27904,27,,,0,21,,27920,27,,,0,24,,27951,27,,,0,12,,27942,27,,,0,50,,27914,27,,,0,10,,27943,27,,,0,10,,27895,27,,,0,5,,27944,27,,,0,9,,27928,27,,,0,17,,27905,27,,,0,45,,27945,27,,,0,7,,27931,27,,,0,5,,27922,27,,,0,5,,27930,27,,,0,5,,27932,27,,,0,5,,27927,27,,,0,17,,27952,27,,,0,57,,27915,27,,,0,17,,27896,27,,,0,17,,27929,27,,,0,17,,27886,27,,,0,62,,27923,27,,,0,22,,27953,27,,,0,61,,27916,27,,,0,21,,27897,27,,,0,21,,27906,27,,,0,61,,27924,27,,,0,20,,27954,27,,,0,35,,27887,27,,,0,69,,27907,27,,,0,75,,27956,27,,,0,31,,27898,27,,,0,73,,27908,27,,,0,33,,27955,27,,,0,73,,27899,27,,,0,33,,27885,27,,,0,85,,27957,27,,,0
801,'1PUBCUT-Weekday0000100',1411,,27958,27,,,0,38,,27959,27,,,0
801,'1PUBCUT-Weekday1111000',1552,,27960,27,,,0
10501,'Saturday',626,,52561,11,,,0,75,,52571,11,,,0,40,,52568,11,,,0,80,,52570,11,,,0,80,,52573,11,,,0,40,,52569,11,,,0,80,,52572,11,,,0,80,,52575,11,,,0,40,,52576,11,,,0,80,,52578,11,,,0,80,,52574,11,,,0,40,,52579,11,,,0,80,,52580,11,,,0,80,,52577,11,,,0,40,,52581,11,,,0,80,,52582,11,,,0,80,,52566,11,,,0,40,,52565,11,,,0,79,,52567,11,,,0,80,,52563,11,,,0,40,,52564,11,,,0,80,,52562,11,,,0
10501,'Sunday',626,,52583,11,,,0,75,,52590,11,,,0,40,,52597,11,,,0,80,,52584,11,,,0,80,,52591,11,,,0,40,,52598,11,,,0,80,,52585,11,,,0,80,,52592,11,,,0,40,,52599,11,,,0,80,,52586,11,,,0,80,,52593,11,,,0,40,,52600,11,,,0,80,,52587,11,,,0,80,,52594,11,,,0,40,,52601,11,,,0,80,,52588,11,,,0,80,,52595,11,,,0,40,,52602,11,,,0,79,,52589,11,,,0,80,,52596,11,,,0,40,,52604,11,,,0,80,,52603,11,,,0
10501,'Weekday',518,,52630,11,,,0,30,,52621,11,,,0,69,,52613,11,,,0,31,,52605,11,,,0,70,,52631,11,,,0,31,,52624,11,,,0,70,,52614,11,,,0,15,,52639,11,,,0,14,,52606,11,,,0,70,,52632,11,,,0,30,,52622,11,,,0,70,,52615,11,,,0,30,,52607,11,,,0,70,,52633,11,,,0,30,,52623,11,,,0,70,,52616,11,,,0,30,,52608,11,,,0,70,,52634,11,,,0,30,,52625,11,,,0,70,,52617,11,,,0,30,,52609,11,,,0,71,,52635,11,,,0,30,,52626,11,,,0,70,,52618,11,,,0,30,,52610,11,,,0,70,,52636,11,,,0,30,,52627,11,,,0,70,,52620,11,,,0,29,,52611,11,,,0,69,,52637,11,,,0,30,,52628,11,,,0,70,,52619,11,,,0,30,,52612,11,,,0,70,,52638,11,,,0,83,,52629,11,,,0
10501,'1CCSDCUT-Weekday',518,,52665,11,,,0,30,,52656,11,,,0,69,,52648,11,,,0,31,,52640,11,,,0,70,,52666,11,,,0,31,,52659,11,,,0,70,,52649,11,,,0,15,,52674,11,,,0,14,,52641,11,,,0,70,,52667,11,,,0,30,,52657,11,,,0,70,,52650,11,,,0,30,,52642,11,,,0,70,,52668,11,,,0,30,,52658,11,,,0,70,,52651,11,,,0,30,,52643,11,,,0,70,,52669,11,,,0,30,,52660,11,,,0,70,,52652,11,,,0,30,,52644,11,,,0,71,,52670,11,,,0,30,,52661,11,,,0,70,,52653,11,,,0,30,,52645,11,,,0,70,,52671,11,,,0,30,,52662,11,,,0,70,,52655,11,,,0,29,,52646,11,,,0,69,,52672,11,,,0,30,,52663,11,,,0,70,,52654,11,,,0,30,,52647,11,,,0,70,,52673,11,,,0,83,,52664,11,,,0
10501,'1PUBCUT-Weekday',518,,52700,11,,,0,30,,52691,11,,,0,69,,52683,11,,,0,31,,52675,11,,,0,70,,52701,11,,,0,31,,52694,11,,,0,70,,52684,11,,,0,15,,52709,11,,,0,14,,52676,11,,,0,70,,52702,11,,,0,30,,52692,11,,,0,70,,52685,11,,,0,30,,52677,11,,,0,70,,52703,11,,,0,30,,52693,11,,,0,70,,52686,11,,,0,30,,52678,11,,,0,70,,52704,11,,,0,30,,52695,11,,,0,70,,52687,11,,,0,30,,52679,11,,,0,71,,52705,11,,,0,30,,52696,11,,,0,70,,52688,11,,,0,30,,52680,11,,,0,70,,52706,11,,,0,30,,52697,11,,,0,70,,52690,11,,,0,29,,52681,11,,,0,69,,52707,11,,,0,30,,52698,11,,,0,70,,52689,11,,,0,30,,52682,11,,,0,70,,52708,11,,,0,83,,52699,11,,,0
