801,'Saturday',637,,27659,3,,,0,67,,27660,3,,,0,27,,27661,3,,,0,27,,27662,3,,,0,67,,27663,3,,,0,27,,27664,3,,,0,67,,27665,3,,,0,27,,27666,3,,,0,67,,27667,3,,,0,27,,27668,3,,,0,67,,27669,3,,,0,27,,27670,3,,,0,67,,27671,3,,,0,27,,27672,3,,,0,27,,27673,3,,,0,67,,27674,3,,,0,27,,27676,3,,,0,67,,27677,3,,,0,27,,27678,3,,,0,67,,27675,3,,,0,27,,27679,3,,,0,67,,27680,3,,,0,27,,27681,3,,,0,27,,27682,3,,,0,67,,27683,3,,,0,27,,27685,3,,,0,67,,27686,3,,,0,27,,27687,3,,,0,67,,27684,3,,,0,27,,27688,3,,,0,67,,27689,3,,,0,30,,27690,3,,,0,75,,27691,3,,,0,35,,27692,3,,,0,75,,27693,3,,,0,35,,27694,3,,,0,75,,27695,3,,,0
801,'Sunday',637,,27697,3,,,0,67,,27696,3,,,0,27,,27698,3,,,0,27,,27699,3,,,0,67,,27700,3,,,0,27,,27701,3,,,0,67,,27703,3,,,0,27,,27702,3,,,0,67,,27704,3,,,0,27,,27705,3,,,0,67,,27706,3,,,0,27,,27707,3,,,0,67,,27708,3,,,0,27,,27709,3,,,0,27,,27710,3,,,0,67,,27711,3,,,0,27,,27712,3,,,0,67,,27713,3,,,0,27,,27714,3,,,0,67,,27715,3,,,0,27,,27716,3,,,0,67,,27717,3,,,0,27,,27719,3,,,0,27,,27721,3,,,0,67,,27720,3,,,0,27,,27722,3,,,0,67,,27718,3,,,0,27,,27725,3,,,0,67,,27723,3,,,0,27,,27724,3,,,0,67,,27726,3,,,0,30,,27727,3,,,0,75,,27728,3,,,0,35,,27729,3,,,0,75,,27730,3,,,0,35,,27731,3,,,0,75,,27732,3,,,0
801,'Weekday',504,,27794,3,,,0,18,,27757,3,,,0,17,,27736,3,,,0,17,,27738,3,,,0,57,,27748,3,,,0,17,,27765,3,,,0,17,,27773,3,,,0,5,,27781,3,,,0,5,,27782,3,,,0,47,,27795,3,,,0,5,,27783,3,,,0,5,,27784,3,,,0,7,,27758,3,,,0,5,,27785,3,,,0,5,,27786,3,,,0,7,,27737,3,,,0,5,,27787,3,,,0,5,,27788,3,,,0,7,,27740,3,,,0,45,,27789,3,,,0,12,,27749,3,,,0,17,,27766,3,,,0,17,,27774,3,,,0,13,,27796,3,,,0,61,,27759,3,,,0,21,,27739,3,,,0,61,,27750,3,,,0,21,,27767,3,,,0,21,,27797,3,,,0,61,,27760,3,,,0,21,,27741,3,,,0,21,,27751,3,,,0,61,,27769,3,,,0,21,,27798,3,,,0,21,,27761,3,,,0,61,,27742,3,,,0,21,,27752,3,,,0,21,,27768,3,,,0,63,,27799,3,,,0,12,,27790,3,,,0,10,,27762,3,,,0,10,,27791,3,,,0,10,,27743,3,,,0,45,,27792,3,,,0,9,,27776,3,,,0,17,,27753,3,,,0,5,,27793,3,,,0,8,,27779,3,,,0,5,,27770,3,,,0,5,,27778,3,,,0,5,,27780,3,,,0,46,,27775,3,,,0,17,,27800,3,,,0,17,,27763,3,,,0,17,,27744,3,,,0,57,,27777,3,,,0,17,,27734,3,,,0,22,,27771,3,,,0,63,,27801,3,,,0,21,,27764,3,,,0,21,,27745,3,,,0,61,,27754,3,,,0,21,,27772,3,,,0,21,,27802,3,,,0,75,,27735,3,,,0,69,,27755,3,,,0,35,,27804,3,,,0,71,,27746,3,,,0,33,,27756,3,,,0,73,,27803,3,,,0,33,,27747,3,,,0,73,,27733,3,,,0,85,,27805,3,,,0
801,'Weekday0000100',1342,,27806,3,,,0,77,,27807,3,,,0
801,'Weekday1111000',1522,,27808,3,,,0
801,'1CCSDCUT-Weekday',504,,27870,3,,,0,18,,27833,3,,,0,17,,27812,3,,,0,17,,27814,3,,,0,57,,27824,3,,,0,17,,27841,3,,,0,17,,27849,3,,,0,5,,27857,3,,,0,5,,27858,3,,,0,47,,27871,3,,,0,5,,27859,3,,,0,5,,27860,3,,,0,7,,27834,3,,,0,5,,27861,3,,,0,5,,27862,3,,,0,7,,27813,3,,,0,5,,27863,3,,,0,5,,27864,3,,,0,7,,27816,3,,,0,45,,27865,3,,,0,12,,27825,3,,,0,17,,27842,3,,,0,17,,27850,3,,,0,13,,27872,3,,,0,61,,27835,3,,,0,21,,27815,3,,,0,61,,27826,3,,,0,21,,27843,3,,,0,21,,27873,3,,,0,61,,27836,3,,,0,21,,27817,3,,,0,21,,27827,3,,,0,61,,27845,3,,,0,21,,27874,3,,,0,21,,27837,3,,,0,61,,27818,3,,,0,21,,27828,3,,,0,21,,27844,3,,,0,63,,27875,3,,,0,12,,27866,3,,,0,10,,27838,3,,,0,10,,27867,3,,,0,10,,27819,3,,,0,45,,27868,3,,,0,9,,27852,3,,,0,17,,27829,3,,,0,5,,27869,3,,,0,8,,27855,3,,,0,5,,27846,3,,,0,5,,27854,3,,,0,5,,27856,3,,,0,46,,27851,3,,,0,17,,27876,3,,,0,17,,27839,3,,,0,17,,27820,3,,,0,57,,27853,3,,,0,17,,27810,3,,,0,22,,27847,3,,,0,63,,27877,3,,,0,21,,27840,3,,,0,21,,27821,3,,,0,61,,27830,3,,,0,21,,27848,3,,,0,21,,27878,3,,,0,75,,27811,3,,,0,69,,27831,3,,,0,35,,27880,3,,,0,71,,27822,3,,,0,33,,27832,3,,,0,73,,27879,3,,,0,33,,27823,3,,,0,73,,27809,3,,,0,85,,27881,3,,,0
801,'1CCSDCUT-Weekday0000100',1342,,27882,3,,,0,77,,27883,3,,,0
801,'1CCSDCUT-Weekday1111000',1522,,27884,3,,,0
801,'1PUBCUT-Weekday',504,,27946,3,,,0,18,,27909,3,,,0,17,,27888,3,,,0,17,,27890,3,,,0,57,,27900,3,,,0,17,,27917,3,,,0,17,,27925,3,,,0,5,,27933,3,,,0,5,,27934,3,,,0,47,,27947,3,,,0,5,,27935,3,,,0,5,,27936,3,,,0,7,,27910,3,,,0,5,,27937,3,,,0,5,,27938,3,,,0,7,,27889,3,,,0,5,,27939,3,,,0,5,,27940,3,,,0,7,,27892,3,,,0,45,,27941,3,,,0,12,,27901,3,,,0,17,,27918,3,,,0,17,,27926,3,,,0,13,,27948,3,,,0,61,,27911,3,,,0,21,,27891,3,,,0,61,,27902,3,,,0,21,,27919,3,,,0,21,,27949,3,,,0,61,,27912,3,,,0,21,,27893,3,,,0,21,,27903,3,,,0,61,,27921,3,,,0,21,,27950,3,,,0,21,,27913,3,,,0,61,,27894,3,,,0,21,,27904,3,,,0,21,,27920,3,,,0,63,,27951,3,,,0,12,,27942,3,,,0,10,,27914,3,,,0,10,,27943,3,,,0,10,,27895,3,,,0,45,,27944,3,,,0,9,,27928,3,,,0,17,,27905,3,,,0,5,,27945,3,,,0,8,,27931,3,,,0,5,,27922,3,,,0,5,,27930,3,,,0,5,,27932,3,,,0,46,,27927,3,,,0,17,,27952,3,,,0,17,,27915,3,,,0,17,,27896,3,,,0,57,,27929,3,,,0,17,,27886,3,,,0,22,,27923,3,,,0,63,,27953,3,,,0,21,,27916,3,,,0,21,,27897,3,,,0,61,,27906,3,,,0,21,,27924,3,,,0,21,,27954,3,,,0,75,,27887,3,,,0,69,,27907,3,,,0,35,,27956,3,,,0,71,,27898,3,,,0,33,,27908,3,,,0,73,,27955,3,,,0,33,,27899,3,,,0,73,,27885,3,,,0,85,,27957,3,,,0
801,'1PUBCUT-Weekday0000100',1342,,27958,3,,,0,77,,27959,3,,,0
801,'1PUBCUT-Weekday1111000',1522,,27960,3,,,0
11400,'Saturday',527,,53533,3,,,0,31,,53523,3,,,0,84,,53541,3,,,0,80,,53524,3,,,0,80,,53543,3,,,0,40,,53534,3,,,0,80,,53544,3,,,0,80,,53535,3,,,0,40,,53525,3,,,0,80,,53536,3,,,0,80,,53527,3,,,0,40,,53542,3,,,0,80,,53526,3,,,0,80,,53545,3,,,0,40,,53528,3,,,0,80,,53546,3,,,0,80,,53537,3,,,0,40,,53529,3,,,0,80,,53539,3,,,0,80,,53531,3,,,0,40,,53547,3,,,0,80,,53530,3,,,0,80,,53548,3,,,0,40,,53540,3,,,0,80,,53549,3,,,0,80,,53538,3,,,0,40,,53532,3,,,0,90,,53550,3,,,0
11400,'Sunday',527,,53564,3,,,0,31,,53551,3,,,0,84,,53565,3,,,0,80,,53552,3,,,0,80,,53566,3,,,0,40,,53553,3,,,0,80,,53567,3,,,0,80,,53554,3,,,0,40,,53568,3,,,0,80,,53555,3,,,0,80,,53569,3,,,0,40,,53556,3,,,0,80,,53570,3,,,0,80,,53557,3,,,0,40,,53571,3,,,0,80,,53558,3,,,0,80,,53572,3,,,0,40,,53559,3,,,0,80,,53573,3,,,0,80,,53560,3,,,0,40,,53574,3,,,0,80,,53561,3,,,0,80,,53575,3,,,0,40,,53562,3,,,0,80,,53576,3,,,0,80,,53563,3,,,0,40,,53578,3,,,0,90,,53577,3,,,0
11400,'Weekday',508,,53579,3,,,0,36,,53596,3,,,0,70,,53588,3,,,0,30,,53580,3,,,0,70,,53597,3,,,0,30,,53589,3,,,0,70,,53581,3,,,0,30,,53599,3,,,0,70,,53590,3,,,0,30,,53582,3,,,0,70,,53598,3,,,0,30,,53591,3,,,0,70,,53584,3,,,0,30,,53600,3,,,0,70,,53593,3,,,0,30,,53583,3,,,0,70,,53601,3,,,0,30,,53592,3,,,0,70,,53585,3,,,0,30,,53602,3,,,0,70,,53594,3,,,0,30,,53586,3,,,0,70,,53604,3,,,0,30,,53595,3,,,0,70,,53587,3,,,0,30,,53603,3,,,0,69,,53606,3,,,0,42,,53610,3,,,0,82,,53611,3,,,0,82,,53607,3,,,0,82,,53613,3,,,0,42,,53612,3,,,0,82,,53614,3,,,0,82,,53608,3,,,0,42,,53609,3,,,0
11400,'1CCSDCUT-Weekday',508,,53616,3,,,0,36,,53633,3,,,0,70,,53625,3,,,0,30,,53617,3,,,0,70,,53634,3,,,0,30,,53626,3,,,0,70,,53618,3,,,0,30,,53636,3,,,0,70,,53627,3,,,0,30,,53619,3,,,0,70,,53635,3,,,0,30,,53628,3,,,0,70,,53621,3,,,0,30,,53637,3,,,0,70,,53630,3,,,0,30,,53620,3,,,0,70,,53638,3,,,0,30,,53629,3,,,0,70,,53622,3,,,0,30,,53639,3,,,0,70,,53631,3,,,0,30,,53623,3,,,0,70,,53641,3,,,0,30,,53632,3,,,0,70,,53624,3,,,0,30,,53640,3,,,0,69,,53643,3,,,0,42,,53647,3,,,0,82,,53648,3,,,0,82,,53644,3,,,0,82,,53650,3,,,0,42,,53649,3,,,0,82,,53651,3,,,0,82,,53645,3,,,0,42,,53646,3,,,0
11400,'1PUBCUT-Weekday',508,,53653,3,,,0,36,,53670,3,,,0,70,,53662,3,,,0,30,,53654,3,,,0,70,,53671,3,,,0,30,,53663,3,,,0,70,,53655,3,,,0,30,,53673,3,,,0,70,,53664,3,,,0,30,,53656,3,,,0,70,,53672,3,,,0,30,,53665,3,,,0,70,,53658,3,,,0,30,,53674,3,,,0,70,,53667,3,,,0,30,,53657,3,,,0,70,,53675,3,,,0,30,,53666,3,,,0,70,,53659,3,,,0,30,,53676,3,,,0,70,,53668,3,,,0,30,,53660,3,,,0,70,,53678,3,,,0,30,,53669,3,,,0,70,,53661,3,,,0,30,,53677,3,,,0,69,,53679,3,,,0,42,,53683,3,,,0,82,,53684,3,,,0,82,,53680,3,,,0,82,,53686,3,,,0,42,,53685,3,,,0,82,,53687,3,,,0,82,,53681,3,,,0,42,,53682,3,,,0
