2800,'Saturday',559,,84974,33,,,0,70,,84980,33,,,0,30,,84972,33,,,0,70,,84988,33,,,0,30,,84978,33,,,0,70,,84986,33,,,0,30,,84971,33,,,0,70,,84993,33,,,0,30,,84973,33,,,0,70,,84990,33,,,0,30,,84975,33,,,0,70,,84989,33,,,0,30,,84976,33,,,0,70,,84991,33,,,0,30,,84977,33,,,0,70,,84992,33,,,0,30,,84962,33,,,0,70,,84981,33,,,0,30,,84963,33,,,0,70,,84985,33,,,0,30,,84964,33,,,0,70,,84979,33,,,0,30,,84965,33,,,0,70,,84984,33,,,0,30,,84966,33,,,0,70,,84982,33,,,0,30,,84967,33,,,0,70,,84983,33,,,0,30,,84968,33,,,0,70,,84987,33,,,0,30,,84969,33,,,0,70,,84994,33,,,0,72,,84970,33,,,0
2800,'Sunday',729,,84999,33,,,0,30,,85010,33,,,0,70,,85004,33,,,0,30,,85011,33,,,0,70,,85005,33,,,0,30,,85012,33,,,0,70,,85006,33,,,0,30,,85013,33,,,0,70,,85002,33,,,0,30,,85014,33,,,0,70,,84995,33,,,0,30,,85015,33,,,0,70,,84996,33,,,0,30,,85016,33,,,0,70,,84997,33,,,0,30,,85017,33,,,0,70,,84998,33,,,0,30,,85018,33,,,0,70,,85000,33,,,0,30,,85019,33,,,0,70,,85003,33,,,0,30,,85020,33,,,0,70,,85001,33,,,0,30,,85021,33,,,0,70,,85008,33,,,0,30,,85022,33,,,0,70,,85009,33,,,0,30,,85023,33,,,0,72,,85007,33,,,0,70,,85024,33,,,0
2800,'Weekday',527,,85026,16,,,0,32,,85027,33,,,0,78,,85028,33,,,0,70,,85044,33,,,0,30,,85029,33,,,0,70,,85045,33,,,0,30,,85030,33,,,0,70,,85047,33,,,0,30,,85031,33,,,0,70,,85046,33,,,0,30,,85032,33,,,0,70,,85048,33,,,0,30,,85034,33,,,0,70,,85049,33,,,0,30,,85033,33,,,0,70,,85051,33,,,0,30,,85035,33,,,0,70,,85050,33,,,0,30,,85036,33,,,0,70,,85053,33,,,0,30,,85037,33,,,0,70,,85054,33,,,0,30,,85038,33,,,0,70,,85052,33,,,0,30,,85039,33,,,0,70,,85055,33,,,0,30,,85040,33,,,0,65,,85056,33,,,0,28,,85025,33,,,0,29,,85058,33,,,0,70,,85041,33,,,0,30,,85059,33,,,0,70,,85042,33,,,0,30,,85060,33,,,0,70,,85043,33,,,0,30,,85057,33,,,0,70,,85062,33,,,0,30,,85061,33,,,0
2800,'STMPSa-Saturday',559,,85075,33,,,0,70,,85081,33,,,0,30,,85073,33,,,0,70,,85089,33,,,0,30,,85079,33,,,0,70,,85087,33,,,0,30,,85072,33,,,0,70,,85094,33,,,0,30,,85074,33,,,0,70,,85091,33,,,0,30,,85076,33,,,0,70,,85090,33,,,0,30,,85077,33,,,0,70,,85092,33,,,0,30,,85078,33,,,0,70,,85093,33,,,0,30,,85063,33,,,0,70,,85082,33,,,0,30,,85064,33,,,0,70,,85086,33,,,0,30,,85065,33,,,0,70,,85080,33,,,0,30,,85066,33,,,0,70,,85085,33,,,0,30,,85067,33,,,0,70,,85083,33,,,0,30,,85068,33,,,0,70,,85084,33,,,0,30,,85069,33,,,0,70,,85088,33,,,0,30,,85070,33,,,0,70,,85095,33,,,0,72,,85071,33,,,0
2800,'STMPSnea-Weekday',527,,85097,16,,,0,32,,85098,33,,,0,78,,85099,33,,,0,70,,85115,33,,,0,30,,85100,33,,,0,70,,85116,33,,,0,30,,85101,33,,,0,70,,85118,33,,,0,30,,85102,33,,,0,70,,85117,33,,,0,30,,85103,33,,,0,70,,85119,33,,,0,30,,85105,33,,,0,70,,85120,33,,,0,30,,85104,33,,,0,70,,85122,33,,,0,30,,85106,33,,,0,70,,85121,33,,,0,30,,85107,33,,,0,70,,85124,33,,,0,30,,85108,33,,,0,70,,85125,33,,,0,30,,85109,33,,,0,70,,85123,33,,,0,30,,85110,33,,,0,70,,85126,33,,,0,30,,85111,33,,,0,65,,85127,33,,,0,28,,85096,33,,,0,29,,85129,33,,,0,70,,85112,33,,,0,30,,85130,33,,,0,70,,85113,33,,,0,30,,85131,33,,,0,70,,85114,33,,,0,30,,85128,33,,,0,70,,85133,33,,,0,30,,85132,33,,,0
2800,'STMPSu1-Sunday',729,,85138,33,,,0,30,,85149,33,,,0,70,,85143,33,,,0,30,,85150,33,,,0,70,,85144,33,,,0,30,,85151,33,,,0,70,,85145,33,,,0,30,,85152,33,,,0,70,,85141,33,,,0,30,,85153,33,,,0,70,,85134,33,,,0,30,,85154,33,,,0,70,,85135,33,,,0,30,,85156,33,,,0,70,,85136,33,,,0,30,,85155,33,,,0,70,,85137,33,,,0,30,,85157,33,,,0,70,,85139,33,,,0,30,,85158,33,,,0,70,,85142,33,,,0,30,,85159,33,,,0,70,,85140,33,,,0,30,,85160,33,,,0,70,,85147,33,,,0,30,,85161,33,,,0,70,,85148,33,,,0,30,,85162,33,,,0,72,,85146,33,,,0,70,,85163,33,,,0
2800,'STMPSu2-Sunday',729,,85168,33,,,0,30,,85179,33,,,0,70,,85173,33,,,0,30,,85180,33,,,0,70,,85174,33,,,0,30,,85181,33,,,0,70,,85175,33,,,0,30,,85182,33,,,0,70,,85171,33,,,0,30,,85183,33,,,0,70,,85164,33,,,0,30,,85184,33,,,0,70,,85165,33,,,0,30,,85185,33,,,0,70,,85166,33,,,0,30,,85186,33,,,0,70,,85167,33,,,0,30,,85187,33,,,0,70,,85169,33,,,0,30,,85188,33,,,0,70,,85172,33,,,0,30,,85189,33,,,0,70,,85170,33,,,0,30,,85190,33,,,0,70,,85177,33,,,0,30,,85191,33,,,0,70,,85178,33,,,0,30,,85192,33,,,0,72,,85176,33,,,0,70,,85193,33,,,0
2800,'STMPWeek-Weekday',527,,85195,16,,,0,32,,85196,33,,,0,78,,85197,33,,,0,70,,85213,33,,,0,30,,85198,33,,,0,70,,85214,33,,,0,30,,85199,33,,,0,70,,85216,33,,,0,30,,85200,33,,,0,70,,85215,33,,,0,30,,85201,33,,,0,70,,85217,33,,,0,30,,85203,33,,,0,70,,85218,33,,,0,30,,85202,33,,,0,70,,85220,33,,,0,30,,85204,33,,,0,70,,85219,33,,,0,30,,85205,33,,,0,70,,85222,33,,,0,30,,85206,33,,,0,70,,85223,33,,,0,30,,85207,33,,,0,70,,85221,33,,,0,30,,85208,33,,,0,70,,85224,33,,,0,30,,85209,33,,,0,65,,85225,33,,,0,28,,85194,33,,,0,29,,85227,33,,,0,70,,85210,33,,,0,30,,85228,33,,,0,70,,85211,33,,,0,30,,85229,33,,,0,70,,85212,33,,,0,30,,85226,33,,,0,70,,85231,33,,,0,30,,85230,33,,,0
2800,'STMPar-Weekday',527,,85233,16,,,0,32,,85234,33,,,0,78,,85235,33,,,0,70,,85251,33,,,0,30,,85236,33,,,0,70,,85252,33,,,0,30,,85237,33,,,0,70,,85254,33,,,0,30,,85238,33,,,0,70,,85253,33,,,0,30,,85239,33,,,0,70,,85255,33,,,0,30,,85241,33,,,0,70,,85256,33,,,0,30,,85240,33,,,0,70,,85258,33,,,0,30,,85242,33,,,0,70,,85257,33,,,0,30,,85243,33,,,0,70,,85260,33,,,0,30,,85244,33,,,0,70,,85261,33,,,0,30,,85245,33,,,0,70,,85259,33,,,0,30,,85246,33,,,0,70,,85262,33,,,0,30,,85247,33,,,0,65,,85263,33,,,0,28,,85232,33,,,0,29,,85265,33,,,0,70,,85248,33,,,0,30,,85266,33,,,0,70,,85249,33,,,0,30,,85267,33,,,0,70,,85250,33,,,0,30,,85264,33,,,0,70,,85269,33,,,0,30,,85268,33,,,0
4400,'Saturday',658,,91964,30,,,0,80,,91965,30,,,0,80,,91966,30,,,0,40,,91967,30,,,0,80,,91968,30,,,0,80,,91969,30,,,0,40,,91970,30,,,0,80,,91972,30,,,0,80,,91974,30,,,0,40,,91973,30,,,0,80,,91975,30,,,0,80,,91971,30,,,0,40,,91976,30,,,0,80,,91977,30,,,0,80,,91978,30,,,0,40,,91979,30,,,0,80,,91980,30,,,0,80,,91981,30,,,0,40,,91982,30,,,0,82,,91983,30,,,0
4400,'Weekday',540,,91984,30,,,0,80,,91985,30,,,0,80,,91986,30,,,0,38,,91987,30,,,0,73,,91988,30,,,0,40,,91990,30,,,0,89,,91991,30,,,0,80,,91989,30,,,0,80,,91993,30,,,0,40,,91994,30,,,0,80,,91992,30,,,0,80,,91995,30,,,0,40,,91996,30,,,0,80,,91997,30,,,0,88,,91999,30,,,0,34,,92000,30,,,0,78,,92001,30,,,0,80,,91998,30,,,0,40,,92002,30,,,0,80,,92003,30,,,0,80,,92004,30,,,0,40,,92005,30,,,0
4400,'STMPSa-Saturday',658,,92006,30,,,0,80,,92007,30,,,0,80,,92008,30,,,0,40,,92009,30,,,0,80,,92011,30,,,0,80,,92010,30,,,0,40,,92012,30,,,0,80,,92014,30,,,0,80,,92016,30,,,0,40,,92015,30,,,0,80,,92017,30,,,0,80,,92013,30,,,0,40,,92018,30,,,0,80,,92019,30,,,0,80,,92020,30,,,0,40,,92021,30,,,0,80,,92022,30,,,0,80,,92023,30,,,0,40,,92024,30,,,0,82,,92025,30,,,0
4400,'STMPSnea-Weekday',540,,92026,30,,,0,80,,92027,30,,,0,80,,92028,30,,,0,38,,92029,30,,,0,73,,92030,30,,,0,40,,92032,30,,,0,89,,92033,30,,,0,80,,92031,30,,,0,80,,92035,30,,,0,40,,92036,30,,,0,80,,92034,30,,,0,80,,92037,30,,,0,40,,92038,30,,,0,80,,92039,30,,,0,88,,92041,30,,,0,34,,92042,30,,,0,78,,92043,30,,,0,80,,92040,30,,,0,40,,92044,30,,,0,80,,92045,30,,,0,80,,92046,30,,,0,40,,92047,30,,,0
4400,'STMPWeek-Weekday',540,,92048,30,,,0,80,,92049,30,,,0,80,,92050,30,,,0,38,,92051,30,,,0,73,,92052,30,,,0,40,,92054,30,,,0,89,,92055,30,,,0,80,,92053,30,,,0,80,,92057,30,,,0,40,,92058,30,,,0,80,,92056,30,,,0,80,,92059,30,,,0,40,,92060,30,,,0,80,,92061,30,,,0,88,,92063,30,,,0,34,,92064,30,,,0,78,,92065,30,,,0,80,,92062,30,,,0,40,,92066,30,,,0,80,,92067,30,,,0,80,,92068,30,,,0,40,,92069,30,,,0
4400,'STMPar-Weekday',540,,92070,30,,,0,80,,92071,30,,,0,80,,92072,30,,,0,38,,92073,30,,,0,73,,92074,30,,,0,40,,92076,30,,,0,89,,92077,30,,,0,80,,92075,30,,,0,80,,92079,30,,,0,40,,92080,30,,,0,80,,92078,30,,,0,80,,92081,30,,,0,40,,92082,30,,,0,80,,92083,30,,,0,88,,92085,30,,,0,34,,92086,30,,,0,78,,92087,30,,,0,80,,92084,30,,,0,40,,92088,30,,,0,80,,92089,30,,,0,80,,92090,30,,,0,40,,92091,30,,,0
