4901,'Saturday',525,,38469,6,,,0,79,,38470,6,,,0,39,,38474,6,,,0,79,,38475,6,,,0,79,,38471,6,,,0,39,,38472,6,,,0,79,,38476,6,,,0,83,,38473,6,,,0,43,,38477,6,,,0,83,,38479,6,,,0,83,,38480,6,,,0,43,,38481,6,,,0,83,,38478,6,,,0,83,,38482,6,,,0,82,,38483,6,,,0,43,,38484,6,,,0,83,,38485,6,,,0,83,,38486,6,,,0,43,,38487,6,,,0,83,,38488,6,,,0,83,,38489,6,,,0,83,,38490,6,,,0,43,,38491,6,,,0,81,,38492,6,,,0,80,,38496,6,,,0,40,,38495,6,,,0,80,,38497,6,,,0,80,,38493,6,,,0,40,,38494,6,,,0
4901,'Sunday',555,,38499,6,,,0,75,,38500,6,,,0,75,,38498,6,,,0,35,,38501,6,,,0,75,,38503,6,,,0,35,,38502,6,,,0,75,,38504,6,,,0,76,,38505,6,,,0,37,,38506,6,,,0,77,,38507,6,,,0,37,,38509,6,,,0,77,,38510,6,,,0,77,,38511,6,,,0,37,,38508,6,,,0,77,,38513,6,,,0,37,,38512,6,,,0,79,,38515,6,,,0,79,,38517,6,,,0,39,,38514,6,,,0,78,,38518,6,,,0,76,,38516,6,,,0,36,,38519,6,,,0,76,,38520,6,,,0,36,,38521,6,,,0,76,,38522,6,,,0,76,,38523,6,,,0,36,,38527,6,,,0,76,,38528,6,,,0,36,,38525,6,,,0,76,,38524,6,,,0,76,,38526,6,,,0,36,,38529,6,,,0
4901,'Weekday',447,,38530,6,,,0,62,,38559,6,,,0,22,,38531,6,,,0,13,,38585,6,,,0,14,,38560,6,,,0,55,,38532,6,,,0,15,,38561,6,,,0,14,,38586,6,,,0,14,,38533,6,,,0,55,,38562,6,,,0,15,,38587,6,,,0,14,,38535,6,,,0,14,,38588,6,,,0,55,,38563,6,,,0,14,,38595,6,,,0,13,,38536,6,,,0,6,,38564,6,,,0,11,,38538,6,,,0,53,,38596,6,,,0,14,,38565,6,,,0,22,,38534,6,,,0,62,,38566,6,,,0,22,,38540,6,,,0,22,,38567,6,,,0,62,,38537,6,,,0,22,,38568,6,,,0,22,,38539,6,,,0,62,,38569,6,,,0,22,,38542,6,,,0,62,,38570,6,,,0,22,,38543,6,,,0,23,,38571,6,,,0,62,,38544,6,,,0,22,,38545,6,,,0,12,,38573,6,,,0,12,,38590,6,,,0,54,,38547,6,,,0,12,,38582,6,,,0,11,,38574,6,,,0,9,,38583,6,,,0,5,,38541,6,,,0,8,,38592,6,,,0,52,,38584,6,,,0,12,,38572,6,,,0,14,,38548,6,,,0,15,,38589,6,,,0,56,,38575,6,,,0,16,,38549,6,,,0,16,,38593,6,,,0,16,,38576,6,,,0,56,,38546,6,,,0,16,,38594,6,,,0,15,,38577,6,,,0,16,,38550,6,,,0,56,,38591,6,,,0,22,,38551,6,,,0,22,,38578,6,,,0,62,,38552,6,,,0,22,,38579,6,,,0,22,,38553,6,,,0,62,,38580,6,,,0,22,,38554,6,,,0,62,,38581,6,,,0,44,,38555,6,,,0,84,,38556,6,,,0,84,,38557,6,,,0,84,,38558,6,,,0
4901,'Weekday0000100',1420,,38597,6,,,0
4901,'1CCSDCUT-Weekday',447,,38598,6,,,0,62,,38627,6,,,0,22,,38599,6,,,0,13,,38653,6,,,0,14,,38628,6,,,0,55,,38600,6,,,0,15,,38629,6,,,0,14,,38654,6,,,0,14,,38601,6,,,0,55,,38630,6,,,0,15,,38655,6,,,0,14,,38603,6,,,0,14,,38656,6,,,0,55,,38631,6,,,0,14,,38663,6,,,0,13,,38604,6,,,0,6,,38632,6,,,0,11,,38606,6,,,0,53,,38664,6,,,0,14,,38633,6,,,0,22,,38602,6,,,0,62,,38634,6,,,0,22,,38608,6,,,0,22,,38635,6,,,0,62,,38605,6,,,0,22,,38636,6,,,0,22,,38607,6,,,0,62,,38637,6,,,0,22,,38610,6,,,0,62,,38638,6,,,0,22,,38611,6,,,0,23,,38639,6,,,0,62,,38612,6,,,0,22,,38613,6,,,0,12,,38641,6,,,0,12,,38658,6,,,0,54,,38615,6,,,0,12,,38650,6,,,0,11,,38642,6,,,0,9,,38651,6,,,0,5,,38609,6,,,0,8,,38660,6,,,0,52,,38652,6,,,0,12,,38640,6,,,0,14,,38616,6,,,0,15,,38657,6,,,0,56,,38643,6,,,0,16,,38617,6,,,0,16,,38661,6,,,0,16,,38644,6,,,0,56,,38614,6,,,0,16,,38662,6,,,0,15,,38645,6,,,0,16,,38618,6,,,0,56,,38659,6,,,0,22,,38619,6,,,0,22,,38646,6,,,0,62,,38620,6,,,0,22,,38647,6,,,0,22,,38621,6,,,0,62,,38648,6,,,0,22,,38622,6,,,0,62,,38649,6,,,0,44,,38623,6,,,0,84,,38624,6,,,0,84,,38625,6,,,0,84,,38626,6,,,0
4901,'1CCSDCUT-Weekday0000100',1420,,38665,6,,,0
15500,'Saturday',606,,60276,6,,,0,36,,60262,6,,,0,76,,60277,6,,,0,36,,60263,6,,,0,76,,60278,6,,,0,76,,60266,6,,,0,36,,60279,6,,,0,76,,60264,6,,,0,36,,60280,6,,,0,76,,60265,6,,,0,76,,60281,6,,,0,36,,60267,6,,,0,76,,60282,6,,,0,36,,60269,6,,,0,76,,60283,6,,,0,76,,60272,6,,,0,36,,60284,6,,,0,76,,60268,6,,,0,36,,60285,6,,,0,76,,60270,6,,,0,76,,60286,6,,,0,36,,60273,6,,,0,76,,60287,6,,,0,36,,60271,6,,,0,76,,60289,6,,,0,76,,60274,6,,,0,36,,60288,6,,,0,76,,60275,6,,,0,36,,60290,6,,,0
15500,'Sunday',606,,60319,6,,,0,36,,60318,6,,,0,76,,60317,6,,,0,36,,60316,6,,,0,76,,60315,6,,,0,76,,60314,6,,,0,36,,60313,6,,,0,76,,60310,6,,,0,36,,60311,6,,,0,76,,60309,6,,,0,76,,60312,6,,,0,36,,60306,6,,,0,76,,60305,6,,,0,36,,60308,6,,,0,76,,60307,6,,,0,76,,60302,6,,,0,36,,60303,6,,,0,76,,60301,6,,,0,36,,60304,6,,,0,76,,60300,6,,,0,76,,60299,6,,,0,36,,60297,6,,,0,76,,60298,6,,,0,36,,60296,6,,,0,76,,60295,6,,,0,76,,60294,6,,,0,36,,60293,6,,,0,76,,60292,6,,,0,36,,60291,6,,,0
15500,'Weekday',448,,60356,6,,,0,64,,60321,6,,,0,23,,60324,6,,,0,24,,60353,6,,,0,64,,60320,6,,,0,24,,60325,6,,,0,64,,60354,6,,,0,24,,60322,6,,,0,24,,60326,6,,,0,64,,60355,6,,,0,23,,60323,6,,,0,66,,60327,6,,,0,36,,60360,6,,,0,76,,60328,6,,,0,76,,60340,6,,,0,36,,60329,6,,,0,76,,60341,6,,,0,36,,60330,6,,,0,76,,60343,6,,,0,76,,60331,6,,,0,36,,60342,6,,,0,66,,60332,6,,,0,26,,60350,6,,,0,24,,60359,6,,,0,65,,60334,6,,,0,25,,60351,6,,,0,65,,60358,6,,,0,25,,60333,6,,,0,25,,60352,6,,,0,64,,60357,6,,,0,23,,60361,6,,,0,74,,60344,6,,,0,34,,60335,6,,,0,74,,60346,6,,,0,74,,60336,6,,,0,34,,60345,6,,,0,73,,60337,6,,,0,33,,60347,6,,,0,73,,60338,6,,,0,33,,60348,6,,,0,73,,60339,6,,,0,33,,60349,6,,,0
15500,'1CCSDCUT-Weekday',448,,60398,6,,,0,64,,60363,6,,,0,23,,60366,6,,,0,24,,60395,6,,,0,64,,60362,6,,,0,24,,60367,6,,,0,64,,60396,6,,,0,24,,60364,6,,,0,24,,60368,6,,,0,64,,60397,6,,,0,23,,60365,6,,,0,66,,60369,6,,,0,36,,60402,6,,,0,76,,60370,6,,,0,76,,60382,6,,,0,36,,60371,6,,,0,76,,60383,6,,,0,36,,60372,6,,,0,76,,60385,6,,,0,76,,60373,6,,,0,36,,60384,6,,,0,66,,60374,6,,,0,26,,60392,6,,,0,24,,60401,6,,,0,65,,60376,6,,,0,25,,60393,6,,,0,65,,60400,6,,,0,25,,60375,6,,,0,25,,60394,6,,,0,64,,60399,6,,,0,23,,60403,6,,,0,74,,60386,6,,,0,34,,60377,6,,,0,74,,60388,6,,,0,74,,60378,6,,,0,34,,60387,6,,,0,73,,60379,6,,,0,33,,60389,6,,,0,73,,60380,6,,,0,33,,60390,6,,,0,73,,60381,6,,,0,33,,60391,6,,,0
