'1BUSSA-Saturday-1-2024JU-0000010',30300,52700,,'',0,3000,,'',0,7000,,'',0,2900,,'',0,7000,,'',0,3000,,'',0,7000,,'',0,3000,,'',0,7000,,'',0,3000,,'',0,7300,,'',0,7300,,'',0,3400,,'',0,7300,,'',0,3300,,'',0,7300,,'',0,3300,,'',0,7300,,'',0,3300,,'',0,7300,,'',0,7300,,'',0,3300,,'',0,7300,,'',0,3300,,'',0,7300,,'',0,3300,,'',0,7200,,'',0,3100,,'',0,7100,,'',0,3000,,'',0,7000,,'',0,3000,,'',0,7000,,'',0,3000,,'',0,7000,,'',0,3000,,'',0,7000,,'',0
'1BUSSA-Saturday-1-2024JU-0000010',30301,61800,4,'',0,3000,4,'',0,7000,4,'',0,3000,4,'',0,7000,4,'',0,3000,4,'',0,7000,4,'',0,3000,4,'',0,7100,4,'',0,3700,4,'',0,7300,4,'',0,7300,4,'',0,3300,4,'',0,7300,4,'',0,3300,4,'',0,7300,4,'',0,3300,4,'',0,7300,4,'',0,3300,4,'',0,7200,4,'',0,3300,4,'',0,7300,4,'',0,7400,4,'',0,3300,4,'',0,7000,4,'',0,3100,4,'',0,7300,4,'',0,3000,4,'',0,7000,4,'',0,3000,4,'',0,7000,4,'',0,2900,4,'',0,6900,4,'',0,3000,4,'',0,7000,4,'',0,3000,4,'',0
'1BUSSA-Saturday-1-2024MA-0000010',30300,52700,,'',0,3000,,'',0,7000,,'',0,2900,,'',0,7000,,'',0,3000,,'',0,7000,,'',0,3000,,'',0,7000,,'',0,3000,,'',0,7300,,'',0,7300,,'',0,3400,,'',0,7300,,'',0,3300,,'',0,7300,,'',0,3300,,'',0,7300,,'',0,3300,,'',0,7300,,'',0,7300,,'',0,3300,,'',0,7300,,'',0,3300,,'',0,7300,,'',0,3300,,'',0,7200,,'',0,3100,,'',0,7100,,'',0,3000,,'',0,7000,,'',0,3000,,'',0,7000,,'',0,3000,,'',0,7000,,'',0,3000,,'',0,7000,,'',0
'1BUSSA-Saturday-1-2024MA-0000010',30301,61800,4,'',0,3000,4,'',0,7000,4,'',0,3000,4,'',0,7000,4,'',0,3000,4,'',0,7000,4,'',0,3000,4,'',0,7100,4,'',0,3700,4,'',0,7300,4,'',0,7300,4,'',0,3300,4,'',0,7300,4,'',0,3300,4,'',0,7300,4,'',0,3300,4,'',0,7300,4,'',0,3300,4,'',0,7200,4,'',0,3300,4,'',0,7300,4,'',0,7400,4,'',0,3300,4,'',0,7000,4,'',0,3100,4,'',0,7300,4,'',0,3000,4,'',0,7000,4,'',0,3000,4,'',0,7000,4,'',0,2900,4,'',0,6900,4,'',0,3000,4,'',0,7000,4,'',0,3000,4,'',0
'1BUSSU-Sunday-1-2024JU-0000001',30300,52700,,'',0,3000,,'',0,7000,,'',0,2900,,'',0,7000,,'',0,3000,,'',0,7000,,'',0,3000,,'',0,7000,,'',0,3000,,'',0,7300,,'',0,7300,,'',0,3400,,'',0,7300,,'',0,3300,,'',0,7300,,'',0,3300,,'',0,7300,,'',0,3300,,'',0,7300,,'',0,7300,,'',0,3300,,'',0,7300,,'',0,3300,,'',0,7300,,'',0,3300,,'',0,7200,,'',0,3100,,'',0,7100,,'',0,3000,,'',0,7000,,'',0,3000,,'',0,7000,,'',0,3000,,'',0,7000,,'',0,3000,,'',0,7000,,'',0
'1BUSSU-Sunday-1-2024JU-0000001',30301,61800,4,'',0,3000,4,'',0,7000,4,'',0,3000,4,'',0,7000,4,'',0,3000,4,'',0,7000,4,'',0,3000,4,'',0,7100,4,'',0,3700,4,'',0,7300,4,'',0,7300,4,'',0,3300,4,'',0,7300,4,'',0,3300,4,'',0,7300,4,'',0,3300,4,'',0,7300,4,'',0,3300,4,'',0,7200,4,'',0,3300,4,'',0,7300,4,'',0,7400,4,'',0,3300,4,'',0,7000,4,'',0,3100,4,'',0,7300,4,'',0,3000,4,'',0,7000,4,'',0,3000,4,'',0,7000,4,'',0,2900,4,'',0,6900,4,'',0,3000,4,'',0,7000,4,'',0,3000,4,'',0
'1BUSSU-Sunday-1-2024MA-0000001',30300,52700,,'',0,3000,,'',0,7000,,'',0,2900,,'',0,7000,,'',0,3000,,'',0,7000,,'',0,3000,,'',0,7000,,'',0,3000,,'',0,7300,,'',0,7300,,'',0,3400,,'',0,7300,,'',0,3300,,'',0,7300,,'',0,3300,,'',0,7300,,'',0,3300,,'',0,7300,,'',0,7300,,'',0,3300,,'',0,7300,,'',0,3300,,'',0,7300,,'',0,3300,,'',0,7200,,'',0,3100,,'',0,7100,,'',0,3000,,'',0,7000,,'',0,3000,,'',0,7000,,'',0,3000,,'',0,7000,,'',0,3000,,'',0,7000,,'',0
'1BUSSU-Sunday-1-2024MA-0000001',30301,61800,4,'',0,3000,4,'',0,7000,4,'',0,3000,4,'',0,7000,4,'',0,3000,4,'',0,7000,4,'',0,3000,4,'',0,7100,4,'',0,3700,4,'',0,7300,4,'',0,7300,4,'',0,3300,4,'',0,7300,4,'',0,3300,4,'',0,7300,4,'',0,3300,4,'',0,7300,4,'',0,3300,4,'',0,7200,4,'',0,3300,4,'',0,7300,4,'',0,7400,4,'',0,3300,4,'',0,7000,4,'',0,3100,4,'',0,7300,4,'',0,3000,4,'',0,7000,4,'',0,3000,4,'',0,7000,4,'',0,2900,4,'',0,6900,4,'',0,3000,4,'',0,7000,4,'',0,3000,4,'',0
'1BUSWK-Weekday-1-2024JU-1111100',30300,51500,,'',0,1400,,'',0,1200,,'',0,1200,,'',0,5300,,'',0,1200,,'',0,1200,,'',0,1200,,'',0,1200,,'',0,5200,,'',0,1200,,'',0,1200,,'',0,1200,,'',0,1200,,'',0,5100,,'',0,1000,,'',0,1000,,'',0,1100,,'',0,1100,,'',0,1100,,'',0,5100,,'',0,1100,,'',0,1100,,'',0,1100,,'',0,1100,,'',0,5100,,'',0,1100,,'',0,1100,,'',0,1100,,'',0,1100,,'',0,1100,,'',0,5100,,'',0,1100,,'',0,1100,,'',0,1100,,'',0,1100,,'',0,5100,,'',0,1100,,'',0,1100,,'',0,1100,,'',0,1100,,'',0,5100,,'',0,1100,,'',0,1100,,'',0,1100,,'',0,1100,,'',0,1100,,'',0,5100,,'',0,1200,,'',0,1100,,'',0,1100,,'',0,1100,,'',0,5100,,'',0,1000,,'',0,800,,'',0,800,,'',0,800,,'',0,800,,'',0,800,,'',0,4800,,'',0,800,,'',0,800,,'',0,800,,'',0,800,,'',0,800,,'',0,800,,'',0,800,,'',0,4700,,'',0,700,,'',0,800,,'',0,800,,'',0,800,,'',0,800,,'',0,900,,'',0,5100,,'',0,1100,,'',0,1200,,'',0,2000,,'',0,6000,,'',0,2000,,'',0,2000,,'',0,6000,,'',0,2000,,'',0,2000,,'',0,6000,,'',0,2000,,'',0,2000,,'',0,6000,,'',0,2000,,'',0,1900,,'',0,6000,,'',0,3000,,'',0,7000,,'',0,3000,,'',0
'1BUSWK-Weekday-1-2024JU-1111100',30301,55500,4,'',0,5500,4,'',0,1500,4,'',0,1100,4,'',0,1200,4,'',0,5300,4,'',0,1200,4,'',0,1100,4,'',0,800,4,'',0,700,4,'',0,700,4,'',0,800,4,'',0,4800,4,'',0,800,4,'',0,800,4,'',0,800,4,'',0,800,4,'',0,800,4,'',0,800,4,'',0,800,4,'',0,4700,4,'',0,800,4,'',0,1100,4,'',0,1100,4,'',0,1100,4,'',0,1100,4,'',0,5100,4,'',0,1100,4,'',0,1100,4,'',0,1100,4,'',0,1100,4,'',0,5100,4,'',0,1100,4,'',0,1100,4,'',0,1100,4,'',0,1100,4,'',0,1100,4,'',0,5100,4,'',0,1100,4,'',0,1100,4,'',0,1100,4,'',0,1100,4,'',0,5100,4,'',0,1100,4,'',0,1100,4,'',0,1100,4,'',0,1100,4,'',0,1100,4,'',0,5100,4,'',0,1100,4,'',0,1100,4,'',0,1100,4,'',0,1300,4,'',0,5100,4,'',0,1000,4,'',0,1200,4,'',0,1100,4,'',0,1100,4,'',0,5100,4,'',0,1100,4,'',0,1100,4,'',0,1100,4,'',0,1000,4,'',0,1100,4,'',0,5100,4,'',0,1000,4,'',0,1100,4,'',0,1100,4,'',0,1100,4,'',0,5100,4,'',0,1100,4,'',0,1100,4,'',0,1100,4,'',0,1100,4,'',0,5800,4,'',0,2000,4,'',0,2000,4,'',0,5800,4,'',0,1800,4,'',0,1900,4,'',0,2000,4,'',0,6000,4,'',0,2000,4,'',0,1800,4,'',0,5800,4,'',0,2000,4,'',0,2000,4,'',0,6000,4,'',0,2000,4,'',0,2100,4,'',0,7200,4,'',0,2800,4,'',0
'STMPPar-Weekday-1-2024JU-1111100',30300,51500,,'',0,1400,,'',0,1200,,'',0,1200,,'',0,5300,,'',0,1200,,'',0,1200,,'',0,1200,,'',0,1200,,'',0,5200,,'',0,1200,,'',0,1200,,'',0,1200,,'',0,1200,,'',0,5100,,'',0,1000,,'',0,1000,,'',0,1100,,'',0,1100,,'',0,1100,,'',0,5100,,'',0,1100,,'',0,1100,,'',0,1100,,'',0,1100,,'',0,5100,,'',0,1100,,'',0,1100,,'',0,1100,,'',0,1100,,'',0,1100,,'',0,5100,,'',0,1100,,'',0,1100,,'',0,1100,,'',0,1100,,'',0,5100,,'',0,1100,,'',0,1100,,'',0,1100,,'',0,1100,,'',0,5100,,'',0,1100,,'',0,1100,,'',0,1100,,'',0,1100,,'',0,1100,,'',0,5100,,'',0,1200,,'',0,1100,,'',0,1100,,'',0,1100,,'',0,5100,,'',0,1000,,'',0,800,,'',0,800,,'',0,800,,'',0,800,,'',0,800,,'',0,4800,,'',0,800,,'',0,800,,'',0,800,,'',0,800,,'',0,800,,'',0,800,,'',0,800,,'',0,4700,,'',0,700,,'',0,800,,'',0,800,,'',0,800,,'',0,800,,'',0,900,,'',0,5100,,'',0,1100,,'',0,1200,,'',0,2000,,'',0,6000,,'',0,2000,,'',0,2000,,'',0,6000,,'',0,2000,,'',0,2000,,'',0,6000,,'',0,2000,,'',0,2000,,'',0,6000,,'',0,2000,,'',0,1900,,'',0,6000,,'',0,3000,,'',0,7000,,'',0,3000,,'',0,2500,,'',0,6400,,'',0
'STMPPar-Weekday-1-2024JU-1111100',30301,55500,4,'',0,5500,4,'',0,1500,4,'',0,1100,4,'',0,1200,4,'',0,5300,4,'',0,1200,4,'',0,1100,4,'',0,800,4,'',0,700,4,'',0,700,4,'',0,800,4,'',0,4800,4,'',0,800,4,'',0,800,4,'',0,800,4,'',0,800,4,'',0,800,4,'',0,800,4,'',0,800,4,'',0,4700,4,'',0,800,4,'',0,1100,4,'',0,1100,4,'',0,1100,4,'',0,1100,4,'',0,5100,4,'',0,1100,4,'',0,1100,4,'',0,1100,4,'',0,1100,4,'',0,5100,4,'',0,1100,4,'',0,1100,4,'',0,1100,4,'',0,1100,4,'',0,1100,4,'',0,5100,4,'',0,1100,4,'',0,1100,4,'',0,1100,4,'',0,1100,4,'',0,5100,4,'',0,1100,4,'',0,1100,4,'',0,1100,4,'',0,1100,4,'',0,1100,4,'',0,5100,4,'',0,1100,4,'',0,1100,4,'',0,1100,4,'',0,1300,4,'',0,5100,4,'',0,1000,4,'',0,1200,4,'',0,1100,4,'',0,1100,4,'',0,5100,4,'',0,1100,4,'',0,1100,4,'',0,1100,4,'',0,1000,4,'',0,1100,4,'',0,5100,4,'',0,1000,4,'',0,1100,4,'',0,1100,4,'',0,1100,4,'',0,5100,4,'',0,1100,4,'',0,1100,4,'',0,1100,4,'',0,1100,4,'',0,5800,4,'',0,2000,4,'',0,2000,4,'',0,5800,4,'',0,1800,4,'',0,1900,4,'',0,2000,4,'',0,6000,4,'',0,2000,4,'',0,1800,4,'',0,5800,4,'',0,2000,4,'',0,2000,4,'',0,6000,4,'',0,2000,4,'',0,2100,4,'',0,7200,4,'',0,2800,4,'',0,6500,4,'',0,3300,4,'',0
'STMPSat-Saturday-1-2024JU-0000010',30300,52700,,'',0,3000,,'',0,7000,,'',0,2900,,'',0,7000,,'',0,3000,,'',0,7000,,'',0,3000,,'',0,7000,,'',0,3000,,'',0,7300,,'',0,7300,,'',0,3400,,'',0,7300,,'',0,3300,,'',0,7300,,'',0,3300,,'',0,7300,,'',0,3300,,'',0,7300,,'',0,7300,,'',0,3300,,'',0,7300,,'',0,3300,,'',0,7300,,'',0,3300,,'',0,7200,,'',0,3100,,'',0,7100,,'',0,3000,,'',0,7000,,'',0,3000,,'',0,7000,,'',0,3000,,'',0,7000,,'',0,3100,,'',0,6900,,'',0,2600,,'',0,7500,,'',0
'STMPSat-Saturday-1-2024JU-0000010',30301,61800,4,'',0,3000,4,'',0,7000,4,'',0,3000,4,'',0,7000,4,'',0,3000,4,'',0,7000,4,'',0,3000,4,'',0,7100,4,'',0,3700,4,'',0,7300,4,'',0,7300,4,'',0,3300,4,'',0,7300,4,'',0,3300,4,'',0,7300,4,'',0,3300,4,'',0,7300,4,'',0,3300,4,'',0,7200,4,'',0,3300,4,'',0,7300,4,'',0,7400,4,'',0,3300,4,'',0,7000,4,'',0,3100,4,'',0,7300,4,'',0,3000,4,'',0,7000,4,'',0,3000,4,'',0,7000,4,'',0,2900,4,'',0,6900,4,'',0,3000,4,'',0,7000,4,'',0,3000,4,'',0,7000,4,'',0,3000,4,'',0,6700,4,'',0
'STMPSnea-Weekday-1-2024JU-1111100',30300,51500,,'',0,1400,,'',0,1200,,'',0,1200,,'',0,5300,,'',0,1200,,'',0,1200,,'',0,1200,,'',0,1200,,'',0,5200,,'',0,1200,,'',0,1200,,'',0,1200,,'',0,1200,,'',0,5100,,'',0,1000,,'',0,1000,,'',0,1100,,'',0,1100,,'',0,1100,,'',0,5100,,'',0,1100,,'',0,1100,,'',0,1100,,'',0,1100,,'',0,5100,,'',0,1100,,'',0,1100,,'',0,1100,,'',0,1100,,'',0,1100,,'',0,5100,,'',0,1100,,'',0,1100,,'',0,1100,,'',0,1100,,'',0,5100,,'',0,1100,,'',0,1100,,'',0,1100,,'',0,1100,,'',0,5100,,'',0,1100,,'',0,1100,,'',0,1100,,'',0,1100,,'',0,1100,,'',0,5100,,'',0,1200,,'',0,1100,,'',0,1100,,'',0,1100,,'',0,5100,,'',0,1000,,'',0,800,,'',0,800,,'',0,800,,'',0,800,,'',0,800,,'',0,4800,,'',0,800,,'',0,800,,'',0,800,,'',0,800,,'',0,800,,'',0,800,,'',0,800,,'',0,4700,,'',0,700,,'',0,800,,'',0,800,,'',0,800,,'',0,800,,'',0,900,,'',0,5100,,'',0,1100,,'',0,1200,,'',0,2000,,'',0,6000,,'',0,2000,,'',0,2000,,'',0,6000,,'',0,2000,,'',0,2000,,'',0,6000,,'',0,2000,,'',0,2000,,'',0,6000,,'',0,2000,,'',0,1900,,'',0,6000,,'',0,3000,,'',0,7000,,'',0,3000,,'',0
'STMPSnea-Weekday-1-2024JU-1111100',30301,55500,4,'',0,5500,4,'',0,1500,4,'',0,1100,4,'',0,1200,4,'',0,5300,4,'',0,1200,4,'',0,1100,4,'',0,800,4,'',0,700,4,'',0,700,4,'',0,800,4,'',0,4800,4,'',0,800,4,'',0,800,4,'',0,800,4,'',0,800,4,'',0,800,4,'',0,800,4,'',0,800,4,'',0,4700,4,'',0,800,4,'',0,1100,4,'',0,1100,4,'',0,1100,4,'',0,1100,4,'',0,5100,4,'',0,1100,4,'',0,1100,4,'',0,1100,4,'',0,1100,4,'',0,5100,4,'',0,1100,4,'',0,1100,4,'',0,1100,4,'',0,1100,4,'',0,1100,4,'',0,5100,4,'',0,1100,4,'',0,1100,4,'',0,1100,4,'',0,1100,4,'',0,5100,4,'',0,1100,4,'',0,1100,4,'',0,1100,4,'',0,1100,4,'',0,1100,4,'',0,5100,4,'',0,1100,4,'',0,1100,4,'',0,1100,4,'',0,1300,4,'',0,5100,4,'',0,1000,4,'',0,1200,4,'',0,1100,4,'',0,1100,4,'',0,5100,4,'',0,1100,4,'',0,1100,4,'',0,1100,4,'',0,1000,4,'',0,1100,4,'',0,5100,4,'',0,1000,4,'',0,1100,4,'',0,1100,4,'',0,1100,4,'',0,5100,4,'',0,1100,4,'',0,1100,4,'',0,1100,4,'',0,1100,4,'',0,5800,4,'',0,2000,4,'',0,2000,4,'',0,5800,4,'',0,1800,4,'',0,1900,4,'',0,2000,4,'',0,6000,4,'',0,2000,4,'',0,1800,4,'',0,5800,4,'',0,2000,4,'',0,2000,4,'',0,6000,4,'',0,2000,4,'',0,2100,4,'',0,7200,4,'',0,2800,4,'',0
'STMPSu1-Sunday-1-2024JU-0000001',30300,52700,,'',0,3000,,'',0,7000,,'',0,2900,,'',0,7000,,'',0,3000,,'',0,7000,,'',0,3000,,'',0,7000,,'',0,3000,,'',0,7300,,'',0,7300,,'',0,3400,,'',0,7300,,'',0,3300,,'',0,7300,,'',0,3300,,'',0,7300,,'',0,3300,,'',0,7300,,'',0,7300,,'',0,3300,,'',0,7300,,'',0,3300,,'',0,7300,,'',0,3300,,'',0,7200,,'',0,3100,,'',0,7100,,'',0,3000,,'',0,7000,,'',0,3000,,'',0,7000,,'',0,3000,,'',0,7000,,'',0,3000,,'',0,7000,,'',0,2600,,'',0,7500,,'',0
'STMPSu1-Sunday-1-2024JU-0000001',30301,61800,4,'',0,3000,4,'',0,7000,4,'',0,3000,4,'',0,7000,4,'',0,3000,4,'',0,7000,4,'',0,3000,4,'',0,7100,4,'',0,3700,4,'',0,7300,4,'',0,7300,4,'',0,3300,4,'',0,7300,4,'',0,3300,4,'',0,7300,4,'',0,3300,4,'',0,7300,4,'',0,3300,4,'',0,7200,4,'',0,3300,4,'',0,7300,4,'',0,7400,4,'',0,3300,4,'',0,7000,4,'',0,3100,4,'',0,7300,4,'',0,3000,4,'',0,7000,4,'',0,3000,4,'',0,7000,4,'',0,2900,4,'',0,6900,4,'',0,3000,4,'',0,7000,4,'',0,3000,4,'',0,7000,4,'',0,3000,4,'',0,6800,4,'',0
'STMPSu2-Sunday-1-2024JU-0000001',30300,52700,,'',0,3000,,'',0,7000,,'',0,2900,,'',0,7000,,'',0,3000,,'',0,7000,,'',0,3000,,'',0,7000,,'',0,3000,,'',0,7300,,'',0,7300,,'',0,3400,,'',0,7300,,'',0,3300,,'',0,7300,,'',0,3300,,'',0,7300,,'',0,3300,,'',0,7300,,'',0,7300,,'',0,3300,,'',0,7300,,'',0,3300,,'',0,7300,,'',0,3300,,'',0,7200,,'',0,3100,,'',0,7100,,'',0,3000,,'',0,7000,,'',0,3000,,'',0,7000,,'',0,3000,,'',0,7000,,'',0,3000,,'',0,7000,,'',0,2600,,'',0,7500,,'',0
'STMPSu2-Sunday-1-2024JU-0000001',30301,61800,4,'',0,3000,4,'',0,7000,4,'',0,3000,4,'',0,7000,4,'',0,3000,4,'',0,7000,4,'',0,3000,4,'',0,7100,4,'',0,3700,4,'',0,7300,4,'',0,7300,4,'',0,3300,4,'',0,7300,4,'',0,3300,4,'',0,7300,4,'',0,3300,4,'',0,7300,4,'',0,3300,4,'',0,7200,4,'',0,3300,4,'',0,7300,4,'',0,7400,4,'',0,3300,4,'',0,7000,4,'',0,3100,4,'',0,7300,4,'',0,3000,4,'',0,7000,4,'',0,3000,4,'',0,7000,4,'',0,2900,4,'',0,6900,4,'',0,3000,4,'',0,7000,4,'',0,3000,4,'',0,7000,4,'',0,3000,4,'',0,6800,4,'',0
'STMPWeek-Weekday-1-2024JU-1111100',30300,51500,,'',0,1400,,'',0,1200,,'',0,1200,,'',0,5300,,'',0,1200,,'',0,1200,,'',0,1200,,'',0,1200,,'',0,5200,,'',0,1200,,'',0,1200,,'',0,1200,,'',0,1200,,'',0,5100,,'',0,1000,,'',0,1000,,'',0,1100,,'',0,1100,,'',0,1100,,'',0,5100,,'',0,1100,,'',0,1100,,'',0,1100,,'',0,1100,,'',0,5100,,'',0,1100,,'',0,1100,,'',0,1100,,'',0,1100,,'',0,1100,,'',0,5100,,'',0,1100,,'',0,1100,,'',0,1100,,'',0,1100,,'',0,5100,,'',0,1100,,'',0,1100,,'',0,1100,,'',0,1100,,'',0,5100,,'',0,1100,,'',0,1100,,'',0,1100,,'',0,1100,,'',0,1100,,'',0,5100,,'',0,1200,,'',0,1100,,'',0,1100,,'',0,1100,,'',0,5100,,'',0,1000,,'',0,800,,'',0,800,,'',0,800,,'',0,800,,'',0,800,,'',0,4800,,'',0,800,,'',0,800,,'',0,800,,'',0,800,,'',0,800,,'',0,800,,'',0,800,,'',0,4700,,'',0,700,,'',0,800,,'',0,800,,'',0,800,,'',0,800,,'',0,900,,'',0,5100,,'',0,1100,,'',0,1200,,'',0,2000,,'',0,6000,,'',0,2000,,'',0,2000,,'',0,6000,,'',0,2000,,'',0,2000,,'',0,6000,,'',0,2000,,'',0,2000,,'',0,6000,,'',0,2000,,'',0,1900,,'',0,6000,,'',0,3000,,'',0,7000,,'',0,3000,,'',0,2500,,'',0,6400,,'',0
'STMPWeek-Weekday-1-2024JU-1111100',30301,55500,4,'',0,5500,4,'',0,1500,4,'',0,1100,4,'',0,1200,4,'',0,5300,4,'',0,1200,4,'',0,1100,4,'',0,800,4,'',0,700,4,'',0,700,4,'',0,800,4,'',0,4800,4,'',0,800,4,'',0,800,4,'',0,800,4,'',0,800,4,'',0,800,4,'',0,800,4,'',0,800,4,'',0,4700,4,'',0,800,4,'',0,1100,4,'',0,1100,4,'',0,1100,4,'',0,1100,4,'',0,5100,4,'',0,1100,4,'',0,1100,4,'',0,1100,4,'',0,1100,4,'',0,5100,4,'',0,1100,4,'',0,1100,4,'',0,1100,4,'',0,1100,4,'',0,1100,4,'',0,5100,4,'',0,1100,4,'',0,1100,4,'',0,1100,4,'',0,1100,4,'',0,5100,4,'',0,1100,4,'',0,1100,4,'',0,1100,4,'',0,1100,4,'',0,1100,4,'',0,5100,4,'',0,1100,4,'',0,1100,4,'',0,1100,4,'',0,1300,4,'',0,5100,4,'',0,1000,4,'',0,1200,4,'',0,1100,4,'',0,1100,4,'',0,5100,4,'',0,1100,4,'',0,1100,4,'',0,1100,4,'',0,1000,4,'',0,1100,4,'',0,5100,4,'',0,1000,4,'',0,1100,4,'',0,1100,4,'',0,1100,4,'',0,5100,4,'',0,1100,4,'',0,1100,4,'',0,1100,4,'',0,1100,4,'',0,5800,4,'',0,2000,4,'',0,2000,4,'',0,5800,4,'',0,1800,4,'',0,1900,4,'',0,2000,4,'',0,6000,4,'',0,2000,4,'',0,1800,4,'',0,5800,4,'',0,2000,4,'',0,2000,4,'',0,6000,4,'',0,2000,4,'',0,2100,4,'',0,7200,4,'',0,2800,4,'',0,6500,4,'',0,3300,4,'',0
