8200,'Saturday',705,,45920,36,,,0,30,,45921,36,,,0,70,,45922,36,,,0,30,,45923,36,,,0,70,,45924,36,,,0,30,,45925,36,,,0,70,,45926,36,,,0,30,,45943,36,,,0,70,,45945,36,,,0,30,,45928,36,,,0,70,,45941,36,,,0,30,,45934,36,,,0,70,,45929,36,,,0,30,,45942,36,,,0,70,,45935,36,,,0,30,,45927,36,,,0,70,,45940,36,,,0,30,,45936,36,,,0,70,,45930,36,,,0,30,,45939,36,,,0,70,,45946,36,,,0,30,,45931,36,,,0,70,,45937,36,,,0,30,,45944,36,,,0,70,,45932,36,,,0,30,,45938,36,,,0,70,,45947,36,,,0,30,,45933,36,,,0,70,,45953,36,,,0,30,,45954,36,,,0,70,,45955,36,,,0,30,,45950,36,,,0,70,,45949,36,,,0,30,,45951,36,,,0,70,,45948,36,,,0,30,,45952,36,,,0
8200,'Sunday',705,,45956,36,,,0,30,,45968,36,,,0,70,,45980,36,,,0,30,,45957,36,,,0,70,,45969,36,,,0,30,,45981,36,,,0,70,,45958,36,,,0,30,,45970,36,,,0,70,,45982,36,,,0,30,,45959,36,,,0,70,,45971,36,,,0,30,,45983,36,,,0,70,,45960,36,,,0,30,,45972,36,,,0,70,,45984,36,,,0,30,,45961,36,,,0,70,,45973,36,,,0,30,,45985,36,,,0,70,,45962,36,,,0,30,,45974,36,,,0,70,,45986,36,,,0,30,,45963,36,,,0,70,,45975,36,,,0,30,,45987,36,,,0,70,,45964,36,,,0,30,,45976,36,,,0,70,,45989,36,,,0,30,,45965,36,,,0,70,,45977,36,,,0,30,,45990,36,,,0,70,,45966,36,,,0,30,,45978,36,,,0,70,,45988,36,,,0,30,,45967,36,,,0,70,,45979,36,,,0,30,,45991,36,,,0
8200,'Weekday',702,,45997,36,,,0,36,,46007,36,,,0,73,,46017,36,,,0,17,,46026,36,,,0,16,,45998,36,,,0,73,,46008,36,,,0,32,,46018,36,,,0,72,,45999,36,,,0,33,,46009,36,,,0,73,,46019,36,,,0,73,,46001,36,,,0,35,,46010,36,,,0,73,,46020,36,,,0,33,,46000,36,,,0,12,,45996,36,,,0,61,,46011,36,,,0,33,,46021,36,,,0,75,,46002,36,,,0,36,,46012,36,,,0,54,,45992,36,,,0,19,,46022,36,,,0,17,,45994,36,,,0,56,,46003,36,,,0,16,,45993,36,,,0,15,,46013,36,,,0,17,,45995,36,,,0,56,,46023,36,,,0,33,,46004,36,,,0,70,,46014,36,,,0,31,,46024,36,,,0,73,,46006,36,,,0,33,,46015,36,,,0,73,,46025,36,,,0,33,,46005,36,,,0,73,,46016,36,,,0,73,,46027,36,,,0,33,,46028,36,,,0,73,,46029,36,,,0,33,,46030,36,,,0
8200,'1CCSDCUT-Weekday',702,,46036,36,,,0,36,,46046,36,,,0,73,,46056,36,,,0,17,,46065,36,,,0,16,,46037,36,,,0,73,,46047,36,,,0,32,,46057,36,,,0,72,,46038,36,,,0,33,,46048,36,,,0,73,,46058,36,,,0,73,,46040,36,,,0,35,,46049,36,,,0,73,,46059,36,,,0,33,,46039,36,,,0,12,,46035,36,,,0,61,,46050,36,,,0,33,,46060,36,,,0,75,,46041,36,,,0,36,,46051,36,,,0,54,,46031,36,,,0,19,,46061,36,,,0,17,,46033,36,,,0,56,,46042,36,,,0,16,,46032,36,,,0,15,,46052,36,,,0,17,,46034,36,,,0,56,,46062,36,,,0,33,,46043,36,,,0,70,,46053,36,,,0,31,,46063,36,,,0,73,,46045,36,,,0,33,,46054,36,,,0,73,,46064,36,,,0,33,,46044,36,,,0,73,,46055,36,,,0,73,,46066,36,,,0,33,,46067,36,,,0,73,,46068,36,,,0,33,,46069,36,,,0
11501,'Saturday',655,,53859,27,,,0,78,,53860,27,,,0,78,,53861,27,,,0,38,,53862,27,,,0,80,,53863,27,,,0,78,,53864,27,,,0,38,,53865,27,,,0,78,,53866,27,,,0,78,,53867,27,,,0,38,,53868,27,,,0,78,,53869,27,,,0,38,,53870,27,,,0,78,,53871,27,,,0,78,,53872,27,,,0,38,,53873,27,,,0,78,,53874,27,,,0,78,,53877,27,,,0,38,,53878,27,,,0,78,,53875,27,,,0,38,,53876,27,,,0,76,,53881,27,,,0,78,,53879,27,,,0,38,,53880,27,,,0,78,,53882,27,,,0,78,,53883,27,,,0,38,,53884,27,,,0,78,,53885,27,,,0
11501,'Sunday',655,,53886,27,,,0,78,,53887,27,,,0,78,,53888,27,,,0,38,,53889,27,,,0,80,,53890,27,,,0,78,,53891,27,,,0,38,,53892,27,,,0,78,,53893,27,,,0,78,,53894,27,,,0,38,,53895,27,,,0,78,,53896,27,,,0,38,,53897,27,,,0,78,,53898,27,,,0,78,,53899,27,,,0,38,,53900,27,,,0,78,,53901,27,,,0,78,,53904,27,,,0,38,,53905,27,,,0,78,,53902,27,,,0,38,,53903,27,,,0,76,,53908,27,,,0,78,,53906,27,,,0,38,,53907,27,,,0,78,,53909,27,,,0,78,,53910,27,,,0,38,,53911,27,,,0,78,,53912,27,,,0
11501,'Weekday',601,,53916,27,,,0,29,,53945,27,,,0,8,,53914,27,,,0,72,,53915,27,,,0,32,,53927,27,,,0,72,,53918,27,,,0,32,,53921,27,,,0,70,,53920,27,,,0,29,,53924,27,,,0,72,,53922,27,,,0,32,,53919,27,,,0,72,,53923,27,,,0,32,,53926,27,,,0,72,,53925,27,,,0,32,,53930,27,,,0,72,,53929,27,,,0,72,,53931,27,,,0,32,,53934,27,,,0,77,,53936,27,,,0,32,,53938,27,,,0,72,,53932,27,,,0,21,,53946,27,,,0,11,,53935,27,,,0,3,,53947,27,,,0,69,,53937,27,,,0,32,,53939,27,,,0,72,,53940,27,,,0,32,,53933,27,,,0,68,,53944,27,,,0,31,,53941,27,,,0,72,,53928,27,,,0,32,,53942,27,,,0,72,,53917,27,,,0,72,,53943,27,,,0,32,,53913,27,,,0
11501,'1CCSDCUT-Weekday',601,,53951,27,,,0,29,,53980,27,,,0,8,,53949,27,,,0,72,,53950,27,,,0,32,,53962,27,,,0,72,,53953,27,,,0,32,,53956,27,,,0,70,,53955,27,,,0,29,,53959,27,,,0,72,,53957,27,,,0,32,,53954,27,,,0,72,,53958,27,,,0,32,,53961,27,,,0,72,,53960,27,,,0,32,,53965,27,,,0,72,,53964,27,,,0,72,,53966,27,,,0,32,,53969,27,,,0,77,,53971,27,,,0,32,,53973,27,,,0,72,,53967,27,,,0,21,,53981,27,,,0,11,,53970,27,,,0,3,,53982,27,,,0,69,,53972,27,,,0,32,,53974,27,,,0,72,,53975,27,,,0,32,,53968,27,,,0,68,,53979,27,,,0,31,,53976,27,,,0,72,,53963,27,,,0,32,,53977,27,,,0,72,,53952,27,,,0,72,,53978,27,,,0,32,,53948,27,,,0
77101,'Weekday',747,,68725,14,0,5 6 1 7 8,0
77101,'1CCSDCUT-Weekday',747,,68727,14,0,5 6 1 7 8,0
78201,'Weekday',753,,68786,13,0,9 10 11 7 8,0
78201,'1CCSDCUT-Weekday',753,,68787,13,0,9 10 11 7 8,0
81801,'Weekday',758,,68944,2,0,12 13 14 15 16,0
