1501,'Saturday',657,,79302,13,,,0,78,,79309,13,,,0,78,,79315,13,,,0,38,,79303,13,,,0,78,,79310,13,,,0,78,,79317,13,,,0,38,,79304,13,,,0,78,,79311,13,,,0,78,,79316,13,,,0,38,,79305,13,,,0,78,,79312,13,,,0,38,,79318,13,,,0,78,,79306,13,,,0,78,,79313,13,,,0,38,,79319,13,,,0,78,,79307,13,,,0,78,,79314,13,,,0,38,,79320,13,,,0,78,,79308,13,,,0
1501,'Sunday',657,,79321,13,,,0,97,,79328,13,,,0,97,,79322,13,,,0,97,,79329,13,,,0,97,,79323,13,,,0,97,,79330,13,,,0,97,,79324,13,,,0,97,,79331,13,,,0,97,,79325,13,,,0,97,,79332,13,,,0,97,,79326,13,,,0,97,,79333,13,,,0,97,,79327,13,,,0
1501,'Weekday',557,,79348,1,,,0,79,,79341,13,,,0,79,,79334,13,,,0,35,,79349,13,,,0,80,,79342,13,,,0,79,,79335,13,,,0,40,,79350,13,,,0,80,,79343,13,,,0,80,,79336,13,,,0,40,,79351,13,,,0,80,,79344,13,,,0,80,,79337,13,,,0,40,,79352,13,,,0,80,,79345,13,,,0,80,,79338,13,,,0,35,,79353,13,,,0,71,,79355,13,,,0,30,,79346,13,,,0,70,,79339,13,,,0,29,,79354,13,,,0,69,,79356,13,,,0,30,,79347,13,,,0,79,,79340,13,,,0,78,41,79357,13,,,0
1501,'STMPSa-Saturday',657,,79358,13,,,0,78,,79365,13,,,0,78,,79371,13,,,0,38,,79359,13,,,0,78,,79366,13,,,0,78,,79373,13,,,0,38,,79360,13,,,0,78,,79367,13,,,0,78,,79372,13,,,0,38,,79361,13,,,0,78,,79368,13,,,0,38,,79374,13,,,0,78,,79362,13,,,0,78,,79369,13,,,0,38,,79375,13,,,0,78,,79363,13,,,0,78,,79370,13,,,0,38,,79376,13,,,0,78,,79364,13,,,0
1501,'STMPSnea-Weekday',557,,79391,1,,,0,79,,79384,13,,,0,79,,79377,13,,,0,35,,79392,13,,,0,80,,79385,13,,,0,79,,79378,13,,,0,40,,79393,13,,,0,80,,79386,13,,,0,80,,79379,13,,,0,40,,79394,13,,,0,80,,79387,13,,,0,80,,79380,13,,,0,40,,79395,13,,,0,80,,79388,13,,,0,80,,79381,13,,,0,35,,79396,13,,,0,71,,79398,13,,,0,30,,79389,13,,,0,70,,79382,13,,,0,29,,79397,13,,,0,69,,79399,13,,,0,30,,79390,13,,,0,79,,79383,13,,,0,78,41,79400,13,,,0
1501,'STMPSu1-Sunday',657,,79401,13,,,0,97,,79408,13,,,0,97,,79402,13,,,0,97,,79409,13,,,0,97,,79403,13,,,0,97,,79410,13,,,0,97,,79404,13,,,0,97,,79411,13,,,0,97,,79405,13,,,0,97,,79412,13,,,0,97,,79406,13,,,0,97,,79413,13,,,0,97,,79407,13,,,0
1501,'STMPSu2-Sunday',657,,79414,13,,,0,97,,79421,13,,,0,97,,79415,13,,,0,97,,79422,13,,,0,97,,79416,13,,,0,97,,79423,13,,,0,97,,79417,13,,,0,97,,79424,13,,,0,97,,79418,13,,,0,97,,79425,13,,,0,97,,79419,13,,,0,97,,79426,13,,,0,97,,79420,13,,,0
1501,'STMPWeek-Weekday',557,,79441,1,,,0,79,,79434,13,,,0,79,,79427,13,,,0,35,,79442,13,,,0,80,,79435,13,,,0,79,,79428,13,,,0,40,,79443,13,,,0,80,,79436,13,,,0,80,,79429,13,,,0,40,,79444,13,,,0,80,,79437,13,,,0,80,,79430,13,,,0,40,,79445,13,,,0,80,,79438,13,,,0,80,,79431,13,,,0,35,,79446,13,,,0,71,,79448,13,,,0,30,,79439,13,,,0,70,,79432,13,,,0,29,,79447,13,,,0,69,,79449,13,,,0,30,,79440,13,,,0,79,,79433,13,,,0,78,41,79450,13,,,0
1501,'STMPar-Weekday',557,,79465,1,,,0,79,,79458,13,,,0,79,,79451,13,,,0,35,,79466,13,,,0,80,,79459,13,,,0,79,,79452,13,,,0,40,,79467,13,,,0,80,,79460,13,,,0,80,,79453,13,,,0,40,,79468,13,,,0,80,,79461,13,,,0,80,,79454,13,,,0,40,,79469,13,,,0,80,,79462,13,,,0,80,,79455,13,,,0,35,,79470,13,,,0,71,,79472,13,,,0,30,,79463,13,,,0,70,,79456,13,,,0,29,,79471,13,,,0,69,,79473,13,,,0,30,,79464,13,,,0,79,,79457,13,,,0,78,41,79474,13,,,0
14700,'Weekday',530,,126736,1,,,0,72,,126740,1,,,0,32,,126737,1,,,0,72,,126741,1,,,0,32,,126738,1,,,0,72,,126742,1,,,0,32,,126739,1,,,0,72,,126750,1,,,0,32,,126756,1,,,0,72,,126751,1,,,0,32,,126757,1,,,0,72,,126752,1,,,0,32,,126758,1,,,0,72,,126753,1,,,0,32,,126759,1,,,0,72,,126754,1,,,0,72,,126760,1,,,0,32,,126755,1,,,0,72,,126746,1,,,0,32,,126743,1,,,0,72,,126747,1,,,0,32,,126744,1,,,0,72,,126748,1,,,0,32,,126745,1,,,0,72,,126749,1,,,0
14700,'STMPSnea-Weekday',530,,126761,1,,,0,72,,126765,1,,,0,32,,126762,1,,,0,72,,126766,1,,,0,32,,126763,1,,,0,72,,126767,1,,,0,32,,126764,1,,,0,72,,126775,1,,,0,32,,126781,1,,,0,72,,126776,1,,,0,32,,126782,1,,,0,72,,126777,1,,,0,32,,126783,1,,,0,72,,126778,1,,,0,32,,126784,1,,,0,72,,126779,1,,,0,72,,126785,1,,,0,32,,126780,1,,,0,72,,126771,1,,,0,32,,126768,1,,,0,72,,126772,1,,,0,32,,126769,1,,,0,72,,126773,1,,,0,32,,126770,1,,,0,72,,126774,1,,,0
14700,'STMPWeek-Weekday',530,,126786,1,,,0,72,,126790,1,,,0,32,,126787,1,,,0,72,,126791,1,,,0,32,,126788,1,,,0,72,,126792,1,,,0,32,,126789,1,,,0,72,,126800,1,,,0,32,,126806,1,,,0,72,,126801,1,,,0,32,,126807,1,,,0,72,,126802,1,,,0,32,,126808,1,,,0,72,,126803,1,,,0,32,,126809,1,,,0,72,,126804,1,,,0,72,,126810,1,,,0,32,,126805,1,,,0,72,,126796,1,,,0,32,,126793,1,,,0,72,,126797,1,,,0,32,,126794,1,,,0,72,,126798,1,,,0,32,,126795,1,,,0,72,,126799,1,,,0
14700,'STMPar-Weekday',530,,126811,1,,,0,72,,126815,1,,,0,32,,126812,1,,,0,72,,126816,1,,,0,32,,126813,1,,,0,72,,126817,1,,,0,32,,126814,1,,,0,72,,126825,1,,,0,32,,126831,1,,,0,72,,126826,1,,,0,32,,126832,1,,,0,72,,126827,1,,,0,32,,126833,1,,,0,72,,126828,1,,,0,32,,126834,1,,,0,72,,126829,1,,,0,72,,126835,1,,,0,32,,126830,1,,,0,72,,126821,1,,,0,32,,126818,1,,,0,72,,126822,1,,,0,32,,126819,1,,,0,72,,126823,1,,,0,32,,126820,1,,,0,72,,126824,1,,,0
14701,'Weekday',630,,126836,26,4,,0,72,,126839,26,4,,0,32,,126837,26,4,,0,72,,126840,26,4,,0,32,,126838,26,4,,0,72,,126841,26,4,,0,30,,126853,26,4,,0,72,,126850,26,4,,0,32,,126855,26,4,,0,72,,126849,26,4,,0,32,,126856,26,4,,0,72,,126851,26,4,,0,32,,126857,26,4,,0,72,,126852,26,4,,0,32,,126858,26,4,,0,72,,126854,26,4,,0,72,,126859,26,4,,0,36,,126842,26,4,,0,72,,126847,26,4,,0,32,,126843,26,4,,0,72,,126846,26,4,,0,31,,126845,26,4,,0,70,,126848,26,4,,0,32,,126844,26,4,,0
14701,'STMPSnea-Weekday',630,,126860,26,4,,0,72,,126863,26,4,,0,32,,126861,26,4,,0,72,,126864,26,4,,0,32,,126862,26,4,,0,72,,126865,26,4,,0,30,,126877,26,4,,0,72,,126874,26,4,,0,32,,126879,26,4,,0,72,,126873,26,4,,0,32,,126880,26,4,,0,72,,126875,26,4,,0,32,,126881,26,4,,0,72,,126876,26,4,,0,32,,126882,26,4,,0,72,,126878,26,4,,0,72,,126883,26,4,,0,36,,126866,26,4,,0,72,,126871,26,4,,0,32,,126867,26,4,,0,72,,126870,26,4,,0,31,,126869,26,4,,0,70,,126872,26,4,,0,32,,126868,26,4,,0
14701,'STMPWeek-Weekday',630,,126884,26,4,,0,72,,126887,26,4,,0,32,,126885,26,4,,0,72,,126888,26,4,,0,32,,126886,26,4,,0,72,,126889,26,4,,0,30,,126901,26,4,,0,72,,126898,26,4,,0,32,,126903,26,4,,0,72,,126897,26,4,,0,32,,126904,26,4,,0,72,,126899,26,4,,0,32,,126905,26,4,,0,72,,126900,26,4,,0,32,,126906,26,4,,0,72,,126902,26,4,,0,72,,126907,26,4,,0,36,,126890,26,4,,0,72,,126895,26,4,,0,32,,126891,26,4,,0,72,,126894,26,4,,0,31,,126893,26,4,,0,70,,126896,26,4,,0,32,,126892,26,4,,0
14701,'STMPar-Weekday',630,,126908,26,4,,0,72,,126911,26,4,,0,32,,126909,26,4,,0,72,,126913,26,4,,0,32,,126910,26,4,,0,72,,126912,26,4,,0,30,,126925,26,4,,0,72,,126922,26,4,,0,32,,126927,26,4,,0,72,,126921,26,4,,0,32,,126928,26,4,,0,72,,126923,26,4,,0,32,,126929,26,4,,0,72,,126924,26,4,,0,32,,126930,26,4,,0,72,,126926,26,4,,0,72,,126931,26,4,,0,36,,126914,26,4,,0,72,,126919,26,4,,0,32,,126915,26,4,,0,72,,126918,26,4,,0,31,,126917,26,4,,0,70,,126920,26,4,,0,32,,126916,26,4,,0
