9200,'Saturday',806,,48776,41,,,0,45,,48760,41,,,0,85,,48765,41,,,0,85,,48770,41,,,0,85,,48775,41,,,0,45,,48761,41,,,0,85,,48766,41,,,0,85,,48771,41,,,0,85,,48777,41,,,0,46,,48763,41,,,0,85,,48767,41,,,0,85,,48772,41,,,0,85,,48778,41,,,0,45,,48762,41,,,0,85,,48768,41,,,0,84,,48773,41,,,0,83,,48779,41,,,0,45,,48764,41,,,0,85,,48769,41,,,0,78,,48774,41,,,0
9200,'Sunday',804,,48795,41,,,0,45,,48780,41,,,0,85,,48785,41,,,0,85,,48790,41,,,0,85,,48796,41,,,0,45,,48781,41,,,0,85,,48786,41,,,0,85,,48791,41,,,0,85,,48798,41,,,0,45,,48782,41,,,0,85,,48787,41,,,0,85,,48792,41,,,0,85,,48797,41,,,0,45,,48783,41,,,0,85,,48788,41,,,0,85,,48793,41,,,0,85,,48799,41,,,0,45,,48784,41,,,0,85,,48789,41,,,0,78,,48794,41,,,0
9200,'Weekday',503,,48808,41,,,0,29,,48813,41,,,0,71,,48822,41,,,0,31,,48809,41,,,0,74,,48814,41,,,0,33,,48831,41,,,0,71,,48818,41,,,0,31,,48800,41,,,0,70,,48823,41,,,0,28,,48810,41,,,0,71,,48815,41,,,0,31,,48832,41,,,0,71,,48819,41,,,0,31,,48828,41,,,0,71,,48824,41,,,0,31,,48811,41,,,0,71,,48816,41,,,0,31,,48833,41,,,0,71,,48820,41,,,0,31,,48806,41,,,0,71,,48825,41,,,0,33,,48812,41,,,0,71,,48817,41,,,0,31,,48834,41,,,0,71,,48821,41,,,0,31,,48804,41,,,0,67,,48801,41,,,0,83,,48826,41,,,0,45,,48802,41,,,0,85,,48805,41,,,0,85,,48829,41,,,0,85,,48827,41,,,0,45,,48803,41,,,0,85,,48807,41,,,0,83,,48830,41,,,0
9200,'1CCSDCUT-Weekday',503,,48843,41,,,0,29,,48848,41,,,0,71,,48857,41,,,0,31,,48844,41,,,0,74,,48849,41,,,0,33,,48866,41,,,0,71,,48853,41,,,0,31,,48835,41,,,0,70,,48858,41,,,0,28,,48845,41,,,0,71,,48850,41,,,0,31,,48867,41,,,0,71,,48854,41,,,0,31,,48863,41,,,0,71,,48859,41,,,0,31,,48846,41,,,0,71,,48851,41,,,0,31,,48868,41,,,0,71,,48855,41,,,0,31,,48841,41,,,0,71,,48860,41,,,0,33,,48847,41,,,0,71,,48852,41,,,0,31,,48869,41,,,0,71,,48856,41,,,0,31,,48839,41,,,0,67,,48836,41,,,0,83,,48861,41,,,0,45,,48837,41,,,0,85,,48840,41,,,0,85,,48864,41,,,0,85,,48862,41,,,0,45,,48838,41,,,0,85,,48842,41,,,0,83,,48865,41,,,0
9200,'1PUBCUT-Weekday',503,,48878,41,,,0,29,,48883,41,,,0,71,,48892,41,,,0,31,,48879,41,,,0,74,,48884,41,,,0,33,,48901,41,,,0,71,,48888,41,,,0,31,,48870,41,,,0,70,,48893,41,,,0,28,,48880,41,,,0,71,,48885,41,,,0,31,,48902,41,,,0,71,,48889,41,,,0,31,,48898,41,,,0,71,,48894,41,,,0,31,,48881,41,,,0,71,,48886,41,,,0,31,,48903,41,,,0,71,,48890,41,,,0,31,,48876,41,,,0,71,,48895,41,,,0,33,,48882,41,,,0,71,,48887,41,,,0,31,,48904,41,,,0,71,,48891,41,,,0,31,,48874,41,,,0,67,,48871,41,,,0,83,,48896,41,,,0,45,,48872,41,,,0,85,,48875,41,,,0,85,,48899,41,,,0,85,,48897,41,,,0,45,,48873,41,,,0,85,,48877,41,,,0,83,,48900,41,,,0
9600,'Saturday',625,,49741,42,,,0,85,,49725,42,,,0,45,,49731,42,,,0,85,,49736,42,,,0,85,,49742,42,,,0,86,,49726,42,,,0,45,,49732,42,,,0,85,,49737,42,,,0,85,,49743,42,,,0,85,,49727,42,,,0,45,,49733,42,,,0,86,,49738,42,,,0,87,,49744,42,,,0,88,,49728,42,,,0,86,,49734,42,,,0,45,,49739,42,,,0,81,,49745,42,,,0,85,,49729,42,,,0,42,,49735,42,,,0,84,,49740,42,,,0,85,,49746,42,,,0,85,,49730,42,,,0
9600,'Sunday',625,,49763,42,,,0,85,,49747,42,,,0,45,,49753,42,,,0,85,,49758,42,,,0,85,,49765,42,,,0,85,,49748,42,,,0,45,,49754,42,,,0,88,,49759,42,,,0,85,,49764,42,,,0,85,,49749,42,,,0,45,,49755,42,,,0,85,,49760,42,,,0,85,,49766,42,,,0,85,,49750,42,,,0,45,,49757,42,,,0,85,,49761,42,,,0,83,,49767,42,,,0,84,,49752,42,,,0,45,,49756,42,,,0,85,,49762,42,,,0,85,,49768,42,,,0,85,,49751,42,,,0
9600,'Weekday',602,,49798,42,,,0,34,,49782,42,,,0,71,,49803,42,,,0,31,,49787,42,,,0,71,,49774,42,,,0,31,,49778,42,,,0,70,,49799,42,,,0,29,,49783,42,,,0,71,,49797,42,,,0,31,,49788,42,,,0,71,,49775,42,,,0,31,,49779,42,,,0,71,,49800,42,,,0,31,,49784,42,,,0,71,,49786,42,,,0,31,,49789,42,,,0,71,,49776,42,,,0,31,,49780,42,,,0,73,,49801,42,,,0,31,,49785,42,,,0,71,,49773,42,,,0,31,,49790,42,,,0,71,,49777,42,,,0,31,,49781,42,,,0,72,,49794,42,,,0,80,,49771,42,,,0,42,,49795,42,,,0,83,,49791,42,,,0,85,,49769,42,,,0,85,,49772,42,,,0,45,,49796,42,,,0,85,,49792,42,,,0,85,,49770,42,,,0
9600,'1CCSDCUT-Weekday',602,,49833,42,,,0,34,,49817,42,,,0,71,,49838,42,,,0,31,,49822,42,,,0,71,,49809,42,,,0,31,,49813,42,,,0,70,,49834,42,,,0,29,,49818,42,,,0,71,,49832,42,,,0,31,,49823,42,,,0,71,,49810,42,,,0,31,,49814,42,,,0,71,,49835,42,,,0,31,,49819,42,,,0,71,,49821,42,,,0,31,,49824,42,,,0,71,,49811,42,,,0,31,,49815,42,,,0,73,,49836,42,,,0,31,,49820,42,,,0,71,,49808,42,,,0,31,,49825,42,,,0,71,,49812,42,,,0,31,,49816,42,,,0,72,,49829,42,,,0,80,,49806,42,,,0,42,,49830,42,,,0,83,,49826,42,,,0,85,,49804,42,,,0,85,,49807,42,,,0,45,,49831,42,,,0,85,,49827,42,,,0,85,,49805,42,,,0
9600,'1PUBCUT-Weekday',602,,49868,42,,,0,34,,49852,42,,,0,71,,49873,42,,,0,31,,49857,42,,,0,71,,49844,42,,,0,31,,49848,42,,,0,70,,49869,42,,,0,29,,49853,42,,,0,71,,49867,42,,,0,31,,49858,42,,,0,71,,49845,42,,,0,31,,49849,42,,,0,71,,49870,42,,,0,31,,49854,42,,,0,71,,49856,42,,,0,31,,49859,42,,,0,71,,49846,42,,,0,31,,49850,42,,,0,73,,49871,42,,,0,31,,49855,42,,,0,71,,49843,42,,,0,31,,49860,42,,,0,71,,49847,42,,,0,31,,49851,42,,,0,72,,49864,42,,,0,80,,49841,42,,,0,42,,49865,42,,,0,83,,49861,42,,,0,85,,49839,42,,,0,85,,49842,42,,,0,45,,49866,42,,,0,85,,49862,42,,,0,85,,49840,42,,,0
