13801,'CUT-Weekday',508,,33627,,,0,30,,33635,,,0,72,,33611,,,0,31,,33617,,,0,70,,33628,,,0,30,,33636,,,0,16,,33649,,,0,55,,33612,,,0,30,,33618,,,0,68,,33629,,,0,29,,33637,,,0,72,,33613,,,0,30,,33619,,,0,70,,33630,,,0,30,,33638,,,0,70,,33614,,,0,30,,33620,,,0,70,,33631,,,0,30,,33639,,,0,70,,33615,,,0,30,,33621,,,0,71,,33632,,,0,33,,33640,,,0,72,,33616,,,0,30,,33622,,,0,70,,33633,,,0,32,,33641,,,0,66,,33623,,,0,27,,33634,,,0,69,,33644,,,0,30,,33624,,,0,70,,33647,,,0,30,,33642,,,0,70,,33645,,,0,29,,33625,,,0,70,,33648,,,0,30,,33643,,,0,70,,33646,,,0,30,,33626,,,0,70,,33650,,,0
13801,'Saturday',619,,33677,,,0,34,,33651,,,0,80,,33652,,,0,80,,33653,,,0,40,,33656,,,0,80,,33657,,,0,80,,33658,,,0,40,,33655,,,0,80,,33659,,,0,80,,33654,,,0,40,,33661,,,0,80,,33662,,,0,80,,33663,,,0,40,,33660,,,0,80,,33664,,,0,80,,33665,,,0,40,,33666,,,0,80,,33667,,,0,80,,33668,,,0,40,,33669,,,0,80,,33670,,,0,80,,33671,,,0,40,,33672,,,0,80,,33674,,,0,80,,33673,,,0,40,,33676,,,0,80,,33675,,,0,80,,33678,,,0
13801,'Sunday',619,,33679,,,0,34,,33688,,,0,80,,33698,,,0,80,,33680,,,0,40,,33689,,,0,80,,33699,,,0,80,,33681,,,0,40,,33690,,,0,80,,33700,,,0,80,,33682,,,0,40,,33691,,,0,80,,33701,,,0,80,,33683,,,0,40,,33692,,,0,80,,33702,,,0,80,,33684,,,0,40,,33693,,,0,80,,33703,,,0,80,,33685,,,0,40,,33694,,,0,80,,33704,,,0,80,,33686,,,0,40,,33695,,,0,80,,33705,,,0,80,,33687,,,0,40,,33696,,,0,80,,33697,,,0
13801,'Weekday',508,,33722,,,0,30,,33730,,,0,72,,33706,,,0,31,,33712,,,0,70,,33723,,,0,30,,33731,,,0,16,,33744,,,0,55,,33707,,,0,30,,33713,,,0,68,,33724,,,0,29,,33732,,,0,72,,33708,,,0,30,,33714,,,0,70,,33725,,,0,30,,33733,,,0,70,,33709,,,0,30,,33715,,,0,70,,33726,,,0,30,,33734,,,0,70,,33710,,,0,30,,33716,,,0,71,,33727,,,0,33,,33735,,,0,72,,33711,,,0,30,,33717,,,0,70,,33728,,,0,32,,33736,,,0,66,,33718,,,0,27,,33729,,,0,69,,33739,,,0,30,,33719,,,0,70,,33742,,,0,30,,33737,,,0,70,,33740,,,0,29,,33720,,,0,70,,33743,,,0,30,,33738,,,0,70,,33741,,,0,30,,33721,,,0,70,,33745,,,0
13801,'pBxDec31-Weekday',508,,33762,,,0,30,,33770,,,0,72,,33746,,,0,31,,33752,,,0,70,,33763,,,0,30,,33771,,,0,16,,33784,,,0,55,,33747,,,0,30,,33753,,,0,68,,33764,,,0,29,,33772,,,0,72,,33748,,,0,30,,33754,,,0,70,,33765,,,0,30,,33773,,,0,70,,33749,,,0,30,,33755,,,0,70,,33766,,,0,30,,33774,,,0,70,,33750,,,0,30,,33757,,,0,71,,33767,,,0,33,,33775,,,0,72,,33751,,,0,30,,33756,,,0,70,,33768,,,0,32,,33776,,,0,66,,33758,,,0,27,,33769,,,0,69,,33779,,,0,30,,33759,,,0,70,,33782,,,0,30,,33777,,,0,70,,33780,,,0,29,,33760,,,0,70,,33783,,,0,30,,33778,,,0,70,,33781,,,0,30,,33761,,,0,70,,33785,,,0
29900,'CUT-Weekday',517,,38526,,,0,30,,38527,,,0,70,,38540,,,0,33,,38537,,,0,70,,38541,,,0,30,,38542,,,0,70,,38543,,,0,30,,38544,,,0,67,,38545,,,0,30,,38547,,,0,70,,38548,,,0,30,,38549,,,0,70,,38546,,,0,30,,38550,,,0,70,,38551,,,0,30,,38552,,,0,70,,38555,,,0,30,,38556,,,0,70,,38553,,,0,30,,38554,,,0,70,,38557,,,0,32,,38558,,,0,70,,38559,,,0,30,,38560,,,0,70,,38561,,,0,30,,38562,,,0,70,,38563,,,0,29,,38529,,,0,70,,38530,,,0,30,,38531,,,0,70,,38532,,,0,30,,38534,,,0,70,,38535,,,0,29,,38528,,,0,69,,38533,,,0,30,,38536,,,0,70,,38538,,,0,30,,38539,,,0
29900,'Saturday',603,,38590,,,0,30,,38565,,,0,70,,38575,,,0,30,,38595,,,0,70,,38566,,,0,30,,38579,,,0,70,,38567,,,0,30,,38580,,,0,70,,38564,,,0,30,,38596,,,0,70,,38581,,,0,30,,38568,,,0,70,,38582,,,0,30,,38569,,,0,70,,38597,,,0,30,,38583,,,0,70,,38570,,,0,30,,38584,,,0,70,,38571,,,0,30,,38586,,,0,70,,38598,,,0,30,,38573,,,0,70,,38588,,,0,30,,38574,,,0,70,,38585,,,0,30,,38599,,,0,70,,38576,,,0,30,,38591,,,0,70,,38572,,,0,30,,38587,,,0,70,,38593,,,0,30,,38577,,,0,70,,38589,,,0,30,,38578,,,0,70,,38592,,,0,30,,38594,,,0
29900,'Sunday',603,,38635,,,0,30,,38634,,,0,70,,38600,,,0,30,,38616,,,0,70,,38601,,,0,30,,38613,,,0,70,,38602,,,0,30,,38630,,,0,70,,38611,,,0,30,,38604,,,0,70,,38617,,,0,30,,38605,,,0,70,,38631,,,0,30,,38618,,,0,70,,38603,,,0,30,,38620,,,0,70,,38606,,,0,30,,38621,,,0,70,,38632,,,0,30,,38608,,,0,70,,38622,,,0,30,,38609,,,0,70,,38623,,,0,30,,38628,,,0,70,,38610,,,0,30,,38624,,,0,70,,38607,,,0,30,,38625,,,0,70,,38629,,,0,30,,38612,,,0,70,,38619,,,0,30,,38614,,,0,70,,38626,,,0,30,,38615,,,0,70,,38633,,,0,30,,38627,,,0
29900,'Weekday',517,,38636,,,0,30,,38637,,,0,70,,38650,,,0,33,,38647,,,0,70,,38651,,,0,30,,38652,,,0,70,,38653,,,0,30,,38654,,,0,67,,38655,,,0,30,,38657,,,0,70,,38658,,,0,30,,38659,,,0,70,,38656,,,0,30,,38660,,,0,70,,38661,,,0,30,,38662,,,0,70,,38664,,,0,30,,38665,,,0,70,,38666,,,0,30,,38663,,,0,70,,38667,,,0,32,,38668,,,0,70,,38669,,,0,30,,38670,,,0,70,,38671,,,0,30,,38672,,,0,70,,38673,,,0,29,,38639,,,0,70,,38640,,,0,30,,38641,,,0,70,,38642,,,0,30,,38644,,,0,70,,38645,,,0,29,,38638,,,0,69,,38643,,,0,30,,38646,,,0,70,,38648,,,0,30,,38649,,,0
29900,'pBxDec31-Weekday',517,,38674,,,0,30,,38675,,,0,70,,38688,,,0,33,,38685,,,0,70,,38689,,,0,30,,38690,,,0,70,,38691,,,0,30,,38692,,,0,67,,38693,,,0,30,,38695,,,0,70,,38696,,,0,30,,38697,,,0,70,,38694,,,0,30,,38698,,,0,70,,38699,,,0,30,,38700,,,0,70,,38704,,,0,30,,38701,,,0,70,,38702,,,0,30,,38703,,,0,70,,38705,,,0,32,,38706,,,0,70,,38707,,,0,30,,38708,,,0,70,,38709,,,0,30,,38710,,,0,70,,38711,,,0,29,,38677,,,0,70,,38678,,,0,30,,38679,,,0,70,,38680,,,0,30,,38682,,,0,70,,38683,,,0,29,,38676,,,0,69,,38681,,,0,30,,38684,,,0,70,,38686,,,0,30,,38687,,,0
