5100,'Saturday',616,,7831,17,,,0,38,,7832,17,,,0,74,,7833,17,,,0,78,,7834,17,,,0,38,,7835,17,,,0,78,,7836,17,,,0,78,,7837,17,,,0,38,,7838,17,,,0,78,,7839,17,,,0,38,,7840,17,,,0,78,,7841,17,,,0,78,,7842,17,,,0,38,,7843,17,,,0,78,,7844,17,,,0,78,,7845,17,,,0,38,,7846,17,,,0,78,,7847,17,,,0,38,,7849,17,,,0,78,,7850,17,,,0,78,,7851,17,,,0,38,,7848,17,,,0,78,,7852,17,,,0,78,,7854,17,,,0,38,,7855,17,,,0,78,,7856,17,,,0,78,,7853,17,,,0
5100,'Sunday',616,,7857,17,0,113 31,0,38,,7870,17,0,113 31,0,74,,7858,17,0,113 31,0,78,,7871,17,0,113 31,0,38,,7859,17,0,113 31,0,78,,7872,17,0,113 31,0,78,,7860,17,0,113 31,0,38,,7874,17,0,113 31,0,78,,7861,17,0,113 31,0,38,,7873,17,0,113 31,0,78,,7862,17,0,113 31,0,78,,7875,17,0,113 31,0,38,,7863,17,0,113 31,0,78,,7876,17,0,113 31,0,78,,7864,17,0,113 31,0,38,,7877,17,0,113 31,0,78,,7865,17,0,113 31,0,38,,7878,17,0,113 31,0,78,,7866,17,0,113 31,0,78,,7879,17,0,113 31,0,38,,7867,17,0,113 31,0,78,,7880,17,0,113 31,0,78,,7868,17,0,113 31,0,38,,7881,17,0,113 31,0,78,,7869,17,0,113 31,0,78,,7882,17,0,113 31,0
5100,'Weekday',526,,7883,17,,,0,20,,7902,17,,,0,60,,7886,17,,,0,20,,7912,17,,,0,20,,7884,17,,,0,60,,7903,17,,,0,20,,7888,17,,,0,20,,7913,17,,,0,65,,7885,17,,,0,10,,7904,17,,,0,25,,7887,17,,,0,60,,7914,17,,,0,40,,7905,17,,,0,80,,7916,17,,,0,80,,7906,17,,,0,40,,7915,17,,,0,80,,7907,17,,,0,80,,7917,17,,,0,40,,7908,17,,,0,80,,7918,17,,,0,75,,7909,17,,,0,20,,7889,17,,,0,20,,7919,17,,,0,60,,7896,17,,,0,15,,7910,17,,,0,25,,7890,17,,,0,60,,7920,17,,,0,20,,7897,17,,,0,20,,7911,17,,,0,60,,7891,17,,,0,45,,7898,17,,,0,80,,7893,17,,,0,80,,7899,17,,,0,40,,7892,17,,,0,80,,7900,17,,,0,80,,7894,17,,,0,40,,7901,17,,,0,91,,7895,17,,,0
11100,'Saturday',628,,15645,12,,,0,85,,15647,12,,,0,45,,15646,12,,,0,85,,15648,12,,,0,85,,15644,12,,,0,85,,15649,12,,,0,45,,15650,12,,,0,85,,15652,12,,,0,85,,15651,12,,,0,85,,15653,12,,,0,45,,15654,12,,,0,85,,15655,12,,,0,85,,15658,12,,,0,85,,15656,12,,,0,45,,15659,12,,,0,85,,15657,12,,,0,85,,15660,12,,,0,85,,15661,12,,,0,45,,15662,12,,,0,85,,15663,12,,,0,85,,15664,12,,,0
11100,'Sunday',628,,15665,12,,,0,85,,15669,12,,,0,45,,15670,12,,,0,85,,15667,12,,,0,85,,15668,12,,,0,85,,15672,12,,,0,45,,15674,12,,,0,85,,15673,12,,,0,85,,15671,12,,,0,85,,15675,12,,,0,45,,15677,12,,,0,85,,15678,12,,,0,85,,15679,12,,,0,85,,15676,12,,,0,45,,15680,12,,,0,85,,15681,12,,,0,85,,15683,12,,,0,85,,15684,12,,,0,45,,15685,12,,,0,85,,15682,12,,,0,85,,15666,12,,,0
11100,'Weekday',555,,15686,12,,,0,70,,15700,12,,,0,30,,15687,12,,,0,70,,15701,12,,,0,30,,15688,12,,,0,70,,15702,12,,,0,30,,15689,12,,,0,70,,15703,12,,,0,30,,15690,12,,,0,70,,15704,12,,,0,30,,15691,12,,,0,70,,15705,12,,,0,29,,15692,12,,,0,70,,15706,12,,,0,30,,15693,12,,,0,70,,15707,12,,,0,30,,15694,12,,,0,70,,15708,12,,,0,30,,15695,12,,,0,71,,15709,12,,,0,30,,15696,12,,,0,70,,15710,12,,,0,15,,15719,12,,,0,15,,15697,12,,,0,70,,15712,12,,,0,30,,15698,12,,,0,70,,15711,12,,,0,30,,15699,12,,,0,70,,15713,12,,,0,90,,15714,12,,,0,90,,15716,12,,,0,50,,15715,12,,,0,90,,15717,12,,,0,90,,15718,12,,,0
69900,'Weekday0000100',1440,,23738,49,0,115 116,0,75,,23737,49,0,115 116,0
69900,'Weekday1111000',1632,,23739,49,0,115 116,0
72800,'Weekday',821,,23824,13,0,140 69 31,0
73101,'Weekday',815,,23829,4,0,76 77 1 78 79,0
89401,'Weekday',1534,,24151,45,0,12 68 1 114 12,0
