1500,'Saturday',553,,5917,,,0,78,,5923,,,0,78,,5930,,,0,38,,5916,,,0,78,,5924,,,0,78,,5931,,,0,38,,5918,,,0,78,,5925,,,0,38,,5932,,,0,78,,5919,,,0,78,,5926,,,0,38,,5933,,,0,78,,5920,,,0,78,,5927,,,0,38,,5934,,,0,78,,5921,,,0,78,,5928,,,0,38,,5935,,,0,78,,5922,,,0,38,,5929,,,0
1500,'Sunday',553,,5937,,,0,97,,5943,,,0,97,,5936,,,0,97,,5944,,,0,97,,5938,,,0,97,,5945,,,0,97,,5939,,,0,97,,5946,,,0,97,,5940,,,0,97,,5947,,,0,97,,5941,,,0,97,,5948,,,0,97,,5942,,,0,97,,5949,,,0
1500,'Weekday',535,,5957,,,0,74,,5951,,,0,37,,5964,,,0,79,,5958,,,0,77,,5950,,,0,40,,5966,,,0,80,,5959,,,0,80,,5952,,,0,40,,5967,,,0,80,,5960,,,0,80,,5953,,,0,40,,5968,,,0,80,,5961,,,0,79,,5954,,,0,37,,5969,,,0,68,,5971,,,0,28,,5962,,,0,69,,5955,,,0,30,,5970,,,0,71,,5972,,,0,33,,5963,,,0,80,,5956,,,0,38,,5973,,,0,76,,5965,,,0
4301,'Saturday',534,,13356,,,0,23,,13354,,,0,63,,13364,,,0,23,,13359,,,0,63,,13361,,,0,23,,13363,,,0,23,,13365,,,0,63,,13366,,,0,22,,13367,,,0,63,,13358,,,0,22,,13357,,,0,25,,13362,,,0,63,,13360,,,0,28,,13355,,,0,64,,13404,,,0,21,,13405,,,0,21,,13406,,,0,61,,13407,,,0,21,,13408,,,0,21,,13409,,,0,62,,13384,,,0,20,,13385,,,0,21,,13386,,,0,63,,13387,,,0,22,,13388,,,0,21,,13389,,,0,61,,13390,,,0,21,,13392,,,0,21,,13393,,,0,61,,13394,,,0,21,,13391,,,0,61,,13395,,,0,21,,13396,,,0,22,,13397,,,0,62,,13372,,,0,21,,13374,,,0,19,,13375,,,0,61,,13381,,,0,19,,13370,,,0,18,,13376,,,0,60,,13371,,,0,21,,13378,,,0,20,,13373,,,0,60,,13383,,,0,21,,13368,,,0,21,,13369,,,0,61,,13398,,,0,21,,13399,,,0,22,,13400,,,0,62,,13401,,,0,22,,13382,,,0,22,,13377,,,0,62,,13402,,,0,22,,13379,,,0,62,,13403,,,0,22,,13380,,,0
4301,'Sunday',534,,13416,,,0,23,,13410,,,0,63,,13433,,,0,23,,13422,,,0,63,,13440,,,0,23,,13451,,,0,23,,13427,,,0,63,,13445,,,0,22,,13417,,,0,63,,13411,,,0,22,,13434,,,0,25,,13423,,,0,63,,13439,,,0,28,,13452,,,0,64,,13428,,,0,21,,13461,,,0,21,,13446,,,0,61,,13418,,,0,21,,13412,,,0,21,,13435,,,0,62,,13457,,,0,20,,13424,,,0,21,,13442,,,0,63,,13453,,,0,22,,13429,,,0,21,,13462,,,0,61,,13447,,,0,21,,13419,,,0,21,,13413,,,0,61,,13436,,,0,21,,13458,,,0,61,,13425,,,0,21,,13441,,,0,22,,13454,,,0,62,,13431,,,0,21,,13463,,,0,19,,13448,,,0,61,,13420,,,0,19,,13414,,,0,18,,13437,,,0,60,,13459,,,0,21,,13426,,,0,20,,13443,,,0,60,,13455,,,0,21,,13430,,,0,21,,13464,,,0,61,,13449,,,0,21,,13421,,,0,22,,13415,,,0,62,,13438,,,0,22,,13460,,,0,22,,13444,,,0,62,,13456,,,0,22,,13432,,,0,62,,13465,,,0,22,,13450,,,0
4301,'Weekday',515,,13472,,,0,18,,13505,,,0,18,,13467,,,0,53,,13520,,,0,13,,13478,,,0,12,,13530,,,0,12,,13514,,,0,9,,13532,,,0,7,,13534,,,0,47,,13476,,,0,10,,13484,,,0,11,,13513,,,0,11,,13487,,,0,10,,13522,,,0,10,,13491,,,0,51,,13526,,,0,11,,13482,,,0,10,,13473,,,0,10,,13483,,,0,10,,13507,,,0,10,,13486,,,0,50,,13466,,,0,11,,13521,,,0,11,,13477,,,0,12,,13531,,,0,12,,13515,,,0,52,,13492,,,0,12,,13485,,,0,23,,13488,,,0,63,,13523,,,0,23,,13527,,,0,23,,13474,,,0,63,,13506,,,0,23,,13468,,,0,23,,13479,,,0,63,,13516,,,0,23,,13493,,,0,63,,13489,,,0,23,,13524,,,0,12,,13528,,,0,11,,13508,,,0,51,,13510,,,0,12,,13496,,,0,12,,13469,,,0,12,,13480,,,0,12,,13501,,,0,51,,13517,,,0,12,,13504,,,0,11,,13519,,,0,9,,13471,,,0,10,,13494,,,0,11,,13490,,,0,51,,13499,,,0,11,,13525,,,0,11,,13500,,,0,10,,13529,,,0,11,,13502,,,0,49,,13475,,,0,11,,13498,,,0,10,,13512,,,0,11,,13509,,,0,10,,13511,,,0,11,,13497,,,0,50,,13470,,,0,11,,13481,,,0,11,,13503,,,0,12,,13518,,,0,18,,13495,,,0,61,,13538,,,0,20,,13539,,,0,22,,13540,,,0,63,,13543,,,0,23,,13542,,,0,63,,13545,,,0,23,,13536,,,0,23,,13544,,,0,63,,13541,,,0,23,,13547,,,0,63,,13537,,,0,23,,13546,,,0,23,,13535,,,0,63,,13548,,,0,23,,13533,,,0
14900,'Saturday',548,,34781,,,0,66,,34778,,,0,26,,34797,,,0,66,,34782,,,0,26,,34779,,,0,26,,34803,,,0,66,,34780,,,0,26,,34784,,,0,66,,34798,,,0,26,,34783,,,0,66,,34785,,,0,26,,34799,,,0,66,,34788,,,0,26,,34789,,,0,26,,34800,,,0,66,,34786,,,0,26,,34787,,,0,66,,34804,,,0,26,,34790,,,0,66,,34792,,,0,26,,34801,,,0,26,,34793,,,0,66,,34794,,,0,26,,34805,,,0,66,,34791,,,0,26,,34795,,,0,66,,34802,,,0,26,,34796,,,0,26,,34806,,,0
14900,'Sunday',548,,34807,,,0,66,,34808,,,0,26,,34809,,,0,66,,34810,,,0,26,,34811,,,0,26,,34812,,,0,66,,34813,,,0,26,,34814,,,0,66,,34815,,,0,26,,34816,,,0,66,,34818,,,0,26,,34819,,,0,66,,34820,,,0,26,,34817,,,0,26,,34822,,,0,66,,34824,,,0,26,,34825,,,0,66,,34821,,,0,26,,34826,,,0,66,,34823,,,0,26,,34827,,,0,26,,34828,,,0,66,,34830,,,0,26,,34831,,,0,66,,34832,,,0,26,,34829,,,0,66,,34833,,,0,26,,34834,,,0,26,,34835,,,0
14900,'Weekday',455,,34836,,,0,70,,34846,,,0,30,,34856,,,0,71,,34837,,,0,30,,34847,,,0,70,,34857,,,0,30,,34838,,,0,70,,34848,,,0,30,,34858,,,0,69,,34839,,,0,30,,34849,,,0,70,,34859,,,0,30,,34840,,,0,70,,34850,,,0,30,,34860,,,0,70,,34841,,,0,30,,34851,,,0,69,,34861,,,0,31,,34842,,,0,70,,34853,,,0,31,,34862,,,0,72,,34843,,,0,30,,34852,,,0,70,,34863,,,0,29,,34844,,,0,70,,34854,,,0,29,,34864,,,0,69,,34845,,,0,30,,34855,,,0,70,,34865,,,0
30601,'Saturday',636,,42463,,,0,20,,42472,,,0,60,,42481,,,0,20,,42490,,,0,20,,42499,,,0,60,,42507,,,0,20,,42464,,,0,20,,42473,,,0,60,,42482,,,0,20,,42491,,,0,20,,42500,,,0,60,,42509,,,0,20,,42465,,,0,20,,42474,,,0,60,,42483,,,0,20,,42492,,,0,20,,42501,,,0,62,,42510,,,0,22,,42466,,,0,60,,42475,,,0,20,,42484,,,0,20,,42493,,,0,60,,42502,,,0,20,,42508,,,0,20,,42467,,,0,60,,42476,,,0,20,,42485,,,0,20,,42494,,,0,60,,42503,,,0,20,,42511,,,0,20,,42468,,,0,60,,42477,,,0,20,,42486,,,0,20,,42495,,,0,60,,42504,,,0,18,,42512,,,0,18,,42469,,,0,20,,42478,,,0,60,,42487,,,0,20,,42496,,,0,20,,42505,,,0,60,,42513,,,0,20,,42471,,,0,20,,42479,,,0,60,,42488,,,0,20,,42497,,,0,20,,42506,,,0,60,,42514,,,0,20,,42470,,,0,20,,42480,,,0,60,,42489,,,0,20,,42498,,,0
30601,'Sunday',636,,42515,,,0,20,,42524,,,0,60,,42533,,,0,20,,42542,,,0,20,,42551,,,0,60,,42560,,,0,20,,42516,,,0,20,,42525,,,0,60,,42534,,,0,20,,42543,,,0,20,,42552,,,0,60,,42559,,,0,20,,42517,,,0,20,,42526,,,0,60,,42536,,,0,20,,42544,,,0,20,,42553,,,0,62,,42561,,,0,22,,42518,,,0,60,,42527,,,0,20,,42535,,,0,20,,42545,,,0,60,,42554,,,0,20,,42562,,,0,20,,42519,,,0,60,,42528,,,0,20,,42537,,,0,20,,42546,,,0,60,,42555,,,0,20,,42563,,,0,20,,42520,,,0,60,,42529,,,0,20,,42538,,,0,20,,42547,,,0,60,,42556,,,0,18,,42564,,,0,18,,42522,,,0,20,,42530,,,0,60,,42539,,,0,20,,42548,,,0,20,,42557,,,0,60,,42565,,,0,20,,42521,,,0,20,,42531,,,0,60,,42541,,,0,20,,42549,,,0,20,,42558,,,0,60,,42566,,,0,20,,42523,,,0,20,,42532,,,0,60,,42540,,,0,20,,42550,,,0
30601,'Weekday',616,,42571,,,0,20,,42583,,,0,22,,42577,,,0,61,,42585,,,0,20,,42580,,,0,20,,42581,,,0,60,,42579,,,0,20,,42596,,,0,19,,42584,,,0,59,,42578,,,0,24,,42600,,,0,64,,42606,,,0,24,,42601,,,0,24,,42611,,,0,64,,42603,,,0,24,,42607,,,0,64,,42612,,,0,24,,42608,,,0,24,,42602,,,0,64,,42613,,,0,24,,42605,,,0,64,,42604,,,0,24,,42609,,,0,24,,42610,,,0,65,,42582,,,0,22,,42586,,,0,60,,42588,,,0,20,,42597,,,0,20,,42589,,,0,60,,42590,,,0,20,,42587,,,0,20,,42591,,,0,60,,42592,,,0,19,,42599,,,0,18,,42593,,,0,18,,42594,,,0,60,,42595,,,0,18,,42568,,,0,22,,42570,,,0,60,,42598,,,0,28,,42572,,,0,68,,42573,,,0,28,,42567,,,0,68,,42569,,,0,28,,42574,,,0,68,,42576,,,0,30,,42575,,,0
