6200,'Weekday',1651,,98747,16,,,0,73,,98746,16,,,0,35,,98748,16,,,0
6200,'STMPSnea-Weekday',1651,,98750,16,,,0,73,,98749,16,,,0,35,,98751,16,,,0
6200,'STMPWeek-Weekday',1651,,98753,16,,,0,73,,98752,16,,,0,35,,98754,16,,,0
6200,'STMPar-Weekday',1651,,98756,16,,,0,73,,98755,16,,,0,35,,98757,16,,,0
6201,'Weekday',606,,98758,2,,,0,26,,98759,2,,,0,68,,98760,2,,,0
6201,'STMPSnea-Weekday',606,,98761,2,,,0,26,,98762,2,,,0,68,,98763,2,,,0
6201,'STMPWeek-Weekday',606,,98764,2,,,0,26,,98765,2,,,0,68,,98766,2,,,0
6201,'STMPar-Weekday',606,,98767,2,,,0,26,,98768,2,,,0,68,,98769,2,,,0
11800,'Saturday',720,,119327,2,,,0,28,,119301,8,,,0,70,,119298,8,,,0,30,,119299,8,,,0,70,,119303,8,,,0,30,,119308,8,,,0,70,,119309,8,,,0,30,,119305,8,,,0,70,,119304,8,,,0,30,,119306,8,,,0,70,,119302,8,,,0,30,,119310,8,,,0,70,,119314,8,,,0,30,,119315,8,,,0,70,,119311,8,,,0,30,,119307,8,,,0,70,,119312,8,,,0,30,,119300,8,,,0,70,,119313,8,,,0,30,,119317,8,,,0,70,,119316,8,,,0,30,,119319,8,,,0,70,,119320,8,,,0,30,,119321,8,,,0,70,,119318,8,,,0,30,,119322,8,,,0,70,,119323,8,,,0,30,,119324,8,,,0,70,,119325,8,,,0,30,,119326,8,,,0,70,,119328,8,,,0
11800,'Sunday',748,,119356,2,,,0,70,,119329,8,,,0,30,,119332,8,,,0,70,,119330,8,,,0,30,,119333,8,,,0,70,,119334,8,,,0,30,,119335,8,,,0,70,,119337,8,,,0,30,,119338,8,,,0,70,,119339,8,,,0,30,,119336,8,,,0,70,,119331,8,,,0,30,,119340,8,,,0,70,,119341,8,,,0,30,,119342,8,,,0,70,,119343,8,,,0,30,,119344,8,,,0,70,,119346,8,,,0,30,,119347,8,,,0,70,,119348,8,,,0,30,,119345,8,,,0,70,,119349,8,,,0,30,,119350,8,,,0,70,,119351,8,,,0,30,,119352,8,,,0,70,,119353,8,,,0,30,,119354,8,,,0,70,,119355,8,,,0,30,,119357,8,,,0,70,,119358,8,,,0
11800,'Weekday',456,,119362,2,,,0,82,,119364,8,,,0,78,,119359,8,,,0,30,,119360,8,,,0,70,,119361,8,,,0,30,,119365,8,,,0,70,,119363,8,,,0,30,,119366,8,,,0,69,,119367,8,,,0,30,,119368,8,,,0,70,,119369,8,,,0,30,,119370,8,,,0,70,,119372,8,,,0,30,,119373,8,,,0,70,,119374,8,,,0,30,,119371,8,,,0,70,,119375,8,,,0,30,,119376,8,,,0,70,,119377,8,,,0,30,,119378,8,,,0,70,,119379,8,,,0,32,,119380,8,,,0,70,,119383,8,,,0,30,,119385,8,,,0,70,,119381,8,,,0,30,,119382,8,,,0,75,,119384,8,,,0,29,,119386,8,,,0,70,,119387,8,,,0,30,,119389,8,,,0,70,,119390,8,,,0,30,,119391,8,,,0,70,,119388,8,,,0,30,,119392,8,,,0,70,,119393,8,,,0,30,,119394,8,,,0,70,,119395,8,,,0
11800,'STMPSa-Saturday',720,,119425,2,,,0,28,,119399,8,,,0,70,,119396,8,,,0,30,,119397,8,,,0,70,,119401,8,,,0,30,,119406,8,,,0,70,,119407,8,,,0,30,,119403,8,,,0,70,,119402,8,,,0,30,,119404,8,,,0,70,,119400,8,,,0,30,,119408,8,,,0,70,,119413,8,,,0,30,,119414,8,,,0,70,,119409,8,,,0,30,,119405,8,,,0,70,,119410,8,,,0,30,,119398,8,,,0,70,,119412,8,,,0,30,,119415,8,,,0,70,,119411,8,,,0,30,,119417,8,,,0,70,,119418,8,,,0,30,,119419,8,,,0,70,,119416,8,,,0,30,,119420,8,,,0,70,,119421,8,,,0,30,,119422,8,,,0,70,,119423,8,,,0,30,,119424,8,,,0,70,,119426,8,,,0
11800,'STMPSnea-Weekday',456,,119430,2,,,0,82,,119432,8,,,0,78,,119427,8,,,0,30,,119428,8,,,0,70,,119429,8,,,0,30,,119433,8,,,0,70,,119431,8,,,0,30,,119434,8,,,0,69,,119435,8,,,0,30,,119436,8,,,0,70,,119437,8,,,0,30,,119438,8,,,0,70,,119440,8,,,0,30,,119441,8,,,0,70,,119442,8,,,0,30,,119439,8,,,0,70,,119443,8,,,0,30,,119444,8,,,0,70,,119445,8,,,0,30,,119446,8,,,0,70,,119447,8,,,0,32,,119448,8,,,0,70,,119451,8,,,0,30,,119453,8,,,0,70,,119449,8,,,0,30,,119450,8,,,0,75,,119452,8,,,0,29,,119454,8,,,0,70,,119455,8,,,0,30,,119457,8,,,0,70,,119458,8,,,0,30,,119459,8,,,0,70,,119456,8,,,0,30,,119460,8,,,0,70,,119461,8,,,0,30,,119462,8,,,0,70,,119463,8,,,0
11800,'STMPSu1-Sunday',748,,119491,2,,,0,70,,119464,8,,,0,30,,119467,8,,,0,70,,119465,8,,,0,30,,119468,8,,,0,70,,119469,8,,,0,30,,119470,8,,,0,70,,119472,8,,,0,30,,119473,8,,,0,70,,119474,8,,,0,30,,119471,8,,,0,70,,119466,8,,,0,30,,119475,8,,,0,70,,119476,8,,,0,30,,119477,8,,,0,70,,119478,8,,,0,30,,119479,8,,,0,70,,119481,8,,,0,30,,119482,8,,,0,70,,119483,8,,,0,30,,119480,8,,,0,70,,119484,8,,,0,30,,119485,8,,,0,70,,119486,8,,,0,30,,119487,8,,,0,70,,119488,8,,,0,30,,119489,8,,,0,70,,119490,8,,,0,30,,119492,8,,,0,70,,119493,8,,,0
11800,'STMPSu2-Sunday',748,,119521,2,,,0,70,,119494,8,,,0,30,,119497,8,,,0,70,,119495,8,,,0,30,,119498,8,,,0,70,,119499,8,,,0,30,,119500,8,,,0,70,,119502,8,,,0,30,,119503,8,,,0,70,,119504,8,,,0,30,,119501,8,,,0,70,,119496,8,,,0,30,,119505,8,,,0,70,,119506,8,,,0,30,,119507,8,,,0,70,,119508,8,,,0,30,,119509,8,,,0,70,,119511,8,,,0,30,,119512,8,,,0,70,,119513,8,,,0,30,,119510,8,,,0,70,,119514,8,,,0,30,,119515,8,,,0,70,,119516,8,,,0,30,,119517,8,,,0,70,,119518,8,,,0,30,,119519,8,,,0,70,,119520,8,,,0,30,,119522,8,,,0,70,,119523,8,,,0
11800,'STMPWeek-Weekday',456,,119527,2,,,0,82,,119529,8,,,0,78,,119524,8,,,0,30,,119525,8,,,0,70,,119526,8,,,0,30,,119530,8,,,0,70,,119528,8,,,0,30,,119531,8,,,0,69,,119532,8,,,0,30,,119533,8,,,0,70,,119534,8,,,0,30,,119535,8,,,0,70,,119537,8,,,0,30,,119538,8,,,0,70,,119539,8,,,0,30,,119536,8,,,0,70,,119540,8,,,0,30,,119541,8,,,0,70,,119542,8,,,0,30,,119543,8,,,0,70,,119544,8,,,0,32,,119545,8,,,0,70,,119548,8,,,0,30,,119550,8,,,0,70,,119546,8,,,0,30,,119547,8,,,0,75,,119549,8,,,0,29,,119551,8,,,0,70,,119552,8,,,0,30,,119554,8,,,0,70,,119555,8,,,0,30,,119556,8,,,0,70,,119553,8,,,0,30,,119557,8,,,0,70,,119558,8,,,0,30,,119559,8,,,0,70,,119560,8,,,0
11800,'STMPar-Weekday',456,,119564,2,,,0,82,,119566,8,,,0,78,,119561,8,,,0,30,,119562,8,,,0,70,,119563,8,,,0,30,,119567,8,,,0,70,,119565,8,,,0,30,,119568,8,,,0,69,,119569,8,,,0,30,,119570,8,,,0,70,,119571,8,,,0,30,,119572,8,,,0,70,,119574,8,,,0,30,,119575,8,,,0,70,,119576,8,,,0,30,,119573,8,,,0,70,,119577,8,,,0,30,,119578,8,,,0,70,,119579,8,,,0,30,,119580,8,,,0,70,,119581,8,,,0,32,,119582,8,,,0,70,,119585,8,,,0,30,,119587,8,,,0,70,,119583,8,,,0,30,,119584,8,,,0,75,,119586,8,,,0,29,,119588,8,,,0,70,,119589,8,,,0,30,,119591,8,,,0,70,,119592,8,,,0,30,,119593,8,,,0,70,,119590,8,,,0,30,,119594,8,,,0,70,,119595,8,,,0,30,,119596,8,,,0,70,,119597,8,,,0
