12300,'Saturday',752,,161601,39,4,,0,85,,161602,39,4,,0,82,,161605,39,4,,0,82,,161603,39,4,,0,42,,161604,39,4,,0,82,,161606,39,4,,0,82,,161608,39,4,,0,42,,161607,39,4,,0,82,,161609,39,4,,0,82,,161610,39,4,,0,42,,161612,39,4,,0,82,,161611,39,4,,0,82,,161613,39,4,,0,82,,161614,39,4,,0,42,,161615,39,4,,0,82,,161616,39,4,,0,81,,161617,39,4,,0,42,,161620,39,4,,0,82,,161624,39,4,,0,82,,161621,39,4,,0,42,,161618,39,4,,0,82,,161622,39,4,,0,82,,161619,39,4,,0,82,,161623,39,4,,0
12300,'Sunday',752,,161625,39,4,,0,85,,161626,39,4,,0,82,,161629,39,4,,0,82,,161627,39,4,,0,42,,161628,39,4,,0,82,,161630,39,4,,0,82,,161632,39,4,,0,42,,161631,39,4,,0,82,,161633,39,4,,0,82,,161634,39,4,,0,42,,161636,39,4,,0,82,,161635,39,4,,0,82,,161637,39,4,,0,82,,161638,39,4,,0,42,,161639,39,4,,0,82,,161640,39,4,,0,81,,161641,39,4,,0,42,,161644,39,4,,0,82,,161648,39,4,,0,82,,161645,39,4,,0,42,,161642,39,4,,0,82,,161646,39,4,,0,82,,161643,39,4,,0,82,,161647,39,4,,0
12300,'Weekday',549,,161649,39,4,,0,64,,161657,39,4,,0,24,,161661,39,4,,0,64,,161676,39,4,,0,25,,161650,39,4,,0,25,,161659,39,4,,0,52,,161697,39,4,,0,12,,161662,39,4,,0,12,,161696,39,4,,0,12,,161677,39,4,,0,12,,161694,39,4,,0,52,,161651,39,4,,0,12,,161695,39,4,,0,10,,161660,39,4,,0,21,,161663,39,4,,0,64,,161678,39,4,,0,30,,161653,39,4,,0,70,,161664,39,4,,0,30,,161679,39,4,,0,70,,161652,39,4,,0,30,,161665,39,4,,0,70,,161680,39,4,,0,30,,161654,39,4,,0,69,,161666,39,4,,0,31,,161681,39,4,,0,72,,161655,39,4,,0,26,,161667,39,4,,0,71,,161690,39,4,,0,12,,161682,39,4,,0,24,,161656,39,4,,0,12,,161692,39,4,,0,52,,161668,39,4,,0,12,,161689,39,4,,0,12,,161674,39,4,,0,12,,161691,39,4,,0,12,,161683,39,4,,0,52,,161693,39,4,,0,12,,161658,39,4,,0,24,,161669,39,4,,0,63,,161675,39,4,,0,21,,161684,39,4,,0,84,,161670,39,4,,0,43,,161685,39,4,,0,82,,161671,39,4,,0,82,,161686,39,4,,0,83,,161672,39,4,,0,43,,161688,39,4,,0,83,,161673,39,4,,0,83,,161687,39,4,,0
12301,'Saturday',646,,161699,1,,,0,82,,161698,1,,,0,82,,161701,1,,,0,42,,161700,1,,,0,82,,161702,1,,,0,82,,161703,1,,,0,42,,161704,1,,,0,82,,161705,1,,,0,82,,161706,1,,,0,82,,161707,1,,,0,42,,161710,1,,,0,82,,161708,1,,,0,82,,161711,1,,,0,42,,161709,1,,,0,82,,161712,1,,,0,82,,161713,1,,,0,42,,161715,1,,,0,82,,161714,1,,,0,82,,161723,1,,,0,82,,161718,1,,,0,42,,161721,1,,,0,82,,161720,1,,,0,82,,161716,1,,,0,42,,161719,1,,,0,82,,161717,1,,,0,82,,161722,1,,,0
12301,'Sunday',646,,161724,1,,,0,82,,161725,1,,,0,82,,161726,1,,,0,42,,161727,1,,,0,82,,161728,1,,,0,82,,161729,1,,,0,42,,161730,1,,,0,82,,161731,1,,,0,82,,161732,1,,,0,82,,161733,1,,,0,42,,161736,1,,,0,82,,161734,1,,,0,82,,161737,1,,,0,42,,161735,1,,,0,82,,161738,1,,,0,82,,161739,1,,,0,42,,161741,1,,,0,82,,161740,1,,,0,82,,161748,1,,,0,82,,161744,1,,,0,42,,161749,1,,,0,82,,161746,1,,,0,82,,161742,1,,,0,42,,161745,1,,,0,82,,161743,1,,,0,82,,161747,1,,,0
12301,'Weekday',600,,161751,1,,,0,24,,161761,1,,,0,12,,161800,1,,,0,12,,161764,1,,,0,52,,161799,1,,,0,12,,161780,1,,,0,12,,161797,1,,,0,12,,161753,1,,,0,12,,161798,1,,,0,52,,161762,1,,,0,24,,161765,1,,,0,24,,161781,1,,,0,70,,161752,1,,,0,30,,161766,1,,,0,70,,161782,1,,,0,30,,161754,1,,,0,70,,161767,1,,,0,30,,161783,1,,,0,70,,161755,1,,,0,30,,161768,1,,,0,70,,161784,1,,,0,30,,161756,1,,,0,64,,161769,1,,,0,36,,161785,1,,,0,70,,161757,1,,,0,12,,161796,1,,,0,12,,161770,1,,,0,12,,161793,1,,,0,52,,161777,1,,,0,12,,161794,1,,,0,12,,161786,1,,,0,12,,161795,1,,,0,12,,161758,1,,,0,64,,161771,1,,,0,24,,161778,1,,,0,64,,161787,1,,,0,24,,161759,1,,,0,24,,161772,1,,,0,83,,161788,1,,,0,83,,161773,1,,,0,83,,161790,1,,,0,43,,161774,1,,,0,83,,161789,1,,,0,83,,161775,1,,,0,43,,161791,1,,,0,78,,161776,1,,,0,84,,161792,1,,,0
13700,'Saturday',559,,163040,1,,,0,70,,163042,1,,,0,30,,163039,1,,,0,70,,163041,1,,,0,30,,163043,1,,,0,70,,163044,1,,,0,30,,163046,1,,,0,70,,163045,1,,,0,30,,163047,1,,,0,70,,163049,1,,,0,30,,163048,1,,,0,70,,163050,1,,,0,30,,163051,1,,,0,70,,163053,1,,,0,30,,163054,1,,,0,70,,163052,1,,,0,30,,163055,1,,,0,70,,163056,1,,,0,30,,163057,1,,,0,70,,163059,1,,,0,30,,163060,1,,,0,70,,163061,1,,,0,30,,163062,1,,,0,70,,163063,1,,,0,30,,163065,1,,,0,70,,163064,1,,,0,30,,163067,1,,,0,70,,163069,1,,,0,30,,163068,1,,,0,70,,163066,1,,,0,30,,163058,1,,,0
13700,'Sunday',559,,163070,1,,,0,70,,163083,1,,,0,30,,163080,1,,,0,70,,163074,1,,,0,30,,163072,1,,,0,70,,163071,1,,,0,30,,163076,1,,,0,70,,163082,1,,,0,30,,163079,1,,,0,70,,163078,1,,,0,30,,163077,1,,,0,70,,163084,1,,,0,30,,163075,1,,,0,70,,163081,1,,,0,30,,163086,1,,,0,70,,163085,1,,,0,30,,163073,1,,,0,70,,163087,1,,,0,30,,163088,1,,,0,70,,163089,1,,,0,30,,163090,1,,,0,70,,163092,1,,,0,30,,163091,1,,,0,70,,163100,1,,,0,30,,163098,1,,,0,70,,163097,1,,,0,30,,163099,1,,,0,70,,163096,1,,,0,30,,163095,1,,,0,70,,163093,1,,,0,30,,163094,1,,,0
13700,'Weekday',559,,163102,1,,,0,70,,163101,1,,,0,30,,163103,1,,,0,70,,163104,1,,,0,30,,163105,1,,,0,70,,163106,1,,,0,30,,163108,1,,,0,70,,163107,1,,,0,30,,163109,1,,,0,70,,163111,1,,,0,30,,163110,1,,,0,70,,163112,1,,,0,30,,163113,1,,,0,70,,163114,1,,,0,30,,163116,1,,,0,70,,163115,1,,,0,30,,163117,1,,,0,70,,163118,1,,,0,30,,163119,1,,,0,70,,163120,1,,,0,30,,163121,1,,,0,70,,163122,1,,,0,30,,163123,1,,,0,70,,163124,1,,,0,30,,163126,1,,,0,70,,163125,1,,,0,30,,163127,1,,,0,70,,163128,1,,,0,30,,163129,1,,,0,70,,163130,1,,,0,30,,163131,1,,,0
13701,'Saturday',623,,163132,10,4,,0,30,,163133,10,4,,0,70,,163134,10,4,,0,30,,163135,10,4,,0,70,,163136,10,4,,0,30,,163137,10,4,,0,68,,163138,10,4,,0,30,,163140,10,4,,0,70,,163141,10,4,,0,30,,163142,10,4,,0,70,,163143,10,4,,0,30,,163145,10,4,,0,70,,163144,10,4,,0,30,,163146,10,4,,0,70,,163147,10,4,,0,30,,163149,10,4,,0,70,,163148,10,4,,0,31,,163150,10,4,,0,71,,163152,10,4,,0,30,,163153,10,4,,0,70,,163155,10,4,,0,30,,163154,10,4,,0,70,,163157,10,4,,0,30,,163156,10,4,,0,70,,163159,10,4,,0,30,,163160,10,4,,0,68,,163161,10,4,,0,30,,163162,10,4,,0,70,,163158,10,4,,0,30,,163151,10,4,,0,70,,163139,10,4,,0
13701,'Sunday',623,,163173,10,4,,0,30,,163170,10,4,,0,70,,163165,10,4,,0,30,,163169,10,4,,0,70,,163163,10,4,,0,30,,163176,10,4,,0,68,,163171,10,4,,0,30,,163168,10,4,,0,70,,163175,10,4,,0,30,,163167,10,4,,0,70,,163166,10,4,,0,30,,163164,10,4,,0,70,,163172,10,4,,0,30,,163174,10,4,,0,70,,163177,10,4,,0,30,,163181,10,4,,0,70,,163178,10,4,,0,31,,163179,10,4,,0,71,,163180,10,4,,0,30,,163182,10,4,,0,70,,163184,10,4,,0,30,,163183,10,4,,0,70,,163185,10,4,,0,30,,163190,10,4,,0,70,,163191,10,4,,0,30,,163192,10,4,,0,68,,163193,10,4,,0,30,,163189,10,4,,0,70,,163188,10,4,,0,30,,163187,10,4,,0,70,,163186,10,4,,0
13701,'Weekday',623,,163195,10,4,,0,30,,163194,10,4,,0,70,,163196,10,4,,0,30,,163197,10,4,,0,70,,163198,10,4,,0,30,,163199,10,4,,0,68,,163200,10,4,,0,30,,163201,10,4,,0,70,,163202,10,4,,0,30,,163203,10,4,,0,70,,163204,10,4,,0,30,,163206,10,4,,0,70,,163205,10,4,,0,30,,163207,10,4,,0,70,,163208,10,4,,0,30,,163210,10,4,,0,70,,163209,10,4,,0,31,,163211,10,4,,0,71,,163212,10,4,,0,30,,163213,10,4,,0,70,,163215,10,4,,0,30,,163214,10,4,,0,70,,163217,10,4,,0,30,,163216,10,4,,0,70,,163218,10,4,,0,30,,163219,10,4,,0,68,,163220,10,4,,0,30,,163221,10,4,,0,70,,163222,10,4,,0,30,,163223,10,4,,0,70,,163224,10,4,,0
