2800,'Saturday',554,,33673,27,,,0,70,,33679,27,,,0,30,,33671,27,,,0,70,,33687,27,,,0,30,,33677,27,,,0,70,,33685,27,,,0,30,,33670,27,,,0,70,,33692,27,,,0,30,,33672,27,,,0,70,,33689,27,,,0,30,,33674,27,,,0,70,,33688,27,,,0,30,,33675,27,,,0,70,,33690,27,,,0,30,,33676,27,,,0,70,,33691,27,,,0,30,,33661,27,,,0,70,,33680,27,,,0,30,,33662,27,,,0,70,,33684,27,,,0,30,,33663,27,,,0,70,,33678,27,,,0,30,,33664,27,,,0,70,,33683,27,,,0,30,,33665,27,,,0,70,,33681,27,,,0,30,,33666,27,,,0,70,,33682,27,,,0,30,,33667,27,,,0,70,,33686,27,,,0,30,,33668,27,,,0,70,,33693,27,,,0,32,,33669,27,,,0
2800,'Sunday',724,,33698,27,,,0,30,,33709,27,,,0,70,,33703,27,,,0,30,,33710,27,,,0,70,,33704,27,,,0,30,,33711,27,,,0,70,,33705,27,,,0,30,,33712,27,,,0,70,,33701,27,,,0,30,,33713,27,,,0,70,,33694,27,,,0,30,,33714,27,,,0,70,,33695,27,,,0,30,,33715,27,,,0,70,,33696,27,,,0,30,,33716,27,,,0,70,,33697,27,,,0,30,,33717,27,,,0,70,,33699,27,,,0,30,,33718,27,,,0,70,,33702,27,,,0,30,,33719,27,,,0,70,,33700,27,,,0,30,,33720,27,,,0,70,,33707,27,,,0,30,,33721,27,,,0,70,,33708,27,,,0,30,,33722,27,,,0,72,,33706,27,,,0,30,,33723,27,,,0
2800,'Weekday',522,,33725,10,,,0,32,,33726,27,,,0,78,,33727,27,,,0,70,,33743,27,,,0,30,,33728,27,,,0,70,,33744,27,,,0,30,,33729,27,,,0,70,,33746,27,,,0,30,,33730,27,,,0,70,,33745,27,,,0,30,,33731,27,,,0,70,,33747,27,,,0,30,,33733,27,,,0,70,,33748,27,,,0,30,,33732,27,,,0,70,,33750,27,,,0,30,,33734,27,,,0,70,,33749,27,,,0,30,,33735,27,,,0,70,,33752,27,,,0,30,,33736,27,,,0,70,,33753,27,,,0,30,,33737,27,,,0,70,,33751,27,,,0,30,,33738,27,,,0,70,,33754,27,,,0,30,,33739,27,,,0,25,,33755,27,,,0,68,,33724,27,,,0,29,,33757,27,,,0,70,,33740,27,,,0,30,,33758,27,,,0,70,,33741,27,,,0,30,,33759,27,,,0,70,,33742,27,,,0,30,,33756,27,,,0,70,,33761,27,,,0,30,,33760,27,,,0
2800,'1CCSDCUT-Weekday',522,,33763,10,,,0,32,,33764,27,,,0,78,,33765,27,,,0,70,,33781,27,,,0,30,,33766,27,,,0,70,,33782,27,,,0,30,,33767,27,,,0,70,,33784,27,,,0,30,,33768,27,,,0,70,,33783,27,,,0,30,,33769,27,,,0,70,,33785,27,,,0,30,,33771,27,,,0,70,,33786,27,,,0,30,,33770,27,,,0,70,,33788,27,,,0,30,,33772,27,,,0,70,,33787,27,,,0,30,,33773,27,,,0,70,,33790,27,,,0,30,,33774,27,,,0,70,,33791,27,,,0,30,,33775,27,,,0,70,,33789,27,,,0,30,,33776,27,,,0,70,,33792,27,,,0,30,,33777,27,,,0,25,,33793,27,,,0,68,,33762,27,,,0,29,,33795,27,,,0,70,,33778,27,,,0,30,,33796,27,,,0,70,,33779,27,,,0,30,,33797,27,,,0,70,,33780,27,,,0,30,,33794,27,,,0,70,,33799,27,,,0,30,,33798,27,,,0
71300,'Weekday',826,,68410,10,0,29 160,0
71300,'1CCSDCUT-Weekday',826,,68411,10,0,29 160,0
71301,'Weekday0000100',1445,,68412,2,4,,0
71301,'Weekday1111000',1610,,68413,2,4,,0
71301,'1CCSDCUT-Weekday0000100',1445,,68414,2,4,,0
71301,'1CCSDCUT-Weekday1111000',1610,,68415,2,4,,0
