7901,'Weekday',501,,45562,27,,,0,24,,45547,27,,,0,24,,45549,27,,,0,67,,45548,27,,,0,26,,45564,27,,,0,64,,45546,27,,,0,24,,45543,27,,,0,24,,45540,27,,,0,64,,45565,27,,,0,24,,45563,27,,,0,61,,45554,27,,,0,25,,45560,27,,,0,30,,45556,27,,,0,72,,45557,27,,,0,72,,45555,27,,,0,32,,45550,27,,,0,72,,45536,27,,,0,32,,45552,27,,,0,72,,45551,27,,,0,32,,45532,27,,,0,72,,45542,27,,,0,33,,45558,27,,,0,74,,45538,27,,,0,31,,45559,27,,,0,58,,45561,27,,,0,24,,45544,27,,,0,66,,45533,27,,,0,22,,45534,27,,,0,24,,45553,27,,,0,64,,45541,27,,,0,24,,45537,27,,,0,24,,45545,27,,,0,63,,45535,27,,,0,23,,45539,27,,,0
7901,'Weekday0000100',1336,,45566,14,,,0
7901,'1CCSDCUT-Weekday',501,,45597,27,,,0,24,,45582,27,,,0,24,,45584,27,,,0,67,,45583,27,,,0,26,,45599,27,,,0,64,,45581,27,,,0,24,,45578,27,,,0,24,,45575,27,,,0,64,,45600,27,,,0,24,,45598,27,,,0,61,,45589,27,,,0,25,,45595,27,,,0,30,,45591,27,,,0,72,,45592,27,,,0,72,,45590,27,,,0,32,,45585,27,,,0,72,,45571,27,,,0,32,,45587,27,,,0,72,,45586,27,,,0,32,,45567,27,,,0,72,,45577,27,,,0,33,,45593,27,,,0,74,,45573,27,,,0,31,,45594,27,,,0,58,,45596,27,,,0,24,,45579,27,,,0,66,,45568,27,,,0,22,,45569,27,,,0,24,,45588,27,,,0,64,,45576,27,,,0,24,,45572,27,,,0,24,,45580,27,,,0,63,,45570,27,,,0,23,,45574,27,,,0
7901,'1CCSDCUT-Weekday0000100',1336,,45601,14,,,0
7901,'1PUBCUT-Weekday',501,,45632,27,,,0,24,,45617,27,,,0,24,,45619,27,,,0,67,,45618,27,,,0,26,,45634,27,,,0,64,,45616,27,,,0,24,,45613,27,,,0,24,,45610,27,,,0,64,,45635,27,,,0,24,,45633,27,,,0,61,,45624,27,,,0,25,,45630,27,,,0,30,,45626,27,,,0,72,,45627,27,,,0,72,,45625,27,,,0,32,,45620,27,,,0,72,,45606,27,,,0,32,,45622,27,,,0,72,,45621,27,,,0,32,,45602,27,,,0,72,,45612,27,,,0,33,,45628,27,,,0,74,,45608,27,,,0,31,,45629,27,,,0,58,,45631,27,,,0,24,,45614,27,,,0,66,,45603,27,,,0,22,,45604,27,,,0,24,,45623,27,,,0,64,,45611,27,,,0,24,,45607,27,,,0,24,,45615,27,,,0,63,,45605,27,,,0,23,,45609,27,,,0
7901,'1PUBCUT-Weekday0000100',1336,,45636,14,,,0
86600,'Weekday0000100',1446,,69091,16,0,17 18 19 1 20,0
86600,'Weekday1111000',1602,,69093,16,0,17 18 19 1 20,0
86600,'1PUBCUT-Weekday0000100',1446,,69095,16,0,17 18 19 1 20,0
86600,'1PUBCUT-Weekday1111000',1602,,69097,16,0,17 18 19 1 20,0
86601,'Weekday',818,,69099,10,0,17 18 19 1 20,0
86601,'1PUBCUT-Weekday',818,,69101,10,0,17 18 19 1 20,0
87900,'Weekday',751,,69135,10,0,213 38 214 1 20,0
87900,'1PUBCUT-Weekday',751,,69137,10,0,213 38 214 1 20,0
87901,'Weekday',1503,,69139,11,0,213 38 214 1 20,0
87901,'1PUBCUT-Weekday',1503,,69141,11,0,213 38 214 1 20,0
