6200,'2025DE-1BUSCUT-Weekday-02',1704,,17636,4,,0,32,,17635,4,,0,75,,17637,4,,0
6200,'2025DE-1BUSWK-Weekday-02',1704,,17639,4,,0,32,,17638,4,,0,75,,17640,4,,0
6200,'2025DE-pBxDec31-Weekday-02',1704,,17642,4,,0,32,,17641,4,,0,75,,17643,4,,0
6201,'2025DE-1BUSCUT-Weekday-02',618,,17644,,,0,26,,17645,,,0,68,,17646,,,0
6201,'2025DE-1BUSWK-Weekday-02',618,,17647,,,0,26,,17648,,,0,68,,17649,,,0
6201,'2025DE-pBxDec31-Weekday-02',618,,17650,,,0,26,,17651,,,0,68,,17652,,,0
11800,'2025DE-1BUSCUT-Weekday-02',509,,29762,,,0,42,,29764,,,0,78,,29759,,,0,30,,29760,,,0,70,,29761,,,0,30,,29765,,,0,70,,29763,,,0,29,,29766,,,0,69,,29767,,,0,30,,29768,,,0,70,,29769,,,0,30,,29770,,,0,70,,29772,,,0,30,,29773,,,0,70,,29774,,,0,30,,29771,,,0,70,,29775,,,0,30,,29776,,,0,70,,29777,,,0,30,,29778,,,0,71,,29779,,,0,72,,29780,,,0,30,,29783,,,0,70,,29785,,,0,30,,29781,,,0,70,,29782,,,0,34,,29784,,,0,69,,29786,,,0,30,,29787,,,0,70,,29788,,,0,30,,29789,,,0,70,,29790,,,0,30,,29791,,,0,70,,29792,,,0,30,,29793,,,0,70,,29794,,,0,30,,29795,,,0
11800,'2025DE-1BUSSA-Saturday-02',731,,29825,,,0,28,,29799,,,0,70,,29796,,,0,30,,29797,,,0,70,,29801,,,0,30,,29805,,,0,70,,29806,,,0,30,,29803,,,0,70,,29802,,,0,30,,29804,,,0,70,,29800,,,0,30,,29807,,,0,70,,29811,,,0,30,,29812,,,0,70,,29809,,,0,30,,29808,,,0,70,,29810,,,0,30,,29798,,,0,70,,29814,,,0,30,,29815,,,0,70,,29813,,,0,30,,29817,,,0,70,,29818,,,0,30,,29819,,,0,70,,29816,,,0,30,,29820,,,0,70,,29821,,,0,30,,29822,,,0,70,,29823,,,0,30,,29824,,,0,70,,29826,,,0
11800,'2025DE-1BUSSU-Sunday-02',759,,29854,,,0,70,,29827,,,0,30,,29830,,,0,70,,29828,,,0,30,,29831,,,0,70,,29832,,,0,30,,29833,,,0,70,,29835,,,0,30,,29836,,,0,70,,29837,,,0,30,,29834,,,0,70,,29829,,,0,30,,29838,,,0,70,,29839,,,0,30,,29840,,,0,70,,29841,,,0,30,,29842,,,0,70,,29844,,,0,30,,29845,,,0,70,,29846,,,0,30,,29843,,,0,70,,29847,,,0,30,,29848,,,0,70,,29849,,,0,30,,29850,,,0,70,,29851,,,0,30,,29852,,,0,70,,29853,,,0,30,,29855,,,0,70,,29856,,,0
11800,'2025DE-1BUSWK-Weekday-02',509,,29860,,,0,42,,29862,,,0,78,,29857,,,0,30,,29858,,,0,70,,29859,,,0,30,,29863,,,0,70,,29861,,,0,29,,29864,,,0,69,,29865,,,0,30,,29866,,,0,70,,29867,,,0,30,,29868,,,0,70,,29870,,,0,30,,29871,,,0,70,,29872,,,0,30,,29869,,,0,70,,29873,,,0,30,,29874,,,0,70,,29875,,,0,30,,29876,,,0,71,,29877,,,0,72,,29878,,,0,30,,29881,,,0,70,,29883,,,0,30,,29879,,,0,70,,29880,,,0,34,,29882,,,0,69,,29884,,,0,30,,29885,,,0,70,,29886,,,0,30,,29887,,,0,70,,29888,,,0,30,,29889,,,0,70,,29890,,,0,30,,29891,,,0,70,,29892,,,0,30,,29893,,,0
11800,'2025DE-pBxDec31-Weekday-02',509,,29898,,,0,42,,29899,,,0,78,,29894,,,0,30,,29895,,,0,70,,29896,,,0,30,,29900,,,0,70,,29897,,,0,29,,29901,,,0,69,,29902,,,0,30,,29903,,,0,70,,29904,,,0,30,,29905,,,0,70,,29907,,,0,30,,29908,,,0,70,,29909,,,0,30,,29906,,,0,70,,29910,,,0,30,,29911,,,0,70,,29912,,,0,30,,29913,,,0,71,,29914,,,0,72,,29915,,,0,30,,29918,,,0,70,,29920,,,0,30,,29916,,,0,70,,29917,,,0,34,,29919,,,0,69,,29921,,,0,30,,29922,,,0,70,,29923,,,0,30,,29924,,,0,70,,29925,,,0,30,,29926,,,0,70,,29927,,,0,30,,29928,,,0,70,,29929,,,0,30,,29930,,,0
