3600,'Saturday',553,,87432,3,,,0,85,,87436,3,,,0,85,,87439,3,,,0,85,,87441,3,,,0,45,,87433,3,,,0,85,,87437,3,,,0,85,,87438,3,,,0,85,,87440,3,,,0,45,,87420,3,,,0,85,,87421,3,,,0,85,,87422,3,,,0,85,,87423,3,,,0,45,,87424,3,,,0,85,,87425,3,,,0,85,,87426,3,,,0,85,,87427,3,,,0,45,,87428,3,,,0,85,,87429,3,,,0,85,,87434,3,,,0,85,,87430,3,,,0,45,,87431,3,,,0,85,,87435,3,,,0,85,,87443,3,,,0,85,,87442,3,,,0
3600,'Sunday',723,,87457,3,,,0,85,,87459,3,,,0,45,,87455,3,,,0,85,,87454,3,,,0,85,,87456,3,,,0,85,,87458,3,,,0,45,,87445,3,,,0,85,,87444,3,,,0,85,,87446,3,,,0,85,,87447,3,,,0,45,,87448,3,,,0,85,,87449,3,,,0,85,,87450,3,,,0,85,,87451,3,,,0,45,,87452,3,,,0,85,,87453,3,,,0,85,,87460,3,,,0,85,,87462,3,,,0,45,,87463,3,,,0,85,,87465,3,,,0,85,,87464,3,,,0,85,,87461,3,,,0
3600,'Weekday',616,,87477,3,,,0,35,,87478,3,,,0,75,,87479,3,,,0,75,,87480,3,,,0,35,,87481,3,,,0,75,,87483,3,,,0,35,,87482,3,,,0,75,,87487,3,,,0,35,,87484,3,,,0,75,,87485,3,,,0,75,,87486,3,,,0,35,,87488,3,,,0,75,,87489,3,,,0,35,,87490,3,,,0,75,,87491,3,,,0,75,,87492,3,,,0,35,,87493,3,,,0,75,,87494,3,,,0,35,,87495,3,,,0,75,,87496,3,,,0,35,,87468,3,,,0,75,,87469,3,,,0,73,,87467,3,,,0,32,,87470,3,,,0,81,,87471,3,,,0,41,,87472,3,,,0,81,,87473,3,,,0,81,,87474,3,,,0,81,,87475,3,,,0,41,,87476,3,0,88,0
3600,'STMPSa-Saturday',553,,87509,3,,,0,85,,87513,3,,,0,85,,87516,3,,,0,85,,87518,3,,,0,45,,87510,3,,,0,85,,87514,3,,,0,85,,87515,3,,,0,85,,87517,3,,,0,45,,87497,3,,,0,85,,87498,3,,,0,85,,87499,3,,,0,85,,87500,3,,,0,45,,87501,3,,,0,85,,87502,3,,,0,85,,87503,3,,,0,85,,87504,3,,,0,45,,87505,3,,,0,85,,87506,3,,,0,85,,87511,3,,,0,85,,87507,3,,,0,45,,87508,3,,,0,85,,87512,3,,,0,85,,87520,3,,,0,85,,87519,3,,,0
3600,'STMPSnea-Weekday',616,,87532,3,,,0,35,,87533,3,,,0,75,,87534,3,,,0,75,,87535,3,,,0,35,,87536,3,,,0,75,,87538,3,,,0,35,,87537,3,,,0,75,,87542,3,,,0,35,,87539,3,,,0,75,,87540,3,,,0,75,,87541,3,,,0,35,,87543,3,,,0,75,,87544,3,,,0,35,,87545,3,,,0,75,,87546,3,,,0,75,,87547,3,,,0,35,,87548,3,,,0,75,,87549,3,,,0,35,,87550,3,,,0,75,,87551,3,,,0,35,,87523,3,,,0,75,,87524,3,,,0,73,,87522,3,,,0,32,,87525,3,,,0,81,,87526,3,,,0,41,,87527,3,,,0,81,,87528,3,,,0,81,,87529,3,,,0,81,,87530,3,,,0,41,,87531,3,0,88,0
3600,'STMPSu1-Sunday',723,,87565,3,,,0,85,,87567,3,,,0,45,,87563,3,,,0,85,,87562,3,,,0,85,,87564,3,,,0,85,,87566,3,,,0,45,,87553,3,,,0,85,,87552,3,,,0,85,,87554,3,,,0,85,,87555,3,,,0,45,,87556,3,,,0,85,,87557,3,,,0,85,,87558,3,,,0,85,,87559,3,,,0,45,,87560,3,,,0,85,,87561,3,,,0,85,,87568,3,,,0,85,,87570,3,,,0,45,,87571,3,,,0,85,,87573,3,,,0,85,,87572,3,,,0,85,,87569,3,,,0
3600,'STMPSu2-Sunday',723,,87587,3,,,0,85,,87589,3,,,0,45,,87585,3,,,0,85,,87584,3,,,0,85,,87586,3,,,0,85,,87588,3,,,0,45,,87575,3,,,0,85,,87574,3,,,0,85,,87576,3,,,0,85,,87577,3,,,0,45,,87578,3,,,0,85,,87579,3,,,0,85,,87580,3,,,0,85,,87581,3,,,0,45,,87582,3,,,0,85,,87583,3,,,0,85,,87590,3,,,0,85,,87592,3,,,0,45,,87593,3,,,0,85,,87595,3,,,0,85,,87594,3,,,0,85,,87591,3,,,0
3600,'STMPWeek-Weekday',616,,87607,3,,,0,35,,87608,3,,,0,75,,87609,3,,,0,75,,87610,3,,,0,35,,87611,3,,,0,75,,87613,3,,,0,35,,87612,3,,,0,75,,87617,3,,,0,35,,87614,3,,,0,75,,87615,3,,,0,75,,87616,3,,,0,35,,87618,3,,,0,75,,87619,3,,,0,35,,87620,3,,,0,75,,87621,3,,,0,75,,87622,3,,,0,35,,87623,3,,,0,75,,87624,3,,,0,35,,87625,3,,,0,75,,87626,3,,,0,35,,87598,3,,,0,75,,87599,3,,,0,73,,87597,3,,,0,32,,87600,3,,,0,81,,87601,3,,,0,41,,87602,3,,,0,81,,87603,3,,,0,81,,87604,3,,,0,81,,87605,3,,,0,41,,87606,3,0,88,0
3600,'STMPar-Weekday',616,,87638,3,,,0,35,,87639,3,,,0,75,,87640,3,,,0,75,,87641,3,,,0,35,,87642,3,,,0,75,,87644,3,,,0,35,,87643,3,,,0,75,,87648,3,,,0,35,,87645,3,,,0,75,,87646,3,,,0,75,,87647,3,,,0,35,,87649,3,,,0,75,,87650,3,,,0,35,,87651,3,,,0,75,,87652,3,,,0,75,,87653,3,,,0,35,,87654,3,,,0,75,,87655,3,,,0,35,,87656,3,,,0,75,,87657,3,,,0,35,,87629,3,,,0,75,,87630,3,,,0,73,,87628,3,,,0,32,,87631,3,,,0,81,,87632,3,,,0,41,,87633,3,,,0,81,,87634,3,,,0,81,,87635,3,,,0,81,,87636,3,,,0,41,,87637,3,0,88,0
4100,'Saturday',619,,90218,3,,,0,85,,90216,3,,,0,45,,90201,3,,,0,85,,90202,3,,,0,85,,90203,3,,,0,85,,90204,3,,,0,45,,90205,3,,,0,85,,90206,3,,,0,85,,90207,3,,,0,85,,90208,3,,,0,45,,90209,3,,,0,85,,90210,3,,,0,85,,90212,3,,,0,85,,90213,3,,,0,45,,90214,3,,,0,85,,90211,3,,,0,85,,90215,3,,,0,85,,90217,3,,,0
4100,'Weekday',558,,90223,3,,,0,76,,90224,3,,,0,75,,90225,3,,,0,35,,90226,3,,,0,77,,90227,3,,,0,35,,90231,3,,,0,75,,90229,3,,,0,75,,90232,3,,,0,35,,90230,3,,,0,75,,90228,3,,,0,35,,90234,3,,,0,75,,90233,3,,,0,75,,90237,3,,,0,35,,90235,3,,,0,75,,90236,3,,,0,35,,90238,3,,,0,75,,90239,3,,,0,35,,90240,3,,,0,75,,90241,3,,,0,75,,90242,3,,,0,35,,90243,3,,,0,76,,90221,3,,,0,32,,90222,3,,,0
4100,'STMPSa-Saturday',619,,90261,3,,,0,85,,90259,3,,,0,45,,90244,3,,,0,85,,90245,3,,,0,85,,90246,3,,,0,85,,90247,3,,,0,45,,90248,3,,,0,85,,90249,3,,,0,85,,90250,3,,,0,85,,90251,3,,,0,45,,90252,3,,,0,85,,90253,3,,,0,85,,90255,3,,,0,85,,90256,3,,,0,45,,90257,3,,,0,85,,90254,3,,,0,85,,90258,3,,,0,85,,90260,3,,,0
4100,'STMPSnea-Weekday',558,,90266,3,,,0,76,,90267,3,,,0,75,,90268,3,,,0,35,,90269,3,,,0,77,,90270,3,,,0,35,,90274,3,,,0,75,,90272,3,,,0,75,,90275,3,,,0,35,,90273,3,,,0,75,,90271,3,,,0,35,,90277,3,,,0,75,,90276,3,,,0,75,,90280,3,,,0,35,,90278,3,,,0,75,,90279,3,,,0,35,,90281,3,,,0,75,,90282,3,,,0,35,,90283,3,,,0,75,,90284,3,,,0,75,,90285,3,,,0,35,,90286,3,,,0,76,,90264,3,,,0,32,,90265,3,,,0
4100,'STMPWeek-Weekday',558,,90290,3,,,0,76,,90291,3,,,0,75,,90292,3,,,0,35,,90293,3,,,0,77,,90294,3,,,0,35,,90298,3,,,0,75,,90296,3,,,0,75,,90299,3,,,0,35,,90297,3,,,0,75,,90295,3,,,0,35,,90301,3,,,0,75,,90300,3,,,0,75,,90304,3,,,0,35,,90302,3,,,0,75,,90303,3,,,0,35,,90305,3,,,0,75,,90306,3,,,0,35,,90307,3,,,0,75,,90308,3,,,0,75,,90309,3,,,0,35,,90310,3,,,0,76,,90288,3,,,0,32,,90289,3,,,0
4100,'STMPar-Weekday',558,,90314,3,,,0,76,,90315,3,,,0,75,,90316,3,,,0,35,,90317,3,,,0,77,,90318,3,,,0,35,,90322,3,,,0,75,,90320,3,,,0,75,,90323,3,,,0,35,,90321,3,,,0,75,,90319,3,,,0,35,,90325,3,,,0,75,,90324,3,,,0,75,,90328,3,,,0,35,,90326,3,,,0,75,,90327,3,,,0,35,,90329,3,,,0,75,,90330,3,,,0,35,,90331,3,,,0,75,,90332,3,,,0,75,,90333,3,,,0,35,,90334,3,,,0,76,,90312,3,,,0,32,,90313,3,,,0
14800,'Saturday',601,,126934,2,,,0,30,,126948,2,,,0,70,,126935,2,,,0,30,,126952,2,,,0,70,,126936,2,,,0,30,,126954,2,,,0,70,,126933,2,,,0,30,,126953,2,,,0,70,,126932,2,,,0,30,,126950,2,,,0,70,,126937,2,,,0,30,,126955,2,,,0,70,,126938,2,,,0,30,,126951,2,,,0,70,,126940,2,,,0,30,,126958,2,,,0,70,,126941,2,,,0,30,,126956,2,,,0,70,,126942,2,,,0,30,,126957,2,,,0,70,,126939,2,,,0,30,,126959,2,,,0,70,,126943,2,,,0,30,,126949,2,,,0,70,,126944,2,,,0,30,,126962,2,,,0,70,,126945,2,,,0,30,,126961,2,,,0,70,,126946,2,,,0,30,,126960,2,,,0,70,,126947,2,,,0
14800,'Sunday',601,,126965,2,,,0,30,,126980,2,,,0,70,,126966,2,,,0,30,,126985,2,,,0,70,,126964,2,,,0,30,,126984,2,,,0,70,,126968,2,,,0,30,,126986,2,,,0,70,,126967,2,,,0,30,,126979,2,,,0,70,,126970,2,,,0,30,,126987,2,,,0,70,,126963,2,,,0,30,,126983,2,,,0,70,,126969,2,,,0,30,,126981,2,,,0,70,,126971,2,,,0,30,,126988,2,,,0,70,,126972,2,,,0,30,,126989,2,,,0,70,,126973,2,,,0,30,,126990,2,,,0,70,,126974,2,,,0,30,,126982,2,,,0,70,,126976,2,,,0,30,,126993,2,,,0,70,,126975,2,,,0,30,,126991,2,,,0,70,,126977,2,,,0,30,,126992,2,,,0,70,,126978,2,,,0
14800,'Weekday',501,,126994,2,,,0,32,,127017,2,,,0,22,,126995,2,,,0,56,,126999,2,,,0,17,,127036,2,,,0,17,,127018,2,,,0,57,,126996,2,,,0,17,,127000,2,,,0,17,,127037,2,,,0,17,,127019,2,,,0,57,,126997,2,,,0,17,,127001,2,,,0,17,,127038,2,,,0,57,,127021,2,,,0,30,,127002,2,,,0,70,,127020,2,,,0,30,,127003,2,,,0,70,,127022,2,,,0,30,,127004,2,,,0,70,,127023,2,,,0,30,,127005,2,,,0,70,,127024,2,,,0,30,,127006,2,,,0,70,,127025,2,,,0,30,,127007,2,,,0,70,,127026,2,,,0,17,,127035,2,,,0,17,,127008,2,,,0,17,,127040,2,,,0,57,,127027,2,,,0,17,,126998,2,,,0,17,,127009,2,,,0,57,,127039,2,,,0,17,,127028,2,,,0,17,,127015,2,,,0,17,,127010,2,,,0,72,,127029,2,,,0,34,,127011,2,,,0,70,,127030,2,,,0,30,,127012,2,,,0,70,,127031,2,,,0,30,,127013,2,,,0,70,,127032,2,,,0,30,,127014,2,,,0,70,,127033,2,,,0,30,,127016,2,,,0,74,,127034,2,,,0
14800,'STMPSa-Saturday',601,,127043,2,,,0,30,,127057,2,,,0,70,,127044,2,,,0,30,,127061,2,,,0,70,,127045,2,,,0,30,,127063,2,,,0,70,,127042,2,,,0,30,,127062,2,,,0,70,,127041,2,,,0,30,,127059,2,,,0,70,,127046,2,,,0,30,,127064,2,,,0,70,,127047,2,,,0,30,,127060,2,,,0,70,,127049,2,,,0,30,,127067,2,,,0,70,,127050,2,,,0,30,,127065,2,,,0,70,,127051,2,,,0,30,,127066,2,,,0,70,,127048,2,,,0,30,,127068,2,,,0,70,,127052,2,,,0,30,,127058,2,,,0,70,,127053,2,,,0,30,,127071,2,,,0,70,,127054,2,,,0,30,,127069,2,,,0,70,,127055,2,,,0,30,,127070,2,,,0,70,,127056,2,,,0
14800,'STMPSnea-Weekday',501,,127072,2,,,0,32,,127095,2,,,0,22,,127073,2,,,0,56,,127077,2,,,0,17,,127114,2,,,0,17,,127096,2,,,0,57,,127074,2,,,0,17,,127078,2,,,0,17,,127115,2,,,0,17,,127097,2,,,0,57,,127075,2,,,0,17,,127079,2,,,0,17,,127116,2,,,0,57,,127099,2,,,0,30,,127080,2,,,0,70,,127098,2,,,0,30,,127081,2,,,0,70,,127100,2,,,0,30,,127082,2,,,0,70,,127101,2,,,0,30,,127083,2,,,0,70,,127102,2,,,0,30,,127084,2,,,0,70,,127103,2,,,0,30,,127085,2,,,0,70,,127104,2,,,0,17,,127113,2,,,0,17,,127086,2,,,0,17,,127118,2,,,0,57,,127105,2,,,0,17,,127076,2,,,0,17,,127087,2,,,0,57,,127117,2,,,0,17,,127106,2,,,0,17,,127093,2,,,0,17,,127088,2,,,0,72,,127107,2,,,0,34,,127089,2,,,0,70,,127108,2,,,0,30,,127090,2,,,0,70,,127109,2,,,0,30,,127091,2,,,0,70,,127110,2,,,0,30,,127092,2,,,0,70,,127111,2,,,0,30,,127094,2,,,0,74,,127112,2,,,0
14800,'STMPSu1-Sunday',601,,127121,2,,,0,30,,127136,2,,,0,70,,127122,2,,,0,30,,127141,2,,,0,70,,127120,2,,,0,30,,127140,2,,,0,70,,127124,2,,,0,30,,127142,2,,,0,70,,127123,2,,,0,30,,127135,2,,,0,70,,127126,2,,,0,30,,127143,2,,,0,70,,127119,2,,,0,30,,127139,2,,,0,70,,127125,2,,,0,30,,127137,2,,,0,70,,127127,2,,,0,30,,127144,2,,,0,70,,127128,2,,,0,30,,127145,2,,,0,70,,127129,2,,,0,30,,127146,2,,,0,70,,127130,2,,,0,30,,127138,2,,,0,70,,127132,2,,,0,30,,127149,2,,,0,70,,127131,2,,,0,30,,127147,2,,,0,70,,127133,2,,,0,30,,127148,2,,,0,70,,127134,2,,,0
14800,'STMPSu2-Sunday',601,,127152,2,,,0,30,,127167,2,,,0,70,,127153,2,,,0,30,,127172,2,,,0,70,,127151,2,,,0,30,,127171,2,,,0,70,,127155,2,,,0,30,,127173,2,,,0,70,,127154,2,,,0,30,,127166,2,,,0,70,,127157,2,,,0,30,,127174,2,,,0,70,,127150,2,,,0,30,,127170,2,,,0,70,,127156,2,,,0,30,,127168,2,,,0,70,,127158,2,,,0,30,,127175,2,,,0,70,,127159,2,,,0,30,,127176,2,,,0,70,,127160,2,,,0,30,,127177,2,,,0,70,,127161,2,,,0,30,,127169,2,,,0,70,,127163,2,,,0,30,,127180,2,,,0,70,,127162,2,,,0,30,,127178,2,,,0,70,,127164,2,,,0,30,,127179,2,,,0,70,,127165,2,,,0
14800,'STMPWeek-Weekday',501,,127181,2,,,0,32,,127204,2,,,0,22,,127182,2,,,0,56,,127186,2,,,0,17,,127223,2,,,0,17,,127205,2,,,0,57,,127183,2,,,0,17,,127187,2,,,0,17,,127224,2,,,0,17,,127206,2,,,0,57,,127184,2,,,0,17,,127188,2,,,0,17,,127225,2,,,0,57,,127208,2,,,0,30,,127189,2,,,0,70,,127207,2,,,0,30,,127190,2,,,0,70,,127209,2,,,0,30,,127191,2,,,0,70,,127210,2,,,0,30,,127192,2,,,0,70,,127211,2,,,0,30,,127193,2,,,0,70,,127212,2,,,0,30,,127194,2,,,0,70,,127213,2,,,0,17,,127222,2,,,0,17,,127195,2,,,0,17,,127227,2,,,0,57,,127214,2,,,0,17,,127185,2,,,0,17,,127196,2,,,0,57,,127226,2,,,0,17,,127215,2,,,0,17,,127202,2,,,0,17,,127197,2,,,0,72,,127216,2,,,0,34,,127198,2,,,0,70,,127217,2,,,0,30,,127199,2,,,0,70,,127218,2,,,0,30,,127200,2,,,0,70,,127219,2,,,0,30,,127201,2,,,0,70,,127220,2,,,0,30,,127203,2,,,0,74,,127221,2,,,0
14800,'STMPar-Weekday',501,,127228,2,,,0,32,,127251,2,,,0,22,,127229,2,,,0,56,,127233,2,,,0,17,,127270,2,,,0,17,,127252,2,,,0,57,,127230,2,,,0,17,,127234,2,,,0,17,,127271,2,,,0,17,,127253,2,,,0,57,,127231,2,,,0,17,,127235,2,,,0,17,,127272,2,,,0,57,,127255,2,,,0,30,,127236,2,,,0,70,,127254,2,,,0,30,,127237,2,,,0,70,,127256,2,,,0,30,,127238,2,,,0,70,,127257,2,,,0,30,,127239,2,,,0,70,,127258,2,,,0,30,,127240,2,,,0,70,,127259,2,,,0,30,,127241,2,,,0,70,,127260,2,,,0,17,,127269,2,,,0,17,,127242,2,,,0,17,,127274,2,,,0,57,,127261,2,,,0,17,,127232,2,,,0,17,,127243,2,,,0,57,,127273,2,,,0,17,,127262,2,,,0,17,,127249,2,,,0,17,,127244,2,,,0,72,,127263,2,,,0,34,,127245,2,,,0,70,,127264,2,,,0,30,,127246,2,,,0,70,,127265,2,,,0,30,,127247,2,,,0,70,,127266,2,,,0,30,,127248,2,,,0,70,,127267,2,,,0,30,,127250,2,,,0,74,,127268,2,,,0
