5601,'Saturday',547,,40186,45,0,111,0,85,,40199,45,0,111,0,85,,40187,45,0,111,0,86,,40201,45,0,111,0,46,,40188,45,0,111,0,85,,40203,45,0,111,0,85,,40189,45,0,111,0,85,,40202,45,0,111,0,45,,40190,45,0,111,0,85,,40200,45,0,111,0,85,,40191,45,0,111,0,85,,40205,45,0,111,0,45,,40192,45,0,111,0,85,,40206,45,0,111,0,85,,40195,45,0,111,0,85,,40204,45,0,111,0,45,,40193,45,0,111,0,85,,40207,45,0,111,0,84,,40194,45,0,111,0,84,,40208,45,0,111,0,45,,40197,45,0,111,0,85,,40209,45,0,111,0,85,,40196,45,0,111,0,85,,40210,45,0,111,0,45,,40198,45,0,111,0
5601,'Sunday',547,,40211,45,0,111,0,85,,40225,45,0,111,0,85,,40212,45,0,111,0,86,,40226,45,0,111,0,46,,40213,45,0,111,0,85,,40227,45,0,111,0,85,,40214,45,0,111,0,85,,40224,45,0,111,0,45,,40215,45,0,111,0,85,,40228,45,0,111,0,85,,40217,45,0,111,0,85,,40229,45,0,111,0,45,,40216,45,0,111,0,85,,40230,45,0,111,0,85,,40218,45,0,111,0,85,,40231,45,0,111,0,45,,40219,45,0,111,0,85,,40233,45,0,111,0,84,,40220,45,0,111,0,84,,40232,45,0,111,0,45,,40221,45,0,111,0,85,,40234,45,0,111,0,85,,40222,45,0,111,0,85,,40235,45,0,111,0,45,,40223,45,0,111,0
5601,'Weekday',503,,40246,45,0,111,0,35,,40247,45,0,111,0,75,,40248,45,0,111,0,37,,40250,45,0,111,0,75,,40251,45,0,111,0,75,,40252,45,0,111,0,10,,40270,25,0,111,0,25,,40249,45,0,111,0,75,,40253,45,0,111,0,34,,40254,45,0,111,0,75,,40255,45,0,111,0,35,,40256,45,0,111,0,75,,40257,45,0,111,0,75,,40258,45,0,111,0,35,,40259,45,0,111,0,75,,40261,45,0,111,0,35,,40262,45,0,111,0,75,,40263,45,0,111,0,35,,40260,45,0,111,0,78,,40265,45,0,111,0,75,,40266,45,0,111,0,35,,40264,45,0,111,0,75,,40267,45,0,111,0,35,,40268,45,0,111,0,75,,40269,45,0,111,0,76,,40243,45,0,111,0,33,,40242,45,0,111,0,75,,40241,45,0,111,0,35,,40238,45,0,111,0,74,,40236,45,0,111,0,33,,40239,45,0,111,0,75,,40244,45,0,111,0,75,,40237,45,0,111,0,35,,40240,45,0,111,0,75,,40245,45,0,111,0
5601,'1CCSDCUT-Weekday',503,,40281,45,0,111,0,35,,40282,45,0,111,0,75,,40283,45,0,111,0,37,,40285,45,0,111,0,75,,40286,45,0,111,0,75,,40287,45,0,111,0,10,,40305,25,0,111,0,25,,40284,45,0,111,0,75,,40288,45,0,111,0,34,,40289,45,0,111,0,75,,40290,45,0,111,0,35,,40291,45,0,111,0,75,,40292,45,0,111,0,75,,40293,45,0,111,0,35,,40294,45,0,111,0,75,,40296,45,0,111,0,35,,40297,45,0,111,0,75,,40298,45,0,111,0,35,,40295,45,0,111,0,78,,40300,45,0,111,0,75,,40301,45,0,111,0,35,,40299,45,0,111,0,75,,40302,45,0,111,0,35,,40303,45,0,111,0,75,,40304,45,0,111,0,76,,40278,45,0,111,0,33,,40277,45,0,111,0,75,,40276,45,0,111,0,35,,40273,45,0,111,0,74,,40271,45,0,111,0,33,,40274,45,0,111,0,75,,40279,45,0,111,0,75,,40272,45,0,111,0,35,,40275,45,0,111,0,75,,40280,45,0,111,0
76700,'Weekday0000100',1342,,68704,6,0,48 49 1 195,0
76700,'Weekday1111000',1547,,68705,6,0,48 49 1 195,0
76700,'1CCSDCUT-Weekday0000100',1342,,68706,6,0,48 49 1 195,0
76700,'1CCSDCUT-Weekday1111000',1547,,68707,6,0,48 49 1 195,0
76701,'Weekday',842,,68708,8,0,48 49 1 195,0
76701,'1CCSDCUT-Weekday',842,,68710,8,0,48 49 1 195,0
