9800,'Saturday',542,,113073,3,,,0,77,,113074,3,,,0,35,,113075,3,,,0,75,,113077,3,,,0,75,,113078,3,,,0,35,,113076,3,,,0,75,,113079,3,,,0,35,,113080,3,,,0,75,,113081,3,,,0,35,,113082,3,,,0,75,,113083,3,,,0,75,,113084,3,,,0,35,,113085,3,,,0,75,,113086,3,,,0,35,,113087,3,,,0,75,,113088,3,,,0,75,,113089,3,,,0,35,,113090,3,,,0,75,,113091,3,,,0,35,,113092,3,,,0,75,,113093,3,,,0,35,,113094,3,,,0,75,,113095,3,,,0,75,,113096,3,,,0,35,,113097,3,,,0,75,,113098,3,,,0,35,,113099,3,,,0,75,,113100,3,,,0,75,,113101,3,,,0,35,,113102,3,,,0
9800,'Sunday',803,,113103,3,,,0,35,,113104,3,,,0,75,,113105,3,,,0,35,,113106,3,,,0,75,,113108,3,,,0,35,,113109,3,,,0,75,,113110,3,,,0,75,,113107,3,,,0,35,,113111,3,,,0,75,,113112,3,,,0,35,,113113,3,,,0,75,,113114,3,,,0,75,,113116,3,,,0,35,,113115,3,,,0,75,,113117,3,,,0,35,,113119,3,,,0,75,,113118,3,,,0,35,,113120,3,,,0,75,,113121,3,,,0,75,,113122,3,,,0,35,,113123,3,,,0,75,,113124,3,,,0,35,,113125,3,,,0,75,,113126,3,,,0,75,,113128,3,,,0,35,,113127,3,,,0
9800,'Weekday',458,,113130,3,,,0,73,,113147,3,,,0,74,,113131,3,,,0,33,,113148,3,,,0,73,,113132,3,,,0,33,,113149,3,,,0,73,,113133,3,,,0,33,,113150,3,,,0,73,,113134,3,,,0,33,,113151,3,,,0,73,,113135,3,,,0,73,,113152,3,,,0,33,,113136,3,,,0,73,,113153,3,,,0,33,,113137,3,,,0,73,,113154,3,,,0,33,,113138,3,,,0,73,,113155,3,,,0,33,,113139,3,,,0,73,,113156,3,,,0,17,,113129,3,,,0,16,,113140,3,,,0,73,,113157,3,,,0,73,,113141,3,,,0,33,,113158,3,,,0,72,,113142,3,,,0,33,,113159,3,,,0,73,,113143,3,,,0,33,,113160,3,,,0,73,,113144,3,,,0,33,,113161,3,,,0,73,,113145,3,,,0,73,,113162,3,,,0,33,,113146,3,,,0,73,,113163,3,,,0
9800,'STMPSa-Saturday',542,,113164,3,,,0,77,,113165,3,,,0,35,,113166,3,,,0,75,,113168,3,,,0,75,,113169,3,,,0,35,,113167,3,,,0,75,,113170,3,,,0,35,,113171,3,,,0,75,,113172,3,,,0,35,,113173,3,,,0,75,,113174,3,,,0,75,,113175,3,,,0,35,,113176,3,,,0,75,,113177,3,,,0,35,,113178,3,,,0,75,,113179,3,,,0,75,,113180,3,,,0,35,,113181,3,,,0,75,,113182,3,,,0,35,,113183,3,,,0,75,,113184,3,,,0,35,,113185,3,,,0,75,,113186,3,,,0,75,,113187,3,,,0,35,,113188,3,,,0,75,,113189,3,,,0,35,,113190,3,,,0,75,,113191,3,,,0,75,,113192,3,,,0,35,,113193,3,,,0
9800,'STMPSnea-Weekday',458,,113195,3,,,0,73,,113212,3,,,0,74,,113196,3,,,0,33,,113213,3,,,0,73,,113197,3,,,0,33,,113214,3,,,0,73,,113198,3,,,0,33,,113215,3,,,0,73,,113199,3,,,0,33,,113216,3,,,0,73,,113200,3,,,0,73,,113217,3,,,0,33,,113201,3,,,0,73,,113218,3,,,0,33,,113202,3,,,0,73,,113219,3,,,0,33,,113203,3,,,0,73,,113220,3,,,0,33,,113204,3,,,0,73,,113221,3,,,0,17,,113194,3,,,0,16,,113205,3,,,0,73,,113222,3,,,0,73,,113206,3,,,0,33,,113223,3,,,0,72,,113207,3,,,0,33,,113224,3,,,0,73,,113208,3,,,0,33,,113225,3,,,0,73,,113209,3,,,0,33,,113226,3,,,0,73,,113210,3,,,0,73,,113227,3,,,0,33,,113211,3,,,0,73,,113228,3,,,0
9800,'STMPSu1-Sunday',803,,113229,3,,,0,35,,113230,3,,,0,75,,113231,3,,,0,35,,113232,3,,,0,75,,113234,3,,,0,35,,113235,3,,,0,75,,113236,3,,,0,75,,113233,3,,,0,35,,113237,3,,,0,75,,113238,3,,,0,35,,113239,3,,,0,75,,113240,3,,,0,75,,113242,3,,,0,35,,113241,3,,,0,75,,113243,3,,,0,35,,113245,3,,,0,75,,113244,3,,,0,35,,113246,3,,,0,75,,113247,3,,,0,75,,113248,3,,,0,35,,113249,3,,,0,75,,113250,3,,,0,35,,113251,3,,,0,75,,113252,3,,,0,75,,113254,3,,,0,35,,113253,3,,,0
9800,'STMPSu2-Sunday',803,,113255,3,,,0,35,,113256,3,,,0,75,,113257,3,,,0,35,,113258,3,,,0,75,,113260,3,,,0,35,,113261,3,,,0,75,,113262,3,,,0,75,,113259,3,,,0,35,,113263,3,,,0,75,,113264,3,,,0,35,,113265,3,,,0,75,,113266,3,,,0,75,,113268,3,,,0,35,,113267,3,,,0,75,,113269,3,,,0,35,,113271,3,,,0,75,,113270,3,,,0,35,,113272,3,,,0,75,,113273,3,,,0,75,,113274,3,,,0,35,,113275,3,,,0,75,,113276,3,,,0,35,,113277,3,,,0,75,,113278,3,,,0,75,,113280,3,,,0,35,,113279,3,,,0
9800,'STMPWeek-Weekday',458,,113282,3,,,0,73,,113299,3,,,0,74,,113283,3,,,0,33,,113300,3,,,0,73,,113284,3,,,0,33,,113301,3,,,0,73,,113285,3,,,0,33,,113302,3,,,0,73,,113286,3,,,0,33,,113303,3,,,0,73,,113287,3,,,0,73,,113304,3,,,0,33,,113288,3,,,0,73,,113305,3,,,0,33,,113289,3,,,0,73,,113306,3,,,0,33,,113290,3,,,0,73,,113307,3,,,0,33,,113291,3,,,0,73,,113308,3,,,0,17,,113281,3,,,0,16,,113292,3,,,0,73,,113309,3,,,0,73,,113293,3,,,0,33,,113310,3,,,0,72,,113294,3,,,0,33,,113311,3,,,0,73,,113295,3,,,0,33,,113312,3,,,0,73,,113296,3,,,0,33,,113313,3,,,0,73,,113297,3,,,0,73,,113314,3,,,0,33,,113298,3,,,0,73,,113315,3,,,0
9800,'STMPar-Weekday',458,,113317,3,,,0,73,,113334,3,,,0,74,,113318,3,,,0,33,,113335,3,,,0,73,,113319,3,,,0,33,,113336,3,,,0,73,,113320,3,,,0,33,,113337,3,,,0,73,,113321,3,,,0,33,,113338,3,,,0,73,,113322,3,,,0,73,,113339,3,,,0,33,,113323,3,,,0,73,,113340,3,,,0,33,,113324,3,,,0,73,,113341,3,,,0,33,,113325,3,,,0,73,,113342,3,,,0,33,,113326,3,,,0,73,,113343,3,,,0,17,,113316,3,,,0,16,,113327,3,,,0,73,,113344,3,,,0,73,,113328,3,,,0,33,,113345,3,,,0,72,,113329,3,,,0,33,,113346,3,,,0,73,,113330,3,,,0,33,,113347,3,,,0,73,,113331,3,,,0,33,,113348,3,,,0,73,,113332,3,,,0,73,,113349,3,,,0,33,,113333,3,,,0,73,,113350,3,,,0
15601,'Saturday',608,,130313,3,,,0,33,,130314,3,,,0,73,,130315,3,,,0,33,,130316,3,,,0,73,,130317,3,,,0,33,,130318,3,,,0,73,,130319,3,,,0,33,,130320,3,,,0,73,,130321,3,,,0,73,,130323,3,,,0,33,,130322,3,,,0,73,,130325,3,,,0,33,,130326,3,,,0,73,,130324,3,,,0,33,,130327,3,,,0,73,,130328,3,,,0,33,,130329,3,,,0,73,,130330,3,,,0,73,,130331,3,,,0,33,,130332,3,,,0,73,,130333,3,,,0,33,,130334,3,,,0,73,,130335,3,,,0,33,,130336,3,,,0,73,,130337,3,,,0,33,,130338,3,,,0,73,,130339,3,,,0,33,,130340,3,,,0,73,,130341,3,,,0,73,,130342,3,,,0
15601,'Sunday',739,,130343,3,,,0,73,,130344,3,,,0,33,,130345,3,,,0,73,,130346,3,,,0,33,,130347,3,,,0,73,,130348,3,,,0,33,,130349,3,,,0,73,,130350,3,,,0,73,,130351,3,,,0,33,,130352,3,,,0,73,,130353,3,,,0,33,,130354,3,,,0,73,,130356,3,,,0,33,,130355,3,,,0,73,,130358,3,,,0,33,,130357,3,,,0,73,,130359,3,,,0,73,,130361,3,,,0,33,,130362,3,,,0,73,,130360,3,,,0,33,,130363,3,,,0,73,,130364,3,,,0,33,,130365,3,,,0,73,,130366,3,,,0,33,,130368,3,,,0,73,,130367,3,,,0,33,,130369,3,,,0
15601,'Weekday',506,,130387,3,,,0,33,,130370,3,,,0,73,,130388,3,,,0,33,,130371,3,,,0,73,,130389,3,,,0,33,,130372,3,,,0,69,,130390,3,,,0,37,,130373,3,,,0,73,,130391,3,,,0,73,,130374,3,,,0,33,,130392,3,,,0,73,,130375,3,,,0,33,,130393,3,,,0,73,,130376,3,,,0,33,,130394,3,,,0,69,,130377,3,,,0,37,,130395,3,,,0,73,,130378,3,,,0,73,,130396,3,,,0,33,,130379,3,,,0,73,,130397,3,,,0,33,,130380,3,,,0,73,,130398,3,,,0,33,,130381,3,,,0,73,,130399,3,,,0,33,,130382,3,,,0,73,,130400,3,,,0,33,,130383,3,,,0,73,,130401,3,,,0,73,,130384,3,,,0,33,,130402,3,,,0,73,,130385,3,,,0,33,,130403,3,,,0,73,,130386,3,,,0
15601,'STMPSa-Saturday',608,,130404,3,,,0,33,,130405,3,,,0,73,,130406,3,,,0,33,,130407,3,,,0,73,,130408,3,,,0,33,,130409,3,,,0,73,,130410,3,,,0,33,,130411,3,,,0,73,,130413,3,,,0,73,,130412,3,,,0,33,,130414,3,,,0,73,,130416,3,,,0,33,,130417,3,,,0,73,,130415,3,,,0,33,,130418,3,,,0,73,,130419,3,,,0,33,,130420,3,,,0,73,,130421,3,,,0,73,,130422,3,,,0,33,,130423,3,,,0,73,,130424,3,,,0,33,,130425,3,,,0,73,,130426,3,,,0,33,,130427,3,,,0,73,,130428,3,,,0,33,,130429,3,,,0,73,,130430,3,,,0,33,,130431,3,,,0,73,,130432,3,,,0,73,,130433,3,,,0
15601,'STMPSnea-Weekday',506,,130451,3,,,0,33,,130434,3,,,0,73,,130452,3,,,0,33,,130435,3,,,0,73,,130453,3,,,0,33,,130436,3,,,0,69,,130454,3,,,0,37,,130437,3,,,0,73,,130455,3,,,0,73,,130438,3,,,0,33,,130456,3,,,0,73,,130439,3,,,0,33,,130457,3,,,0,73,,130440,3,,,0,33,,130458,3,,,0,69,,130441,3,,,0,37,,130459,3,,,0,73,,130442,3,,,0,73,,130460,3,,,0,33,,130443,3,,,0,73,,130461,3,,,0,33,,130444,3,,,0,73,,130462,3,,,0,33,,130445,3,,,0,73,,130463,3,,,0,33,,130446,3,,,0,73,,130464,3,,,0,33,,130447,3,,,0,73,,130465,3,,,0,73,,130448,3,,,0,33,,130466,3,,,0,73,,130449,3,,,0,33,,130467,3,,,0,73,,130450,3,,,0
15601,'STMPSu1-Sunday',739,,130468,3,,,0,73,,130469,3,,,0,33,,130470,3,,,0,73,,130471,3,,,0,33,,130472,3,,,0,73,,130473,3,,,0,33,,130474,3,,,0,73,,130475,3,,,0,73,,130476,3,,,0,33,,130477,3,,,0,73,,130478,3,,,0,33,,130479,3,,,0,73,,130481,3,,,0,33,,130480,3,,,0,73,,130483,3,,,0,33,,130482,3,,,0,73,,130484,3,,,0,73,,130486,3,,,0,33,,130487,3,,,0,73,,130485,3,,,0,33,,130488,3,,,0,73,,130489,3,,,0,33,,130490,3,,,0,73,,130491,3,,,0,33,,130493,3,,,0,73,,130492,3,,,0,33,,130494,3,,,0
15601,'STMPSu2-Sunday',739,,130495,3,,,0,73,,130496,3,,,0,33,,130497,3,,,0,73,,130498,3,,,0,33,,130499,3,,,0,73,,130500,3,,,0,33,,130501,3,,,0,73,,130502,3,,,0,73,,130503,3,,,0,33,,130504,3,,,0,73,,130505,3,,,0,33,,130506,3,,,0,73,,130508,3,,,0,33,,130507,3,,,0,73,,130510,3,,,0,33,,130509,3,,,0,73,,130511,3,,,0,73,,130513,3,,,0,33,,130514,3,,,0,73,,130512,3,,,0,33,,130515,3,,,0,73,,130516,3,,,0,33,,130517,3,,,0,73,,130518,3,,,0,33,,130520,3,,,0,73,,130519,3,,,0,33,,130521,3,,,0
15601,'STMPWeek-Weekday',506,,130539,3,,,0,33,,130522,3,,,0,73,,130540,3,,,0,33,,130523,3,,,0,73,,130541,3,,,0,33,,130524,3,,,0,69,,130542,3,,,0,37,,130525,3,,,0,73,,130543,3,,,0,73,,130526,3,,,0,33,,130544,3,,,0,73,,130527,3,,,0,33,,130545,3,,,0,73,,130528,3,,,0,33,,130546,3,,,0,69,,130529,3,,,0,37,,130547,3,,,0,73,,130530,3,,,0,73,,130548,3,,,0,33,,130531,3,,,0,73,,130549,3,,,0,33,,130532,3,,,0,73,,130550,3,,,0,33,,130533,3,,,0,73,,130551,3,,,0,33,,130534,3,,,0,73,,130552,3,,,0,33,,130535,3,,,0,73,,130553,3,,,0,73,,130536,3,,,0,33,,130554,3,,,0,73,,130537,3,,,0,33,,130555,3,,,0,73,,130538,3,,,0
15601,'STMPar-Weekday',506,,130573,3,,,0,33,,130556,3,,,0,73,,130574,3,,,0,33,,130557,3,,,0,73,,130575,3,,,0,33,,130558,3,,,0,69,,130576,3,,,0,37,,130559,3,,,0,73,,130577,3,,,0,73,,130560,3,,,0,33,,130578,3,,,0,73,,130561,3,,,0,33,,130579,3,,,0,73,,130562,3,,,0,33,,130580,3,,,0,69,,130563,3,,,0,37,,130581,3,,,0,73,,130564,3,,,0,73,,130582,3,,,0,33,,130565,3,,,0,73,,130583,3,,,0,33,,130566,3,,,0,73,,130584,3,,,0,33,,130567,3,,,0,73,,130585,3,,,0,33,,130568,3,,,0,73,,130586,3,,,0,33,,130569,3,,,0,73,,130587,3,,,0,73,,130570,3,,,0,33,,130588,3,,,0,73,,130571,3,,,0,33,,130589,3,,,0,73,,130572,3,,,0
