901,'Saturday',500,,28211,3,,,0,50,,28222,3,,,0,71,,28234,3,,,0,31,,28239,3,,,0,71,,28215,3,,,0,31,,28228,3,,,0,71,,28212,3,,,0,31,,28223,3,,,0,71,,28232,3,,,0,31,,28240,3,,,0,71,,28217,3,,,0,71,,28230,3,,,0,31,,28214,3,,,0,71,,28224,3,,,0,31,,28236,3,,,0,71,,28241,3,,,0,31,,28219,3,,,0,71,,28229,3,,,0,31,,28210,3,,,0,71,,28225,3,,,0,31,,28235,3,,,0,71,,28242,3,,,0,31,,28220,3,,,0,71,,28231,3,,,0,31,,28213,3,,,0,71,,28226,3,,,0,31,,28237,3,,,0,71,,28243,3,,,0,31,,28218,3,,,0,71,,28233,3,,,0,31,,28216,3,,,0,71,,28227,3,,,0,31,,28238,3,,,0,71,,28244,3,,,0,31,,28221,3,,,0
901,'Sunday',500,,28247,3,,,0,50,,28257,3,,,0,71,,28276,3,,,0,31,,28266,3,,,0,71,,28246,3,,,0,31,,28253,3,,,0,71,,28261,3,,,0,31,,28274,3,,,0,71,,28269,3,,,0,31,,28248,3,,,0,71,,28255,3,,,0,71,,28263,3,,,0,31,,28277,3,,,0,71,,28268,3,,,0,31,,28245,3,,,0,71,,28254,3,,,0,31,,28262,3,,,0,71,,28278,3,,,0,31,,28271,3,,,0,71,,28249,3,,,0,31,,28256,3,,,0,71,,28264,3,,,0,31,,28279,3,,,0,71,,28270,3,,,0,31,,28250,3,,,0,71,,28258,3,,,0,31,,28265,3,,,0,71,,28275,3,,,0,31,,28272,3,,,0,71,,28251,3,,,0,31,,28259,3,,,0,71,,28267,3,,,0,31,,28260,3,,,0,71,,28273,3,,,0,31,,28252,3,,,0
901,'Weekday',419,,28280,3,,,0,22,,28295,3,,,0,62,,28306,3,,,0,22,,28321,3,,,0,22,,28288,3,,,0,62,,28301,3,,,0,22,,28313,3,,,0,22,,28281,3,,,0,62,,28296,3,,,0,11,,28333,3,,,0,11,,28307,3,,,0,11,,28334,3,,,0,11,,28322,3,,,0,51,,28335,3,,,0,11,,28329,3,,,0,11,,28336,3,,,0,11,,28289,3,,,0,11,,28339,3,,,0,51,,28302,3,,,0,22,,28314,3,,,0,22,,28282,3,,,0,62,,28297,3,,,0,22,,28308,3,,,0,22,,28323,3,,,0,62,,28330,3,,,0,22,,28290,3,,,0,62,,28303,3,,,0,22,,28316,3,,,0,22,,28283,3,,,0,62,,28298,3,,,0,22,,28309,3,,,0,22,,28324,3,,,0,62,,28331,3,,,0,22,,28291,3,,,0,22,,28304,3,,,0,62,,28317,3,,,0,11,,28340,3,,,0,11,,28284,3,,,0,11,,28337,3,,,0,51,,28299,3,,,0,11,,28338,3,,,0,11,,28310,3,,,0,22,,28325,3,,,0,62,,28332,3,,,0,22,,28292,3,,,0,22,,28305,3,,,0,62,,28318,3,,,0,22,,28285,3,,,0,22,,28300,3,,,0,62,,28311,3,,,0,30,,28326,3,,,0,70,,28293,3,,,0,30,,28319,3,,,0,70,,28286,3,,,0,30,,28312,3,,,0,70,,28327,3,,,0,30,,28294,3,,,0,70,,28320,3,,,0,30,,28287,3,,,0,70,,28315,3,,,0,30,,28328,3,,,0
901,'1CCSDCUT-Weekday',419,,28341,3,,,0,22,,28356,3,,,0,62,,28367,3,,,0,22,,28382,3,,,0,22,,28349,3,,,0,62,,28362,3,,,0,22,,28374,3,,,0,22,,28342,3,,,0,62,,28357,3,,,0,11,,28394,3,,,0,11,,28368,3,,,0,11,,28395,3,,,0,11,,28383,3,,,0,51,,28396,3,,,0,11,,28390,3,,,0,11,,28397,3,,,0,11,,28350,3,,,0,11,,28400,3,,,0,51,,28363,3,,,0,22,,28375,3,,,0,22,,28343,3,,,0,62,,28358,3,,,0,22,,28369,3,,,0,22,,28384,3,,,0,62,,28391,3,,,0,22,,28351,3,,,0,62,,28364,3,,,0,22,,28377,3,,,0,22,,28344,3,,,0,62,,28359,3,,,0,22,,28370,3,,,0,22,,28385,3,,,0,62,,28392,3,,,0,22,,28352,3,,,0,22,,28365,3,,,0,62,,28378,3,,,0,11,,28401,3,,,0,11,,28345,3,,,0,11,,28398,3,,,0,51,,28360,3,,,0,11,,28399,3,,,0,11,,28371,3,,,0,22,,28386,3,,,0,62,,28393,3,,,0,22,,28353,3,,,0,22,,28366,3,,,0,62,,28379,3,,,0,22,,28346,3,,,0,22,,28361,3,,,0,62,,28372,3,,,0,30,,28387,3,,,0,70,,28354,3,,,0,30,,28380,3,,,0,70,,28347,3,,,0,30,,28373,3,,,0,70,,28388,3,,,0,30,,28355,3,,,0,70,,28381,3,,,0,30,,28348,3,,,0,70,,28376,3,,,0,30,,28389,3,,,0
42200,'Saturday',642,,68017,25,,,0,100,,68018,25,,,0,100,,68019,25,,,0,100,,68020,25,,,0,100,,68021,25,,,0,100,,68022,25,,,0,100,,68023,25,,,0,100,,68025,25,,,0,100,,68024,25,,,0,100,,68026,25,,,0,100,,68027,25,,,0,100,,68028,25,,,0,100,,68029,25,,,0
42200,'Sunday',642,,68030,25,,,0,100,,68031,25,,,0,100,,68032,25,,,0,100,,68033,25,,,0,100,,68034,25,,,0,100,,68035,25,,,0,100,,68036,25,,,0,100,,68037,25,,,0,100,,68038,25,,,0,100,,68039,25,,,0,100,,68040,25,,,0,100,,68041,25,,,0,100,,68042,25,,,0
42200,'Weekday',641,,68043,25,,,0,70,,68061,25,,,0,30,,68044,25,,,0,70,,68065,25,,,0,30,,68045,25,,,0,70,,68066,25,,,0,30,,68046,25,,,0,70,,68063,25,,,0,30,,68047,25,,,0,70,,68064,25,,,0,30,,68048,25,,,0,70,,68067,25,,,0,30,,68049,25,,,0,70,,68060,25,,,0,30,,68050,25,,,0,70,,68069,25,,,0,30,,68051,25,,,0,79,,68068,25,,,0,21,,68052,25,,,0,70,,68062,25,,,0,30,,68054,25,,,0,70,,68070,25,,,0,30,,68053,25,,,0,70,,68059,25,,,0,30,,68057,25,,,0,99,,68056,25,,,0,100,,68055,25,,,0,100,,68058,25,,,0
42200,'1CCSDCUT-Weekday',641,,68071,25,,,0,70,,68089,25,,,0,30,,68072,25,,,0,70,,68093,25,,,0,30,,68073,25,,,0,70,,68094,25,,,0,30,,68074,25,,,0,70,,68091,25,,,0,30,,68075,25,,,0,70,,68092,25,,,0,30,,68076,25,,,0,70,,68095,25,,,0,30,,68077,25,,,0,70,,68088,25,,,0,30,,68078,25,,,0,70,,68097,25,,,0,30,,68079,25,,,0,79,,68096,25,,,0,21,,68080,25,,,0,70,,68090,25,,,0,30,,68082,25,,,0,70,,68098,25,,,0,30,,68081,25,,,0,70,,68087,25,,,0,30,,68085,25,,,0,99,,68084,25,,,0,100,,68083,25,,,0,100,,68086,25,,,0
80200,'Weekday',845,,68873,29,0,127 187,0
81500,'Weekday',838,,68922,37,0,12 13 146 147,0
