9601,'Saturday',546,,112267,38,,,0,85,,112250,38,,,0,85,,112256,38,,,0,85,,112261,38,,,0,45,,112268,38,,,0,86,,112251,38,,,0,85,,112257,38,,,0,85,,112263,38,,,0,45,,112269,38,,,0,85,,112252,38,,,0,85,,112258,38,,,0,86,,112265,38,,,0,47,,112270,38,,,0,85,,112253,38,,,0,85,,112259,38,,,0,85,,112264,38,,,0,45,,112271,38,,,0,85,,112255,38,,,0,82,,112260,38,,,0,84,,112266,38,,,0,45,,112272,38,,,0,85,,112254,38,,,0,81,,112262,38,,,0,35,,112273,38,,,0
9601,'Sunday',546,,112291,38,,,0,85,,112274,38,,,0,85,,112280,38,,,0,85,,112285,38,,,0,45,,112292,38,,,0,85,,112275,38,,,0,85,,112281,38,,,0,85,,112287,38,,,0,45,,112293,38,,,0,85,,112276,38,,,0,85,,112282,38,,,0,85,,112288,38,,,0,45,,112294,38,,,0,85,,112277,38,,,0,85,,112283,38,,,0,85,,112289,38,,,0,45,,112295,38,,,0,85,,112278,38,,,0,85,,112284,38,,,0,85,,112290,38,,,0,45,,112296,38,,,0,84,,112279,38,,,0,81,,112286,38,,,0
9601,'Weekday',521,,112324,9,,,0,31,,112310,9,,,0,65,,112330,38,,,0,34,,112315,38,,,0,72,,112301,38,,,0,31,,112306,38,,,0,71,,112325,38,,,0,31,,112311,38,,,0,69,,112329,38,,,0,31,,112316,38,,,0,71,,112302,38,,,0,31,,112307,38,,,0,71,,112326,38,,,0,71,,112312,38,,,0,31,,112314,38,,,0,71,,112317,38,,,0,31,,112303,38,,,0,71,,112308,38,,,0,32,,112327,38,,,0,74,,112313,38,,,0,31,,112305,38,,,0,71,,112318,38,,,0,31,,112304,38,,,0,71,,112309,38,,,0,31,,112328,38,,,0,83,,112299,38,,,0,82,,112322,38,,,0,42,,112319,38,,,0,85,,112297,38,,,0,85,,112300,38,,,0,85,,112323,38,,,0,45,,112320,38,,,0,85,,112298,38,,,0,80,,112321,38,,,0
9601,'STMPSa-Saturday',546,,112348,38,,,0,85,,112331,38,,,0,85,,112337,38,,,0,85,,112342,38,,,0,45,,112349,38,,,0,86,,112332,38,,,0,85,,112338,38,,,0,85,,112344,38,,,0,45,,112350,38,,,0,85,,112333,38,,,0,85,,112339,38,,,0,86,,112346,38,,,0,47,,112351,38,,,0,85,,112334,38,,,0,85,,112340,38,,,0,85,,112345,38,,,0,45,,112352,38,,,0,85,,112336,38,,,0,82,,112341,38,,,0,84,,112347,38,,,0,45,,112353,38,,,0,85,,112335,38,,,0,81,,112343,38,,,0,35,,112354,38,,,0
9601,'STMPSnea-Weekday',521,,112382,9,,,0,31,,112368,9,,,0,65,,112388,38,,,0,34,,112373,38,,,0,72,,112359,38,,,0,31,,112364,38,,,0,71,,112383,38,,,0,31,,112369,38,,,0,69,,112387,38,,,0,31,,112374,38,,,0,71,,112360,38,,,0,31,,112365,38,,,0,71,,112384,38,,,0,71,,112370,38,,,0,31,,112372,38,,,0,71,,112375,38,,,0,31,,112361,38,,,0,71,,112366,38,,,0,32,,112385,38,,,0,74,,112371,38,,,0,31,,112363,38,,,0,71,,112376,38,,,0,31,,112362,38,,,0,71,,112367,38,,,0,31,,112386,38,,,0,83,,112357,38,,,0,82,,112380,38,,,0,42,,112377,38,,,0,85,,112355,38,,,0,85,,112358,38,,,0,85,,112381,38,,,0,45,,112378,38,,,0,85,,112356,38,,,0,80,,112379,38,,,0
9601,'STMPSu1-Sunday',546,,112406,38,,,0,85,,112389,38,,,0,85,,112395,38,,,0,85,,112400,38,,,0,45,,112407,38,,,0,85,,112390,38,,,0,85,,112396,38,,,0,85,,112402,38,,,0,45,,112408,38,,,0,85,,112391,38,,,0,85,,112397,38,,,0,85,,112403,38,,,0,45,,112409,38,,,0,85,,112392,38,,,0,85,,112398,38,,,0,85,,112404,38,,,0,45,,112410,38,,,0,85,,112393,38,,,0,85,,112399,38,,,0,85,,112405,38,,,0,45,,112411,38,,,0,84,,112394,38,,,0,81,,112401,38,,,0
9601,'STMPSu2-Sunday',546,,112429,38,,,0,85,,112412,38,,,0,85,,112418,38,,,0,85,,112423,38,,,0,45,,112430,38,,,0,85,,112413,38,,,0,85,,112419,38,,,0,85,,112425,38,,,0,45,,112431,38,,,0,85,,112414,38,,,0,85,,112420,38,,,0,85,,112426,38,,,0,45,,112432,38,,,0,85,,112415,38,,,0,85,,112421,38,,,0,85,,112427,38,,,0,45,,112433,38,,,0,85,,112416,38,,,0,85,,112422,38,,,0,85,,112428,38,,,0,45,,112434,38,,,0,84,,112417,38,,,0,81,,112424,38,,,0
9601,'STMPWeek-Weekday',521,,112462,9,,,0,31,,112448,9,,,0,65,,112468,38,,,0,34,,112453,38,,,0,72,,112439,38,,,0,31,,112444,38,,,0,71,,112463,38,,,0,31,,112449,38,,,0,69,,112467,38,,,0,31,,112454,38,,,0,71,,112440,38,,,0,31,,112445,38,,,0,71,,112464,38,,,0,71,,112450,38,,,0,31,,112452,38,,,0,71,,112455,38,,,0,31,,112441,38,,,0,71,,112446,38,,,0,32,,112465,38,,,0,74,,112451,38,,,0,31,,112443,38,,,0,71,,112456,38,,,0,31,,112442,38,,,0,71,,112447,38,,,0,31,,112466,38,,,0,83,,112437,38,,,0,82,,112460,38,,,0,42,,112457,38,,,0,85,,112435,38,,,0,85,,112438,38,,,0,85,,112461,38,,,0,45,,112458,38,,,0,85,,112436,38,,,0,80,,112459,38,,,0
9601,'STMPar-Weekday',521,,112496,9,,,0,31,,112482,9,,,0,65,,112502,38,,,0,34,,112487,38,,,0,72,,112473,38,,,0,31,,112478,38,,,0,71,,112497,38,,,0,31,,112483,38,,,0,69,,112501,38,,,0,31,,112488,38,,,0,71,,112474,38,,,0,31,,112479,38,,,0,71,,112498,38,,,0,71,,112484,38,,,0,31,,112486,38,,,0,71,,112489,38,,,0,31,,112475,38,,,0,71,,112480,38,,,0,32,,112499,38,,,0,74,,112485,38,,,0,31,,112477,38,,,0,71,,112490,38,,,0,31,,112476,38,,,0,71,,112481,38,,,0,31,,112500,38,,,0,83,,112471,38,,,0,82,,112494,38,,,0,42,,112491,38,,,0,85,,112469,38,,,0,85,,112472,38,,,0,85,,112495,38,,,0,45,,112492,38,,,0,85,,112470,38,,,0,80,,112493,38,,,0
13101,'Weekday',1659,,124070,33,,,0,60,,124071,33,,,0,20,,124072,33,,,0,20,,124073,33,,,0
13101,'STMPSnea-Weekday',1659,,124074,33,,,0,60,,124075,33,,,0,20,,124076,33,,,0,20,,124077,33,,,0
13101,'STMPWeek-Weekday',1659,,124078,33,,,0,60,,124079,33,,,0,20,,124080,33,,,0,20,,124081,33,,,0
13101,'STMPar-Weekday',1659,,124082,33,,,0,60,,124083,33,,,0,20,,124084,33,,,0,20,,124085,33,,,0
