9200,'Saturday',748,,48776,34,,,0,85,,48760,34,,,0,85,,48765,34,,,0,85,,48770,34,,,0,45,,48775,34,,,0,85,,48761,34,,,0,85,,48766,34,,,0,85,,48771,34,,,0,45,,48777,34,,,0,86,,48763,34,,,0,85,,48767,34,,,0,85,,48772,34,,,0,45,,48778,34,,,0,85,,48762,34,,,0,85,,48768,34,,,0,84,,48773,34,,,0,43,,48779,34,,,0,85,,48764,34,,,0,85,,48769,34,,,0,38,,48774,34,,,0
9200,'Sunday',747,,48795,34,,,0,85,,48780,34,,,0,85,,48785,34,,,0,85,,48790,34,,,0,45,,48796,34,,,0,85,,48781,34,,,0,85,,48786,34,,,0,85,,48791,34,,,0,45,,48798,34,,,0,85,,48782,34,,,0,85,,48787,34,,,0,85,,48792,34,,,0,45,,48797,34,,,0,85,,48783,34,,,0,85,,48788,34,,,0,85,,48793,34,,,0,45,,48799,34,,,0,85,,48784,34,,,0,85,,48789,34,,,0,38,,48794,34,,,0
9200,'Weekday',448,,48808,34,,,0,69,,48813,34,,,0,31,,48822,34,,,0,71,,48809,34,,,0,33,,48814,34,,,0,73,,48831,34,,,0,31,,48818,34,,,0,71,,48800,34,,,0,31,,48823,34,,,0,68,,48810,34,,,0,31,,48815,34,,,0,71,,48832,34,,,0,31,,48819,34,,,0,71,,48828,34,,,0,71,,48824,34,,,0,31,,48811,34,,,0,71,,48816,34,,,0,31,,48833,34,,,0,71,,48820,34,,,0,31,,48806,34,,,0,71,,48825,34,,,0,33,,48812,34,,,0,71,,48817,34,,,0,31,,48834,34,,,0,71,,48821,34,,,0,31,,48804,34,,,0,67,,48801,34,,,0,43,,48826,34,,,0,85,,48802,34,,,0,85,,48805,34,,,0,85,,48829,34,,,0,45,,48827,34,,,0,85,,48803,34,,,0,85,,48807,34,,,0,83,,48830,34,,,0
9200,'1CCSDCUT-Weekday',448,,48843,34,,,0,69,,48848,34,,,0,31,,48857,34,,,0,71,,48844,34,,,0,33,,48849,34,,,0,73,,48866,34,,,0,31,,48853,34,,,0,71,,48835,34,,,0,31,,48858,34,,,0,68,,48845,34,,,0,31,,48850,34,,,0,71,,48867,34,,,0,31,,48854,34,,,0,71,,48863,34,,,0,71,,48859,34,,,0,31,,48846,34,,,0,71,,48851,34,,,0,31,,48868,34,,,0,71,,48855,34,,,0,31,,48841,34,,,0,71,,48860,34,,,0,33,,48847,34,,,0,71,,48852,34,,,0,31,,48869,34,,,0,71,,48856,34,,,0,31,,48839,34,,,0,67,,48836,34,,,0,43,,48861,34,,,0,85,,48837,34,,,0,85,,48840,34,,,0,85,,48864,34,,,0,45,,48862,34,,,0,85,,48838,34,,,0,85,,48842,34,,,0,83,,48865,34,,,0
9200,'1PUBCUT-Weekday',448,,48878,34,,,0,69,,48883,34,,,0,31,,48892,34,,,0,71,,48879,34,,,0,33,,48884,34,,,0,73,,48901,34,,,0,31,,48888,34,,,0,71,,48870,34,,,0,31,,48893,34,,,0,68,,48880,34,,,0,31,,48885,34,,,0,71,,48902,34,,,0,31,,48889,34,,,0,71,,48898,34,,,0,71,,48894,34,,,0,31,,48881,34,,,0,71,,48886,34,,,0,31,,48903,34,,,0,71,,48890,34,,,0,31,,48876,34,,,0,71,,48895,34,,,0,33,,48882,34,,,0,71,,48887,34,,,0,31,,48904,34,,,0,71,,48891,34,,,0,31,,48874,34,,,0,67,,48871,34,,,0,43,,48896,34,,,0,85,,48872,34,,,0,85,,48875,34,,,0,85,,48899,34,,,0,45,,48897,34,,,0,85,,48873,34,,,0,85,,48877,34,,,0,83,,48900,34,,,0
71100,'Weekday',824,,68398,11,0,29 159,0
71100,'1CCSDCUT-Weekday',824,,68399,11,0,29 159,0
71800,'Weekday',828,,68461,23,0,29 104,0
71800,'1CCSDCUT-Weekday',828,,68463,23,0,29 104,0
71900,'Weekday',831,,68469,29,0,29 42,0
71900,'1CCSDCUT-Weekday',831,,68471,29,0,29 42,0
82500,'Weekday',824,,68974,19,0,40 85 1 42 86,0
82500,'1PUBCUT-Weekday',824,,68975,19,0,40 85 1 42 86,0
