16701,'CUT-Weekday',542,,37943,,,0,15,,37957,,,0,55,,37961,,,0,15,,37974,,,0,15,,37944,,,0,15,,37958,,,0,55,,37962,,,0,15,,37975,,,0,15,,37945,,,0,15,,37959,,,0,55,,37963,,,0,15,,37976,,,0,15,,37946,,,0,15,,37960,,,0,53,,37964,,,0,28,,37947,,,0,68,,37965,,,0,28,,37948,,,0,68,,37966,,,0,28,,37949,,,0,28,,37967,,,0,68,,37950,,,0,28,,37968,,,0,68,,37951,,,0,28,,37970,,,0,68,,37952,,,0,31,,37971,,,0,55,,37977,,,0,15,,37953,,,0,15,,37988,,,0,15,,37969,,,0,55,,37978,,,0,15,,37954,,,0,15,,37989,,,0,15,,37972,,,0,55,,37979,,,0,15,,37955,,,0,15,,37986,,,0,15,,37973,,,0,55,,37980,,,0,15,,37956,,,0,15,,37990,,,0,67,,37981,,,0,24,,37992,,,0,28,,37982,,,0,68,,37993,,,0,28,,37983,,,0,68,,37994,,,0,28,,37984,,,0,68,,37991,,,0,28,,37985,,,0,68,,37995,,,0,28,,37987,,,0,71,,37996,,,0
16701,'Saturday',612,,37997,,,0,27,,37998,,,0,67,,37999,,,0,27,,38000,,,0,67,,38001,,,0,27,,38002,,,0,27,,38003,,,0,67,,38004,,,0,27,,38005,,,0,67,,38006,,,0,27,,38007,,,0,67,,38008,,,0,27,,38009,,,0,67,,38010,,,0,27,,38011,,,0,27,,38012,,,0,67,,38013,,,0,27,,38014,,,0,67,,38015,,,0,27,,38016,,,0,67,,38017,,,0,27,,38018,,,0,67,,38019,,,0,27,,38020,,,0,67,,38021,,,0,27,,38022,,,0,27,,38023,,,0,67,,38025,,,0,27,,38026,,,0,67,,38027,,,0,27,,38024,,,0,67,,38028,,,0,27,,38029,,,0,67,,38030,,,0,27,,38031,,,0,27,,38032,,,0,67,,38033,,,0,27,,38035,,,0,67,,38036,,,0,27,,38037,,,0,67,,38034,,,0
16701,'Sunday',612,,38038,,,0,27,,38059,,,0,67,,38039,,,0,27,,38060,,,0,67,,38040,,,0,27,,38061,,,0,27,,38042,,,0,67,,38062,,,0,27,,38043,,,0,67,,38063,,,0,27,,38044,,,0,67,,38064,,,0,27,,38041,,,0,67,,38065,,,0,27,,38045,,,0,27,,38066,,,0,67,,38046,,,0,27,,38067,,,0,67,,38047,,,0,27,,38068,,,0,67,,38048,,,0,27,,38069,,,0,67,,38049,,,0,27,,38070,,,0,67,,38050,,,0,27,,38071,,,0,27,,38051,,,0,67,,38072,,,0,27,,38052,,,0,67,,38074,,,0,27,,38053,,,0,67,,38075,,,0,27,,38054,,,0,67,,38076,,,0,27,,38055,,,0,27,,38073,,,0,67,,38056,,,0,27,,38077,,,0,67,,38057,,,0,27,,38078,,,0,67,,38058,,,0
16701,'Weekday',542,,38079,,,0,15,,38093,,,0,55,,38097,,,0,15,,38110,,,0,15,,38080,,,0,15,,38094,,,0,55,,38098,,,0,15,,38111,,,0,15,,38081,,,0,15,,38095,,,0,55,,38099,,,0,15,,38112,,,0,15,,38082,,,0,15,,38096,,,0,53,,38100,,,0,28,,38083,,,0,68,,38101,,,0,28,,38084,,,0,68,,38102,,,0,28,,38085,,,0,28,,38103,,,0,68,,38086,,,0,28,,38104,,,0,68,,38087,,,0,28,,38106,,,0,68,,38088,,,0,31,,38107,,,0,55,,38114,,,0,15,,38089,,,0,15,,38124,,,0,15,,38105,,,0,55,,38115,,,0,15,,38090,,,0,15,,38125,,,0,15,,38108,,,0,55,,38113,,,0,15,,38091,,,0,15,,38122,,,0,15,,38109,,,0,55,,38116,,,0,15,,38092,,,0,15,,38126,,,0,67,,38117,,,0,24,,38128,,,0,28,,38118,,,0,68,,38129,,,0,28,,38119,,,0,68,,38130,,,0,28,,38120,,,0,68,,38127,,,0,28,,38121,,,0,68,,38131,,,0,28,,38123,,,0,71,,38132,,,0
16701,'pBxDec31-Weekday',542,,38133,,,0,15,,38147,,,0,55,,38151,,,0,15,,38164,,,0,15,,38135,,,0,15,,38148,,,0,55,,38152,,,0,15,,38165,,,0,15,,38136,,,0,15,,38149,,,0,55,,38153,,,0,15,,38166,,,0,15,,38137,,,0,15,,38150,,,0,53,,38154,,,0,28,,38134,,,0,68,,38155,,,0,28,,38138,,,0,68,,38156,,,0,28,,38139,,,0,28,,38157,,,0,68,,38140,,,0,28,,38158,,,0,68,,38141,,,0,28,,38160,,,0,68,,38142,,,0,31,,38161,,,0,55,,38167,,,0,15,,38143,,,0,15,,38178,,,0,15,,38159,,,0,55,,38168,,,0,15,,38144,,,0,15,,38179,,,0,15,,38162,,,0,55,,38169,,,0,15,,38145,,,0,15,,38176,,,0,15,,38163,,,0,55,,38170,,,0,15,,38146,,,0,15,,38180,,,0,67,,38171,,,0,24,,38182,,,0,28,,38172,,,0,68,,38183,,,0,28,,38173,,,0,68,,38184,,,0,28,,38174,,,0,68,,38181,,,0,28,,38175,,,0,68,,38185,,,0,28,,38177,,,0,71,,38186,,,0
19401,'CUT-Weekday',448,,38467,,,0,55,,38439,,,0,25,,38440,,,0,25,,38441,,,0,66,,38442,,,0,25,,38443,,,0,65,,38444,,,0,25,,38445,,,0,25,,38446,,,0,60,,38447,0,,0,40,,38448,,,0,90,,38449,,,0,90,,38450,,,0,90,,38451,,,0,90,,38452,,,0,90,,38453,,,0,50,,38455,,,0,70,,38456,,,0,29,,38457,0,,0,61,,38454,,,0,25,,38458,0,,0,65,,38459,,,0,25,,38460,,,0,25,,38461,,,0,65,,38462,,,0,25,,38463,,,0,65,,38464,,,0,25,,38465,,,0,20,,38466,,,0
19401,'Weekday',448,,38496,,,0,55,,38468,,,0,25,,38469,,,0,25,,38470,,,0,66,,38471,,,0,25,,38472,,,0,65,,38473,,,0,25,,38474,,,0,25,,38475,,,0,60,,38476,0,,0,40,,38477,,,0,90,,38478,,,0,90,,38479,,,0,90,,38480,,,0,90,,38481,,,0,90,,38482,,,0,50,,38484,,,0,70,,38485,,,0,29,,38486,0,,0,61,,38483,,,0,25,,38487,0,,0,65,,38488,,,0,25,,38489,,,0,25,,38490,,,0,65,,38491,,,0,25,,38492,,,0,65,,38493,,,0,25,,38494,,,0,20,,38495,,,0
19401,'pBxDec31-Weekday',448,,38525,,,0,55,,38497,,,0,25,,38498,,,0,25,,38499,,,0,66,,38500,,,0,25,,38501,,,0,65,,38502,,,0,25,,38503,,,0,25,,38504,,,0,60,,38505,0,,0,40,,38506,,,0,90,,38507,,,0,90,,38508,,,0,90,,38509,,,0,90,,38510,,,0,90,,38511,,,0,50,,38513,,,0,70,,38514,,,0,29,,38515,0,,0,61,,38512,,,0,25,,38516,0,,0,65,,38517,,,0,25,,38518,,,0,25,,38519,,,0,65,,38520,,,0,25,,38521,,,0,65,,38522,,,0,25,,38523,,,0,20,,38524,,,0
86701,'Weekday',841,,44417,0,17 18 19 1 61,0
87700,'Weekday',740,,44425,0,55 62 63,0
87701,'Weekday',1503,,44427,0,55 62 63,0
