13600,'Saturday',521,,57321,14,,,0,30,,57322,14,,,0,70,,57319,14,,,0,30,,57320,14,,,0,70,,57288,14,,,0,30,,57289,14,,,0,70,,57291,14,,,0,30,,57292,14,,,0,70,,57293,14,,,0,30,,57290,14,,,0,70,,57294,14,,,0,30,,57295,14,,,0,70,,57296,14,,,0,30,,57297,14,,,0,70,,57298,14,,,0,30,,57299,14,,,0,70,,57300,14,,,0,30,,57301,14,,,0,70,,57303,14,,,0,30,,57304,14,,,0,70,,57305,14,,,0,30,,57302,14,,,0,70,,57306,14,,,0,30,,57307,14,,,0,70,,57308,14,,,0,30,,57309,14,,,0,70,,57310,14,,,0,30,,57311,14,,,0,70,,57312,14,,,0,30,,57313,14,,,0,70,,57315,14,,,0,30,,57316,14,,,0,70,,57317,14,,,0,30,,57314,14,,,0,70,,57318,14,,,0,30,,57325,14,,,0,70,,57326,14,,,0,30,,57323,14,,,0,70,,57324,14,,,0
13600,'Sunday',521,,57327,14,,,0,30,,57328,14,,,0,70,,57329,14,,,0,30,,57330,14,,,0,70,,57331,14,,,0,30,,57332,14,,,0,70,,57333,14,,,0,30,,57334,14,,,0,70,,57335,14,,,0,30,,57337,14,,,0,70,,57339,14,,,0,30,,57340,14,,,0,70,,57336,14,,,0,30,,57341,14,,,0,70,,57338,14,,,0,30,,57342,14,,,0,70,,57343,14,,,0,30,,57344,14,,,0,70,,57346,14,,,0,30,,57347,14,,,0,70,,57345,14,,,0,30,,57349,14,,,0,70,,57350,14,,,0,30,,57348,14,,,0,70,,57351,14,,,0,30,,57352,14,,,0,70,,57353,14,,,0,30,,57354,14,,,0,70,,57355,14,,,0,30,,57357,14,,,0,70,,57358,14,,,0,30,,57359,14,,,0,70,,57356,14,,,0,30,,57360,14,,,0,70,,57364,14,,,0,30,,57361,14,,,0,70,,57362,14,,,0,30,,57365,14,,,0,70,,57363,14,,,0
13600,'Weekday',520,,57406,14,,,0,30,,57373,14,,,0,70,,57366,14,,,0,30,,57367,14,,,0,55,,57404,14,,,0,16,,57368,14,,,0,15,,57405,14,,,0,15,,57369,14,,,0,70,,57370,14,,,0,29,,57371,14,,,0,70,,57372,14,,,0,30,,57384,14,,,0,72,,57385,14,,,0,30,,57386,14,,,0,70,,57387,14,,,0,30,,57388,14,,,0,70,,57389,14,,,0,30,,57391,14,,,0,70,,57392,14,,,0,30,,57390,14,,,0,70,,57375,14,,,0,30,,57376,14,,,0,70,,57374,14,,,0,30,,57377,14,,,0,72,,57378,14,,,0,32,,57379,14,,,0,71,,57380,14,,,0,32,,57381,14,,,0,71,,57382,14,,,0,27,,57383,14,,,0,69,,57394,14,,,0,29,,57395,14,,,0,69,,57393,14,,,0,30,,57396,14,,,0,70,,57397,14,,,0,30,,57398,14,,,0,70,,57399,14,,,0,30,,57400,14,,,0,70,,57401,14,,,0,30,,57402,14,,,0,70,,57403,14,,,0
13600,'1CCSDCUT-Weekday',520,,57447,14,,,0,30,,57414,14,,,0,70,,57407,14,,,0,30,,57408,14,,,0,55,,57445,14,,,0,16,,57409,14,,,0,15,,57446,14,,,0,15,,57410,14,,,0,70,,57411,14,,,0,29,,57412,14,,,0,70,,57413,14,,,0,30,,57425,14,,,0,72,,57426,14,,,0,30,,57427,14,,,0,70,,57428,14,,,0,30,,57429,14,,,0,70,,57430,14,,,0,30,,57432,14,,,0,70,,57433,14,,,0,30,,57431,14,,,0,70,,57416,14,,,0,30,,57417,14,,,0,70,,57415,14,,,0,30,,57418,14,,,0,72,,57419,14,,,0,32,,57420,14,,,0,71,,57421,14,,,0,32,,57422,14,,,0,71,,57423,14,,,0,27,,57424,14,,,0,69,,57435,14,,,0,29,,57436,14,,,0,69,,57434,14,,,0,30,,57437,14,,,0,70,,57438,14,,,0,30,,57439,14,,,0,70,,57440,14,,,0,30,,57441,14,,,0,70,,57442,14,,,0,30,,57443,14,,,0,70,,57444,14,,,0
75600,'Weekday0000100',1433,,68632,6,0,71 1 73,0
75600,'Weekday1111000',1618,,68633,6,0,71 1 73,0
75600,'1CCSDCUT-Weekday0000100',1433,,68634,6,0,71 1 73,0
75600,'1CCSDCUT-Weekday1111000',1618,,68635,6,0,71 1 73,0
75601,'Weekday',803,,68636,5,0,71 1 73,0
75601,'1CCSDCUT-Weekday',803,,68637,5,0,71 1 73,0
