9200,'Saturday',807,,110416,42,4,,0,45,,110400,42,4,,0,85,,110405,42,4,,0,85,,110410,42,4,,0,85,,110415,42,4,,0,45,,110401,42,4,,0,85,,110406,42,4,,0,85,,110411,42,4,,0,85,,110417,42,4,,0,46,,110403,42,4,,0,85,,110407,42,4,,0,85,,110412,42,4,,0,85,,110418,42,4,,0,45,,110402,42,4,,0,85,,110408,42,4,,0,84,,110413,42,4,,0,83,,110419,42,4,,0,45,,110404,42,4,,0,85,,110409,42,4,,0,78,,110414,42,4,,0
9200,'Sunday',805,,110435,42,4,,0,45,,110420,42,4,,0,85,,110425,42,4,,0,85,,110430,42,4,,0,85,,110436,42,4,,0,45,,110421,42,4,,0,85,,110426,42,4,,0,85,,110431,42,4,,0,85,,110438,42,4,,0,45,,110422,42,4,,0,85,,110427,42,4,,0,85,,110432,42,4,,0,85,,110437,42,4,,0,45,,110423,42,4,,0,85,,110428,42,4,,0,85,,110433,42,4,,0,85,,110439,42,4,,0,45,,110424,42,4,,0,85,,110429,42,4,,0,78,,110434,42,4,,0
9200,'Weekday',504,,110448,42,4,,0,29,,110453,42,4,,0,71,,110462,42,4,,0,31,,110449,42,4,,0,74,,110454,42,4,,0,33,,110471,42,4,,0,71,,110458,42,4,,0,31,,110440,42,4,,0,70,,110463,42,4,,0,28,,110450,42,4,,0,71,,110455,42,4,,0,31,,110472,42,4,,0,71,,110459,42,4,,0,31,,110468,42,4,,0,71,,110464,42,4,,0,31,,110451,42,4,,0,71,,110456,42,4,,0,31,,110473,42,4,,0,71,,110460,42,4,,0,31,,110446,42,4,,0,71,,110465,42,4,,0,33,,110452,42,4,,0,71,,110457,42,4,,0,31,,110474,42,4,,0,71,,110461,42,4,,0,71,,110444,42,4,,0,27,,110441,42,4,,0,83,,110466,42,4,,0,45,,110442,42,4,,0,85,,110445,42,4,,0,85,,110469,42,4,,0,85,,110467,42,4,,0,45,,110443,42,4,,0,85,,110447,42,4,,0,83,,110470,42,4,,0
9200,'STMPSa-Saturday',807,,110491,42,4,,0,45,,110475,42,4,,0,85,,110480,42,4,,0,85,,110485,42,4,,0,85,,110490,42,4,,0,45,,110476,42,4,,0,85,,110481,42,4,,0,85,,110486,42,4,,0,85,,110492,42,4,,0,46,,110478,42,4,,0,85,,110482,42,4,,0,85,,110487,42,4,,0,85,,110493,42,4,,0,45,,110477,42,4,,0,85,,110483,42,4,,0,84,,110488,42,4,,0,83,,110494,42,4,,0,45,,110479,42,4,,0,85,,110484,42,4,,0,78,,110489,42,4,,0
9200,'STMPSnea-Weekday',504,,110503,42,4,,0,29,,110508,42,4,,0,71,,110517,42,4,,0,31,,110504,42,4,,0,74,,110509,42,4,,0,33,,110526,42,4,,0,71,,110513,42,4,,0,31,,110495,42,4,,0,70,,110518,42,4,,0,28,,110505,42,4,,0,71,,110510,42,4,,0,31,,110527,42,4,,0,71,,110514,42,4,,0,31,,110523,42,4,,0,71,,110519,42,4,,0,31,,110506,42,4,,0,71,,110511,42,4,,0,31,,110528,42,4,,0,71,,110515,42,4,,0,31,,110501,42,4,,0,71,,110520,42,4,,0,33,,110507,42,4,,0,71,,110512,42,4,,0,31,,110529,42,4,,0,71,,110516,42,4,,0,71,,110499,42,4,,0,27,,110496,42,4,,0,83,,110521,42,4,,0,45,,110497,42,4,,0,85,,110500,42,4,,0,85,,110524,42,4,,0,85,,110522,42,4,,0,45,,110498,42,4,,0,85,,110502,42,4,,0,83,,110525,42,4,,0
9200,'STMPSu1-Sunday',805,,110545,42,4,,0,45,,110530,42,4,,0,85,,110535,42,4,,0,85,,110540,42,4,,0,85,,110546,42,4,,0,45,,110531,42,4,,0,85,,110536,42,4,,0,85,,110541,42,4,,0,85,,110548,42,4,,0,45,,110532,42,4,,0,85,,110537,42,4,,0,85,,110542,42,4,,0,85,,110547,42,4,,0,45,,110533,42,4,,0,85,,110538,42,4,,0,85,,110543,42,4,,0,85,,110549,42,4,,0,45,,110534,42,4,,0,85,,110539,42,4,,0,78,,110544,42,4,,0
9200,'STMPSu2-Sunday',805,,110565,42,4,,0,45,,110550,42,4,,0,85,,110555,42,4,,0,85,,110560,42,4,,0,85,,110566,42,4,,0,45,,110551,42,4,,0,85,,110556,42,4,,0,85,,110561,42,4,,0,85,,110568,42,4,,0,45,,110552,42,4,,0,85,,110557,42,4,,0,85,,110562,42,4,,0,85,,110567,42,4,,0,45,,110553,42,4,,0,85,,110558,42,4,,0,85,,110563,42,4,,0,85,,110569,42,4,,0,45,,110554,42,4,,0,85,,110559,42,4,,0,78,,110564,42,4,,0
9200,'STMPWeek-Weekday',504,,110578,42,4,,0,29,,110583,42,4,,0,71,,110592,42,4,,0,31,,110579,42,4,,0,74,,110584,42,4,,0,33,,110601,42,4,,0,71,,110588,42,4,,0,31,,110570,42,4,,0,70,,110593,42,4,,0,28,,110580,42,4,,0,71,,110585,42,4,,0,31,,110602,42,4,,0,71,,110589,42,4,,0,31,,110598,42,4,,0,71,,110594,42,4,,0,31,,110581,42,4,,0,71,,110586,42,4,,0,31,,110603,42,4,,0,71,,110590,42,4,,0,31,,110576,42,4,,0,71,,110595,42,4,,0,33,,110582,42,4,,0,71,,110587,42,4,,0,31,,110604,42,4,,0,71,,110591,42,4,,0,71,,110574,42,4,,0,27,,110571,42,4,,0,83,,110596,42,4,,0,45,,110572,42,4,,0,85,,110575,42,4,,0,85,,110599,42,4,,0,85,,110597,42,4,,0,45,,110573,42,4,,0,85,,110577,42,4,,0,83,,110600,42,4,,0
9200,'STMPar-Weekday',504,,110613,42,4,,0,29,,110618,42,4,,0,71,,110627,42,4,,0,31,,110614,42,4,,0,74,,110619,42,4,,0,33,,110636,42,4,,0,71,,110623,42,4,,0,31,,110605,42,4,,0,70,,110628,42,4,,0,28,,110615,42,4,,0,71,,110620,42,4,,0,31,,110637,42,4,,0,71,,110624,42,4,,0,31,,110633,42,4,,0,71,,110629,42,4,,0,31,,110616,42,4,,0,71,,110621,42,4,,0,31,,110638,42,4,,0,71,,110625,42,4,,0,31,,110611,42,4,,0,71,,110630,42,4,,0,33,,110617,42,4,,0,71,,110622,42,4,,0,31,,110639,42,4,,0,71,,110626,42,4,,0,71,,110609,42,4,,0,27,,110606,42,4,,0,83,,110631,42,4,,0,45,,110607,42,4,,0,85,,110610,42,4,,0,85,,110634,42,4,,0,85,,110632,42,4,,0,45,,110608,42,4,,0,85,,110612,42,4,,0,83,,110635,42,4,,0
9201,'Saturday',633,,110655,1,,,0,85,,110641,1,,,0,85,,110645,1,,,0,45,,110650,1,,,0,85,,110656,1,,,0,85,,110640,1,,,0,85,,110646,1,,,0,45,,110651,1,,,0,85,,110657,1,,,0,85,,110642,1,,,0,85,,110647,1,,,0,45,,110652,1,,,0,85,,110658,1,,,0,85,,110643,1,,,0,87,,110649,1,,,0,45,,110653,1,,,0,85,,110659,1,,,0,85,,110644,1,,,0,85,,110648,1,,,0,43,,110654,1,,,0,82,,110660,1,,,0,85,,110661,1,,,0
9201,'Sunday',633,,110677,1,,,0,85,,110662,1,,,0,85,,110667,1,,,0,45,,110672,1,,,0,85,,110678,1,,,0,85,,110663,1,,,0,85,,110668,1,,,0,45,,110674,1,,,0,85,,110679,1,,,0,85,,110665,1,,,0,85,,110669,1,,,0,45,,110673,1,,,0,85,,110680,1,,,0,85,,110664,1,,,0,85,,110670,1,,,0,45,,110675,1,,,0,85,,110681,1,,,0,85,,110666,1,,,0,85,,110671,1,,,0,45,,110676,1,,,0,82,,110682,1,,,0
9201,'Weekday',510,,110688,1,,,0,31,,110694,1,,,0,71,,110712,1,,,0,30,,110700,1,,,0,70,,110716,1,,,0,30,,110704,1,,,0,71,,110689,1,,,0,31,,110695,1,,,0,71,,110713,1,,,0,31,,110701,1,,,0,71,,110708,1,,,0,31,,110705,1,,,0,71,,110690,1,,,0,31,,110696,1,,,0,71,,110714,1,,,0,31,,110702,1,,,0,71,,110699,1,,,0,31,,110706,1,,,0,71,,110691,1,,,0,31,,110697,1,,,0,70,,110715,1,,,0,31,,110703,1,,,0,71,,110693,1,,,0,31,,110707,1,,,0,71,,110692,1,,,0,71,,110698,1,,,0,29,,110683,1,,,0,85,,110685,1,,,0,85,,110710,1,,,0,45,,110709,1,,,0,85,,110684,1,,,0,85,,110686,1,,,0,85,,110711,1,,,0,41,,110687,1,,,0
9201,'STMPSa-Saturday',633,,110732,1,,,0,85,,110718,1,,,0,85,,110722,1,,,0,45,,110727,1,,,0,85,,110733,1,,,0,85,,110717,1,,,0,85,,110723,1,,,0,45,,110728,1,,,0,85,,110734,1,,,0,85,,110719,1,,,0,85,,110724,1,,,0,45,,110729,1,,,0,85,,110735,1,,,0,85,,110720,1,,,0,87,,110726,1,,,0,45,,110730,1,,,0,85,,110736,1,,,0,85,,110721,1,,,0,85,,110725,1,,,0,43,,110731,1,,,0,82,,110737,1,,,0,85,,110738,1,,,0
9201,'STMPSnea-Weekday',510,,110744,1,,,0,31,,110750,1,,,0,71,,110768,1,,,0,30,,110756,1,,,0,70,,110772,1,,,0,30,,110760,1,,,0,71,,110745,1,,,0,31,,110751,1,,,0,71,,110769,1,,,0,31,,110757,1,,,0,71,,110764,1,,,0,31,,110761,1,,,0,71,,110746,1,,,0,31,,110752,1,,,0,71,,110770,1,,,0,31,,110758,1,,,0,71,,110755,1,,,0,31,,110762,1,,,0,71,,110747,1,,,0,31,,110753,1,,,0,70,,110771,1,,,0,31,,110759,1,,,0,71,,110749,1,,,0,31,,110763,1,,,0,71,,110748,1,,,0,71,,110754,1,,,0,29,,110739,1,,,0,85,,110741,1,,,0,85,,110766,1,,,0,45,,110765,1,,,0,85,,110740,1,,,0,85,,110742,1,,,0,85,,110767,1,,,0,41,,110743,1,,,0
9201,'STMPSu1-Sunday',633,,110788,1,,,0,85,,110773,1,,,0,85,,110778,1,,,0,45,,110783,1,,,0,85,,110789,1,,,0,85,,110774,1,,,0,85,,110779,1,,,0,45,,110785,1,,,0,85,,110790,1,,,0,85,,110776,1,,,0,85,,110780,1,,,0,45,,110784,1,,,0,85,,110791,1,,,0,85,,110775,1,,,0,85,,110781,1,,,0,45,,110786,1,,,0,85,,110792,1,,,0,85,,110777,1,,,0,85,,110782,1,,,0,45,,110787,1,,,0,82,,110793,1,,,0
9201,'STMPSu2-Sunday',633,,110809,1,,,0,85,,110794,1,,,0,85,,110799,1,,,0,45,,110804,1,,,0,85,,110810,1,,,0,85,,110795,1,,,0,85,,110800,1,,,0,45,,110806,1,,,0,85,,110811,1,,,0,85,,110797,1,,,0,85,,110801,1,,,0,45,,110805,1,,,0,85,,110812,1,,,0,85,,110796,1,,,0,85,,110802,1,,,0,45,,110807,1,,,0,85,,110813,1,,,0,85,,110798,1,,,0,85,,110803,1,,,0,45,,110808,1,,,0,82,,110814,1,,,0
9201,'STMPWeek-Weekday',510,,110820,1,,,0,31,,110826,1,,,0,71,,110844,1,,,0,30,,110832,1,,,0,70,,110848,1,,,0,30,,110836,1,,,0,71,,110821,1,,,0,31,,110827,1,,,0,71,,110845,1,,,0,31,,110833,1,,,0,71,,110840,1,,,0,31,,110837,1,,,0,71,,110822,1,,,0,31,,110828,1,,,0,71,,110846,1,,,0,31,,110834,1,,,0,71,,110831,1,,,0,31,,110838,1,,,0,71,,110823,1,,,0,31,,110829,1,,,0,70,,110847,1,,,0,31,,110835,1,,,0,71,,110825,1,,,0,31,,110839,1,,,0,71,,110824,1,,,0,71,,110830,1,,,0,29,,110815,1,,,0,85,,110817,1,,,0,85,,110842,1,,,0,45,,110841,1,,,0,85,,110816,1,,,0,85,,110818,1,,,0,85,,110843,1,,,0,41,,110819,1,,,0
9201,'STMPar-Weekday',510,,110854,1,,,0,31,,110860,1,,,0,71,,110878,1,,,0,30,,110866,1,,,0,70,,110882,1,,,0,30,,110870,1,,,0,71,,110855,1,,,0,31,,110861,1,,,0,71,,110879,1,,,0,31,,110867,1,,,0,71,,110874,1,,,0,31,,110871,1,,,0,71,,110856,1,,,0,31,,110862,1,,,0,71,,110880,1,,,0,31,,110868,1,,,0,71,,110865,1,,,0,31,,110872,1,,,0,71,,110857,1,,,0,31,,110863,1,,,0,70,,110881,1,,,0,31,,110869,1,,,0,71,,110859,1,,,0,31,,110873,1,,,0,71,,110858,1,,,0,71,,110864,1,,,0,29,,110849,1,,,0,85,,110851,1,,,0,85,,110876,1,,,0,45,,110875,1,,,0,85,,110850,1,,,0,85,,110852,1,,,0,85,,110877,1,,,0,41,,110853,1,,,0
