4200,'Saturday',627,,6862,38,,,0,80,,6866,38,,,0,39,,6867,38,,,0,79,,6864,38,,,0,79,,6868,38,,,0,39,,6865,38,,,0,81,,6863,38,,,0,85,,6869,38,,,0,45,,6871,38,,,0,85,,6872,38,,,0,85,,6873,38,,,0,85,,6870,38,,,0,45,,6874,38,,,0,85,,6875,38,,,0,85,,6877,38,,,0,85,,6878,38,,,0,45,,6879,38,,,0,85,,6876,38,,,0,84,,6881,38,,,0,83,,6882,38,,,0,43,,6883,38,,,0,79,,6880,38,,,0,80,,6884,38,,,0,40,,6885,38,,,0,80,,6886,38,,,0,80,,6887,38,,,0,40,,6860,38,,,0,80,,6861,38,,,0
4200,'Sunday',627,,6889,38,,,0,80,,6891,38,,,0,39,,6892,38,,,0,79,,6888,38,,,0,79,,6893,38,,,0,39,,6890,38,,,0,81,,6894,38,,,0,85,,6895,38,,,0,45,,6896,38,,,0,85,,6897,38,,,0,85,,6898,38,,,0,85,,6900,38,,,0,45,,6901,38,,,0,85,,6902,38,,,0,85,,6899,38,,,0,85,,6903,38,,,0,45,,6904,38,,,0,85,,6913,38,,,0,84,,6905,38,,,0,83,,6906,38,,,0,43,,6907,38,,,0,79,,6908,38,,,0,80,,6910,38,,,0,40,,6911,38,,,0,80,,6914,38,,,0,80,,6912,38,,,0,40,,6915,38,,,0,80,,6909,38,,,0
4200,'Weekday',515,,6917,38,,,0,20,,6918,38,,,0,22,,6923,38,,,0,60,,6919,38,,,0,13,,6973,38,,,0,13,,6926,38,,,0,15,,6944,38,,,0,53,,6974,38,,,0,13,,6928,38,,,0,15,,6945,38,,,0,14,,6929,38,,,0,55,,6975,38,,,0,11,,6983,38,,,0,11,,6946,38,,,0,12,,6976,38,,,0,7,,6947,38,,,0,5,,6969,38,,,0,53,,6916,38,,,0,18,,6930,38,,,0,14,,6977,38,,,0,13,,6948,38,,,0,61,,6927,38,,,0,23,,6949,38,,,0,23,,6931,38,,,0,63,,6950,38,,,0,23,,6932,38,,,0,63,,6951,38,,,0,23,,6933,38,,,0,23,,6952,38,,,0,63,,6934,38,,,0,23,,6935,38,,,0,63,,6954,38,,,0,26,,6936,38,,,0,26,,6938,38,,,0,66,,6955,38,,,0,10,,6980,38,,,0,7,,6970,38,,,0,10,,6939,38,,,0,9,,6972,38,,,0,52,,6956,38,,,0,16,,6981,38,,,0,11,,6940,38,,,0,12,,6968,38,,,0,52,,6953,38,,,0,13,,6982,38,,,0,12,,6937,38,,,0,10,,6971,38,,,0,12,,6958,38,,,0,53,,6978,38,,,0,12,,6941,38,,,0,20,,6979,38,,,0,23,,6942,38,,,0,63,,6959,38,,,0,23,,6943,38,,,0,63,,6920,38,,,0,23,,6957,38,,,0,23,,6961,38,,,0,63,,6922,38,,,0,22,,6962,38,,,0,22,,6924,38,,,0,63,,6960,38,,,0,22,,6921,38,,,0,61,,6963,38,,,0,23,,6925,38,,,0,23,,6964,38,,,0,79,,6965,38,,,0,79,,6966,38,,,0,39,,6967,38,,,0
4200,'Weekday0000100',1347,,6984,38,,,0,73,,6985,38,,,0
4200,'Weekday1111000',1508,,6986,38,,,0
4300,'Saturday',604,,6992,53,,,0,22,,6988,53,,,0,22,,6989,53,,,0,63,,6987,53,,,0,23,,6997,53,,,0,23,,6994,53,,,0,63,,6998,53,,,0,23,,6995,53,,,0,62,,6996,53,,,0,23,,6999,53,,,0,26,,7000,53,,,0,63,,7001,53,,,0,22,,7013,53,,,0,61,,7014,53,,,0,21,,7015,53,,,0,21,,7016,53,,,0,61,,7017,53,,,0,21,,7018,53,,,0,21,,7019,53,,,0,61,,7020,53,,,0,21,,7021,53,,,0,21,,7023,53,,,0,61,,7024,53,,,0,21,,7025,53,,,0,21,,7022,53,,,0,61,,7026,53,,,0,22,,7028,53,,,0,22,,7029,53,,,0,61,,7030,53,,,0,21,,7027,53,,,0,21,,7031,53,,,0,61,,7032,53,,,0,21,,7033,53,,,0,61,,7034,53,,,0,21,,7035,53,,,0,21,,7036,53,,,0,60,,7037,53,,,0,21,,7038,53,,,0,19,,7039,53,,,0,59,,7040,53,,,0,22,,7041,53,,,0,22,,7042,53,,,0,62,,7043,53,,,0,23,,7006,53,,,0,23,,7003,53,,,0,62,,7002,53,,,0,21,,7012,53,,,0,62,,7008,53,,,0,22,,7011,53,,,0,22,,7010,53,,,0,62,,7009,53,,,0,22,,7007,53,,,0,22,,7004,53,,,0,62,,7005,53,,,0
4300,'Sunday',604,,7061,53,,,0,22,,7080,53,,,0,22,,7050,53,,,0,63,,7044,53,,,0,23,,7067,53,,,0,23,,7057,53,,,0,63,,7074,53,,,0,23,,7087,53,,,0,62,,7062,53,,,0,23,,7081,53,,,0,26,,7051,53,,,0,63,,7045,53,,,0,22,,7068,53,,,0,61,,7092,53,,,0,21,,7058,53,,,0,21,,7075,53,,,0,61,,7088,53,,,0,21,,7063,53,,,0,21,,7097,53,,,0,61,,7082,53,,,0,21,,7052,53,,,0,21,,7046,53,,,0,61,,7069,53,,,0,21,,7093,53,,,0,21,,7059,53,,,0,61,,7076,53,,,0,22,,7089,53,,,0,22,,7064,53,,,0,61,,7099,53,,,0,21,,7083,53,,,0,21,,7053,53,,,0,61,,7047,53,,,0,21,,7070,53,,,0,61,,7094,53,,,0,21,,7060,53,,,0,21,,7077,53,,,0,60,,7090,53,,,0,21,,7065,53,,,0,19,,7098,53,,,0,59,,7084,53,,,0,22,,7054,53,,,0,22,,7049,53,,,0,62,,7071,53,,,0,23,,7095,53,,,0,23,,7078,53,,,0,62,,7091,53,,,0,21,,7066,53,,,0,62,,7100,53,,,0,22,,7085,53,,,0,22,,7055,53,,,0,62,,7048,53,,,0,22,,7072,53,,,0,22,,7096,53,,,0,62,,7079,53,,,0
4300,'Weekday',433,,7111,5,,,0,22,,7152,5,,,0,59,,7110,53,,,0,20,,7150,53,,,0,20,,7161,53,,,0,51,,7166,53,,,0,12,,7116,53,,,0,11,,7105,53,,,0,10,,7117,53,,,0,10,,7142,53,,,0,53,,7120,53,,,0,10,,7101,53,,,0,11,,7160,53,,,0,12,,7112,53,,,0,12,,7170,53,,,0,12,,7153,53,,,0,52,,7171,53,,,0,11,,7119,53,,,0,11,,7151,53,,,0,11,,7121,53,,,0,11,,7125,53,,,0,52,,7162,53,,,0,11,,7126,53,,,0,11,,7167,53,,,0,11,,7115,53,,,0,11,,7106,53,,,0,51,,7118,53,,,0,11,,7143,53,,,0,23,,7113,53,,,0,22,,7154,53,,,0,64,,7127,53,,,0,21,,7122,53,,,0,62,,7163,53,,,0,22,,7169,53,,,0,23,,7108,53,,,0,63,,7145,53,,,0,22,,7102,53,,,0,22,,7155,53,,,0,57,,7158,53,,,0,12,,7128,53,,,0,12,,7123,53,,,0,11,,7133,53,,,0,11,,7164,53,,,0,51,,7135,53,,,0,11,,7172,53,,,0,11,,7168,53,,,0,12,,7138,53,,,0,12,,7109,53,,,0,52,,7132,53,,,0,11,,7148,53,,,0,11,,7144,53,,,0,11,,7146,53,,,0,10,,7131,53,,,0,50,,7103,53,,,0,11,,7114,53,,,0,11,,7136,53,,,0,10,,7156,53,,,0,10,,7140,53,,,0,10,,7159,53,,,0,51,,7107,53,,,0,11,,7129,53,,,0,11,,7124,53,,,0,12,,7134,53,,,0,13,,7165,53,,,0,51,,7139,53,,,0,12,,7149,53,,,0,21,,7147,53,,,0,20,,7104,53,,,0,63,,7157,53,,,0,23,,7141,53,,,0,63,,7130,53,,,0,23,,7174,53,,,0,22,,7175,53,,,0,62,,7176,53,,,0,23,,7177,53,,,0,23,,7178,53,,,0,63,,7179,53,,,0,23,,7180,53,,,0,63,,7181,53,,,0,23,,7173,53,,,0,23,,7137,53,,,0,63,,7182,53,,,0
4300,'Weekday0000100',1405,,7183,5,,,0
8701,'Saturday',623,,12588,27,,,0,30,,12609,27,,,0,70,,12597,27,,,0,30,,12589,27,,,0,70,,12610,27,,,0,31,,12598,27,,,0,71,,12590,27,,,0,30,,12611,27,,,0,70,,12599,27,,,0,30,,12591,27,,,0,70,,12612,27,,,0,30,,12600,27,,,0,70,,12592,27,,,0,30,,12613,27,,,0,70,,12601,27,,,0,30,,12593,27,,,0,70,,12614,27,,,0,30,,12603,27,,,0,70,,12594,27,,,0,30,,12615,27,,,0,70,,12602,27,,,0,30,,12595,27,,,0,70,,12616,27,,,0,30,,12605,27,,,0,70,,12596,27,,,0,29,,12604,27,,,0,70,,12617,27,,,0,30,,12622,27,,,0,70,,12606,27,,,0,30,,12618,27,,,0,70,,12621,27,,,0,30,,12607,27,,,0,70,,12619,27,,,0,30,,12623,27,,,0,70,,12608,27,,,0,30,,12620,27,,,0,70,,12624,27,,,0
8701,'Sunday',623,,12625,27,,,0,30,,12650,27,,,0,70,,12638,27,,,0,30,,12626,27,,,0,70,,12651,27,,,0,31,,12639,27,,,0,71,,12627,27,,,0,30,,12652,27,,,0,70,,12640,27,,,0,30,,12628,27,,,0,70,,12653,27,,,0,30,,12641,27,,,0,70,,12629,27,,,0,30,,12654,27,,,0,70,,12643,27,,,0,30,,12630,27,,,0,70,,12655,27,,,0,30,,12642,27,,,0,70,,12631,27,,,0,30,,12656,27,,,0,70,,12644,27,,,0,30,,12632,27,,,0,70,,12657,27,,,0,30,,12645,27,,,0,70,,12633,27,,,0,29,,12658,27,,,0,70,,12646,27,,,0,30,,12634,27,,,0,70,,12659,27,,,0,30,,12647,27,,,0,70,,12635,27,,,0,30,,12660,27,,,0,70,,12648,27,,,0,30,,12636,27,,,0,70,,12661,27,,,0,30,,12649,27,,,0,70,,12637,27,,,0
8701,'Weekday',523,,12685,27,,,0,30,,12662,27,,,0,70,,12686,27,,,0,30,,12663,27,,,0,70,,12687,27,,,0,30,,12689,27,,,0,74,,12664,27,,,0,13,,12701,27,,,0,17,,12688,27,,,0,70,,12690,27,,,0,30,,12665,27,,,0,70,,12675,27,,,0,30,,12691,27,,,0,70,,12667,27,,,0,30,,12676,27,,,0,70,,12692,27,,,0,30,,12668,27,,,0,70,,12677,27,,,0,30,,12693,27,,,0,70,,12666,27,,,0,30,,12678,27,,,0,74,,12694,27,,,0,71,,12669,27,,,0,31,,12679,27,,,0,71,,12695,27,,,0,32,,12670,27,,,0,70,,12680,27,,,0,31,,12696,27,,,0,72,,12671,27,,,0,29,,12681,27,,,0,69,,12698,27,,,0,30,,12672,27,,,0,70,,12682,27,,,0,29,,12697,27,,,0,68,,12673,27,,,0,28,,12683,27,,,0,68,,12699,27,,,0,29,,12674,27,,,0,28,,12684,27,,,0,69,,12700,27,,,0
8701,'Weekday0000100',1510,,12702,27,,,0
8701,'Weekday1111000',1623,,12703,27,,,0
13500,'Weekday',550,,17738,26,,,0,62,,17737,26,,,0,22,,17742,26,,,0,23,,17739,26,,,0,63,,17745,26,,,0,24,,17740,26,,,0,63,,17743,26,,,0,23,,17741,26,,,0,22,,17744,26,,,0,62,,17758,26,,,0,22,,17756,26,,,0,580,,17746,26,,,0,24,,17751,26,,,0,64,,17747,26,,,0,24,,17752,26,,,0,24,,17749,26,,,0,64,,17753,26,,,0,23,,17748,26,,,0,64,,17754,26,,,0,22,,17750,26,,,0,23,,17757,26,0,207 12 108 1 208 209,0,63,,17755,26,,,0
