900,'Saturday',620,,2039,42,,,0,34,,2050,42,,,0,68,,2033,42,,,0,31,,2045,42,,,0,71,,2055,42,,,0,31,,2060,42,,,0,71,,2040,42,,,0,31,,2052,42,,,0,71,,2034,42,,,0,31,,2046,42,,,0,71,,2056,42,,,0,71,,2062,42,,,0,31,,2043,42,,,0,71,,2053,42,,,0,31,,2035,42,,,0,71,,2048,42,,,0,31,,2058,42,,,0,71,,2063,42,,,0,31,,2041,42,,,0,71,,2054,42,,,0,31,,2036,42,,,0,71,,2047,42,,,0,31,,2059,42,,,0,71,,2064,42,,,0,31,,2042,42,,,0,71,,2051,42,,,0,31,,2037,42,,,0,71,,2049,42,,,0,31,,2061,42,,,0,71,,2065,42,,,0,31,,2044,42,,,0,71,,2057,42,,,0,31,,2038,42,,,0,71,,2067,42,,,0,26,,2066,42,,,0
900,'Sunday',620,,2091,42,,,0,34,,2068,42,,,0,68,,2076,42,,,0,31,,2083,42,,,0,71,,2098,42,,,0,31,,2092,42,,,0,71,,2069,42,,,0,31,,2078,42,,,0,71,,2084,42,,,0,31,,2099,42,,,0,71,,2093,42,,,0,71,,2071,42,,,0,31,,2077,42,,,0,71,,2085,42,,,0,31,,2102,42,,,0,71,,2094,42,,,0,31,,2072,42,,,0,71,,2079,42,,,0,31,,2086,42,,,0,71,,2100,42,,,0,31,,2095,42,,,0,71,,2070,42,,,0,31,,2080,42,,,0,71,,2087,42,,,0,31,,2101,42,,,0,71,,2097,42,,,0,31,,2073,42,,,0,71,,2081,42,,,0,31,,2089,42,,,0,71,,2090,42,,,0,31,,2096,42,,,0,71,,2074,42,,,0,31,,2082,42,,,0,71,,2088,42,,,0,26,,2075,42,,,0
900,'Weekday',511,,2111,42,,,0,23,,2124,42,,,0,22,,2137,42,,,0,62,,2103,42,,,0,23,,2119,42,,,0,64,,2129,42,,,0,24,,2144,42,,,0,16,,2151,42,,,0,62,,2112,42,,,0,11,,2156,42,,,0,11,,2125,42,,,0,22,,2136,42,,,0,62,,2104,42,,,0,20,,2120,42,,,0,21,,2130,42,,,0,62,,2145,42,,,0,22,,2152,42,,,0,62,,2113,42,,,0,22,,2126,42,,,0,22,,2138,42,,,0,63,,2106,42,,,0,22,,2121,42,,,0,22,,2131,42,,,0,62,,2146,42,,,0,22,,2153,42,,,0,22,,2114,42,,,0,62,,2127,42,,,0,24,,2139,42,,,0,62,,2105,42,,,0,23,,2122,42,,,0,24,,2132,42,,,0,6,,2157,42,,,0,56,,2147,42,,,0,11,,2160,42,,,0,11,,2154,42,,,0,11,,2158,42,,,0,10,,2115,42,,,0,50,,2159,42,,,0,11,,2128,42,,,0,22,,2140,42,,,0,62,,2107,42,,,0,22,,2123,42,,,0,21,,2133,42,,,0,60,,2148,42,,,0,18,,2155,42,,,0,27,,2116,42,,,0,70,,2142,42,,,0,30,,2108,42,,,0,70,,2134,42,,,0,30,,2149,42,,,0,69,,2117,42,,,0,30,,2141,42,,,0,70,,2109,42,,,0,30,,2135,42,,,0,70,,2150,42,,,0,30,,2118,42,,,0,70,,2143,42,,,0
4000,'Saturday',838,,6677,41,,,0,75,,6678,41,,,0,35,,6676,41,,,0,75,,6679,41,,,0,35,,6680,41,,,0,75,,6681,41,,,0,75,,6682,41,,,0,35,,6683,41,,,0,75,,6686,41,,,0,35,,6687,41,,,0,75,,6684,41,,,0,75,,6685,41,,,0,35,,6688,41,,,0,75,,6689,41,,,0,35,,6690,41,,,0,75,,6691,41,,,0,35,,6692,41,,,0,75,,6693,41,,,0,75,,6694,41,,,0
4000,'Sunday',838,,6695,41,,,0,75,,6696,41,,,0,35,,6698,41,,,0,75,,6699,41,,,0,35,,6700,41,,,0,75,,6697,41,,,0,75,,6701,41,,,0,35,,6702,41,,,0,75,,6703,41,,,0,35,,6704,41,,,0,75,,6705,41,,,0,75,,6707,41,,,0,35,,6708,41,,,0,75,,6709,41,,,0,35,,6706,41,,,0,75,,6710,41,,,0,35,,6711,41,,,0,75,,6712,41,,,0,75,,6713,41,,,0
4000,'Weekday',649,,6714,41,,,0,76,,6715,41,,,0,75,,6716,41,,,0,35,,6718,41,,,0,74,,6729,41,,,0,35,,6717,41,,,0,75,,6719,41,,,0,35,,6731,41,,,0,75,,6725,41,,,0,75,,6720,41,,,0,35,,6730,41,,,0,75,,6726,41,,,0,35,,6721,41,,,0,76,,6733,41,,,0,76,,6728,41,,,0,35,,6722,41,,,0,75,,6734,41,,,0,35,,6727,41,,,0,74,,6723,41,,,0,35,,6735,41,,,0,75,,6732,41,,,0,74,,6724,41,,,0,35,,6736,41,,,0,75,,6739,41,,,0,35,,6741,41,,,0,75,,6738,41,,,0,35,,6740,41,,,0,75,,6742,41,,,0,72,,6737,41,,,0
9001,'Saturday',641,,12928,32,,,0,72,,12938,32,,,0,32,,12948,32,,,0,72,,12929,32,,,0,32,,12939,32,,,0,72,,12949,32,,,0,32,,12931,32,,,0,72,,12941,32,,,0,32,,12950,32,,,0,72,,12932,32,,,0,72,,12940,32,,,0,34,,12951,32,,,0,72,,12933,32,,,0,32,,12942,32,,,0,72,,12952,32,,,0,32,,12930,32,,,0,72,,12943,32,,,0,32,,12953,32,,,0,72,,12934,32,,,0,32,,12944,32,,,0,72,,12954,32,,,0,32,,12935,32,,,0,69,,12947,32,,,0,31,,12955,32,,,0,72,,12937,32,,,0,32,,12946,32,,,0,72,,12956,32,,,0,72,,12936,32,,,0,32,,12945,32,,,0
9001,'Sunday',635,,12957,32,,,0,72,,12967,32,,,0,38,,12978,32,,,0,72,,12958,32,,,0,32,,12968,32,,,0,72,,12977,32,,,0,32,,12960,32,,,0,72,,12970,32,,,0,32,,12980,32,,,0,72,,12959,32,,,0,72,,12969,32,,,0,34,,12979,32,,,0,72,,12961,32,,,0,32,,12971,32,,,0,72,,12981,32,,,0,32,,12962,32,,,0,72,,12972,32,,,0,32,,12983,32,,,0,72,,12963,32,,,0,32,,12973,32,,,0,72,,12982,32,,,0,32,,12964,32,,,0,69,,12974,32,,,0,31,,12984,32,,,0,72,,12965,32,,,0,32,,12975,32,,,0,72,,12985,32,,,0,72,,12966,32,,,0,32,,12976,32,,,0
9001,'Weekday',638,,12986,32,,,0,76,,12996,32,,,0,30,,13005,32,,,0,70,,13014,32,,,0,30,,12987,32,,,0,70,,12995,32,,,0,29,,13006,32,,,0,70,,13015,32,,,0,30,,12988,32,,,0,70,,12997,32,,,0,30,,13007,32,,,0,70,,13016,32,,,0,30,,12989,32,,,0,70,,12998,32,,,0,30,,13008,32,,,0,70,,13017,32,,,0,30,,12991,32,,,0,71,,12999,32,,,0,30,,13009,32,,,0,70,,13018,32,,,0,30,,12990,32,,,0,70,,13000,32,,,0,30,,13010,32,,,0,70,,13019,32,,,0,29,,12992,32,,,0,62,,13001,32,,,0,30,,13011,32,,,0,70,,13020,32,,,0,15,,12993,32,,,0,30,,13002,32,,,0,70,,13012,32,,,0,30,,13021,32,,,0,50,,12994,32,,,0,30,,13003,32,,,0,70,,13013,32,,,0,30,,13022,32,,,0,75,,13004,32,,,0
9100,'Saturday',645,,13024,2,,,0,61,,13023,2,,,0,21,,13025,2,,,0,21,,13026,2,,,0,61,,13027,2,,,0,21,,13028,2,,,0,21,,13029,2,,,0,61,,13030,2,,,0,21,,13032,2,,,0,21,,13031,2,,,0,61,,13033,2,,,0,21,,13034,2,,,0,21,,13035,2,,,0,61,,13036,2,,,0,21,,13037,2,,,0,61,,13039,2,,,0,21,,13038,2,,,0,21,,13040,2,,,0,61,,13041,2,,,0,21,,13042,2,,,0,21,,13044,2,,,0,61,,13043,2,,,0,21,,13045,2,,,0,21,,13047,2,,,0,61,,13046,2,,,0,21,,13048,2,,,0,21,,13049,2,,,0,61,,13050,2,,,0,21,,13051,2,,,0,21,,13054,2,,,0,61,,13052,2,,,0,21,,13053,2,,,0,21,,13055,2,,,0,61,,13056,2,,,0,21,,13058,2,,,0,61,,13057,2,,,0,21,,13065,2,,,0,21,,13059,2,,,0,61,,13060,2,,,0,21,,13061,2,,,0,21,,13062,2,,,0,61,,13063,2,,,0,21,,13066,2,,,0,21,,13064,2,,,0,61,,13068,2,,,0,21,,13067,2,,,0,21,,13069,2,,,0,61,,13070,2,,,0,21,,13071,2,,,0,21,,13072,2,,,0
9100,'Sunday',645,,13074,2,,,0,61,,13073,2,,,0,21,,13076,2,,,0,21,,13075,2,,,0,61,,13077,2,,,0,21,,13078,2,,,0,21,,13080,2,,,0,61,,13079,2,,,0,21,,13082,2,,,0,21,,13081,2,,,0,61,,13083,2,,,0,21,,13084,2,,,0,21,,13087,2,,,0,61,,13085,2,,,0,21,,13088,2,,,0,61,,13086,2,,,0,21,,13089,2,,,0,21,,13090,2,,,0,61,,13091,2,,,0,21,,13093,2,,,0,21,,13092,2,,,0,61,,13094,2,,,0,21,,13095,2,,,0,21,,13096,2,,,0,61,,13097,2,,,0,21,,13098,2,,,0,21,,13099,2,,,0,61,,13101,2,,,0,21,,13102,2,,,0,21,,13100,2,,,0,61,,13103,2,,,0,21,,13105,2,,,0,21,,13104,2,,,0,61,,13106,2,,,0,21,,13108,2,,,0,61,,13107,2,,,0,21,,13109,2,,,0,21,,13110,2,,,0,61,,13111,2,,,0,21,,13113,2,,,0,21,,13112,2,,,0,61,,13114,2,,,0,21,,13115,2,,,0,21,,13116,2,,,0,61,,13118,2,,,0,21,,13117,2,,,0,21,,13120,2,,,0,61,,13119,2,,,0,21,,13121,2,,,0,21,,13122,2,,,0
9100,'Weekday',627,,13123,2,,,0,21,,13124,2,,,0,61,,13126,2,,,0,23,,13125,2,,,0,19,,13128,2,,,0,61,,13127,2,,,0,21,,13129,2,,,0,21,,13130,2,,,0,61,,13131,2,,,0,21,,13132,2,,,0,21,,13133,2,,,0,61,,13135,2,,,0,21,,13134,2,,,0,61,,13136,2,,,0,21,,13138,2,,,0,21,,13139,2,,,0,61,,13137,2,,,0,21,,13140,2,,,0,21,,13141,2,,,0,61,,13142,2,,,0,21,,13143,2,,,0,21,,13144,2,,,0,61,,13145,2,,,0,21,,13146,2,,,0,21,,13147,2,,,0,61,,13148,2,,,0,21,,13149,2,,,0,21,,13150,2,,,0,61,,13151,2,,,0,21,,13152,2,,,0,21,,13154,2,,,0,61,,13153,2,,,0,21,,13155,2,,,0,61,,13156,2,,,0,21,,13157,2,,,0,21,,13158,2,,,0,61,,13159,2,,,0,21,,13160,2,,,0,21,,13161,2,,,0,61,,13163,2,,,0,21,,13162,2,,,0,21,,13165,2,,,0,61,,13164,2,,,0,21,,13166,2,,,0,21,,13167,2,,,0,61,,13168,2,,,0,21,,13169,2,,,0,18,,13170,2,,,0,68,,13172,2,,,0,17,,13171,2,,,0,21,,13173,2,,,0,61,,13174,2,,,0
10401,'Saturday',617,,15236,22,,,0,32,,15224,22,,,0,72,,15238,22,,,0,32,,15223,22,,,0,72,,15240,22,,,0,32,,15225,22,,,0,72,,15241,22,,,0,72,,15226,22,,,0,32,,15243,22,,,0,72,,15227,22,,,0,32,,15242,22,,,0,72,,15228,22,,,0,32,,15244,22,,,0,72,,15229,22,,,0,32,,15245,22,,,0,72,,15231,22,,,0,32,,15246,22,,,0,72,,15230,22,,,0,32,,15247,22,,,0,72,,15232,22,,,0,32,,15248,22,,,0,72,,15233,22,,,0,72,,15249,22,,,0,31,,15234,22,,,0,72,,15250,22,,,0,32,,15235,22,,,0,72,,15251,22,,,0,32,,15239,22,,,0,72,,15252,22,,,0,34,,15237,22,,,0
10401,'Sunday',617,,15267,22,,,0,32,,15253,22,,,0,72,,15270,22,,,0,32,,15254,22,,,0,72,,15269,22,,,0,32,,15256,22,,,0,72,,15271,22,,,0,72,,15255,22,,,0,32,,15272,22,,,0,72,,15257,22,,,0,32,,15273,22,,,0,72,,15258,22,,,0,32,,15274,22,,,0,72,,15259,22,,,0,32,,15275,22,,,0,72,,15260,22,,,0,32,,15276,22,,,0,72,,15261,22,,,0,32,,15277,22,,,0,72,,15262,22,,,0,32,,15278,22,,,0,72,,15263,22,,,0,72,,15279,22,,,0,31,,15264,22,,,0,72,,15281,22,,,0,32,,15265,22,,,0,72,,15280,22,,,0,32,,15266,22,,,0,72,,15282,22,,,0,34,,15268,22,,,0
10401,'Weekday',557,,15301,22,,,0,75,,15283,22,,,0,71,,15302,22,,,0,36,,15284,22,,,0,72,,15303,22,,,0,32,,15285,22,,,0,72,,15304,22,,,0,31,,15286,22,,,0,72,,15306,22,,,0,32,,15287,22,,,0,72,,15305,22,,,0,32,,15288,22,,,0,72,,15307,22,,,0,32,,15289,22,,,0,72,,15308,22,,,0,72,,15290,22,,,0,32,,15310,22,,,0,75,,15291,22,,,0,32,,15309,22,,,0,73,,15292,22,,,0,32,,15311,22,,,0,73,,15293,22,,,0,30,,15312,22,,,0,72,,15294,22,,,0,30,,15313,22,,,0,70,,15295,22,,,0,32,,15314,22,,,0,72,,15296,22,,,0,32,,15315,22,,,0,72,,15297,22,,,0,72,,15316,22,,,0,32,,15298,22,,,0,72,,15317,22,,,0,32,,15299,22,,,0,72,,15318,22,,,0,37,,15300,22,,,0
