8800,'Saturday',606,,108490,5,,,0,30,,108491,5,,,0,70,,108492,5,,,0,30,,108493,5,,,0,70,,108494,5,,,0,30,,108495,5,,,0,70,,108496,5,,,0,30,,108497,5,,,0,70,,108499,5,,,0,30,,108501,5,,,0,70,,108502,5,,,0,30,,108498,5,,,0,70,,108503,5,,,0,30,,108500,5,,,0,70,,108504,5,,,0,30,,108506,5,,,0,70,,108507,5,,,0,30,,108508,5,,,0,70,,108505,5,,,0,30,,108509,5,,,0,70,,108512,5,,,0,30,,108510,5,,,0,70,,108511,5,,,0,30,,108514,5,,,0,70,,108513,5,,,0,30,,108515,5,,,0,70,,108516,5,,,0,30,,108517,5,,,0,70,,108518,5,,,0,30,,108521,5,,,0,70,,108519,5,,,0,30,,108520,5,,,0
8800,'Sunday',606,,108522,5,,,0,30,,108526,5,,,0,70,,108523,5,,,0,30,,108528,5,,,0,70,,108525,5,,,0,30,,108529,5,,,0,70,,108524,5,,,0,30,,108527,5,,,0,70,,108531,5,,,0,30,,108532,5,,,0,70,,108530,5,,,0,30,,108533,5,,,0,70,,108535,5,,,0,30,,108536,5,,,0,70,,108537,5,,,0,30,,108534,5,,,0,70,,108540,5,,,0,30,,108541,5,,,0,70,,108542,5,,,0,30,,108538,5,,,0,70,,108543,5,,,0,30,,108544,5,,,0,70,,108545,5,,,0,30,,108539,5,,,0,70,,108547,5,,,0,30,,108548,5,,,0,70,,108551,5,,,0,30,,108549,5,,,0,70,,108552,5,,,0,30,,108546,5,,,0,70,,108553,5,,,0,30,,108550,5,,,0
8800,'Weekday',500,,108562,5,,,0,35,,108563,5,,,0,70,,108564,5,,,0,33,,108565,5,,,0,70,,108568,5,,,0,30,,108554,5,,,0,15,,108592,5,,,0,55,,108555,5,,,0,15,,108594,5,,,0,15,,108556,5,,,0,69,,108570,5,,,0,30,,108571,5,,,0,70,,108566,5,,,0,30,,108572,5,,,0,70,,108573,5,,,0,30,,108567,5,,,0,70,,108574,5,,,0,30,,108569,5,,,0,70,,108575,5,,,0,30,,108576,5,,,0,70,,108577,5,,,0,30,,108578,5,,,0,71,,108557,5,,,0,30,,108558,5,,,0,15,,108595,5,,,0,55,,108559,5,,,0,15,,108593,5,,,0,15,,108560,5,,,0,70,,108561,5,,,0,30,,108580,5,,,0,70,,108579,5,,,0,28,,108581,5,,,0,70,,108582,5,,,0,30,,108583,5,,,0,70,,108584,5,,,0,30,,108585,5,,,0,70,,108587,5,,,0,30,,108588,5,,,0,70,,108590,5,,,0,30,,108591,5,,,0,70,,108589,5,,,0,30,,108586,5,,,0
8800,'STMPSa-Saturday',606,,108596,5,,,0,30,,108597,5,,,0,70,,108598,5,,,0,30,,108599,5,,,0,70,,108600,5,,,0,30,,108601,5,,,0,70,,108602,5,,,0,30,,108603,5,,,0,70,,108605,5,,,0,30,,108607,5,,,0,70,,108608,5,,,0,30,,108604,5,,,0,70,,108609,5,,,0,30,,108606,5,,,0,70,,108610,5,,,0,30,,108612,5,,,0,70,,108613,5,,,0,30,,108614,5,,,0,70,,108611,5,,,0,30,,108615,5,,,0,70,,108618,5,,,0,30,,108616,5,,,0,70,,108617,5,,,0,30,,108620,5,,,0,70,,108619,5,,,0,30,,108621,5,,,0,70,,108622,5,,,0,30,,108623,5,,,0,70,,108624,5,,,0,30,,108627,5,,,0,70,,108625,5,,,0,30,,108626,5,,,0
8800,'STMPSnea-Weekday',500,,108636,5,,,0,35,,108637,5,,,0,70,,108638,5,,,0,33,,108639,5,,,0,70,,108642,5,,,0,30,,108628,5,,,0,15,,108666,5,,,0,55,,108629,5,,,0,15,,108668,5,,,0,15,,108630,5,,,0,69,,108644,5,,,0,30,,108645,5,,,0,70,,108640,5,,,0,30,,108646,5,,,0,70,,108647,5,,,0,30,,108641,5,,,0,70,,108648,5,,,0,30,,108643,5,,,0,70,,108649,5,,,0,30,,108650,5,,,0,70,,108651,5,,,0,30,,108652,5,,,0,71,,108631,5,,,0,30,,108632,5,,,0,15,,108669,5,,,0,55,,108633,5,,,0,15,,108667,5,,,0,15,,108634,5,,,0,70,,108635,5,,,0,30,,108654,5,,,0,70,,108653,5,,,0,28,,108655,5,,,0,70,,108656,5,,,0,30,,108657,5,,,0,70,,108658,5,,,0,30,,108659,5,,,0,70,,108661,5,,,0,30,,108662,5,,,0,70,,108664,5,,,0,30,,108665,5,,,0,70,,108663,5,,,0,30,,108660,5,,,0
8800,'STMPSu1-Sunday',606,,108670,5,,,0,30,,108674,5,,,0,70,,108671,5,,,0,30,,108676,5,,,0,70,,108673,5,,,0,30,,108677,5,,,0,70,,108672,5,,,0,30,,108675,5,,,0,70,,108679,5,,,0,30,,108680,5,,,0,70,,108678,5,,,0,30,,108681,5,,,0,70,,108683,5,,,0,30,,108684,5,,,0,70,,108685,5,,,0,30,,108682,5,,,0,70,,108688,5,,,0,30,,108689,5,,,0,70,,108690,5,,,0,30,,108686,5,,,0,70,,108691,5,,,0,30,,108692,5,,,0,70,,108693,5,,,0,30,,108687,5,,,0,70,,108695,5,,,0,30,,108696,5,,,0,70,,108699,5,,,0,30,,108697,5,,,0,70,,108700,5,,,0,30,,108694,5,,,0,70,,108701,5,,,0,30,,108698,5,,,0
8800,'STMPSu2-Sunday',606,,108702,5,,,0,30,,108706,5,,,0,70,,108703,5,,,0,30,,108708,5,,,0,70,,108705,5,,,0,30,,108709,5,,,0,70,,108704,5,,,0,30,,108707,5,,,0,70,,108711,5,,,0,30,,108712,5,,,0,70,,108710,5,,,0,30,,108713,5,,,0,70,,108715,5,,,0,30,,108716,5,,,0,70,,108717,5,,,0,30,,108714,5,,,0,70,,108720,5,,,0,30,,108721,5,,,0,70,,108722,5,,,0,30,,108718,5,,,0,70,,108723,5,,,0,30,,108724,5,,,0,70,,108725,5,,,0,30,,108719,5,,,0,70,,108727,5,,,0,30,,108728,5,,,0,70,,108731,5,,,0,30,,108729,5,,,0,70,,108732,5,,,0,30,,108726,5,,,0,70,,108733,5,,,0,30,,108730,5,,,0
8800,'STMPWeek-Weekday',500,,108742,5,,,0,35,,108743,5,,,0,70,,108744,5,,,0,33,,108745,5,,,0,70,,108748,5,,,0,30,,108734,5,,,0,15,,108772,5,,,0,55,,108735,5,,,0,15,,108774,5,,,0,15,,108736,5,,,0,69,,108750,5,,,0,30,,108751,5,,,0,70,,108746,5,,,0,30,,108752,5,,,0,70,,108753,5,,,0,30,,108747,5,,,0,70,,108754,5,,,0,30,,108749,5,,,0,70,,108755,5,,,0,30,,108756,5,,,0,70,,108757,5,,,0,30,,108758,5,,,0,71,,108737,5,,,0,30,,108738,5,,,0,15,,108775,5,,,0,55,,108739,5,,,0,15,,108773,5,,,0,15,,108740,5,,,0,70,,108741,5,,,0,30,,108760,5,,,0,70,,108759,5,,,0,28,,108761,5,,,0,70,,108762,5,,,0,30,,108763,5,,,0,70,,108764,5,,,0,30,,108765,5,,,0,70,,108767,5,,,0,30,,108768,5,,,0,70,,108770,5,,,0,30,,108771,5,,,0,70,,108769,5,,,0,30,,108766,5,,,0
8800,'STMPar-Weekday',500,,108784,5,,,0,35,,108785,5,,,0,70,,108786,5,,,0,33,,108787,5,,,0,70,,108790,5,,,0,30,,108776,5,,,0,15,,108814,5,,,0,55,,108777,5,,,0,15,,108816,5,,,0,15,,108778,5,,,0,69,,108793,5,,,0,30,,108794,5,,,0,70,,108788,5,,,0,30,,108791,5,,,0,70,,108795,5,,,0,30,,108789,5,,,0,70,,108796,5,,,0,30,,108792,5,,,0,70,,108797,5,,,0,30,,108798,5,,,0,70,,108799,5,,,0,30,,108800,5,,,0,71,,108779,5,,,0,30,,108780,5,,,0,15,,108817,5,,,0,55,,108781,5,,,0,15,,108815,5,,,0,15,,108782,5,,,0,70,,108783,5,,,0,30,,108802,5,,,0,70,,108801,5,,,0,28,,108803,5,,,0,70,,108804,5,,,0,30,,108805,5,,,0,70,,108806,5,,,0,30,,108807,5,,,0,70,,108809,5,,,0,30,,108810,5,,,0,70,,108812,5,,,0,30,,108813,5,,,0,70,,108811,5,,,0,30,,108808,5,,,0
10900,'Weekday',1640,,117622,16,,,0,75,,117623,16,,,0
10900,'STMPSnea-Weekday',1640,,117624,16,,,0,75,,117625,16,,,0
10900,'STMPWeek-Weekday',1640,,117626,16,,,0,75,,117627,16,,,0
10900,'STMPar-Weekday',1640,,117628,16,,,0,75,,117629,16,,,0
11600,'Weekday',1640,,119242,14,,,0,60,,119243,14,,,0,20,,119244,14,,,0,30,,119245,14,,,0
11600,'STMPSnea-Weekday',1640,,119246,14,,,0,60,,119247,14,,,0,20,,119248,14,,,0,30,,119249,14,,,0
11600,'STMPWeek-Weekday',1640,,119250,14,,,0,60,,119251,14,,,0,20,,119252,14,,,0,30,,119253,14,,,0
11600,'STMPar-Weekday',1640,,119254,14,,,0,60,,119255,14,,,0,20,,119256,14,,,0,30,,119257,14,,,0
