13801,'Saturday',557,,58000,3,,,0,74,,57975,3,,,0,80,,57974,3,,,0,40,,57976,3,,,0,80,,57979,3,,,0,80,,57980,3,,,0,40,,57981,3,,,0,80,,57978,3,,,0,80,,57982,3,,,0,40,,57977,3,,,0,80,,57984,3,,,0,80,,57985,3,,,0,40,,57986,3,,,0,80,,57983,3,,,0,80,,57987,3,,,0,40,,57988,3,,,0,80,,57989,3,,,0,80,,57990,3,,,0,40,,57991,3,,,0,80,,57992,3,,,0,80,,57993,3,,,0,40,,57994,3,,,0,80,,57995,3,,,0,80,,57997,3,,,0,40,,57996,3,,,0,80,,57999,3,,,0,80,,57998,3,,,0,40,,58001,3,,,0
13801,'Sunday',557,,58002,3,,,0,74,,58011,3,,,0,80,,58021,3,,,0,40,,58003,3,,,0,80,,58012,3,,,0,80,,58022,3,,,0,40,,58004,3,,,0,80,,58013,3,,,0,80,,58023,3,,,0,40,,58005,3,,,0,80,,58014,3,,,0,80,,58024,3,,,0,40,,58006,3,,,0,80,,58015,3,,,0,80,,58025,3,,,0,40,,58007,3,,,0,80,,58016,3,,,0,80,,58026,3,,,0,40,,58008,3,,,0,80,,58017,3,,,0,80,,58027,3,,,0,40,,58009,3,,,0,80,,58018,3,,,0,80,,58028,3,,,0,40,,58010,3,,,0,80,,58019,3,,,0,80,,58020,3,,,0
13801,'Weekday',447,,58045,3,,,0,70,,58053,3,,,0,30,,58029,3,,,0,69,,58035,3,,,0,30,,58046,3,,,0,70,,58054,3,,,0,16,,58067,3,,,0,15,,58030,3,,,0,70,,58036,3,,,0,30,,58047,3,,,0,70,,58055,3,,,0,32,,58031,3,,,0,70,,58037,3,,,0,30,,58048,3,,,0,70,,58056,3,,,0,30,,58032,3,,,0,70,,58038,3,,,0,30,,58049,3,,,0,70,,58057,3,,,0,30,,58033,3,,,0,70,,58039,3,,,0,30,,58050,3,,,0,71,,58058,3,,,0,32,,58034,3,,,0,70,,58040,3,,,0,30,,58051,3,,,0,72,,58059,3,,,0,27,,58041,3,,,0,69,,58052,3,,,0,29,,58062,3,,,0,70,,58042,3,,,0,30,,58065,3,,,0,70,,58060,3,,,0,30,,58063,3,,,0,70,,58043,3,,,0,30,,58066,3,,,0,70,,58061,3,,,0,30,,58064,3,,,0,70,,58044,3,,,0,30,,58068,3,,,0
13801,'1CCSDCUT-Weekday',447,,58085,3,,,0,70,,58093,3,,,0,30,,58069,3,,,0,69,,58075,3,,,0,30,,58086,3,,,0,70,,58094,3,,,0,16,,58107,3,,,0,15,,58070,3,,,0,70,,58076,3,,,0,30,,58087,3,,,0,70,,58095,3,,,0,32,,58071,3,,,0,70,,58077,3,,,0,30,,58088,3,,,0,70,,58096,3,,,0,30,,58072,3,,,0,70,,58078,3,,,0,30,,58089,3,,,0,70,,58097,3,,,0,30,,58073,3,,,0,70,,58079,3,,,0,30,,58090,3,,,0,71,,58098,3,,,0,32,,58074,3,,,0,70,,58080,3,,,0,30,,58091,3,,,0,72,,58099,3,,,0,27,,58081,3,,,0,69,,58092,3,,,0,29,,58102,3,,,0,70,,58082,3,,,0,30,,58105,3,,,0,70,,58100,3,,,0,30,,58103,3,,,0,70,,58083,3,,,0,30,,58106,3,,,0,70,,58101,3,,,0,30,,58104,3,,,0,70,,58084,3,,,0,30,,58108,3,,,0
77400,'Weekday',740,,68741,11,0,125 6 128 129,0
77400,'1CCSDCUT-Weekday',740,,68743,11,0,125 6 128 129,0
80100,'Weekday',815,,68869,3,0,127 128 129,0
80101,'Weekday',1548,,68871,5,0,127 128 129,0
81400,'Weekday',809,,68916,2,0,12 13 128 129,0
81401,'Weekday0000100',1456,,68918,9,0,12 13 128 129,0
81401,'Weekday1111000',1556,,68919,9,0,12 13 128 129,0
