6201,'Weekday',643,,41866,25,,,0,68,,41867,25,,,0,28,,41868,25,,,0
6201,'1CCSDCUT-Weekday',643,,41869,25,,,0,68,,41870,25,,,0,28,,41871,25,,,0
6201,'1PUBCUT-Weekday',643,,41872,25,,,0,68,,41873,25,,,0,28,,41874,25,,,0
6401,'Weekday',640,,41960,28,,,0,60,,41961,28,,,0,22,,41962,28,,,0,20,,41963,28,,,0,59,,41959,28,,,0
6401,'1CCSDCUT-Weekday',640,,41965,28,,,0,60,,41966,28,,,0,22,,41967,28,,,0,20,,41968,28,,,0,59,,41964,28,,,0
6401,'1PUBCUT-Weekday',640,,41970,28,,,0,60,,41971,28,,,0,22,,41972,28,,,0,20,,41973,28,,,0,59,,41969,28,,,0
10901,'Weekday',645,,53026,22,,,0,71,,53025,22,,,0,22,,53024,22,,,0
10901,'1CCSDCUT-Weekday',645,,53029,22,,,0,71,,53028,22,,,0,22,,53027,22,,,0
10901,'1PUBCUT-Weekday',645,,53032,22,,,0,71,,53031,22,,,0,22,,53030,22,,,0
11601,'Weekday',642,,54030,40,,,0,62,,54031,40,,,0,20,,54032,40,,,0,19,,54033,40,,,0
11601,'1CCSDCUT-Weekday',642,,54034,40,,,0,62,,54035,40,,,0,20,,54036,40,,,0,19,,54037,40,,,0
11601,'1PUBCUT-Weekday',642,,54038,40,,,0,62,,54039,40,,,0,20,,54040,40,,,0,19,,54041,40,,,0
14201,'Weekday',641,,58158,28,,,0,67,,58159,28,,,0,26,,58160,28,,,0
14201,'1CCSDCUT-Weekday',641,,58161,28,,,0,67,,58162,28,,,0,26,,58163,28,,,0
14201,'1PUBCUT-Weekday',641,,58164,28,,,0,67,,58165,28,,,0,26,,58166,28,,,0
