100,'CUT-Weekday',519,,1,,,0,16,,6,,,0,16,,11,,,0,58,,16,,,0,21,,21,,,0,21,,4,,,0,57,,9,,,0,17,,14,,,0,16,,18,,,0,16,,23,,,0,56,,25,,,0,16,,2,,,0,17,,7,,,0,55,,12,,,0,16,,15,,,0,15,,20,,,0,18,,28,,,0,59,,29,,,0,19,,30,,,0,19,,31,,,0,59,,32,,,0,19,,33,,,0,19,,34,,,0,59,,35,,,0,20,,36,,,0,19,,37,,,0,59,,38,,,0,19,,39,,,0,19,,40,,,0,19,,41,,,0,59,,42,,,0,19,,43,,,0,21,,44,,,0,63,,45,,,0,21,,46,,,0,60,,47,,,0,19,,48,,,0,16,,49,,,0,16,,50,,,0,56,,51,,,0,15,,19,,,0,16,,24,,,0,16,,26,,,0,53,,3,,,0,13,,8,,,0,12,,13,,,0,14,,17,,,0,8,,22,,,0,56,,27,,,0,16,,5,,,0,16,,10,,,0,61,,52,,,0,20,,53,,,0,21,,54,,,0,60,,55,,,0,20,,56,,,0,20,,57,,,0,60,,58,,,0,21,,59,,,0,21,,60,,,0,61,,61,,,0,21,,62,,,0,21,,63,,,0,61,,64,,,0,21,,65,,,0,21,,66,,,0,61,,67,,,0,21,,68,,,0
100,'Saturday',559,,70,,,0,65,,86,,,0,21,,101,,,0,75,,82,,,0,27,,95,,,0,66,,76,,,0,25,,69,,,0,65,,88,,,0,26,,102,,,0,25,,109,,,0,65,,84,,,0,25,,96,,,0,65,,78,,,0,25,,71,,,0,25,,90,,,0,65,,103,,,0,25,,108,,,0,65,,83,,,0,26,,98,,,0,66,,77,,,0,25,,72,,,0,25,,91,,,0,65,,104,,,0,25,,110,,,0,65,,85,,,0,25,,99,,,0,65,,79,,,0,25,,74,,,0,25,,92,,,0,65,,105,,,0,25,,112,,,0,65,,87,,,0,25,,97,,,0,25,,80,,,0,64,,73,,,0,24,,93,,,0,64,,106,,,0,25,,111,,,0,24,,89,,,0,63,,100,,,0,22,,81,,,0,65,,75,,,0,25,,94,,,0,21,,107,,,0,75,,113,,,0
100,'Sunday',559,,114,,,0,65,,132,,,0,21,,145,,,0,75,,127,,,0,27,,139,,,0,66,,121,,,0,25,,115,,,0,65,,136,,,0,26,,147,,,0,25,,153,,,0,65,,128,,,0,25,,141,,,0,65,,122,,,0,25,,116,,,0,25,,137,,,0,65,,148,,,0,25,,154,,,0,65,,129,,,0,26,,142,,,0,66,,123,,,0,25,,117,,,0,25,,135,,,0,65,,149,,,0,25,,155,,,0,65,,130,,,0,25,,143,,,0,65,,124,,,0,25,,119,,,0,25,,134,,,0,65,,150,,,0,25,,156,,,0,65,,131,,,0,25,,144,,,0,25,,126,,,0,64,,118,,,0,24,,138,,,0,64,,151,,,0,25,,157,,,0,24,,133,,,0,63,,146,,,0,22,,125,,,0,65,,120,,,0,25,,140,,,0,21,,152,,,0
100,'Weekday',519,,159,,,0,16,,164,,,0,16,,169,,,0,58,,174,,,0,21,,179,,,0,21,,162,,,0,57,,167,,,0,17,,172,,,0,16,,177,,,0,16,,181,,,0,56,,183,,,0,16,,160,,,0,17,,165,,,0,55,,170,,,0,16,,173,,,0,15,,178,,,0,18,,190,,,0,59,,191,,,0,19,,186,,,0,19,,187,,,0,59,,188,,,0,19,,192,,,0,19,,189,,,0,59,,193,,,0,20,,194,,,0,19,,195,,,0,59,,196,,,0,19,,197,,,0,19,,198,,,0,19,,199,,,0,59,,200,,,0,19,,201,,,0,21,,202,,,0,63,,203,,,0,21,,204,,,0,60,,205,,,0,19,,206,,,0,16,,207,,,0,16,,208,,,0,56,,209,,,0,15,,176,,,0,16,,182,,,0,16,,184,,,0,53,,161,,,0,13,,166,,,0,12,,171,,,0,14,,175,,,0,8,,180,,,0,56,,185,,,0,16,,163,,,0,16,,168,,,0,61,,210,,,0,20,,211,,,0,21,,212,,,0,60,,213,,,0,20,,214,,,0,20,,215,,,0,60,,216,,,0,21,,217,,,0,21,,218,,,0,61,,219,,,0,21,,220,,,0,21,,221,,,0,61,,222,,,0,21,,223,,,0,21,,224,,,0,61,,225,,,0,21,,226,,,0
100,'pBxDec31-Weekday',519,,227,,,0,16,,232,,,0,16,,237,,,0,58,,242,,,0,21,,247,,,0,21,,230,,,0,57,,235,,,0,17,,240,,,0,16,,244,,,0,16,,249,,,0,56,,251,,,0,16,,228,,,0,17,,233,,,0,55,,238,,,0,16,,241,,,0,15,,246,,,0,18,,255,,,0,59,,256,,,0,19,,257,,,0,19,,254,,,0,59,,258,,,0,19,,259,,,0,19,,260,,,0,59,,261,,,0,20,,262,,,0,19,,263,,,0,59,,264,,,0,19,,265,,,0,19,,266,,,0,19,,267,,,0,59,,268,,,0,19,,269,,,0,21,,270,,,0,63,,271,,,0,21,,272,,,0,60,,273,,,0,19,,274,,,0,16,,275,,,0,16,,276,,,0,56,,277,,,0,15,,245,,,0,16,,250,,,0,16,,252,,,0,53,,229,,,0,13,,234,,,0,12,,239,,,0,14,,243,,,0,8,,248,,,0,56,,253,,,0,16,,231,,,0,16,,236,,,0,61,,278,,,0,20,,279,,,0,21,,280,,,0,60,,281,,,0,20,,282,,,0,20,,283,,,0,60,,284,,,0,21,,285,,,0,21,,286,,,0,61,,287,,,0,21,,288,,,0,21,,289,,,0,61,,290,,,0,21,,291,,,0,7,,295,,,0,14,,292,,,0,51,,296,,,0,10,,293,,,0,21,,294,,,0,23,,297,,,0,75,,298,,,0,75,,299,,,0
10100,'CUT-Weekday',558,,27171,,,0,87,,27177,,,0,90,,27172,,,0,90,,27173,,,0,90,,27178,,,0,90,,27174,,,0,50,,27175,,,0,90,,27176,,,0,90,,27179,,,0,90,,27180,,,0,90,,27181,,,0,91,,27183,,,0,51,,27182,,,0,90,,27185,,,0,90,,27184,,,0,90,,27186,,,0,87,,27187,,,0,90,,27188,,,0,50,,27189,,,0,90,,27190,,,0
10100,'Saturday',920,,27199,,,0,90,,27200,,,0,90,,27197,,,0,50,,27201,,,0,90,,27202,,,0,90,,27193,,,0,90,,27194,,,0,90,,27195,,,0,90,,27192,,,0,50,,27196,,,0,90,,27198,,,0,90,,27191,,,0
10100,'Sunday',919,,27205,,,0,90,,27206,,,0,50,,27207,,,0,90,,27208,,,0,90,,27209,,,0,90,,27210,,,0,90,,27211,,,0,90,,27212,,,0,50,,27213,,,0,90,,27214,,,0,90,,27204,,,0,90,,27203,,,0
10100,'Weekday',558,,27215,,,0,87,,27221,,,0,90,,27216,,,0,90,,27217,,,0,90,,27222,,,0,90,,27218,,,0,50,,27219,,,0,90,,27220,,,0,90,,27223,,,0,90,,27224,,,0,90,,27225,,,0,91,,27227,,,0,51,,27226,,,0,90,,27229,,,0,90,,27228,,,0,90,,27230,,,0,87,,27231,,,0,90,,27232,,,0,50,,27233,,,0,90,,27234,,,0
10100,'pBxDec31-Weekday',558,,27235,,,0,87,,27241,,,0,90,,27236,,,0,90,,27237,,,0,90,,27242,,,0,90,,27238,,,0,50,,27239,,,0,90,,27240,,,0,90,,27243,,,0,90,,27244,,,0,90,,27245,,,0,91,,27247,,,0,51,,27246,,,0,90,,27249,,,0,90,,27248,,,0,90,,27250,,,0,87,,27251,,,0,90,,27252,,,0,50,,27253,,,0,90,,27254,,,0
30700,'CUT-Weekday',506,,42702,,,0,41,,42682,0,53 54,0,59,,42671,,,0,21,,42681,0,53 54,0,31,,42703,0,53 54,0,60,,42683,0,53 54,0,20,,42692,0,53 54,0,20,,42672,0,53 54,0,60,,42704,0,53 54,0,20,,42684,0,53 54,0,20,,42693,0,53 54,0,60,,42673,0,53 54,0,20,,42705,0,53 54,0,20,,42685,0,53 54,0,60,,42694,0,53 54,0,20,,42674,0,53 54,0,20,,42706,0,53 54,0,60,,42687,0,53 54,0,20,,42695,0,53 54,0,20,,42675,0,53 54,0,60,,42707,0,53 54,0,20,,42686,0,53 54,0,20,,42696,0,53 54,0,60,,42676,0,53 54,0,20,,42708,0,53 54,0,20,,42688,0,53 54,0,60,,42697,0,53 54,0,20,,42677,0,53 54,0,21,,42709,0,53 54,0,60,,42690,0,53 54,0,20,,42698,0,53 54,0,20,,42678,0,53 54,0,60,,42710,,,0,21,,42689,0,53 54,0,60,,42699,0,53 54,0,19,,42679,,,0,20,,42700,0,53 54,0,20,,42691,0,53 54,0,60,,42711,0,53 54,0,19,,42669,0,53 54,0,20,,42701,0,53 54,0,60,,42680,0,53 54,0,20,,42712,0,53 54,0,20,,42670,0,53 54,0,55,,42714,0,53 54,0,25,,42722,0,53 54,0,65,,42721,0,53 54,0,25,,42720,0,53 54,0,25,,42719,0,53 54,0,65,,42718,0,53 54,0,25,,42717,0,53 54,0,70,,42716,0,53 54,0,39,,42715,0,53 54,0,76,,42713,0,53 54,0
30700,'Saturday',622,,42723,0,53 54,0,20,,42736,0,53 54,0,60,,42749,0,53 54,0,20,,42762,0,53 54,0,20,,42724,0,53 54,0,60,,42738,0,53 54,0,20,,42750,0,53 54,0,20,,42763,0,53 54,0,60,,42725,0,53 54,0,20,,42737,0,53 54,0,20,,42751,0,53 54,0,60,,42764,0,53 54,0,20,,42726,0,53 54,0,20,,42739,0,53 54,0,60,,42752,0,53 54,0,20,,42766,0,53 54,0,20,,42727,0,53 54,0,60,,42740,0,53 54,0,20,,42753,0,53 54,0,20,,42765,0,53 54,0,61,,42728,0,53 54,0,21,,42741,0,53 54,0,20,,42754,0,53 54,0,60,,42767,0,53 54,0,20,,42729,0,53 54,0,20,,42743,0,53 54,0,60,,42755,0,53 54,0,20,,42768,0,53 54,0,20,,42730,0,53 54,0,60,,42742,0,53 54,0,20,,42756,0,53 54,0,20,,42769,0,53 54,0,60,,42731,0,53 54,0,20,,42744,0,53 54,0,20,,42757,0,53 54,0,60,,42770,0,53 54,0,20,,42732,0,53 54,0,20,,42745,0,53 54,0,60,,42758,0,53 54,0,20,,42771,0,53 54,0,19,,42733,0,53 54,0,60,,42747,0,53 54,0,20,,42759,0,53 54,0,20,,42772,0,53 54,0,59,,42734,0,53 54,0,20,,42746,0,53 54,0,30,,42760,0,53 54,0,60,,42773,0,53 54,0,20,,42735,0,53 54,0,20,,42748,0,53 54,0,60,,42761,0,53 54,0
30700,'Sunday',622,,42776,0,53 54,0,20,,42788,0,53 54,0,60,,42800,0,53 54,0,20,,42812,0,53 54,0,20,,42774,0,53 54,0,60,,42787,0,53 54,0,20,,42801,0,53 54,0,20,,42813,0,53 54,0,60,,42775,0,53 54,0,20,,42789,0,53 54,0,20,,42802,0,53 54,0,60,,42815,0,53 54,0,20,,42777,0,53 54,0,20,,42790,0,53 54,0,60,,42804,0,53 54,0,20,,42816,0,53 54,0,20,,42778,0,53 54,0,60,,42791,0,53 54,0,20,,42803,0,53 54,0,20,,42817,0,53 54,0,61,,42780,0,53 54,0,21,,42792,0,53 54,0,20,,42805,0,53 54,0,60,,42818,0,53 54,0,20,,42779,0,53 54,0,20,,42793,0,53 54,0,60,,42806,0,53 54,0,20,,42819,0,53 54,0,20,,42781,0,53 54,0,60,,42794,0,53 54,0,20,,42807,0,53 54,0,20,,42820,0,53 54,0,60,,42782,0,53 54,0,20,,42795,0,53 54,0,20,,42808,0,53 54,0,60,,42821,0,53 54,0,20,,42783,0,53 54,0,20,,42796,0,53 54,0,60,,42809,0,53 54,0,20,,42822,0,53 54,0,19,,42784,0,53 54,0,60,,42797,0,53 54,0,20,,42810,0,53 54,0,20,,42823,0,53 54,0,59,,42785,0,53 54,0,20,,42798,0,53 54,0,30,,42811,0,53 54,0,60,,42824,0,53 54,0,20,,42786,0,53 54,0,20,,42799,0,53 54,0,60,,42814,0,53 54,0
30700,'Weekday',506,,42858,,,0,41,,42838,0,53 54,0,59,,42827,,,0,21,,42837,0,53 54,0,31,,42859,0,53 54,0,60,,42839,0,53 54,0,20,,42848,0,53 54,0,20,,42828,0,53 54,0,60,,42860,0,53 54,0,20,,42840,0,53 54,0,20,,42849,0,53 54,0,60,,42829,0,53 54,0,20,,42861,0,53 54,0,20,,42841,0,53 54,0,60,,42850,0,53 54,0,20,,42830,0,53 54,0,20,,42862,0,53 54,0,60,,42843,0,53 54,0,20,,42851,0,53 54,0,20,,42831,0,53 54,0,60,,42863,0,53 54,0,20,,42842,0,53 54,0,20,,42852,0,53 54,0,60,,42832,0,53 54,0,20,,42864,0,53 54,0,20,,42844,0,53 54,0,60,,42853,0,53 54,0,20,,42833,0,53 54,0,21,,42865,0,53 54,0,60,,42846,0,53 54,0,20,,42854,0,53 54,0,20,,42834,0,53 54,0,60,,42866,,,0,21,,42845,0,53 54,0,60,,42855,0,53 54,0,19,,42835,,,0,20,,42856,0,53 54,0,20,,42847,0,53 54,0,60,,42867,0,53 54,0,19,,42825,0,53 54,0,20,,42857,0,53 54,0,60,,42836,0,53 54,0,20,,42868,0,53 54,0,20,,42826,0,53 54,0,55,,42870,0,53 54,0,25,,42878,0,53 54,0,65,,42877,0,53 54,0,25,,42876,0,53 54,0,25,,42875,0,53 54,0,65,,42874,0,53 54,0,25,,42873,0,53 54,0,70,,42872,0,53 54,0,39,,42871,0,53 54,0,76,,42869,0,53 54,0
30700,'pBxDec31-Weekday',506,,42912,,,0,41,,42892,0,53 54,0,59,,42881,,,0,21,,42891,0,53 54,0,31,,42913,0,53 54,0,60,,42893,0,53 54,0,20,,42902,0,53 54,0,20,,42882,0,53 54,0,60,,42914,0,53 54,0,20,,42894,0,53 54,0,20,,42903,0,53 54,0,60,,42883,0,53 54,0,20,,42915,0,53 54,0,20,,42895,0,53 54,0,60,,42904,0,53 54,0,20,,42884,0,53 54,0,20,,42916,0,53 54,0,60,,42897,0,53 54,0,20,,42905,0,53 54,0,20,,42885,0,53 54,0,60,,42917,0,53 54,0,20,,42896,0,53 54,0,20,,42906,0,53 54,0,60,,42886,0,53 54,0,20,,42918,0,53 54,0,20,,42898,0,53 54,0,60,,42907,0,53 54,0,20,,42887,0,53 54,0,21,,42919,0,53 54,0,60,,42900,0,53 54,0,20,,42908,0,53 54,0,20,,42888,0,53 54,0,60,,42920,,,0,21,,42899,0,53 54,0,60,,42909,0,53 54,0,19,,42890,,,0,20,,42910,0,53 54,0,20,,42901,0,53 54,0,60,,42921,0,53 54,0,19,,42879,0,53 54,0,20,,42911,0,53 54,0,60,,42889,0,53 54,0,20,,42922,0,53 54,0,20,,42880,0,53 54,0,55,,42924,0,53 54,0,25,,42932,0,53 54,0,65,,42931,0,53 54,0,25,,42930,0,53 54,0,25,,42929,0,53 54,0,65,,42928,0,53 54,0,25,,42927,0,53 54,0,70,,42926,0,53 54,0,39,,42925,0,53 54,0,55,,42933,0,53 54,0,21,,42923,0,53 54,0,20,,42934,0,53 54,0,75,,42935,0,53 54,0,35,,42936,0,53 54,0,75,,42937,0,53 54,0,74,,42938,0,53 54,0
