9300,'Saturday',545,,49056,23,,,0,80,,49050,35,,,0,80,,49059,35,,,0,40,,49060,35,,,0,80,,49057,35,,,0,80,,49058,35,,,0,40,,49061,35,,,0,80,,49062,35,,,0,80,,49063,35,,,0,40,,49064,35,,,0,80,,49065,35,,,0,80,,49067,35,,,0,40,,49068,35,,,0,80,,49069,35,,,0,80,,49066,35,,,0,40,,49071,35,,,0,80,,49072,35,,,0,80,,49073,35,,,0,40,,49070,35,,,0,80,,49074,35,,,0,80,,49075,35,,,0,40,,49076,35,,,0,80,,49053,35,,,0,80,,49054,35,,,0,40,,49052,35,,,0,80,,49055,35,,,0
9300,'Sunday',545,,49077,23,,,0,80,,49079,35,,,0,80,,49078,35,,,0,40,,49080,35,,,0,80,,49095,35,,,0,80,,49085,35,,,0,40,,49086,35,,,0,80,,49093,35,,,0,80,,49091,35,,,0,40,,49092,35,,,0,80,,49089,35,,,0,80,,49096,35,,,0,40,,49094,35,,,0,80,,49097,35,,,0,80,,49087,35,,,0,40,,49088,35,,,0,80,,49098,35,,,0,80,,49099,35,,,0,40,,49100,35,,,0,80,,49090,35,,,0,80,,49101,35,,,0,40,,49102,35,,,0,80,,49083,35,,,0,80,,49084,35,,,0,40,,49081,35,,,0,80,,49082,35,,,0
9300,'Weekday',520,,49135,23,,,0,30,,49136,35,,,0,70,,49112,35,,,0,30,,49106,35,,,0,70,,49108,35,,,0,30,,49109,35,,,0,70,,49110,35,,,0,30,,49107,35,,,0,70,,49141,35,,,0,30,,49111,35,,,0,70,,49118,35,,,0,30,,49131,35,,,0,70,,49128,35,,,0,30,,49126,35,,,0,70,,49120,35,,,0,30,,49132,35,,,0,70,,49129,35,,,0,30,,49127,35,,,0,70,,49119,35,,,0,30,,49133,35,,,0,70,,49130,35,,,0,30,,49104,35,,,0,70,,49113,35,,,0,30,,49114,35,,,0,70,,49117,35,,,0,30,,49105,35,,,0,70,,49115,35,,,0,30,,49116,35,,,0,70,,49137,35,,,0,30,,49138,35,,,0,70,,49122,35,,,0,30,,49121,35,,,0,70,,49134,35,,,0,26,,49139,35,,,0,74,,49124,35,,,0,80,,49123,35,,,0,40,,49140,35,,,0,80,,49143,35,,,0,80,,49142,35,,,0
9300,'1CCSDCUT-Weekday',520,,49175,23,,,0,30,,49176,35,,,0,70,,49152,35,,,0,30,,49146,35,,,0,70,,49148,35,,,0,30,,49149,35,,,0,70,,49150,35,,,0,30,,49147,35,,,0,70,,49181,35,,,0,30,,49151,35,,,0,70,,49158,35,,,0,30,,49171,35,,,0,70,,49168,35,,,0,30,,49166,35,,,0,70,,49160,35,,,0,30,,49172,35,,,0,70,,49169,35,,,0,30,,49167,35,,,0,70,,49159,35,,,0,30,,49173,35,,,0,70,,49170,35,,,0,30,,49144,35,,,0,70,,49153,35,,,0,30,,49154,35,,,0,70,,49157,35,,,0,30,,49145,35,,,0,70,,49155,35,,,0,30,,49156,35,,,0,70,,49177,35,,,0,30,,49178,35,,,0,70,,49162,35,,,0,30,,49161,35,,,0,70,,49174,35,,,0,26,,49179,35,,,0,74,,49164,35,,,0,80,,49163,35,,,0,40,,49180,35,,,0,80,,49183,35,,,0,80,,49182,35,,,0
9300,'1PUBCUT-Weekday',520,,49215,23,,,0,30,,49216,35,,,0,70,,49192,35,,,0,30,,49186,35,,,0,70,,49188,35,,,0,30,,49189,35,,,0,70,,49190,35,,,0,30,,49187,35,,,0,70,,49221,35,,,0,30,,49191,35,,,0,70,,49198,35,,,0,30,,49211,35,,,0,70,,49208,35,,,0,30,,49206,35,,,0,70,,49200,35,,,0,30,,49212,35,,,0,70,,49209,35,,,0,30,,49207,35,,,0,70,,49199,35,,,0,30,,49213,35,,,0,70,,49210,35,,,0,30,,49184,35,,,0,70,,49193,35,,,0,30,,49194,35,,,0,70,,49197,35,,,0,30,,49185,35,,,0,70,,49195,35,,,0,30,,49196,35,,,0,70,,49217,35,,,0,30,,49218,35,,,0,70,,49202,35,,,0,30,,49201,35,,,0,70,,49214,35,,,0,26,,49219,35,,,0,74,,49204,35,,,0,80,,49203,35,,,0,40,,49220,35,,,0,80,,49223,35,,,0,80,,49222,35,,,0
69900,'Weekday0000100',1402,,68339,15,0,115 116,0,40,,68338,15,0,115 116,0
69900,'Weekday1111000',1554,,68340,15,0,115 116,0
69900,'1CCSDCUT-Weekday0000100',1402,,68342,15,0,115 116,0,40,,68341,15,0,115 116,0
69900,'1CCSDCUT-Weekday1111000',1554,,68343,15,0,115 116,0
69900,'1PUBCUT-Weekday0000100',1402,,68345,15,0,115 116,0,40,,68344,15,0,115 116,0
69900,'1PUBCUT-Weekday1111000',1554,,68346,15,0,115 116,0
