9201,'Saturday',657,,48920,19,,,0,85,,48906,19,,,0,85,,48910,19,,,0,86,,48915,19,,,0,87,,48921,19,,,0,45,,48905,19,,,0,85,,48911,19,,,0,85,,48916,19,,,0,85,,48922,19,,,0,45,,48907,19,,,0,85,,48912,19,,,0,85,,48917,19,,,0,85,,48923,19,,,0,46,,48908,19,,,0,83,,48914,19,,,0,85,,48918,19,,,0,45,,48924,19,,,0,85,,48909,19,,,0,85,,48913,19,,,0,83,,48919,19,,,0,42,,48925,19,,,0,85,,48926,19,,,0
9201,'Sunday',658,,48942,19,,,0,85,,48927,19,,,0,85,,48932,19,,,0,85,,48937,19,,,0,45,,48943,19,,,0,85,,48928,19,,,0,87,,48933,19,,,0,85,,48939,19,,,0,85,,48944,19,,,0,45,,48930,19,,,0,85,,48934,19,,,0,85,,48938,19,,,0,85,,48945,19,,,0,45,,48929,19,,,0,85,,48935,19,,,0,84,,48940,19,,,0,44,,48946,19,,,0,85,,48931,19,,,0,85,,48936,19,,,0,85,,48941,19,,,0,42,,48947,19,,,0
9201,'Weekday',533,,48953,19,,,0,71,,48959,19,,,0,32,,48977,19,,,0,73,,48965,19,,,0,30,,48981,19,,,0,70,,48969,19,,,0,31,,48954,19,,,0,73,,48960,19,,,0,30,,48978,19,,,0,71,,48966,19,,,0,31,,48973,19,,,0,71,,48970,19,,,0,31,,48955,19,,,0,71,,48961,19,,,0,31,,48979,19,,,0,71,,48967,19,,,0,31,,48964,19,,,0,71,,48971,19,,,0,31,,48956,19,,,0,71,,48962,19,,,0,30,,48980,19,,,0,71,,48968,19,,,0,31,,48958,19,,,0,71,,48972,19,,,0,31,,48957,19,,,0,71,,48963,19,,,0,29,,48948,19,,,0,83,,48950,19,,,0,85,,48975,19,,,0,84,,48974,19,,,0,44,,48949,19,,,0,85,,48951,19,,,0,85,,48976,19,,,0,81,,48952,19,,,0
9201,'1CCSDCUT-Weekday',533,,48987,19,,,0,71,,48993,19,,,0,32,,49011,19,,,0,73,,48999,19,,,0,30,,49015,19,,,0,70,,49003,19,,,0,31,,48988,19,,,0,73,,48994,19,,,0,30,,49012,19,,,0,71,,49000,19,,,0,31,,49007,19,,,0,71,,49004,19,,,0,31,,48989,19,,,0,71,,48995,19,,,0,31,,49013,19,,,0,71,,49001,19,,,0,31,,48998,19,,,0,71,,49005,19,,,0,31,,48990,19,,,0,71,,48996,19,,,0,30,,49014,19,,,0,71,,49002,19,,,0,31,,48992,19,,,0,71,,49006,19,,,0,31,,48991,19,,,0,71,,48997,19,,,0,29,,48982,19,,,0,83,,48984,19,,,0,85,,49009,19,,,0,84,,49008,19,,,0,44,,48983,19,,,0,85,,48985,19,,,0,85,,49010,19,,,0,81,,48986,19,,,0
11701,'Weekday',1651,,54053,9,,,0
11701,'1CCSDCUT-Weekday',1651,,54056,9,,,0
15101,'Weekday',1706,,59587,9,,,0
15101,'1CCSDCUT-Weekday',1706,,59589,9,,,0
71701,'Weekday0000100',1433,,68456,2,0,29 1 132,0
71701,'Weekday1111000',1558,,68457,2,0,29 1 132,0
71701,'1CCSDCUT-Weekday0000100',1433,,68458,2,0,29 1 132,0
71701,'1CCSDCUT-Weekday1111000',1558,,68459,2,0,29 1 132,0
