4000,'Saturday',759,,36509,3,,,0,75,,36510,3,,,0,75,,36508,3,,,0,35,,36511,3,,,0,75,,36512,3,,,0,35,,36513,3,,,0,75,,36514,3,,,0,75,,36515,3,,,0,35,,36518,3,,,0,75,,36519,3,,,0,35,,36516,3,,,0,75,,36517,3,,,0,35,,36520,3,,,0,75,,36521,3,,,0,75,,36522,3,,,0,35,,36523,3,,,0,75,,36524,3,,,0,35,,36525,3,,,0,75,,36526,3,,,0
4000,'Sunday',759,,36527,3,,,0,75,,36528,3,,,0,75,,36530,3,,,0,35,,36531,3,,,0,75,,36532,3,,,0,35,,36529,3,,,0,75,,36533,3,,,0,75,,36534,3,,,0,35,,36535,3,,,0,75,,36536,3,,,0,35,,36537,3,,,0,75,,36539,3,,,0,35,,36540,3,,,0,75,,36541,3,,,0,75,,36538,3,,,0,35,,36542,3,,,0,75,,36543,3,,,0,35,,36544,3,,,0,75,,36545,3,,,0
4000,'Weekday',610,,36562,3,,,0,35,,36556,3,,,0,75,,36569,3,,,0,35,,36563,3,,,0,75,,36557,3,,,0,75,,36570,3,,,0,35,,36564,3,,,0,75,,36558,3,,,0,35,,36571,3,,,0,75,,36565,3,,,0,75,,36559,3,,,0,35,,36572,3,,,0,75,,36566,3,,,0,35,,36560,3,,,0,76,,36573,3,,,0,36,,36567,3,,,0,78,,36561,3,,,0,78,,36574,3,,,0,38,,36568,3,,,0,78,,36546,3,,,0,73,,36553,3,,,0,34,,36550,3,,,0,72,,36547,3,,,0,32,,36554,3,,,0,73,,36551,3,,,0,34,,36548,3,,,0,75,,36555,3,,,0,35,,36552,3,,,0,71,,36549,3,,,0
4000,'1CCSDCUT-Weekday',610,,36591,3,,,0,35,,36585,3,,,0,75,,36598,3,,,0,35,,36592,3,,,0,75,,36586,3,,,0,75,,36599,3,,,0,35,,36593,3,,,0,75,,36587,3,,,0,35,,36600,3,,,0,75,,36594,3,,,0,75,,36588,3,,,0,35,,36601,3,,,0,75,,36595,3,,,0,35,,36589,3,,,0,76,,36602,3,,,0,36,,36596,3,,,0,78,,36590,3,,,0,78,,36603,3,,,0,38,,36597,3,,,0,78,,36575,3,,,0,73,,36582,3,,,0,34,,36579,3,,,0,72,,36576,3,,,0,32,,36583,3,,,0,73,,36580,3,,,0,34,,36577,3,,,0,75,,36584,3,,,0,35,,36581,3,,,0,71,,36578,3,,,0
9700,'Saturday',608,,50049,3,,,0,30,,50023,3,,,0,80,,50040,3,,,0,40,,50033,3,,,0,80,,50024,3,,,0,80,,50041,3,,,0,40,,50032,3,,,0,80,,50025,3,,,0,80,,50042,3,,,0,40,,50034,3,,,0,81,,50026,3,,,0,80,,50043,3,,,0,40,,50035,3,,,0,80,,50027,3,,,0,80,,50044,3,,,0,40,,50036,3,,,0,80,,50028,3,,,0,80,,50045,3,,,0,40,,50037,3,,,0,80,,50029,3,,,0,80,,50046,3,,,0,40,,50038,3,,,0,80,,50030,3,,,0,80,,50047,3,,,0,40,,50039,3,,,0,80,,50031,3,,,0,80,,50048,3,,,0
9700,'Sunday',608,,50076,3,,,0,30,,50050,3,,,0,80,,50067,3,,,0,40,,50059,3,,,0,80,,50051,3,,,0,80,,50068,3,,,0,40,,50060,3,,,0,80,,50052,3,,,0,80,,50069,3,,,0,40,,50061,3,,,0,81,,50054,3,,,0,80,,50070,3,,,0,40,,50062,3,,,0,80,,50053,3,,,0,80,,50071,3,,,0,40,,50063,3,,,0,80,,50055,3,,,0,80,,50072,3,,,0,40,,50064,3,,,0,80,,50056,3,,,0,80,,50073,3,,,0,40,,50065,3,,,0,80,,50057,3,,,0,80,,50074,3,,,0,40,,50066,3,,,0,80,,50058,3,,,0,80,,50075,3,,,0
9700,'Weekday',532,,50089,3,,,0,26,,50077,3,,,0,70,,50096,3,,,0,30,,50108,3,,,0,70,,50090,3,,,0,30,,50078,3,,,0,70,,50097,3,,,0,30,,50109,3,,,0,70,,50091,3,,,0,30,,50079,3,,,0,70,,50098,3,,,0,30,,50110,3,,,0,70,,50092,3,,,0,30,,50080,3,,,0,70,,50099,3,,,0,30,,50111,3,,,0,70,,50093,3,,,0,30,,50081,3,,,0,70,,50100,3,,,0,30,,50112,3,,,0,70,,50094,3,,,0,30,,50082,3,,,0,70,,50101,3,,,0,30,,50113,3,,,0,70,,50095,3,,,0,30,,50083,3,,,0,70,,50102,3,,,0,30,,50084,3,,,0,70,,50103,3,,,0,30,,50085,3,,,0,70,,50104,3,,,0,30,,50087,3,,,0,70,,50105,3,,,0,30,,50086,3,,,0,70,,50106,3,,,0,30,,50088,3,,,0,66,,50107,3,,,0
9700,'1CCSDCUT-Weekday',532,,50126,3,,,0,26,,50114,3,,,0,70,,50133,3,,,0,30,,50145,3,,,0,70,,50127,3,,,0,30,,50115,3,,,0,70,,50134,3,,,0,30,,50146,3,,,0,70,,50128,3,,,0,30,,50116,3,,,0,70,,50135,3,,,0,30,,50147,3,,,0,70,,50129,3,,,0,30,,50117,3,,,0,70,,50136,3,,,0,30,,50148,3,,,0,70,,50130,3,,,0,30,,50118,3,,,0,70,,50137,3,,,0,30,,50149,3,,,0,70,,50131,3,,,0,30,,50119,3,,,0,70,,50138,3,,,0,30,,50150,3,,,0,70,,50132,3,,,0,30,,50120,3,,,0,70,,50139,3,,,0,30,,50121,3,,,0,70,,50140,3,,,0,30,,50122,3,,,0,70,,50141,3,,,0,30,,50124,3,,,0,70,,50142,3,,,0,30,,50123,3,,,0,70,,50143,3,,,0,30,,50125,3,,,0,66,,50144,3,,,0
11300,'Weekday',542,,53324,3,,,0,70,,53316,3,,,0,32,,53326,3,,,0,72,,53317,3,,,0,32,,53327,3,,,0,72,,53318,3,,,0,32,,53328,3,,,0,72,,53319,3,,,0,32,,53329,3,,,0,72,,53320,3,,,0,72,,53330,3,,,0,32,,53321,3,,,0,72,,53331,3,,,0,32,,53322,3,,,0,72,,53332,3,,,0,32,,53323,3,,,0,72,,53333,3,,,0,32,,53325,3,,,0,72,,53334,3,,,0,32,,53342,3,,,0,72,,53335,3,,,0,32,,53343,3,,,0,72,,53336,3,,,0,32,,53344,3,,,0,72,,53337,3,,,0,72,,53345,3,,,0,32,,53338,3,,,0,72,,53346,3,,,0,32,,53339,3,,,0,72,,53347,3,,,0,32,,53340,3,,,0,72,,53348,3,,,0,32,,53341,3,,,0,72,,53349,3,,,0
11300,'1CCSDCUT-Weekday',542,,53358,3,,,0,70,,53350,3,,,0,32,,53360,3,,,0,72,,53351,3,,,0,32,,53361,3,,,0,72,,53352,3,,,0,32,,53362,3,,,0,72,,53353,3,,,0,32,,53363,3,,,0,72,,53354,3,,,0,72,,53364,3,,,0,32,,53355,3,,,0,72,,53365,3,,,0,32,,53356,3,,,0,72,,53366,3,,,0,32,,53357,3,,,0,72,,53367,3,,,0,32,,53359,3,,,0,72,,53368,3,,,0,32,,53376,3,,,0,72,,53369,3,,,0,32,,53377,3,,,0,72,,53370,3,,,0,32,,53378,3,,,0,72,,53371,3,,,0,72,,53379,3,,,0,32,,53372,3,,,0,72,,53380,3,,,0,32,,53373,3,,,0,72,,53381,3,,,0,32,,53374,3,,,0,72,,53382,3,,,0,32,,53375,3,,,0,72,,53383,3,,,0
81500,'Weekday',822,,68922,21,0,12 13 146 147,0
