6801,'Saturday',645,,43248,28,0,52 12 53,0,95,,43225,28,0,52 12 53,0,80,,43226,28,0,52 12 53,0,80,,43231,28,0,52 12 53,0,40,,43232,28,0,52 12 53,0,80,,43227,28,0,52 12 53,0,80,,43228,28,0,52 12 53,0,40,,43229,28,0,52 12 53,0,80,,43233,28,0,52 12 53,0,80,,43230,28,0,52 12 53,0,40,,43234,28,0,52 12 53,0,80,,43236,28,0,52 12 53,0,80,,43238,28,0,52 12 53,0,40,,43235,28,0,52 12 53,0,80,,43239,28,0,52 12 53,0,80,,43237,28,0,52 12 53,0,40,,43240,28,0,52 12 53,0,80,,43241,28,0,52 12 53,0,80,,43242,28,0,52 12 53,0,40,,43243,28,0,52 12 53,0,80,,43244,28,0,52 12 53,0,80,,43245,28,0,52 12 53,0,40,,43246,28,0,52 12 53,0,80,,43247,28,0,52 12 53,0
6801,'Sunday',645,,43272,28,0,52 12 53,0,95,,43249,28,0,52 12 53,0,80,,43261,28,0,52 12 53,0,80,,43250,28,0,52 12 53,0,40,,43263,28,0,52 12 53,0,80,,43251,28,0,52 12 53,0,80,,43262,28,0,52 12 53,0,40,,43252,28,0,52 12 53,0,80,,43264,28,0,52 12 53,0,80,,43253,28,0,52 12 53,0,40,,43265,28,0,52 12 53,0,80,,43254,28,0,52 12 53,0,80,,43266,28,0,52 12 53,0,40,,43255,28,0,52 12 53,0,80,,43267,28,0,52 12 53,0,80,,43256,28,0,52 12 53,0,40,,43268,28,0,52 12 53,0,80,,43257,28,0,52 12 53,0,80,,43269,28,0,52 12 53,0,40,,43258,28,0,52 12 53,0,80,,43270,28,0,52 12 53,0,80,,43259,28,0,52 12 53,0,40,,43271,28,0,52 12 53,0,80,,43260,28,0,52 12 53,0
6801,'Weekday',618,,43280,28,0,52 12 53,0,27,,43275,28,0,52 12 53,0,67,,43298,28,0,52 12 53,0,26,,43276,28,0,52 12 53,0,69,,43278,28,0,52 12 53,0,28,,43274,28,0,52 12 53,0,67,,43299,28,0,52 12 53,0,25,,43273,28,0,52 12 53,0,80,,43284,28,0,52 12 53,0,40,,43285,28,0,52 12 53,0,80,,43286,28,0,52 12 53,0,80,,43287,28,0,52 12 53,0,41,,43288,28,0,52 12 53,0,81,,43289,28,0,52 12 53,0,80,,43290,28,0,52 12 53,0,40,,43291,28,0,52 12 53,0,80,,43282,28,0,52 12 53,0,28,,43300,28,0,52 12 53,0,67,,43283,28,0,52 12 53,0,27,,43277,28,0,52 12 53,0,67,,43301,28,0,52 12 53,0,27,,43281,28,0,52 12 53,0,66,,43279,28,0,52 12 53,0,27,,43302,28,0,52 12 53,0,80,,43293,28,0,52 12 53,0,40,,43294,28,0,52 12 53,0,80,,43295,28,0,52 12 53,0,80,,43292,28,0,52 12 53,0,40,,43296,28,0,52 12 53,0,80,,43297,28,0,52 12 53,0
6801,'1CCSDCUT-Weekday',618,,43310,28,0,52 12 53,0,27,,43305,28,0,52 12 53,0,67,,43328,28,0,52 12 53,0,26,,43306,28,0,52 12 53,0,69,,43308,28,0,52 12 53,0,28,,43304,28,0,52 12 53,0,67,,43329,28,0,52 12 53,0,25,,43303,28,0,52 12 53,0,80,,43314,28,0,52 12 53,0,40,,43315,28,0,52 12 53,0,80,,43316,28,0,52 12 53,0,80,,43317,28,0,52 12 53,0,41,,43318,28,0,52 12 53,0,81,,43319,28,0,52 12 53,0,80,,43320,28,0,52 12 53,0,40,,43321,28,0,52 12 53,0,80,,43312,28,0,52 12 53,0,28,,43330,28,0,52 12 53,0,67,,43313,28,0,52 12 53,0,27,,43307,28,0,52 12 53,0,67,,43331,28,0,52 12 53,0,27,,43311,28,0,52 12 53,0,66,,43309,28,0,52 12 53,0,27,,43332,28,0,52 12 53,0,80,,43323,28,0,52 12 53,0,40,,43324,28,0,52 12 53,0,80,,43325,28,0,52 12 53,0,80,,43322,28,0,52 12 53,0,40,,43326,28,0,52 12 53,0,80,,43327,28,0,52 12 53,0
8701,'Saturday',608,,47452,9,,,0,30,,47473,9,,,0,70,,47461,9,,,0,30,,47453,9,,,0,70,,47474,9,,,0,31,,47462,9,,,0,70,,47454,9,,,0,30,,47475,9,,,0,70,,47463,9,,,0,30,,47455,9,,,0,70,,47476,9,,,0,30,,47464,9,,,0,70,,47456,9,,,0,30,,47477,9,,,0,70,,47465,9,,,0,30,,47457,9,,,0,70,,47478,9,,,0,30,,47467,9,,,0,70,,47458,9,,,0,30,,47479,9,,,0,70,,47466,9,,,0,30,,47459,9,,,0,70,,47480,9,,,0,30,,47469,9,,,0,70,,47460,9,,,0,30,,47468,9,,,0,70,,47481,9,,,0,30,,47486,9,,,0,70,,47470,9,,,0,30,,47482,9,,,0,70,,47485,9,,,0,30,,47471,9,,,0,70,,47483,9,,,0,30,,47487,9,,,0,70,,47472,9,,,0,30,,47484,9,,,0,70,,47488,9,,,0
8701,'Sunday',608,,47489,9,,,0,30,,47514,9,,,0,70,,47502,9,,,0,30,,47490,9,,,0,70,,47515,9,,,0,31,,47503,9,,,0,70,,47491,9,,,0,30,,47516,9,,,0,70,,47504,9,,,0,30,,47492,9,,,0,70,,47517,9,,,0,30,,47505,9,,,0,70,,47493,9,,,0,30,,47518,9,,,0,70,,47507,9,,,0,30,,47494,9,,,0,70,,47519,9,,,0,30,,47506,9,,,0,70,,47495,9,,,0,30,,47520,9,,,0,70,,47508,9,,,0,30,,47496,9,,,0,70,,47521,9,,,0,30,,47509,9,,,0,70,,47497,9,,,0,30,,47522,9,,,0,70,,47510,9,,,0,30,,47498,9,,,0,70,,47523,9,,,0,30,,47511,9,,,0,70,,47499,9,,,0,30,,47524,9,,,0,70,,47512,9,,,0,30,,47500,9,,,0,70,,47525,9,,,0,30,,47513,9,,,0,70,,47501,9,,,0
8701,'Weekday',506,,47549,9,,,0,30,,47526,9,,,0,70,,47550,9,,,0,30,,47527,9,,,0,70,,47551,9,,,0,30,,47553,9,,,0,71,,47528,9,,,0,12,,47565,9,,,0,18,,47552,9,,,0,70,,47554,9,,,0,30,,47529,9,,,0,70,,47539,9,,,0,30,,47555,9,,,0,70,,47531,9,,,0,30,,47540,9,,,0,70,,47556,9,,,0,30,,47532,9,,,0,70,,47541,9,,,0,30,,47557,9,,,0,70,,47530,9,,,0,30,,47542,9,,,0,74,,47558,9,,,0,31,,47533,9,,,0,71,,47543,9,,,0,31,,47559,9,,,0,72,,47534,9,,,0,30,,47544,9,,,0,71,,47560,9,,,0,32,,47535,9,,,0,69,,47545,9,,,0,30,,47562,9,,,0,70,,47536,9,,,0,30,,47546,9,,,0,69,,47561,9,,,0,28,,47537,9,,,0,68,,47547,9,,,0,28,,47563,9,,,0,69,,47538,9,,,0,28,,47548,9,,,0,69,,47564,9,,,0
8701,'Weekday0000100',1450,,47566,9,,,0
8701,'Weekday1111000',1603,,47567,9,,,0
8701,'1CCSDCUT-Weekday',506,,47591,9,,,0,30,,47568,9,,,0,70,,47592,9,,,0,30,,47569,9,,,0,70,,47593,9,,,0,30,,47595,9,,,0,71,,47570,9,,,0,12,,47607,9,,,0,18,,47594,9,,,0,70,,47596,9,,,0,30,,47571,9,,,0,70,,47581,9,,,0,30,,47597,9,,,0,70,,47573,9,,,0,30,,47582,9,,,0,70,,47598,9,,,0,30,,47574,9,,,0,70,,47583,9,,,0,30,,47599,9,,,0,70,,47572,9,,,0,30,,47584,9,,,0,74,,47600,9,,,0,31,,47575,9,,,0,71,,47585,9,,,0,31,,47601,9,,,0,72,,47576,9,,,0,30,,47586,9,,,0,71,,47602,9,,,0,32,,47577,9,,,0,69,,47587,9,,,0,30,,47604,9,,,0,70,,47578,9,,,0,30,,47588,9,,,0,69,,47603,9,,,0,28,,47579,9,,,0,68,,47589,9,,,0,28,,47605,9,,,0,69,,47580,9,,,0,28,,47590,9,,,0,69,,47606,9,,,0
8701,'1CCSDCUT-Weekday0000100',1450,,47608,9,,,0
8701,'1CCSDCUT-Weekday1111000',1603,,47609,9,,,0
