15400,'Saturday',646,,60102,16,,,0,85,,60106,16,,,0,85,,60104,16,,,0,85,,60105,16,,,0,45,,60107,16,,,0,85,,60108,16,,,0,85,,60110,16,,,0,85,,60112,16,,,0,46,,60113,16,,,0,85,,60114,16,,,0,85,,60111,16,,,0,85,,60116,16,,,0,45,,60117,16,,,0,85,,60118,16,,,0,85,,60119,16,,,0,85,,60109,16,,,0,45,,60120,16,,,0,85,,60121,16,,,0,85,,60115,16,,,0
15400,'Sunday',646,,60123,16,,,0,85,,60124,16,,,0,85,,60125,16,,,0,85,,60126,16,,,0,45,,60127,16,,,0,85,,60128,16,,,0,85,,60129,16,,,0,85,,60131,16,,,0,46,,60132,16,,,0,85,,60133,16,,,0,85,,60130,16,,,0,85,,60134,16,,,0,45,,60135,16,,,0,85,,60136,16,,,0,85,,60137,16,,,0,85,,60138,16,,,0,45,,60139,16,,,0,85,,60140,16,,,0,85,,60141,16,,,0
15400,'Weekday',544,,60142,16,,,0,70,,60161,16,,,0,30,,60170,16,,,0,70,,60152,16,,,0,30,,60144,16,,,0,70,,60163,16,,,0,30,,60173,16,,,0,70,,60153,16,,,0,30,,60143,16,,,0,70,,60162,16,,,0,30,,60174,16,,,0,70,,60154,16,,,0,30,,60145,16,,,0,70,,60164,16,,,0,30,,60175,16,,,0,70,,60155,16,,,0,30,,60146,16,,,0,70,,60166,16,,,0,30,,60176,16,,,0,71,,60156,16,,,0,33,,60147,16,,,0,68,,60165,16,,,0,30,,60177,16,,,0,72,,60157,16,,,0,30,,60148,16,,,0,70,,60167,16,,,0,29,,60178,16,,,0,68,,60158,16,,,0,30,,60149,16,,,0,70,,60169,16,,,0,30,,60179,16,,,0,72,,60159,16,,,0,30,,60150,16,,,0,70,,60168,16,,,0,30,,60180,16,,,0,68,,60160,16,,,0,30,,60151,16,,,0,70,,60171,16,,,0,30,,60181,16,,,0
15400,'1CCSDCUT-Weekday',544,,60182,16,,,0,70,,60201,16,,,0,30,,60210,16,,,0,70,,60192,16,,,0,30,,60184,16,,,0,70,,60203,16,,,0,30,,60213,16,,,0,70,,60193,16,,,0,30,,60183,16,,,0,70,,60202,16,,,0,30,,60214,16,,,0,70,,60194,16,,,0,30,,60185,16,,,0,70,,60204,16,,,0,30,,60215,16,,,0,70,,60195,16,,,0,30,,60186,16,,,0,70,,60206,16,,,0,30,,60216,16,,,0,71,,60196,16,,,0,33,,60187,16,,,0,68,,60205,16,,,0,30,,60217,16,,,0,72,,60197,16,,,0,30,,60188,16,,,0,70,,60207,16,,,0,29,,60218,16,,,0,68,,60198,16,,,0,30,,60189,16,,,0,70,,60209,16,,,0,30,,60219,16,,,0,72,,60199,16,,,0,30,,60190,16,,,0,70,,60208,16,,,0,30,,60220,16,,,0,68,,60200,16,,,0,30,,60191,16,,,0,70,,60211,16,,,0,30,,60221,16,,,0
15400,'1PUBCUT-Weekday',544,,60222,16,,,0,70,,60241,16,,,0,30,,60250,16,,,0,70,,60232,16,,,0,30,,60224,16,,,0,70,,60243,16,,,0,30,,60253,16,,,0,70,,60233,16,,,0,30,,60223,16,,,0,70,,60242,16,,,0,30,,60254,16,,,0,70,,60234,16,,,0,30,,60225,16,,,0,70,,60244,16,,,0,30,,60255,16,,,0,70,,60235,16,,,0,30,,60226,16,,,0,70,,60246,16,,,0,30,,60256,16,,,0,71,,60236,16,,,0,33,,60227,16,,,0,68,,60245,16,,,0,30,,60257,16,,,0,72,,60237,16,,,0,30,,60228,16,,,0,70,,60247,16,,,0,29,,60258,16,,,0,68,,60238,16,,,0,30,,60229,16,,,0,70,,60249,16,,,0,30,,60259,16,,,0,72,,60239,16,,,0,30,,60230,16,,,0,70,,60248,16,,,0,30,,60260,16,,,0,68,,60240,16,,,0,30,,60231,16,,,0,70,,60251,16,,,0,30,,60261,16,,,0
70400,'Weekday0000100',1325,,68363,15,0,130 189 190,0
70400,'Weekday1111000',1535,,68365,15,0,130 189 190,0
70400,'1CCSDCUT-Weekday0000100',1325,,68367,15,0,130 189 190,0
70400,'1CCSDCUT-Weekday1111000',1535,,68369,15,0,130 189 190,0
80501,'Weekday',818,,68879,4,0,127 15 16,0
80501,'1CCSDCUT-Weekday',818,,68880,4,0,127 15 16,0
80501,'1PUBCUT-Weekday',818,,68881,4,0,127 15 16,0
81800,'Weekday0000100',1446,,68940,15,0,12 13 14 15 16,0
81800,'Weekday1111000',1546,,68941,15,0,12 13 14 15 16,0
81800,'1PUBCUT-Weekday0000100',1446,,68942,15,0,12 13 14 15 16,0
81800,'1PUBCUT-Weekday1111000',1546,,68943,15,0,12 13 14 15 16,0
