7700,'Saturday',602,,44856,8,,,0,44,,44857,29,,,0,85,,44858,29,,,0,85,,44859,29,,,0,85,,44861,29,,,0,45,,44862,29,,,0,85,,44863,29,,,0,85,,44860,29,,,0,85,,44864,29,,,0,45,,44865,29,,,0,85,,44866,29,,,0,85,,44868,29,,,0,85,,44869,29,,,0,45,,44870,29,,,0,85,,44867,29,,,0,85,,44871,29,,,0,85,,44873,29,,,0,45,,44876,29,,,0,85,,44877,29,,,0,85,,44872,29,,,0,85,,44874,29,,,0,45,,44875,29,,,0,85,,44878,29,,,0,92,,44879,29,,,0
7700,'Sunday',602,,44881,8,,,0,44,,44882,29,,,0,85,,44880,29,,,0,85,,44883,29,,,0,85,,44884,29,,,0,45,,44885,29,,,0,85,,44886,29,,,0,85,,44887,29,,,0,85,,44888,29,,,0,45,,44889,29,,,0,85,,44890,29,,,0,85,,44891,29,,,0,85,,44893,29,,,0,45,,44894,29,,,0,85,,44895,29,,,0,85,,44892,29,,,0,85,,44896,29,,,0,45,,44897,29,,,0,85,,44898,29,,,0,85,,44899,29,,,0,85,,44900,29,,,0,45,,44901,29,,,0,85,,44902,29,,,0,92,,44903,29,,,0
7700,'Weekday',527,,44913,8,,,0,88,,44932,29,,,0,31,,44914,29,,,0,71,,44904,29,,,0,30,,44924,29,,,0,70,,44933,29,,,0,30,,44915,29,,,0,69,,44905,29,,,0,30,,44923,29,,,0,70,,44935,29,,,0,30,,44916,29,,,0,70,,44906,29,,,0,30,,44925,29,,,0,70,,44934,29,,,0,30,,44917,29,,,0,70,,44907,29,,,0,30,,44926,29,,,0,70,,44937,29,,,0,30,,44919,29,,,0,71,,44908,29,,,0,31,,44928,29,,,0,70,,44936,29,,,0,31,,44918,29,,,0,70,,44910,29,,,0,30,,44927,29,,,0,70,,44938,29,,,0,29,,44920,29,,,0,69,,44909,29,,,0,30,,44929,29,,,0,70,,44939,29,,,0,31,,44921,29,,,0,69,,44912,29,,,0,30,,44930,29,,,0,70,,44940,29,,,0,29,,44922,29,,,0,70,,44911,29,,,0,30,,44931,29,,,0,70,,44941,29,,,0
7700,'1CCSDCUT-Weekday',527,,44951,8,,,0,88,,44970,29,,,0,31,,44952,29,,,0,71,,44942,29,,,0,30,,44962,29,,,0,70,,44971,29,,,0,30,,44953,29,,,0,69,,44943,29,,,0,30,,44961,29,,,0,70,,44973,29,,,0,30,,44954,29,,,0,70,,44944,29,,,0,30,,44963,29,,,0,70,,44972,29,,,0,30,,44955,29,,,0,70,,44945,29,,,0,30,,44964,29,,,0,70,,44975,29,,,0,30,,44957,29,,,0,71,,44946,29,,,0,31,,44966,29,,,0,70,,44974,29,,,0,31,,44956,29,,,0,70,,44948,29,,,0,30,,44965,29,,,0,70,,44976,29,,,0,29,,44958,29,,,0,69,,44947,29,,,0,30,,44967,29,,,0,70,,44977,29,,,0,31,,44959,29,,,0,69,,44950,29,,,0,30,,44968,29,,,0,70,,44978,29,,,0,29,,44960,29,,,0,70,,44949,29,,,0,30,,44969,29,,,0,70,,44979,29,,,0
70601,'Weekday',744,,68389,19,0,130 184 64,0
70601,'1CCSDCUT-Weekday',744,,68391,19,0,130 184 64,0
79601,'Weekday',828,,68843,8,0,191 192 16,0
79601,'1CCSDCUT-Weekday',828,,68844,8,0,191 192 16,0
80501,'Weekday',835,,68879,33,0,127 15 16,0
80501,'1CCSDCUT-Weekday',835,,68880,33,0,127 15 16,0
