7600,'Saturday',550,,44495,3,,,0,70,,44515,3,,,0,80,,44504,3,,,0,40,,44510,3,,,0,80,,44498,3,,,0,80,,44516,3,,,0,40,,44503,3,,,0,80,,44496,3,,,0,80,,44499,3,,,0,40,,44517,3,,,0,80,,44506,3,,,0,80,,44511,3,,,0,40,,44497,3,,,0,80,,44518,3,,,0,80,,44505,3,,,0,40,,44512,3,,,0,80,,44501,3,,,0,80,,44519,3,,,0,40,,44507,3,,,0,80,,44513,3,,,0,80,,44502,3,,,0,40,,44521,3,,,0,80,,44509,3,,,0,80,,44514,3,,,0,40,,44500,3,,,0,80,,44520,3,,,0,80,,44508,3,,,0,40,,44522,3,,,0
7600,'Sunday',550,,44525,3,,,0,70,,44533,3,,,0,80,,44544,3,,,0,40,,44526,3,,,0,80,,44534,3,,,0,80,,44542,3,,,0,40,,44527,3,,,0,80,,44535,3,,,0,80,,44543,3,,,0,40,,44528,3,,,0,80,,44536,3,,,0,80,,44545,3,,,0,40,,44529,3,,,0,80,,44538,3,,,0,80,,44547,3,,,0,40,,44530,3,,,0,80,,44537,3,,,0,80,,44546,3,,,0,40,,44531,3,,,0,80,,44539,3,,,0,80,,44548,3,,,0,40,,44532,3,,,0,80,,44540,3,,,0,80,,44523,3,,,0,40,,44549,3,,,0,80,,44541,3,,,0,80,,44524,3,,,0,40,,44550,3,,,0
7600,'Weekday',509,,44551,3,,,0,30,,44563,3,,,0,70,,44554,3,,,0,30,,44580,3,,,0,70,,44572,3,,,0,10,,44592,3,,,0,20,,44564,3,,,0,70,,44552,3,,,0,9,,44591,3,,,0,21,,44581,3,,,0,70,,44573,3,,,0,30,,44565,3,,,0,70,,44553,3,,,0,30,,44582,3,,,0,70,,44574,3,,,0,30,,44566,3,,,0,70,,44555,3,,,0,30,,44583,3,,,0,70,,44575,3,,,0,30,,44567,3,,,0,70,,44556,3,,,0,30,,44584,3,,,0,70,,44576,3,,,0,30,,44568,3,,,0,70,,44557,3,,,0,30,,44585,3,,,0,70,,44577,3,,,0,30,,44569,3,,,0,70,,44558,3,,,0,30,,44586,3,,,0,70,,44578,3,,,0,30,,44570,3,,,0,70,,44559,3,,,0,30,,44587,3,,,0,70,,44579,3,,,0,30,,44571,3,,,0,70,,44560,3,,,0,30,,44588,3,,,0,70,,44561,3,,,0,30,,44590,3,,,0,70,,44562,3,,,0,39,,44589,3,,,0
7600,'1CCSDCUT-Weekday',509,,44593,3,,,0,30,,44605,3,,,0,70,,44596,3,,,0,30,,44622,3,,,0,70,,44614,3,,,0,10,,44634,3,,,0,20,,44606,3,,,0,70,,44594,3,,,0,9,,44633,3,,,0,21,,44623,3,,,0,70,,44615,3,,,0,30,,44607,3,,,0,70,,44595,3,,,0,30,,44624,3,,,0,70,,44616,3,,,0,30,,44608,3,,,0,70,,44597,3,,,0,30,,44625,3,,,0,70,,44617,3,,,0,30,,44609,3,,,0,70,,44598,3,,,0,30,,44626,3,,,0,70,,44618,3,,,0,30,,44610,3,,,0,70,,44599,3,,,0,30,,44627,3,,,0,70,,44619,3,,,0,30,,44611,3,,,0,70,,44600,3,,,0,30,,44628,3,,,0,70,,44620,3,,,0,30,,44612,3,,,0,70,,44601,3,,,0,30,,44629,3,,,0,70,,44621,3,,,0,30,,44613,3,,,0,70,,44602,3,,,0,30,,44630,3,,,0,70,,44603,3,,,0,30,,44632,3,,,0,70,,44604,3,,,0,39,,44631,3,,,0
7600,'1PUBCUT-Weekday',509,,44635,3,,,0,30,,44647,3,,,0,70,,44638,3,,,0,30,,44664,3,,,0,70,,44656,3,,,0,30,,44648,3,,,0,70,,44636,3,,,0,30,,44665,3,,,0,70,,44657,3,,,0,30,,44649,3,,,0,70,,44637,3,,,0,30,,44666,3,,,0,70,,44658,3,,,0,30,,44650,3,,,0,70,,44639,3,,,0,30,,44667,3,,,0,70,,44659,3,,,0,30,,44651,3,,,0,70,,44640,3,,,0,30,,44668,3,,,0,70,,44660,3,,,0,30,,44652,3,,,0,70,,44641,3,,,0,30,,44669,3,,,0,70,,44661,3,,,0,30,,44653,3,,,0,70,,44642,3,,,0,30,,44670,3,,,0,70,,44662,3,,,0,30,,44654,3,,,0,70,,44643,3,,,0,30,,44671,3,,,0,70,,44663,3,,,0,30,,44655,3,,,0,70,,44644,3,,,0,30,,44672,3,,,0,70,,44645,3,,,0,30,,44674,3,,,0,70,,44646,3,,,0,39,,44673,3,,,0
13800,'Saturday',550,,57825,3,,,0,80,,57801,3,,,0,80,,57799,3,,,0,40,,57802,3,,,0,80,,57804,3,,,0,80,,57805,3,,,0,40,,57800,3,,,0,80,,57803,3,,,0,80,,57807,3,,,0,40,,57808,3,,,0,79,,57806,3,,,0,81,,57809,3,,,0,40,,57810,3,,,0,80,,57811,3,,,0,80,,57812,3,,,0,40,,57813,3,,,0,80,,57815,3,,,0,80,,57816,3,,,0,40,,57817,3,,,0,80,,57814,3,,,0,80,,57818,3,,,0,40,,57819,3,,,0,80,,57820,3,,,0,80,,57821,3,,,0,40,,57822,3,,,0,80,,57823,3,,,0,80,,57824,3,,,0,40,,57826,3,,,0
13800,'Sunday',550,,57845,3,,,0,80,,57827,3,,,0,80,,57836,3,,,0,40,,57846,3,,,0,80,,57828,3,,,0,80,,57837,3,,,0,40,,57847,3,,,0,80,,57829,3,,,0,80,,57838,3,,,0,40,,57848,3,,,0,79,,57831,3,,,0,81,,57839,3,,,0,40,,57849,3,,,0,80,,57830,3,,,0,80,,57840,3,,,0,40,,57850,3,,,0,80,,57832,3,,,0,80,,57841,3,,,0,40,,57851,3,,,0,80,,57833,3,,,0,80,,57843,3,,,0,40,,57852,3,,,0,80,,57834,3,,,0,80,,57842,3,,,0,40,,57853,3,,,0,80,,57835,3,,,0,80,,57844,3,,,0
13800,'Weekday',445,,57860,3,,,0,76,,57871,3,,,0,30,,57878,3,,,0,70,,57854,3,,,0,31,,57861,3,,,0,70,,57872,3,,,0,30,,57879,3,,,0,72,,57856,3,,,0,30,,57862,3,,,0,70,,57873,3,,,0,30,,57880,3,,,0,68,,57855,3,,,0,30,,57863,3,,,0,70,,57874,3,,,0,30,,57881,3,,,0,70,,57857,3,,,0,30,,57864,3,,,0,70,,57875,3,,,0,30,,57882,3,,,0,72,,57858,3,,,0,30,,57865,3,,,0,55,,57893,3,,,0,15,,57876,3,,,0,32,,57883,3,,,0,72,,57859,3,,,0,30,,57866,3,,,0,70,,57877,3,,,0,72,,57884,3,,,0,27,,57867,3,,,0,25,,57885,3,,,0,70,,57888,3,,,0,30,,57868,3,,,0,70,,57891,3,,,0,30,,57886,3,,,0,70,,57889,3,,,0,30,,57869,3,,,0,70,,57892,3,,,0,30,,57887,3,,,0,70,,57890,3,,,0,30,,57870,3,,,0
13800,'1CCSDCUT-Weekday',445,,57900,3,,,0,76,,57911,3,,,0,30,,57918,3,,,0,70,,57894,3,,,0,31,,57901,3,,,0,70,,57912,3,,,0,30,,57919,3,,,0,72,,57896,3,,,0,30,,57902,3,,,0,70,,57913,3,,,0,30,,57920,3,,,0,68,,57895,3,,,0,30,,57903,3,,,0,70,,57914,3,,,0,30,,57921,3,,,0,70,,57897,3,,,0,30,,57904,3,,,0,70,,57915,3,,,0,30,,57922,3,,,0,72,,57898,3,,,0,30,,57905,3,,,0,55,,57933,3,,,0,15,,57916,3,,,0,32,,57923,3,,,0,72,,57899,3,,,0,30,,57906,3,,,0,70,,57917,3,,,0,72,,57924,3,,,0,27,,57907,3,,,0,25,,57925,3,,,0,70,,57928,3,,,0,30,,57908,3,,,0,70,,57931,3,,,0,30,,57926,3,,,0,70,,57929,3,,,0,30,,57909,3,,,0,70,,57932,3,,,0,30,,57927,3,,,0,70,,57930,3,,,0,30,,57910,3,,,0
13800,'1PUBCUT-Weekday',445,,57940,3,,,0,76,,57951,3,,,0,30,,57958,3,,,0,70,,57934,3,,,0,31,,57941,3,,,0,70,,57952,3,,,0,30,,57959,3,,,0,72,,57936,3,,,0,30,,57942,3,,,0,70,,57953,3,,,0,30,,57960,3,,,0,68,,57935,3,,,0,30,,57943,3,,,0,70,,57954,3,,,0,30,,57961,3,,,0,70,,57937,3,,,0,30,,57944,3,,,0,70,,57955,3,,,0,30,,57962,3,,,0,72,,57938,3,,,0,30,,57945,3,,,0,55,,57973,3,,,0,15,,57956,3,,,0,32,,57963,3,,,0,72,,57939,3,,,0,30,,57946,3,,,0,70,,57957,3,,,0,72,,57964,3,,,0,27,,57947,3,,,0,25,,57965,3,,,0,70,,57968,3,,,0,30,,57948,3,,,0,70,,57971,3,,,0,30,,57966,3,,,0,70,,57969,3,,,0,30,,57949,3,,,0,70,,57972,3,,,0,30,,57967,3,,,0,70,,57970,3,,,0,30,,57950,3,,,0
