15100,'Weekday',556,,59581,15,,,0,88,,59580,16,,,0
15100,'1CCSDCUT-Weekday',556,,59583,15,,,0,88,,59582,16,,,0
15100,'1PUBCUT-Weekday',556,,59585,15,,,0,88,,59584,16,,,0
15101,'Weekday',1727,,59587,37,,,0,85,,59586,42,,,0
15101,'1CCSDCUT-Weekday',1727,,59589,37,,,0,85,,59588,42,,,0
15101,'1PUBCUT-Weekday',1727,,59591,37,,,0,85,,59590,42,,,0
71700,'Weekday',815,,68454,12,0,29 1 132,0
71700,'1CCSDCUT-Weekday',815,,68455,12,0,29 1 132,0
75701,'Weekday',831,,68642,12,0,32 33 1 84,0
75701,'1CCSDCUT-Weekday',831,,68643,12,0,32 33 1 84,0
