800,'Saturday',718,,1735,17,,,0,27,,1732,17,,,0,67,,1733,17,,,0,27,,1736,17,,,0,67,,1737,17,,,0,27,,1738,17,,,0,67,,1739,17,,,0,27,,1740,17,,,0,27,,1742,17,,,0,67,,1743,17,,,0,27,,1744,17,,,0,67,,1741,17,,,0,27,,1745,17,,,0,67,,1746,17,,,0,27,,1747,17,,,0,67,,1748,17,,,0,27,,1749,17,,,0,27,,1750,17,,,0,67,,1751,17,,,0,27,,1752,17,,,0,67,,1734,17,,,0,27,,1753,17,,,0,67,,1754,17,,,0,27,,1755,17,,,0,67,,1756,17,,,0,27,,1757,17,,,0,67,,1758,17,,,0,27,,1759,17,,,0,27,,1760,17,,,0,77,,1761,17,,,0,77,,1762,17,,,0,35,,1763,17,,,0,75,,1764,17,,,0,35,,1765,17,,,0,75,,1766,17,,,0,75,,1767,17,,,0,35,,1768,17,,,0
800,'Sunday',718,,1770,17,,,0,27,,1769,17,,,0,67,,1772,17,,,0,27,,1771,17,,,0,67,,1773,17,,,0,27,,1774,17,,,0,67,,1775,17,,,0,27,,1777,17,,,0,27,,1776,17,,,0,67,,1778,17,,,0,27,,1779,17,,,0,67,,1780,17,,,0,27,,1782,17,,,0,67,,1784,17,,,0,27,,1783,17,,,0,67,,1781,17,,,0,27,,1786,17,,,0,27,,1785,17,,,0,67,,1787,17,,,0,27,,1788,17,,,0,67,,1791,17,,,0,27,,1789,17,,,0,67,,1792,17,,,0,27,,1793,17,,,0,67,,1790,17,,,0,27,,1794,17,,,0,67,,1796,17,,,0,27,,1795,17,,,0,27,,1797,17,,,0,77,,1798,17,,,0,77,,1799,17,,,0,35,,1800,17,,,0,75,,1801,17,,,0,35,,1803,17,,,0,75,,1802,17,,,0,75,,1804,17,,,0,35,,1805,17,,,0
800,'Weekday',502,,1806,17,,,0,17,,1809,17,,,0,17,,1821,17,,,0,17,,1841,17,,,0,57,,1851,17,,,0,17,,1870,17,,,0,17,,1833,17,,,0,57,,1807,17,,,0,17,,1810,17,,,0,17,,1822,17,,,0,17,,1842,17,,,0,57,,1849,17,,,0,5,,1864,17,,,0,6,,1865,17,,,0,6,,1871,17,,,0,9,,1866,17,,,0,8,,1834,17,,,0,16,,1808,17,,,0,56,,1811,17,,,0,16,,1823,17,,,0,21,,1843,17,,,0,61,,1872,17,,,0,21,,1835,17,,,0,21,,1812,17,,,0,61,,1824,17,,,0,21,,1844,17,,,0,21,,1873,17,,,0,61,,1836,17,,,0,21,,1813,17,,,0,61,,1825,17,,,0,21,,1846,17,,,0,21,,1874,17,,,0,62,,1837,17,,,0,21,,1814,17,,,0,24,,1826,17,,,0,57,,1845,17,,,0,5,,1856,17,,,0,5,,1858,17,,,0,7,,1852,17,,,0,5,,1859,4,,,0,5,,1855,17,,,0,7,,1875,17,,,0,5,,1867,17,,,0,5,,1860,4,,,0,7,,1838,17,,,0,45,,1868,17,,,0,5,,1861,4,,,0,7,,1815,17,,,0,5,,1869,17,,,0,5,,1862,4,,,0,7,,1854,17,,,0,5,,1863,4,,,0,5,,1857,17,,,0,7,,1827,17,,,0,57,,1847,17,,,0,17,,1853,17,,,0,17,,1876,17,,,0,17,,1839,17,,,0,64,,1816,17,,,0,21,,1828,17,,,0,63,,1848,17,,,0,19,,1877,17,,,0,19,,1840,17,,,0,61,,1817,17,,,0,21,,1829,17,,,0,22,,1850,17,,,0,61,,1880,17,,,0,32,,1818,17,,,0,74,,1830,17,,,0,33,,1878,17,,,0,73,,1819,17,,,0,33,,1831,17,,,0,73,,1879,17,,,0,33,,1820,17,,,0,66,,1832,17,,,0
8200,'Saturday',635,,11706,8,,,0,70,,11707,8,,,0,30,,11708,8,,,0,70,,11709,8,,,0,30,,11710,8,,,0,70,,11711,8,,,0,30,,11712,8,,,0,70,,11729,8,,,0,30,,11731,8,,,0,70,,11714,8,,,0,30,,11727,8,,,0,70,,11720,8,,,0,30,,11715,8,,,0,70,,11728,8,,,0,30,,11721,8,,,0,70,,11713,8,,,0,30,,11726,8,,,0,70,,11722,8,,,0,30,,11716,8,,,0,70,,11725,8,,,0,30,,11732,8,,,0,70,,11717,8,,,0,30,,11723,8,,,0,70,,11730,8,,,0,30,,11718,8,,,0,70,,11724,8,,,0,30,,11733,8,,,0,70,,11719,8,,,0,30,,11739,8,,,0,70,,11740,8,,,0,30,,11741,8,,,0,70,,11736,8,,,0,30,,11735,8,,,0,70,,11737,8,,,0,30,,11734,8,,,0,70,,11738,8,,,0
8200,'Sunday',635,,11742,8,,,0,70,,11754,8,,,0,30,,11766,8,,,0,70,,11743,8,,,0,30,,11755,8,,,0,70,,11767,8,,,0,30,,11744,8,,,0,70,,11756,8,,,0,30,,11768,8,,,0,70,,11745,8,,,0,30,,11757,8,,,0,70,,11769,8,,,0,30,,11746,8,,,0,70,,11758,8,,,0,30,,11770,8,,,0,70,,11747,8,,,0,30,,11759,8,,,0,70,,11771,8,,,0,30,,11748,8,,,0,70,,11760,8,,,0,30,,11772,8,,,0,70,,11749,8,,,0,30,,11761,8,,,0,70,,11773,8,,,0,30,,11750,8,,,0,70,,11762,8,,,0,30,,11775,8,,,0,70,,11751,8,,,0,30,,11763,8,,,0,70,,11776,8,,,0,30,,11752,8,,,0,70,,11764,8,,,0,30,,11774,8,,,0,70,,11753,8,,,0,30,,11765,8,,,0,70,,11777,8,,,0
8200,'Weekday',631,,11783,8,,,0,75,,11793,8,,,0,33,,11803,8,,,0,17,,11812,8,,,0,56,,11784,8,,,0,33,,11794,8,,,0,73,,11804,8,,,0,32,,11785,8,,,0,73,,11795,8,,,0,33,,11805,8,,,0,73,,11787,8,,,0,75,,11796,8,,,0,33,,11806,8,,,0,73,,11786,8,,,0,12,,11782,8,,,0,21,,11797,8,,,0,73,,11807,8,,,0,33,,11788,8,,,0,74,,11798,8,,,0,14,,11778,8,,,0,19,,11808,8,,,0,57,,11780,8,,,0,16,,11789,8,,,0,17,,11779,8,,,0,55,,11799,8,,,0,17,,11781,8,,,0,16,,11809,8,,,0,73,,11790,8,,,0,32,,11800,8,,,0,72,,11810,8,,,0,33,,11792,8,,,0,73,,11801,8,,,0,33,,11811,8,,,0,73,,11791,8,,,0,33,,11802,8,,,0,73,,11813,8,,,0,73,,11814,8,,,0,33,,11815,8,,,0,73,,11816,8,,,0
10500,'Saturday',653,,15330,20,,,0,80,,15321,20,,,0,80,,15336,20,,,0,40,,15325,20,,,0,80,,15331,20,,,0,80,,15320,20,,,0,40,,15338,20,,,0,80,,15326,20,,,0,81,,15332,20,,,0,40,,15323,20,,,0,80,,15339,20,,,0,80,,15327,20,,,0,40,,15334,20,,,0,80,,15322,20,,,0,80,,15340,20,,,0,40,,15328,20,,,0,80,,15333,20,,,0,80,,15324,20,,,0,40,,15337,20,,,0,80,,15329,20,,,0,80,,15335,20,,,0,40,,15319,20,,,0
10500,'Sunday',653,,15341,20,,,0,80,,15348,20,,,0,80,,15355,20,,,0,40,,15342,20,,,0,80,,15349,20,,,0,80,,15356,20,,,0,40,,15343,20,,,0,80,,15350,20,,,0,81,,15357,20,,,0,40,,15344,20,,,0,80,,15351,20,,,0,80,,15358,20,,,0,40,,15345,20,,,0,80,,15352,20,,,0,80,,15359,20,,,0,40,,15346,20,,,0,80,,15353,20,,,0,80,,15360,20,,,0,40,,15347,20,,,0,80,,15354,20,,,0,80,,15361,20,,,0,40,,15362,20,,,0
10500,'Weekday',547,,15388,20,,,0,71,,15379,20,,,0,32,,15371,20,,,0,70,,15363,20,,,0,30,,15389,20,,,0,70,,15380,20,,,0,30,,15372,20,,,0,70,,15364,20,,,0,30,,15390,20,,,0,70,,15382,20,,,0,30,,15373,20,,,0,70,,15365,20,,,0,30,,15391,20,,,0,70,,15381,20,,,0,30,,15374,20,,,0,70,,15366,20,,,0,30,,15392,20,,,0,70,,15383,20,,,0,31,,15375,20,,,0,66,,15367,20,,,0,14,,15397,7,,,0,20,,15393,20,,,0,70,,15384,20,,,0,30,,15376,20,,,0,69,,15368,20,,,0,30,,15394,20,,,0,70,,15385,20,,,0,28,,15377,20,,,0,70,,15369,20,,,0,30,,15395,20,,,0,70,,15386,20,,,0,30,,15378,20,,,0,70,,15370,20,,,0,30,,15396,20,,,0,83,,15387,20,,,0
10500,'Weekday0000100',1306,,15398,7,,,0
10500,'Weekday1111000',1507,,15399,20,,,0
