100,'CUT-Weekday',521,,1,,,0,16,,6,,,0,16,,11,,,0,58,,16,,,0,21,,21,,,0,21,,4,,,0,57,,9,,,0,17,,14,,,0,16,,18,,,0,16,,23,,,0,56,,25,,,0,16,,2,,,0,16,,7,,,0,55,,12,,,0,16,,15,,,0,15,,20,,,0,18,,28,,,0,59,,29,,,0,19,,30,,,0,19,,31,,,0,59,,32,,,0,19,,33,,,0,19,,34,,,0,59,,35,,,0,20,,36,,,0,19,,37,,,0,59,,38,,,0,19,,39,,,0,19,,40,,,0,19,,41,,,0,59,,42,,,0,19,,43,,,0,21,,44,,,0,63,,45,,,0,21,,46,,,0,60,,47,,,0,19,,48,,,0,16,,49,,,0,16,,50,,,0,56,,51,,,0,15,,19,,,0,16,,24,,,0,16,,26,,,0,53,,3,,,0,13,,8,,,0,12,,13,,,0,14,,17,,,0,8,,22,,,0,56,,27,,,0,16,,5,,,0,16,,10,,,0,61,,52,,,0,20,,53,,,0,21,,54,,,0,61,,55,,,0,20,,56,,,0,20,,57,,,0,60,,58,,,0,21,,59,,,0,21,,60,,,0,61,,61,,,0,21,,62,,,0,21,,63,,,0,61,,64,,,0,21,,65,,,0,21,,66,,,0,61,,67,,,0,21,,68,,,0
100,'Saturday',601,,70,,,0,25,,86,,,0,21,,101,,,0,74,,82,,,0,27,,95,,,0,66,,76,,,0,25,,69,,,0,65,,88,,,0,26,,102,,,0,25,,109,,,0,65,,84,,,0,25,,96,,,0,65,,78,,,0,25,,71,,,0,65,,90,,,0,25,,103,,,0,25,,108,,,0,65,,83,,,0,26,,98,,,0,66,,77,,,0,25,,72,,,0,25,,91,,,0,65,,104,,,0,25,,110,,,0,65,,85,,,0,25,,99,,,0,65,,79,,,0,25,,74,,,0,25,,92,,,0,65,,105,,,0,25,,112,,,0,65,,87,,,0,25,,97,,,0,25,,80,,,0,64,,73,,,0,24,,93,,,0,64,,106,,,0,25,,111,,,0,25,,89,,,0,63,,100,,,0,22,,81,,,0,65,,75,,,0,25,,94,,,0,21,,107,,,0,75,,113,,,0
100,'Sunday',601,,114,,,0,25,,132,,,0,21,,145,,,0,74,,127,,,0,27,,139,,,0,66,,121,,,0,25,,115,,,0,65,,136,,,0,26,,147,,,0,25,,153,,,0,65,,128,,,0,25,,141,,,0,65,,122,,,0,25,,116,,,0,65,,137,,,0,25,,148,,,0,25,,154,,,0,65,,129,,,0,26,,142,,,0,66,,123,,,0,25,,117,,,0,25,,135,,,0,65,,149,,,0,25,,155,,,0,65,,130,,,0,25,,143,,,0,65,,124,,,0,25,,119,,,0,25,,134,,,0,65,,150,,,0,25,,156,,,0,65,,131,,,0,25,,144,,,0,25,,126,,,0,64,,118,,,0,24,,138,,,0,64,,151,,,0,25,,157,,,0,25,,133,,,0,63,,146,,,0,22,,125,,,0,65,,120,,,0,25,,140,,,0,21,,152,,,0
100,'Weekday',521,,159,,,0,16,,164,,,0,16,,169,,,0,58,,174,,,0,21,,179,,,0,21,,162,,,0,57,,167,,,0,17,,172,,,0,16,,177,,,0,16,,181,,,0,56,,183,,,0,16,,160,,,0,16,,165,,,0,55,,170,,,0,16,,173,,,0,15,,178,,,0,18,,190,,,0,59,,191,,,0,19,,186,,,0,19,,187,,,0,59,,188,,,0,19,,192,,,0,19,,189,,,0,59,,193,,,0,20,,194,,,0,19,,195,,,0,59,,196,,,0,19,,197,,,0,19,,198,,,0,19,,199,,,0,59,,200,,,0,19,,201,,,0,21,,202,,,0,63,,203,,,0,21,,204,,,0,60,,205,,,0,19,,206,,,0,16,,207,,,0,16,,208,,,0,56,,209,,,0,15,,176,,,0,16,,182,,,0,16,,184,,,0,53,,161,,,0,13,,166,,,0,12,,171,,,0,14,,175,,,0,8,,180,,,0,56,,185,,,0,16,,163,,,0,16,,168,,,0,61,,210,,,0,20,,211,,,0,21,,212,,,0,61,,213,,,0,20,,214,,,0,20,,215,,,0,60,,216,,,0,21,,217,,,0,21,,218,,,0,61,,219,,,0,21,,220,,,0,21,,221,,,0,61,,222,,,0,21,,223,,,0,21,,224,,,0,61,,225,,,0,21,,226,,,0
100,'pBxDec31-Weekday',521,,227,,,0,16,,232,,,0,16,,237,,,0,58,,242,,,0,21,,247,,,0,21,,230,,,0,57,,235,,,0,17,,240,,,0,16,,244,,,0,16,,249,,,0,56,,251,,,0,16,,228,,,0,16,,233,,,0,55,,238,,,0,16,,241,,,0,15,,246,,,0,18,,255,,,0,59,,256,,,0,19,,257,,,0,19,,254,,,0,59,,258,,,0,19,,259,,,0,19,,260,,,0,59,,261,,,0,20,,262,,,0,19,,263,,,0,59,,264,,,0,19,,265,,,0,19,,266,,,0,19,,267,,,0,59,,268,,,0,19,,269,,,0,21,,270,,,0,63,,271,,,0,21,,272,,,0,60,,273,,,0,19,,274,,,0,16,,275,,,0,16,,276,,,0,56,,277,,,0,15,,245,,,0,16,,250,,,0,16,,252,,,0,53,,229,,,0,13,,234,,,0,12,,239,,,0,14,,243,,,0,8,,248,,,0,56,,253,,,0,16,,231,,,0,16,,236,,,0,61,,278,,,0,20,,279,,,0,21,,280,,,0,61,,281,,,0,20,,282,,,0,20,,283,,,0,60,,284,,,0,21,,285,,,0,21,,286,,,0,61,,287,,,0,21,,288,,,0,21,,289,,,0,61,,290,,,0,21,,291,,,0,7,,295,,,0,14,,292,,,0,51,,296,,,0,10,,293,,,0,21,,294,,,0,63,,297,,,0,35,,298,,,0,75,,299,,,0
10100,'CUT-Weekday',559,,27171,,,0,87,,27177,,,0,90,,27172,,,0,90,,27173,,,0,90,,27178,,,0,90,,27174,,,0,50,,27175,,,0,90,,27176,,,0,90,,27179,,,0,90,,27180,,,0,90,,27181,,,0,92,,27183,,,0,51,,27182,,,0,90,,27185,,,0,90,,27184,,,0,90,,27186,,,0,86,,27187,,,0,90,,27188,,,0,50,,27189,,,0,90,,27190,,,0
10100,'Saturday',922,,27199,,,0,90,,27200,,,0,90,,27197,,,0,50,,27201,,,0,90,,27202,,,0,90,,27193,,,0,90,,27194,,,0,90,,27195,,,0,90,,27192,,,0,50,,27196,,,0,90,,27198,,,0,90,,27191,,,0
10100,'Sunday',921,,27205,,,0,90,,27206,,,0,90,,27207,,,0,50,,27208,,,0,90,,27209,,,0,90,,27210,,,0,90,,27211,,,0,90,,27212,,,0,90,,27213,,,0,50,,27214,,,0,90,,27204,,,0,90,,27203,,,0
10100,'Weekday',559,,27215,,,0,87,,27221,,,0,90,,27216,,,0,90,,27217,,,0,90,,27222,,,0,90,,27218,,,0,50,,27219,,,0,90,,27220,,,0,90,,27223,,,0,90,,27224,,,0,90,,27225,,,0,92,,27227,,,0,51,,27226,,,0,90,,27229,,,0,90,,27228,,,0,90,,27230,,,0,86,,27231,,,0,90,,27232,,,0,50,,27233,,,0,90,,27234,,,0
10100,'pBxDec31-Weekday',559,,27235,,,0,87,,27241,,,0,90,,27236,,,0,90,,27237,,,0,90,,27242,,,0,90,,27238,,,0,50,,27239,,,0,90,,27240,,,0,90,,27243,,,0,90,,27244,,,0,90,,27245,,,0,92,,27247,,,0,51,,27246,,,0,90,,27249,,,0,90,,27248,,,0,90,,27250,,,0,86,,27251,,,0,90,,27252,,,0,50,,27253,,,0,90,,27254,,,0
