12900,'Saturday',708,,56569,10,,,0,40,,56586,10,,,0,80,,56578,10,,,0,80,,56570,10,,,0,40,,56587,10,,,0,80,,56579,10,,,0,80,,56571,10,,,0,40,,56588,10,,,0,80,,56580,10,,,0,80,,56572,10,,,0,40,,56589,10,,,0,80,,56581,10,,,0,80,,56574,10,,,0,40,,56591,10,,,0,80,,56582,10,,,0,80,,56573,10,,,0,40,,56590,10,,,0,80,,56583,10,,,0,80,,56575,10,,,0,40,,56592,10,,,0,83,,56584,10,,,0,77,,56576,10,,,0,40,,56593,10,,,0,80,,56585,10,,,0,80,,56577,10,,,0,43,,56594,10,,,0
12900,'Sunday',708,,56595,10,,,0,40,,56612,10,,,0,80,,56604,10,,,0,80,,56596,10,,,0,40,,56614,10,,,0,80,,56605,10,,,0,80,,56597,10,,,0,40,,56613,10,,,0,80,,56606,10,,,0,80,,56598,10,,,0,40,,56615,10,,,0,80,,56607,10,,,0,80,,56599,10,,,0,40,,56617,10,,,0,80,,56608,10,,,0,80,,56600,10,,,0,40,,56616,10,,,0,80,,56609,10,,,0,80,,56601,10,,,0,40,,56618,10,,,0,83,,56610,10,,,0,77,,56602,10,,,0,40,,56619,10,,,0,80,,56611,10,,,0,80,,56603,10,,,0,43,,56620,10,,,0
12900,'Weekday',558,,56628,10,,,0,67,,56622,10,,,0,31,,56640,10,,,0,70,,56646,10,,,0,30,,56629,10,,,0,70,,56623,10,,,0,30,,56641,10,,,0,70,,56647,10,,,0,30,,56630,10,,,0,70,,56624,10,,,0,30,,56642,10,,,0,70,,56648,10,,,0,30,,56631,10,,,0,70,,56625,10,,,0,30,,56643,10,,,0,70,,56649,10,,,0,30,,56632,10,,,0,73,,56626,10,,,0,27,,56644,10,,,0,65,,56650,10,,,0,35,,56633,10,,,0,58,,56657,10,,,0,15,,56627,10,,,0,30,,56645,10,,,0,67,,56651,10,,,0,30,,56634,10,,,0,70,,56652,10,,,0,30,,56635,10,,,0,70,,56653,10,,,0,30,,56621,10,,,0,70,,56654,10,,,0,29,,56636,10,,,0,70,,56655,10,,,0,30,,56637,10,,,0,70,,56656,10,,,0,30,,56638,10,,,0,100,,56639,10,,,0
12900,'Weekday1111000',1443,,56659,10,,,0
15400,'Saturday',643,,60102,12,,,0,85,,60106,12,,,0,85,,60104,12,,,0,45,,60105,12,,,0,85,,60107,12,,,0,85,,60108,12,,,0,85,,60110,12,,,0,45,,60112,12,,,0,86,,60113,12,,,0,85,,60114,12,,,0,85,,60111,12,,,0,45,,60116,12,,,0,85,,60117,12,,,0,85,,60118,12,,,0,85,,60119,12,,,0,45,,60109,12,,,0,85,,60120,12,,,0,85,,60121,12,,,0,85,,60115,12,,,0
15400,'Sunday',643,,60123,12,,,0,85,,60124,12,,,0,85,,60125,12,,,0,45,,60126,12,,,0,85,,60127,12,,,0,85,,60128,12,,,0,85,,60129,12,,,0,45,,60131,12,,,0,86,,60132,12,,,0,85,,60133,12,,,0,85,,60130,12,,,0,45,,60134,12,,,0,85,,60135,12,,,0,85,,60136,12,,,0,85,,60137,12,,,0,45,,60138,12,,,0,85,,60139,12,,,0,85,,60140,12,,,0,85,,60141,12,,,0
15400,'Weekday',541,,60142,12,,,0,70,,60161,12,,,0,30,,60170,12,,,0,70,,60152,12,,,0,30,,60144,12,,,0,70,,60163,12,,,0,30,,60173,12,,,0,70,,60153,12,,,0,30,,60143,12,,,0,70,,60162,12,,,0,30,,60174,12,,,0,70,,60154,12,,,0,30,,60145,12,,,0,70,,60164,12,,,0,30,,60175,12,,,0,70,,60155,12,,,0,30,,60146,12,,,0,70,,60166,12,,,0,30,,60176,12,,,0,71,,60156,12,,,0,33,,60147,12,,,0,68,,60165,12,,,0,30,,60177,12,,,0,72,,60157,12,,,0,30,,60148,12,,,0,70,,60167,12,,,0,29,,60178,12,,,0,68,,60158,12,,,0,30,,60149,12,,,0,70,,60169,12,,,0,30,,60179,12,,,0,72,,60159,12,,,0,30,,60150,12,,,0,70,,60168,12,,,0,30,,60180,12,,,0,68,,60160,12,,,0,30,,60151,12,,,0,70,,60171,12,,,0,30,,60181,12,,,0
70400,'Weekday0000100',1322,,68363,11,0,130 189 190,0
70400,'Weekday1111000',1532,,68365,11,0,130 189 190,0
81800,'Weekday0000100',1444,,68940,11,0,12 13 14 15 16,0
81800,'Weekday1111000',1544,,68941,11,0,12 13 14 15 16,0
