1900,'STMPSa-Saturday',551,,80041,1,,,0,75,,80055,1,,,0,77,2,80064,30,,,0,35,2,80049,30,,,0,75,2,80043,30,,,0,35,2,80057,30,,,0,75,2,80065,30,,,0,35,2,80051,30,,,0,75,2,80042,30,,,0,75,2,80059,30,,,0,35,2,80066,30,,,0,75,2,80050,30,,,0,31,2,80044,30,,,0,60,2,80071,30,,,0,28,2,80058,30,,,0,68,2,80067,30,,,0,28,2,80052,30,,,0,68,42,80045,30,,,0,28,2,80073,30,,,0,28,2,80061,30,,,0,68,2,80068,30,,,0,28,2,80053,30,,,0,68,2,80046,30,,,0,28,2,80074,30,,,0,68,2,80060,30,,,0,28,2,80070,30,,,0,75,2,80054,30,,,0,35,2,80047,30,,,0,75,2,80063,30,,,0,75,2,80069,30,,,0,35,2,80056,30,,,0,75,2,80048,30,,,0,35,2,80062,30,,,0,75,2,80072,30,,,0
1900,'STMPSu2-Sunday',551,,80149,1,,,0,75,,80165,1,,,0,77,2,80172,30,,,0,35,2,80157,30,,,0,75,2,80150,30,,,0,35,2,80164,30,,,0,75,2,80173,30,,,0,35,2,80158,30,,,0,75,2,80151,30,,,0,75,2,80167,30,,,0,35,2,80174,30,,,0,75,2,80159,30,,,0,31,2,80152,30,,,0,60,2,80180,30,,,0,28,2,80166,30,,,0,68,2,80176,30,,,0,28,2,80160,30,,,0,68,42,80153,30,,,0,28,2,80181,30,,,0,28,2,80168,30,,,0,68,2,80175,30,,,0,28,2,80161,30,,,0,68,2,80154,30,,,0,28,2,80182,30,,,0,68,2,80169,30,,,0,28,2,80177,30,,,0,75,2,80162,30,,,0,35,2,80155,30,,,0,75,2,80170,30,,,0,75,2,80178,30,,,0,35,2,80163,30,,,0,75,2,80156,30,,,0,35,2,80171,30,,,0,75,2,80179,30,,,0
1900,'STMPWeek-Weekday',511,,80199,1,,,0,29,2,80207,30,,,0,70,2,80215,30,,,0,26,2,80183,30,,,0,74,2,80191,30,,,0,26,2,80200,30,,,0,75,2,80208,30,,,0,38,2,80216,30,,,0,70,2,80185,30,,,0,32,2,80192,30,,,0,72,2,80201,30,,,0,32,2,80209,30,,,0,72,2,80217,30,,,0,32,2,80184,30,,,0,72,2,80193,30,,,0,72,2,80202,30,,,0,32,2,80210,30,,,0,72,2,80218,30,,,0,32,2,80186,30,,,0,74,2,80194,30,,,0,32,2,80203,30,,,0,72,2,80211,30,,,0,31,2,80219,30,,,0,72,2,80187,30,,,0,32,2,80195,30,,,0,70,2,80204,30,,,0,29,2,80212,30,,,0,66,2,80220,30,,,0,30,2,80188,30,,,0,70,2,80196,30,,,0,30,2,80205,30,,,0,70,2,80213,30,,,0,30,2,80221,30,,,0,70,2,80189,30,,,0,29,2,80197,30,,,0,69,2,80206,30,,,0,30,2,80214,30,,,0,70,2,80222,30,,,0,30,2,80190,30,,,0,70,2,80198,30,,,0
8900,'STMPWeek-Weekday',642,,108840,1,,,0,82,,108842,1,,,0,82,,108839,1,,,0,732,,108847,1,,,0,79,,108844,1,,,0,85,,108843,1,,,0,39,,108845,1,,,0,82,,108846,1,,,0
8901,'STMPWeek-Weekday',632,,108874,27,4,,0,82,,108877,27,4,,0,44,,108875,27,4,,0,85,,108881,27,4,,0,79,,108876,27,4,,0,778,,108878,27,4,,0,38,,108880,27,4,,0,82,,108879,27,4,,0
10500,'STMPSa-Saturday',640,,116704,1,,,0,80,,116695,1,,,0,80,,116710,1,,,0,40,,116699,1,,,0,80,,116705,1,,,0,80,,116694,1,,,0,40,,116712,1,,,0,80,,116700,1,,,0,80,,116706,1,,,0,40,,116697,1,,,0,80,,116713,1,,,0,80,,116701,1,,,0,40,,116708,1,,,0,80,,116696,1,,,0,80,,116714,1,,,0,40,,116702,1,,,0,80,,116707,1,,,0,80,,116698,1,,,0,40,,116711,1,,,0,80,,116703,1,,,0,80,,116709,1,,,0,40,,116693,1,,,0
10500,'STMPSu2-Sunday',640,,116771,1,,,0,80,,116778,1,,,0,80,,116785,1,,,0,40,,116772,1,,,0,80,,116779,1,,,0,80,,116786,1,,,0,40,,116773,1,,,0,80,,116780,1,,,0,80,,116787,1,,,0,40,,116774,1,,,0,80,,116781,1,,,0,80,,116788,1,,,0,40,,116775,1,,,0,80,,116782,1,,,0,80,,116789,1,,,0,40,,116776,1,,,0,80,,116783,1,,,0,80,,116790,1,,,0,40,,116777,1,,,0,80,,116784,1,,,0,80,,116791,1,,,0,40,,116792,1,,,0
10500,'STMPWeek-Weekday',534,,116818,1,,,0,70,,116809,1,,,0,30,,116801,1,,,0,70,,116793,1,,,0,30,,116819,1,,,0,70,,116810,1,,,0,30,,116802,1,,,0,70,,116794,1,,,0,30,,116820,1,,,0,70,,116812,1,,,0,30,,116803,1,,,0,70,,116795,1,,,0,30,,116821,1,,,0,70,,116811,1,,,0,30,,116804,1,,,0,70,,116796,1,,,0,30,,116822,1,,,0,70,,116813,1,,,0,30,,116805,1,,,0,66,,116797,1,,,0,34,,116823,1,,,0,70,,116814,1,,,0,30,,116806,1,,,0,70,,116798,1,,,0,30,,116824,1,,,0,70,,116815,1,,,0,30,,116807,1,,,0,70,,116799,1,,,0,30,,116825,1,,,0,70,,116816,1,,,0,30,,116808,1,,,0,70,,116800,1,,,0,30,,116826,1,,,0,83,,116817,1,,,0
10501,'STMPSa-Saturday',638,,116940,28,4,,0,75,,116950,28,4,,0,40,,116947,28,4,,0,80,,116949,28,4,,0,80,,116952,28,4,,0,40,,116948,28,4,,0,80,,116951,28,4,,0,80,,116954,28,4,,0,40,,116955,28,4,,0,80,,116957,28,4,,0,80,,116953,28,4,,0,40,,116958,28,4,,0,80,,116959,28,4,,0,80,,116956,28,4,,0,40,,116960,28,4,,0,80,,116961,28,4,,0,80,,116945,28,4,,0,40,,116944,28,4,,0,79,,116946,28,4,,0,80,,116942,28,4,,0,40,,116943,28,4,,0,80,,116941,28,4,,0
10501,'STMPSu2-Sunday',638,,117019,28,4,,0,75,,117026,28,4,,0,40,,117033,28,4,,0,80,,117020,28,4,,0,80,,117027,28,4,,0,40,,117034,28,4,,0,80,,117021,28,4,,0,80,,117028,28,4,,0,40,,117035,28,4,,0,80,,117022,28,4,,0,80,,117029,28,4,,0,40,,117036,28,4,,0,80,,117023,28,4,,0,80,,117030,28,4,,0,40,,117037,28,4,,0,80,,117024,28,4,,0,80,,117031,28,4,,0,40,,117038,28,4,,0,79,,117025,28,4,,0,80,,117032,28,4,,0,40,,117040,28,4,,0,80,,117039,28,4,,0
10501,'STMPWeek-Weekday',529,,117066,28,4,,0,30,,117057,28,4,,0,69,,117049,28,4,,0,73,,117041,28,4,,0,30,,117067,28,4,,0,72,,117060,28,4,,0,30,,117050,28,4,,0,14,,117075,28,4,,0,53,,117042,28,4,,0,30,,117068,28,4,,0,70,,117058,28,4,,0,30,,117051,28,4,,0,70,,117043,28,4,,0,30,,117069,28,4,,0,70,,117059,28,4,,0,30,,117052,28,4,,0,70,,117044,28,4,,0,30,,117070,28,4,,0,70,,117061,28,4,,0,30,,117053,28,4,,0,70,,117045,28,4,,0,33,,117071,28,4,,0,70,,117062,28,4,,0,30,,117054,28,4,,0,70,,117046,28,4,,0,30,,117072,28,4,,0,70,,117063,28,4,,0,30,,117056,28,4,,0,67,,117047,28,4,,0,29,,117073,28,4,,0,30,,117064,28,4,,0,70,,117055,28,4,,0,29,,117048,28,4,,0,69,,117074,28,4,,0,83,,117065,28,4,,0
41401,'STMPSa-Saturday',853,2,144357,18,0,194 12 119,0,100,2,144356,18,0,194 12 119,0,100,2,144364,18,0,194 12 119,0,100,2,144359,18,0,194 12 119,0,100,2,144363,18,0,194 12 119,0,100,2,144355,18,0,194 12 119,0,100,2,144362,18,0,194 12 119,0,100,2,144361,18,0,194 12 119,0,100,2,144360,18,0,194 12 119,0,100,2,144358,18,0,194 12 119,0,100,2,144354,18,0,194 12 119,0
41401,'STMPSu2-Sunday',953,2,144397,18,0,194 12 119,0,100,2,144396,18,0,194 12 119,0,100,2,144394,18,0,194 12 119,0,100,2,144395,18,0,194 12 119,0,100,2,144400,18,0,194 12 119,0,100,2,144398,18,0,194 12 119,0,100,2,144401,18,0,194 12 119,0,100,2,144402,18,0,194 12 119,0,100,2,144399,18,0,194 12 119,0,100,2,144393,18,0,194 12 119,0
41401,'STMPWeek-Weekday',651,2,144403,18,0,194 12 119,0,70,2,144415,18,0,194 12 119,0,30,2,144404,18,0,194 12 119,0,70,2,144416,18,0,194 12 119,0,30,2,144405,18,0,194 12 119,0,70,3,144418,18,0,194 12 119,0,30,3,144406,18,0,194 12 119,0,100,3,144408,18,0,194 12 119,0,100,3,144407,18,0,194 12 119,0,100,3,144410,18,0,194 12 119,0,100,3,144409,18,0,194 12 119,0,100,3,144411,18,0,194 12 119,0,75,3,144417,18,0,194 12 119,0,29,3,144412,18,0,194 12 119,0,78,3,144419,18,0,194 12 119,0,69,43,144413,18,0,194 12 119,0,43,3,144420,18,0,194 12 119,0,71,2,144414,18,0,194 12 119,0
