9801,'Saturday',607,,113351,21,,,0,35,,113352,21,,,0,75,,113354,21,,,0,35,,113353,21,,,0,75,,113356,21,,,0,75,,113357,21,,,0,35,,113355,21,,,0,75,,113358,21,,,0,35,,113359,21,,,0,75,,113360,21,,,0,35,,113361,21,,,0,75,,113362,21,,,0,75,,113363,21,,,0,35,,113364,21,,,0,75,,113365,21,,,0,35,,113366,21,,,0,75,,113367,21,,,0,75,,113368,21,,,0,35,,113369,21,,,0,75,,113370,21,,,0,35,,113371,21,,,0,75,,113372,21,,,0,35,,113374,21,,,0,75,,113373,21,,,0,75,,113375,21,,,0,35,,113376,21,,,0,75,,113378,21,,,0,35,,113377,21,,,0,75,,113380,21,,,0,75,,113379,21,,,0
9801,'Sunday',826,,113381,21,,,0,75,,113382,21,,,0,35,,113383,21,,,0,75,,113384,21,,,0,35,,113385,21,,,0,75,,113387,21,,,0,35,,113386,21,,,0,75,,113388,21,,,0,75,,113389,21,,,0,35,,113390,21,,,0,75,,113391,21,,,0,35,,113392,21,,,0,75,,113393,21,,,0,75,,113394,21,,,0,35,,113395,21,,,0,75,,113396,21,,,0,35,,113397,21,,,0,75,,113399,21,,,0,35,,113398,21,,,0,75,,113400,21,,,0,75,,113401,21,,,0,35,,113402,21,,,0,75,,113403,21,,,0,35,,113404,21,,,0,75,,113405,21,,,0,75,,113406,21,,,0
9801,'Weekday',450,,113408,21,,,0,73,,113409,21,,,0,33,,113426,21,,,0,77,,113410,21,,,0,73,,113427,21,,,0,33,,113411,21,,,0,73,,113428,21,,,0,33,,113412,21,,,0,70,,113429,21,,,0,33,,113413,21,,,0,73,,113430,21,,,0,33,,113414,21,,,0,73,,113431,21,,,0,73,,113415,21,,,0,33,,113432,21,,,0,73,,113416,21,,,0,33,,113433,21,,,0,73,,113417,21,,,0,33,,113434,21,,,0,76,,113418,21,,,0,34,,113435,21,,,0,57,,113407,21,,,0,16,,113419,21,,,0,73,,113436,21,,,0,33,,113420,21,,,0,72,,113437,21,,,0,31,,113421,21,,,0,72,,113438,21,,,0,33,,113422,21,,,0,73,,113439,21,,,0,33,,113423,21,,,0,72,,113440,21,,,0,33,,113424,21,,,0,73,,113441,21,,,0,33,,113425,21,,,0,73,,113442,21,,,0
9801,'STMPSa-Saturday',607,,113443,21,,,0,35,,113444,21,,,0,75,,113446,21,,,0,35,,113445,21,,,0,75,,113448,21,,,0,75,,113449,21,,,0,35,,113447,21,,,0,75,,113450,21,,,0,35,,113451,21,,,0,75,,113452,21,,,0,35,,113453,21,,,0,75,,113454,21,,,0,75,,113455,21,,,0,35,,113456,21,,,0,75,,113457,21,,,0,35,,113458,21,,,0,75,,113459,21,,,0,75,,113460,21,,,0,35,,113461,21,,,0,75,,113462,21,,,0,35,,113463,21,,,0,75,,113464,21,,,0,35,,113466,21,,,0,75,,113465,21,,,0,75,,113467,21,,,0,35,,113469,21,,,0,75,,113468,21,,,0,35,,113470,21,,,0,75,,113472,21,,,0,75,,113471,21,,,0
9801,'STMPSnea-Weekday',450,,113474,21,,,0,73,,113475,21,,,0,33,,113492,21,,,0,77,,113476,21,,,0,73,,113493,21,,,0,33,,113477,21,,,0,73,,113494,21,,,0,33,,113478,21,,,0,70,,113495,21,,,0,33,,113479,21,,,0,73,,113496,21,,,0,33,,113480,21,,,0,73,,113497,21,,,0,73,,113481,21,,,0,33,,113498,21,,,0,73,,113482,21,,,0,33,,113499,21,,,0,73,,113483,21,,,0,33,,113500,21,,,0,76,,113484,21,,,0,34,,113501,21,,,0,57,,113473,21,,,0,16,,113485,21,,,0,73,,113502,21,,,0,33,,113486,21,,,0,72,,113503,21,,,0,31,,113487,21,,,0,72,,113504,21,,,0,33,,113488,21,,,0,73,,113505,21,,,0,33,,113489,21,,,0,72,,113506,21,,,0,33,,113490,21,,,0,73,,113507,21,,,0,33,,113491,21,,,0,73,,113508,21,,,0
9801,'STMPSu1-Sunday',826,,113509,21,,,0,75,,113510,21,,,0,35,,113511,21,,,0,75,,113512,21,,,0,35,,113513,21,,,0,75,,113515,21,,,0,35,,113514,21,,,0,75,,113516,21,,,0,75,,113517,21,,,0,35,,113518,21,,,0,75,,113519,21,,,0,35,,113520,21,,,0,75,,113521,21,,,0,75,,113522,21,,,0,35,,113523,21,,,0,75,,113524,21,,,0,35,,113525,21,,,0,75,,113527,21,,,0,35,,113526,21,,,0,75,,113528,21,,,0,75,,113529,21,,,0,35,,113530,21,,,0,75,,113531,21,,,0,35,,113532,21,,,0,75,,113533,21,,,0,75,,113534,21,,,0
9801,'STMPSu2-Sunday',826,,113535,21,,,0,75,,113536,21,,,0,35,,113537,21,,,0,75,,113538,21,,,0,35,,113539,21,,,0,75,,113541,21,,,0,35,,113540,21,,,0,75,,113542,21,,,0,75,,113543,21,,,0,35,,113544,21,,,0,75,,113545,21,,,0,35,,113546,21,,,0,75,,113547,21,,,0,75,,113548,21,,,0,35,,113549,21,,,0,75,,113550,21,,,0,35,,113551,21,,,0,75,,113553,21,,,0,35,,113552,21,,,0,75,,113554,21,,,0,75,,113555,21,,,0,35,,113556,21,,,0,75,,113557,21,,,0,35,,113558,21,,,0,75,,113559,21,,,0,75,,113560,21,,,0
9801,'STMPWeek-Weekday',450,,113562,21,,,0,73,,113563,21,,,0,33,,113580,21,,,0,77,,113564,21,,,0,73,,113581,21,,,0,33,,113565,21,,,0,73,,113582,21,,,0,33,,113566,21,,,0,70,,113583,21,,,0,33,,113567,21,,,0,73,,113584,21,,,0,33,,113568,21,,,0,73,,113585,21,,,0,73,,113569,21,,,0,33,,113586,21,,,0,73,,113570,21,,,0,33,,113587,21,,,0,73,,113571,21,,,0,33,,113588,21,,,0,76,,113572,21,,,0,34,,113589,21,,,0,57,,113561,21,,,0,16,,113573,21,,,0,73,,113590,21,,,0,33,,113574,21,,,0,72,,113591,21,,,0,31,,113575,21,,,0,72,,113592,21,,,0,33,,113576,21,,,0,73,,113593,21,,,0,33,,113577,21,,,0,72,,113594,21,,,0,33,,113578,21,,,0,73,,113595,21,,,0,33,,113579,21,,,0,73,,113596,21,,,0
9801,'STMPar-Weekday',450,,113598,21,,,0,73,,113599,21,,,0,33,,113616,21,,,0,77,,113600,21,,,0,73,,113617,21,,,0,33,,113601,21,,,0,73,,113618,21,,,0,33,,113602,21,,,0,70,,113619,21,,,0,33,,113603,21,,,0,73,,113620,21,,,0,33,,113604,21,,,0,73,,113621,21,,,0,73,,113605,21,,,0,33,,113622,21,,,0,73,,113606,21,,,0,33,,113623,21,,,0,73,,113607,21,,,0,33,,113624,21,,,0,76,,113608,21,,,0,34,,113625,21,,,0,57,,113597,21,,,0,16,,113609,21,,,0,73,,113626,21,,,0,33,,113610,21,,,0,72,,113627,21,,,0,31,,113611,21,,,0,72,,113628,21,,,0,33,,113612,21,,,0,73,,113629,21,,,0,33,,113613,21,,,0,72,,113630,21,,,0,33,,113614,21,,,0,73,,113631,21,,,0,33,,113615,21,,,0,73,,113632,21,,,0
15600,'Saturday',628,,130036,8,,,0,73,,130037,8,,,0,33,,130039,8,,,0,73,,130040,8,,,0,33,,130041,8,,,0,73,,130038,8,,,0,33,,130042,8,,,0,73,,130043,8,,,0,33,,130044,8,,,0,73,,130045,8,,,0,33,,130047,8,,,0,73,,130046,8,,,0,73,,130049,8,,,0,33,,130051,8,,,0,73,,130048,8,,,0,33,,130050,8,,,0,73,,130052,8,,,0,33,,130053,8,,,0,73,,130054,8,,,0,33,,130055,8,,,0,73,,130056,8,,,0,73,,130057,8,,,0,33,,130058,8,,,0,73,,130059,8,,,0,33,,130060,8,,,0,73,,130061,8,,,0,33,,130062,8,,,0,73,,130063,8,,,0,33,,130064,8,,,0,73,,130065,8,,,0
15600,'Sunday',759,,130066,8,,,0,73,,130067,8,,,0,73,,130068,8,,,0,33,,130070,8,,,0,73,,130069,8,,,0,33,,130071,8,,,0,73,,130074,8,,,0,33,,130073,8,,,0,73,,130072,8,,,0,33,,130075,8,,,0,73,,130076,8,,,0,73,,130077,8,,,0,33,,130078,8,,,0,73,,130079,8,,,0,33,,130080,8,,,0,73,,130081,8,,,0,33,,130082,8,,,0,73,,130084,8,,,0,33,,130083,8,,,0,73,,130085,8,,,0,33,,130086,8,,,0,73,,130087,8,,,0,73,,130088,8,,,0,33,,130089,8,,,0,73,,130090,8,,,0,33,,130091,8,,,0,73,,130092,8,,,0
15600,'Weekday',526,,130110,8,,,0,33,,130093,8,,,0,73,,130111,8,,,0,73,,130094,8,,,0,33,,130112,8,,,0,73,,130095,8,,,0,29,,130113,8,,,0,77,,130096,8,,,0,33,,130114,8,,,0,73,,130097,8,,,0,33,,130115,8,,,0,73,,130098,8,,,0,73,,130116,8,,,0,33,,130099,8,,,0,73,,130117,8,,,0,29,,130100,8,,,0,77,,130118,8,,,0,33,,130101,8,,,0,73,,130119,8,,,0,33,,130102,8,,,0,73,,130120,8,,,0,33,,130103,8,,,0,73,,130121,8,,,0,73,,130104,8,,,0,33,,130122,8,,,0,73,,130105,8,,,0,33,,130123,8,,,0,73,,130106,8,,,0,33,,130124,8,,,0,73,,130107,8,,,0,33,,130125,8,,,0,73,,130109,8,,,0,73,,130126,8,,,0,33,,130108,8,,,0
15600,'STMPSa-Saturday',628,,130127,8,,,0,73,,130128,8,,,0,33,,130130,8,,,0,73,,130131,8,,,0,33,,130132,8,,,0,73,,130129,8,,,0,33,,130133,8,,,0,73,,130134,8,,,0,33,,130135,8,,,0,73,,130136,8,,,0,33,,130138,8,,,0,73,,130137,8,,,0,73,,130140,8,,,0,33,,130142,8,,,0,73,,130139,8,,,0,33,,130141,8,,,0,73,,130143,8,,,0,33,,130144,8,,,0,73,,130145,8,,,0,33,,130146,8,,,0,73,,130147,8,,,0,73,,130148,8,,,0,33,,130149,8,,,0,73,,130150,8,,,0,33,,130151,8,,,0,73,,130152,8,,,0,33,,130153,8,,,0,73,,130154,8,,,0,33,,130155,8,,,0,73,,130156,8,,,0
15600,'STMPSnea-Weekday',526,,130174,8,,,0,33,,130157,8,,,0,73,,130175,8,,,0,73,,130158,8,,,0,33,,130176,8,,,0,73,,130159,8,,,0,29,,130177,8,,,0,77,,130160,8,,,0,33,,130178,8,,,0,73,,130161,8,,,0,33,,130179,8,,,0,73,,130162,8,,,0,73,,130180,8,,,0,33,,130163,8,,,0,73,,130181,8,,,0,29,,130164,8,,,0,77,,130182,8,,,0,33,,130165,8,,,0,73,,130183,8,,,0,33,,130166,8,,,0,73,,130184,8,,,0,33,,130167,8,,,0,73,,130185,8,,,0,73,,130168,8,,,0,33,,130186,8,,,0,73,,130169,8,,,0,33,,130187,8,,,0,73,,130170,8,,,0,33,,130188,8,,,0,73,,130171,8,,,0,33,,130189,8,,,0,73,,130173,8,,,0,73,,130190,8,,,0,33,,130172,8,,,0
15600,'STMPSu1-Sunday',759,,130191,8,,,0,73,,130192,8,,,0,73,,130193,8,,,0,33,,130195,8,,,0,73,,130194,8,,,0,33,,130196,8,,,0,73,,130199,8,,,0,33,,130198,8,,,0,73,,130197,8,,,0,33,,130200,8,,,0,73,,130201,8,,,0,73,,130202,8,,,0,33,,130203,8,,,0,73,,130204,8,,,0,33,,130205,8,,,0,73,,130206,8,,,0,33,,130207,8,,,0,73,,130209,8,,,0,33,,130208,8,,,0,73,,130210,8,,,0,33,,130211,8,,,0,73,,130212,8,,,0,73,,130213,8,,,0,33,,130214,8,,,0,73,,130215,8,,,0,33,,130216,8,,,0,73,,130217,8,,,0
15600,'STMPSu2-Sunday',759,,130218,8,,,0,73,,130219,8,,,0,73,,130220,8,,,0,33,,130222,8,,,0,73,,130221,8,,,0,33,,130223,8,,,0,73,,130226,8,,,0,33,,130225,8,,,0,73,,130224,8,,,0,33,,130227,8,,,0,73,,130228,8,,,0,73,,130229,8,,,0,33,,130230,8,,,0,73,,130231,8,,,0,33,,130232,8,,,0,73,,130233,8,,,0,33,,130234,8,,,0,73,,130236,8,,,0,33,,130235,8,,,0,73,,130237,8,,,0,33,,130238,8,,,0,73,,130239,8,,,0,73,,130240,8,,,0,33,,130241,8,,,0,73,,130242,8,,,0,33,,130243,8,,,0,73,,130244,8,,,0
15600,'STMPWeek-Weekday',526,,130262,8,,,0,33,,130245,8,,,0,73,,130263,8,,,0,73,,130246,8,,,0,33,,130264,8,,,0,73,,130247,8,,,0,29,,130265,8,,,0,77,,130248,8,,,0,33,,130266,8,,,0,73,,130249,8,,,0,33,,130267,8,,,0,73,,130250,8,,,0,73,,130268,8,,,0,33,,130251,8,,,0,73,,130269,8,,,0,29,,130252,8,,,0,77,,130270,8,,,0,33,,130253,8,,,0,73,,130271,8,,,0,33,,130254,8,,,0,73,,130272,8,,,0,33,,130255,8,,,0,73,,130273,8,,,0,73,,130256,8,,,0,33,,130274,8,,,0,73,,130257,8,,,0,33,,130275,8,,,0,73,,130258,8,,,0,33,,130276,8,,,0,73,,130259,8,,,0,33,,130277,8,,,0,73,,130261,8,,,0,73,,130278,8,,,0,33,,130260,8,,,0
15600,'STMPar-Weekday',526,,130296,8,,,0,33,,130279,8,,,0,73,,130297,8,,,0,73,,130280,8,,,0,33,,130298,8,,,0,73,,130281,8,,,0,29,,130299,8,,,0,77,,130282,8,,,0,33,,130300,8,,,0,73,,130283,8,,,0,33,,130301,8,,,0,73,,130284,8,,,0,73,,130302,8,,,0,33,,130285,8,,,0,73,,130303,8,,,0,29,,130286,8,,,0,77,,130304,8,,,0,33,,130287,8,,,0,73,,130305,8,,,0,33,,130288,8,,,0,73,,130306,8,,,0,33,,130289,8,,,0,73,,130307,8,,,0,73,,130290,8,,,0,33,,130308,8,,,0,73,,130291,8,,,0,33,,130309,8,,,0,73,,130292,8,,,0,33,,130310,8,,,0,73,,130293,8,,,0,33,,130311,8,,,0,73,,130294,8,,,0,73,,130312,8,,,0,33,,130295,8,,,0
16400,'Saturday',552,,132328,13,,,0,72,,132345,13,,,0,32,,132329,13,,,0,72,,132344,13,,,0,72,,132330,13,,,0,32,,132346,13,,,0,72,,132331,13,,,0,32,,132347,13,,,0,72,,132332,13,,,0,32,,132349,13,,,0,72,,132333,13,,,0,32,,132348,13,,,0,72,,132334,13,,,0,32,,132352,13,,,0,72,,132335,13,,,0,32,,132350,13,,,0,72,,132336,13,,,0,32,,132351,13,,,0,72,,132337,13,,,0,72,,132353,13,,,0,32,,132338,13,,,0,72,,132354,13,,,0,32,,132339,13,,,0,72,,132355,13,,,0,32,,132340,13,,,0,72,,132356,13,,,0,32,,132341,13,,,0,72,,132357,13,,,0,32,,132342,13,,,0,72,,132358,13,,,0,32,,132343,13,,,0,72,,132359,13,,,0
16400,'Sunday',552,,132360,13,,,0,72,,132376,13,,,0,32,,132361,13,,,0,72,,132378,13,,,0,72,,132362,13,,,0,32,,132377,13,,,0,72,,132363,13,,,0,32,,132380,13,,,0,72,,132364,13,,,0,32,,132379,13,,,0,72,,132365,13,,,0,32,,132381,13,,,0,72,,132366,13,,,0,32,,132382,13,,,0,72,,132367,13,,,0,32,,132383,13,,,0,72,,132368,13,,,0,32,,132384,13,,,0,72,,132370,13,,,0,72,,132385,13,,,0,32,,132369,13,,,0,72,,132386,13,,,0,32,,132371,13,,,0,72,,132387,13,,,0,32,,132372,13,,,0,72,,132388,13,,,0,32,,132373,13,,,0,72,,132389,13,,,0,32,,132374,13,,,0,72,,132390,13,,,0,32,,132375,13,,,0,72,,132391,13,,,0
16400,'Weekday',512,,132393,13,,,0,32,,132411,13,,,0,72,,132392,13,,,0,32,,132412,13,,,0,72,,132394,13,,,0,32,,132413,13,,,0,72,,132395,13,,,0,32,,132414,13,,,0,72,,132396,13,,,0,72,,132415,13,,,0,32,,132397,13,,,0,72,,132417,13,,,0,32,,132399,13,,,0,72,,132416,13,,,0,32,,132398,13,,,0,72,,132418,13,,,0,32,,132400,13,,,0,72,,132419,13,,,0,32,,132401,13,,,0,72,,132420,13,,,0,32,,132403,13,,,0,72,,132421,13,,,0,32,,132402,13,,,0,72,,132422,13,,,0,72,,132404,13,,,0,32,,132424,13,,,0,72,,132405,13,,,0,32,,132423,13,,,0,72,,132406,13,,,0,32,,132425,13,,,0,72,,132407,13,,,0,32,,132426,13,,,0,72,,132408,13,,,0,32,,132427,13,,,0,72,,132409,13,,,0,32,,132428,13,,,0,71,,132410,13,,,0
16400,'STMPSa-Saturday',552,,132429,13,,,0,72,,132446,13,,,0,32,,132430,13,,,0,72,,132445,13,,,0,72,,132431,13,,,0,32,,132447,13,,,0,72,,132432,13,,,0,32,,132448,13,,,0,72,,132433,13,,,0,32,,132450,13,,,0,72,,132434,13,,,0,32,,132449,13,,,0,72,,132435,13,,,0,32,,132453,13,,,0,72,,132436,13,,,0,32,,132451,13,,,0,72,,132437,13,,,0,32,,132452,13,,,0,72,,132438,13,,,0,72,,132454,13,,,0,32,,132439,13,,,0,72,,132455,13,,,0,32,,132440,13,,,0,72,,132456,13,,,0,32,,132441,13,,,0,72,,132457,13,,,0,32,,132442,13,,,0,72,,132458,13,,,0,32,,132443,13,,,0,72,,132459,13,,,0,32,,132444,13,,,0,72,,132460,13,,,0
16400,'STMPSnea-Weekday',512,,132462,13,,,0,32,,132480,13,,,0,72,,132461,13,,,0,32,,132481,13,,,0,72,,132463,13,,,0,32,,132482,13,,,0,72,,132464,13,,,0,32,,132483,13,,,0,72,,132465,13,,,0,72,,132484,13,,,0,32,,132466,13,,,0,72,,132486,13,,,0,32,,132468,13,,,0,72,,132485,13,,,0,32,,132467,13,,,0,72,,132487,13,,,0,32,,132469,13,,,0,72,,132488,13,,,0,32,,132470,13,,,0,72,,132489,13,,,0,32,,132472,13,,,0,72,,132490,13,,,0,32,,132471,13,,,0,72,,132491,13,,,0,72,,132473,13,,,0,32,,132493,13,,,0,72,,132474,13,,,0,32,,132492,13,,,0,72,,132475,13,,,0,32,,132494,13,,,0,72,,132476,13,,,0,32,,132495,13,,,0,72,,132477,13,,,0,32,,132496,13,,,0,72,,132478,13,,,0,32,,132497,13,,,0,71,,132479,13,,,0
16400,'STMPSu1-Sunday',552,,132498,13,,,0,72,,132514,13,,,0,32,,132499,13,,,0,72,,132516,13,,,0,72,,132500,13,,,0,32,,132515,13,,,0,72,,132501,13,,,0,32,,132518,13,,,0,72,,132502,13,,,0,32,,132517,13,,,0,72,,132503,13,,,0,32,,132519,13,,,0,72,,132504,13,,,0,32,,132520,13,,,0,72,,132505,13,,,0,32,,132521,13,,,0,72,,132506,13,,,0,32,,132522,13,,,0,72,,132508,13,,,0,72,,132523,13,,,0,32,,132507,13,,,0,72,,132524,13,,,0,32,,132509,13,,,0,72,,132525,13,,,0,32,,132510,13,,,0,72,,132526,13,,,0,32,,132511,13,,,0,72,,132527,13,,,0,32,,132512,13,,,0,72,,132528,13,,,0,32,,132513,13,,,0,72,,132529,13,,,0
16400,'STMPSu2-Sunday',552,,132530,13,,,0,72,,132546,13,,,0,32,,132531,13,,,0,72,,132548,13,,,0,72,,132532,13,,,0,32,,132547,13,,,0,72,,132533,13,,,0,32,,132550,13,,,0,72,,132534,13,,,0,32,,132549,13,,,0,72,,132535,13,,,0,32,,132551,13,,,0,72,,132536,13,,,0,32,,132552,13,,,0,72,,132537,13,,,0,32,,132553,13,,,0,72,,132538,13,,,0,32,,132554,13,,,0,72,,132540,13,,,0,72,,132555,13,,,0,32,,132539,13,,,0,72,,132556,13,,,0,32,,132541,13,,,0,72,,132557,13,,,0,32,,132542,13,,,0,72,,132558,13,,,0,32,,132543,13,,,0,72,,132559,13,,,0,32,,132544,13,,,0,72,,132560,13,,,0,32,,132545,13,,,0,72,,132561,13,,,0
16400,'STMPWeek-Weekday',512,,132563,13,,,0,32,,132581,13,,,0,72,,132562,13,,,0,32,,132582,13,,,0,72,,132564,13,,,0,32,,132583,13,,,0,72,,132565,13,,,0,32,,132584,13,,,0,72,,132566,13,,,0,72,,132585,13,,,0,32,,132567,13,,,0,72,,132587,13,,,0,32,,132569,13,,,0,72,,132586,13,,,0,32,,132568,13,,,0,72,,132588,13,,,0,32,,132570,13,,,0,72,,132589,13,,,0,32,,132571,13,,,0,72,,132590,13,,,0,32,,132573,13,,,0,72,,132591,13,,,0,32,,132572,13,,,0,72,,132592,13,,,0,72,,132574,13,,,0,32,,132594,13,,,0,72,,132575,13,,,0,32,,132593,13,,,0,72,,132576,13,,,0,32,,132595,13,,,0,72,,132577,13,,,0,32,,132596,13,,,0,72,,132578,13,,,0,32,,132597,13,,,0,72,,132579,13,,,0,32,,132598,13,,,0,71,,132580,13,,,0
16400,'STMPar-Weekday',512,,132600,13,,,0,32,,132618,13,,,0,72,,132599,13,,,0,32,,132619,13,,,0,72,,132601,13,,,0,32,,132620,13,,,0,72,,132602,13,,,0,32,,132621,13,,,0,72,,132603,13,,,0,72,,132622,13,,,0,32,,132604,13,,,0,72,,132624,13,,,0,32,,132606,13,,,0,72,,132623,13,,,0,32,,132605,13,,,0,72,,132625,13,,,0,32,,132607,13,,,0,72,,132626,13,,,0,32,,132608,13,,,0,72,,132627,13,,,0,32,,132610,13,,,0,72,,132628,13,,,0,32,,132609,13,,,0,72,,132630,13,,,0,72,,132611,13,,,0,32,,132631,13,,,0,72,,132612,13,,,0,32,,132629,13,,,0,72,,132614,13,,,0,32,,132632,13,,,0,72,,132615,13,,,0,32,,132633,13,,,0,72,,132613,13,,,0,32,,132634,13,,,0,72,,132616,13,,,0,32,,132635,13,,,0,71,,132617,13,,,0
