7500,'CUT-Weekday',617,,19879,4,,0,33,,19897,4,,0,63,,19899,4,,0,23,,19911,4,,0,23,,19906,4,,0,63,,19888,4,,0,23,,19882,4,,0,63,,19918,4,,0,20,,19920,4,,0,23,,19885,4,,0,74,,19914,4,,0,34,,19905,4,,0,74,,19907,4,,0,74,,19896,4,,0,34,,19919,4,,0,74,,19917,4,,0,34,,19881,4,,0,74,,19880,4,,0,36,,19909,4,,0,74,,19915,4,,0,26,,19900,4,,0,50,,19912,4,,0,22,,19889,4,,0,19,,19893,4,,0,59,,19891,4,,0,19,,19890,4,,0,19,,19894,4,,0,59,,19883,4,,0,17,,19904,4,,0,17,,19898,4,,0,19,,19884,4,,0,59,,19901,4,,0,19,,19895,4,,0,18,,19913,4,,0,73,,19903,4,,0,74,,19910,4,,0,33,,19887,4,,0,72,,19886,4,,0,34,,19908,4,,0,74,,19916,4,,0,34,,19921,4,,0,74,,19902,4,,0,30,,19892,4,,0
7500,'Saturday',602,,19922,4,,0,35,,19934,4,,0,75,,19943,4,,0,35,,19923,4,,0,75,,19932,4,,0,36,,19942,4,,0,75,,19924,4,,0,75,,19933,4,,0,35,,19945,4,,0,75,,19926,4,,0,35,,19936,4,,0,75,,19944,4,,0,75,,19927,4,,0,35,,19935,4,,0,75,,19946,4,,0,35,,19928,4,,0,75,,19937,4,,0,35,,19947,4,,0,75,,19925,4,,0,75,,19938,4,,0,35,,19948,4,,0,75,,19929,4,,0,35,,19939,4,,0,75,,19949,4,,0,75,,19930,4,,0,35,,19940,4,,0,75,,19950,4,,0,34,,19931,4,,0,75,,19941,4,,0,25,,19951,4,,0,75,,19952,4,,0,35,,19953,4,,0,75,,19954,4,,0
7500,'Sunday',602,,19955,4,,0,35,,19965,4,,0,75,,19975,4,,0,35,,19957,4,,0,75,,19966,4,,0,36,,19976,4,,0,75,,19956,4,,0,75,,19967,4,,0,35,,19977,4,,0,75,,19958,4,,0,35,,19968,4,,0,75,,19978,4,,0,75,,19959,4,,0,35,,19969,4,,0,75,,19979,4,,0,35,,19960,4,,0,75,,19971,4,,0,35,,19980,4,,0,75,,19961,4,,0,75,,19970,4,,0,35,,19982,4,,0,75,,19962,4,,0,35,,19972,4,,0,75,,19981,4,,0,75,,19963,4,,0,35,,19973,4,,0,75,,19983,4,,0,34,,19964,4,,0,75,,19974,4,,0,35,,19984,4,,0,75,,19985,4,,0,75,,19986,4,,0,35,,19987,4,,0
7500,'Weekday',617,,19988,4,,0,33,,20006,4,,0,63,,20008,4,,0,23,,20020,4,,0,23,,20015,4,,0,63,,19997,4,,0,23,,19991,4,,0,63,,20027,4,,0,20,,20029,4,,0,23,,19994,4,,0,74,,20023,4,,0,34,,20014,4,,0,74,,20017,4,,0,74,,20005,4,,0,34,,20028,4,,0,74,,20026,4,,0,34,,19990,4,,0,74,,19989,4,,0,36,,20016,4,,0,74,,20024,4,,0,26,,20009,4,,0,50,,20021,4,,0,22,,19998,4,,0,19,,20002,4,,0,59,,20000,4,,0,19,,19999,4,,0,19,,20003,4,,0,59,,19992,4,,0,17,,20012,4,,0,17,,20007,4,,0,19,,19993,4,,0,59,,20010,4,,0,19,,20004,4,,0,18,,20022,4,,0,73,,20011,4,,0,74,,20019,4,,0,33,,19996,4,,0,72,,19995,4,,0,34,,20018,4,,0,74,,20025,4,,0,34,,20030,4,,0,74,,20013,4,,0,30,,20001,4,,0
7500,'pBxDec31-Weekday',617,,20031,4,,0,33,,20049,4,,0,63,,20051,4,,0,23,,20063,4,,0,23,,20058,4,,0,63,,20040,4,,0,23,,20034,4,,0,63,,20070,4,,0,20,,20072,4,,0,23,,20037,4,,0,74,,20066,4,,0,34,,20057,4,,0,74,,20059,4,,0,74,,20048,4,,0,34,,20071,4,,0,74,,20069,4,,0,34,,20033,4,,0,74,,20032,4,,0,36,,20061,4,,0,74,,20067,4,,0,26,,20052,4,,0,50,,20064,4,,0,22,,20041,4,,0,19,,20045,4,,0,59,,20043,4,,0,19,,20042,4,,0,19,,20046,4,,0,59,,20035,4,,0,17,,20056,4,,0,17,,20050,4,,0,19,,20036,4,,0,59,,20053,4,,0,19,,20047,4,,0,18,,20065,4,,0,73,,20055,4,,0,74,,20062,4,,0,33,,20039,4,,0,72,,20038,4,,0,34,,20060,4,,0,74,,20068,4,,0,34,,20073,4,,0,74,,20054,4,,0,30,,20044,4,,0
7501,'CUT-Weekday',443,,20109,,,0,70,,20082,,,0,29,,20111,,,0,63,,20079,,,0,23,,20078,,,0,23,,20088,,,0,63,,20094,,,0,23,,20084,,,0,63,,20075,,,0,25,,20116,,,0,21,,20077,,,0,73,,20098,,,0,34,,20114,,,0,74,,20115,,,0,74,,20096,,,0,34,,20087,,,0,74,,20085,,,0,34,,20099,,,0,74,,20112,,,0,34,,20074,,,0,74,,20086,,,0,34,,20108,,,0,59,,20090,,,0,19,,20093,,,0,22,,20089,,,0,56,,20097,,,0,19,,20091,,,0,19,,20101,,,0,59,,20105,,,0,19,,20081,,,0,19,,20092,,,0,59,,20106,,,0,19,,20103,,,0,19,,20076,,,0,74,,20083,,,0,34,,20104,,,0,74,,20100,,,0,74,,20107,,,0,34,,20110,,,0,74,,20080,,,0,34,,20095,,,0,74,,20113,,,0,34,,20102,,,0
7501,'Saturday',603,,20117,,,0,35,,20127,,,0,75,,20135,,,0,35,,20118,,,0,75,,20128,,,0,35,,20138,,,0,75,,20121,,,0,75,,20129,,,0,35,,20137,,,0,75,,20119,,,0,35,,20130,,,0,75,,20139,,,0,75,,20120,,,0,35,,20131,,,0,75,,20140,,,0,35,,20122,,,0,75,,20132,,,0,35,,20142,,,0,75,,20123,,,0,75,,20134,,,0,35,,20141,,,0,75,,20124,,,0,35,,20133,,,0,75,,20143,,,0,75,,20125,,,0,35,,20136,,,0,75,,20144,,,0,35,,20126,,,0,75,,20146,,,0,35,,20147,,,0,75,,20145,,,0
7501,'Sunday',603,,20150,,,0,35,,20157,,,0,75,,20167,,,0,35,,20148,,,0,75,,20160,,,0,35,,20168,,,0,75,,20149,,,0,75,,20159,,,0,35,,20169,,,0,75,,20151,,,0,35,,20161,,,0,75,,20170,,,0,75,,20153,,,0,35,,20162,,,0,75,,20171,,,0,35,,20152,,,0,75,,20163,,,0,35,,20172,,,0,75,,20155,,,0,75,,20165,,,0,35,,20173,,,0,75,,20154,,,0,35,,20164,,,0,75,,20175,,,0,75,,20156,,,0,35,,20166,,,0,75,,20174,,,0,35,,20158,,,0,75,,20178,,,0,35,,20177,,,0,75,,20176,,,0
7501,'Weekday',443,,20215,,,0,70,,20187,,,0,29,,20217,,,0,63,,20184,,,0,23,,20183,,,0,23,,20194,,,0,63,,20200,,,0,23,,20189,,,0,63,,20180,,,0,22,,20191,,,0,3,,20222,,,0,21,,20182,,,0,73,,20204,,,0,34,,20220,,,0,74,,20221,,,0,74,,20202,,,0,34,,20193,,,0,74,,20190,,,0,34,,20205,,,0,74,,20218,,,0,34,,20179,,,0,74,,20192,,,0,34,,20214,,,0,59,,20196,,,0,19,,20199,,,0,22,,20195,,,0,56,,20203,,,0,19,,20197,,,0,19,,20207,,,0,59,,20211,,,0,19,,20186,,,0,19,,20198,,,0,59,,20212,,,0,19,,20209,,,0,19,,20181,,,0,74,,20188,,,0,34,,20210,,,0,74,,20206,,,0,74,,20213,,,0,34,,20216,,,0,74,,20185,,,0,34,,20201,,,0,74,,20219,,,0,34,,20208,,,0
7501,'pBxDec31-Weekday',443,,20259,,,0,70,,20232,,,0,29,,20261,,,0,63,,20229,,,0,23,,20228,,,0,23,,20238,,,0,63,,20244,,,0,23,,20234,,,0,63,,20225,,,0,25,,20266,,,0,21,,20227,,,0,73,,20248,,,0,34,,20264,,,0,74,,20265,,,0,74,,20246,,,0,34,,20237,,,0,74,,20235,,,0,34,,20249,,,0,74,,20262,,,0,34,,20224,,,0,74,,20236,,,0,34,,20258,,,0,59,,20240,,,0,19,,20243,,,0,22,,20239,,,0,56,,20247,,,0,19,,20241,,,0,19,,20251,,,0,59,,20255,,,0,19,,20231,,,0,19,,20242,,,0,59,,20256,,,0,19,,20253,,,0,19,,20226,,,0,74,,20233,,,0,34,,20254,,,0,74,,20250,,,0,74,,20257,,,0,34,,20260,,,0,74,,20230,,,0,34,,20245,,,0,74,,20263,,,0,34,,20252,,,0
86300,'Weekday0000100',1451,,44392,0,17 18 19 1 23,0
86300,'Weekday1111000',1607,,44394,0,17 18 19 1 23,0
86301,'Weekday',812,,44396,0,17 18 19 1 23,0
