15400,'Saturday',639,,60102,8,,,0,85,,60106,8,,,0,85,,60104,8,,,0,45,,60105,8,,,0,85,,60107,8,,,0,85,,60108,8,,,0,85,,60110,8,,,0,45,,60112,8,,,0,86,,60113,8,,,0,85,,60114,8,,,0,85,,60111,8,,,0,45,,60116,8,,,0,85,,60117,8,,,0,85,,60118,8,,,0,85,,60119,8,,,0,45,,60109,8,,,0,85,,60120,8,,,0,85,,60121,8,,,0,85,,60115,8,,,0
15400,'Sunday',639,,60123,8,,,0,85,,60124,8,,,0,85,,60125,8,,,0,45,,60126,8,,,0,85,,60127,8,,,0,85,,60128,8,,,0,85,,60129,8,,,0,45,,60131,8,,,0,86,,60132,8,,,0,85,,60133,8,,,0,85,,60130,8,,,0,45,,60134,8,,,0,85,,60135,8,,,0,85,,60136,8,,,0,85,,60137,8,,,0,45,,60138,8,,,0,85,,60139,8,,,0,85,,60140,8,,,0,85,,60141,8,,,0
15400,'Weekday',537,,60142,8,,,0,70,,60161,8,,,0,30,,60170,8,,,0,70,,60152,8,,,0,30,,60144,8,,,0,70,,60163,8,,,0,30,,60173,8,,,0,70,,60153,8,,,0,30,,60143,8,,,0,70,,60162,8,,,0,30,,60174,8,,,0,70,,60154,8,,,0,30,,60145,8,,,0,70,,60164,8,,,0,30,,60175,8,,,0,70,,60155,8,,,0,30,,60146,8,,,0,70,,60166,8,,,0,30,,60176,8,,,0,71,,60156,8,,,0,32,,60147,8,,,0,69,,60165,8,,,0,30,,60177,8,,,0,72,,60157,8,,,0,30,,60148,8,,,0,70,,60167,8,,,0,29,,60178,8,,,0,68,,60158,8,,,0,30,,60149,8,,,0,70,,60169,8,,,0,30,,60179,8,,,0,72,,60159,8,,,0,30,,60150,8,,,0,70,,60168,8,,,0,30,,60180,8,,,0,68,,60160,8,,,0,30,,60151,8,,,0,70,,60171,8,,,0,30,,60181,8,,,0
15400,'1CCSDCUT-Weekday',537,,60182,8,,,0,70,,60201,8,,,0,30,,60210,8,,,0,70,,60192,8,,,0,30,,60184,8,,,0,70,,60203,8,,,0,30,,60213,8,,,0,70,,60193,8,,,0,30,,60183,8,,,0,70,,60202,8,,,0,30,,60214,8,,,0,70,,60194,8,,,0,30,,60185,8,,,0,70,,60204,8,,,0,30,,60215,8,,,0,70,,60195,8,,,0,30,,60186,8,,,0,70,,60206,8,,,0,30,,60216,8,,,0,71,,60196,8,,,0,32,,60187,8,,,0,69,,60205,8,,,0,30,,60217,8,,,0,72,,60197,8,,,0,30,,60188,8,,,0,70,,60207,8,,,0,29,,60218,8,,,0,68,,60198,8,,,0,30,,60189,8,,,0,70,,60209,8,,,0,30,,60219,8,,,0,72,,60199,8,,,0,30,,60190,8,,,0,70,,60208,8,,,0,30,,60220,8,,,0,68,,60200,8,,,0,30,,60191,8,,,0,70,,60211,8,,,0,30,,60221,8,,,0
70400,'Weekday0000100',1318,,68363,7,0,130 189 190,0
70400,'Weekday1111000',1528,,68365,7,0,130 189 190,0
70400,'1CCSDCUT-Weekday0000100',1318,,68367,7,0,130 189 190,0
70400,'1CCSDCUT-Weekday1111000',1528,,68369,7,0,130 189 190,0
79601,'Weekday',836,,68843,16,0,191 192 16,0
79601,'1CCSDCUT-Weekday',836,,68844,16,0,191 192 16,0
81800,'Weekday0000100',1442,,68940,7,0,12 13 14 15 16,0
81800,'Weekday1111000',1542,,68941,7,0,12 13 14 15 16,0
