1400,'Saturday',622,,2912,33,,,0,28,,2899,33,,,0,72,,2886,33,,,0,30,,2876,33,,,0,70,,2900,33,,,0,30,,2888,33,,,0,71,,2875,33,,,0,30,,2901,33,,,0,70,,2889,33,,,0,30,,2877,33,,,0,70,,2903,33,,,0,30,,2891,33,,,0,70,,2878,33,,,0,30,,2904,33,,,0,70,,2890,33,,,0,30,,2879,33,,,0,70,,2905,33,,,0,30,,2892,33,,,0,70,,2880,33,,,0,30,,2902,33,,,0,70,,2893,33,,,0,30,,2881,33,,,0,70,,2906,33,,,0,30,,2895,33,,,0,70,,2883,33,,,0,30,,2907,33,,,0,70,,2894,33,,,0,30,,2882,33,,,0,70,,2908,33,,,0,30,,2897,33,,,0,70,,2884,33,,,0,30,,2909,33,,,0,70,,2896,33,,,0,30,,2885,33,,,0,77,,2910,33,,,0,23,,2898,33,,,0,70,,2887,33,,,0,30,,2911,33,,,0
1400,'Sunday',622,,2927,33,,,0,28,,2915,33,,,0,72,,2940,33,,,0,30,,2928,33,,,0,70,,2916,33,,,0,30,,2941,33,,,0,71,,2929,33,,,0,30,,2917,33,,,0,70,,2942,33,,,0,30,,2930,33,,,0,70,,2918,33,,,0,30,,2943,33,,,0,70,,2932,33,,,0,30,,2914,33,,,0,70,,2944,33,,,0,30,,2931,33,,,0,70,,2919,33,,,0,30,,2945,33,,,0,70,,2933,33,,,0,30,,2921,33,,,0,70,,2946,33,,,0,30,,2935,33,,,0,70,,2920,33,,,0,30,,2947,33,,,0,70,,2934,33,,,0,30,,2922,33,,,0,70,,2948,33,,,0,30,,2936,33,,,0,70,,2924,33,,,0,30,,2949,33,,,0,70,,2937,33,,,0,30,,2923,33,,,0,70,,2950,33,,,0,30,,2938,33,,,0,76,,2925,33,,,0,24,,2913,33,,,0,70,,2939,33,,,0,30,,2926,33,,,0
1400,'Weekday',456,,2956,33,,,0,70,,2966,33,0,27,0,21,,2976,33,,,0,55,,2957,33,0,27,0,24,,2952,33,,,0,16,,2993,33,,,0,15,,2967,33,0,27,0,55,,2977,33,,,0,15,,2958,33,0,27,0,16,,2987,33,,,0,57,,2953,33,,,0,15,,2994,33,,,0,15,,2968,33,0,27,0,14,,2995,33,,,0,13,,2959,33,0,27,0,55,,2989,33,,,0,13,,2955,33,,,0,15,,2978,33,,,0,62,,2969,33,0,27,0,22,,2960,33,0,27,0,22,,2988,33,,,0,62,,2979,33,,,0,22,,2970,33,0,27,0,22,,2961,33,0,27,0,62,,2990,33,,,0,22,,2980,33,,,0,22,,2971,33,0,27,0,62,,2962,33,0,27,0,22,,2991,33,,,0,62,,2981,33,,,0,25,,2972,33,0,27,0,24,,2963,33,0,27,0,62,,2992,33,,,0,16,,2982,33,0,27,0,12,,2984,33,,,0,60,,2973,33,,,0,15,,2951,33,,,0,15,,2964,33,0,27,0,17,,2997,33,,,0,60,,2999,33,,,0,20,,2974,33,,,0,20,,2985,33,,,0,60,,2965,33,,,0,13,,2998,33,,,0,10,,2975,33,,,0,15,,2986,33,0,27,0,55,,2983,33,,,0,17,,3012,33,0,27,0,28,,3003,33,0,27,0,70,,3004,33,0,27,0,30,,3005,33,0,27,0,70,,3006,33,0,27,0,30,,3007,33,0,27,0,70,,3008,33,0,27,0,30,,3009,33,0,27,0,70,,3010,33,0,27,0,30,,3011,33,0,27,0,70,,3001,33,0,27,0,30,,3002,33,0,27,0
7501,'Saturday',634,,10911,43,,,0,75,,10921,43,,,0,35,,10929,43,,,0,77,,10912,43,,,0,35,,10922,43,,,0,75,,10932,43,,,0,75,,10915,43,,,0,35,,10923,43,,,0,75,,10931,43,,,0,35,,10913,43,,,0,75,,10924,43,,,0,75,,10933,43,,,0,35,,10914,43,,,0,75,,10925,43,,,0,35,,10934,43,,,0,75,,10916,43,,,0,35,,10926,43,,,0,75,,10936,43,,,0,75,,10917,43,,,0,35,,10928,43,,,0,75,,10935,43,,,0,35,,10918,43,,,0,75,,10927,43,,,0,75,,10937,43,,,0,35,,10919,43,,,0,74,,10930,43,,,0,34,,10938,43,,,0,75,,10920,43,,,0,35,,10940,43,,,0,75,,10941,43,,,0,75,,10939,43,,,0
7501,'Sunday',634,,10944,43,,,0,75,,10951,43,,,0,35,,10961,43,,,0,77,,10942,43,,,0,35,,10954,43,,,0,75,,10962,43,,,0,75,,10943,43,,,0,35,,10953,43,,,0,75,,10963,43,,,0,35,,10945,43,,,0,75,,10955,43,,,0,75,,10964,43,,,0,35,,10947,43,,,0,75,,10956,43,,,0,35,,10965,43,,,0,75,,10946,43,,,0,35,,10957,43,,,0,75,,10966,43,,,0,75,,10949,43,,,0,35,,10959,43,,,0,75,,10967,43,,,0,35,,10948,43,,,0,75,,10958,43,,,0,75,,10969,43,,,0,35,,10950,43,,,0,74,,10960,43,,,0,34,,10968,43,,,0,75,,10952,43,,,0,35,,10972,43,,,0,75,,10971,43,,,0,75,,10970,43,,,0
7501,'Weekday',512,,11009,43,,,0,30,,10981,43,,,0,71,,11011,43,,,0,27,,10978,43,,,0,63,,10977,43,,,0,23,,10988,43,,,0,23,,10994,43,,,0,63,,10983,43,,,0,23,,10974,43,,,0,22,,10985,43,,,0,43,,11016,43,,,0,19,,10976,43,,,0,32,,10998,43,,,0,74,,11014,43,,,0,34,,11015,43,,,0,74,,10996,43,,,0,74,,10987,43,,,0,34,,10984,43,,,0,74,,10999,43,,,0,34,,11012,43,,,0,74,,10973,43,,,0,36,,10986,43,,,0,75,,11008,43,,,0,19,,10990,43,,,0,59,,10993,43,,,0,22,,10989,43,,,0,16,,10997,43,,,0,59,,10991,43,,,0,19,,11001,43,,,0,19,,11005,43,,,0,59,,10980,43,,,0,19,,10992,43,,,0,19,,11006,43,,,0,59,,11003,43,,,0,17,,10975,43,,,0,33,,10982,43,,,0,74,,11004,43,,,0,74,,11000,43,,,0,31,,11007,43,,,0,74,,11010,43,,,0,34,,10979,43,,,0,74,,10995,43,,,0,34,,11013,43,,,0,74,,11002,43,,,0
7501,'Weekday0000100',1339,,11017,15,,,0
13100,'Weekday',554,,17673,13,,,0,60,,17672,13,,,0,20,,17674,13,,,0,20,,17675,13,,,0
86200,'Weekday',821,,24094,16,0,17 18 1 28,0
86401,'Weekday',830,,24108,27,0,17 18 19 1 21 22,0
86601,'Weekday',827,,24120,22,0,17 18 19 1 20,0
