7401,'Saturday',618,,43906,8,,,0,34,,43907,8,,,0,74,,43904,8,,,0,74,,43908,8,,,0,34,,43909,8,,,0,74,,43911,8,,,0,34,,43910,8,,,0,74,,43912,8,,,0,34,,43913,8,,,0,74,,43914,8,,,0,34,,43915,8,,,0,74,,43916,8,,,0,74,,43917,8,,,0,34,,43918,8,,,0,74,,43919,8,,,0,34,,43920,8,,,0,74,,43921,8,,,0,34,,43922,8,,,0,74,,43923,8,,,0,74,,43933,8,,,0,34,,43926,8,,,0,74,,43925,8,,,0,34,,43932,8,,,0,74,,43928,8,,,0,34,,43934,8,,,0,74,,43931,8,,,0,74,,43924,8,,,0,34,,43930,8,,,0,74,,43927,8,,,0,34,,43929,8,,,0,74,,43905,8,,,0
7401,'Sunday',618,,43964,8,,,0,34,,43965,8,,,0,74,,43963,8,,,0,74,,43954,8,,,0,34,,43957,8,,,0,74,,43960,8,,,0,34,,43958,8,,,0,74,,43956,8,,,0,34,,43959,8,,,0,74,,43961,8,,,0,34,,43962,8,,,0,74,,43955,8,,,0,74,,43953,8,,,0,34,,43952,8,,,0,74,,43951,8,,,0,34,,43950,8,,,0,74,,43949,8,,,0,34,,43948,8,,,0,74,,43946,8,,,0,74,,43947,8,,,0,34,,43945,8,,,0,74,,43944,8,,,0,34,,43943,8,,,0,74,,43942,8,,,0,34,,43941,8,,,0,74,,43940,8,,,0,74,,43939,8,,,0,34,,43938,8,,,0,74,,43937,8,,,0,34,,43936,8,,,0,74,,43935,8,,,0
7401,'Weekday',510,,43966,8,,,0,34,,43967,8,,,0,57,,43968,8,,,0,17,,43969,8,,,0,17,,43972,8,,,0,17,,43970,8,,,0,57,,43973,8,,,0,17,,43971,8,,,0,17,,43975,8,,,0,57,,43974,8,,,0,17,,43978,8,,,0,17,,43976,8,,,0,17,,43979,8,,,0,57,,43977,8,,,0,34,,43981,8,,,0,74,,43980,8,,,0,34,,43982,8,,,0,74,,43983,8,,,0,34,,43989,8,,,0,74,,43990,8,,,0,74,,43991,8,,,0,34,,43992,8,,,0,74,,43993,8,,,0,34,,43994,8,,,0,57,,43997,8,,,0,17,,43995,8,,,0,17,,44002,8,,,0,17,,43996,8,,,0,57,,44001,8,,,0,17,,43986,8,,,0,17,,44000,8,,,0,57,,43985,8,,,0,17,,43999,8,,,0,17,,43987,8,,,0,17,,43998,8,,,0,57,,43988,8,,,0,34,,43984,8,,,0,74,,44009,8,,,0,34,,44003,8,,,0,74,,44008,8,,,0,74,,44004,8,,,0,34,,44007,8,,,0,74,,44005,8,,,0,34,,44006,8,,,0,74,,44010,8,,,0,34,,44011,8,,,0
7401,'1CCSDCUT-Weekday',510,,44012,8,,,0,34,,44013,8,,,0,57,,44014,8,,,0,17,,44015,8,,,0,17,,44018,8,,,0,17,,44016,8,,,0,57,,44019,8,,,0,17,,44017,8,,,0,17,,44021,8,,,0,57,,44020,8,,,0,17,,44024,8,,,0,17,,44022,8,,,0,17,,44025,8,,,0,57,,44023,8,,,0,34,,44027,8,,,0,74,,44026,8,,,0,34,,44028,8,,,0,74,,44029,8,,,0,34,,44035,8,,,0,74,,44036,8,,,0,74,,44037,8,,,0,34,,44038,8,,,0,74,,44039,8,,,0,34,,44040,8,,,0,57,,44043,8,,,0,17,,44041,8,,,0,17,,44048,8,,,0,17,,44042,8,,,0,57,,44047,8,,,0,17,,44032,8,,,0,17,,44046,8,,,0,57,,44031,8,,,0,17,,44045,8,,,0,17,,44033,8,,,0,17,,44044,8,,,0,57,,44034,8,,,0,34,,44030,8,,,0,74,,44055,8,,,0,34,,44049,8,,,0,74,,44054,8,,,0,74,,44050,8,,,0,34,,44053,8,,,0,74,,44051,8,,,0,34,,44052,8,,,0,74,,44056,8,,,0,34,,44057,8,,,0
72401,'Weekday',822,,68502,8,0,140 141 119,0
72401,'1CCSDCUT-Weekday',822,,68503,8,0,140 141 119,0
72601,'Weekday',826,,68514,3,0,140 141,0
72601,'1CCSDCUT-Weekday',826,,68515,3,0,140 141,0
81100,'Weekday',815,,68893,12,0,12 13 141,0
81101,'Weekday0000100',1501,,68897,13,0,12 13 141,0
81101,'Weekday1111000',1601,,68899,13,0,12 13 141,0
