501,'Saturday',618,4,1133,36,,,0,24,4,1132,36,,,0,64,4,1134,36,,,0,24,4,1135,36,,,0,26,4,1136,36,,,0,65,4,1137,36,,,0,24,4,1139,36,,,0,64,4,1141,36,,,0,24,4,1138,36,,,0,24,4,1142,36,,,0,64,4,1143,36,,,0,26,4,1140,36,,,0,65,4,1144,36,,,0,25,4,1145,36,,,0,66,44,1146,36,,,0,25,4,1147,36,,,0,25,4,1148,36,,,0,66,4,1149,36,,,0,25,4,1150,36,,,0,65,4,1151,36,,,0,26,4,1152,36,,,0,66,44,1153,36,,,0,26,4,1157,36,,,0,26,4,1154,36,,,0,66,4,1156,36,,,0,26,4,1155,36,,,0,65,4,1158,36,,,0,25,4,1159,36,,,0,66,44,1160,36,,,0,25,4,1163,36,,,0,25,4,1162,36,,,0,65,4,1161,36,,,0,25,4,1165,36,,,0,65,4,1166,36,,,0,22,4,1167,36,,,0,24,4,1164,36,,,0,64,4,1168,36,,,0,24,4,1169,36,,,0,64,4,1170,36,,,0,24,4,1171,36,,,0,24,4,1175,36,,,0,64,4,1172,36,,,0,29,4,1173,36,,,0,75,4,1174,36,,,0
501,'Sunday',618,4,1176,36,,,0,24,4,1177,36,,,0,64,4,1178,36,,,0,24,4,1179,36,,,0,26,4,1180,36,,,0,65,4,1181,36,,,0,24,4,1182,36,,,0,64,4,1184,36,,,0,24,4,1185,36,,,0,24,4,1186,36,,,0,64,4,1183,36,,,0,26,4,1187,36,,,0,65,4,1188,36,,,0,25,4,1218,36,,,0,66,44,1189,36,,,0,25,4,1190,36,,,0,25,4,1191,36,,,0,66,4,1192,36,,,0,25,4,1193,36,,,0,65,4,1194,36,,,0,26,4,1195,36,,,0,66,44,1196,36,,,0,26,4,1197,36,,,0,26,4,1198,36,,,0,66,4,1200,36,,,0,26,4,1201,36,,,0,65,4,1202,36,,,0,25,4,1199,36,,,0,66,44,1203,36,,,0,25,4,1204,36,,,0,25,4,1205,36,,,0,65,4,1206,36,,,0,25,4,1207,36,,,0,65,4,1208,36,,,0,22,4,1209,36,,,0,24,4,1210,36,,,0,64,4,1211,36,,,0,24,4,1213,36,,,0,64,4,1214,36,,,0,24,4,1215,36,,,0,24,4,1217,36,,,0,64,4,1212,36,,,0,29,4,1216,36,,,0
501,'Weekday',552,2,1220,36,,,0,59,2,1221,36,,,0,19,2,1222,36,,,0,19,2,1219,36,,,0,59,2,1223,36,,,0,19,2,1224,36,,,0,23,2,1268,36,,,0,62,2,1225,36,,,0,21,2,1227,36,,,0,21,2,1228,36,,,0,60,2,1229,36,,,0,19,2,1226,36,,,0,22,2,1230,36,,,0,62,2,1231,36,,,0,22,2,1233,36,,,0,62,42,1234,36,,,0,22,2,1235,36,,,0,22,2,1232,36,,,0,62,2,1236,36,,,0,21,2,1237,36,,,0,21,2,1239,36,,,0,61,2,1240,36,,,0,21,2,1241,36,,,0,21,2,1238,36,,,0,61,2,1242,36,,,0,21,2,1243,36,,,0,21,2,1244,36,,,0,65,2,1245,36,,,0,24,2,1246,36,,,0,63,2,1248,36,,,0,23,2,1249,36,,,0,25,2,1250,36,,,0,63,2,1267,36,,,0,22,2,1247,36,,,0,62,2,1251,36,,,0,23,2,1252,36,,,0,18,2,1253,36,,,0,58,42,1255,36,,,0,21,2,1256,36,,,0,20,2,1257,36,,,0,60,2,1254,36,,,0,19,2,1270,36,,,0,18,2,1258,36,,,0,18,2,1259,36,,,0,60,2,1260,36,,,0,23,2,1269,36,,,0,64,2,1262,36,,,0,24,2,1263,36,,,0,23,2,1264,36,,,0,61,2,1265,36,,,0,33,5,1266,36,,,0,75,2,1261,36,,,0
2401,'Saturday',624,,4809,3,,,0,30,,4820,3,,,0,70,,4829,3,,,0,30,,4811,3,,,0,70,,4819,3,,,0,30,,4831,3,,,0,70,,4810,3,,,0,30,,4821,3,,,0,70,,4832,3,,,0,30,,4808,3,,,0,70,,4823,3,,,0,30,,4834,3,,,0,70,,4812,3,,,0,30,,4824,3,,,0,70,,4835,3,,,0,30,,4813,3,,,0,70,,4822,3,,,0,30,,4833,3,,,0,70,,4814,3,,,0,30,,4825,3,,,0,70,,4837,3,,,0,30,,4815,3,,,0,70,,4827,3,,,0,30,,4836,3,,,0,70,,4816,3,,,0,30,,4826,3,,,0,70,,4838,3,,,0,30,,4817,3,,,0,70,,4828,3,,,0,30,,4839,3,,,0,70,,4818,3,,,0,30,,4830,3,,,0
2401,'Sunday',624,,4840,3,,,0,30,,4850,3,,,0,70,,4861,3,,,0,30,,4841,3,,,0,70,,4852,3,,,0,30,,4863,3,,,0,70,,4842,3,,,0,30,,4854,3,,,0,70,,4864,3,,,0,30,,4843,3,,,0,70,,4853,3,,,0,30,,4865,3,,,0,70,,4844,3,,,0,30,,4855,3,,,0,70,,4866,3,,,0,30,,4845,3,,,0,70,,4856,3,,,0,30,,4867,3,,,0,70,,4848,3,,,0,30,,4857,3,,,0,70,,4868,3,,,0,30,,4846,3,,,0,70,,4858,3,,,0,30,,4870,3,,,0,70,,4849,3,,,0,30,,4860,3,,,0,70,,4869,3,,,0,30,,4847,3,,,0,70,,4859,3,,,0,30,,4871,3,,,0,70,,4851,3,,,0,30,,4862,3,,,0
2401,'Weekday',537,,4893,3,,,0,80,,4902,3,,,0,30,,4872,3,,,0,70,,4894,3,,,0,30,,4904,3,,,0,70,,4873,3,,,0,30,,4895,3,,,0,70,,4905,3,,,0,30,,4874,3,,,0,70,,4897,3,,,0,30,,4906,3,,,0,70,,4875,3,,,0,30,,4896,3,,,0,70,,4903,3,,,0,30,,4876,3,,,0,70,,4899,3,,,0,30,,4907,3,,,0,70,,4878,3,,,0,30,,4898,3,,,0,71,,4908,3,,,0,30,,4877,3,,,0,70,,4900,3,,,0,30,,4909,3,,,0,70,,4879,3,,,0,30,,4901,3,,,0,70,,4884,3,,,0,29,,4880,3,,,0,70,,4888,3,,,0,30,,4885,3,,,0,70,,4881,3,,,0,30,,4890,3,,,0,70,,4886,3,,,0,30,,4882,3,,,0,70,,4891,3,,,0,30,,4887,3,,,0,70,,4883,3,,,0,30,,4892,3,,,0,75,,4889,3,,,0
9000,'Saturday',655,,12851,31,,,0,72,,12831,31,,,0,32,,12840,31,,,0,72,,12852,31,,,0,72,,12832,31,,,0,32,,12841,31,,,0,72,,12854,31,,,0,32,,12833,31,,,0,72,,12843,31,,,0,32,,12853,31,,,0,74,,12835,31,,,0,33,,12844,31,,,0,72,,12855,31,,,0,32,,12836,31,,,0,72,,12842,31,,,0,32,,12858,31,,,0,72,,12834,31,,,0,72,,12845,31,,,0,32,,12856,31,,,0,71,,12837,31,,,0,33,,12846,31,,,0,71,,12859,31,,,0,30,,12838,31,,,0,72,,12848,31,,,0,32,,12857,31,,,0,72,,12839,31,,,0,32,,12847,31,,,0
9000,'Sunday',655,,12881,31,,,0,72,,12861,31,,,0,32,,12869,31,,,0,72,,12880,31,,,0,72,,12862,31,,,0,32,,12871,31,,,0,72,,12882,31,,,0,32,,12860,31,,,0,72,,12870,31,,,0,32,,12884,31,,,0,73,,12864,31,,,0,34,,12873,31,,,0,72,,12885,31,,,0,32,,12863,31,,,0,72,,12872,31,,,0,32,,12883,31,,,0,72,,12866,31,,,0,72,,12874,31,,,0,32,,12886,31,,,0,71,,12865,31,,,0,33,,12875,31,,,0,71,,12887,31,,,0,30,,12867,31,,,0,72,,12876,31,,,0,32,,12888,31,,,0,72,,12868,31,,,0,32,,12877,31,,,0
9000,'Weekday',639,,12909,31,,,0,71,,12919,31,,,0,29,,12890,31,,,0,70,,12900,31,,,0,30,,12910,31,,,0,70,,12920,31,,,0,29,,12891,31,,,0,70,,12901,31,,,0,30,,12911,31,,,0,70,,12921,31,,,0,30,,12892,31,,,0,70,,12902,31,,,0,30,,12912,31,,,0,70,,12922,31,,,0,30,,12895,31,,,0,70,,12903,31,,,0,30,,12913,31,,,0,70,,12923,31,,,0,31,,12893,31,,,0,70,,12904,31,,,0,30,,12914,31,,,0,70,,12924,31,,,0,30,,12894,31,,,0,66,,12905,31,,,0,30,,12915,31,,,0,70,,12925,31,,,0,20,,12896,31,,,0,30,,12906,31,,,0,70,,12916,31,,,0,27,,12926,31,,,0,56,,12897,31,,,0,30,,12907,31,,,0,70,,12917,31,,,0,30,,12927,31,,,0,10,,12898,31,,,0,70,,12908,31,,,0,30,,12918,31,,,0
10100,'Saturday',912,,14804,3,,,0,90,,14805,3,,,0,50,,14802,3,,,0,90,,14806,3,,,0,90,,14807,3,,,0,90,,14798,3,,,0,90,,14799,3,,,0,90,,14800,3,,,0,50,,14797,3,,,0,90,,14801,3,,,0,90,,14803,3,,,0,90,,14796,3,,,0
10100,'Sunday',912,,14810,3,,,0,90,,14811,3,,,0,50,,14812,3,,,0,90,,14813,3,,,0,90,,14814,3,,,0,90,,14815,3,,,0,90,,14816,3,,,0,90,,14817,3,,,0,50,,14818,3,,,0,90,,14819,3,,,0,90,,14809,3,,,0,90,,14808,3,,,0
10100,'Weekday',551,,14820,3,,,0,87,,14826,3,,,0,90,,14821,3,,,0,90,,14822,3,,,0,90,,14827,3,,,0,50,,14823,3,,,0,90,,14824,3,,,0,90,,14825,3,,,0,90,,14828,3,,,0,90,,14829,3,,,0,90,,14830,3,,,0,50,,14832,3,,,0,90,,14831,3,,,0,90,,14834,3,,,0,90,,14833,3,,,0,90,,14835,3,,,0,89,,14836,3,,,0,50,,14837,3,,,0,90,,14838,3,,,0,90,,14839,3,,,0
