4000,'Saturday',825,,89771,28,,,0,75,,89772,28,,,0,35,,89770,28,,,0,75,,89773,28,,,0,35,,89774,28,,,0,75,,89775,28,,,0,35,,89776,28,,,0,75,,89777,28,,,0,75,,89780,28,,,0,35,,89781,28,,,0,75,,89778,28,,,0,35,,89779,28,,,0,75,,89782,28,,,0,75,,89783,28,,,0,35,,89784,28,,,0,75,,89785,28,,,0,35,,89786,28,,,0,75,,89787,28,,,0,35,,89788,28,,,0
4000,'Sunday',825,,89789,28,,,0,75,,89790,28,,,0,35,,89792,28,,,0,75,,89793,28,,,0,35,,89794,28,,,0,75,,89791,28,,,0,35,,89795,28,,,0,75,,89796,28,,,0,75,,89797,28,,,0,35,,89798,28,,,0,75,,89799,28,,,0,35,,89801,28,,,0,75,,89802,28,,,0,75,,89803,28,,,0,35,,89800,28,,,0,75,,89804,28,,,0,35,,89805,28,,,0,75,,89806,28,,,0,35,,89807,28,,,0
4000,'Weekday',636,,89824,28,,,0,75,,89818,28,,,0,35,,89831,28,,,0,75,,89825,28,,,0,34,,89819,28,,,0,75,,89832,28,,,0,75,,89826,28,,,0,35,,89820,28,,,0,75,,89833,28,,,0,35,,89827,28,,,0,75,,89821,28,,,0,75,,89834,28,,,0,35,,89828,28,,,0,77,,89822,28,,,0,37,,89835,28,,,0,76,,89829,28,,,0,80,,89823,28,,,0,35,,89836,28,,,0,77,,89830,28,,,0,39,,89808,28,,,0,73,,89815,28,,,0,72,,89812,28,,,0,32,,89809,28,,,0,72,,89816,28,,,0,33,,89813,28,,,0,74,,89810,28,,,0,35,,89817,28,,,0,75,,89814,28,,,0,31,,89811,28,,,0
4000,'STMPSa-Saturday',825,,89838,28,,,0,75,,89839,28,,,0,35,,89837,28,,,0,75,,89840,28,,,0,35,,89841,28,,,0,75,,89842,28,,,0,35,,89843,28,,,0,75,,89844,28,,,0,75,,89847,28,,,0,35,,89848,28,,,0,75,,89845,28,,,0,35,,89846,28,,,0,75,,89849,28,,,0,75,,89850,28,,,0,35,,89851,28,,,0,75,,89852,28,,,0,35,,89853,28,,,0,75,,89854,28,,,0,35,,89855,28,,,0
4000,'STMPSnea-Weekday',636,,89872,28,,,0,75,,89866,28,,,0,35,,89879,28,,,0,75,,89873,28,,,0,34,,89867,28,,,0,75,,89880,28,,,0,75,,89874,28,,,0,35,,89868,28,,,0,75,,89881,28,,,0,35,,89875,28,,,0,75,,89869,28,,,0,75,,89882,28,,,0,35,,89876,28,,,0,77,,89870,28,,,0,37,,89883,28,,,0,76,,89877,28,,,0,80,,89871,28,,,0,35,,89884,28,,,0,77,,89878,28,,,0,39,,89856,28,,,0,73,,89863,28,,,0,72,,89860,28,,,0,32,,89857,28,,,0,72,,89864,28,,,0,33,,89861,28,,,0,74,,89858,28,,,0,35,,89865,28,,,0,75,,89862,28,,,0,31,,89859,28,,,0
4000,'STMPSu1-Sunday',825,,89885,28,,,0,75,,89886,28,,,0,35,,89888,28,,,0,75,,89889,28,,,0,35,,89890,28,,,0,75,,89887,28,,,0,35,,89891,28,,,0,75,,89892,28,,,0,75,,89893,28,,,0,35,,89894,28,,,0,75,,89895,28,,,0,35,,89897,28,,,0,75,,89898,28,,,0,75,,89899,28,,,0,35,,89896,28,,,0,75,,89900,28,,,0,35,,89901,28,,,0,75,,89902,28,,,0,35,,89903,28,,,0
4000,'STMPSu2-Sunday',825,,89904,28,,,0,75,,89905,28,,,0,35,,89907,28,,,0,75,,89908,28,,,0,35,,89909,28,,,0,75,,89906,28,,,0,35,,89910,28,,,0,75,,89911,28,,,0,75,,89912,28,,,0,35,,89913,28,,,0,75,,89914,28,,,0,35,,89916,28,,,0,75,,89917,28,,,0,75,,89918,28,,,0,35,,89915,28,,,0,75,,89919,28,,,0,35,,89920,28,,,0,75,,89921,28,,,0,35,,89922,28,,,0
4000,'STMPWeek-Weekday',636,,89939,28,,,0,75,,89933,28,,,0,35,,89946,28,,,0,75,,89940,28,,,0,34,,89934,28,,,0,75,,89947,28,,,0,75,,89941,28,,,0,35,,89935,28,,,0,75,,89948,28,,,0,35,,89942,28,,,0,75,,89936,28,,,0,75,,89949,28,,,0,35,,89943,28,,,0,77,,89937,28,,,0,37,,89950,28,,,0,76,,89944,28,,,0,80,,89938,28,,,0,35,,89951,28,,,0,77,,89945,28,,,0,39,,89923,28,,,0,73,,89930,28,,,0,72,,89927,28,,,0,32,,89924,28,,,0,72,,89931,28,,,0,33,,89928,28,,,0,74,,89925,28,,,0,35,,89932,28,,,0,75,,89929,28,,,0,31,,89926,28,,,0
4000,'STMPar-Weekday',636,,89968,28,,,0,75,,89962,28,,,0,35,,89975,28,,,0,75,,89969,28,,,0,34,,89963,28,,,0,75,,89976,28,,,0,75,,89971,28,,,0,35,,89964,28,,,0,75,,89977,28,,,0,35,,89970,28,,,0,75,,89965,28,,,0,75,,89978,28,,,0,35,,89972,28,,,0,77,,89966,28,,,0,37,,89979,28,,,0,76,,89973,28,,,0,80,,89967,28,,,0,35,,89980,28,,,0,77,,89974,28,,,0,39,,89952,28,,,0,73,,89959,28,,,0,72,,89956,28,,,0,32,,89953,28,,,0,72,,89960,28,,,0,33,,89957,28,,,0,74,,89954,28,,,0,35,,89961,28,,,0,75,,89958,28,,,0,31,,89955,28,,,0
10801,'Saturday',717,,117383,11,,,0,85,,117373,11,,,0,45,,117384,11,,,0,85,,117375,11,,,0,85,,117385,11,,,0,85,,117376,11,,,0,45,,117386,11,,,0,86,,117377,11,,,0,85,,117387,11,,,0,85,,117378,11,,,0,45,,117388,11,,,0,85,,117379,11,,,0,85,,117389,11,,,0,85,,117380,11,,,0,45,,117390,11,,,0,84,,117381,11,,,0,85,,117391,11,,,0,85,,117382,11,,,0,45,,117392,11,,,0,85,,117393,11,,,0,85,,117374,11,,,0
10801,'Sunday',717,,117404,11,,,0,85,,117395,11,,,0,45,,117405,11,,,0,85,,117396,11,,,0,85,,117406,11,,,0,85,,117397,11,,,0,45,,117409,11,,,0,86,,117398,11,,,0,85,,117407,11,,,0,85,,117400,11,,,0,45,,117408,11,,,0,85,,117399,11,,,0,85,,117410,11,,,0,85,,117401,11,,,0,45,,117411,11,,,0,84,,117402,11,,,0,85,,117412,11,,,0,85,,117403,11,,,0,45,,117413,11,,,0,85,,117414,11,,,0,85,,117394,11,,,0
10801,'Weekday',625,,117416,11,,,0,32,,117417,11,,,0,70,,117418,11,,,0,30,,117419,11,,,0,70,,117420,11,,,0,30,,117421,11,,,0,70,,117422,11,,,0,30,,117423,11,,,0,70,,117424,11,,,0,30,,117425,11,,,0,70,,117426,11,,,0,30,,117427,11,,,0,70,,117428,11,,,0,30,,117430,11,,,0,70,,117431,11,,,0,30,,117432,11,,,0,70,,117429,11,,,0,30,,117433,11,,,0,72,,117434,11,,,0,30,,117435,11,,,0,70,,117436,11,,,0,30,,117437,11,,,0,70,,117438,11,,,0,27,,117439,11,,,0,70,,117441,11,,,0,30,,117442,11,,,0,70,,117443,11,,,0,30,,117440,11,,,0,70,,117444,11,,,0,30,,117445,11,,,0,70,,117446,11,,,0,29,,117447,11,,,0,70,,117448,11,,,0,30,,117449,11,,,0,70,,117450,11,,,0,30,,117415,11,,,0
10801,'STMPSa-Saturday',717,,117461,11,,,0,85,,117451,11,,,0,45,,117462,11,,,0,85,,117453,11,,,0,85,,117463,11,,,0,85,,117454,11,,,0,45,,117464,11,,,0,86,,117455,11,,,0,85,,117465,11,,,0,85,,117456,11,,,0,45,,117466,11,,,0,85,,117457,11,,,0,85,,117467,11,,,0,85,,117458,11,,,0,45,,117468,11,,,0,84,,117459,11,,,0,85,,117469,11,,,0,85,,117460,11,,,0,45,,117470,11,,,0,85,,117471,11,,,0,85,,117452,11,,,0
10801,'STMPSnea-Weekday',625,,117473,11,,,0,32,,117474,11,,,0,70,,117475,11,,,0,30,,117476,11,,,0,70,,117477,11,,,0,30,,117478,11,,,0,70,,117479,11,,,0,30,,117480,11,,,0,70,,117481,11,,,0,30,,117482,11,,,0,70,,117483,11,,,0,30,,117484,11,,,0,70,,117485,11,,,0,30,,117487,11,,,0,70,,117488,11,,,0,30,,117489,11,,,0,70,,117486,11,,,0,30,,117490,11,,,0,72,,117491,11,,,0,30,,117492,11,,,0,70,,117493,11,,,0,30,,117494,11,,,0,70,,117495,11,,,0,27,,117496,11,,,0,70,,117498,11,,,0,30,,117499,11,,,0,70,,117500,11,,,0,30,,117497,11,,,0,70,,117501,11,,,0,30,,117502,11,,,0,70,,117503,11,,,0,29,,117504,11,,,0,70,,117505,11,,,0,30,,117506,11,,,0,70,,117507,11,,,0,30,,117472,11,,,0
10801,'STMPSu1-Sunday',717,,117518,11,,,0,85,,117509,11,,,0,45,,117519,11,,,0,85,,117510,11,,,0,85,,117520,11,,,0,85,,117511,11,,,0,45,,117523,11,,,0,86,,117512,11,,,0,85,,117521,11,,,0,85,,117514,11,,,0,45,,117522,11,,,0,85,,117513,11,,,0,85,,117524,11,,,0,85,,117515,11,,,0,45,,117525,11,,,0,84,,117517,11,,,0,85,,117526,11,,,0,85,,117516,11,,,0,45,,117527,11,,,0,85,,117528,11,,,0,85,,117508,11,,,0
10801,'STMPSu2-Sunday',717,,117539,11,,,0,85,,117530,11,,,0,45,,117540,11,,,0,85,,117531,11,,,0,85,,117541,11,,,0,85,,117532,11,,,0,45,,117544,11,,,0,86,,117533,11,,,0,85,,117542,11,,,0,85,,117535,11,,,0,45,,117543,11,,,0,85,,117534,11,,,0,85,,117545,11,,,0,85,,117536,11,,,0,45,,117546,11,,,0,84,,117537,11,,,0,85,,117547,11,,,0,85,,117538,11,,,0,45,,117548,11,,,0,85,,117549,11,,,0,85,,117529,11,,,0
10801,'STMPWeek-Weekday',625,,117551,11,,,0,32,,117552,11,,,0,70,,117553,11,,,0,30,,117554,11,,,0,70,,117555,11,,,0,30,,117556,11,,,0,70,,117557,11,,,0,30,,117558,11,,,0,70,,117559,11,,,0,30,,117560,11,,,0,70,,117561,11,,,0,30,,117562,11,,,0,70,,117563,11,,,0,30,,117565,11,,,0,70,,117566,11,,,0,30,,117567,11,,,0,70,,117564,11,,,0,30,,117568,11,,,0,72,,117569,11,,,0,30,,117570,11,,,0,70,,117571,11,,,0,30,,117572,11,,,0,70,,117573,11,,,0,27,,117574,11,,,0,70,,117576,11,,,0,30,,117577,11,,,0,70,,117578,11,,,0,30,,117575,11,,,0,70,,117579,11,,,0,30,,117580,11,,,0,70,,117581,11,,,0,29,,117582,11,,,0,70,,117583,11,,,0,30,,117584,11,,,0,70,,117585,11,,,0,30,,117550,11,,,0
10801,'STMPar-Weekday',625,,117587,11,,,0,32,,117588,11,,,0,70,,117589,11,,,0,30,,117590,11,,,0,70,,117591,11,,,0,30,,117592,11,,,0,70,,117593,11,,,0,30,,117594,11,,,0,70,,117595,11,,,0,30,,117596,11,,,0,70,,117597,11,,,0,30,,117598,11,,,0,70,,117599,11,,,0,30,,117601,11,,,0,70,,117602,11,,,0,30,,117603,11,,,0,70,,117600,11,,,0,30,,117605,11,,,0,72,,117606,11,,,0,30,,117607,11,,,0,70,,117604,11,,,0,30,,117608,11,,,0,70,,117609,11,,,0,27,,117610,11,,,0,70,,117612,11,,,0,30,,117613,11,,,0,70,,117614,11,,,0,30,,117611,11,,,0,70,,117615,11,,,0,30,,117616,11,,,0,70,,117617,11,,,0,29,,117618,11,,,0,70,,117619,11,,,0,30,,117620,11,,,0,70,,117621,11,,,0,30,,117586,11,,,0
