9601,'Saturday',531,,112267,15,,,0,85,,112250,15,,,0,85,,112256,15,,,0,45,,112261,15,,,0,85,,112268,15,,,0,86,,112251,15,,,0,85,,112257,15,,,0,45,,112263,15,,,0,85,,112269,15,,,0,85,,112252,15,,,0,85,,112258,15,,,0,45,,112265,15,,,0,86,,112270,15,,,0,85,,112253,15,,,0,85,,112259,15,,,0,45,,112264,15,,,0,85,,112271,15,,,0,85,,112255,15,,,0,84,,112260,15,,,0,44,,112266,15,,,0,85,,112272,15,,,0,85,,112254,15,,,0,41,,112262,15,,,0,75,,112273,15,,,0
9601,'Sunday',530,,112291,15,,,0,85,,112274,15,,,0,85,,112280,15,,,0,45,,112285,15,,,0,85,,112292,15,,,0,85,,112275,15,,,0,85,,112281,15,,,0,45,,112287,15,,,0,85,,112293,15,,,0,85,,112276,15,,,0,85,,112282,15,,,0,45,,112288,15,,,0,85,,112294,15,,,0,85,,112277,15,,,0,85,,112283,15,,,0,45,,112289,15,,,0,85,,112295,15,,,0,85,,112278,15,,,0,85,,112284,15,,,0,45,,112290,15,,,0,85,,112296,15,,,0,85,,112279,15,,,0,41,,112286,15,,,0
9601,'Weekday',603,,112330,15,,,0,31,,112315,15,,,0,72,,112301,15,,,0,31,,112306,15,,,0,71,,112325,15,,,0,31,,112311,15,,,0,71,,112329,15,,,0,31,,112316,15,,,0,71,,112302,15,,,0,31,,112307,15,,,0,71,,112326,15,,,0,31,,112312,15,,,0,71,,112314,15,,,0,31,,112317,15,,,0,71,,112303,15,,,0,31,,112308,15,,,0,71,,112327,15,,,0,31,,112313,15,,,0,71,,112305,15,,,0,31,,112318,15,,,0,71,,112304,15,,,0,31,,112309,15,,,0,71,,112328,15,,,0,83,,112299,15,,,0,45,,112322,15,,,0,84,,112319,15,,,0,85,,112297,15,,,0,85,,112300,15,,,0,45,,112323,15,,,0,85,,112320,15,,,0,85,,112298,15,,,0,80,,112321,15,,,0
9601,'STMPSa-Saturday',531,,112348,15,,,0,85,,112331,15,,,0,85,,112337,15,,,0,45,,112342,15,,,0,85,,112349,15,,,0,86,,112332,15,,,0,85,,112338,15,,,0,45,,112344,15,,,0,85,,112350,15,,,0,85,,112333,15,,,0,85,,112339,15,,,0,45,,112346,15,,,0,86,,112351,15,,,0,85,,112334,15,,,0,85,,112340,15,,,0,45,,112345,15,,,0,85,,112352,15,,,0,85,,112336,15,,,0,84,,112341,15,,,0,44,,112347,15,,,0,85,,112353,15,,,0,85,,112335,15,,,0,41,,112343,15,,,0,75,,112354,15,,,0
9601,'STMPSnea-Weekday',603,,112388,15,,,0,31,,112373,15,,,0,72,,112359,15,,,0,31,,112364,15,,,0,71,,112383,15,,,0,31,,112369,15,,,0,71,,112387,15,,,0,31,,112374,15,,,0,71,,112360,15,,,0,31,,112365,15,,,0,71,,112384,15,,,0,31,,112370,15,,,0,71,,112372,15,,,0,31,,112375,15,,,0,71,,112361,15,,,0,31,,112366,15,,,0,71,,112385,15,,,0,31,,112371,15,,,0,71,,112363,15,,,0,31,,112376,15,,,0,71,,112362,15,,,0,31,,112367,15,,,0,71,,112386,15,,,0,83,,112357,15,,,0,45,,112380,15,,,0,84,,112377,15,,,0,85,,112355,15,,,0,85,,112358,15,,,0,45,,112381,15,,,0,85,,112378,15,,,0,85,,112356,15,,,0,80,,112379,15,,,0
9601,'STMPSu1-Sunday',530,,112406,15,,,0,85,,112389,15,,,0,85,,112395,15,,,0,45,,112400,15,,,0,85,,112407,15,,,0,85,,112390,15,,,0,85,,112396,15,,,0,45,,112402,15,,,0,85,,112408,15,,,0,85,,112391,15,,,0,85,,112397,15,,,0,45,,112403,15,,,0,85,,112409,15,,,0,85,,112392,15,,,0,85,,112398,15,,,0,45,,112404,15,,,0,85,,112410,15,,,0,85,,112393,15,,,0,85,,112399,15,,,0,45,,112405,15,,,0,85,,112411,15,,,0,85,,112394,15,,,0,41,,112401,15,,,0
9601,'STMPSu2-Sunday',530,,112429,15,,,0,85,,112412,15,,,0,85,,112418,15,,,0,45,,112423,15,,,0,85,,112430,15,,,0,85,,112413,15,,,0,85,,112419,15,,,0,45,,112425,15,,,0,85,,112431,15,,,0,85,,112414,15,,,0,85,,112420,15,,,0,45,,112426,15,,,0,85,,112432,15,,,0,85,,112415,15,,,0,85,,112421,15,,,0,45,,112427,15,,,0,85,,112433,15,,,0,85,,112416,15,,,0,85,,112422,15,,,0,45,,112428,15,,,0,85,,112434,15,,,0,85,,112417,15,,,0,41,,112424,15,,,0
9601,'STMPWeek-Weekday',603,,112468,15,,,0,31,,112453,15,,,0,72,,112439,15,,,0,31,,112444,15,,,0,71,,112463,15,,,0,31,,112449,15,,,0,71,,112467,15,,,0,31,,112454,15,,,0,71,,112440,15,,,0,31,,112445,15,,,0,71,,112464,15,,,0,31,,112450,15,,,0,71,,112452,15,,,0,31,,112455,15,,,0,71,,112441,15,,,0,31,,112446,15,,,0,71,,112465,15,,,0,31,,112451,15,,,0,71,,112443,15,,,0,31,,112456,15,,,0,71,,112442,15,,,0,31,,112447,15,,,0,71,,112466,15,,,0,83,,112437,15,,,0,45,,112460,15,,,0,84,,112457,15,,,0,85,,112435,15,,,0,85,,112438,15,,,0,45,,112461,15,,,0,85,,112458,15,,,0,85,,112436,15,,,0,80,,112459,15,,,0
9601,'STMPar-Weekday',603,,112502,15,,,0,31,,112487,15,,,0,72,,112473,15,,,0,31,,112478,15,,,0,71,,112497,15,,,0,31,,112483,15,,,0,71,,112501,15,,,0,31,,112488,15,,,0,71,,112474,15,,,0,31,,112479,15,,,0,71,,112498,15,,,0,31,,112484,15,,,0,71,,112486,15,,,0,31,,112489,15,,,0,71,,112475,15,,,0,31,,112480,15,,,0,71,,112499,15,,,0,31,,112485,15,,,0,71,,112477,15,,,0,31,,112490,15,,,0,71,,112476,15,,,0,31,,112481,15,,,0,71,,112500,15,,,0,83,,112471,15,,,0,45,,112494,15,,,0,84,,112491,15,,,0,85,,112469,15,,,0,85,,112472,15,,,0,45,,112495,15,,,0,85,,112492,15,,,0,85,,112470,15,,,0,80,,112493,15,,,0
30201,'Saturday',555,,137032,17,,,0,65,,137040,17,,,0,25,,137058,17,,,0,66,,137022,17,,,0,26,,137049,17,,,0,66,,137033,17,,,0,26,,137041,17,,,0,25,,137059,17,,,0,65,,137024,17,,,0,26,,137050,17,,,0,66,,137034,17,,,0,27,,137042,17,,,0,65,,137060,17,,,0,25,,137023,17,,,0,26,,137051,17,,,0,66,,137035,17,,,0,26,,137044,17,,,0,65,,137061,17,,,0,25,,137025,17,,,0,66,,137052,17,,,0,26,,137037,17,,,0,26,,137043,17,,,0,65,,137031,17,,,0,25,,137026,17,,,0,66,,137053,17,,,0,26,,137038,17,,,0,66,,137045,17,,,0,25,,137048,17,,,0,25,,137027,17,,,0,66,,137054,17,,,0,25,,137039,17,,,0,66,,137046,17,,,0,25,,137030,17,,,0,25,,137028,17,,,0,66,,137055,17,,,0,26,,137036,17,,,0,66,,137047,17,,,0,25,,137057,17,,,0,65,,137029,17,,,0,32,,137056,17,,,0,72,,137063,17,,,0,32,,137062,17,,,0,75,,137064,17,,,0,35,,137065,17,,,0
30201,'Sunday',556,,137075,17,,,0,65,,137105,17,,,0,25,,137091,17,,,0,66,,137067,17,,,0,26,,137082,17,,,0,66,,137076,17,,,0,26,,137102,17,,,0,25,,137092,17,,,0,65,,137068,17,,,0,26,,137085,17,,,0,66,,137077,17,,,0,26,,137099,17,,,0,65,,137093,17,,,0,25,,137069,17,,,0,26,,137084,17,,,0,66,,137078,17,,,0,26,,137100,17,,,0,65,,137094,17,,,0,25,,137070,17,,,0,66,,137086,17,,,0,26,,137080,17,,,0,26,,137103,17,,,0,65,,137095,17,,,0,25,,137071,17,,,0,66,,137087,17,,,0,26,,137081,17,,,0,66,,137101,17,,,0,25,,137096,17,,,0,25,,137073,17,,,0,66,,137088,17,,,0,26,,137083,17,,,0,66,,137104,17,,,0,25,,137097,17,,,0,65,,137072,17,,,0,26,,137090,17,,,0,26,,137079,17,,,0,66,,137106,17,,,0,25,,137098,17,,,0,65,,137074,17,,,0,32,,137089,17,,,0,72,,137108,17,,,0,32,,137107,17,,,0,75,,137109,17,,,0
30201,'Weekday',529,,137129,17,,,0,25,,137138,17,,,0,62,,137146,17,,,0,20,,137128,17,,,0,19,,137130,17,,,0,61,,137112,17,,,0,9,,137163,17,,,0,22,,137119,17,,,0,9,,137164,17,,,0,50,,137131,17,,,0,14,,137137,17,,,0,20,,137147,17,,,0,18,,137162,17,,,0,53,,137132,17,,,0,27,,137113,17,,,0,63,,137121,17,,,0,26,,137139,17,,,0,22,,137148,17,,,0,65,,137133,17,,,0,26,,137114,17,,,0,64,,137122,17,,,0,25,,137140,17,,,0,25,,137149,17,,,0,67,,137134,17,,,0,24,,137115,17,,,0,64,,137125,17,,,0,22,,137141,17,,,0,71,,137150,17,,,0,24,,137155,17,,,0,17,,137135,17,,,0,57,,137116,17,,,0,9,,137165,17,,,0,16,,137126,17,,,0,8,,137166,17,,,0,14,,137142,17,,,0,10,,137160,17,,,0,56,,137157,17,,,0,13,,137151,17,,,0,20,,137156,17,,,0,62,,137136,17,,,0,12,,137118,17,,,0,20,,137123,17,,,0,64,,137143,17,,,0,19,,137159,17,,,0,17,,137152,17,,,0,65,,137153,17,,,0,25,,137117,17,,,0,25,,137127,17,,,0,63,,137144,17,,,0,27,,137154,17,,,0,65,,137158,17,,,0,25,,137120,17,,,0,82,,137145,17,,,0,29,,137169,17,,,0,71,,137170,17,,,0,35,,137168,17,,,0
30201,'STMPSa-Saturday',555,,137181,17,,,0,65,,137189,17,,,0,25,,137207,17,,,0,66,,137171,17,,,0,26,,137198,17,,,0,66,,137182,17,,,0,26,,137190,17,,,0,25,,137208,17,,,0,65,,137173,17,,,0,26,,137199,17,,,0,66,,137183,17,,,0,27,,137191,17,,,0,65,,137209,17,,,0,25,,137172,17,,,0,26,,137200,17,,,0,66,,137184,17,,,0,26,,137193,17,,,0,65,,137210,17,,,0,25,,137174,17,,,0,66,,137201,17,,,0,26,,137187,17,,,0,26,,137192,17,,,0,65,,137178,17,,,0,25,,137175,17,,,0,66,,137202,17,,,0,26,,137185,17,,,0,66,,137194,17,,,0,25,,137197,17,,,0,25,,137176,17,,,0,66,,137203,17,,,0,25,,137188,17,,,0,66,,137195,17,,,0,25,,137180,17,,,0,25,,137177,17,,,0,66,,137204,17,,,0,26,,137186,17,,,0,66,,137196,17,,,0,25,,137206,17,,,0,65,,137179,17,,,0,32,,137205,17,,,0,72,,137212,17,,,0,32,,137211,17,,,0,75,,137213,17,,,0,35,,137214,17,,,0,65,,137215,17,,,0,35,,137216,17,,,0
30201,'STMPSnea-Weekday',529,,137234,17,,,0,25,,137243,17,,,0,62,,137251,17,,,0,20,,137233,17,,,0,19,,137235,17,,,0,61,,137217,17,,,0,9,,137268,17,,,0,22,,137224,17,,,0,9,,137269,17,,,0,50,,137236,17,,,0,14,,137242,17,,,0,20,,137252,17,,,0,18,,137267,17,,,0,53,,137237,17,,,0,27,,137218,17,,,0,63,,137226,17,,,0,26,,137244,17,,,0,22,,137253,17,,,0,65,,137238,17,,,0,26,,137219,17,,,0,64,,137227,17,,,0,25,,137245,17,,,0,25,,137254,17,,,0,67,,137239,17,,,0,24,,137220,17,,,0,64,,137230,17,,,0,22,,137246,17,,,0,71,,137255,17,,,0,24,,137260,17,,,0,17,,137240,17,,,0,57,,137221,17,,,0,9,,137270,17,,,0,16,,137231,17,,,0,8,,137271,17,,,0,14,,137247,17,,,0,10,,137265,17,,,0,56,,137262,17,,,0,13,,137256,17,,,0,20,,137261,17,,,0,62,,137241,17,,,0,12,,137223,17,,,0,20,,137228,17,,,0,64,,137248,17,,,0,19,,137264,17,,,0,17,,137257,17,,,0,65,,137258,17,,,0,25,,137222,17,,,0,25,,137232,17,,,0,63,,137249,17,,,0,27,,137259,17,,,0,65,,137263,17,,,0,25,,137225,17,,,0,82,,137250,17,,,0,29,,137274,17,,,0,71,,137275,17,,,0,35,,137273,17,,,0
30201,'STMPSu1-Sunday',556,,137285,17,,,0,65,,137314,17,,,0,25,,137300,17,,,0,66,,137276,17,,,0,26,,137291,17,,,0,66,,137283,17,,,0,26,,137311,17,,,0,25,,137301,17,,,0,65,,137277,17,,,0,26,,137294,17,,,0,66,,137286,17,,,0,26,,137308,17,,,0,65,,137302,17,,,0,25,,137278,17,,,0,26,,137293,17,,,0,66,,137287,17,,,0,26,,137309,17,,,0,65,,137303,17,,,0,25,,137279,17,,,0,66,,137295,17,,,0,26,,137289,17,,,0,26,,137312,17,,,0,65,,137304,17,,,0,25,,137280,17,,,0,66,,137296,17,,,0,26,,137290,17,,,0,66,,137310,17,,,0,25,,137305,17,,,0,25,,137282,17,,,0,66,,137297,17,,,0,26,,137292,17,,,0,66,,137313,17,,,0,25,,137306,17,,,0,65,,137281,17,,,0,26,,137299,17,,,0,26,,137288,17,,,0,66,,137315,17,,,0,25,,137307,17,,,0,65,,137284,17,,,0,32,,137298,17,,,0,72,,137317,17,,,0,32,,137316,17,,,0,75,,137318,17,,,0,35,,137320,17,,,0,65,,137321,17,,,0,35,,137319,17,,,0
30201,'STMPSu2-Sunday',556,,137366,17,,,0,65,,137367,17,,,0,25,,137365,17,,,0,66,,137364,17,,,0,26,,137363,17,,,0,66,,137362,17,,,0,26,,137361,17,,,0,25,,137360,17,,,0,65,,137359,17,,,0,26,,137358,17,,,0,66,,137357,17,,,0,26,,137356,17,,,0,65,,137355,17,,,0,25,,137354,17,,,0,26,,137353,17,,,0,66,,137352,17,,,0,26,,137351,17,,,0,65,,137350,17,,,0,25,,137349,17,,,0,66,,137348,17,,,0,26,,137347,17,,,0,26,,137346,17,,,0,65,,137345,17,,,0,25,,137340,17,,,0,66,,137339,17,,,0,26,,137338,17,,,0,66,,137337,17,,,0,25,,137336,17,,,0,25,,137342,17,,,0,66,,137335,17,,,0,26,,137334,17,,,0,66,,137333,17,,,0,25,,137332,17,,,0,65,,137341,17,,,0,26,,137331,17,,,0,26,,137330,17,,,0,66,,137329,17,,,0,25,,137328,17,,,0,65,,137343,17,,,0,32,,137327,17,,,0,72,,137326,17,,,0,32,,137325,17,,,0,75,,137344,17,,,0,35,,137323,17,,,0,65,,137324,17,,,0,35,,137322,17,,,0
30201,'STMPWeek-Weekday',529,,137385,17,,,0,25,,137394,17,,,0,62,,137402,17,,,0,20,,137384,17,,,0,19,,137386,17,,,0,61,,137368,17,,,0,9,,137418,17,,,0,22,,137375,17,,,0,9,,137419,17,,,0,50,,137387,17,,,0,14,,137393,17,,,0,20,,137403,17,,,0,18,,137417,17,,,0,53,,137388,17,,,0,27,,137369,17,,,0,63,,137377,17,,,0,26,,137395,17,,,0,22,,137404,17,,,0,65,,137389,17,,,0,26,,137370,17,,,0,64,,137378,17,,,0,25,,137396,17,,,0,25,,137405,17,,,0,67,,137390,17,,,0,24,,137371,17,,,0,64,,137381,17,,,0,22,,137397,17,,,0,71,,137406,17,,,0,24,,137411,17,,,0,17,,137391,17,,,0,57,,137372,17,,,0,9,,137420,17,,,0,16,,137382,17,,,0,8,,137421,17,,,0,14,,137398,17,,,0,10,,137416,17,,,0,56,,137413,17,,,0,13,,137407,17,,,0,20,,137412,17,,,0,62,,137392,17,,,0,12,,137374,17,,,0,20,,137379,17,,,0,64,,137399,17,,,0,19,,137415,17,,,0,17,,137408,17,,,0,65,,137409,17,,,0,25,,137373,17,,,0,25,,137383,17,,,0,63,,137400,17,,,0,27,,137410,17,,,0,65,,137414,17,,,0,25,,137376,17,,,0,82,,137401,17,,,0,29,,137423,17,,,0,71,,137424,17,,,0,35,,137422,17,,,0,65,,137425,17,,,0,35,,137426,17,,,0
30201,'STMPar-Weekday',529,,137444,17,,,0,25,,137453,17,,,0,62,,137461,17,,,0,20,,137443,17,,,0,19,,137445,17,,,0,61,,137427,17,,,0,9,,137477,17,,,0,22,,137434,17,,,0,9,,137478,17,,,0,50,,137446,17,,,0,14,,137452,17,,,0,20,,137462,17,,,0,18,,137476,17,,,0,53,,137447,17,,,0,27,,137428,17,,,0,63,,137436,17,,,0,26,,137454,17,,,0,22,,137463,17,,,0,65,,137448,17,,,0,26,,137429,17,,,0,64,,137437,17,,,0,25,,137455,17,,,0,25,,137464,17,,,0,67,,137449,17,,,0,24,,137430,17,,,0,64,,137440,17,,,0,22,,137456,17,,,0,71,,137465,17,,,0,24,,137470,17,,,0,17,,137450,17,,,0,57,,137431,17,,,0,9,,137479,17,,,0,16,,137441,17,,,0,8,,137480,17,,,0,14,,137457,17,,,0,10,,137475,17,,,0,56,,137472,17,,,0,13,,137466,17,,,0,20,,137471,17,,,0,62,,137451,17,,,0,12,,137433,17,,,0,20,,137438,17,,,0,64,,137458,17,,,0,19,,137474,17,,,0,17,,137467,17,,,0,65,,137468,17,,,0,25,,137432,17,,,0,25,,137442,17,,,0,63,,137459,17,,,0,27,,137469,17,,,0,65,,137473,17,,,0,25,,137435,17,,,0,82,,137460,17,,,0,29,,137482,17,,,0,71,,137483,17,,,0,35,,137481,17,,,0,65,,137484,17,,,0,35,,137485,17,,,0
40601,'STMPSa-Saturday',921,,143899,6,,,0,15,,143898,6,,,0,15,,143897,6,,,0,55,,143896,6,,,0,17,,143895,6,,,0,15,,143894,6,,,0,15,,143893,6,,,0,55,,143892,6,,,0,15,,143881,6,,,0,15,,143882,6,,,0,15,,143880,6,,,0,55,,143879,6,,,0,15,,143878,6,,,0,15,,143877,6,,,0,15,,143876,6,,,0,55,,143883,6,,,0,15,,143875,6,,,0,15,,143874,6,,,0,15,,143873,6,,,0,55,,143872,6,,,0,15,,143871,6,,,0,15,,143884,6,,,0,15,,143870,6,,,0,55,,143869,6,,,0,15,,143867,6,,,0,15,,143868,6,,,0,15,,143866,6,,,0,55,,143888,6,,,0,15,,143865,6,,,0,15,,143864,6,,,0,15,,143863,6,,,0,55,,143861,6,,,0,15,,143862,6,,,0,15,,143885,6,,,0,15,,143860,6,,,0,55,,143859,6,,,0,14,,143858,6,,,0,15,,143857,6,,,0,15,,143856,6,,,0,55,,143889,6,,,0,15,,143855,6,,,0,15,,143854,6,,,0,15,,143852,6,,,0,55,,143853,6,,,0,15,,143851,6,,,0,15,,143891,6,,,0,15,,143850,6,,,0,55,,143849,6,,,0,15,,143848,6,,,0,15,,143847,6,,,0,15,,143846,6,,,0,55,,143890,6,,,0,15,,143845,6,,,0,15,,143844,6,,,0,15,,143843,6,,,0,55,,143842,6,,,0,15,,143841,6,,,0,15,,143887,6,,,0,15,,143840,6,,,0,55,,143839,6,,,0,15,,143838,6,,,0,15,,143837,6,,,0,15,,143836,6,,,0,55,,143886,6,,,0,15,,143835,6,,,0
40601,'STMPSnea-Weekday',1754,,143905,6,,,0,70,,143911,6,,,0,30,,143900,6,,,0,70,,143906,6,,,0,30,,143912,6,,,0,70,,143901,6,,,0,30,,143907,6,,,0,70,,143913,6,,,0,30,,143902,6,,,0,69,,143908,6,,,0,30,,143914,6,,,0,69,,143903,6,,,0,15,,143916,6,,,0,15,,143909,6,,,0,55,,143918,6,,,0,15,,143915,6,,,0,15,,143919,6,,,0,15,,143904,6,,,0,55,,143917,6,,,0,15,,143910,6,,,0
40601,'STMPSu1-Sunday',747,,144000,6,,,0,10,,143999,6,,,0,50,,143998,6,,,0,10,,143996,6,,,0,10,,143997,6,,,0,10,,143995,6,,,0,10,,143994,6,,,0,10,,143992,6,,,0,50,,143993,6,,,0,10,,143991,6,,,0,10,,143990,6,,,0,10,,143988,6,,,0,10,,143989,6,,,0,10,,143987,6,,,0,50,,143986,6,,,0,11,,143984,6,,,0,10,,143985,6,,,0,10,,143982,6,,,0,10,,143983,6,,,0,10,,143980,6,,,0,50,,143981,6,,,0,10,,143979,6,,,0,10,,143978,6,,,0,10,,143977,6,,,0,10,,143976,6,,,0,10,,143975,6,,,0,50,,143974,6,,,0,10,,143973,6,,,0,10,,143972,6,,,0,15,,143971,6,,,0,15,,143970,6,,,0,55,,143969,6,,,0,15,,143968,6,,,0,15,,143967,6,,,0,15,,143966,6,,,0,55,,143965,6,,,0,15,,143964,6,,,0,15,,143963,6,,,0,15,,143962,6,,,0,55,,143961,6,,,0,15,,143960,6,,,0,15,,143959,6,,,0,15,,143958,6,,,0,55,,143957,6,,,0,15,,143956,6,,,0,15,,143954,6,,,0,15,,143955,6,,,0,55,,143953,6,,,0,15,,143952,6,,,0,15,,143951,6,,,0,15,,143950,6,,,0,55,,143949,6,,,0,15,,143948,6,,,0,15,,143947,6,,,0,15,,143942,6,,,0,55,,143941,6,,,0,15,,143940,6,,,0,15,,143946,6,,,0,15,,143939,6,,,0,55,,143938,6,,,0,15,,143937,6,,,0,15,,143936,6,,,0,15,,143935,6,,,0,55,,143943,6,,,0,15,,143934,6,,,0,15,,143933,6,,,0,15,,143932,6,,,0,55,,143931,6,,,0,15,,143930,6,,,0,15,,143944,6,,,0,15,,143929,6,,,0,55,,143928,6,,,0,15,,143927,6,,,0,15,,143926,6,,,0,15,,143925,6,,,0,55,,143945,6,,,0,15,,143924,6,,,0,15,,143923,6,,,0,15,,143922,6,,,0,55,,143921,6,,,0,10,,143920,6,,,0
40601,'STMPSu2-Sunday',922,,144023,6,,,0,15,,144044,6,,,0,15,,144055,6,,,0,55,,144001,6,,,0,16,,144012,6,,,0,15,,144034,6,,,0,15,,144024,6,,,0,55,,144045,6,,,0,15,,144056,6,,,0,15,,144002,6,,,0,15,,144013,6,,,0,55,,144035,6,,,0,15,,144025,6,,,0,15,,144046,6,,,0,15,,144057,6,,,0,55,,144003,6,,,0,15,,144014,6,,,0,15,,144036,6,,,0,15,,144026,6,,,0,55,,144047,6,,,0,15,,144058,6,,,0,15,,144004,6,,,0,15,,144015,6,,,0,55,,144037,6,,,0,15,,144027,6,,,0,15,,144048,6,,,0,15,,144059,6,,,0,55,,144005,6,,,0,15,,144016,6,,,0,15,,144038,6,,,0,15,,144028,6,,,0,55,,144049,6,,,0,15,,144060,6,,,0,15,,144006,6,,,0,15,,144017,6,,,0,55,,144039,6,,,0,15,,144029,6,,,0,15,,144050,6,,,0,15,,144061,6,,,0,55,,144007,6,,,0,15,,144018,6,,,0,15,,144040,6,,,0,15,,144030,6,,,0,55,,144051,6,,,0,15,,144062,6,,,0,15,,144008,6,,,0,15,,144019,6,,,0,55,,144041,6,,,0,15,,144031,6,,,0,15,,144052,6,,,0,15,,144063,6,,,0,55,,144009,6,,,0,15,,144020,6,,,0,15,,144042,6,,,0,15,,144032,6,,,0,55,,144053,6,,,0,15,,144064,6,,,0,15,,144010,6,,,0,15,,144021,6,,,0,55,,144043,6,,,0,15,,144033,6,,,0,15,,144054,6,,,0,15,,144065,6,,,0,55,,144011,6,,,0,15,,144022,6,,,0
40601,'STMPWeek-Weekday',923,,144077,6,,,0,15,,144099,6,,,0,15,,144088,6,,,0,55,,144110,6,,,0,15,,144066,6,,,0,15,,144121,6,,,0,15,,144078,6,,,0,55,,144100,6,,,0,15,,144089,6,,,0,15,,144111,6,,,0,15,,144067,6,,,0,55,,144122,6,,,0,15,,144079,6,,,0,15,,144101,6,,,0,15,,144090,6,,,0,55,,144112,6,,,0,15,,144068,6,,,0,15,,144123,6,,,0,15,,144080,6,,,0,55,,144102,6,,,0,15,,144091,6,,,0,15,,144113,6,,,0,15,,144069,6,,,0,55,,144124,6,,,0,15,,144081,6,,,0,15,,144103,6,,,0,15,,144092,6,,,0,55,,144114,6,,,0,15,,144070,6,,,0,15,,144125,6,,,0,15,,144082,6,,,0,55,,144104,6,,,0,15,,144093,6,,,0,15,,144115,6,,,0,15,,144071,6,,,0,55,,144126,6,,,0,15,,144083,6,,,0,15,,144105,6,,,0,15,,144094,6,,,0,55,,144116,6,,,0,15,,144072,6,,,0,15,,144127,6,,,0,15,,144084,6,,,0,55,,144106,6,,,0,15,,144095,6,,,0,15,,144117,6,,,0,15,,144073,6,,,0,55,,144128,6,,,0,15,,144085,6,,,0,15,,144107,6,,,0,15,,144096,6,,,0,55,,144118,6,,,0,15,,144074,6,,,0,15,,144129,6,,,0,15,,144086,6,,,0,55,,144108,6,,,0,14,,144097,6,,,0,15,,144119,6,,,0,15,,144075,6,,,0,55,,144130,6,,,0,15,,144087,6,,,0,15,,144109,6,,,0,15,,144098,6,,,0,55,,144120,6,,,0,15,,144076,6,,,0
40601,'STMPWeek-Weekday0010000',651,,144134,6,,,0,72,,144131,6,,,0,30,,144133,6,,,0,70,,144135,6,,,0,30,,144132,6,,,0
40601,'STMPar-Weekday',1256,,144136,6,,,0,55,,144145,6,,,0,15,,144154,6,,,0,15,,144163,6,,,0,15,,144171,6,,,0,55,,144179,6,,,0,15,,144137,6,,,0,15,,144146,6,,,0,15,,144155,6,,,0,55,,144164,6,,,0,15,,144172,6,,,0,15,,144180,6,,,0,15,,144138,6,,,0,55,,144147,6,,,0,15,,144156,6,,,0,15,,144165,6,,,0,15,,144173,6,,,0,55,,144181,6,,,0,15,,144139,6,,,0,15,,144148,6,,,0,15,,144157,6,,,0,55,,144166,6,,,0,15,,144174,6,,,0,15,,144182,6,,,0,15,,144140,6,,,0,55,,144149,6,,,0,15,,144158,6,,,0,15,,144167,6,,,0,15,,144175,6,,,0,55,,144183,6,,,0,15,,144141,6,,,0,15,,144150,6,,,0,15,,144159,6,,,0,55,,144168,6,,,0,15,,144176,6,,,0,15,,144184,6,,,0,15,,144142,6,,,0,55,,144151,6,,,0,15,,144160,6,,,0,15,,144169,6,,,0,15,,144177,6,,,0,55,,144185,6,,,0,14,,144143,6,,,0,15,,144152,6,,,0,15,,144161,6,,,0,55,,144170,6,,,0,15,,144178,6,,,0,15,,144186,6,,,0,15,,144144,6,,,0,55,,144153,6,,,0,12,,144162,6,,,0
