3800,'Saturday',516,,35804,44,,,0,28,,35814,44,,,0,68,,35825,44,,,0,23,,35834,44,,,0,22,,35841,44,,,0,61,,35805,44,,,0,22,,35815,44,,,0,64,,35824,44,,,0,23,,35836,44,,,0,21,,35842,44,,,0,61,,35806,44,,,0,22,,35816,44,,,0,16,,35858,9,,,0,58,,35826,44,,,0,22,,35835,44,,,0,21,,35843,44,,,0,61,,35807,44,,,0,22,,35817,44,,,0,20,,35851,44,,,0,60,,35827,44,,,0,22,,35837,44,,,0,23,,35845,44,,,0,63,,35809,44,,,0,23,,35818,44,,,0,62,,35852,44,,,0,21,,35828,44,,,0,22,,35838,44,,,0,63,,35844,44,,,0,23,,35808,44,,,0,23,,35819,44,,,0,61,,35853,44,,,0,21,,35829,44,,,0,62,,35839,44,,,0,22,,35846,44,,,0,22,,35810,44,,,0,62,,35820,44,,,0,22,,35854,44,,,0,21,,35830,44,,,0,61,,35840,44,,,0,20,,35847,44,,,0,20,,35811,44,,,0,63,,35821,44,,,0,24,,35855,44,,,0,64,,35831,44,,,0,24,,35848,44,,,0,24,,35812,44,,,0,64,,35822,44,,,0,24,,35856,44,,,0,64,,35832,44,,,0,24,,35849,44,,,0,24,,35813,44,,,0,64,,35823,44,,,0,24,,35857,44,,,0,64,,35833,44,,,0,24,,35850,44,,,0
3800,'Sunday',516,,35859,44,,,0,28,,35886,44,,,0,68,,35869,44,,,0,23,,35879,44,,,0,22,,35896,44,,,0,61,,35860,44,,,0,22,,35887,44,,,0,64,,35870,44,,,0,23,,35880,44,,,0,21,,35897,44,,,0,61,,35861,44,,,0,22,,35888,44,,,0,16,,35906,9,,,0,58,,35871,44,,,0,22,,35881,44,,,0,21,,35899,44,,,0,61,,35862,44,,,0,22,,35889,44,,,0,20,,35907,44,,,0,60,,35872,44,,,0,22,,35883,44,,,0,23,,35898,44,,,0,63,,35863,44,,,0,23,,35891,44,,,0,62,,35908,44,,,0,21,,35873,44,,,0,22,,35882,44,,,0,63,,35900,44,,,0,23,,35864,44,,,0,23,,35890,44,,,0,61,,35909,44,,,0,21,,35874,44,,,0,62,,35884,44,,,0,22,,35901,44,,,0,22,,35866,44,,,0,62,,35892,44,,,0,22,,35910,44,,,0,21,,35875,44,,,0,61,,35885,44,,,0,20,,35902,44,,,0,20,,35865,44,,,0,63,,35893,44,,,0,24,,35911,44,,,0,64,,35876,44,,,0,24,,35903,44,,,0,24,,35867,44,,,0,64,,35894,44,,,0,24,,35912,44,,,0,64,,35877,44,,,0,24,,35904,44,,,0,24,,35868,44,,,0,64,,35895,44,,,0,24,,35913,44,,,0,64,,35878,44,,,0,24,,35905,44,,,0
3800,'Weekday',502,,35927,44,,,0,14,,35934,44,,,0,14,,35935,44,,,0,13,,35936,44,,,0,14,,35937,44,,,0,55,,35939,44,,,0,14,,35941,44,,,0,14,,35942,44,,,0,14,,35938,44,,,0,54,,35943,44,,,0,14,,35940,44,,,0,15,,35944,44,,,0,15,,35945,44,,,0,52,,35947,44,,,0,14,,35948,44,,,0,14,,35949,44,,,0,14,,35946,44,,,0,55,,35950,44,,,0,15,,35951,44,,,0,16,,35952,44,,,0,17,,35954,44,,,0,59,,35922,44,,,0,15,,35919,44,,,0,18,,35916,44,,,0,18,,35932,44,,,0,58,,35928,44,,,0,17,,35914,44,,,0,20,,35925,44,,,0,58,,35923,44,,,0,17,,35920,44,,,0,16,,35917,44,,,0,60,,35929,44,,,0,18,,35933,44,,,0,17,,35915,44,,,0,18,,35926,44,,,0,58,,35924,44,,,0,16,,35921,44,,,0,16,,35918,44,,,0,53,,35930,44,,,0,17,,35955,44,,,0,16,,35970,44,,,0,16,,35956,44,,,0,55,,35953,44,,,0,15,,35959,44,,,0,15,,35958,44,,,0,13,,35960,44,,,0,55,,35957,44,,,0,15,,35962,44,,,0,15,,35961,44,,,0,15,,35963,44,,,0,55,,35964,44,,,0,14,,35966,44,,,0,15,,35965,44,,,0,14,,35968,44,,,0,54,,35967,44,,,0,15,,35969,44,,,0,24,,35971,44,,,0,64,,35972,44,,,0,24,,35973,44,,,0,22,,35974,44,,,0,62,,35975,44,,,0,23,,35976,44,,,0,24,,35977,44,,,0,64,,35978,44,,,0,24,,35979,44,,,0,63,,35980,44,,,0,23,,35981,44,,,0,23,,35982,44,,,0,64,,35983,44,,,0,24,,35984,44,,,0,63,,35985,44,,,0,22,,35986,44,,,0,22,,35987,44,,,0
3800,'Weekday0000100',1427,,35988,31,,,0,84,,35989,44,,,0
3800,'Weekday1111000',1610,,35994,44,,,0,5,,35992,31,,,0,2,,35991,44,,,0
3800,'1CCSDCUT-Weekday',502,,36008,44,,,0,14,,36015,44,,,0,14,,36016,44,,,0,13,,36017,44,,,0,14,,36018,44,,,0,55,,36020,44,,,0,14,,36022,44,,,0,14,,36023,44,,,0,14,,36019,44,,,0,54,,36024,44,,,0,14,,36021,44,,,0,15,,36025,44,,,0,15,,36026,44,,,0,52,,36028,44,,,0,14,,36029,44,,,0,14,,36030,44,,,0,14,,36027,44,,,0,55,,36031,44,,,0,15,,36032,44,,,0,16,,36033,44,,,0,17,,36035,44,,,0,59,,36003,44,,,0,15,,36000,44,,,0,18,,35997,44,,,0,18,,36013,44,,,0,58,,36009,44,,,0,17,,35995,44,,,0,20,,36006,44,,,0,58,,36004,44,,,0,17,,36001,44,,,0,16,,35998,44,,,0,60,,36010,44,,,0,18,,36014,44,,,0,17,,35996,44,,,0,18,,36007,44,,,0,58,,36005,44,,,0,16,,36002,44,,,0,16,,35999,44,,,0,53,,36011,44,,,0,17,,36036,44,,,0,16,,36051,44,,,0,16,,36037,44,,,0,55,,36034,44,,,0,15,,36040,44,,,0,15,,36039,44,,,0,13,,36041,44,,,0,55,,36038,44,,,0,15,,36043,44,,,0,15,,36042,44,,,0,15,,36044,44,,,0,55,,36045,44,,,0,14,,36047,44,,,0,15,,36046,44,,,0,14,,36049,44,,,0,54,,36048,44,,,0,15,,36050,44,,,0,24,,36052,44,,,0,64,,36053,44,,,0,24,,36054,44,,,0,22,,36055,44,,,0,62,,36056,44,,,0,23,,36057,44,,,0,24,,36058,44,,,0,64,,36059,44,,,0,24,,36060,44,,,0,63,,36061,44,,,0,23,,36062,44,,,0,23,,36063,44,,,0,64,,36064,44,,,0,24,,36065,44,,,0,63,,36066,44,,,0,22,,36067,44,,,0,22,,36068,44,,,0
3800,'1CCSDCUT-Weekday0000100',1427,,36069,31,,,0
3800,'1CCSDCUT-Weekday1111000',1610,,36073,44,,,0,5,,36071,31,,,0,2,,36070,44,,,0
3800,'1PUBCUT-Weekday',502,,36087,44,,,0,14,,36094,44,,,0,14,,36095,44,,,0,13,,36096,44,,,0,14,,36097,44,,,0,55,,36099,44,,,0,14,,36101,44,,,0,14,,36102,44,,,0,14,,36098,44,,,0,54,,36103,44,,,0,14,,36100,44,,,0,15,,36104,44,,,0,15,,36105,44,,,0,52,,36107,44,,,0,14,,36108,44,,,0,14,,36109,44,,,0,14,,36106,44,,,0,55,,36110,44,,,0,15,,36111,44,,,0,16,,36112,44,,,0,17,,36114,44,,,0,59,,36082,44,,,0,15,,36079,44,,,0,18,,36076,44,,,0,18,,36092,44,,,0,58,,36088,44,,,0,17,,36074,44,,,0,20,,36085,44,,,0,58,,36083,44,,,0,17,,36080,44,,,0,16,,36077,44,,,0,60,,36089,44,,,0,18,,36093,44,,,0,17,,36075,44,,,0,18,,36086,44,,,0,58,,36084,44,,,0,16,,36081,44,,,0,16,,36078,44,,,0,53,,36090,44,,,0,17,,36115,44,,,0,16,,36130,44,,,0,16,,36116,44,,,0,55,,36113,44,,,0,15,,36119,44,,,0,15,,36118,44,,,0,13,,36120,44,,,0,55,,36117,44,,,0,15,,36122,44,,,0,15,,36121,44,,,0,15,,36123,44,,,0,55,,36124,44,,,0,14,,36126,44,,,0,15,,36125,44,,,0,14,,36128,44,,,0,54,,36127,44,,,0,15,,36129,44,,,0,24,,36131,44,,,0,64,,36132,44,,,0,24,,36133,44,,,0,22,,36134,44,,,0,62,,36135,44,,,0,23,,36136,44,,,0,24,,36137,44,,,0,64,,36138,44,,,0,24,,36139,44,,,0,63,,36140,44,,,0,23,,36141,44,,,0,23,,36142,44,,,0,64,,36143,44,,,0,24,,36144,44,,,0,63,,36145,44,,,0,22,,36146,44,,,0,22,,36147,44,,,0
3800,'1PUBCUT-Weekday0000100',1511,,36148,44,,,0
3800,'1PUBCUT-Weekday1111000',1610,,36151,44,,,0
55500,'Sunday',714,,68308,1,,,0,100,,68309,1,,,0,100,,68310,1,,,0,100,,68311,1,,,0,100,,68312,1,,,0,100,,68313,1,,,0,100,,68314,1,,,0,100,,68315,1,,,0,100,,68316,1,,,0,100,,68317,1,,,0,100,,68318,1,,,0
78301,'Weekday',732,,68797,1,0,64 101 102 1 103,0
78301,'1CCSDCUT-Weekday',732,,68799,1,0,64 101 102 1 103,0
