'2025JU-1BUSSA-Saturday-02',2600,55600,,'',0,8500,,'',0,8500,,'',0,8500,,'',0,4500,,'',0,8500,,'',0,8500,,'',0,8500,,'',0,4500,,'',0,8500,,'',0,8500,,'',0,8500,,'',0,4500,,'',0,8500,,'',0,8500,,'',0,8500,,'',0,4500,,'',0,8500,,'',0,8500,,'',0,8500,,'',0
'2025JU-1BUSSA-Saturday-02',2601,63100,4,'',0,8500,4,'',0,8500,4,'',0,4500,4,'',0,8900,4,'',0,8600,4,'',0,8500,4,'',0,4500,4,'',0,8500,4,'',0,8500,4,'',0,8500,4,'',0,4200,4,'',0,8500,4,'',0,8500,4,'',0,8500,4,'',0,4500,4,'',0,8500,4,'',0,8500,4,'',0,8600,4,'',0,4500,4,'',0
'2025JU-1BUSSU-Sunday-02',2600,55600,,'',0,8500,,'',0,8500,,'',0,8500,,'',0,4500,,'',0,8500,,'',0,8500,,'',0,8500,,'',0,4500,,'',0,8500,,'',0,8500,,'',0,8500,,'',0,4500,,'',0,8500,,'',0,8500,,'',0,8500,,'',0,4500,,'',0,8500,,'',0,8500,,'',0,8500,,'',0
'2025JU-1BUSSU-Sunday-02',2601,63100,4,'',0,8500,4,'',0,8500,4,'',0,4500,4,'',0,8900,4,'',0,8600,4,'',0,8500,4,'',0,4500,4,'',0,8500,4,'',0,8500,4,'',0,8500,4,'',0,4200,4,'',0,8500,4,'',0,8500,4,'',0,8500,4,'',0,4500,4,'',0,8500,4,'',0,8500,4,'',0,8600,4,'',0,4500,4,'',0
'2025JU-1BUSWK-Weekday-02',2600,51600,,'',0,3200,,'',0,7200,,'',0,3200,,'',0,7200,,'',0,3200,,'',0,7200,,'',0,2900,,'',0,6800,,'',0,3000,,'',0,7000,,'',0,3000,,'',0,7000,,'',0,3000,,'',0,7000,,'',0,3000,,'',0,7000,,'',0,3000,,'',0,7000,,'',0,3000,,'',0,7200,,'',0,7400,,'',0,3200,,'',0,7200,,'',0,3200,,'',0,7000,,'',0,3000,,'',0,7000,,'',0,3000,,'',0,7000,,'',0,3000,,'',0,7000,,'',0,3000,,'',0,7000,,'',0
'2025JU-1BUSWK-Weekday-02',2601,64600,4,'',0,7600,4,'',0,2900,4,'',0,7200,4,'',0,3200,4,'',0,6800,4,'',0,2800,4,'',0,7000,4,'',0,3000,4,'',0,7000,4,'',0,3000,4,'',0,7000,4,'',0,3000,4,'',0,7000,4,'',0,3000,4,'',0,7000,4,'',0,3000,4,'',0,7400,4,'',0,3200,4,'',0,7200,4,'',0,7200,4,'',0,3200,4,'',0,7200,4,'',0,3000,4,'',0,6900,4,'',0,2900,4,'',0,7000,4,'',0,3000,4,'',0,7000,4,'',0,2700,4,'',0,2900,4,'',0,7000,4,'',0
'2025JU-STMPSat-Saturday-02',2600,55600,,'',0,8500,,'',0,8500,,'',0,8500,,'',0,4500,,'',0,8500,,'',0,8500,,'',0,8500,,'',0,4500,,'',0,8500,,'',0,8500,,'',0,8500,,'',0,4500,,'',0,8500,,'',0,8500,,'',0,8500,,'',0,4500,,'',0,8500,,'',0,8500,,'',0,8500,,'',0
'2025JU-STMPSat-Saturday-02',2601,63100,4,'',0,8500,4,'',0,8500,4,'',0,4500,4,'',0,8900,4,'',0,8600,4,'',0,8500,4,'',0,4500,4,'',0,8500,4,'',0,8500,4,'',0,8500,4,'',0,4200,4,'',0,8500,4,'',0,8500,4,'',0,8500,4,'',0,4500,4,'',0,8500,4,'',0,8500,4,'',0,8600,4,'',0,4500,4,'',0
'2025JU-STMPSu2-Sunday-02',2600,55600,,'',0,8500,,'',0,8500,,'',0,8500,,'',0,4500,,'',0,8500,,'',0,8500,,'',0,8500,,'',0,4500,,'',0,8500,,'',0,8500,,'',0,8500,,'',0,4500,,'',0,8500,,'',0,8500,,'',0,8500,,'',0,4500,,'',0,8500,,'',0,8500,,'',0,8500,,'',0
'2025JU-STMPSu2-Sunday-02',2601,63100,4,'',0,8500,4,'',0,8500,4,'',0,4500,4,'',0,8900,4,'',0,8600,4,'',0,8500,4,'',0,4500,4,'',0,8500,4,'',0,8500,4,'',0,8500,4,'',0,4200,4,'',0,8500,4,'',0,8500,4,'',0,8500,4,'',0,4500,4,'',0,8500,4,'',0,8500,4,'',0,8600,4,'',0,4500,4,'',0
