'2025JU-1BUSSA-Saturday-02',5900,61800,4,'',0,2600,4,'',0,6600,4,'',0,2600,4,'',0,6600,4,'',0,2600,4,'',0,2600,4,'',0,6600,4,'',0,2700,4,'',0,6800,4,'',0,2700,4,'',0,6700,4,'',0,2700,4,'',0,6700,4,'',0,2700,4,'',0,2700,4,'',0,6700,4,'',0,2700,4,'',0,6700,4,'',0,2700,4,'',0,6700,4,'',0,2700,4,'',0,6700,4,'',0,2700,4,'',0,6700,4,'',0,2700,4,'',0,2700,4,'',0,6700,4,'',0,2700,4,'',0,6600,4,'',0,2600,4,'',0,6600,4,'',0,2600,4,'',0,2600,4,'',0,6600,4,'',0,2600,4,'',0,6500,4,'',0,2600,4,'',0,6600,4,'',0,2600,4,'',0,2600,4,'',0
'2025JU-1BUSSU-Sunday-02',5900,61800,4,'',0,2600,4,'',0,6600,4,'',0,2600,4,'',0,6600,4,'',0,2600,4,'',0,2600,4,'',0,6600,4,'',0,2700,4,'',0,6800,4,'',0,2700,4,'',0,6700,4,'',0,2700,4,'',0,6700,4,'',0,2700,4,'',0,2700,4,'',0,6700,4,'',0,2700,4,'',0,6700,4,'',0,2700,4,'',0,6700,4,'',0,2700,4,'',0,6700,4,'',0,2700,4,'',0,6700,4,'',0,2700,4,'',0,2700,4,'',0,6700,4,'',0,2700,4,'',0,6600,4,'',0,2600,4,'',0,6600,4,'',0,2600,4,'',0,2600,4,'',0,6600,4,'',0,2600,4,'',0,6500,4,'',0,2600,4,'',0,6600,4,'',0,2600,4,'',0,2600,4,'',0
'2025JU-1BUSWK-Weekday-02',5900,52900,4,'',0,2600,4,'',0,6700,4,'',0,2700,4,'',0,6600,4,'',0,2700,4,'',0,6600,4,'',0,2700,4,'',0,6600,4,'',0,2700,4,'',0,2600,4,'',0,6700,4,'',0,2600,4,'',0,6600,4,'',0,2600,4,'',0,6600,4,'',0,2600,4,'',0,2600,4,'',0,6600,4,'',0,2700,4,'',0,6700,4,'',0,2700,4,'',0,6700,4,'',0,2800,4,'',0,6900,4,'',0,2700,4,'',0,6800,4,'',0,2800,4,'',0,2800,4,'',0,6700,4,'',0,2600,4,'',0,6500,4,'',0,2600,4,'',0,6600,4,'',0,2600,4,'',0,6600,4,'',0,2600,4,'',0,2600,4,'',0,6600,4,'',0,2600,4,'',0,6600,4,'',0,2600,4,'',0,6600,4,'',0,2600,4,'',0
'2025JU-STMPPar-Weekday-02',5900,52900,4,'',0,2600,4,'',0,6700,4,'',0,2700,4,'',0,6600,4,'',0,2700,4,'',0,6600,4,'',0,2700,4,'',0,6600,4,'',0,2700,4,'',0,2600,4,'',0,6700,4,'',0,2600,4,'',0,6600,4,'',0,2600,4,'',0,6600,4,'',0,2600,4,'',0,2600,4,'',0,6600,4,'',0,2700,4,'',0,6700,4,'',0,2700,4,'',0,6700,4,'',0,2800,4,'',0,6900,4,'',0,2700,4,'',0,6800,4,'',0,2800,4,'',0,2800,4,'',0,6700,4,'',0,2600,4,'',0,6500,4,'',0,2600,4,'',0,6600,4,'',0,2600,4,'',0,6600,4,'',0,2600,4,'',0,2600,4,'',0,6600,4,'',0,2600,4,'',0,6600,4,'',0,2600,4,'',0,6600,4,'',0,2600,4,'',0
'2025JU-STMPSat-Saturday-02',5900,61800,4,'',0,2600,4,'',0,6600,4,'',0,2600,4,'',0,6600,4,'',0,2600,4,'',0,2600,4,'',0,6600,4,'',0,2700,4,'',0,6800,4,'',0,2700,4,'',0,6700,4,'',0,2700,4,'',0,6700,4,'',0,2700,4,'',0,2700,4,'',0,6700,4,'',0,2700,4,'',0,6700,4,'',0,2700,4,'',0,6700,4,'',0,2700,4,'',0,6700,4,'',0,2700,4,'',0,6700,4,'',0,2700,4,'',0,2700,4,'',0,6700,4,'',0,2700,4,'',0,6600,4,'',0,2600,4,'',0,6600,4,'',0,2600,4,'',0,2600,4,'',0,6600,4,'',0,2600,4,'',0,6500,4,'',0,2600,4,'',0,6600,4,'',0,2600,4,'',0,2600,4,'',0
'2025JU-STMPSnea-Weekday-02',5900,52900,4,'',0,2600,4,'',0,6700,4,'',0,2700,4,'',0,6600,4,'',0,2700,4,'',0,6600,4,'',0,2700,4,'',0,6600,4,'',0,2700,4,'',0,2600,4,'',0,6700,4,'',0,2600,4,'',0,6600,4,'',0,2600,4,'',0,6600,4,'',0,2600,4,'',0,2600,4,'',0,6600,4,'',0,2700,4,'',0,6700,4,'',0,2700,4,'',0,6700,4,'',0,2800,4,'',0,6900,4,'',0,2700,4,'',0,6800,4,'',0,2800,4,'',0,2800,4,'',0,6700,4,'',0,2600,4,'',0,6500,4,'',0,2600,4,'',0,6600,4,'',0,2600,4,'',0,6600,4,'',0,2600,4,'',0,2600,4,'',0,6600,4,'',0,2600,4,'',0,6600,4,'',0,2600,4,'',0,6600,4,'',0,2600,4,'',0
'2025JU-STMPSu1-Sunday-02',5900,61800,4,'',0,2600,4,'',0,6600,4,'',0,2600,4,'',0,6600,4,'',0,2600,4,'',0,2600,4,'',0,6600,4,'',0,2700,4,'',0,6800,4,'',0,2700,4,'',0,6700,4,'',0,2700,4,'',0,6700,4,'',0,2700,4,'',0,2700,4,'',0,6700,4,'',0,2700,4,'',0,6700,4,'',0,2700,4,'',0,6700,4,'',0,2700,4,'',0,6700,4,'',0,2700,4,'',0,6700,4,'',0,2700,4,'',0,2700,4,'',0,6700,4,'',0,2700,4,'',0,6600,4,'',0,2600,4,'',0,6600,4,'',0,2600,4,'',0,2600,4,'',0,6600,4,'',0,2600,4,'',0,6500,4,'',0,2600,4,'',0,6600,4,'',0,2600,4,'',0,2600,4,'',0
'2025JU-STMPSu2-Sunday-02',5900,61800,4,'',0,2600,4,'',0,6600,4,'',0,2600,4,'',0,6600,4,'',0,2600,4,'',0,2600,4,'',0,6600,4,'',0,2700,4,'',0,6800,4,'',0,2700,4,'',0,6700,4,'',0,2700,4,'',0,6700,4,'',0,2700,4,'',0,2700,4,'',0,6700,4,'',0,2700,4,'',0,6700,4,'',0,2700,4,'',0,6700,4,'',0,2700,4,'',0,6700,4,'',0,2700,4,'',0,6700,4,'',0,2700,4,'',0,2700,4,'',0,6700,4,'',0,2700,4,'',0,6600,4,'',0,2600,4,'',0,6600,4,'',0,2600,4,'',0,2600,4,'',0,6600,4,'',0,2600,4,'',0,6500,4,'',0,2600,4,'',0,6600,4,'',0,2600,4,'',0,2600,4,'',0
'2025JU-STMPWeek-Weekday-02',5900,52900,4,'',0,2600,4,'',0,6700,4,'',0,2700,4,'',0,6600,4,'',0,2700,4,'',0,6600,4,'',0,2700,4,'',0,6600,4,'',0,2700,4,'',0,2600,4,'',0,6700,4,'',0,2600,4,'',0,6600,4,'',0,2600,4,'',0,6600,4,'',0,2600,4,'',0,2600,4,'',0,6600,4,'',0,2700,4,'',0,6700,4,'',0,2700,4,'',0,6700,4,'',0,2800,4,'',0,6900,4,'',0,2700,4,'',0,6800,4,'',0,2800,4,'',0,2800,4,'',0,6700,4,'',0,2600,4,'',0,6500,4,'',0,2600,4,'',0,6600,4,'',0,2600,4,'',0,6600,4,'',0,2600,4,'',0,2600,4,'',0,6600,4,'',0,2600,4,'',0,6600,4,'',0,2600,4,'',0,6600,4,'',0,2600,4,'',0
'2025JU-1BUSSA-Saturday-02',8501,53400,,'',0,6600,,'',0,2600,,'',0,2600,,'',0,6600,,'',0,2600,,'',0,6600,,'',0,2600,,'',0,6600,,'',0,2600,,'',0,2600,,'',0,6600,,'',0,2700,,'',0,6700,,'',0,2700,,'',0,6700,,'',0,2700,,'',0,6700,,'',0,2700,,'',0,2700,,'',0,6700,,'',0,2700,,'',0,6700,,'',0,2700,,'',0,6700,,'',0,2700,,'',0,6700,,'',0,2700,,'',0,2700,,'',0,6700,,'',0,2700,,'',0,6700,,'',0,2600,,'',0,6600,,'',0,2600,,'',0,6600,,'',0,2600,,'',0,2600,,'',0,6600,,'',0,2600,,'',0,6600,,'',0
'2025JU-1BUSSU-Sunday-02',8501,53400,,'',0,6600,,'',0,2600,,'',0,2600,,'',0,6600,,'',0,2600,,'',0,6600,,'',0,2600,,'',0,6600,,'',0,2600,,'',0,2600,,'',0,6600,,'',0,2700,,'',0,6700,,'',0,2700,,'',0,6700,,'',0,2700,,'',0,6700,,'',0,2700,,'',0,2700,,'',0,6700,,'',0,2700,,'',0,6700,,'',0,2700,,'',0,6700,,'',0,2700,,'',0,6700,,'',0,2700,,'',0,2700,,'',0,6700,,'',0,2700,,'',0,6700,,'',0,2600,,'',0,6600,,'',0,2600,,'',0,6600,,'',0,2600,,'',0,2600,,'',0,6600,,'',0,2600,,'',0,6600,,'',0
'2025JU-1BUSWK-Weekday-02',8501,44400,,'',0,6600,,'',0,2600,,'',0,6600,,'',0,2600,,'',0,2600,,'',0,6600,,'',0,2700,,'',0,6600,,'',0,2700,,'',0,6600,,'',0,2700,,'',0,2600,,'',0,6600,,'',0,2600,,'',0,6600,,'',0,2600,,'',0,6600,,'',0,2600,,'',0,6600,,'',0,2600,,'',0,2700,,'',0,6700,,'',0,2700,,'',0,6800,,'',0,2700,,'',0,6800,,'',0,2700,,'',0,6800,,'',0,2800,,'',0,6800,,'',0,2800,,'',0,2700,,'',0,6600,,'',0,2600,,'',0,6600,,'',0,2600,,'',0,6600,,'',0,2600,,'',0,2600,,'',0,6600,,'',0,2600,,'',0,6600,,'',0,2600,,'',0
'2025JU-STMPPar-Weekday-02',8501,44400,,'',0,6600,,'',0,2600,,'',0,6600,,'',0,2600,,'',0,2600,,'',0,6600,,'',0,2700,,'',0,6600,,'',0,2700,,'',0,6600,,'',0,2700,,'',0,2600,,'',0,6600,,'',0,2600,,'',0,6600,,'',0,2600,,'',0,6600,,'',0,2600,,'',0,6600,,'',0,2600,,'',0,2700,,'',0,6700,,'',0,2700,,'',0,6800,,'',0,2700,,'',0,6800,,'',0,2700,,'',0,6800,,'',0,2800,,'',0,6800,,'',0,2800,,'',0,2700,,'',0,6600,,'',0,2600,,'',0,6600,,'',0,2600,,'',0,6600,,'',0,2600,,'',0,2600,,'',0,6600,,'',0,2600,,'',0,6600,,'',0,2600,,'',0
'2025JU-STMPSat-Saturday-02',8501,53400,,'',0,6600,,'',0,2600,,'',0,2600,,'',0,6600,,'',0,2600,,'',0,6600,,'',0,2600,,'',0,6600,,'',0,2600,,'',0,2600,,'',0,6600,,'',0,2700,,'',0,6700,,'',0,2700,,'',0,6700,,'',0,2700,,'',0,6700,,'',0,2700,,'',0,2700,,'',0,6700,,'',0,2700,,'',0,6700,,'',0,2700,,'',0,6700,,'',0,2700,,'',0,6700,,'',0,2700,,'',0,2700,,'',0,6700,,'',0,2700,,'',0,6700,,'',0,2600,,'',0,6600,,'',0,2600,,'',0,6600,,'',0,2600,,'',0,2600,,'',0,6600,,'',0,2600,,'',0,6600,,'',0
'2025JU-STMPSnea-Weekday-02',8501,44400,,'',0,6600,,'',0,2600,,'',0,6600,,'',0,2600,,'',0,2600,,'',0,6600,,'',0,2700,,'',0,6600,,'',0,2700,,'',0,6600,,'',0,2700,,'',0,2600,,'',0,6600,,'',0,2600,,'',0,6600,,'',0,2600,,'',0,6600,,'',0,2600,,'',0,6600,,'',0,2600,,'',0,2700,,'',0,6700,,'',0,2700,,'',0,6800,,'',0,2700,,'',0,6800,,'',0,2700,,'',0,6800,,'',0,2800,,'',0,6800,,'',0,2800,,'',0,2700,,'',0,6600,,'',0,2600,,'',0,6600,,'',0,2600,,'',0,6600,,'',0,2600,,'',0,2600,,'',0,6600,,'',0,2600,,'',0,6600,,'',0,2600,,'',0
'2025JU-STMPSu1-Sunday-02',8501,53400,,'',0,6600,,'',0,2600,,'',0,2600,,'',0,6600,,'',0,2600,,'',0,6600,,'',0,2600,,'',0,6600,,'',0,2600,,'',0,2600,,'',0,6600,,'',0,2700,,'',0,6700,,'',0,2700,,'',0,6700,,'',0,2700,,'',0,6700,,'',0,2700,,'',0,2700,,'',0,6700,,'',0,2700,,'',0,6700,,'',0,2700,,'',0,6700,,'',0,2700,,'',0,6700,,'',0,2700,,'',0,2700,,'',0,6700,,'',0,2700,,'',0,6700,,'',0,2600,,'',0,6600,,'',0,2600,,'',0,6600,,'',0,2600,,'',0,2600,,'',0,6600,,'',0,2600,,'',0,6600,,'',0
'2025JU-STMPSu2-Sunday-02',8501,53400,,'',0,6600,,'',0,2600,,'',0,2600,,'',0,6600,,'',0,2600,,'',0,6600,,'',0,2600,,'',0,6600,,'',0,2600,,'',0,2600,,'',0,6600,,'',0,2700,,'',0,6700,,'',0,2700,,'',0,6700,,'',0,2700,,'',0,6700,,'',0,2700,,'',0,2700,,'',0,6700,,'',0,2700,,'',0,6700,,'',0,2700,,'',0,6700,,'',0,2700,,'',0,6700,,'',0,2700,,'',0,2700,,'',0,6700,,'',0,2700,,'',0,6700,,'',0,2600,,'',0,6600,,'',0,2600,,'',0,6600,,'',0,2600,,'',0,2600,,'',0,6600,,'',0,2600,,'',0,6600,,'',0
'2025JU-STMPWeek-Weekday-02',8501,44400,,'',0,6600,,'',0,2600,,'',0,6600,,'',0,2600,,'',0,2600,,'',0,6600,,'',0,2700,,'',0,6600,,'',0,2700,,'',0,6600,,'',0,2700,,'',0,2600,,'',0,6600,,'',0,2600,,'',0,6600,,'',0,2600,,'',0,6600,,'',0,2600,,'',0,6600,,'',0,2600,,'',0,2700,,'',0,6700,,'',0,2700,,'',0,6800,,'',0,2700,,'',0,6800,,'',0,2700,,'',0,6800,,'',0,2800,,'',0,6800,,'',0,2800,,'',0,2700,,'',0,6600,,'',0,2600,,'',0,6600,,'',0,2600,,'',0,6600,,'',0,2600,,'',0,2600,,'',0,6600,,'',0,2600,,'',0,6600,,'',0,2600,,'',0
