10401,'Saturday',605,,116334,12,,,0,32,,116322,12,,,0,72,,116336,12,,,0,32,,116321,12,,,0,72,,116338,12,,,0,32,,116324,12,,,0,72,,116340,12,,,0,32,,116323,12,,,0,72,,116339,12,,,0,32,,116325,12,,,0,72,,116341,12,,,0,32,,116326,12,,,0,72,,116342,12,,,0,72,,116327,12,,,0,32,,116343,12,,,0,72,,116329,12,,,0,32,,116344,12,,,0,72,,116328,12,,,0,32,,116345,12,,,0,72,,116330,12,,,0,32,,116346,12,,,0,72,,116331,12,,,0,32,,116347,12,,,0,72,,116332,12,,,0,32,,116348,12,,,0,72,,116333,12,,,0,32,,116349,12,,,0,72,,116337,12,,,0,72,,116350,12,,,0,34,,116335,12,,,0
10401,'Sunday',605,,116365,12,,,0,32,,116351,12,,,0,72,,116368,12,,,0,32,,116352,12,,,0,72,,116367,12,,,0,32,,116354,12,,,0,72,,116369,12,,,0,32,,116353,12,,,0,72,,116370,12,,,0,32,,116355,12,,,0,72,,116371,12,,,0,32,,116356,12,,,0,72,,116372,12,,,0,72,,116357,12,,,0,32,,116373,12,,,0,72,,116358,12,,,0,32,,116374,12,,,0,72,,116359,12,,,0,32,,116375,12,,,0,72,,116360,12,,,0,32,,116376,12,,,0,72,,116361,12,,,0,32,,116377,12,,,0,72,,116362,12,,,0,32,,116379,12,,,0,72,,116363,12,,,0,32,,116378,12,,,0,72,,116364,12,,,0,72,,116380,12,,,0,34,,116366,12,,,0
10401,'Weekday',546,,116399,12,,,0,74,,116382,12,,,0,30,,116400,12,,,0,76,,116381,12,,,0,32,,116401,12,,,0,73,,116383,12,,,0,73,,116402,12,,,0,31,,116384,12,,,0,72,,116404,12,,,0,32,,116385,12,,,0,72,,116403,12,,,0,32,,116386,12,,,0,72,,116405,12,,,0,32,,116387,12,,,0,72,,116406,12,,,0,32,,116388,12,,,0,72,,116408,12,,,0,33,,116389,12,,,0,72,,116407,12,,,0,73,,116390,12,,,0,32,,116409,12,,,0,73,,116391,12,,,0,30,,116410,12,,,0,72,,116392,12,,,0,31,,116411,12,,,0,71,,116393,12,,,0,32,,116412,12,,,0,72,,116394,12,,,0,32,,116413,12,,,0,72,,116395,12,,,0,32,,116414,12,,,0,72,,116396,12,,,0,32,,116415,12,,,0,72,,116397,12,,,0,32,,116416,12,,,0,77,,116398,12,,,0
10401,'STMPSa-Saturday',605,,116430,12,,,0,32,,116418,12,,,0,72,,116432,12,,,0,32,,116417,12,,,0,72,,116434,12,,,0,32,,116420,12,,,0,72,,116436,12,,,0,32,,116419,12,,,0,72,,116435,12,,,0,32,,116421,12,,,0,72,,116437,12,,,0,32,,116422,12,,,0,72,,116438,12,,,0,72,,116423,12,,,0,32,,116439,12,,,0,72,,116425,12,,,0,32,,116440,12,,,0,72,,116424,12,,,0,32,,116441,12,,,0,72,,116426,12,,,0,32,,116442,12,,,0,72,,116427,12,,,0,32,,116443,12,,,0,72,,116428,12,,,0,32,,116444,12,,,0,72,,116429,12,,,0,32,,116445,12,,,0,72,,116433,12,,,0,72,,116446,12,,,0,34,,116431,12,,,0
10401,'STMPSnea-Weekday',546,,116465,12,,,0,74,,116448,12,,,0,30,,116466,12,,,0,76,,116447,12,,,0,32,,116467,12,,,0,73,,116449,12,,,0,73,,116468,12,,,0,31,,116450,12,,,0,72,,116470,12,,,0,32,,116451,12,,,0,72,,116469,12,,,0,32,,116452,12,,,0,72,,116471,12,,,0,32,,116453,12,,,0,72,,116472,12,,,0,32,,116454,12,,,0,72,,116474,12,,,0,33,,116455,12,,,0,72,,116473,12,,,0,73,,116456,12,,,0,32,,116475,12,,,0,73,,116457,12,,,0,30,,116476,12,,,0,72,,116458,12,,,0,31,,116477,12,,,0,71,,116459,12,,,0,32,,116478,12,,,0,72,,116460,12,,,0,32,,116479,12,,,0,72,,116461,12,,,0,32,,116480,12,,,0,72,,116462,12,,,0,32,,116481,12,,,0,72,,116463,12,,,0,32,,116482,12,,,0,77,,116464,12,,,0
10401,'STMPSu1-Sunday',605,,116497,12,,,0,32,,116483,12,,,0,72,,116500,12,,,0,32,,116484,12,,,0,72,,116499,12,,,0,32,,116486,12,,,0,72,,116501,12,,,0,32,,116485,12,,,0,72,,116502,12,,,0,32,,116487,12,,,0,72,,116503,12,,,0,32,,116488,12,,,0,72,,116504,12,,,0,72,,116489,12,,,0,32,,116505,12,,,0,72,,116490,12,,,0,32,,116506,12,,,0,72,,116491,12,,,0,32,,116507,12,,,0,72,,116492,12,,,0,32,,116508,12,,,0,72,,116493,12,,,0,32,,116509,12,,,0,72,,116494,12,,,0,32,,116511,12,,,0,72,,116495,12,,,0,32,,116510,12,,,0,72,,116496,12,,,0,72,,116512,12,,,0,34,,116498,12,,,0
10401,'STMPSu2-Sunday',605,,116527,12,,,0,32,,116513,12,,,0,72,,116530,12,,,0,32,,116514,12,,,0,72,,116529,12,,,0,32,,116516,12,,,0,72,,116531,12,,,0,32,,116515,12,,,0,72,,116532,12,,,0,32,,116517,12,,,0,72,,116533,12,,,0,32,,116518,12,,,0,72,,116534,12,,,0,72,,116519,12,,,0,32,,116535,12,,,0,72,,116520,12,,,0,32,,116536,12,,,0,72,,116521,12,,,0,32,,116537,12,,,0,72,,116522,12,,,0,32,,116538,12,,,0,72,,116523,12,,,0,32,,116539,12,,,0,72,,116524,12,,,0,32,,116541,12,,,0,72,,116525,12,,,0,32,,116540,12,,,0,72,,116526,12,,,0,72,,116542,12,,,0,34,,116528,12,,,0
10401,'STMPWeek-Weekday',546,,116561,12,,,0,74,,116544,12,,,0,30,,116562,12,,,0,76,,116543,12,,,0,32,,116563,12,,,0,73,,116545,12,,,0,73,,116564,12,,,0,31,,116546,12,,,0,72,,116566,12,,,0,32,,116547,12,,,0,72,,116565,12,,,0,32,,116548,12,,,0,72,,116567,12,,,0,32,,116549,12,,,0,72,,116568,12,,,0,32,,116550,12,,,0,72,,116570,12,,,0,33,,116551,12,,,0,72,,116569,12,,,0,73,,116552,12,,,0,32,,116571,12,,,0,73,,116553,12,,,0,30,,116572,12,,,0,72,,116554,12,,,0,31,,116573,12,,,0,71,,116555,12,,,0,32,,116574,12,,,0,72,,116556,12,,,0,32,,116575,12,,,0,72,,116557,12,,,0,32,,116576,12,,,0,72,,116558,12,,,0,32,,116577,12,,,0,72,,116559,12,,,0,32,,116578,12,,,0,77,,116560,12,,,0
10401,'STMPar-Weekday',546,,116597,12,,,0,74,,116580,12,,,0,30,,116598,12,,,0,76,,116579,12,,,0,32,,116599,12,,,0,73,,116581,12,,,0,73,,116600,12,,,0,31,,116582,12,,,0,72,,116602,12,,,0,32,,116583,12,,,0,72,,116601,12,,,0,32,,116584,12,,,0,72,,116603,12,,,0,32,,116585,12,,,0,72,,116604,12,,,0,32,,116586,12,,,0,72,,116606,12,,,0,33,,116587,12,,,0,72,,116605,12,,,0,73,,116588,12,,,0,32,,116607,12,,,0,73,,116589,12,,,0,30,,116608,12,,,0,72,,116590,12,,,0,31,,116609,12,,,0,71,,116591,12,,,0,32,,116610,12,,,0,72,,116592,12,,,0,32,,116611,12,,,0,72,,116593,12,,,0,32,,116612,12,,,0,72,,116594,12,,,0,32,,116613,12,,,0,72,,116595,12,,,0,32,,116614,12,,,0,77,,116596,12,,,0
40401,'Saturday',738,,142650,8,,,0,100,,142651,8,,,0,100,,142653,8,,,0,100,,142652,8,,,0,100,,142654,8,,,0,100,,142656,8,,,0,100,,142657,8,,,0,100,,142658,8,,,0,100,,142655,8,,,0,100,,142659,8,,,0,100,,142660,8,,,0
40401,'Sunday',738,,142661,8,,,0,100,,142662,8,,,0,100,,142663,8,,,0,100,,142664,8,,,0,100,,142665,8,,,0,100,,142667,8,,,0,100,,142666,8,,,0,100,,142668,8,,,0,100,,142669,8,,,0,100,,142670,8,,,0,100,,142671,8,,,0
40401,'Weekday',628,,142672,8,,,0,115,,142674,8,,,0,97,,142673,8,,,0,103,,142675,8,,,0,100,,142676,8,,,0,100,,142678,8,,,0,100,,142677,8,,,0,100,,142679,8,,,0,100,,142680,8,,,0,110,,142682,8,,,0,100,,142683,8,,,0,100,,142681,8,,,0,100,,142684,8,,,0,100,,142685,8,,,0
40401,'STMPSa-Saturday',738,,142686,8,,,0,100,,142687,8,,,0,100,,142689,8,,,0,100,,142688,8,,,0,100,,142690,8,,,0,100,,142692,8,,,0,100,,142693,8,,,0,100,,142694,8,,,0,100,,142691,8,,,0,100,,142695,8,,,0,100,,142696,8,,,0
40401,'STMPSnea-Weekday',628,,142697,8,,,0,115,,142699,8,,,0,97,,142698,8,,,0,103,,142700,8,,,0,100,,142701,8,,,0,100,,142703,8,,,0,100,,142702,8,,,0,100,,142704,8,,,0,100,,142705,8,,,0,110,,142707,8,,,0,100,,142708,8,,,0,100,,142706,8,,,0,100,,142709,8,,,0,100,,142710,8,,,0
40401,'STMPSu1-Sunday',738,,142711,8,,,0,100,,142712,8,,,0,100,,142713,8,,,0,100,,142714,8,,,0,100,,142715,8,,,0,100,,142717,8,,,0,100,,142716,8,,,0,100,,142718,8,,,0,100,,142719,8,,,0,100,,142720,8,,,0,100,,142721,8,,,0
40401,'STMPSu2-Sunday',738,,142722,8,,,0,100,,142723,8,,,0,100,,142724,8,,,0,100,,142725,8,,,0,100,,142726,8,,,0,100,,142728,8,,,0,100,,142727,8,,,0,100,,142729,8,,,0,100,,142730,8,,,0,100,,142731,8,,,0,100,,142732,8,,,0
40401,'STMPWeek-Weekday',628,,142733,8,,,0,115,,142735,8,,,0,97,,142734,8,,,0,103,,142736,8,,,0,100,,142737,8,,,0,100,,142739,8,,,0,100,,142738,8,,,0,100,,142740,8,,,0,100,,142741,8,,,0,110,,142743,8,,,0,100,,142744,8,,,0,100,,142742,8,,,0,100,,142745,8,,,0,100,,142746,8,,,0
40401,'STMPar-Weekday',628,,142747,8,,,0,115,,142749,8,,,0,97,,142748,8,,,0,103,,142750,8,,,0,100,,142751,8,,,0,100,,142753,8,,,0,100,,142752,8,,,0,100,,142754,8,,,0,100,,142755,8,,,0,110,,142757,8,,,0,100,,142758,8,,,0,100,,142756,8,,,0,100,,142759,8,,,0,100,,142760,8,,,0
