1001,'CUT-Weekday',635,,4485,,,0,74,,4495,,,0,33,,4505,,,0,72,,4486,,,0,32,,4496,,,0,73,,4506,,,0,32,,4487,,,0,72,,4497,,,0,32,,4507,,,0,72,,4489,,,0,32,,4498,,,0,72,,4508,,,0,72,,4488,,,0,32,,4499,,,0,72,,4509,,,0,32,,4490,,,0,72,,4501,,,0,32,,4510,,,0,72,,4491,,,0,32,,4500,,,0,72,,4511,,,0,32,,4492,,,0,71,,4502,,,0,32,,4512,,,0,72,,4493,,,0,32,,4516,,,0,71,,4513,,,0,72,,4494,,,0,32,,4503,,,0,72,,4514,,,0,32,,4484,,,0,72,,4504,,,0,43,,4515,,,0
1001,'Saturday',942,,4526,,,0,70,,4537,,,0,30,,4517,,,0,70,,4527,,,0,30,,4538,,,0,70,,4518,,,0,30,,4528,,,0,70,,4539,,,0,30,,4519,,,0,70,,4529,,,0,30,,4540,,,0,70,,4520,,,0,30,,4531,,,0,70,,4541,,,0,30,,4521,,,0,70,,4530,,,0,30,,4542,,,0,71,,4522,,,0,29,,4532,,,0,70,,4543,,,0,30,,4524,,,0,70,,4533,,,0,30,,4544,,,0,70,,4523,,,0,30,,4535,,,0,70,,4536,,,0,30,,4525,,,0,70,,4534,,,0
1001,'Sunday',942,,4547,,,0,70,,4556,,,0,30,,4564,,,0,70,,4548,,,0,30,,4559,,,0,70,,4565,,,0,30,,4549,,,0,70,,4558,,,0,30,,4566,,,0,70,,4550,,,0,30,,4561,,,0,70,,4567,,,0,30,,4551,,,0,70,,4560,,,0,30,,4568,,,0,70,,4553,,,0,30,,4562,,,0,71,,4569,,,0,29,,4552,,,0,70,,4563,,,0,30,,4570,,,0,70,,4554,,,0,30,,4545,,,0,70,,4571,,,0,30,,4557,,,0,70,,4546,,,0,30,,4572,,,0,70,,4555,,,0
1001,'Weekday',635,,4574,,,0,74,,4584,,,0,33,,4594,,,0,72,,4575,,,0,32,,4585,,,0,73,,4595,,,0,32,,4576,,,0,72,,4586,,,0,32,,4596,,,0,72,,4577,,,0,32,,4587,,,0,72,,4597,,,0,72,,4578,,,0,32,,4588,,,0,72,,4598,,,0,32,,4579,,,0,72,,4590,,,0,32,,4599,,,0,72,,4580,,,0,32,,4589,,,0,72,,4600,,,0,32,,4581,,,0,71,,4591,,,0,32,,4601,,,0,72,,4582,,,0,32,,4605,,,0,71,,4602,,,0,72,,4583,,,0,32,,4592,,,0,72,,4603,,,0,32,,4573,,,0,72,,4593,,,0,43,,4604,,,0
1001,'pBxDec31-Weekday',635,,4607,,,0,74,,4617,,,0,33,,4627,,,0,72,,4608,,,0,32,,4618,,,0,73,,4628,,,0,32,,4609,,,0,72,,4619,,,0,32,,4629,,,0,72,,4611,,,0,32,,4620,,,0,72,,4630,,,0,72,,4610,,,0,32,,4621,,,0,72,,4631,,,0,32,,4612,,,0,72,,4623,,,0,32,,4632,,,0,72,,4613,,,0,32,,4622,,,0,72,,4633,,,0,32,,4614,,,0,71,,4624,,,0,32,,4634,,,0,72,,4616,,,0,32,,4638,,,0,71,,4635,,,0,72,,4615,,,0,32,,4625,,,0,72,,4636,,,0,32,,4606,,,0,72,,4626,,,0,43,,4637,,,0
1501,'CUT-Weekday',633,,6005,,,0,79,,5998,,,0,35,,6013,,,0,80,,6006,,,0,79,,5999,,,0,40,,6014,,,0,80,,6007,,,0,80,,6000,,,0,40,,6015,,,0,80,,6008,,,0,80,,6001,,,0,40,,6016,,,0,80,,6009,,,0,80,,6002,,,0,35,,6017,,,0,71,,6019,,,0,30,,6010,,,0,70,,6003,,,0,29,,6018,,,0,69,,6020,,,0,30,,6011,,,0,79,,6004,,,0,38,,6021,,,0
1501,'Saturday',654,,6022,,,0,78,,6029,,,0,78,,6035,,,0,38,,6023,,,0,78,,6030,,,0,78,,6036,,,0,38,,6024,,,0,78,,6031,,,0,38,,6037,,,0,78,,6025,,,0,78,,6032,,,0,38,,6038,,,0,78,,6026,,,0,78,,6033,,,0,38,,6039,,,0,78,,6027,,,0,78,,6034,,,0,38,,6040,,,0,78,,6028,,,0
1501,'Sunday',654,,6041,,,0,97,,6048,,,0,97,,6042,,,0,97,,6049,,,0,97,,6043,,,0,97,,6050,,,0,97,,6044,,,0,97,,6051,,,0,97,,6045,,,0,97,,6052,,,0,97,,6046,,,0,97,,6053,,,0,97,,6047,,,0
1501,'Weekday',633,,6061,,,0,79,,6054,,,0,35,,6069,,,0,80,,6062,,,0,79,,6055,,,0,40,,6070,,,0,80,,6063,,,0,80,,6056,,,0,40,,6071,,,0,80,,6064,,,0,80,,6057,,,0,40,,6072,,,0,80,,6065,,,0,80,,6058,,,0,35,,6073,,,0,71,,6075,,,0,30,,6066,,,0,70,,6059,,,0,29,,6074,,,0,69,,6076,,,0,30,,6067,,,0,79,,6060,,,0,38,,6077,,,0
1501,'pBxDec31-Weekday',633,,6085,,,0,79,,6078,,,0,35,,6093,,,0,80,,6086,,,0,79,,6079,,,0,40,,6094,,,0,80,,6087,,,0,80,,6080,,,0,40,,6095,,,0,80,,6088,,,0,80,,6081,,,0,40,,6096,,,0,80,,6089,,,0,80,,6082,,,0,35,,6097,,,0,71,,6099,,,0,30,,6090,,,0,70,,6083,,,0,29,,6098,,,0,69,,6100,,,0,30,,6091,,,0,79,,6084,,,0,38,,6101,,,0
