5400,'STMPSa-Saturday',632,,94998,2,,,0,85,,94999,2,,,0,85,,95000,2,,,0,45,,95001,2,,,0,85,,95002,2,,,0,85,,95003,2,,,0,85,,95006,2,,,0,45,,95007,2,,,0,85,,95008,2,,,0,85,,95004,2,,,0,85,,95005,2,,,0,45,,95009,2,,,0,85,,95010,2,,,0,85,,95013,2,,,0,85,,95014,2,,,0,45,,95015,2,,,0,85,,95011,2,,,0,85,,95012,2,,,0,85,,95017,2,,,0,45,,95018,2,,,0,85,,95019,2,,,0,85,,95016,2,,,0,85,,95020,2,,,0
5400,'STMPSu2-Sunday',632,,95084,2,,,0,85,,95085,2,,,0,85,,95087,2,,,0,45,,95088,2,,,0,85,,95089,2,,,0,85,,95086,2,,,0,85,,95091,2,,,0,45,,95093,2,,,0,85,,95094,2,,,0,85,,95092,2,,,0,85,,95095,2,,,0,45,,95090,2,,,0,85,,95097,2,,,0,85,,95099,2,,,0,85,,95100,2,,,0,45,,95098,2,,,0,85,,95102,2,,,0,85,,95096,2,,,0,85,,95101,2,,,0,45,,95103,2,,,0,85,,95104,2,,,0,85,,95105,2,,,0,85,,95106,2,,,0
5400,'STMPWeek-Weekday',505,,95126,2,,,0,37,,95116,2,,,0,70,,95108,2,,,0,30,,95127,2,,,0,70,,95136,2,,,0,30,,95117,2,,,0,70,,95107,2,,,0,30,,95128,2,,,0,70,,95137,2,,,0,30,,95118,2,,,0,70,,95109,2,,,0,30,,95129,2,,,0,70,,95138,2,,,0,30,,95119,2,,,0,70,,95110,2,,,0,30,,95130,2,,,0,70,,95139,2,,,0,30,,95120,2,,,0,70,,95112,2,,,0,30,,95131,2,,,0,70,,95140,2,,,0,31,,95121,2,,,0,70,,95111,2,,,0,30,,95132,2,,,0,70,,95141,2,,,0,29,,95122,2,,,0,70,,95113,2,,,0,30,,95134,2,,,0,70,,95142,2,,,0,31,,95123,2,,,0,70,,95114,2,,,0,30,,95133,2,,,0,70,,95143,2,,,0,29,,95124,2,,,0,70,,95115,2,,,0,30,,95135,2,,,0,70,,95144,2,,,0,31,,95125,2,,,0
7700,'STMPSa-Saturday',622,,103930,2,,,0,85,,103931,2,,,0,45,,103932,2,,,0,85,,103934,2,,,0,85,,103935,2,,,0,85,,103936,2,,,0,45,,103933,2,,,0,85,,103937,2,,,0,85,,103938,2,,,0,85,,103939,2,,,0,45,,103941,2,,,0,85,,103942,2,,,0,85,,103943,2,,,0,85,,103940,2,,,0,45,,103944,2,,,0,85,,103946,2,,,0,85,,103949,2,,,0,85,,103950,2,,,0,45,,103945,2,,,0,85,,103947,2,,,0,85,,103948,2,,,0,85,,103951,2,,,0,52,,103952,2,,,0
7700,'STMPSu2-Sunday',622,,104017,2,,,0,85,,104015,2,,,0,45,,104018,2,,,0,85,,104019,2,,,0,85,,104020,2,,,0,85,,104021,2,,,0,45,,104022,2,,,0,85,,104023,2,,,0,85,,104024,2,,,0,85,,104025,2,,,0,45,,104026,2,,,0,85,,104028,2,,,0,85,,104029,2,,,0,85,,104030,2,,,0,45,,104027,2,,,0,85,,104031,2,,,0,85,,104032,2,,,0,85,,104033,2,,,0,45,,104034,2,,,0,85,,104035,2,,,0,85,,104036,2,,,0,85,,104037,2,,,0,52,,104038,2,,,0
7700,'STMPWeek-Weekday',552,,104067,2,,,0,70,,104049,2,,,0,30,,104039,2,,,0,70,,104059,2,,,0,30,,104068,2,,,0,70,,104050,2,,,0,30,,104040,2,,,0,70,,104058,2,,,0,30,,104070,2,,,0,70,,104051,2,,,0,30,,104041,2,,,0,70,,104060,2,,,0,30,,104069,2,,,0,70,,104052,2,,,0,30,,104042,2,,,0,70,,104061,2,,,0,30,,104072,2,,,0,70,,104054,2,,,0,30,,104043,2,,,0,70,,104063,2,,,0,30,,104071,2,,,0,71,,104053,2,,,0,30,,104045,2,,,0,70,,104062,2,,,0,30,,104073,2,,,0,69,,104055,2,,,0,30,,104044,2,,,0,70,,104064,2,,,0,30,,104074,2,,,0,71,,104056,2,,,0,30,,104047,2,,,0,70,,104065,2,,,0,30,,104075,2,,,0,69,,104057,2,,,0,30,,104046,2,,,0,70,,104066,2,,,0,30,,104076,2,,,0
12900,'STMPSa-Saturday',702,,123579,2,,,0,40,,123596,2,,,0,80,,123588,2,,,0,80,,123580,2,,,0,40,,123597,2,,,0,80,,123589,2,,,0,80,,123581,2,,,0,40,,123598,2,,,0,80,,123590,2,,,0,80,,123582,2,,,0,40,,123599,2,,,0,80,,123591,2,,,0,80,,123584,2,,,0,40,,123601,2,,,0,80,,123592,2,,,0,80,,123583,2,,,0,40,,123600,2,,,0,80,,123593,2,,,0,80,,123585,2,,,0,40,,123602,2,,,0,83,,123594,2,,,0,77,,123586,2,,,0,40,,123603,2,,,0,80,,123595,2,,,0,80,,123587,2,,,0,43,,123604,2,,,0
12900,'STMPSu2-Sunday',702,,123668,2,,,0,40,,123685,2,,,0,80,,123677,2,,,0,80,,123669,2,,,0,40,,123687,2,,,0,80,,123678,2,,,0,80,,123670,2,,,0,40,,123686,2,,,0,80,,123679,2,,,0,80,,123671,2,,,0,40,,123688,2,,,0,80,,123680,2,,,0,80,,123672,2,,,0,40,,123690,2,,,0,80,,123681,2,,,0,80,,123673,2,,,0,40,,123689,2,,,0,80,,123682,2,,,0,80,,123674,2,,,0,40,,123691,2,,,0,83,,123683,2,,,0,77,,123675,2,,,0,40,,123692,2,,,0,80,,123684,2,,,0,80,,123676,2,,,0,43,,123693,2,,,0
12900,'STMPWeek-Weekday',552,,123701,2,,,0,67,,123695,2,,,0,30,,123713,2,,,0,70,,123719,2,,,0,30,,123702,2,,,0,70,,123696,2,,,0,30,,123714,2,,,0,70,,123720,2,,,0,30,,123703,2,,,0,70,,123697,2,,,0,30,,123715,2,,,0,70,,123721,2,,,0,30,,123704,2,,,0,70,,123698,2,,,0,30,,123716,2,,,0,70,,123722,2,,,0,30,,123705,2,,,0,73,,123699,2,,,0,27,,123717,2,,,0,62,,123723,2,,,0,36,,123706,2,,,0,56,,123730,2,,,0,15,,123700,2,,,0,30,,123718,2,,,0,69,,123724,2,,,0,30,,123707,2,,,0,72,,123725,2,,,0,30,,123708,2,,,0,70,,123726,2,,,0,30,,123694,2,,,0,70,,123727,2,,,0,30,,123709,2,,,0,70,,123728,2,,,0,30,,123710,2,,,0,70,,123729,2,,,0,30,,123711,2,,,0,100,,123712,2,,,0
15400,'STMPSa-Saturday',634,,129234,2,,,0,85,,129238,2,,,0,85,,129236,2,,,0,45,,129237,2,,,0,85,,129239,2,,,0,85,,129240,2,,,0,85,,129242,2,,,0,45,,129244,2,,,0,86,,129245,2,,,0,85,,129246,2,,,0,85,,129243,2,,,0,45,,129248,2,,,0,85,,129249,2,,,0,85,,129250,2,,,0,85,,129251,2,,,0,45,,129241,2,,,0,85,,129252,2,,,0,85,,129253,2,,,0,85,,129247,2,,,0
15400,'STMPSu2-Sunday',634,,129315,2,,,0,85,,129316,2,,,0,85,,129317,2,,,0,45,,129318,2,,,0,85,,129319,2,,,0,85,,129320,2,,,0,85,,129321,2,,,0,45,,129323,2,,,0,86,,129324,2,,,0,85,,129325,2,,,0,85,,129322,2,,,0,45,,129326,2,,,0,85,,129327,2,,,0,85,,129328,2,,,0,85,,129329,2,,,0,45,,129330,2,,,0,85,,129331,2,,,0,85,,129332,2,,,0,85,,129333,2,,,0
15400,'STMPWeek-Weekday',532,,129334,2,,,0,70,,129353,2,,,0,30,,129362,2,,,0,70,,129344,2,,,0,30,,129336,2,,,0,70,,129355,2,,,0,30,,129365,2,,,0,70,,129345,2,,,0,30,,129335,2,,,0,70,,129354,2,,,0,30,,129366,2,,,0,70,,129346,2,,,0,30,,129337,2,,,0,70,,129356,2,,,0,30,,129367,2,,,0,70,,129347,2,,,0,30,,129338,2,,,0,70,,129358,2,,,0,30,,129368,2,,,0,71,,129348,2,,,0,31,,129339,2,,,0,70,,129357,2,,,0,30,,129369,2,,,0,72,,129349,2,,,0,30,,129340,2,,,0,70,,129359,2,,,0,29,,129370,2,,,0,68,,129350,2,,,0,30,,129341,2,,,0,70,,129361,2,,,0,30,,129371,2,,,0,72,,129351,2,,,0,30,,129342,2,,,0,70,,129360,2,,,0,30,,129372,2,,,0,68,,129352,2,,,0,30,,129343,2,,,0,70,,129363,2,,,0,30,,129373,2,,,0
