2400,'2025DE-1BUSCUT-Weekday-02',523,,8708,4,,0,80,,8717,4,,0,30,,8685,4,,0,72,,8709,4,,0,32,,8718,4,,0,69,,8687,4,,0,30,,8710,4,,0,70,,8719,4,,0,28,,8686,4,,0,69,,8711,4,,0,30,,8720,4,,0,70,,8689,4,,0,30,,8712,4,,0,70,,8721,4,,0,30,,8688,4,,0,70,,8713,4,,0,30,,8722,4,,0,70,,8690,4,,0,30,,8714,4,,0,71,,8723,4,,0,31,,8691,4,,0,70,,8715,4,,0,32,,8724,4,,0,70,,8692,4,,0,30,,8716,4,,0,70,,8725,4,,0,28,,8693,4,,0,69,,8704,4,,0,29,,8699,4,,0,70,,8694,4,,0,30,,8702,4,,0,70,,8698,4,,0,29,,8695,4,,0,70,,8705,4,,0,30,,8700,4,,0,70,,8696,4,,0,30,,8706,4,,0,73,,8701,4,,0,13,,8726,4,,0
2400,'2025DE-1BUSSA-Saturday-02',618,,8727,4,,0,30,,8738,4,,0,70,,8751,4,,0,30,,8728,4,,0,70,,8739,4,,0,30,,8752,4,,0,70,,8729,4,,0,30,,8740,4,,0,70,,8749,4,,0,30,,8730,4,,0,70,,8741,4,,0,30,,8753,4,,0,70,,8731,4,,0,30,,8743,4,,0,70,,8755,4,,0,30,,8732,4,,0,70,,8744,4,,0,30,,8750,4,,0,70,,8733,4,,0,30,,8742,4,,0,70,,8754,4,,0,30,,8734,4,,0,70,,8745,4,,0,30,,8756,4,,0,70,,8735,4,,0,30,,8746,4,,0,70,,8758,4,,0,30,,8736,4,,0,70,,8747,4,,0,30,,8757,4,,0,70,,8737,4,,0,30,,8748,4,,0,70,,8759,4,,0
2400,'2025DE-1BUSSU-Sunday-02',618,,8763,4,,0,30,,8773,4,,0,70,,8784,4,,0,30,,8762,4,,0,70,,8774,4,,0,30,,8785,4,,0,70,,8764,4,,0,30,,8776,4,,0,70,,8786,4,,0,30,,8765,4,,0,70,,8775,4,,0,30,,8787,4,,0,70,,8766,4,,0,30,,8778,4,,0,70,,8788,4,,0,30,,8768,4,,0,70,,8777,4,,0,30,,8790,4,,0,70,,8767,4,,0,30,,8780,4,,0,70,,8789,4,,0,30,,8769,4,,0,70,,8779,4,,0,30,,8791,4,,0,70,,8770,4,,0,30,,8781,4,,0,70,,8793,4,,0,30,,8771,4,,0,70,,8782,4,,0,30,,8792,4,,0,70,,8772,4,,0,30,,8783,4,,0,70,,8794,4,,0
2400,'2025DE-1BUSWK-Weekday-02',523,,8820,4,,0,80,,8829,4,,0,30,,8797,4,,0,72,,8821,4,,0,32,,8830,4,,0,69,,8799,4,,0,30,,8822,4,,0,70,,8832,4,,0,28,,8798,4,,0,69,,8823,4,,0,30,,8831,4,,0,70,,8801,4,,0,30,,8824,4,,0,70,,8833,4,,0,30,,8800,4,,0,70,,8825,4,,0,30,,8834,4,,0,70,,8802,4,,0,30,,8826,4,,0,71,,8835,4,,0,31,,8803,4,,0,70,,8827,4,,0,32,,8836,4,,0,70,,8804,4,,0,30,,8828,4,,0,70,,8837,4,,0,28,,8805,4,,0,69,,8815,4,,0,29,,8811,4,,0,70,,8806,4,,0,30,,8817,4,,0,70,,8810,4,,0,29,,8807,4,,0,70,,8816,4,,0,30,,8812,4,,0,70,,8808,4,,0,30,,8818,4,,0,73,,8813,4,,0,13,,8838,4,,0
2400,'2025DE-pBxDec31-Weekday-02',523,,8862,4,,0,80,,8871,4,,0,30,,8839,4,,0,72,,8863,4,,0,32,,8872,4,,0,69,,8841,4,,0,30,,8864,4,,0,70,,8873,4,,0,28,,8840,4,,0,69,,8865,4,,0,30,,8874,4,,0,70,,8843,4,,0,30,,8866,4,,0,70,,8875,4,,0,30,,8842,4,,0,70,,8867,4,,0,30,,8876,4,,0,70,,8844,4,,0,30,,8868,4,,0,71,,8877,4,,0,31,,8845,4,,0,70,,8869,4,,0,32,,8878,4,,0,70,,8846,4,,0,30,,8870,4,,0,70,,8879,4,,0,28,,8847,4,,0,69,,8858,4,,0,29,,8853,4,,0,70,,8848,4,,0,30,,8856,4,,0,70,,8852,4,,0,29,,8849,4,,0,70,,8859,4,,0,30,,8854,4,,0,70,,8850,4,,0,30,,8860,4,,0,73,,8855,4,,0,13,,8880,4,,0
2401,'2025DE-1BUSCUT-Weekday-02',535,,8902,,,0,80,,8911,,,0,30,,8881,,,0,70,,8903,,,0,30,,8913,,,0,70,,8882,,,0,30,,8904,,,0,70,,8914,,,0,30,,8883,,,0,70,,8906,,,0,30,,8915,,,0,70,,8884,,,0,30,,8905,,,0,70,,8912,,,0,30,,8885,,,0,70,,8908,,,0,30,,8916,,,0,70,,8887,,,0,30,,8907,,,0,70,,8917,,,0,30,,8886,,,0,70,,8909,,,0,30,,8918,,,0,70,,8888,,,0,30,,8910,,,0,70,,8893,,,0,30,,8889,,,0,70,,8897,,,0,30,,8894,,,0,70,,8890,,,0,30,,8899,,,0,70,,8895,,,0,30,,8891,,,0,70,,8900,,,0,30,,8896,,,0,70,,8892,,,0,30,,8901,,,0,75,,8898,,,0
2401,'2025DE-1BUSSA-Saturday-02',622,,8920,,,0,30,,8931,,,0,70,,8940,,,0,30,,8922,,,0,70,,8930,,,0,30,,8942,,,0,70,,8921,,,0,30,,8932,,,0,70,,8943,,,0,30,,8919,,,0,70,,8934,,,0,30,,8945,,,0,70,,8923,,,0,30,,8935,,,0,70,,8946,,,0,30,,8924,,,0,70,,8933,,,0,30,,8944,,,0,70,,8925,,,0,30,,8936,,,0,70,,8948,,,0,30,,8926,,,0,70,,8938,,,0,30,,8947,,,0,70,,8927,,,0,30,,8937,,,0,70,,8949,,,0,30,,8928,,,0,70,,8939,,,0,30,,8950,,,0,70,,8929,,,0,30,,8941,,,0
2401,'2025DE-1BUSSU-Sunday-02',622,,8951,,,0,30,,8961,,,0,70,,8972,,,0,30,,8952,,,0,70,,8963,,,0,30,,8974,,,0,70,,8953,,,0,30,,8965,,,0,70,,8975,,,0,30,,8954,,,0,70,,8964,,,0,30,,8976,,,0,70,,8955,,,0,30,,8966,,,0,70,,8977,,,0,30,,8956,,,0,70,,8967,,,0,30,,8978,,,0,70,,8959,,,0,30,,8968,,,0,70,,8979,,,0,30,,8957,,,0,70,,8969,,,0,30,,8981,,,0,70,,8960,,,0,30,,8971,,,0,70,,8980,,,0,30,,8958,,,0,70,,8970,,,0,30,,8982,,,0,70,,8962,,,0,30,,8973,,,0
2401,'2025DE-1BUSWK-Weekday-02',535,,9004,,,0,80,,9013,,,0,30,,8983,,,0,70,,9005,,,0,30,,9015,,,0,70,,8984,,,0,30,,9006,,,0,70,,9016,,,0,30,,8985,,,0,70,,9008,,,0,30,,9017,,,0,70,,8986,,,0,30,,9007,,,0,70,,9014,,,0,30,,8987,,,0,70,,9010,,,0,30,,9018,,,0,70,,8989,,,0,30,,9009,,,0,70,,9019,,,0,30,,8988,,,0,70,,9011,,,0,30,,9020,,,0,70,,8990,,,0,30,,9012,,,0,70,,8995,,,0,30,,8991,,,0,70,,8999,,,0,30,,8996,,,0,70,,8992,,,0,30,,9001,,,0,70,,8997,,,0,30,,8993,,,0,70,,9002,,,0,30,,8998,,,0,70,,8994,,,0,30,,9003,,,0,75,,9000,,,0
2401,'2025DE-pBxDec31-Weekday-02',535,,9042,,,0,80,,9051,,,0,30,,9021,,,0,70,,9043,,,0,30,,9053,,,0,70,,9022,,,0,30,,9044,,,0,70,,9054,,,0,30,,9023,,,0,70,,9046,,,0,30,,9055,,,0,70,,9024,,,0,30,,9045,,,0,70,,9052,,,0,30,,9025,,,0,70,,9048,,,0,30,,9056,,,0,70,,9027,,,0,30,,9047,,,0,70,,9057,,,0,30,,9026,,,0,70,,9049,,,0,30,,9058,,,0,70,,9028,,,0,30,,9050,,,0,70,,9034,,,0,30,,9029,,,0,70,,9037,,,0,30,,9035,,,0,70,,9030,,,0,30,,9039,,,0,70,,9033,,,0,30,,9031,,,0,70,,9040,,,0,30,,9036,,,0,70,,9032,,,0,30,,9041,,,0,75,,9038,,,0
9000,'2025DE-1BUSCUT-Weekday-02',638,,23680,,,0,70,,23690,,,0,29,,23661,,,0,70,,23671,,,0,30,,23681,,,0,70,,23691,,,0,29,,23662,,,0,70,,23672,,,0,30,,23682,,,0,70,,23692,,,0,30,,23663,,,0,70,,23673,,,0,30,,23683,,,0,70,,23693,,,0,30,,23666,,,0,70,,23674,,,0,30,,23684,,,0,70,,23694,,,0,31,,23664,,,0,70,,23675,,,0,30,,23685,,,0,70,,23695,,,0,30,,23665,,,0,66,,23676,,,0,30,,23686,,,0,70,,23696,,,0,20,,23667,,,0,30,,23677,,,0,70,,23687,,,0,28,,23697,,,0,56,,23668,,,0,30,,23678,,,0,70,,23688,,,0,30,,23698,,,0,10,,23669,,,0,70,,23679,,,0,30,,23689,,,0
9000,'2025DE-1BUSSA-Saturday-02',654,,23719,,,0,72,,23699,,,0,32,,23708,,,0,72,,23720,,,0,72,,23700,,,0,32,,23709,,,0,72,,23722,,,0,32,,23701,,,0,72,,23711,,,0,32,,23721,,,0,74,,23703,,,0,33,,23712,,,0,72,,23723,,,0,32,,23704,,,0,72,,23710,,,0,32,,23726,,,0,72,,23702,,,0,72,,23713,,,0,32,,23724,,,0,71,,23705,,,0,33,,23714,,,0,71,,23727,,,0,30,,23706,,,0,72,,23716,,,0,32,,23725,,,0,72,,23707,,,0,32,,23715,,,0
9000,'2025DE-1BUSSU-Sunday-02',654,,23749,,,0,72,,23729,,,0,32,,23737,,,0,72,,23748,,,0,72,,23730,,,0,32,,23739,,,0,72,,23750,,,0,32,,23728,,,0,72,,23738,,,0,32,,23752,,,0,73,,23732,,,0,34,,23741,,,0,72,,23753,,,0,32,,23731,,,0,72,,23740,,,0,32,,23751,,,0,72,,23734,,,0,72,,23742,,,0,32,,23754,,,0,71,,23733,,,0,33,,23743,,,0,71,,23755,,,0,30,,23735,,,0,72,,23744,,,0,32,,23756,,,0,72,,23736,,,0,32,,23745,,,0
9000,'2025DE-1BUSWK-Weekday-02',638,,23777,,,0,70,,23787,,,0,29,,23758,,,0,70,,23768,,,0,30,,23778,,,0,70,,23788,,,0,29,,23759,,,0,70,,23769,,,0,30,,23779,,,0,70,,23789,,,0,30,,23760,,,0,70,,23770,,,0,30,,23780,,,0,70,,23790,,,0,30,,23763,,,0,70,,23771,,,0,30,,23781,,,0,70,,23791,,,0,31,,23761,,,0,70,,23772,,,0,30,,23782,,,0,70,,23792,,,0,30,,23762,,,0,66,,23773,,,0,30,,23783,,,0,70,,23793,,,0,20,,23764,,,0,30,,23774,,,0,70,,23784,,,0,28,,23794,,,0,56,,23765,,,0,30,,23775,,,0,70,,23785,,,0,30,,23795,,,0,10,,23766,,,0,70,,23776,,,0,30,,23786,,,0
9000,'2025DE-pBxDec31-Weekday-02',638,,23816,,,0,70,,23826,,,0,29,,23797,,,0,70,,23807,,,0,30,,23817,,,0,70,,23827,,,0,29,,23798,,,0,70,,23808,,,0,30,,23818,,,0,70,,23828,,,0,30,,23799,,,0,70,,23809,,,0,30,,23819,,,0,70,,23829,,,0,30,,23802,,,0,70,,23810,,,0,30,,23820,,,0,70,,23830,,,0,31,,23800,,,0,70,,23811,,,0,30,,23821,,,0,70,,23831,,,0,30,,23801,,,0,66,,23812,,,0,30,,23822,,,0,70,,23832,,,0,20,,23803,,,0,30,,23813,,,0,70,,23823,,,0,28,,23833,,,0,56,,23804,,,0,30,,23814,,,0,70,,23824,,,0,30,,23834,,,0,10,,23805,,,0,70,,23815,,,0,30,,23825,,,0
