15300,'Saturday',620,,59706,23,,,0,37,,59707,23,,,0,77,,59708,23,,,0,77,,59710,23,,,0,37,,59718,23,,,0,77,,59719,23,,,0,77,,59716,23,,,0,37,,59721,23,,,0,77,,59715,23,,,0,37,,59722,23,,,0,77,,59723,23,,,0,77,,59720,23,,,0,37,,59724,23,,,0,77,,59725,23,,,0,37,,59726,23,,,0,77,,59727,23,,,0,77,,59728,23,,,0,37,,59729,23,,,0,77,,59730,23,,,0,77,,59732,23,,,0,37,,59731,23,,,0,77,,59717,23,,,0,37,,59712,23,,,0,77,,59714,23,,,0,77,,59713,23,,,0,37,,59711,23,,,0,77,,59709,23,,,0
15300,'Sunday',848,,59733,23,,,0,77,,59735,23,,,0,77,,59734,23,,,0,37,,59736,23,,,0,77,,59737,23,,,0,37,,59738,23,,,0,77,,59740,23,,,0,77,,59741,23,,,0,37,,59742,23,,,0,77,,59739,23,,,0,37,,59743,23,,,0,77,,59744,23,,,0,77,,59745,23,,,0,37,,59746,23,,,0,77,,59747,23,,,0,77,,59748,23,,,0,37,,59749,23,,,0,77,,59750,23,,,0,37,,59751,23,,,0,77,,59752,23,,,0,77,,59753,23,,,0,35,,59754,23,,,0,72,,59755,23,,,0
15300,'Weekday',538,,59757,23,,,0,65,,59758,23,,,0,23,,59756,23,,,0,26,,59759,23,,,0,65,,59760,23,,,0,11,,59761,4,,,0,12,,59762,23,,,0,9,,59800,4,,,0,8,,59799,4,,,0,49,,59763,23,,,0,16,,59765,4,,,0,10,,59766,23,,,0,25,,59767,23,,,0,66,,59764,23,,,0,25,,59768,23,,,0,65,,59769,23,,,0,25,,59770,23,,,0,65,,59771,23,,,0,25,,59773,23,,,0,25,,59774,23,,,0,65,,59772,23,,,0,25,,59776,23,,,0,65,,59777,23,,,0,25,,59775,23,,,0,25,,59778,23,,,0,65,,59779,23,,,0,28,,59780,23,,,0,71,,59782,23,,,0,30,,59783,23,,,0,60,,59784,23,,,0,14,,59803,23,,,0,10,,59781,23,,,0,10,,59785,23,,,0,10,,59801,23,,,0,50,,59802,23,,,0,10,,59786,23,,,0,20,,59787,23,,,0,19,,59788,23,,,0,62,,59789,23,,,0,35,,59790,23,,,0,76,,59791,23,,,0,76,,59792,23,,,0,36,,59793,23,,,0,76,,59794,23,,,0,36,,59796,23,,,0,76,,59797,23,,,0,76,,59798,23,,,0,36,,59795,23,,,0
15300,'Weekday0000100',1508,,59804,23,,,0
15300,'1CCSDCUT-Weekday',538,,59806,23,,,0,65,,59807,23,,,0,23,,59805,23,,,0,26,,59808,23,,,0,65,,59809,23,,,0,11,,59810,4,,,0,12,,59811,23,,,0,9,,59849,4,,,0,8,,59848,4,,,0,49,,59812,23,,,0,16,,59814,4,,,0,10,,59815,23,,,0,25,,59816,23,,,0,66,,59813,23,,,0,25,,59817,23,,,0,65,,59818,23,,,0,25,,59819,23,,,0,65,,59820,23,,,0,25,,59822,23,,,0,25,,59823,23,,,0,65,,59821,23,,,0,25,,59825,23,,,0,65,,59826,23,,,0,25,,59824,23,,,0,25,,59827,23,,,0,65,,59828,23,,,0,28,,59829,23,,,0,71,,59831,23,,,0,30,,59832,23,,,0,60,,59833,23,,,0,14,,59852,23,,,0,10,,59830,23,,,0,10,,59834,23,,,0,10,,59850,23,,,0,50,,59851,23,,,0,10,,59835,23,,,0,20,,59836,23,,,0,19,,59837,23,,,0,62,,59838,23,,,0,35,,59839,23,,,0,76,,59840,23,,,0,76,,59841,23,,,0,36,,59842,23,,,0,76,,59843,23,,,0,36,,59845,23,,,0,76,,59846,23,,,0,76,,59847,23,,,0,36,,59844,23,,,0
15300,'1CCSDCUT-Weekday0000100',1508,,59853,23,,,0
71701,'Weekday0000100',1441,,68456,15,0,29 1 132,0
71701,'Weekday1111000',1606,,68457,15,0,29 1 132,0
71701,'1CCSDCUT-Weekday0000100',1441,,68458,15,0,29 1 132,0
71701,'1CCSDCUT-Weekday1111000',1606,,68459,15,0,29 1 132,0
89200,'Weekday',848,,69161,13,0,12 181 42 86,0
