2800,'Saturday',602,,5115,37,,,0,30,,5121,37,,,0,70,,5113,37,,,0,30,,5129,37,,,0,70,,5119,37,,,0,30,,5127,37,,,0,70,,5112,37,,,0,30,,5134,37,,,0,70,,5114,37,,,0,30,,5131,37,,,0,70,,5116,37,,,0,30,,5130,37,,,0,70,,5117,37,,,0,30,,5132,37,,,0,70,,5118,37,,,0,30,,5133,37,,,0,70,,5103,37,,,0,30,,5122,37,,,0,70,,5104,37,,,0,30,,5126,37,,,0,70,,5105,37,,,0,30,,5120,37,,,0,70,,5106,37,,,0,30,,5125,37,,,0,70,,5107,37,,,0,30,,5123,37,,,0,70,,5108,37,,,0,30,,5124,37,,,0,70,,5109,37,,,0,30,,5128,37,,,0,70,,5110,37,,,0,30,,5135,37,,,0,72,,5111,37,,,0
2800,'Sunday',732,,5140,37,,,0,70,,5151,37,,,0,30,,5145,37,,,0,70,,5152,37,,,0,30,,5146,37,,,0,70,,5153,37,,,0,30,,5147,37,,,0,70,,5154,37,,,0,30,,5143,37,,,0,70,,5155,37,,,0,30,,5136,37,,,0,70,,5156,37,,,0,30,,5137,37,,,0,70,,5157,37,,,0,30,,5138,37,,,0,70,,5158,37,,,0,30,,5139,37,,,0,70,,5159,37,,,0,30,,5141,37,,,0,70,,5160,37,,,0,30,,5144,37,,,0,70,,5161,37,,,0,30,,5142,37,,,0,70,,5162,37,,,0,30,,5149,37,,,0,70,,5163,37,,,0,30,,5150,37,,,0,70,,5164,37,,,0,32,,5148,37,,,0,70,,5165,37,,,0
2800,'Weekday',531,,5167,20,,,0,72,,5168,37,,,0,38,,5169,37,,,0,70,,5185,37,,,0,30,,5170,37,,,0,70,,5186,37,,,0,30,,5171,37,,,0,70,,5188,37,,,0,30,,5172,37,,,0,70,,5187,37,,,0,30,,5173,37,,,0,70,,5189,37,,,0,30,,5175,37,,,0,70,,5190,37,,,0,30,,5174,37,,,0,70,,5192,37,,,0,30,,5176,37,,,0,70,,5191,37,,,0,30,,5177,37,,,0,70,,5194,37,,,0,30,,5178,37,,,0,70,,5195,37,,,0,30,,5179,37,,,0,70,,5193,37,,,0,30,,5180,37,,,0,70,,5196,37,,,0,30,,5181,37,,,0,65,,5197,37,,,0,28,,5166,37,,,0,69,,5199,37,,,0,30,,5182,37,,,0,70,,5200,37,,,0,30,,5183,37,,,0,70,,5201,37,,,0,30,,5184,37,,,0,70,,5198,37,,,0,30,,5203,37,,,0,70,,5202,37,,,0
4400,'Saturday',702,,7379,34,,,0,40,,7380,34,,,0,80,,7381,34,,,0,80,,7382,34,,,0,40,,7383,34,,,0,80,,7384,34,,,0,80,,7385,34,,,0,40,,7387,34,,,0,80,,7388,34,,,0,80,,7389,34,,,0,40,,7390,34,,,0,80,,7386,34,,,0,80,,7391,34,,,0,40,,7392,34,,,0,80,,7393,34,,,0,80,,7394,34,,,0,40,,7395,34,,,0,80,,7396,34,,,0,80,,7397,34,,,0,42,,7398,34,,,0
4400,'Weekday',544,,7399,34,,,0,80,,7400,34,,,0,80,,7401,34,,,0,38,,7402,34,,,0,73,,7403,34,,,0,40,,7405,34,,,0,89,,7406,34,,,0,80,,7404,34,,,0,80,,7408,34,,,0,40,,7409,34,,,0,80,,7407,34,,,0,80,,7410,34,,,0,40,,7411,34,,,0,80,,7412,34,,,0,88,,7414,34,,,0,34,,7415,34,,,0,78,,7416,34,,,0,80,,7413,34,,,0,40,,7417,34,,,0,80,,7418,34,,,0,80,,7419,34,,,0,40,,7420,34,,,0
8300,'Saturday',623,,11948,26,,,0,30,,11962,26,,,0,70,,11947,26,,,0,30,,11959,26,,,0,70,,11941,26,,,0,30,,11957,26,,,0,70,,11943,26,,,0,30,,11958,26,,,0,70,,11942,26,,,0,30,,11961,26,,,0,70,,11944,26,,,0,30,,11960,26,,,0,70,,11945,26,,,0,30,,11963,26,,,0,70,,11946,26,,,0,30,,11956,26,,,0,70,,11933,26,,,0,30,,11950,26,,,0,70,,11934,26,,,0,30,,11952,26,,,0,70,,11936,26,,,0,30,,11954,26,,,0,70,,11937,26,,,0,30,,11951,26,,,0,70,,11938,26,,,0,30,,11955,26,,,0,70,,11939,26,,,0,30,,11953,26,,,0,70,,11940,26,,,0,30,,11949,26,,,0,70,,11935,26,,,0,30,,11964,26,,,0
8300,'Sunday',753,,11973,26,,,0,70,,11981,26,,,0,30,,11974,26,,,0,70,,11980,26,,,0,30,,11972,26,,,0,70,,11983,26,,,0,30,,11975,26,,,0,70,,11982,26,,,0,30,,11976,26,,,0,70,,11984,26,,,0,30,,11965,26,,,0,70,,11986,26,,,0,30,,11966,26,,,0,70,,11985,26,,,0,30,,11967,26,,,0,70,,11988,26,,,0,30,,11968,26,,,0,70,,11987,26,,,0,30,,11969,26,,,0,70,,11989,26,,,0,30,,11970,26,,,0,70,,11990,26,,,0,30,,11977,26,,,0,70,,11991,26,,,0,30,,11978,26,,,0,70,,11992,26,,,0,30,,11979,26,,,0,70,,11993,26,,,0,32,,11971,26,,,0,70,,11994,26,,,0
8300,'Weekday',551,,12012,11,,,0,61,,12013,26,,,0,22,,12014,26,,,0,70,,11996,26,,,0,30,,12016,26,,,0,70,,11997,26,,,0,30,,12015,26,,,0,70,,11998,26,,,0,30,,12018,26,,,0,70,,11999,26,,,0,30,,12017,26,,,0,70,,12000,26,,,0,30,,12019,26,,,0,70,,12001,26,,,0,30,,12020,26,,,0,70,,12002,26,,,0,30,,12021,26,,,0,70,,12003,26,,,0,30,,12023,26,,,0,75,,12004,26,,,0,26,,12022,26,,,0,70,,12005,26,,,0,30,,12024,26,,,0,70,,12006,26,,,0,30,,12025,26,,,0,70,,12007,26,,,0,30,,12026,26,,,0,68,,11995,26,,,0,25,,12027,26,,,0,30,,12008,26,,,0,70,,12028,26,,,0,30,,12009,26,,,0,70,,12029,26,,,0,30,,12010,26,,,0,70,,12030,26,,,0,30,,12011,26,,,0,70,,12031,26,,,0
71200,'Weekday',832,,23768,11,0,29 158,0
71300,'Weekday',836,,23771,20,0,29 160,0
76001,'Weekday',831,,23892,4,0,48 49 78 164,0
