5200,'Saturday',622,,8011,36,4,,0,85,,8010,36,4,,0,45,,8014,36,4,,0,85,,8012,36,4,,0,85,,8015,36,4,,0,85,,8016,36,4,,0,45,,8018,36,4,,0,85,,8019,36,4,,0,85,,8020,36,4,,0,85,,8017,36,4,,0,52,,8022,36,4,,0,85,,8023,36,4,,0,85,,8021,36,4,,0,85,,8025,36,4,,0,44,,8026,36,4,,0,86,,8024,36,4,,0,80,,8028,36,4,,0,90,,8029,36,4,,0,42,,8030,36,4,,0,88,,8027,36,4,,0,85,,8031,36,4,,0,85,,8013,36,4,,0
5200,'Sunday',801,,8032,36,4,,0,100,,8033,36,4,,0,45,,8034,36,4,,0,85,,8035,36,4,,0,85,,8037,36,4,,0,85,,8038,36,4,,0,45,,8036,36,4,,0,85,,8040,36,4,,0,85,,8041,36,4,,0,85,,8039,36,4,,0,45,,8042,36,4,,0,85,,8043,36,4,,0,85,,8044,36,4,,0,85,,8047,36,4,,0,45,,8048,36,4,,0,85,,8045,36,4,,0,85,,8046,36,4,,0,85,,8049,36,4,,0,45,,8050,36,4,,0
5200,'Weekday',551,,8073,33,4,,0,86,,8071,36,4,,0,85,,8069,36,4,,0,85,,8072,36,4,,0,45,,8068,36,4,,0,93,,8070,36,4,,0,85,,8064,36,4,,0,85,,8065,36,4,,0,85,,8066,36,4,,0,45,,8067,36,4,,0,85,,8060,36,4,,0,85,,8063,36,4,,0,85,,8061,36,4,,0,52,,8062,36,4,,0,86,,8057,36,4,,0,84,,8059,36,4,,0,84,,8056,36,4,,0,45,,8058,36,4,,0,83,,8054,36,4,,0,85,,8055,36,4,,0,87,,8053,36,4,,0,41,,8051,36,4,,0,91,,8052,36,4,,0
5201,'Saturday',623,,8087,1,,,0,85,,8078,1,,,0,45,,8088,1,,,0,85,,8079,1,,,0,85,,8089,1,,,0,85,,8082,1,,,0,45,,8092,1,,,0,85,,8083,1,,,0,92,,8093,1,,,0,85,,8081,1,,,0,85,,8094,1,,,0,45,,8077,1,,,0,85,,8090,1,,,0,85,,8084,1,,,0,43,,8091,1,,,0,87,,8085,1,,,0,84,,8075,1,,,0,86,,8086,1,,,0,85,,8074,1,,,0,45,,8080,1,,,0,85,,8076,1,,,0
5201,'Sunday',732,,8104,1,,,0,85,,8095,1,,,0,85,,8105,1,,,0,45,,8099,1,,,0,85,,8107,1,,,0,85,,8096,1,,,0,85,,8108,1,,,0,45,,8097,1,,,0,85,,8106,1,,,0,85,,8100,1,,,0,85,,8110,1,,,0,45,,8098,1,,,0,85,,8111,1,,,0,85,,8101,1,,,0,85,,8109,1,,,0,45,,8102,1,,,0,85,,8112,1,,,0,85,,8103,1,,,0,85,,8113,1,,,0
5201,'Weekday',508,,8134,1,,,0,45,,8133,1,,,0,85,,8132,1,,,0,85,,8131,1,,,0,85,,8135,1,,,0,93,,8128,1,,,0,45,,8130,1,,,0,85,,8126,1,,,0,85,,8129,1,,,0,85,,8127,1,,,0,45,,8125,1,,,0,85,,8120,1,,,0,85,,8124,1,,,0,95,,8123,1,,,0,44,,8122,1,,,0,83,,8118,1,,,0,85,,8121,1,,,0,83,,8119,1,,,0,45,,8117,1,,,0,85,,8116,1,,,0,85,,8115,1,,,0,91,,8114,1,,,0
6300,'Weekday',633,,9581,13,4,,0,75,,9582,13,4,,0,35,,9583,13,4,,0,75,,9584,13,4,,0,35,,9585,13,4,,0,679,,9587,13,4,,0,75,,9588,13,4,,0,35,,9589,13,4,,0,75,,9590,13,4,,0,35,,9580,13,4,,0,75,,9586,13,4,,0
6301,'Weekday',600,,9592,1,,,0,35,,9591,1,,,0,75,,9593,1,,,0,35,,9594,1,,,0,75,,9595,1,,,0,680,,9598,1,,,0,35,,9596,1,,,0,75,,9599,1,,,0,35,,9600,1,,,0,75,,9601,1,,,0,35,,9597,1,,,0
76400,'Weekday',833,,23896,19,0,48 49 70 183,0
76401,'Weekday0000100',1344,,23897,3,0,48 49 70 183,0
76401,'Weekday1111000',1549,,23898,3,0,48 49 70 183,0
76600,'Weekday',833,,23907,12,0,48 49 182,0
