9800,'Saturday',545,,113073,7,,,0,77,,113074,7,,,0,35,,113075,7,,,0,75,,113077,7,,,0,75,,113078,7,,,0,35,,113076,7,,,0,75,,113079,7,,,0,35,,113080,7,,,0,75,,113081,7,,,0,75,,113082,7,,,0,35,,113083,7,,,0,75,,113084,7,,,0,35,,113085,7,,,0,75,,113086,7,,,0,35,,113087,7,,,0,75,,113088,7,,,0,75,,113089,7,,,0,35,,113090,7,,,0,75,,113091,7,,,0,35,,113092,7,,,0,75,,113093,7,,,0,75,,113094,7,,,0,35,,113095,7,,,0,75,,113096,7,,,0,35,,113097,7,,,0,75,,113098,7,,,0,35,,113099,7,,,0,75,,113100,7,,,0,75,,113101,7,,,0,35,,113102,7,,,0
9800,'Sunday',806,,113103,7,,,0,35,,113104,7,,,0,75,,113105,7,,,0,35,,113106,7,,,0,75,,113108,7,,,0,75,,113109,7,,,0,35,,113110,7,,,0,75,,113107,7,,,0,35,,113111,7,,,0,75,,113112,7,,,0,35,,113113,7,,,0,75,,113114,7,,,0,75,,113116,7,,,0,35,,113115,7,,,0,75,,113117,7,,,0,35,,113119,7,,,0,75,,113118,7,,,0,75,,113120,7,,,0,35,,113121,7,,,0,75,,113122,7,,,0,35,,113123,7,,,0,75,,113124,7,,,0,35,,113125,7,,,0,75,,113126,7,,,0,75,,113128,7,,,0,35,,113127,7,,,0
9800,'Weekday',501,,113130,7,,,0,33,,113147,7,,,0,74,,113131,7,,,0,33,,113148,7,,,0,73,,113132,7,,,0,33,,113149,7,,,0,73,,113133,7,,,0,33,,113150,7,,,0,73,,113134,7,,,0,33,,113151,7,,,0,73,,113135,7,,,0,73,,113152,7,,,0,33,,113136,7,,,0,73,,113153,7,,,0,33,,113137,7,,,0,73,,113154,7,,,0,33,,113138,7,,,0,73,,113155,7,,,0,33,,113139,7,,,0,74,,113156,7,,,0,17,,113129,7,,,0,56,,113140,7,,,0,33,,113157,7,,,0,73,,113141,7,,,0,33,,113158,7,,,0,72,,113142,7,,,0,33,,113159,7,,,0,73,,113143,7,,,0,33,,113160,7,,,0,73,,113144,7,,,0,33,,113161,7,,,0,73,,113145,7,,,0,73,,113162,7,,,0,33,,113146,7,,,0,73,,113163,7,,,0
9800,'STMPSa-Saturday',545,,113164,7,,,0,77,,113165,7,,,0,35,,113166,7,,,0,75,,113168,7,,,0,75,,113169,7,,,0,35,,113167,7,,,0,75,,113170,7,,,0,35,,113171,7,,,0,75,,113172,7,,,0,75,,113173,7,,,0,35,,113174,7,,,0,75,,113175,7,,,0,35,,113176,7,,,0,75,,113177,7,,,0,35,,113178,7,,,0,75,,113179,7,,,0,75,,113180,7,,,0,35,,113181,7,,,0,75,,113182,7,,,0,35,,113183,7,,,0,75,,113184,7,,,0,75,,113185,7,,,0,35,,113186,7,,,0,75,,113187,7,,,0,35,,113188,7,,,0,75,,113189,7,,,0,35,,113190,7,,,0,75,,113191,7,,,0,75,,113192,7,,,0,35,,113193,7,,,0
9800,'STMPSnea-Weekday',501,,113195,7,,,0,33,,113212,7,,,0,74,,113196,7,,,0,33,,113213,7,,,0,73,,113197,7,,,0,33,,113214,7,,,0,73,,113198,7,,,0,33,,113215,7,,,0,73,,113199,7,,,0,33,,113216,7,,,0,73,,113200,7,,,0,73,,113217,7,,,0,33,,113201,7,,,0,73,,113218,7,,,0,33,,113202,7,,,0,73,,113219,7,,,0,33,,113203,7,,,0,73,,113220,7,,,0,33,,113204,7,,,0,74,,113221,7,,,0,17,,113194,7,,,0,56,,113205,7,,,0,33,,113222,7,,,0,73,,113206,7,,,0,33,,113223,7,,,0,72,,113207,7,,,0,33,,113224,7,,,0,73,,113208,7,,,0,33,,113225,7,,,0,73,,113209,7,,,0,33,,113226,7,,,0,73,,113210,7,,,0,73,,113227,7,,,0,33,,113211,7,,,0,73,,113228,7,,,0
9800,'STMPSu1-Sunday',806,,113229,7,,,0,35,,113230,7,,,0,75,,113231,7,,,0,35,,113232,7,,,0,75,,113234,7,,,0,75,,113235,7,,,0,35,,113236,7,,,0,75,,113233,7,,,0,35,,113237,7,,,0,75,,113238,7,,,0,35,,113239,7,,,0,75,,113240,7,,,0,75,,113242,7,,,0,35,,113241,7,,,0,75,,113243,7,,,0,35,,113245,7,,,0,75,,113244,7,,,0,75,,113246,7,,,0,35,,113247,7,,,0,75,,113248,7,,,0,35,,113249,7,,,0,75,,113250,7,,,0,35,,113251,7,,,0,75,,113252,7,,,0,75,,113254,7,,,0,35,,113253,7,,,0
9800,'STMPSu2-Sunday',806,,113255,7,,,0,35,,113256,7,,,0,75,,113257,7,,,0,35,,113258,7,,,0,75,,113260,7,,,0,75,,113261,7,,,0,35,,113262,7,,,0,75,,113259,7,,,0,35,,113263,7,,,0,75,,113264,7,,,0,35,,113265,7,,,0,75,,113266,7,,,0,75,,113268,7,,,0,35,,113267,7,,,0,75,,113269,7,,,0,35,,113271,7,,,0,75,,113270,7,,,0,75,,113272,7,,,0,35,,113273,7,,,0,75,,113274,7,,,0,35,,113275,7,,,0,75,,113276,7,,,0,35,,113277,7,,,0,75,,113278,7,,,0,75,,113280,7,,,0,35,,113279,7,,,0
9800,'STMPWeek-Weekday',501,,113282,7,,,0,33,,113299,7,,,0,74,,113283,7,,,0,33,,113300,7,,,0,73,,113284,7,,,0,33,,113301,7,,,0,73,,113285,7,,,0,33,,113302,7,,,0,73,,113286,7,,,0,33,,113303,7,,,0,73,,113287,7,,,0,73,,113304,7,,,0,33,,113288,7,,,0,73,,113305,7,,,0,33,,113289,7,,,0,73,,113306,7,,,0,33,,113290,7,,,0,73,,113307,7,,,0,33,,113291,7,,,0,74,,113308,7,,,0,17,,113281,7,,,0,56,,113292,7,,,0,33,,113309,7,,,0,73,,113293,7,,,0,33,,113310,7,,,0,72,,113294,7,,,0,33,,113311,7,,,0,73,,113295,7,,,0,33,,113312,7,,,0,73,,113296,7,,,0,33,,113313,7,,,0,73,,113297,7,,,0,73,,113314,7,,,0,33,,113298,7,,,0,73,,113315,7,,,0
9800,'STMPar-Weekday',501,,113317,7,,,0,33,,113334,7,,,0,74,,113318,7,,,0,33,,113335,7,,,0,73,,113319,7,,,0,33,,113336,7,,,0,73,,113320,7,,,0,33,,113337,7,,,0,73,,113321,7,,,0,33,,113338,7,,,0,73,,113322,7,,,0,73,,113339,7,,,0,33,,113323,7,,,0,73,,113340,7,,,0,33,,113324,7,,,0,73,,113341,7,,,0,33,,113325,7,,,0,73,,113342,7,,,0,33,,113326,7,,,0,74,,113343,7,,,0,17,,113316,7,,,0,56,,113327,7,,,0,33,,113344,7,,,0,73,,113328,7,,,0,33,,113345,7,,,0,72,,113329,7,,,0,33,,113346,7,,,0,73,,113330,7,,,0,33,,113347,7,,,0,73,,113331,7,,,0,33,,113348,7,,,0,73,,113332,7,,,0,73,,113349,7,,,0,33,,113333,7,,,0,73,,113350,7,,,0
15601,'Saturday',613,,130313,9,,,0,33,,130314,9,,,0,73,,130315,9,,,0,33,,130316,9,,,0,73,,130317,9,,,0,33,,130318,9,,,0,73,,130319,9,,,0,73,,130320,9,,,0,33,,130321,9,,,0,73,,130323,9,,,0,33,,130322,9,,,0,73,,130325,9,,,0,33,,130326,9,,,0,73,,130324,9,,,0,33,,130327,9,,,0,73,,130328,9,,,0,73,,130329,9,,,0,33,,130330,9,,,0,73,,130331,9,,,0,33,,130332,9,,,0,73,,130333,9,,,0,33,,130334,9,,,0,73,,130335,9,,,0,33,,130336,9,,,0,73,,130337,9,,,0,33,,130338,9,,,0,73,,130339,9,,,0,73,,130340,9,,,0,33,,130341,9,,,0,73,,130342,9,,,0
15601,'Sunday',744,,130343,9,,,0,73,,130344,9,,,0,33,,130345,9,,,0,73,,130346,9,,,0,33,,130347,9,,,0,73,,130348,9,,,0,73,,130349,9,,,0,33,,130350,9,,,0,73,,130351,9,,,0,33,,130352,9,,,0,73,,130353,9,,,0,33,,130354,9,,,0,73,,130356,9,,,0,33,,130355,9,,,0,73,,130358,9,,,0,33,,130357,9,,,0,73,,130359,9,,,0,73,,130361,9,,,0,33,,130362,9,,,0,73,,130360,9,,,0,33,,130363,9,,,0,73,,130364,9,,,0,33,,130365,9,,,0,73,,130366,9,,,0,33,,130368,9,,,0,73,,130367,9,,,0,73,,130369,9,,,0
15601,'Weekday',511,,130387,9,,,0,33,,130370,9,,,0,73,,130388,9,,,0,33,,130371,9,,,0,73,,130389,9,,,0,33,,130372,9,,,0,69,,130390,9,,,0,77,,130373,9,,,0,33,,130391,9,,,0,73,,130374,9,,,0,33,,130392,9,,,0,73,,130375,9,,,0,33,,130393,9,,,0,73,,130376,9,,,0,33,,130394,9,,,0,69,,130377,9,,,0,37,,130395,9,,,0,73,,130378,9,,,0,73,,130396,9,,,0,33,,130379,9,,,0,73,,130397,9,,,0,33,,130380,9,,,0,73,,130398,9,,,0,33,,130381,9,,,0,73,,130399,9,,,0,33,,130382,9,,,0,73,,130400,9,,,0,73,,130383,9,,,0,33,,130401,9,,,0,73,,130384,9,,,0,33,,130402,9,,,0,73,,130385,9,,,0,33,,130403,9,,,0,73,,130386,9,,,0
15601,'STMPSa-Saturday',613,,130404,9,,,0,33,,130405,9,,,0,73,,130406,9,,,0,33,,130407,9,,,0,73,,130408,9,,,0,33,,130409,9,,,0,73,,130410,9,,,0,73,,130411,9,,,0,33,,130413,9,,,0,73,,130412,9,,,0,33,,130414,9,,,0,73,,130416,9,,,0,33,,130417,9,,,0,73,,130415,9,,,0,33,,130418,9,,,0,73,,130419,9,,,0,73,,130420,9,,,0,33,,130421,9,,,0,73,,130422,9,,,0,33,,130423,9,,,0,73,,130424,9,,,0,33,,130425,9,,,0,73,,130426,9,,,0,33,,130427,9,,,0,73,,130428,9,,,0,33,,130429,9,,,0,73,,130430,9,,,0,73,,130431,9,,,0,33,,130432,9,,,0,73,,130433,9,,,0
15601,'STMPSnea-Weekday',511,,130451,9,,,0,33,,130434,9,,,0,73,,130452,9,,,0,33,,130435,9,,,0,73,,130453,9,,,0,33,,130436,9,,,0,69,,130454,9,,,0,77,,130437,9,,,0,33,,130455,9,,,0,73,,130438,9,,,0,33,,130456,9,,,0,73,,130439,9,,,0,33,,130457,9,,,0,73,,130440,9,,,0,33,,130458,9,,,0,69,,130441,9,,,0,37,,130459,9,,,0,73,,130442,9,,,0,73,,130460,9,,,0,33,,130443,9,,,0,73,,130461,9,,,0,33,,130444,9,,,0,73,,130462,9,,,0,33,,130445,9,,,0,73,,130463,9,,,0,33,,130446,9,,,0,73,,130464,9,,,0,73,,130447,9,,,0,33,,130465,9,,,0,73,,130448,9,,,0,33,,130466,9,,,0,73,,130449,9,,,0,33,,130467,9,,,0,73,,130450,9,,,0
15601,'STMPSu1-Sunday',744,,130468,9,,,0,73,,130469,9,,,0,33,,130470,9,,,0,73,,130471,9,,,0,33,,130472,9,,,0,73,,130473,9,,,0,73,,130474,9,,,0,33,,130475,9,,,0,73,,130476,9,,,0,33,,130477,9,,,0,73,,130478,9,,,0,33,,130479,9,,,0,73,,130481,9,,,0,33,,130480,9,,,0,73,,130483,9,,,0,33,,130482,9,,,0,73,,130484,9,,,0,73,,130486,9,,,0,33,,130487,9,,,0,73,,130485,9,,,0,33,,130488,9,,,0,73,,130489,9,,,0,33,,130490,9,,,0,73,,130491,9,,,0,33,,130493,9,,,0,73,,130492,9,,,0,73,,130494,9,,,0
15601,'STMPSu2-Sunday',744,,130495,9,,,0,73,,130496,9,,,0,33,,130497,9,,,0,73,,130498,9,,,0,33,,130499,9,,,0,73,,130500,9,,,0,73,,130501,9,,,0,33,,130502,9,,,0,73,,130503,9,,,0,33,,130504,9,,,0,73,,130505,9,,,0,33,,130506,9,,,0,73,,130508,9,,,0,33,,130507,9,,,0,73,,130510,9,,,0,33,,130509,9,,,0,73,,130511,9,,,0,73,,130513,9,,,0,33,,130514,9,,,0,73,,130512,9,,,0,33,,130515,9,,,0,73,,130516,9,,,0,33,,130517,9,,,0,73,,130518,9,,,0,33,,130520,9,,,0,73,,130519,9,,,0,73,,130521,9,,,0
15601,'STMPWeek-Weekday',511,,130539,9,,,0,33,,130522,9,,,0,73,,130540,9,,,0,33,,130523,9,,,0,73,,130541,9,,,0,33,,130524,9,,,0,69,,130542,9,,,0,77,,130525,9,,,0,33,,130543,9,,,0,73,,130526,9,,,0,33,,130544,9,,,0,73,,130527,9,,,0,33,,130545,9,,,0,73,,130528,9,,,0,33,,130546,9,,,0,69,,130529,9,,,0,37,,130547,9,,,0,73,,130530,9,,,0,73,,130548,9,,,0,33,,130531,9,,,0,73,,130549,9,,,0,33,,130532,9,,,0,73,,130550,9,,,0,33,,130533,9,,,0,73,,130551,9,,,0,33,,130534,9,,,0,73,,130552,9,,,0,73,,130535,9,,,0,33,,130553,9,,,0,73,,130536,9,,,0,33,,130554,9,,,0,73,,130537,9,,,0,33,,130555,9,,,0,73,,130538,9,,,0
15601,'STMPar-Weekday',511,,130573,9,,,0,33,,130556,9,,,0,73,,130574,9,,,0,33,,130557,9,,,0,73,,130575,9,,,0,33,,130558,9,,,0,69,,130576,9,,,0,77,,130559,9,,,0,33,,130577,9,,,0,73,,130560,9,,,0,33,,130578,9,,,0,73,,130561,9,,,0,33,,130579,9,,,0,73,,130562,9,,,0,33,,130580,9,,,0,69,,130563,9,,,0,37,,130581,9,,,0,73,,130564,9,,,0,73,,130582,9,,,0,33,,130565,9,,,0,73,,130583,9,,,0,33,,130566,9,,,0,73,,130584,9,,,0,33,,130567,9,,,0,73,,130585,9,,,0,33,,130568,9,,,0,73,,130586,9,,,0,73,,130569,9,,,0,33,,130587,9,,,0,73,,130570,9,,,0,33,,130588,9,,,0,73,,130571,9,,,0,33,,130589,9,,,0,73,,130572,9,,,0
