8701,'Saturday',613,,47452,17,,,0,30,,47473,17,,,0,70,,47461,17,,,0,30,,47453,17,,,0,70,,47474,17,,,0,31,,47462,17,,,0,70,,47454,17,,,0,30,,47475,17,,,0,70,,47463,17,,,0,30,,47455,17,,,0,70,,47476,17,,,0,30,,47464,17,,,0,70,,47456,17,,,0,30,,47477,17,,,0,70,,47465,17,,,0,30,,47457,17,,,0,70,,47478,17,,,0,30,,47467,17,,,0,70,,47458,17,,,0,30,,47479,17,,,0,70,,47466,17,,,0,30,,47459,17,,,0,70,,47480,17,,,0,30,,47469,17,,,0,70,,47460,17,,,0,30,,47468,17,,,0,70,,47481,17,,,0,30,,47486,17,,,0,70,,47470,17,,,0,30,,47482,17,,,0,70,,47485,17,,,0,30,,47471,17,,,0,70,,47483,17,,,0,30,,47487,17,,,0,70,,47472,17,,,0,30,,47484,17,,,0,70,,47488,17,,,0
8701,'Sunday',613,,47489,17,,,0,30,,47514,17,,,0,70,,47502,17,,,0,30,,47490,17,,,0,70,,47515,17,,,0,31,,47503,17,,,0,70,,47491,17,,,0,30,,47516,17,,,0,70,,47504,17,,,0,30,,47492,17,,,0,70,,47517,17,,,0,30,,47505,17,,,0,70,,47493,17,,,0,30,,47518,17,,,0,70,,47507,17,,,0,30,,47494,17,,,0,70,,47519,17,,,0,30,,47506,17,,,0,70,,47495,17,,,0,30,,47520,17,,,0,70,,47508,17,,,0,30,,47496,17,,,0,70,,47521,17,,,0,30,,47509,17,,,0,70,,47497,17,,,0,30,,47522,17,,,0,70,,47510,17,,,0,30,,47498,17,,,0,70,,47523,17,,,0,30,,47511,17,,,0,70,,47499,17,,,0,30,,47524,17,,,0,70,,47512,17,,,0,30,,47500,17,,,0,70,,47525,17,,,0,30,,47513,17,,,0,70,,47501,17,,,0
8701,'Weekday',513,,47549,17,,,0,30,,47526,17,,,0,70,,47550,17,,,0,30,,47527,17,,,0,70,,47551,17,,,0,30,,47553,17,,,0,72,,47528,17,,,0,12,,47565,17,,,0,17,,47552,17,,,0,70,,47554,17,,,0,30,,47529,17,,,0,70,,47539,17,,,0,30,,47555,17,,,0,70,,47531,17,,,0,30,,47540,17,,,0,70,,47556,17,,,0,30,,47532,17,,,0,70,,47541,17,,,0,30,,47557,17,,,0,70,,47530,17,,,0,30,,47542,17,,,0,74,,47558,17,,,0,31,,47533,17,,,0,71,,47543,17,,,0,31,,47559,17,,,0,72,,47534,17,,,0,30,,47544,17,,,0,71,,47560,17,,,0,32,,47535,17,,,0,69,,47545,17,,,0,30,,47562,17,,,0,70,,47536,17,,,0,30,,47546,17,,,0,69,,47561,17,,,0,28,,47537,17,,,0,68,,47547,17,,,0,28,,47563,17,,,0,69,,47538,17,,,0,28,,47548,17,,,0,69,,47564,17,,,0
8701,'Weekday0000100',1457,,47566,17,,,0
8701,'Weekday1111000',1610,,47567,17,,,0
8701,'1CCSDCUT-Weekday',513,,47591,17,,,0,30,,47568,17,,,0,70,,47592,17,,,0,30,,47569,17,,,0,70,,47593,17,,,0,30,,47595,17,,,0,72,,47570,17,,,0,12,,47607,17,,,0,17,,47594,17,,,0,70,,47596,17,,,0,30,,47571,17,,,0,70,,47581,17,,,0,30,,47597,17,,,0,70,,47573,17,,,0,30,,47582,17,,,0,70,,47598,17,,,0,30,,47574,17,,,0,70,,47583,17,,,0,30,,47599,17,,,0,70,,47572,17,,,0,30,,47584,17,,,0,74,,47600,17,,,0,31,,47575,17,,,0,71,,47585,17,,,0,31,,47601,17,,,0,72,,47576,17,,,0,30,,47586,17,,,0,71,,47602,17,,,0,32,,47577,17,,,0,69,,47587,17,,,0,30,,47604,17,,,0,70,,47578,17,,,0,30,,47588,17,,,0,69,,47603,17,,,0,28,,47579,17,,,0,68,,47589,17,,,0,28,,47605,17,,,0,69,,47580,17,,,0,28,,47590,17,,,0,69,,47606,17,,,0
8701,'1CCSDCUT-Weekday0000100',1457,,47608,17,,,0
8701,'1CCSDCUT-Weekday1111000',1610,,47609,17,,,0
44001,'Weekday',535,,68273,11,,,0,91,,68274,11,,,0,93,,68272,11,,,0,94,,68275,11,,,0,94,,68276,11,,,0,94,,68278,11,,,0,448,,68277,11,,,0,103,,68279,11,,,0,100,,68280,11,,,0,98,,68281,11,,,0,100,,68282,11,,,0,100,,68283,11,,,0
44001,'1CCSDCUT-Weekday',535,,68285,11,,,0,91,,68286,11,,,0,93,,68284,11,,,0,94,,68287,11,,,0,94,,68288,11,,,0,94,,68290,11,,,0,448,,68289,11,,,0,103,,68291,11,,,0,100,,68292,11,,,0,98,,68293,11,,,0,100,,68294,11,,,0,100,,68295,11,,,0
