4200,'Saturday',627,,36860,39,,,0,80,,36864,39,,,0,39,,36865,39,,,0,79,,36862,39,,,0,79,,36866,39,,,0,39,,36863,39,,,0,82,,36861,39,,,0,85,,36867,39,,,0,45,,36869,39,,,0,85,,36870,39,,,0,85,,36871,39,,,0,85,,36868,39,,,0,45,,36872,39,,,0,85,,36873,39,,,0,85,,36875,39,,,0,85,,36876,39,,,0,45,,36877,39,,,0,84,,36874,39,,,0,84,,36879,39,,,0,83,,36880,39,,,0,43,,36882,39,,,0,79,,36878,39,,,0,80,,36881,39,,,0,40,,36883,39,,,0,80,,36884,39,,,0,80,,36885,39,,,0,40,,36858,39,,,0,80,,36859,39,,,0
4200,'Sunday',627,,36887,39,,,0,80,,36889,39,,,0,39,,36890,39,,,0,79,,36886,39,,,0,79,,36891,39,,,0,39,,36888,39,,,0,82,,36892,39,,,0,85,,36893,39,,,0,45,,36894,39,,,0,85,,36895,39,,,0,85,,36896,39,,,0,85,,36898,39,,,0,45,,36899,39,,,0,85,,36900,39,,,0,85,,36897,39,,,0,85,,36901,39,,,0,45,,36902,39,,,0,84,,36911,39,,,0,84,,36903,39,,,0,83,,36904,39,,,0,43,,36905,39,,,0,79,,36906,39,,,0,80,,36908,39,,,0,40,,36909,39,,,0,80,,36912,39,,,0,80,,36910,39,,,0,40,,36913,39,,,0,80,,36907,39,,,0
4200,'Weekday',515,,36915,39,,,0,20,,36916,39,,,0,22,,36921,39,,,0,60,,36917,39,,,0,13,,36971,39,,,0,13,,36924,39,,,0,15,,36942,39,,,0,53,,36972,39,,,0,13,,36926,39,,,0,16,,36943,39,,,0,14,,36927,39,,,0,55,,36973,39,,,0,11,,36981,39,,,0,11,,36944,39,,,0,12,,36974,39,,,0,7,,36946,39,,,0,5,,36967,39,,,0,53,,36914,39,,,0,18,,36928,39,,,0,14,,36975,39,,,0,13,,36947,39,,,0,61,,36925,39,,,0,23,,36948,39,,,0,63,,36929,39,,,0,23,,36945,39,,,0,23,,36930,39,,,0,63,,36949,39,,,0,23,,36931,39,,,0,23,,36950,39,,,0,63,,36932,39,,,0,23,,36933,39,,,0,63,,36952,39,,,0,26,,36934,39,,,0,26,,36936,39,,,0,66,,36953,39,,,0,10,,36978,39,,,0,7,,36968,39,,,0,10,,36937,39,,,0,9,,36970,39,,,0,52,,36954,39,,,0,16,,36979,39,,,0,11,,36938,39,,,0,12,,36966,39,,,0,52,,36951,39,,,0,13,,36980,39,,,0,12,,36935,39,,,0,10,,36969,39,,,0,11,,36956,39,,,0,53,,36976,39,,,0,12,,36939,39,,,0,20,,36977,39,,,0,23,,36940,39,,,0,63,,36957,39,,,0,23,,36941,39,,,0,63,,36918,39,,,0,23,,36955,39,,,0,23,,36959,39,,,0,63,,36920,39,,,0,22,,36960,39,,,0,22,,36922,39,,,0,63,,36958,39,,,0,22,,36919,39,,,0,61,,36961,39,,,0,23,,36923,39,,,0,23,,36962,39,,,0,79,,36963,39,,,0,79,,36964,39,,,0,39,,36965,39,,,0
4200,'Weekday0000100',1348,,36982,39,,,0,73,,36983,39,,,0
4200,'Weekday1111000',1509,,36984,39,,,0
4200,'1CCSDCUT-Weekday',515,,36986,39,,,0,20,,36987,39,,,0,22,,36992,39,,,0,60,,36988,39,,,0,13,,37042,39,,,0,13,,36995,39,,,0,15,,37013,39,,,0,53,,37043,39,,,0,13,,36997,39,,,0,16,,37014,39,,,0,14,,36998,39,,,0,55,,37044,39,,,0,11,,37052,39,,,0,11,,37015,39,,,0,12,,37045,39,,,0,7,,37017,39,,,0,5,,37038,39,,,0,53,,36985,39,,,0,18,,36999,39,,,0,14,,37046,39,,,0,13,,37018,39,,,0,61,,36996,39,,,0,23,,37019,39,,,0,63,,37000,39,,,0,23,,37016,39,,,0,23,,37001,39,,,0,63,,37020,39,,,0,23,,37002,39,,,0,23,,37021,39,,,0,63,,37003,39,,,0,23,,37004,39,,,0,63,,37023,39,,,0,26,,37005,39,,,0,26,,37007,39,,,0,66,,37024,39,,,0,10,,37049,39,,,0,7,,37039,39,,,0,10,,37008,39,,,0,9,,37041,39,,,0,52,,37025,39,,,0,16,,37050,39,,,0,11,,37009,39,,,0,12,,37037,39,,,0,52,,37022,39,,,0,13,,37051,39,,,0,12,,37006,39,,,0,10,,37040,39,,,0,11,,37027,39,,,0,53,,37047,39,,,0,12,,37010,39,,,0,20,,37048,39,,,0,23,,37011,39,,,0,63,,37028,39,,,0,23,,37012,39,,,0,63,,36989,39,,,0,23,,37026,39,,,0,23,,37030,39,,,0,63,,36991,39,,,0,22,,37031,39,,,0,22,,36993,39,,,0,63,,37029,39,,,0,22,,36990,39,,,0,61,,37032,39,,,0,23,,36994,39,,,0,23,,37033,39,,,0,79,,37034,39,,,0,79,,37035,39,,,0,39,,37036,39,,,0
4200,'1CCSDCUT-Weekday0000100',1348,,37053,39,,,0,73,,37054,39,,,0
4200,'1CCSDCUT-Weekday1111000',1509,,37055,39,,,0
4200,'1PUBCUT-Weekday',515,,37057,39,,,0,20,,37058,39,,,0,22,,37063,39,,,0,60,,37059,39,,,0,13,,37113,39,,,0,13,,37066,39,,,0,15,,37084,39,,,0,53,,37114,39,,,0,13,,37068,39,,,0,16,,37085,39,,,0,14,,37069,39,,,0,55,,37115,39,,,0,11,,37123,39,,,0,11,,37086,39,,,0,12,,37116,39,,,0,7,,37088,39,,,0,5,,37109,39,,,0,53,,37056,39,,,0,18,,37070,39,,,0,14,,37117,39,,,0,13,,37089,39,,,0,61,,37067,39,,,0,23,,37090,39,,,0,63,,37071,39,,,0,23,,37087,39,,,0,23,,37072,39,,,0,63,,37091,39,,,0,23,,37073,39,,,0,23,,37092,39,,,0,63,,37074,39,,,0,23,,37075,39,,,0,63,,37094,39,,,0,26,,37076,39,,,0,26,,37078,39,,,0,66,,37095,39,,,0,10,,37120,39,,,0,7,,37110,39,,,0,10,,37079,39,,,0,9,,37112,39,,,0,52,,37096,39,,,0,16,,37121,39,,,0,11,,37080,39,,,0,12,,37108,39,,,0,52,,37093,39,,,0,13,,37122,39,,,0,12,,37077,39,,,0,10,,37111,39,,,0,11,,37098,39,,,0,53,,37118,39,,,0,12,,37081,39,,,0,20,,37119,39,,,0,23,,37082,39,,,0,63,,37099,39,,,0,23,,37083,39,,,0,63,,37060,39,,,0,23,,37097,39,,,0,23,,37101,39,,,0,63,,37062,39,,,0,22,,37102,39,,,0,22,,37064,39,,,0,63,,37100,39,,,0,22,,37061,39,,,0,61,,37103,39,,,0,23,,37065,39,,,0,23,,37104,39,,,0,79,,37105,39,,,0,79,,37106,39,,,0,39,,37107,39,,,0
4300,'Saturday',604,,37129,54,,,0,22,,37125,54,,,0,22,,37126,54,,,0,63,,37124,54,,,0,23,,37134,54,,,0,23,,37131,54,,,0,63,,37135,54,,,0,23,,37132,54,,,0,62,,37133,54,,,0,23,,37136,54,,,0,27,,37137,54,,,0,63,,37138,54,,,0,22,,37150,54,,,0,61,,37151,54,,,0,21,,37152,54,,,0,21,,37153,54,,,0,61,,37154,54,,,0,21,,37155,54,,,0,21,,37156,54,,,0,61,,37157,54,,,0,21,,37158,54,,,0,21,,37160,54,,,0,61,,37161,54,,,0,21,,37162,54,,,0,21,,37159,54,,,0,61,,37163,54,,,0,22,,37165,54,,,0,22,,37166,54,,,0,61,,37167,54,,,0,21,,37164,54,,,0,61,,37168,54,,,0,21,,37169,54,,,0,21,,37170,54,,,0,61,,37171,54,,,0,21,,37172,54,,,0,21,,37173,54,,,0,60,,37174,54,,,0,21,,37175,54,,,0,19,,37176,54,,,0,59,,37177,54,,,0,22,,37178,54,,,0,22,,37179,54,,,0,62,,37180,54,,,0,23,,37143,54,,,0,23,,37141,54,,,0,62,,37140,54,,,0,21,,37149,54,,,0,62,,37145,54,,,0,22,,37148,54,,,0,22,,37147,54,,,0,62,,37146,54,,,0,22,,37144,54,,,0,22,,37139,54,,,0,62,,37142,54,,,0
4300,'Sunday',604,,37198,54,,,0,22,,37217,54,,,0,22,,37187,54,,,0,63,,37181,54,,,0,23,,37204,54,,,0,23,,37194,54,,,0,63,,37212,54,,,0,23,,37223,54,,,0,62,,37199,54,,,0,23,,37218,54,,,0,27,,37188,54,,,0,63,,37182,54,,,0,22,,37205,54,,,0,61,,37229,54,,,0,21,,37195,54,,,0,21,,37211,54,,,0,61,,37225,54,,,0,21,,37200,54,,,0,21,,37234,54,,,0,61,,37219,54,,,0,21,,37189,54,,,0,21,,37183,54,,,0,61,,37206,54,,,0,21,,37230,54,,,0,21,,37196,54,,,0,61,,37213,54,,,0,22,,37226,54,,,0,22,,37201,54,,,0,61,,37236,54,,,0,21,,37220,54,,,0,61,,37190,54,,,0,21,,37184,54,,,0,21,,37207,54,,,0,61,,37231,54,,,0,21,,37197,54,,,0,21,,37214,54,,,0,60,,37227,54,,,0,21,,37202,54,,,0,19,,37235,54,,,0,59,,37221,54,,,0,22,,37191,54,,,0,22,,37186,54,,,0,62,,37208,54,,,0,23,,37232,54,,,0,23,,37215,54,,,0,62,,37228,54,,,0,21,,37203,54,,,0,62,,37237,54,,,0,22,,37222,54,,,0,22,,37192,54,,,0,62,,37185,54,,,0,22,,37209,54,,,0,22,,37233,54,,,0,62,,37216,54,,,0
4300,'Weekday',433,,37248,6,,,0,22,,37289,6,,,0,59,,37247,54,,,0,20,,37287,54,,,0,20,,37298,54,,,0,52,,37303,54,,,0,12,,37253,54,,,0,11,,37242,54,,,0,10,,37254,54,,,0,10,,37279,54,,,0,53,,37258,54,,,0,10,,37238,54,,,0,11,,37297,54,,,0,12,,37249,54,,,0,12,,37307,54,,,0,12,,37290,54,,,0,52,,37308,54,,,0,11,,37256,54,,,0,11,,37288,54,,,0,11,,37257,54,,,0,11,,37262,54,,,0,52,,37299,54,,,0,11,,37263,54,,,0,11,,37304,54,,,0,11,,37252,54,,,0,11,,37243,54,,,0,51,,37255,54,,,0,11,,37280,54,,,0,23,,37250,54,,,0,22,,37291,54,,,0,64,,37264,54,,,0,21,,37259,54,,,0,62,,37300,54,,,0,22,,37306,54,,,0,23,,37245,54,,,0,63,,37282,54,,,0,22,,37239,54,,,0,22,,37292,54,,,0,57,,37295,54,,,0,12,,37265,54,,,0,12,,37260,54,,,0,11,,37270,54,,,0,51,,37301,54,,,0,11,,37272,54,,,0,11,,37309,54,,,0,11,,37305,54,,,0,12,,37275,54,,,0,12,,37246,54,,,0,52,,37269,54,,,0,11,,37285,54,,,0,11,,37281,54,,,0,11,,37283,54,,,0,10,,37268,54,,,0,50,,37240,54,,,0,11,,37251,54,,,0,11,,37273,54,,,0,10,,37293,54,,,0,10,,37277,54,,,0,10,,37296,54,,,0,51,,37244,54,,,0,11,,37266,54,,,0,11,,37261,54,,,0,12,,37271,54,,,0,13,,37302,54,,,0,51,,37276,54,,,0,11,,37286,54,,,0,21,,37284,54,,,0,20,,37241,54,,,0,63,,37294,54,,,0,23,,37278,54,,,0,63,,37267,54,,,0,23,,37311,54,,,0,22,,37312,54,,,0,62,,37313,54,,,0,23,,37314,54,,,0,23,,37315,54,,,0,63,,37316,54,,,0,23,,37317,54,,,0,63,,37318,54,,,0,23,,37310,54,,,0,23,,37274,54,,,0,63,,37319,54,,,0
4300,'Weekday0000100',1406,,37320,6,,,0
4300,'1CCSDCUT-Weekday',433,,37331,6,,,0,22,,37372,6,,,0,59,,37330,54,,,0,20,,37370,54,,,0,20,,37381,54,,,0,52,,37386,54,,,0,12,,37336,54,,,0,11,,37325,54,,,0,10,,37337,54,,,0,10,,37362,54,,,0,53,,37341,54,,,0,10,,37321,54,,,0,11,,37380,54,,,0,12,,37332,54,,,0,12,,37390,54,,,0,12,,37373,54,,,0,52,,37391,54,,,0,11,,37339,54,,,0,11,,37371,54,,,0,11,,37340,54,,,0,11,,37345,54,,,0,52,,37382,54,,,0,11,,37346,54,,,0,11,,37387,54,,,0,11,,37335,54,,,0,11,,37326,54,,,0,51,,37338,54,,,0,11,,37363,54,,,0,23,,37333,54,,,0,22,,37374,54,,,0,64,,37347,54,,,0,21,,37342,54,,,0,62,,37383,54,,,0,22,,37389,54,,,0,23,,37328,54,,,0,63,,37365,54,,,0,22,,37322,54,,,0,22,,37375,54,,,0,57,,37378,54,,,0,12,,37348,54,,,0,12,,37343,54,,,0,11,,37353,54,,,0,51,,37384,54,,,0,11,,37355,54,,,0,11,,37392,54,,,0,11,,37388,54,,,0,12,,37358,54,,,0,12,,37329,54,,,0,52,,37352,54,,,0,11,,37368,54,,,0,11,,37364,54,,,0,11,,37366,54,,,0,10,,37351,54,,,0,50,,37323,54,,,0,11,,37334,54,,,0,11,,37356,54,,,0,10,,37376,54,,,0,10,,37360,54,,,0,10,,37379,54,,,0,51,,37327,54,,,0,11,,37349,54,,,0,11,,37344,54,,,0,12,,37354,54,,,0,13,,37385,54,,,0,51,,37359,54,,,0,11,,37369,54,,,0,21,,37367,54,,,0,20,,37324,54,,,0,63,,37377,54,,,0,23,,37361,54,,,0,63,,37350,54,,,0,23,,37394,54,,,0,22,,37395,54,,,0,62,,37396,54,,,0,23,,37397,54,,,0,23,,37398,54,,,0,63,,37399,54,,,0,23,,37400,54,,,0,63,,37401,54,,,0,23,,37393,54,,,0,23,,37357,54,,,0,63,,37402,54,,,0
4300,'1CCSDCUT-Weekday0000100',1406,,37403,6,,,0
4300,'1PUBCUT-Weekday',433,,37414,6,,,0,22,,37455,6,,,0,59,,37413,54,,,0,20,,37453,54,,,0,20,,37464,54,,,0,52,,37469,54,,,0,12,,37419,54,,,0,11,,37408,54,,,0,10,,37420,54,,,0,10,,37445,54,,,0,53,,37424,54,,,0,10,,37404,54,,,0,11,,37463,54,,,0,12,,37415,54,,,0,12,,37473,54,,,0,12,,37456,54,,,0,52,,37474,54,,,0,11,,37422,54,,,0,11,,37454,54,,,0,11,,37423,54,,,0,11,,37428,54,,,0,52,,37465,54,,,0,11,,37429,54,,,0,11,,37470,54,,,0,11,,37418,54,,,0,11,,37409,54,,,0,51,,37421,54,,,0,11,,37446,54,,,0,23,,37416,54,,,0,22,,37457,54,,,0,64,,37430,54,,,0,21,,37425,54,,,0,62,,37466,54,,,0,22,,37472,54,,,0,23,,37411,54,,,0,63,,37448,54,,,0,22,,37405,54,,,0,22,,37458,54,,,0,57,,37461,54,,,0,12,,37431,54,,,0,12,,37426,54,,,0,11,,37436,54,,,0,51,,37467,54,,,0,11,,37438,54,,,0,11,,37475,54,,,0,11,,37471,54,,,0,12,,37441,54,,,0,12,,37412,54,,,0,52,,37435,54,,,0,11,,37451,54,,,0,11,,37447,54,,,0,11,,37449,54,,,0,10,,37434,54,,,0,50,,37406,54,,,0,11,,37417,54,,,0,11,,37439,54,,,0,10,,37459,54,,,0,10,,37443,54,,,0,10,,37462,54,,,0,51,,37410,54,,,0,11,,37432,54,,,0,11,,37427,54,,,0,12,,37437,54,,,0,13,,37468,54,,,0,51,,37442,54,,,0,11,,37452,54,,,0,21,,37450,54,,,0,20,,37407,54,,,0,63,,37460,54,,,0,23,,37444,54,,,0,63,,37433,54,,,0,23,,37477,54,,,0,22,,37478,54,,,0,62,,37479,54,,,0,23,,37480,54,,,0,23,,37481,54,,,0,63,,37482,54,,,0,23,,37483,54,,,0,63,,37484,54,,,0,23,,37476,54,,,0,23,,37440,54,,,0,63,,37485,54,,,0
4300,'1PUBCUT-Weekday0000100',1406,,37486,6,,,0
8701,'Saturday',624,,47452,28,,,0,30,,47473,28,,,0,70,,47461,28,,,0,30,,47453,28,,,0,70,,47474,28,,,0,31,,47462,28,,,0,71,,47454,28,,,0,30,,47475,28,,,0,70,,47463,28,,,0,30,,47455,28,,,0,70,,47476,28,,,0,30,,47464,28,,,0,70,,47456,28,,,0,30,,47477,28,,,0,70,,47465,28,,,0,30,,47457,28,,,0,70,,47478,28,,,0,30,,47467,28,,,0,70,,47458,28,,,0,30,,47479,28,,,0,70,,47466,28,,,0,30,,47459,28,,,0,70,,47480,28,,,0,30,,47469,28,,,0,70,,47460,28,,,0,28,,47468,28,,,0,70,,47481,28,,,0,30,,47486,28,,,0,70,,47470,28,,,0,30,,47482,28,,,0,70,,47485,28,,,0,30,,47471,28,,,0,70,,47483,28,,,0,30,,47487,28,,,0,70,,47472,28,,,0,30,,47484,28,,,0,70,,47488,28,,,0
8701,'Sunday',624,,47489,28,,,0,30,,47514,28,,,0,70,,47502,28,,,0,30,,47490,28,,,0,70,,47515,28,,,0,31,,47503,28,,,0,71,,47491,28,,,0,30,,47516,28,,,0,70,,47504,28,,,0,30,,47492,28,,,0,70,,47517,28,,,0,30,,47505,28,,,0,70,,47493,28,,,0,30,,47518,28,,,0,70,,47507,28,,,0,30,,47494,28,,,0,70,,47519,28,,,0,30,,47506,28,,,0,70,,47495,28,,,0,30,,47520,28,,,0,70,,47508,28,,,0,30,,47496,28,,,0,70,,47521,28,,,0,30,,47509,28,,,0,70,,47497,28,,,0,28,,47522,28,,,0,70,,47510,28,,,0,30,,47498,28,,,0,70,,47523,28,,,0,30,,47511,28,,,0,70,,47499,28,,,0,30,,47524,28,,,0,70,,47512,28,,,0,30,,47500,28,,,0,70,,47525,28,,,0,30,,47513,28,,,0,70,,47501,28,,,0
8701,'Weekday',524,,47549,28,,,0,30,,47526,28,,,0,70,,47550,28,,,0,30,,47527,28,,,0,70,,47551,28,,,0,30,,47553,28,,,0,74,,47528,28,,,0,12,,47565,28,,,0,17,,47552,28,,,0,70,,47554,28,,,0,30,,47529,28,,,0,70,,47539,28,,,0,30,,47555,28,,,0,70,,47531,28,,,0,30,,47540,28,,,0,70,,47556,28,,,0,30,,47532,28,,,0,70,,47541,28,,,0,30,,47557,28,,,0,70,,47530,28,,,0,30,,47542,28,,,0,74,,47558,28,,,0,71,,47533,28,,,0,31,,47543,28,,,0,71,,47559,28,,,0,32,,47534,28,,,0,70,,47544,28,,,0,31,,47560,28,,,0,72,,47535,28,,,0,29,,47545,28,,,0,70,,47562,28,,,0,30,,47536,28,,,0,70,,47546,28,,,0,29,,47561,28,,,0,68,,47537,28,,,0,28,,47547,28,,,0,68,,47563,28,,,0,29,,47538,28,,,0,28,,47548,28,,,0,69,,47564,28,,,0
8701,'Weekday0000100',1510,,47566,28,,,0
8701,'Weekday1111000',1623,,47567,28,,,0
8701,'1CCSDCUT-Weekday',524,,47591,28,,,0,30,,47568,28,,,0,70,,47592,28,,,0,30,,47569,28,,,0,70,,47593,28,,,0,30,,47595,28,,,0,74,,47570,28,,,0,12,,47607,28,,,0,17,,47594,28,,,0,70,,47596,28,,,0,30,,47571,28,,,0,70,,47581,28,,,0,30,,47597,28,,,0,70,,47573,28,,,0,30,,47582,28,,,0,70,,47598,28,,,0,30,,47574,28,,,0,70,,47583,28,,,0,30,,47599,28,,,0,70,,47572,28,,,0,30,,47584,28,,,0,74,,47600,28,,,0,71,,47575,28,,,0,31,,47585,28,,,0,71,,47601,28,,,0,32,,47576,28,,,0,70,,47586,28,,,0,31,,47602,28,,,0,72,,47577,28,,,0,29,,47587,28,,,0,70,,47604,28,,,0,30,,47578,28,,,0,70,,47588,28,,,0,29,,47603,28,,,0,68,,47579,28,,,0,28,,47589,28,,,0,68,,47605,28,,,0,29,,47580,28,,,0,28,,47590,28,,,0,69,,47606,28,,,0
8701,'1CCSDCUT-Weekday0000100',1510,,47608,28,,,0
8701,'1CCSDCUT-Weekday1111000',1623,,47609,28,,,0
8701,'1PUBCUT-Weekday',524,,47633,28,,,0,30,,47610,28,,,0,70,,47634,28,,,0,30,,47611,28,,,0,70,,47635,28,,,0,30,,47637,28,,,0,74,,47612,28,,,0,12,,47649,28,,,0,17,,47636,28,,,0,70,,47638,28,,,0,30,,47613,28,,,0,70,,47623,28,,,0,30,,47639,28,,,0,70,,47615,28,,,0,30,,47624,28,,,0,70,,47640,28,,,0,30,,47616,28,,,0,70,,47625,28,,,0,30,,47641,28,,,0,70,,47614,28,,,0,30,,47626,28,,,0,74,,47642,28,,,0,71,,47617,28,,,0,31,,47627,28,,,0,71,,47643,28,,,0,32,,47618,28,,,0,70,,47628,28,,,0,31,,47644,28,,,0,72,,47619,28,,,0,29,,47629,28,,,0,70,,47646,28,,,0,30,,47620,28,,,0,70,,47630,28,,,0,29,,47645,28,,,0,68,,47621,28,,,0,28,,47631,28,,,0,68,,47647,28,,,0,29,,47622,28,,,0,28,,47632,28,,,0,69,,47648,28,,,0
8701,'1PUBCUT-Weekday0000100',1510,,47650,28,,,0
8701,'1PUBCUT-Weekday1111000',1623,,47651,28,,,0
13500,'Weekday',551,,57160,27,,,0,62,,57159,27,,,0,22,,57164,27,,,0,23,,57161,27,,,0,63,,57167,27,,,0,24,,57162,27,,,0,63,,57165,27,,,0,23,,57163,27,,,0,22,,57166,27,,,0,62,,57180,27,,,0,22,,57178,27,,,0,579,,57168,27,,,0,24,,57173,27,,,0,64,,57169,27,,,0,24,,57174,27,,,0,24,,57171,27,,,0,64,,57175,27,,,0,24,,57170,27,,,0,64,,57176,27,,,0,22,,57172,27,,,0,23,,57179,27,0,207 12 108 1 208 209,0,63,,57177,27,,,0
13500,'1CCSDCUT-Weekday',551,,57182,27,,,0,62,,57181,27,,,0,22,,57186,27,,,0,23,,57183,27,,,0,63,,57189,27,,,0,24,,57184,27,,,0,63,,57187,27,,,0,23,,57185,27,,,0,22,,57188,27,,,0,62,,57202,27,,,0,22,,57200,27,,,0,579,,57190,27,,,0,24,,57195,27,,,0,64,,57191,27,,,0,24,,57196,27,,,0,24,,57193,27,,,0,64,,57197,27,,,0,24,,57192,27,,,0,64,,57198,27,,,0,22,,57194,27,,,0,23,,57201,27,0,207 12 108 1 208 209,0,63,,57199,27,,,0
13500,'1PUBCUT-Weekday',551,,57204,27,,,0,62,,57203,27,,,0,22,,57208,27,,,0,23,,57205,27,,,0,63,,57211,27,,,0,24,,57206,27,,,0,63,,57209,27,,,0,23,,57207,27,,,0,22,,57210,27,,,0,62,,57224,27,,,0,22,,57222,27,,,0,579,,57212,27,,,0,24,,57217,27,,,0,64,,57213,27,,,0,24,,57218,27,,,0,24,,57215,27,,,0,64,,57219,27,,,0,24,,57214,27,,,0,64,,57220,27,,,0,22,,57216,27,,,0,23,,57223,27,0,207 12 108 1 208 209,0,63,,57221,27,,,0
