7401,'2025DE-1BUSCUT-Weekday-02',510,,19679,,,0,34,,19680,,,0,57,,19681,,,0,17,,19682,,,0,17,,19685,,,0,17,,19683,,,0,57,,19686,,,0,17,,19684,,,0,17,,19688,,,0,57,,19687,,,0,17,,19691,,,0,17,,19689,,,0,17,,19692,,,0,57,,19690,,,0,34,,19694,,,0,74,,19693,,,0,34,,19695,,,0,74,,19696,,,0,34,,19702,,,0,74,,19703,,,0,74,,19704,,,0,34,,19705,,,0,74,,19706,,,0,34,,19707,,,0,57,,19710,,,0,17,,19708,,,0,17,,19715,,,0,17,,19709,,,0,57,,19714,,,0,17,,19699,,,0,17,,19713,,,0,57,,19698,,,0,17,,19712,,,0,17,,19700,,,0,17,,19711,,,0,57,,19701,,,0,34,,19697,,,0,74,,19722,,,0,34,,19716,,,0,74,,19721,,,0,74,,19717,,,0,34,,19720,,,0,74,,19718,,,0,34,,19719,,,0,74,,19723,,,0,34,,19724,,,0
7401,'2025DE-1BUSSA-Saturday-02',617,,19727,,,0,34,,19728,,,0,74,,19725,,,0,34,,19729,,,0,74,,19730,,,0,74,,19732,,,0,34,,19731,,,0,74,,19733,,,0,34,,19734,,,0,74,,19735,,,0,34,,19736,,,0,75,,19737,,,0,74,,19738,,,0,34,,19739,,,0,74,,19740,,,0,34,,19741,,,0,74,,19742,,,0,34,,19743,,,0,74,,19744,,,0,74,,19754,,,0,34,,19747,,,0,73,,19746,,,0,34,,19753,,,0,74,,19749,,,0,34,,19755,,,0,74,,19752,,,0,74,,19745,,,0,34,,19751,,,0,74,,19748,,,0,34,,19750,,,0,74,,19726,,,0
7401,'2025DE-1BUSSU-Sunday-02',617,,19785,,,0,34,,19786,,,0,74,,19784,,,0,34,,19775,,,0,74,,19778,,,0,74,,19781,,,0,34,,19779,,,0,74,,19777,,,0,34,,19780,,,0,74,,19782,,,0,34,,19783,,,0,75,,19776,,,0,74,,19774,,,0,34,,19773,,,0,74,,19772,,,0,34,,19771,,,0,74,,19770,,,0,34,,19769,,,0,74,,19767,,,0,74,,19768,,,0,34,,19766,,,0,73,,19765,,,0,34,,19764,,,0,74,,19763,,,0,34,,19762,,,0,74,,19761,,,0,74,,19760,,,0,34,,19759,,,0,74,,19758,,,0,34,,19757,,,0,74,,19756,,,0
7401,'2025DE-1BUSWK-Weekday-02',510,,19787,,,0,34,,19788,,,0,57,,19789,,,0,17,,19790,,,0,17,,19793,,,0,17,,19791,,,0,57,,19794,,,0,17,,19792,,,0,17,,19796,,,0,57,,19795,,,0,17,,19799,,,0,17,,19797,,,0,17,,19800,,,0,57,,19798,,,0,34,,19802,,,0,74,,19801,,,0,34,,19803,,,0,74,,19804,,,0,34,,19810,,,0,74,,19811,,,0,74,,19812,,,0,34,,19813,,,0,74,,19814,,,0,34,,19815,,,0,57,,19818,,,0,17,,19816,,,0,17,,19823,,,0,17,,19817,,,0,57,,19822,,,0,17,,19807,,,0,17,,19821,,,0,57,,19806,,,0,17,,19820,,,0,17,,19808,,,0,17,,19819,,,0,57,,19809,,,0,34,,19805,,,0,74,,19830,,,0,34,,19824,,,0,74,,19829,,,0,74,,19825,,,0,34,,19828,,,0,74,,19826,,,0,34,,19827,,,0,74,,19831,,,0,34,,19832,,,0
7401,'2025DE-pBxDec31-Weekday-02',510,,19833,,,0,34,,19834,,,0,57,,19835,,,0,17,,19836,,,0,17,,19839,,,0,17,,19837,,,0,57,,19840,,,0,17,,19838,,,0,17,,19842,,,0,57,,19841,,,0,17,,19845,,,0,17,,19843,,,0,17,,19846,,,0,57,,19844,,,0,34,,19848,,,0,74,,19847,,,0,34,,19849,,,0,74,,19850,,,0,34,,19856,,,0,74,,19857,,,0,74,,19858,,,0,34,,19859,,,0,74,,19861,,,0,34,,19862,,,0,57,,19864,,,0,17,,19863,,,0,17,,19869,,,0,17,,19860,,,0,57,,19868,,,0,17,,19853,,,0,17,,19867,,,0,57,,19852,,,0,17,,19866,,,0,17,,19854,,,0,17,,19865,,,0,57,,19855,,,0,34,,19851,,,0,74,,19876,,,0,34,,19870,,,0,74,,19875,,,0,74,,19871,,,0,34,,19874,,,0,74,,19872,,,0,34,,19873,,,0,74,,19877,,,0,34,,19878,,,0
72401,'2025DE-1BUSWK-Weekday-02',821,,44111,0,140 141 119,0
72601,'2025DE-1BUSWK-Weekday-02',826,,44117,0,140 141,0
81100,'2025DE-1BUSWK-Weekday-02',815,,44307,0,12 13 141,0
81101,'2025DE-1BUSWK-Weekday-02-0000100',1501,,44309,0,12 13 141,0
81101,'2025DE-1BUSWK-Weekday-02-1111000',1601,,44311,0,12 13 141,0
