72400,'Weekday0000100',1418,,68498,2,0,140 141 119,0
72400,'Weekday1111000',1601,,68499,2,0,140 141 119,0
72400,'1CCSDCUT-Weekday0000100',1418,,68500,2,0,140 141 119,0
72400,'1CCSDCUT-Weekday1111000',1601,,68501,2,0,140 141 119,0
72401,'Weekday',818,,68502,1,0,140 141 119,0
72401,'1CCSDCUT-Weekday',818,,68503,1,0,140 141 119,0
81100,'Weekday',809,,68893,5,0,12 13 141,0
81100,'1PUBCUT-Weekday',809,,68895,5,0,12 13 141,0
81101,'Weekday0000100',1458,,68897,6,0,12 13 141,0
81101,'Weekday1111000',1558,,68899,6,0,12 13 141,0
81101,'1PUBCUT-Weekday0000100',1458,,68901,6,0,12 13 141,0
81101,'1PUBCUT-Weekday1111000',1558,,68903,6,0,12 13 141,0
