11501,'Saturday',640,,118967,10,,,0,78,,118968,10,,,0,38,,118969,10,,,0,78,,118970,10,,,0,78,,118971,10,,,0,38,,118972,10,,,0,78,,118973,10,,,0,78,,118974,10,,,0,38,,118975,10,,,0,78,,118976,10,,,0,78,,118977,10,,,0,38,,118978,10,,,0,78,,118979,10,,,0,38,,118980,10,,,0,78,,118981,10,,,0,78,,118982,10,,,0,38,,118985,10,,,0,78,,118986,10,,,0,78,,118983,10,,,0,38,,118984,10,,,0,78,,118989,10,,,0,38,,118987,10,,,0,78,,118988,10,,,0,78,,118990,10,,,0,38,,118991,10,,,0,78,,118992,10,,,0,78,,118993,10,,,0
11501,'Sunday',640,,118994,10,,,0,78,,118995,10,,,0,38,,118996,10,,,0,78,,118997,10,,,0,78,,118998,10,,,0,38,,118999,10,,,0,78,,119000,10,,,0,78,,119001,10,,,0,38,,119002,10,,,0,78,,119003,10,,,0,78,,119004,10,,,0,38,,119005,10,,,0,78,,119006,10,,,0,38,,119007,10,,,0,78,,119008,10,,,0,78,,119009,10,,,0,38,,119012,10,,,0,78,,119013,10,,,0,78,,119010,10,,,0,38,,119011,10,,,0,78,,119016,10,,,0,38,,119014,10,,,0,78,,119015,10,,,0,78,,119017,10,,,0,38,,119018,10,,,0,78,,119019,10,,,0,78,,119020,10,,,0
11501,'Weekday',542,,119024,10,,,0,67,,119053,10,,,0,8,,119022,10,,,0,32,,119023,10,,,0,72,,119035,10,,,0,32,,119026,10,,,0,72,,119029,10,,,0,31,,119028,10,,,0,70,,119032,10,,,0,32,,119030,10,,,0,72,,119027,10,,,0,72,,119031,10,,,0,32,,119034,10,,,0,72,,119033,10,,,0,32,,119038,10,,,0,72,,119037,10,,,0,32,,119039,10,,,0,72,,119042,10,,,0,35,,119044,10,,,0,72,,119046,10,,,0,32,,119040,10,,,0,61,,119054,10,,,0,11,,119043,10,,,0,3,,119055,10,,,0,29,,119045,10,,,0,72,,119047,10,,,0,72,,119048,10,,,0,32,,119041,10,,,0,70,,119052,10,,,0,31,,119049,10,,,0,72,,119036,10,,,0,32,,119050,10,,,0,72,,119025,10,,,0,32,,119051,10,,,0,72,,119021,10,,,0
11501,'STMPSa-Saturday',640,,119056,10,,,0,78,,119057,10,,,0,38,,119058,10,,,0,78,,119059,10,,,0,78,,119060,10,,,0,38,,119061,10,,,0,78,,119062,10,,,0,78,,119063,10,,,0,38,,119064,10,,,0,78,,119065,10,,,0,78,,119066,10,,,0,38,,119067,10,,,0,78,,119068,10,,,0,38,,119069,10,,,0,78,,119070,10,,,0,78,,119071,10,,,0,38,,119074,10,,,0,78,,119075,10,,,0,78,,119072,10,,,0,38,,119073,10,,,0,78,,119078,10,,,0,38,,119076,10,,,0,78,,119077,10,,,0,78,,119079,10,,,0,38,,119080,10,,,0,78,,119081,10,,,0,78,,119082,10,,,0
11501,'STMPSnea-Weekday',542,,119086,10,,,0,67,,119115,10,,,0,8,,119084,10,,,0,32,,119085,10,,,0,72,,119097,10,,,0,32,,119088,10,,,0,72,,119091,10,,,0,31,,119090,10,,,0,70,,119094,10,,,0,32,,119092,10,,,0,72,,119089,10,,,0,72,,119093,10,,,0,32,,119096,10,,,0,72,,119095,10,,,0,32,,119100,10,,,0,72,,119099,10,,,0,32,,119101,10,,,0,72,,119104,10,,,0,35,,119106,10,,,0,72,,119108,10,,,0,32,,119102,10,,,0,61,,119116,10,,,0,11,,119105,10,,,0,3,,119117,10,,,0,29,,119107,10,,,0,72,,119109,10,,,0,72,,119110,10,,,0,32,,119103,10,,,0,70,,119114,10,,,0,31,,119111,10,,,0,72,,119098,10,,,0,32,,119112,10,,,0,72,,119087,10,,,0,32,,119113,10,,,0,72,,119083,10,,,0
11501,'STMPSu1-Sunday',640,,119118,10,,,0,78,,119119,10,,,0,38,,119120,10,,,0,78,,119121,10,,,0,78,,119122,10,,,0,38,,119123,10,,,0,78,,119124,10,,,0,78,,119126,10,,,0,38,,119125,10,,,0,78,,119127,10,,,0,78,,119128,10,,,0,38,,119129,10,,,0,78,,119130,10,,,0,38,,119131,10,,,0,78,,119132,10,,,0,78,,119133,10,,,0,38,,119136,10,,,0,78,,119137,10,,,0,78,,119134,10,,,0,38,,119135,10,,,0,78,,119140,10,,,0,38,,119138,10,,,0,78,,119139,10,,,0,78,,119141,10,,,0,38,,119142,10,,,0,78,,119143,10,,,0,78,,119144,10,,,0
11501,'STMPSu2-Sunday',640,,119145,10,,,0,78,,119146,10,,,0,38,,119147,10,,,0,78,,119148,10,,,0,78,,119149,10,,,0,38,,119150,10,,,0,78,,119151,10,,,0,78,,119152,10,,,0,38,,119153,10,,,0,78,,119154,10,,,0,78,,119155,10,,,0,38,,119156,10,,,0,78,,119157,10,,,0,38,,119158,10,,,0,78,,119159,10,,,0,78,,119160,10,,,0,38,,119163,10,,,0,78,,119164,10,,,0,78,,119161,10,,,0,38,,119162,10,,,0,78,,119167,10,,,0,38,,119165,10,,,0,78,,119166,10,,,0,78,,119168,10,,,0,38,,119169,10,,,0,78,,119170,10,,,0,78,,119171,10,,,0
11501,'STMPWeek-Weekday',542,,119175,10,,,0,67,,119204,10,,,0,8,,119173,10,,,0,32,,119174,10,,,0,72,,119186,10,,,0,32,,119177,10,,,0,72,,119180,10,,,0,31,,119179,10,,,0,70,,119183,10,,,0,32,,119181,10,,,0,72,,119178,10,,,0,72,,119182,10,,,0,32,,119185,10,,,0,72,,119184,10,,,0,32,,119189,10,,,0,72,,119188,10,,,0,32,,119190,10,,,0,72,,119193,10,,,0,35,,119195,10,,,0,72,,119197,10,,,0,32,,119191,10,,,0,61,,119205,10,,,0,11,,119194,10,,,0,3,,119206,10,,,0,29,,119196,10,,,0,72,,119198,10,,,0,72,,119199,10,,,0,32,,119192,10,,,0,70,,119203,10,,,0,31,,119200,10,,,0,72,,119187,10,,,0,32,,119201,10,,,0,72,,119176,10,,,0,32,,119202,10,,,0,72,,119172,10,,,0
11501,'STMPar-Weekday',542,,119210,10,,,0,67,,119239,10,,,0,8,,119208,10,,,0,32,,119209,10,,,0,72,,119221,10,,,0,32,,119212,10,,,0,72,,119215,10,,,0,31,,119214,10,,,0,70,,119218,10,,,0,32,,119216,10,,,0,72,,119213,10,,,0,72,,119217,10,,,0,32,,119220,10,,,0,72,,119219,10,,,0,32,,119224,10,,,0,72,,119223,10,,,0,32,,119225,10,,,0,72,,119228,10,,,0,35,,119230,10,,,0,72,,119232,10,,,0,32,,119226,10,,,0,61,,119240,10,,,0,11,,119229,10,,,0,3,,119241,10,,,0,29,,119231,10,,,0,72,,119233,10,,,0,72,,119234,10,,,0,32,,119227,10,,,0,70,,119238,10,,,0,31,,119235,10,,,0,72,,119222,10,,,0,32,,119236,10,,,0,72,,119211,10,,,0,32,,119237,10,,,0,72,,119207,10,,,0
12401,'Saturday',655,,121383,10,,,0,65,,121403,10,,,0,25,,121385,10,,,0,65,,121404,10,,,0,25,,121384,10,,,0,65,,121405,10,,,0,25,,121386,10,,,0,25,,121406,10,,,0,65,,121387,10,,,0,25,,121407,10,,,0,65,,121388,10,,,0,25,,121408,10,,,0,25,,121389,10,,,0,65,,121409,10,,,0,25,,121390,10,,,0,65,,121410,10,,,0,25,,121391,10,,,0,65,,121411,10,,,0,25,,121393,10,,,0,25,,121413,10,,,0,65,,121392,10,,,0,25,,121414,10,,,0,65,,121394,10,,,0,25,,121412,10,,,0,25,,121395,10,,,0,65,,121416,10,,,0,25,,121396,10,,,0,65,,121415,10,,,0,25,,121397,10,,,0,24,,121417,10,,,0,65,,121399,10,,,0,25,,121418,10,,,0,65,,121398,10,,,0,25,,121419,10,,,0,65,,121400,10,,,0,25,,121420,10,,,0,25,,121401,10,,,0,65,,121421,10,,,0,25,,121402,10,,,0,65,,121422,10,,,0
12401,'Sunday',655,,121424,10,,,0,65,,121443,10,,,0,25,,121423,10,,,0,65,,121444,10,,,0,25,,121426,10,,,0,65,,121446,10,,,0,25,,121425,10,,,0,25,,121447,10,,,0,65,,121427,10,,,0,25,,121445,10,,,0,65,,121428,10,,,0,25,,121448,10,,,0,25,,121429,10,,,0,65,,121449,10,,,0,25,,121430,10,,,0,65,,121450,10,,,0,25,,121431,10,,,0,65,,121451,10,,,0,25,,121432,10,,,0,25,,121452,10,,,0,65,,121433,10,,,0,25,,121453,10,,,0,65,,121434,10,,,0,25,,121454,10,,,0,25,,121435,10,,,0,65,,121456,10,,,0,25,,121436,10,,,0,65,,121455,10,,,0,25,,121437,10,,,0,24,,121458,10,,,0,65,,121439,10,,,0,25,,121459,10,,,0,65,,121440,10,,,0,25,,121457,10,,,0,65,,121438,10,,,0,25,,121460,10,,,0,25,,121441,10,,,0,65,,121461,10,,,0,25,,121442,10,,,0,65,,121462,10,,,0
12401,'Weekday',532,,121468,10,,,0,12,,121472,10,,,0,12,,121493,10,,,0,52,,121496,10,,,0,12,,121499,10,,,0,11,,121469,10,,,0,13,,121473,10,,,0,12,,121494,10,,,0,52,,121497,10,,,0,12,,121500,10,,,0,12,,121470,10,,,0,12,,121474,10,,,0,12,,121495,10,,,0,52,,121498,10,,,0,12,,121501,10,,,0,12,,121471,10,,,0,12,,121475,10,,,0,66,,121502,10,,,0,28,,121476,10,,,0,66,,121503,10,,,0,28,,121477,10,,,0,68,,121504,10,,,0,28,,121478,10,,,0,28,,121505,10,,,0,68,,121479,10,,,0,28,,121506,10,,,0,68,,121480,10,,,0,28,,121507,10,,,0,68,,121481,10,,,0,11,,121463,10,,,0,14,,121508,10,,,0,13,,121520,10,,,0,52,,121523,10,,,0,12,,121482,10,,,0,12,,121464,10,,,0,12,,121509,10,,,0,12,,121521,10,,,0,52,,121525,10,,,0,12,,121483,10,,,0,12,,121465,10,,,0,12,,121510,10,,,0,12,,121522,10,,,0,52,,121526,10,,,0,12,,121484,10,,,0,12,,121466,10,,,0,12,,121511,10,,,0,12,,121524,10,,,0,52,,121527,10,,,0,12,,121485,10,,,0,13,,121467,10,,,0,9,,121512,10,,,0,71,,121486,10,,,0,28,,121513,10,,,0,68,,121488,10,,,0,28,,121514,10,,,0,68,,121487,10,,,0,28,,121515,10,,,0,28,,121489,10,,,0,68,,121516,10,,,0,28,,121490,10,,,0,68,,121517,10,,,0,28,,121491,10,,,0,68,,121518,10,,,0,28,,121492,10,,,0,68,,121519,10,,,0
12401,'STMPSa-Saturday',655,,121528,10,,,0,65,,121548,10,,,0,25,,121530,10,,,0,65,,121549,10,,,0,25,,121529,10,,,0,65,,121550,10,,,0,25,,121531,10,,,0,25,,121551,10,,,0,65,,121532,10,,,0,25,,121552,10,,,0,65,,121533,10,,,0,25,,121553,10,,,0,25,,121534,10,,,0,65,,121554,10,,,0,25,,121535,10,,,0,65,,121555,10,,,0,25,,121536,10,,,0,65,,121556,10,,,0,25,,121538,10,,,0,25,,121558,10,,,0,65,,121537,10,,,0,25,,121559,10,,,0,65,,121539,10,,,0,25,,121557,10,,,0,25,,121540,10,,,0,65,,121561,10,,,0,25,,121541,10,,,0,65,,121560,10,,,0,25,,121542,10,,,0,24,,121562,10,,,0,65,,121544,10,,,0,25,,121563,10,,,0,65,,121543,10,,,0,25,,121564,10,,,0,65,,121545,10,,,0,25,,121565,10,,,0,25,,121546,10,,,0,65,,121566,10,,,0,25,,121547,10,,,0,65,,121567,10,,,0
12401,'STMPSnea-Weekday',532,,121573,10,,,0,12,,121577,10,,,0,12,,121598,10,,,0,52,,121601,10,,,0,12,,121604,10,,,0,11,,121574,10,,,0,13,,121578,10,,,0,12,,121599,10,,,0,52,,121602,10,,,0,12,,121605,10,,,0,12,,121575,10,,,0,12,,121579,10,,,0,12,,121600,10,,,0,52,,121603,10,,,0,12,,121606,10,,,0,12,,121576,10,,,0,12,,121580,10,,,0,66,,121607,10,,,0,28,,121581,10,,,0,66,,121608,10,,,0,28,,121582,10,,,0,68,,121609,10,,,0,28,,121583,10,,,0,28,,121610,10,,,0,68,,121584,10,,,0,28,,121611,10,,,0,68,,121585,10,,,0,28,,121612,10,,,0,68,,121586,10,,,0,11,,121568,10,,,0,14,,121613,10,,,0,13,,121625,10,,,0,52,,121628,10,,,0,12,,121587,10,,,0,12,,121569,10,,,0,12,,121614,10,,,0,12,,121626,10,,,0,52,,121630,10,,,0,12,,121588,10,,,0,12,,121570,10,,,0,12,,121615,10,,,0,12,,121627,10,,,0,52,,121631,10,,,0,12,,121589,10,,,0,12,,121571,10,,,0,12,,121616,10,,,0,12,,121629,10,,,0,52,,121632,10,,,0,12,,121590,10,,,0,13,,121572,10,,,0,9,,121617,10,,,0,71,,121591,10,,,0,28,,121618,10,,,0,68,,121593,10,,,0,28,,121619,10,,,0,68,,121592,10,,,0,28,,121620,10,,,0,28,,121594,10,,,0,68,,121621,10,,,0,28,,121595,10,,,0,68,,121622,10,,,0,28,,121596,10,,,0,68,,121623,10,,,0,28,,121597,10,,,0,68,,121624,10,,,0
12401,'STMPSu1-Sunday',655,,121634,10,,,0,65,,121653,10,,,0,25,,121633,10,,,0,65,,121654,10,,,0,25,,121636,10,,,0,65,,121656,10,,,0,25,,121635,10,,,0,25,,121657,10,,,0,65,,121637,10,,,0,25,,121655,10,,,0,65,,121638,10,,,0,25,,121658,10,,,0,25,,121639,10,,,0,65,,121659,10,,,0,25,,121640,10,,,0,65,,121660,10,,,0,25,,121641,10,,,0,65,,121661,10,,,0,25,,121642,10,,,0,25,,121662,10,,,0,65,,121643,10,,,0,25,,121663,10,,,0,65,,121644,10,,,0,25,,121664,10,,,0,25,,121646,10,,,0,65,,121666,10,,,0,25,,121645,10,,,0,65,,121665,10,,,0,25,,121647,10,,,0,24,,121668,10,,,0,65,,121649,10,,,0,25,,121669,10,,,0,65,,121650,10,,,0,25,,121667,10,,,0,65,,121648,10,,,0,25,,121670,10,,,0,25,,121651,10,,,0,65,,121671,10,,,0,25,,121652,10,,,0,65,,121672,10,,,0
12401,'STMPSu2-Sunday',655,,121674,10,,,0,65,,121693,10,,,0,25,,121673,10,,,0,65,,121694,10,,,0,25,,121676,10,,,0,65,,121696,10,,,0,25,,121675,10,,,0,25,,121697,10,,,0,65,,121677,10,,,0,25,,121695,10,,,0,65,,121678,10,,,0,25,,121698,10,,,0,25,,121679,10,,,0,65,,121699,10,,,0,25,,121680,10,,,0,65,,121700,10,,,0,25,,121681,10,,,0,65,,121701,10,,,0,25,,121682,10,,,0,25,,121702,10,,,0,65,,121683,10,,,0,25,,121703,10,,,0,65,,121684,10,,,0,25,,121704,10,,,0,25,,121685,10,,,0,65,,121706,10,,,0,25,,121686,10,,,0,65,,121705,10,,,0,25,,121687,10,,,0,24,,121708,10,,,0,65,,121689,10,,,0,25,,121709,10,,,0,65,,121690,10,,,0,25,,121707,10,,,0,65,,121688,10,,,0,25,,121710,10,,,0,25,,121691,10,,,0,65,,121711,10,,,0,25,,121692,10,,,0,65,,121712,10,,,0
12401,'STMPWeek-Weekday',532,,121718,10,,,0,12,,121722,10,,,0,12,,121743,10,,,0,52,,121746,10,,,0,12,,121749,10,,,0,11,,121719,10,,,0,13,,121723,10,,,0,12,,121744,10,,,0,52,,121747,10,,,0,12,,121750,10,,,0,12,,121720,10,,,0,12,,121724,10,,,0,12,,121745,10,,,0,52,,121748,10,,,0,12,,121751,10,,,0,12,,121721,10,,,0,12,,121725,10,,,0,66,,121752,10,,,0,28,,121726,10,,,0,66,,121753,10,,,0,28,,121727,10,,,0,68,,121754,10,,,0,28,,121728,10,,,0,28,,121755,10,,,0,68,,121729,10,,,0,28,,121756,10,,,0,68,,121730,10,,,0,28,,121757,10,,,0,68,,121731,10,,,0,11,,121713,10,,,0,14,,121758,10,,,0,13,,121770,10,,,0,52,,121773,10,,,0,12,,121732,10,,,0,12,,121714,10,,,0,12,,121759,10,,,0,12,,121771,10,,,0,52,,121775,10,,,0,12,,121733,10,,,0,12,,121715,10,,,0,12,,121760,10,,,0,12,,121772,10,,,0,52,,121776,10,,,0,12,,121734,10,,,0,12,,121716,10,,,0,12,,121761,10,,,0,12,,121774,10,,,0,52,,121777,10,,,0,12,,121735,10,,,0,13,,121717,10,,,0,9,,121762,10,,,0,71,,121736,10,,,0,28,,121763,10,,,0,68,,121738,10,,,0,28,,121764,10,,,0,68,,121737,10,,,0,28,,121765,10,,,0,28,,121739,10,,,0,68,,121766,10,,,0,28,,121740,10,,,0,68,,121767,10,,,0,28,,121741,10,,,0,68,,121768,10,,,0,28,,121742,10,,,0,68,,121769,10,,,0
12401,'STMPar-Weekday',532,,121783,10,,,0,12,,121787,10,,,0,12,,121808,10,,,0,52,,121811,10,,,0,12,,121814,10,,,0,11,,121784,10,,,0,13,,121788,10,,,0,12,,121809,10,,,0,52,,121812,10,,,0,12,,121815,10,,,0,12,,121785,10,,,0,12,,121789,10,,,0,12,,121810,10,,,0,52,,121813,10,,,0,12,,121816,10,,,0,12,,121786,10,,,0,12,,121790,10,,,0,66,,121817,10,,,0,28,,121791,10,,,0,66,,121818,10,,,0,28,,121792,10,,,0,68,,121819,10,,,0,28,,121793,10,,,0,28,,121820,10,,,0,68,,121794,10,,,0,28,,121821,10,,,0,68,,121795,10,,,0,28,,121822,10,,,0,68,,121796,10,,,0,11,,121778,10,,,0,14,,121823,10,,,0,13,,121835,10,,,0,52,,121838,10,,,0,12,,121797,10,,,0,12,,121779,10,,,0,12,,121824,10,,,0,12,,121836,10,,,0,52,,121840,10,,,0,12,,121798,10,,,0,12,,121780,10,,,0,12,,121825,10,,,0,12,,121837,10,,,0,52,,121841,10,,,0,12,,121799,10,,,0,12,,121781,10,,,0,12,,121826,10,,,0,12,,121839,10,,,0,52,,121842,10,,,0,12,,121800,10,,,0,13,,121782,10,,,0,9,,121827,10,,,0,71,,121801,10,,,0,28,,121828,10,,,0,68,,121803,10,,,0,28,,121829,10,,,0,68,,121802,10,,,0,28,,121830,10,,,0,28,,121804,10,,,0,68,,121831,10,,,0,28,,121805,10,,,0,68,,121832,10,,,0,28,,121806,10,,,0,68,,121833,10,,,0,28,,121807,10,,,0,68,,121834,10,,,0
