2600,'Saturday',601,,84498,8,,,0,45,,84508,8,,,0,85,,84500,8,,,0,85,,84509,8,,,0,85,,84499,8,,,0,45,,84510,8,,,0,85,,84501,8,,,0,85,,84511,8,,,0,85,,84502,8,,,0,45,,84512,8,,,0,85,,84503,8,,,0,86,,84513,8,,,0,85,,84504,8,,,0,45,,84514,8,,,0,85,,84505,8,,,0,85,,84515,8,,,0,85,,84506,8,,,0,45,,84516,8,,,0,84,,84507,8,,,0,85,,84517,8,,,0
2600,'Sunday',601,,84518,8,,,0,45,,84528,8,,,0,85,,84519,8,,,0,85,,84529,8,,,0,85,,84520,8,,,0,45,,84531,8,,,0,85,,84521,8,,,0,85,,84530,8,,,0,85,,84522,8,,,0,45,,84532,8,,,0,85,,84523,8,,,0,86,,84533,8,,,0,85,,84524,8,,,0,45,,84534,8,,,0,85,,84525,8,,,0,85,,84535,8,,,0,85,,84526,8,,,0,45,,84536,8,,,0,84,,84527,8,,,0,85,,84537,8,,,0
2600,'Weekday',521,,84538,8,,,0,32,,84539,8,,,0,72,,84540,8,,,0,33,,84541,8,,,0,72,,84542,8,,,0,72,,84543,8,,,0,32,,84544,8,,,0,69,,84545,8,,,0,26,,84547,8,,,0,30,,84548,8,,,0,70,,84549,8,,,0,30,,84546,8,,,0,70,,84550,8,,,0,30,,84551,8,,,0,70,,84552,8,,,0,30,,84553,8,,,0,70,,84554,8,,,0,30,,84556,8,,,0,70,,84557,8,,,0,30,,84558,8,,,0,72,,84555,8,,,0,74,,84559,8,,,0,32,,84560,8,,,0,72,,84561,8,,,0,32,,84562,8,,,0,70,,84564,8,,,0,29,,84565,8,,,0,70,,84566,8,,,0,30,,84567,8,,,0,70,,84569,8,,,0,30,,84571,8,,,0,70,,84570,8,,,0,30,,84568,8,,,0,70,,84563,8,,,0
2600,'STMPSa-Saturday',601,,84572,8,,,0,45,,84582,8,,,0,85,,84574,8,,,0,85,,84583,8,,,0,85,,84573,8,,,0,45,,84584,8,,,0,85,,84575,8,,,0,85,,84585,8,,,0,85,,84576,8,,,0,45,,84586,8,,,0,85,,84577,8,,,0,86,,84587,8,,,0,85,,84578,8,,,0,45,,84588,8,,,0,85,,84579,8,,,0,85,,84589,8,,,0,85,,84580,8,,,0,45,,84590,8,,,0,84,,84581,8,,,0,85,,84591,8,,,0
2600,'STMPSnea-Weekday',521,,84592,8,,,0,32,,84593,8,,,0,72,,84594,8,,,0,33,,84595,8,,,0,72,,84596,8,,,0,72,,84597,8,,,0,32,,84598,8,,,0,69,,84599,8,,,0,26,,84601,8,,,0,30,,84602,8,,,0,70,,84603,8,,,0,30,,84600,8,,,0,70,,84604,8,,,0,30,,84605,8,,,0,70,,84606,8,,,0,30,,84607,8,,,0,70,,84608,8,,,0,30,,84610,8,,,0,70,,84611,8,,,0,30,,84612,8,,,0,72,,84609,8,,,0,74,,84613,8,,,0,32,,84614,8,,,0,72,,84615,8,,,0,32,,84616,8,,,0,70,,84618,8,,,0,29,,84619,8,,,0,70,,84620,8,,,0,30,,84621,8,,,0,70,,84623,8,,,0,30,,84625,8,,,0,70,,84624,8,,,0,30,,84622,8,,,0,70,,84617,8,,,0
2600,'STMPSu1-Sunday',601,,84626,8,,,0,45,,84636,8,,,0,85,,84627,8,,,0,85,,84637,8,,,0,85,,84628,8,,,0,45,,84639,8,,,0,85,,84629,8,,,0,85,,84638,8,,,0,85,,84630,8,,,0,45,,84640,8,,,0,85,,84631,8,,,0,86,,84641,8,,,0,85,,84632,8,,,0,45,,84642,8,,,0,85,,84633,8,,,0,85,,84643,8,,,0,85,,84634,8,,,0,45,,84644,8,,,0,84,,84635,8,,,0,85,,84645,8,,,0
2600,'STMPSu2-Sunday',601,,84646,8,,,0,45,,84656,8,,,0,85,,84647,8,,,0,85,,84657,8,,,0,85,,84648,8,,,0,45,,84659,8,,,0,85,,84649,8,,,0,85,,84658,8,,,0,85,,84650,8,,,0,45,,84660,8,,,0,85,,84651,8,,,0,86,,84661,8,,,0,85,,84652,8,,,0,45,,84662,8,,,0,85,,84653,8,,,0,85,,84663,8,,,0,85,,84654,8,,,0,45,,84664,8,,,0,84,,84655,8,,,0,85,,84665,8,,,0
2600,'STMPWeek-Weekday',521,,84666,8,,,0,32,,84667,8,,,0,72,,84668,8,,,0,33,,84669,8,,,0,72,,84670,8,,,0,72,,84671,8,,,0,32,,84672,8,,,0,69,,84673,8,,,0,26,,84675,8,,,0,30,,84676,8,,,0,70,,84677,8,,,0,30,,84674,8,,,0,70,,84678,8,,,0,30,,84679,8,,,0,70,,84680,8,,,0,30,,84681,8,,,0,70,,84682,8,,,0,30,,84684,8,,,0,70,,84685,8,,,0,30,,84686,8,,,0,72,,84683,8,,,0,74,,84687,8,,,0,32,,84688,8,,,0,72,,84689,8,,,0,32,,84690,8,,,0,70,,84692,8,,,0,29,,84693,8,,,0,70,,84694,8,,,0,30,,84695,8,,,0,70,,84697,8,,,0,30,,84699,8,,,0,70,,84698,8,,,0,30,,84696,8,,,0,70,,84691,8,,,0
2600,'STMPar-Weekday',521,,84700,8,,,0,32,,84701,8,,,0,72,,84702,8,,,0,33,,84703,8,,,0,72,,84704,8,,,0,72,,84705,8,,,0,32,,84706,8,,,0,69,,84707,8,,,0,26,,84709,8,,,0,30,,84710,8,,,0,70,,84711,8,,,0,30,,84708,8,,,0,70,,84712,8,,,0,30,,84713,8,,,0,70,,84714,8,,,0,30,,84715,8,,,0,70,,84716,8,,,0,30,,84718,8,,,0,70,,84719,8,,,0,30,,84720,8,,,0,72,,84717,8,,,0,74,,84721,8,,,0,32,,84722,8,,,0,72,,84723,8,,,0,32,,84724,8,,,0,70,,84726,8,,,0,29,,84728,8,,,0,70,,84729,8,,,0,30,,84727,8,,,0,70,,84731,8,,,0,30,,84733,8,,,0,70,,84732,8,,,0,30,,84730,8,,,0,70,,84725,8,,,0
11101,'Saturday',653,,117883,7,,,0,85,,117886,7,,,0,85,,117885,7,,,0,85,,117884,7,,,0,45,,117887,7,,,0,85,,117888,7,,,0,85,,117892,7,,,0,85,,117889,7,,,0,45,,117890,7,,,0,85,,117891,7,,,0,85,,117893,7,,,0,85,,117896,7,,,0,45,,117894,7,,,0,85,,117897,7,,,0,85,,117895,7,,,0,85,,117898,7,,,0,45,,117900,7,,,0,85,,117899,7,,,0,85,,117902,7,,,0,85,,117901,7,,,0
11101,'Sunday',653,,117903,7,,,0,85,,117908,7,,,0,85,,117910,7,,,0,85,,117911,7,,,0,45,,117913,7,,,0,85,,117909,7,,,0,85,,117907,7,,,0,85,,117914,7,,,0,45,,117912,7,,,0,85,,117915,7,,,0,85,,117917,7,,,0,85,,117918,7,,,0,45,,117919,7,,,0,85,,117916,7,,,0,85,,117920,7,,,0,85,,117921,7,,,0,45,,117922,7,,,0,85,,117905,7,,,0,85,,117906,7,,,0,85,,117904,7,,,0
11101,'Weekday',558,,117930,7,,,0,70,,117924,7,,,0,30,,117931,7,,,0,70,,117923,7,,,0,30,,117932,7,,,0,70,,117950,7,,,0,29,,117933,7,,,0,68,,117951,7,,,0,30,,117934,7,,,0,70,,117952,7,,,0,30,,117935,7,,,0,70,,117953,7,,,0,30,,117937,7,,,0,70,,117954,7,,,0,30,,117936,7,,,0,70,,117955,7,,,0,30,,117938,7,,,0,70,,117925,7,,,0,30,,117939,7,,,0,73,,117927,7,,,0,30,,117940,7,,,0,55,,117949,7,,,0,15,,117926,7,,,0,30,,117941,7,,,0,70,,117928,7,,,0,30,,117942,7,,,0,69,,117929,7,,,0,28,,117943,7,,,0,92,,117945,7,,,0,90,,117944,7,,,0,90,,117946,7,,,0,90,,117947,7,,,0,90,,117948,7,,,0
11101,'STMPSa-Saturday',653,,117956,7,,,0,85,,117959,7,,,0,85,,117958,7,,,0,85,,117957,7,,,0,45,,117960,7,,,0,85,,117961,7,,,0,85,,117965,7,,,0,85,,117962,7,,,0,45,,117963,7,,,0,85,,117964,7,,,0,85,,117966,7,,,0,85,,117969,7,,,0,45,,117967,7,,,0,85,,117970,7,,,0,85,,117968,7,,,0,85,,117971,7,,,0,45,,117973,7,,,0,85,,117972,7,,,0,85,,117975,7,,,0,85,,117974,7,,,0
11101,'STMPSnea-Weekday',558,,117983,7,,,0,70,,117977,7,,,0,30,,117984,7,,,0,70,,117976,7,,,0,30,,117985,7,,,0,70,,118003,7,,,0,29,,117986,7,,,0,68,,118004,7,,,0,30,,117987,7,,,0,70,,118005,7,,,0,30,,117988,7,,,0,70,,118006,7,,,0,30,,117990,7,,,0,70,,118007,7,,,0,30,,117989,7,,,0,70,,118008,7,,,0,30,,117991,7,,,0,70,,117978,7,,,0,30,,117992,7,,,0,73,,117980,7,,,0,30,,117993,7,,,0,55,,118002,7,,,0,15,,117979,7,,,0,30,,117994,7,,,0,70,,117981,7,,,0,30,,117995,7,,,0,69,,117982,7,,,0,28,,117996,7,,,0,92,,117998,7,,,0,90,,117997,7,,,0,90,,117999,7,,,0,90,,118000,7,,,0,90,,118001,7,,,0
11101,'STMPSu1-Sunday',653,,118009,7,,,0,85,,118014,7,,,0,85,,118016,7,,,0,85,,118017,7,,,0,45,,118019,7,,,0,85,,118015,7,,,0,85,,118013,7,,,0,85,,118020,7,,,0,45,,118018,7,,,0,85,,118021,7,,,0,85,,118023,7,,,0,85,,118024,7,,,0,45,,118025,7,,,0,85,,118022,7,,,0,85,,118026,7,,,0,85,,118027,7,,,0,45,,118028,7,,,0,85,,118011,7,,,0,85,,118012,7,,,0,85,,118010,7,,,0
11101,'STMPSu2-Sunday',653,,118029,7,,,0,85,,118034,7,,,0,85,,118036,7,,,0,85,,118037,7,,,0,45,,118039,7,,,0,85,,118035,7,,,0,85,,118033,7,,,0,85,,118040,7,,,0,45,,118038,7,,,0,85,,118041,7,,,0,85,,118043,7,,,0,85,,118044,7,,,0,45,,118045,7,,,0,85,,118042,7,,,0,85,,118046,7,,,0,85,,118047,7,,,0,45,,118048,7,,,0,85,,118031,7,,,0,85,,118032,7,,,0,85,,118030,7,,,0
11101,'STMPWeek-Weekday',558,,118056,7,,,0,70,,118050,7,,,0,30,,118057,7,,,0,70,,118049,7,,,0,30,,118058,7,,,0,70,,118076,7,,,0,29,,118059,7,,,0,68,,118077,7,,,0,30,,118060,7,,,0,70,,118078,7,,,0,30,,118061,7,,,0,70,,118079,7,,,0,30,,118063,7,,,0,70,,118080,7,,,0,30,,118062,7,,,0,70,,118081,7,,,0,30,,118064,7,,,0,70,,118051,7,,,0,30,,118065,7,,,0,73,,118053,7,,,0,30,,118066,7,,,0,55,,118075,7,,,0,15,,118052,7,,,0,30,,118067,7,,,0,70,,118054,7,,,0,30,,118068,7,,,0,69,,118055,7,,,0,28,,118069,7,,,0,92,,118071,7,,,0,90,,118070,7,,,0,90,,118072,7,,,0,90,,118073,7,,,0,90,,118074,7,,,0
11101,'STMPar-Weekday',558,,118089,7,,,0,70,,118083,7,,,0,30,,118090,7,,,0,70,,118082,7,,,0,30,,118091,7,,,0,70,,118109,7,,,0,29,,118092,7,,,0,68,,118110,7,,,0,30,,118093,7,,,0,70,,118111,7,,,0,30,,118094,7,,,0,70,,118112,7,,,0,30,,118096,7,,,0,70,,118113,7,,,0,30,,118095,7,,,0,70,,118114,7,,,0,30,,118097,7,,,0,70,,118084,7,,,0,30,,118099,7,,,0,73,,118086,7,,,0,30,,118098,7,,,0,55,,118108,7,,,0,15,,118085,7,,,0,30,,118100,7,,,0,70,,118087,7,,,0,30,,118101,7,,,0,69,,118088,7,,,0,28,,118102,7,,,0,92,,118104,7,,,0,90,,118103,7,,,0,90,,118106,7,,,0,90,,118105,7,,,0,90,,118107,7,,,0
