'2024JU-1BUSSA-Saturday-01',4000,75700,,'',0,7500,,'',0,7500,,'',0,3500,,'',0,7500,,'',0,3500,,'',0,7500,,'',0,7500,,'',0,3500,,'',0,7500,,'',0,3500,,'',0,7500,,'',0,3500,,'',0,7500,,'',0,7500,,'',0,3500,,'',0,7500,,'',0,3500,,'',0,7500,,'',0
'2024JU-1BUSSA-Saturday-01',4001,74900,4,'',0,7500,4,'',0,3500,4,'',0,7500,4,'',0,7500,4,'',0,3500,4,'',0,7500,4,'',0,3500,4,'',0,7500,4,'',0,7500,4,'',0,3500,4,'',0,7500,4,'',0,3500,4,'',0,7500,4,'',0,3500,4,'',0,7500,4,'',0,7500,4,'',0,3500,4,'',0,7500,4,'',0,3500,4,'',0
'2024JU-1BUSSU-Sunday-01',4000,75700,,'',0,7500,,'',0,7500,,'',0,3500,,'',0,7500,,'',0,3500,,'',0,7500,,'',0,7500,,'',0,3500,,'',0,7500,,'',0,3500,,'',0,7500,,'',0,3500,,'',0,7500,,'',0,7500,,'',0,3500,,'',0,7500,,'',0,3500,,'',0,7500,,'',0
'2024JU-1BUSSU-Sunday-01',4001,74900,4,'',0,7500,4,'',0,3500,4,'',0,7500,4,'',0,7500,4,'',0,3500,4,'',0,7500,4,'',0,3500,4,'',0,7500,4,'',0,7500,4,'',0,3500,4,'',0,7500,4,'',0,3500,4,'',0,7500,4,'',0,3500,4,'',0,7500,4,'',0,7500,4,'',0,3500,4,'',0,7500,4,'',0,3500,4,'',0
'2024JU-1BUSWK-Weekday-01',4000,60800,,'',0,3600,,'',0,7500,,'',0,3500,,'',0,7500,,'',0,7500,,'',0,3500,,'',0,7500,,'',0,3500,,'',0,7500,,'',0,3500,,'',0,7500,,'',0,7500,,'',0,3500,,'',0,7500,,'',0,3500,,'',0,7500,,'',0,7500,,'',0,3500,,'',0,7500,,'',0,3500,,'',0,7500,,'',0,3500,,'',0,7500,,'',0,7500,,'',0,3500,,'',0,7500,,'',0,3500,,'',0,7200,,'',0
'2024JU-1BUSWK-Weekday-01',4001,64100,4,'',0,7200,4,'',0,3500,4,'',0,7500,4,'',0,3500,4,'',0,7500,4,'',0,7500,4,'',0,3500,4,'',0,7500,4,'',0,3500,4,'',0,7500,4,'',0,7500,4,'',0,3500,4,'',0,7500,4,'',0,3500,4,'',0,7500,4,'',0,7900,4,'',0,3500,4,'',0,7500,4,'',0,3500,4,'',0,7600,4,'',0,3000,4,'',0,7400,4,'',0,7400,4,'',0,3500,4,'',0,7500,4,'',0,3500,4,'',0,7700,4,'',0,7800,4,'',0,3500,4,'',0
'2024JU-STMPPar-Weekday-01',4000,60800,,'',0,3600,,'',0,7500,,'',0,3500,,'',0,7500,,'',0,7500,,'',0,3500,,'',0,7500,,'',0,3500,,'',0,7500,,'',0,3500,,'',0,7500,,'',0,7500,,'',0,3500,,'',0,7500,,'',0,3500,,'',0,7500,,'',0,7500,,'',0,3500,,'',0,7500,,'',0,3500,,'',0,7500,,'',0,3500,,'',0,7500,,'',0,7500,,'',0,3500,,'',0,7500,,'',0,3500,,'',0,7200,,'',0
'2024JU-STMPPar-Weekday-01',4001,64100,4,'',0,7200,4,'',0,3500,4,'',0,7500,4,'',0,3500,4,'',0,7500,4,'',0,7500,4,'',0,3500,4,'',0,7500,4,'',0,3500,4,'',0,7500,4,'',0,7500,4,'',0,3500,4,'',0,7500,4,'',0,3500,4,'',0,7500,4,'',0,7900,4,'',0,3500,4,'',0,7500,4,'',0,3500,4,'',0,7600,4,'',0,3000,4,'',0,7400,4,'',0,7400,4,'',0,3500,4,'',0,7500,4,'',0,3500,4,'',0,7700,4,'',0,7800,4,'',0,3500,4,'',0
'2024JU-STMPSat-Saturday-01',4000,75700,,'',0,7500,,'',0,7500,,'',0,3500,,'',0,7500,,'',0,3500,,'',0,7500,,'',0,7500,,'',0,3500,,'',0,7500,,'',0,3500,,'',0,7500,,'',0,3500,,'',0,7500,,'',0,7500,,'',0,3500,,'',0,7500,,'',0,3500,,'',0,7500,,'',0
'2024JU-STMPSat-Saturday-01',4001,74900,4,'',0,7500,4,'',0,3500,4,'',0,7500,4,'',0,7500,4,'',0,3500,4,'',0,7500,4,'',0,3500,4,'',0,7500,4,'',0,7500,4,'',0,3500,4,'',0,7500,4,'',0,3500,4,'',0,7500,4,'',0,3500,4,'',0,7500,4,'',0,7500,4,'',0,3500,4,'',0,7500,4,'',0,3500,4,'',0
'2024JU-STMPSnea-Weekday-01',4000,60800,,'',0,3600,,'',0,7500,,'',0,3500,,'',0,7500,,'',0,7500,,'',0,3500,,'',0,7500,,'',0,3500,,'',0,7500,,'',0,3500,,'',0,7500,,'',0,7500,,'',0,3500,,'',0,7500,,'',0,3500,,'',0,7500,,'',0,7500,,'',0,3500,,'',0,7500,,'',0,3500,,'',0,7500,,'',0,3500,,'',0,7500,,'',0,7500,,'',0,3500,,'',0,7500,,'',0,3500,,'',0,7200,,'',0
'2024JU-STMPSnea-Weekday-01',4001,64100,4,'',0,7200,4,'',0,3500,4,'',0,7500,4,'',0,3500,4,'',0,7500,4,'',0,7500,4,'',0,3500,4,'',0,7500,4,'',0,3500,4,'',0,7500,4,'',0,7500,4,'',0,3500,4,'',0,7500,4,'',0,3500,4,'',0,7500,4,'',0,7900,4,'',0,3500,4,'',0,7500,4,'',0,3500,4,'',0,7600,4,'',0,3000,4,'',0,7400,4,'',0,7400,4,'',0,3500,4,'',0,7500,4,'',0,3500,4,'',0,7700,4,'',0,7800,4,'',0,3500,4,'',0
'2024JU-STMPSu1-Sunday-01',4000,75700,,'',0,7500,,'',0,7500,,'',0,3500,,'',0,7500,,'',0,3500,,'',0,7500,,'',0,7500,,'',0,3500,,'',0,7500,,'',0,3500,,'',0,7500,,'',0,3500,,'',0,7500,,'',0,7500,,'',0,3500,,'',0,7500,,'',0,3500,,'',0,7500,,'',0
'2024JU-STMPSu1-Sunday-01',4001,74900,4,'',0,7500,4,'',0,3500,4,'',0,7500,4,'',0,7500,4,'',0,3500,4,'',0,7500,4,'',0,3500,4,'',0,7500,4,'',0,7500,4,'',0,3500,4,'',0,7500,4,'',0,3500,4,'',0,7500,4,'',0,3500,4,'',0,7500,4,'',0,7500,4,'',0,3500,4,'',0,7500,4,'',0,3500,4,'',0
'2024JU-STMPSu2-Sunday-01',4000,75700,,'',0,7500,,'',0,7500,,'',0,3500,,'',0,7500,,'',0,3500,,'',0,7500,,'',0,7500,,'',0,3500,,'',0,7500,,'',0,3500,,'',0,7500,,'',0,3500,,'',0,7500,,'',0,7500,,'',0,3500,,'',0,7500,,'',0,3500,,'',0,7500,,'',0
'2024JU-STMPSu2-Sunday-01',4001,74900,4,'',0,7500,4,'',0,3500,4,'',0,7500,4,'',0,7500,4,'',0,3500,4,'',0,7500,4,'',0,3500,4,'',0,7500,4,'',0,7500,4,'',0,3500,4,'',0,7500,4,'',0,3500,4,'',0,7500,4,'',0,3500,4,'',0,7500,4,'',0,7500,4,'',0,3500,4,'',0,7500,4,'',0,3500,4,'',0
'2024JU-STMPWeek-Weekday-01',4000,60800,,'',0,3600,,'',0,7500,,'',0,3500,,'',0,7500,,'',0,7500,,'',0,3500,,'',0,7500,,'',0,3500,,'',0,7500,,'',0,3500,,'',0,7500,,'',0,7500,,'',0,3500,,'',0,7500,,'',0,3500,,'',0,7500,,'',0,7500,,'',0,3500,,'',0,7500,,'',0,3500,,'',0,7500,,'',0,3500,,'',0,7500,,'',0,7500,,'',0,3500,,'',0,7500,,'',0,3500,,'',0,7200,,'',0
'2024JU-STMPWeek-Weekday-01',4001,64100,4,'',0,7200,4,'',0,3500,4,'',0,7500,4,'',0,3500,4,'',0,7500,4,'',0,7500,4,'',0,3500,4,'',0,7500,4,'',0,3500,4,'',0,7500,4,'',0,7500,4,'',0,3500,4,'',0,7500,4,'',0,3500,4,'',0,7500,4,'',0,7900,4,'',0,3500,4,'',0,7500,4,'',0,3500,4,'',0,7600,4,'',0,3000,4,'',0,7400,4,'',0,7400,4,'',0,3500,4,'',0,7500,4,'',0,3500,4,'',0,7700,4,'',0,7800,4,'',0,3500,4,'',0
