7900,'Weekday',425,,45435,2,,,0,25,,45459,2,,,0,64,,45456,2,,,0,24,,45457,2,,,0,64,,45443,2,,,0,24,,45460,2,,,0,24,,45446,2,,,0,64,,45448,2,,,0,24,,45439,2,,,0,64,,45437,2,,,0,25,,45455,2,,,0,32,,45450,2,,,0,72,,45453,2,,,0,72,,45441,2,,,0,32,,45434,2,,,0,72,,45447,2,,,0,32,,45430,2,,,0,72,,45458,2,,,0,32,,45444,2,,,0,72,,45451,2,,,0,32,,45436,2,,,0,72,,45442,2,,,0,24,,45440,2,,,0,64,,45445,2,,,0,24,,45438,2,,,0,26,,45431,2,,,0,62,,45432,2,,,0,24,,45454,2,,,0,64,,45461,2,,,0,24,,45449,2,,,0,24,,45462,2,,,0,64,,45433,2,,,0,24,,45452,2,,,0
7900,'Weekday0000100',1341,,45463,2,,,0
7900,'1CCSDCUT-Weekday',425,,45469,2,,,0,25,,45493,2,,,0,64,,45490,2,,,0,24,,45491,2,,,0,64,,45477,2,,,0,24,,45494,2,,,0,24,,45480,2,,,0,64,,45482,2,,,0,24,,45473,2,,,0,64,,45471,2,,,0,25,,45489,2,,,0,32,,45484,2,,,0,72,,45487,2,,,0,72,,45475,2,,,0,32,,45468,2,,,0,72,,45481,2,,,0,32,,45464,2,,,0,72,,45492,2,,,0,32,,45478,2,,,0,72,,45485,2,,,0,32,,45470,2,,,0,72,,45476,2,,,0,24,,45474,2,,,0,64,,45479,2,,,0,24,,45472,2,,,0,26,,45465,2,,,0,62,,45466,2,,,0,24,,45488,2,,,0,64,,45495,2,,,0,24,,45483,2,,,0,24,,45496,2,,,0,64,,45467,2,,,0,24,,45486,2,,,0
7900,'1CCSDCUT-Weekday0000100',1341,,45497,2,,,0
7900,'1PUBCUT-Weekday',425,,45503,2,,,0,25,,45527,2,,,0,64,,45524,2,,,0,24,,45525,2,,,0,64,,45511,2,,,0,24,,45528,2,,,0,24,,45514,2,,,0,64,,45516,2,,,0,24,,45507,2,,,0,64,,45505,2,,,0,25,,45523,2,,,0,32,,45518,2,,,0,72,,45521,2,,,0,72,,45509,2,,,0,32,,45502,2,,,0,72,,45515,2,,,0,32,,45498,2,,,0,72,,45526,2,,,0,32,,45512,2,,,0,72,,45519,2,,,0,32,,45504,2,,,0,72,,45510,2,,,0,24,,45508,2,,,0,64,,45513,2,,,0,24,,45506,2,,,0,26,,45499,2,,,0,62,,45500,2,,,0,24,,45522,2,,,0,64,,45529,2,,,0,24,,45517,2,,,0,24,,45530,2,,,0,64,,45501,2,,,0,24,,45520,2,,,0
7900,'1PUBCUT-Weekday0000100',1341,,45531,2,,,0
86600,'Weekday0000100',1438,,69091,8,0,17 18 19 1 20,0
86600,'Weekday1111000',1554,,69093,8,0,17 18 19 1 20,0
86600,'1PUBCUT-Weekday0000100',1438,,69095,8,0,17 18 19 1 20,0
86600,'1PUBCUT-Weekday1111000',1554,,69097,8,0,17 18 19 1 20,0
86601,'Weekday',810,,69099,2,0,17 18 19 1 20,0
86601,'1PUBCUT-Weekday',810,,69101,2,0,17 18 19 1 20,0
87900,'Weekday',741,,69135,2,0,213 38 214 1 20,0
87900,'1PUBCUT-Weekday',741,,69137,2,0,213 38 214 1 20,0
87901,'Weekday',1453,,69139,3,0,213 38 214 1 20,0
87901,'1PUBCUT-Weekday',1453,,69141,3,0,213 38 214 1 20,0
