13801,'Saturday',602,,58000,10,,,0,34,,57975,10,,,0,80,,57974,10,,,0,40,,57976,10,,,0,80,,57979,10,,,0,80,,57980,10,,,0,40,,57981,10,,,0,80,,57978,10,,,0,80,,57982,10,,,0,40,,57977,10,,,0,80,,57984,10,,,0,80,,57985,10,,,0,40,,57986,10,,,0,80,,57983,10,,,0,80,,57987,10,,,0,40,,57988,10,,,0,80,,57989,10,,,0,80,,57990,10,,,0,40,,57991,10,,,0,80,,57992,10,,,0,80,,57993,10,,,0,40,,57994,10,,,0,80,,57995,10,,,0,80,,57997,10,,,0,40,,57996,10,,,0,80,,57999,10,,,0,80,,57998,10,,,0,40,,58001,10,,,0
13801,'Sunday',602,,58002,10,,,0,34,,58011,10,,,0,80,,58021,10,,,0,40,,58003,10,,,0,80,,58012,10,,,0,80,,58022,10,,,0,40,,58004,10,,,0,80,,58013,10,,,0,80,,58023,10,,,0,40,,58005,10,,,0,80,,58014,10,,,0,80,,58024,10,,,0,40,,58006,10,,,0,80,,58015,10,,,0,80,,58025,10,,,0,40,,58007,10,,,0,80,,58016,10,,,0,80,,58026,10,,,0,40,,58008,10,,,0,80,,58017,10,,,0,80,,58027,10,,,0,40,,58009,10,,,0,80,,58018,10,,,0,80,,58028,10,,,0,40,,58010,10,,,0,80,,58019,10,,,0,80,,58020,10,,,0
13801,'Weekday',452,,58045,10,,,0,70,,58053,10,,,0,30,,58029,10,,,0,69,,58035,10,,,0,30,,58046,10,,,0,70,,58054,10,,,0,16,,58067,10,,,0,15,,58030,10,,,0,70,,58036,10,,,0,30,,58047,10,,,0,70,,58055,10,,,0,32,,58031,10,,,0,70,,58037,10,,,0,30,,58048,10,,,0,70,,58056,10,,,0,30,,58032,10,,,0,70,,58038,10,,,0,30,,58049,10,,,0,70,,58057,10,,,0,30,,58033,10,,,0,70,,58039,10,,,0,30,,58050,10,,,0,72,,58058,10,,,0,32,,58034,10,,,0,70,,58040,10,,,0,30,,58051,10,,,0,72,,58059,10,,,0,27,,58041,10,,,0,68,,58052,10,,,0,29,,58062,10,,,0,70,,58042,10,,,0,30,,58065,10,,,0,70,,58060,10,,,0,30,,58063,10,,,0,70,,58043,10,,,0,30,,58066,10,,,0,70,,58061,10,,,0,30,,58064,10,,,0,70,,58044,10,,,0,30,,58068,10,,,0
13801,'1CCSDCUT-Weekday',452,,58085,10,,,0,70,,58093,10,,,0,30,,58069,10,,,0,69,,58075,10,,,0,30,,58086,10,,,0,70,,58094,10,,,0,16,,58107,10,,,0,15,,58070,10,,,0,70,,58076,10,,,0,30,,58087,10,,,0,70,,58095,10,,,0,32,,58071,10,,,0,70,,58077,10,,,0,30,,58088,10,,,0,70,,58096,10,,,0,30,,58072,10,,,0,70,,58078,10,,,0,30,,58089,10,,,0,70,,58097,10,,,0,30,,58073,10,,,0,70,,58079,10,,,0,30,,58090,10,,,0,72,,58098,10,,,0,32,,58074,10,,,0,70,,58080,10,,,0,30,,58091,10,,,0,72,,58099,10,,,0,27,,58081,10,,,0,68,,58092,10,,,0,29,,58102,10,,,0,70,,58082,10,,,0,30,,58105,10,,,0,70,,58100,10,,,0,30,,58103,10,,,0,70,,58083,10,,,0,30,,58106,10,,,0,70,,58101,10,,,0,30,,58104,10,,,0,70,,58084,10,,,0,30,,58108,10,,,0
77400,'Weekday',746,,68741,18,0,125 6 128 129,0
77400,'1CCSDCUT-Weekday',746,,68743,18,0,125 6 128 129,0
80100,'Weekday',820,,68869,10,0,127 128 129,0
80101,'Weekday',1553,,68871,12,0,127 128 129,0
81400,'Weekday',814,,68916,9,0,12 13 128 129,0
81401,'Weekday0000100',1458,,68918,16,0,12 13 128 129,0
81401,'Weekday1111000',1558,,68919,16,0,12 13 128 129,0
