6200,'Weekday',1654,,41858,21,,,0,73,,41857,21,,,0,75,,41859,21,,,0
6200,'1CCSDCUT-Weekday',1655,,41861,21,,,0,72,,41860,21,,,0,75,,41862,21,,,0
6200,'1PUBCUT-Weekday',1655,,41864,21,,,0,72,,41863,21,,,0,75,,41865,21,,,0
6201,'Weekday',609,,41866,7,,,0,26,,41867,7,,,0,68,,41868,7,,,0
6201,'1CCSDCUT-Weekday',609,,41869,7,,,0,26,,41870,7,,,0,68,,41871,7,,,0
6201,'1PUBCUT-Weekday',609,,41872,7,,,0,26,,41873,7,,,0,68,,41874,7,,,0
11800,'Saturday',723,,54089,7,,,0,28,,54063,13,,,0,70,,54060,13,,,0,30,,54061,13,,,0,70,,54065,13,,,0,30,,54070,13,,,0,70,,54071,13,,,0,30,,54067,13,,,0,70,,54066,13,,,0,30,,54068,13,,,0,70,,54064,13,,,0,30,,54072,13,,,0,70,,54076,13,,,0,30,,54077,13,,,0,70,,54073,13,,,0,30,,54069,13,,,0,70,,54074,13,,,0,30,,54062,13,,,0,70,,54075,13,,,0,30,,54079,13,,,0,70,,54078,13,,,0,30,,54081,13,,,0,70,,54082,13,,,0,30,,54083,13,,,0,70,,54080,13,,,0,30,,54084,13,,,0,70,,54085,13,,,0,30,,54086,13,,,0,70,,54087,13,,,0,30,,54088,13,,,0,70,,54090,13,,,0
11800,'Sunday',751,,54118,7,,,0,70,,54091,13,,,0,30,,54094,13,,,0,70,,54092,13,,,0,30,,54095,13,,,0,70,,54096,13,,,0,30,,54097,13,,,0,70,,54099,13,,,0,30,,54100,13,,,0,70,,54101,13,,,0,30,,54098,13,,,0,70,,54093,13,,,0,30,,54102,13,,,0,70,,54103,13,,,0,30,,54104,13,,,0,70,,54105,13,,,0,30,,54106,13,,,0,70,,54108,13,,,0,30,,54109,13,,,0,70,,54110,13,,,0,30,,54107,13,,,0,70,,54111,13,,,0,30,,54112,13,,,0,70,,54113,13,,,0,30,,54114,13,,,0,70,,54115,13,,,0,30,,54116,13,,,0,70,,54117,13,,,0,30,,54119,13,,,0,70,,54120,13,,,0
11800,'Weekday',500,,54124,7,,,0,42,,54126,13,,,0,78,,54121,13,,,0,30,,54122,13,,,0,70,,54123,13,,,0,30,,54127,13,,,0,70,,54125,13,,,0,29,,54128,13,,,0,69,,54129,13,,,0,30,,54130,13,,,0,70,,54131,13,,,0,30,,54132,13,,,0,70,,54134,13,,,0,30,,54135,13,,,0,70,,54136,13,,,0,30,,54133,13,,,0,70,,54137,13,,,0,30,,54138,13,,,0,70,,54139,13,,,0,30,,54140,13,,,0,71,,54141,13,,,0,32,,54142,13,,,0,70,,54145,13,,,0,30,,54147,13,,,0,70,,54143,13,,,0,30,,54144,13,,,0,74,,54146,13,,,0,29,,54148,13,,,0,70,,54149,13,,,0,30,,54151,13,,,0,70,,54152,13,,,0,30,,54153,13,,,0,70,,54150,13,,,0,30,,54154,13,,,0,70,,54155,13,,,0,30,,54156,13,,,0,70,,54157,13,,,0
11800,'1CCSDCUT-Weekday',500,,54161,7,,,0,42,,54163,13,,,0,78,,54158,13,,,0,30,,54159,13,,,0,70,,54160,13,,,0,30,,54164,13,,,0,70,,54162,13,,,0,29,,54165,13,,,0,69,,54166,13,,,0,30,,54167,13,,,0,70,,54168,13,,,0,30,,54169,13,,,0,70,,54171,13,,,0,30,,54172,13,,,0,70,,54173,13,,,0,30,,54170,13,,,0,70,,54174,13,,,0,30,,54175,13,,,0,70,,54176,13,,,0,30,,54177,13,,,0,71,,54178,13,,,0,32,,54179,13,,,0,70,,54182,13,,,0,30,,54184,13,,,0,70,,54180,13,,,0,30,,54181,13,,,0,74,,54183,13,,,0,29,,54185,13,,,0,70,,54186,13,,,0,30,,54188,13,,,0,70,,54189,13,,,0,30,,54190,13,,,0,70,,54187,13,,,0,30,,54191,13,,,0,70,,54192,13,,,0,30,,54193,13,,,0,70,,54194,13,,,0
11800,'1PUBCUT-Weekday',500,,54198,7,,,0,42,,54200,13,,,0,78,,54195,13,,,0,30,,54196,13,,,0,70,,54197,13,,,0,30,,54201,13,,,0,70,,54199,13,,,0,29,,54202,13,,,0,69,,54203,13,,,0,30,,54204,13,,,0,70,,54205,13,,,0,30,,54206,13,,,0,70,,54208,13,,,0,30,,54209,13,,,0,70,,54210,13,,,0,30,,54207,13,,,0,70,,54211,13,,,0,30,,54212,13,,,0,70,,54213,13,,,0,30,,54214,13,,,0,71,,54215,13,,,0,32,,54216,13,,,0,70,,54219,13,,,0,30,,54221,13,,,0,70,,54217,13,,,0,30,,54218,13,,,0,74,,54220,13,,,0,29,,54222,13,,,0,70,,54223,13,,,0,30,,54225,13,,,0,70,,54226,13,,,0,30,,54227,13,,,0,70,,54224,13,,,0,30,,54228,13,,,0,70,,54229,13,,,0,30,,54230,13,,,0,70,,54231,13,,,0
