2000,'Saturday',655,,3651,37,,,0,69,,3670,37,,,0,28,,3657,37,,,0,68,,3663,37,,,0,28,,3678,37,,,0,68,,3683,37,,,0,30,,3652,37,,,0,68,,3671,37,,,0,28,,3658,37,,,0,68,,3665,37,,,0,28,,3677,37,,,0,68,,3684,37,,,0,28,,3650,37,,,0,68,,3673,37,,,0,28,,3659,37,,,0,28,,3666,37,,,0,68,,3679,37,,,0,28,,3685,37,,,0,68,,3653,37,,,0,28,,3672,37,,,0,68,,3660,37,,,0,28,,3667,37,,,0,68,,3680,37,,,0,28,,3686,37,,,0,68,,3654,37,,,0,28,,3674,37,,,0,68,,3661,37,,,0,28,,3668,37,,,0,68,,3682,37,,,0,27,,3687,37,,,0,27,,3656,37,,,0,68,,3675,37,,,0,28,,3662,37,,,0,68,,3669,37,,,0,28,,3681,37,,,0,68,,3688,37,,,0,28,,3655,37,,,0,68,,3676,37,,,0,27,,3664,37,,,0
2000,'Sunday',655,,3689,37,,,0,69,,3708,37,,,0,28,,3696,37,,,0,68,,3702,37,,,0,28,,3715,37,,,0,68,,3722,37,,,0,30,,3690,37,,,0,68,,3709,37,,,0,28,,3697,37,,,0,68,,3703,37,,,0,28,,3716,37,,,0,68,,3721,37,,,0,28,,3691,37,,,0,68,,3710,37,,,0,28,,3698,37,,,0,28,,3704,37,,,0,68,,3717,37,,,0,28,,3723,37,,,0,68,,3692,37,,,0,28,,3711,37,,,0,68,,3700,37,,,0,28,,3705,37,,,0,68,,3718,37,,,0,28,,3725,37,,,0,68,,3693,37,,,0,28,,3712,37,,,0,68,,3699,37,,,0,28,,3706,37,,,0,68,,3719,37,,,0,27,,3724,37,,,0,27,,3695,37,,,0,68,,3713,37,,,0,28,,3701,37,,,0,68,,3707,37,,,0,28,,3720,37,,,0,68,,3726,37,,,0,28,,3694,37,,,0,68,,3714,37,,,0
2000,'Weekday',520,,3727,22,,,0,23,,3737,22,,,0,66,,3741,37,,,0,30,,3755,37,,,0,66,,3749,37,,,0,16,,3761,37,,,0,14,,3735,37,,,0,14,,3763,37,,,0,54,,3728,37,,,0,14,,3765,37,,,0,14,,3736,37,,,0,13,,3760,37,,,0,13,,3742,37,,,0,54,,3762,37,,,0,12,,3753,37,,,0,14,,3764,37,,,0,14,,3751,37,,,0,68,,3766,37,,,0,28,,3729,37,,,0,68,,3738,37,,,0,28,,3743,37,,,0,68,,3756,37,,,0,28,,3750,37,,,0,68,,3767,37,,,0,28,,3730,37,,,0,68,,3739,37,,,0,28,,3744,37,,,0,28,,3757,37,,,0,70,,3752,37,,,0,3,,3772,22,,,0,20,,3777,22,,,0,5,,3768,37,,,0,54,,3775,37,,,0,14,,3731,37,,,0,14,,3782,37,,,0,14,,3740,37,,,0,54,,3786,37,,,0,14,,3746,37,,,0,13,,3773,37,,,0,12,,3778,37,,,0,54,,3758,37,,,0,14,,3754,37,,,0,14,,3774,37,,,0,13,,3769,37,,,0,14,,3776,37,,,0,54,,3732,37,,,0,13,,3783,37,,,0,28,,3745,37,,,0,68,,3779,37,,,0,28,,3759,37,,,0,68,,3770,37,,,0,28,,3733,37,,,0,68,,3784,37,,,0,28,,3747,37,,,0,75,,3780,37,,,0,27,,3771,37,,,0,70,,3734,37,,,0,30,,3785,37,,,0,70,,3748,37,,,0
2000,'Weekday0000100',1453,,3787,22,,,0
3800,'Saturday',434,,6290,4,,,0,68,,6300,4,,,0,28,,6311,4,,,0,23,,6320,4,,,0,62,,6327,4,,,0,21,,6291,4,,,0,22,,6301,4,,,0,64,,6310,4,,,0,23,,6322,4,,,0,61,,6328,4,,,0,21,,6292,4,,,0,22,,6302,4,,,0,66,,6312,4,,,0,22,,6321,4,,,0,21,,6329,4,,,0,61,,6293,4,,,0,22,,6303,4,,,0,60,,6337,4,,,0,20,,6313,4,,,0,22,,6323,4,,,0,63,,6330,4,,,0,23,,6294,4,,,0,23,,6304,4,,,0,62,,6338,4,,,0,21,,6314,4,,,0,22,,6324,4,,,0,63,,6331,4,,,0,23,,6295,4,,,0,63,,6305,4,,,0,21,,6339,4,,,0,21,,6315,4,,,0,62,,6325,4,,,0,22,,6332,4,,,0,22,,6296,4,,,0,62,,6306,4,,,0,22,,6340,4,,,0,21,,6316,4,,,0,61,,6326,4,,,0,23,,6333,4,,,0,61,,6297,4,,,0,23,,6307,4,,,0,24,,6341,4,,,0,64,,6317,4,,,0,24,,6334,4,,,0,64,,6298,4,,,0,24,,6308,4,,,0,24,,6342,4,,,0,64,,6318,4,,,0,24,,6335,4,,,0,64,,6299,4,,,0,24,,6309,4,,,0,24,,6343,4,,,0,64,,6319,4,,,0,24,,6336,4,,,0
3800,'Sunday',434,,6345,4,,,0,68,,6372,4,,,0,28,,6355,4,,,0,23,,6365,4,,,0,62,,6382,4,,,0,21,,6346,4,,,0,22,,6373,4,,,0,64,,6356,4,,,0,23,,6366,4,,,0,61,,6383,4,,,0,21,,6347,4,,,0,22,,6374,4,,,0,66,,6357,4,,,0,22,,6367,4,,,0,21,,6385,4,,,0,61,,6348,4,,,0,22,,6375,4,,,0,60,,6393,4,,,0,20,,6358,4,,,0,22,,6369,4,,,0,63,,6384,4,,,0,23,,6349,4,,,0,23,,6377,4,,,0,62,,6394,4,,,0,21,,6359,4,,,0,22,,6368,4,,,0,63,,6386,4,,,0,23,,6350,4,,,0,63,,6376,4,,,0,21,,6395,4,,,0,21,,6360,4,,,0,62,,6370,4,,,0,22,,6387,4,,,0,22,,6352,4,,,0,62,,6378,4,,,0,22,,6396,4,,,0,21,,6361,4,,,0,61,,6371,4,,,0,23,,6388,4,,,0,61,,6351,4,,,0,23,,6379,4,,,0,24,,6397,4,,,0,64,,6362,4,,,0,24,,6389,4,,,0,64,,6353,4,,,0,24,,6380,4,,,0,24,,6398,4,,,0,64,,6363,4,,,0,24,,6390,4,,,0,64,,6354,4,,,0,24,,6381,4,,,0,24,,6399,4,,,0,64,,6364,4,,,0,24,,6391,4,,,0
3800,'Weekday',424,,6413,4,,,0,14,,6420,4,,,0,14,,6421,4,,,0,53,,6422,4,,,0,13,,6423,4,,,0,14,,6425,4,,,0,14,,6427,4,,,0,54,,6428,4,,,0,14,,6424,4,,,0,13,,6429,4,,,0,13,,6426,4,,,0,13,,6430,4,,,0,53,,6431,4,,,0,12,,6433,4,,,0,13,,6434,4,,,0,14,,6435,4,,,0,55,,6432,4,,,0,15,,6436,4,,,0,15,,6437,4,,,0,10,,6417,4,0,121 47,0,6,,6438,4,,,0,57,,6439,4,,,0,19,,6408,4,,,0,15,,6405,4,,,0,18,,6402,4,,,0,58,,6418,4,,,0,18,,6414,4,,,0,18,,6400,4,,,0,58,,6411,4,,,0,18,,6409,4,,,0,17,,6406,4,,,0,17,,6403,4,,,0,59,,6415,4,,,0,18,,6419,4,,,0,17,,6401,4,,,0,58,,6412,4,,,0,18,,6410,4,,,0,16,,6407,4,,,0,56,,6404,4,,,0,13,,6416,4,,,0,15,,6440,4,,,0,15,,6456,4,,,0,14,,6441,4,,,0,55,,6442,4,,,0,15,,6445,4,,,0,15,,6444,4,,,0,15,,6446,4,,,0,56,,6443,4,,,0,15,,6448,4,,,0,16,,6447,4,,,0,55,,6449,4,,,0,15,,6450,4,,,0,14,,6452,4,,,0,15,,6451,4,,,0,14,,6454,4,,,0,54,,6453,4,,,0,15,,6455,4,,,0,24,,6457,4,,,0,64,,6458,4,,,0,24,,6459,4,,,0,64,,6460,4,,,0,24,,6461,4,,,0,23,,6462,4,,,0,64,,6463,4,,,0,24,,6464,4,,,0,64,,6465,4,,,0,23,,6466,4,,,0,23,,6467,4,,,0,63,,6468,4,,,0,24,,6469,4,,,0,24,,6470,4,,,0,63,,6471,4,,,0,22,,6472,4,,,0,62,,6473,4,,,0
3800,'Weekday0000100',858,,6476,4,0,121 47,0,564,,6475,4,,,0
3800,'Weekday1111000',835,,6479,4,0,121 47,0,683,,6480,4,,,0,7,,6477,4,,,0
6501,'Saturday',656,,9702,20,,,0,83,,9715,20,,,0,80,,9703,20,,,0,40,,9716,20,,,0,80,,9704,20,,,0,80,,9718,20,,,0,40,,9705,20,,,0,80,,9717,20,,,0,80,,9707,20,,,0,40,,9719,20,,,0,80,,9706,20,,,0,80,,9720,20,,,0,40,,9708,20,,,0,80,,9721,20,,,0,80,,9709,20,,,0,40,,9723,20,,,0,80,,9710,20,,,0,80,,9724,20,,,0,40,,9711,20,,,0,80,,9722,20,,,0,80,,9712,20,,,0,40,,9726,20,,,0,80,,9713,20,,,0,80,,9725,20,,,0,40,,9714,20,,,0
6501,'Sunday',656,,9727,20,,,0,83,,9739,20,,,0,80,,9728,20,,,0,40,,9742,20,,,0,80,,9729,20,,,0,80,,9741,20,,,0,40,,9730,20,,,0,80,,9743,20,,,0,80,,9731,20,,,0,40,,9745,20,,,0,80,,9732,20,,,0,80,,9744,20,,,0,40,,9734,20,,,0,80,,9746,20,,,0,80,,9733,20,,,0,40,,9747,20,,,0,80,,9735,20,,,0,80,,9748,20,,,0,40,,9736,20,,,0,80,,9749,20,,,0,80,,9737,20,,,0,40,,9751,20,,,0,80,,9738,20,,,0,80,,9750,20,,,0,40,,9740,20,,,0
6501,'Weekday',522,,9777,20,,,0,18,,9752,20,,,0,64,,9765,20,,,0,25,,9755,20,,,0,26,,9779,20,,,0,64,,9753,20,,,0,24,,9766,20,,,0,64,,9756,20,,,0,23,,9778,20,,,0,24,,9754,20,,,0,62,,9767,20,,,0,43,,9780,20,,,0,83,,9768,20,,,0,83,,9781,20,,,0,83,,9769,20,,,0,43,,9782,20,,,0,59,,9757,20,,,0,24,,9770,20,,,0,67,,9761,20,,,0,16,,9783,20,,,0,30,,9758,20,,,0,63,,9771,20,,,0,25,,9762,20,,,0,24,,9784,20,,,0,64,,9759,20,,,0,24,,9772,20,,,0,64,,9763,20,,,0,24,,9786,20,,,0,24,,9760,20,,,0,61,,9773,20,,,0,24,,9764,20,,,0,64,,9785,20,,,0,43,,9775,20,,,0,83,,9787,20,,,0,83,,9774,20,,,0,83,,9788,20,,,0,43,,9776,20,,,0,83,,9789,20,,,0
