7700,'Saturday',555,,11214,1,,,0,84,,11215,22,,,0,85,,11216,22,,,0,85,,11217,22,,,0,45,,11219,22,,,0,85,,11220,22,,,0,85,,11221,22,,,0,85,,11218,22,,,0,45,,11222,22,,,0,85,,11223,22,,,0,85,,11224,22,,,0,85,,11226,22,,,0,45,,11227,22,,,0,85,,11228,22,,,0,85,,11225,22,,,0,85,,11229,22,,,0,45,,11231,22,,,0,85,,11234,22,,,0,85,,11235,22,,,0,85,,11230,22,,,0,45,,11232,22,,,0,85,,11233,22,,,0,85,,11236,22,,,0,92,,11237,22,,,0
7700,'Sunday',555,,11239,1,,,0,84,,11240,22,,,0,85,,11238,22,,,0,85,,11241,22,,,0,45,,11242,22,,,0,85,,11243,22,,,0,85,,11244,22,,,0,85,,11245,22,,,0,45,,11246,22,,,0,85,,11247,22,,,0,85,,11248,22,,,0,85,,11249,22,,,0,45,,11251,22,,,0,85,,11252,22,,,0,85,,11253,22,,,0,85,,11250,22,,,0,45,,11254,22,,,0,85,,11255,22,,,0,85,,11256,22,,,0,85,,11257,22,,,0,45,,11258,22,,,0,85,,11259,22,,,0,85,,11260,22,,,0,92,,11261,22,,,0
7700,'Weekday',521,,11271,1,,,0,88,,11290,22,,,0,31,,11272,22,,,0,71,,11262,22,,,0,30,,11282,22,,,0,70,,11291,22,,,0,30,,11273,22,,,0,69,,11263,22,,,0,30,,11281,22,,,0,70,,11293,22,,,0,30,,11274,22,,,0,70,,11264,22,,,0,30,,11283,22,,,0,70,,11292,22,,,0,30,,11275,22,,,0,70,,11265,22,,,0,30,,11284,22,,,0,70,,11295,22,,,0,30,,11276,22,,,0,71,,11266,22,,,0,31,,11286,22,,,0,70,,11294,22,,,0,31,,11277,22,,,0,70,,11268,22,,,0,30,,11285,22,,,0,70,,11296,22,,,0,29,,11278,22,,,0,69,,11267,22,,,0,30,,11287,22,,,0,70,,11297,22,,,0,31,,11279,22,,,0,69,,11270,22,,,0,30,,11288,22,,,0,70,,11298,22,,,0,29,,11280,22,,,0,70,,11269,22,,,0,30,,11289,22,,,0,70,,11299,22,,,0
70500,'Weekday0000100',1331,,23753,9,4,,0
70500,'Weekday1111000',1541,,23754,9,4,,0
70501,'Weekday',739,,23755,1,0,130 205 206,0
79600,'Weekday0000100',1328,,23984,2,0,191 192 16,0
79600,'Weekday1111000',1548,,23985,2,0,191 192 16,0
79601,'Weekday',821,,23986,1,0,191 192 16,0
80500,'Weekday',1545,,24003,2,0,127 15 16,0
80501,'Weekday',829,,24004,26,0,127 15 16,0
