801,'Saturday',643,,27659,11,,,0,67,,27660,11,,,0,27,,27661,11,,,0,67,,27662,11,,,0,27,,27663,11,,,0,27,,27664,11,,,0,67,,27665,11,,,0,27,,27666,11,,,0,67,,27667,11,,,0,27,,27668,11,,,0,67,,27669,11,,,0,27,,27670,11,,,0,67,,27671,11,,,0,27,,27672,11,,,0,67,,27673,11,,,0,27,,27674,11,,,0,27,,27676,11,,,0,67,,27677,11,,,0,27,,27678,11,,,0,67,,27675,11,,,0,27,,27679,11,,,0,67,,27680,11,,,0,27,,27681,11,,,0,67,,27682,11,,,0,27,,27683,11,,,0,27,,27685,11,,,0,67,,27686,11,,,0,27,,27687,11,,,0,67,,27684,11,,,0,27,,27688,11,,,0,67,,27689,11,,,0,30,,27690,11,,,0,75,,27691,11,,,0,35,,27692,11,,,0,75,,27693,11,,,0,75,,27694,11,,,0,35,,27695,11,,,0
801,'Sunday',643,,27697,11,,,0,67,,27696,11,,,0,27,,27698,11,,,0,67,,27699,11,,,0,27,,27700,11,,,0,27,,27701,11,,,0,67,,27703,11,,,0,27,,27702,11,,,0,67,,27704,11,,,0,27,,27705,11,,,0,67,,27706,11,,,0,27,,27707,11,,,0,67,,27708,11,,,0,27,,27709,11,,,0,67,,27710,11,,,0,27,,27711,11,,,0,27,,27712,11,,,0,67,,27713,11,,,0,27,,27714,11,,,0,67,,27715,11,,,0,27,,27716,11,,,0,67,,27717,11,,,0,27,,27719,11,,,0,67,,27721,11,,,0,27,,27720,11,,,0,27,,27722,11,,,0,67,,27718,11,,,0,27,,27725,11,,,0,67,,27723,11,,,0,27,,27724,11,,,0,67,,27726,11,,,0,30,,27727,11,,,0,75,,27728,11,,,0,35,,27729,11,,,0,75,,27730,11,,,0,75,,27731,11,,,0,35,,27732,11,,,0
801,'Weekday',510,,27794,11,,,0,18,,27757,11,,,0,17,,27736,11,,,0,57,,27738,11,,,0,17,,27748,11,,,0,17,,27765,11,,,0,17,,27773,11,,,0,5,,27781,11,,,0,45,,27782,11,,,0,7,,27795,11,,,0,5,,27783,11,,,0,5,,27784,11,,,0,7,,27758,11,,,0,5,,27785,11,,,0,5,,27786,11,,,0,7,,27737,11,,,0,5,,27787,11,,,0,5,,27788,11,,,0,47,,27740,11,,,0,5,,27789,11,,,0,12,,27749,11,,,0,17,,27766,11,,,0,17,,27774,11,,,0,53,,27796,11,,,0,21,,27759,11,,,0,21,,27739,11,,,0,61,,27750,11,,,0,21,,27767,11,,,0,21,,27797,11,,,0,61,,27760,11,,,0,21,,27741,11,,,0,21,,27751,11,,,0,61,,27769,11,,,0,21,,27798,11,,,0,21,,27761,11,,,0,61,,27742,11,,,0,21,,27752,11,,,0,21,,27768,11,,,0,63,,27799,11,,,0,12,,27790,11,,,0,10,,27762,11,,,0,10,,27791,11,,,0,50,,27743,11,,,0,5,,27792,11,,,0,9,,27776,11,,,0,17,,27753,11,,,0,5,,27793,11,,,0,8,,27779,11,,,0,5,,27770,11,,,0,5,,27778,11,,,0,45,,27780,11,,,0,5,,27775,11,,,0,17,,27800,11,,,0,17,,27763,11,,,0,17,,27744,11,,,0,57,,27777,11,,,0,17,,27734,11,,,0,22,,27771,11,,,0,63,,27801,11,,,0,21,,27764,11,,,0,61,,27745,11,,,0,21,,27754,11,,,0,21,,27772,11,,,0,61,,27802,11,,,0,35,,27735,11,,,0,69,,27755,11,,,0,35,,27804,11,,,0,71,,27746,11,,,0,33,,27756,11,,,0,73,,27803,11,,,0,33,,27747,11,,,0,73,,27733,11,,,0,85,,27805,11,,,0
801,'Weekday0000100',1348,,27806,11,,,0,77,,27807,11,,,0
801,'Weekday1111000',1528,,27808,11,,,0
801,'1CCSDCUT-Weekday',510,,27870,11,,,0,18,,27833,11,,,0,17,,27812,11,,,0,57,,27814,11,,,0,17,,27824,11,,,0,17,,27841,11,,,0,17,,27849,11,,,0,5,,27857,11,,,0,45,,27858,11,,,0,7,,27871,11,,,0,5,,27859,11,,,0,5,,27860,11,,,0,7,,27834,11,,,0,5,,27861,11,,,0,5,,27862,11,,,0,7,,27813,11,,,0,5,,27863,11,,,0,5,,27864,11,,,0,47,,27816,11,,,0,5,,27865,11,,,0,12,,27825,11,,,0,17,,27842,11,,,0,17,,27850,11,,,0,53,,27872,11,,,0,21,,27835,11,,,0,21,,27815,11,,,0,61,,27826,11,,,0,21,,27843,11,,,0,21,,27873,11,,,0,61,,27836,11,,,0,21,,27817,11,,,0,21,,27827,11,,,0,61,,27845,11,,,0,21,,27874,11,,,0,21,,27837,11,,,0,61,,27818,11,,,0,21,,27828,11,,,0,21,,27844,11,,,0,63,,27875,11,,,0,12,,27866,11,,,0,10,,27838,11,,,0,10,,27867,11,,,0,50,,27819,11,,,0,5,,27868,11,,,0,9,,27852,11,,,0,17,,27829,11,,,0,5,,27869,11,,,0,8,,27855,11,,,0,5,,27846,11,,,0,5,,27854,11,,,0,45,,27856,11,,,0,5,,27851,11,,,0,17,,27876,11,,,0,17,,27839,11,,,0,17,,27820,11,,,0,57,,27853,11,,,0,17,,27810,11,,,0,22,,27847,11,,,0,63,,27877,11,,,0,21,,27840,11,,,0,61,,27821,11,,,0,21,,27830,11,,,0,21,,27848,11,,,0,61,,27878,11,,,0,35,,27811,11,,,0,69,,27831,11,,,0,35,,27880,11,,,0,71,,27822,11,,,0,33,,27832,11,,,0,73,,27879,11,,,0,33,,27823,11,,,0,73,,27809,11,,,0,85,,27881,11,,,0
801,'1CCSDCUT-Weekday0000100',1348,,27882,11,,,0,77,,27883,11,,,0
801,'1CCSDCUT-Weekday1111000',1528,,27884,11,,,0
12301,'Saturday',652,,54823,12,,,0,82,,54822,12,,,0,82,,54825,12,,,0,42,,54824,12,,,0,82,,54826,12,,,0,82,,54827,12,,,0,82,,54828,12,,,0,42,,54829,12,,,0,82,,54830,12,,,0,82,,54831,12,,,0,42,,54834,12,,,0,82,,54832,12,,,0,82,,54835,12,,,0,42,,54833,12,,,0,82,,54836,12,,,0,82,,54837,12,,,0,82,,54839,12,,,0,42,,54838,12,,,0,82,,54847,12,,,0,82,,54842,12,,,0,42,,54845,12,,,0,82,,54844,12,,,0,82,,54840,12,,,0,42,,54843,12,,,0,82,,54841,12,,,0,82,,54846,12,,,0
12301,'Sunday',652,,54848,12,,,0,82,,54849,12,,,0,82,,54850,12,,,0,42,,54851,12,,,0,82,,54852,12,,,0,82,,54853,12,,,0,82,,54854,12,,,0,42,,54855,12,,,0,82,,54856,12,,,0,82,,54857,12,,,0,42,,54860,12,,,0,82,,54858,12,,,0,82,,54861,12,,,0,42,,54859,12,,,0,82,,54862,12,,,0,82,,54863,12,,,0,82,,54865,12,,,0,42,,54864,12,,,0,82,,54872,12,,,0,82,,54868,12,,,0,42,,54873,12,,,0,82,,54870,12,,,0,82,,54866,12,,,0,42,,54869,12,,,0,82,,54867,12,,,0,82,,54871,12,,,0
12301,'Weekday',608,,54875,12,,,0,24,,54885,12,,,0,12,,54924,12,,,0,12,,54888,12,,,0,52,,54923,12,,,0,12,,54904,12,,,0,12,,54921,12,,,0,12,,54877,12,,,0,12,,54922,12,,,0,52,,54886,12,,,0,24,,54889,12,,,0,24,,54905,12,,,0,70,,54876,12,,,0,30,,54890,12,,,0,70,,54906,12,,,0,30,,54878,12,,,0,70,,54891,12,,,0,30,,54907,12,,,0,70,,54879,12,,,0,30,,54892,12,,,0,70,,54908,12,,,0,30,,54880,12,,,0,64,,54893,12,,,0,37,,54909,12,,,0,70,,54881,12,,,0,12,,54920,12,,,0,12,,54894,12,,,0,52,,54917,12,,,0,12,,54901,12,,,0,12,,54918,12,,,0,12,,54910,12,,,0,12,,54919,12,,,0,52,,54882,12,,,0,24,,54895,12,,,0,24,,54902,12,,,0,64,,54911,12,,,0,23,,54883,12,,,0,64,,54896,12,,,0,43,,54912,12,,,0,83,,54897,12,,,0,83,,54914,12,,,0,43,,54898,12,,,0,83,,54913,12,,,0,83,,54899,12,,,0,83,,54915,12,,,0,38,,54900,12,,,0,84,,54916,12,,,0
12301,'1CCSDCUT-Weekday',608,,54926,12,,,0,24,,54936,12,,,0,12,,54975,12,,,0,12,,54939,12,,,0,52,,54974,12,,,0,12,,54955,12,,,0,12,,54972,12,,,0,12,,54928,12,,,0,12,,54973,12,,,0,52,,54937,12,,,0,24,,54940,12,,,0,24,,54956,12,,,0,70,,54927,12,,,0,30,,54941,12,,,0,70,,54957,12,,,0,30,,54929,12,,,0,70,,54942,12,,,0,30,,54958,12,,,0,70,,54930,12,,,0,30,,54943,12,,,0,70,,54959,12,,,0,30,,54931,12,,,0,64,,54944,12,,,0,37,,54960,12,,,0,70,,54932,12,,,0,12,,54971,12,,,0,12,,54945,12,,,0,52,,54968,12,,,0,12,,54952,12,,,0,12,,54969,12,,,0,12,,54961,12,,,0,12,,54970,12,,,0,52,,54933,12,,,0,24,,54946,12,,,0,24,,54953,12,,,0,64,,54962,12,,,0,23,,54934,12,,,0,64,,54947,12,,,0,43,,54963,12,,,0,83,,54948,12,,,0,83,,54965,12,,,0,43,,54949,12,,,0,83,,54964,12,,,0,83,,54950,12,,,0,83,,54966,12,,,0,38,,54951,12,,,0,84,,54967,12,,,0
88701,'Weekday',755,,69150,19,0,12 89 28 1 90,0
