6200,'Weekday',1652,,98747,18,,,0,73,,98746,18,,,0,75,,98748,18,,,0
6200,'STMPSnea-Weekday',1652,,98750,18,,,0,73,,98749,18,,,0,75,,98751,18,,,0
6200,'STMPWeek-Weekday',1652,,98753,18,,,0,73,,98752,18,,,0,75,,98754,18,,,0
6200,'STMPar-Weekday',1652,,98756,18,,,0,73,,98755,18,,,0,75,,98757,18,,,0
6201,'Weekday',607,,98758,4,,,0,26,,98759,4,,,0,68,,98760,4,,,0
6201,'STMPSnea-Weekday',607,,98761,4,,,0,26,,98762,4,,,0,68,,98763,4,,,0
6201,'STMPWeek-Weekday',607,,98764,4,,,0,26,,98765,4,,,0,68,,98766,4,,,0
6201,'STMPar-Weekday',607,,98767,4,,,0,26,,98768,4,,,0,68,,98769,4,,,0
11800,'Saturday',721,,119327,4,,,0,28,,119301,10,,,0,70,,119298,10,,,0,30,,119299,10,,,0,70,,119303,10,,,0,30,,119308,10,,,0,70,,119309,10,,,0,30,,119305,10,,,0,70,,119304,10,,,0,30,,119306,10,,,0,70,,119302,10,,,0,30,,119310,10,,,0,70,,119314,10,,,0,30,,119315,10,,,0,70,,119311,10,,,0,30,,119307,10,,,0,70,,119312,10,,,0,30,,119300,10,,,0,70,,119313,10,,,0,30,,119317,10,,,0,70,,119316,10,,,0,30,,119319,10,,,0,70,,119320,10,,,0,30,,119321,10,,,0,70,,119318,10,,,0,30,,119322,10,,,0,70,,119323,10,,,0,30,,119324,10,,,0,70,,119325,10,,,0,30,,119326,10,,,0,70,,119328,10,,,0
11800,'Sunday',749,,119356,4,,,0,70,,119329,10,,,0,30,,119332,10,,,0,70,,119330,10,,,0,30,,119333,10,,,0,70,,119334,10,,,0,30,,119335,10,,,0,70,,119337,10,,,0,30,,119338,10,,,0,70,,119339,10,,,0,30,,119336,10,,,0,70,,119331,10,,,0,30,,119340,10,,,0,70,,119341,10,,,0,30,,119342,10,,,0,70,,119343,10,,,0,30,,119344,10,,,0,70,,119346,10,,,0,30,,119347,10,,,0,70,,119348,10,,,0,30,,119345,10,,,0,70,,119349,10,,,0,30,,119350,10,,,0,70,,119351,10,,,0,30,,119352,10,,,0,70,,119353,10,,,0,30,,119354,10,,,0,70,,119355,10,,,0,30,,119357,10,,,0,70,,119358,10,,,0
11800,'Weekday',457,,119362,4,,,0,82,,119364,10,,,0,78,,119359,10,,,0,30,,119360,10,,,0,70,,119361,10,,,0,30,,119365,10,,,0,70,,119363,10,,,0,30,,119366,10,,,0,69,,119367,10,,,0,30,,119368,10,,,0,70,,119369,10,,,0,30,,119370,10,,,0,70,,119372,10,,,0,30,,119373,10,,,0,70,,119374,10,,,0,30,,119371,10,,,0,70,,119375,10,,,0,30,,119376,10,,,0,70,,119377,10,,,0,30,,119378,10,,,0,70,,119379,10,,,0,32,,119380,10,,,0,70,,119383,10,,,0,30,,119385,10,,,0,70,,119381,10,,,0,30,,119382,10,,,0,75,,119384,10,,,0,29,,119386,10,,,0,70,,119387,10,,,0,30,,119389,10,,,0,70,,119390,10,,,0,30,,119391,10,,,0,70,,119388,10,,,0,30,,119392,10,,,0,70,,119393,10,,,0,30,,119394,10,,,0,70,,119395,10,,,0
11800,'STMPSa-Saturday',721,,119425,4,,,0,28,,119399,10,,,0,70,,119396,10,,,0,30,,119397,10,,,0,70,,119401,10,,,0,30,,119406,10,,,0,70,,119407,10,,,0,30,,119403,10,,,0,70,,119402,10,,,0,30,,119404,10,,,0,70,,119400,10,,,0,30,,119408,10,,,0,70,,119413,10,,,0,30,,119414,10,,,0,70,,119409,10,,,0,30,,119405,10,,,0,70,,119410,10,,,0,30,,119398,10,,,0,70,,119412,10,,,0,30,,119415,10,,,0,70,,119411,10,,,0,30,,119417,10,,,0,70,,119418,10,,,0,30,,119419,10,,,0,70,,119416,10,,,0,30,,119420,10,,,0,70,,119421,10,,,0,30,,119422,10,,,0,70,,119423,10,,,0,30,,119424,10,,,0,70,,119426,10,,,0
11800,'STMPSnea-Weekday',457,,119430,4,,,0,82,,119432,10,,,0,78,,119427,10,,,0,30,,119428,10,,,0,70,,119429,10,,,0,30,,119433,10,,,0,70,,119431,10,,,0,30,,119434,10,,,0,69,,119435,10,,,0,30,,119436,10,,,0,70,,119437,10,,,0,30,,119438,10,,,0,70,,119440,10,,,0,30,,119441,10,,,0,70,,119442,10,,,0,30,,119439,10,,,0,70,,119443,10,,,0,30,,119444,10,,,0,70,,119445,10,,,0,30,,119446,10,,,0,70,,119447,10,,,0,32,,119448,10,,,0,70,,119451,10,,,0,30,,119453,10,,,0,70,,119449,10,,,0,30,,119450,10,,,0,75,,119452,10,,,0,29,,119454,10,,,0,70,,119455,10,,,0,30,,119457,10,,,0,70,,119458,10,,,0,30,,119459,10,,,0,70,,119456,10,,,0,30,,119460,10,,,0,70,,119461,10,,,0,30,,119462,10,,,0,70,,119463,10,,,0
11800,'STMPSu1-Sunday',749,,119491,4,,,0,70,,119464,10,,,0,30,,119467,10,,,0,70,,119465,10,,,0,30,,119468,10,,,0,70,,119469,10,,,0,30,,119470,10,,,0,70,,119472,10,,,0,30,,119473,10,,,0,70,,119474,10,,,0,30,,119471,10,,,0,70,,119466,10,,,0,30,,119475,10,,,0,70,,119476,10,,,0,30,,119477,10,,,0,70,,119478,10,,,0,30,,119479,10,,,0,70,,119481,10,,,0,30,,119482,10,,,0,70,,119483,10,,,0,30,,119480,10,,,0,70,,119484,10,,,0,30,,119485,10,,,0,70,,119486,10,,,0,30,,119487,10,,,0,70,,119488,10,,,0,30,,119489,10,,,0,70,,119490,10,,,0,30,,119492,10,,,0,70,,119493,10,,,0
11800,'STMPSu2-Sunday',749,,119521,4,,,0,70,,119494,10,,,0,30,,119497,10,,,0,70,,119495,10,,,0,30,,119498,10,,,0,70,,119499,10,,,0,30,,119500,10,,,0,70,,119502,10,,,0,30,,119503,10,,,0,70,,119504,10,,,0,30,,119501,10,,,0,70,,119496,10,,,0,30,,119505,10,,,0,70,,119506,10,,,0,30,,119507,10,,,0,70,,119508,10,,,0,30,,119509,10,,,0,70,,119511,10,,,0,30,,119512,10,,,0,70,,119513,10,,,0,30,,119510,10,,,0,70,,119514,10,,,0,30,,119515,10,,,0,70,,119516,10,,,0,30,,119517,10,,,0,70,,119518,10,,,0,30,,119519,10,,,0,70,,119520,10,,,0,30,,119522,10,,,0,70,,119523,10,,,0
11800,'STMPWeek-Weekday',457,,119527,4,,,0,82,,119529,10,,,0,78,,119524,10,,,0,30,,119525,10,,,0,70,,119526,10,,,0,30,,119530,10,,,0,70,,119528,10,,,0,30,,119531,10,,,0,69,,119532,10,,,0,30,,119533,10,,,0,70,,119534,10,,,0,30,,119535,10,,,0,70,,119537,10,,,0,30,,119538,10,,,0,70,,119539,10,,,0,30,,119536,10,,,0,70,,119540,10,,,0,30,,119541,10,,,0,70,,119542,10,,,0,30,,119543,10,,,0,70,,119544,10,,,0,32,,119545,10,,,0,70,,119548,10,,,0,30,,119550,10,,,0,70,,119546,10,,,0,30,,119547,10,,,0,75,,119549,10,,,0,29,,119551,10,,,0,70,,119552,10,,,0,30,,119554,10,,,0,70,,119555,10,,,0,30,,119556,10,,,0,70,,119553,10,,,0,30,,119557,10,,,0,70,,119558,10,,,0,30,,119559,10,,,0,70,,119560,10,,,0
11800,'STMPar-Weekday',457,,119564,4,,,0,82,,119566,10,,,0,78,,119561,10,,,0,30,,119562,10,,,0,70,,119563,10,,,0,30,,119567,10,,,0,70,,119565,10,,,0,30,,119568,10,,,0,69,,119569,10,,,0,30,,119570,10,,,0,70,,119571,10,,,0,30,,119572,10,,,0,70,,119574,10,,,0,30,,119575,10,,,0,70,,119576,10,,,0,30,,119573,10,,,0,70,,119577,10,,,0,30,,119578,10,,,0,70,,119579,10,,,0,30,,119580,10,,,0,70,,119581,10,,,0,32,,119582,10,,,0,70,,119585,10,,,0,30,,119587,10,,,0,70,,119583,10,,,0,30,,119584,10,,,0,75,,119586,10,,,0,29,,119588,10,,,0,70,,119589,10,,,0,30,,119591,10,,,0,70,,119592,10,,,0,30,,119593,10,,,0,70,,119590,10,,,0,30,,119594,10,,,0,70,,119595,10,,,0,30,,119596,10,,,0,70,,119597,10,,,0
