1400,'Saturday',606,,2912,17,,,0,28,,2899,17,,,0,72,,2886,17,,,0,30,,2876,17,,,0,70,,2900,17,,,0,30,,2888,17,,,0,70,,2875,17,,,0,30,,2901,17,,,0,70,,2889,17,,,0,30,,2877,17,,,0,70,,2903,17,,,0,30,,2891,17,,,0,70,,2878,17,,,0,30,,2904,17,,,0,70,,2890,17,,,0,30,,2879,17,,,0,70,,2905,17,,,0,30,,2892,17,,,0,70,,2880,17,,,0,30,,2902,17,,,0,70,,2893,17,,,0,30,,2881,17,,,0,70,,2906,17,,,0,30,,2895,17,,,0,70,,2883,17,,,0,30,,2907,17,,,0,70,,2894,17,,,0,30,,2882,17,,,0,70,,2908,17,,,0,30,,2897,17,,,0,70,,2884,17,,,0,30,,2909,17,,,0,70,,2896,17,,,0,30,,2885,17,,,0,77,,2910,17,,,0,23,,2898,17,,,0,70,,2887,17,,,0,30,,2911,17,,,0
1400,'Sunday',606,,2927,17,,,0,28,,2915,17,,,0,72,,2940,17,,,0,30,,2928,17,,,0,70,,2916,17,,,0,30,,2941,17,,,0,70,,2929,17,,,0,30,,2917,17,,,0,70,,2942,17,,,0,30,,2930,17,,,0,70,,2918,17,,,0,30,,2943,17,,,0,70,,2932,17,,,0,30,,2914,17,,,0,70,,2944,17,,,0,30,,2931,17,,,0,70,,2919,17,,,0,30,,2945,17,,,0,70,,2933,17,,,0,30,,2921,17,,,0,70,,2946,17,,,0,30,,2935,17,,,0,70,,2920,17,,,0,30,,2947,17,,,0,70,,2934,17,,,0,30,,2922,17,,,0,70,,2948,17,,,0,30,,2936,17,,,0,70,,2924,17,,,0,30,,2949,17,,,0,70,,2937,17,,,0,30,,2923,17,,,0,70,,2950,17,,,0,30,,2938,17,,,0,76,,2925,17,,,0,24,,2913,17,,,0,70,,2939,17,,,0,30,,2926,17,,,0
1400,'Weekday',439,,2956,17,,,0,70,,2966,17,0,27,0,21,,2976,17,,,0,15,,2957,17,0,27,0,62,,2952,17,,,0,16,,2993,17,,,0,15,,2967,17,0,27,0,15,,2977,17,,,0,55,,2958,17,0,27,0,15,,2987,17,,,0,16,,2953,17,,,0,15,,2994,17,,,0,55,,2968,17,0,27,0,15,,2995,17,,,0,15,,2959,17,0,27,0,7,,2954,17,,,0,8,,2989,17,,,0,5,,3000,17,,,0,48,,2955,17,,,0,15,,2978,17,,,0,22,,2969,17,0,27,0,62,,2960,17,0,27,0,22,,2988,17,,,0,22,,2979,17,,,0,62,,2970,17,0,27,0,22,,2961,17,0,27,0,22,,2990,17,,,0,62,,2980,17,,,0,22,,2971,17,0,27,0,62,,2962,17,0,27,0,22,,2991,17,,,0,22,,2981,17,,,0,62,,2972,17,0,27,0,24,,2963,17,0,27,0,22,,2992,17,,,0,56,,2982,17,0,27,0,12,,2984,17,,,0,20,,2973,17,,,0,15,,2951,17,,,0,55,,2964,17,0,27,0,17,,2997,17,,,0,20,,2999,17,,,0,60,,2974,17,,,0,20,,2985,17,,,0,20,,2965,17,,,0,53,,2998,17,,,0,10,,2975,17,,,0,15,,2986,17,0,27,0,15,,2983,17,,,0,61,,3012,17,0,27,0,28,,3003,17,0,27,0,70,,3004,17,0,27,0,30,,3005,17,0,27,0,70,,3006,17,0,27,0,30,,3007,17,0,27,0,70,,3008,17,0,27,0,30,,3009,17,0,27,0,70,,3010,17,0,27,0,30,,3011,17,0,27,0,70,,3001,17,0,27,0,30,,3002,17,0,27,0
7500,'Saturday',535,,10802,9,,,0,75,,10814,9,,,0,35,,10823,9,,,0,75,,10803,9,,,0,35,,10812,9,,,0,76,,10822,9,,,0,75,,10804,9,,,0,35,,10813,9,,,0,75,,10825,9,,,0,35,,10806,9,,,0,75,,10816,9,,,0,75,,10824,9,,,0,35,,10807,9,,,0,75,,10815,9,,,0,35,,10826,9,,,0,75,,10808,9,,,0,35,,10817,9,,,0,75,,10827,9,,,0,75,,10805,9,,,0,35,,10818,9,,,0,75,,10828,9,,,0,35,,10809,9,,,0,75,,10819,9,,,0,75,,10829,9,,,0,35,,10810,9,,,0,75,,10820,9,,,0,35,,10830,9,,,0,74,,10811,9,,,0,35,,10821,9,,,0,65,,10831,9,,,0,35,,10832,9,,,0,75,,10833,9,,,0,75,,10834,9,,,0
7500,'Sunday',535,,10835,9,,,0,75,,10845,9,,,0,35,,10855,9,,,0,75,,10837,9,,,0,35,,10846,9,,,0,76,,10856,9,,,0,75,,10836,9,,,0,35,,10847,9,,,0,75,,10857,9,,,0,35,,10838,9,,,0,75,,10848,9,,,0,75,,10858,9,,,0,35,,10839,9,,,0,75,,10849,9,,,0,35,,10859,9,,,0,75,,10840,9,,,0,35,,10851,9,,,0,75,,10860,9,,,0,75,,10841,9,,,0,35,,10850,9,,,0,75,,10862,9,,,0,35,,10842,9,,,0,75,,10852,9,,,0,75,,10861,9,,,0,35,,10843,9,,,0,75,,10853,9,,,0,35,,10863,9,,,0,74,,10844,9,,,0,35,,10854,9,,,0,75,,10864,9,,,0,75,,10865,9,,,0,35,,10866,9,,,0,75,,10867,9,,,0
7500,'Weekday',549,,10868,9,,,0,71,,10886,9,,,0,23,,10888,9,,,0,63,,10900,9,,,0,23,,10895,9,,,0,23,,10877,9,,,0,63,,10871,9,,,0,23,,10907,9,,,0,63,,10909,9,,,0,23,,10874,9,,,0,34,,10903,9,,,0,74,,10894,9,,,0,74,,10897,9,,,0,34,,10885,9,,,0,74,,10908,9,,,0,34,,10906,9,,,0,74,,10870,9,,,0,34,,10869,9,,,0,74,,10896,9,,,0,73,,10904,9,,,0,26,,10889,9,,,0,10,,10901,9,,,0,62,,10878,9,,,0,19,,10882,9,,,0,19,,10880,9,,,0,19,,10879,9,,,0,59,,10883,9,,,0,19,,10872,9,,,0,19,,10892,9,,,0,58,,10887,9,,,0,19,,10873,9,,,0,19,,10890,9,,,0,59,,10884,9,,,0,18,,10902,9,,,0,73,,10891,9,,,0,34,,10899,9,,,0,73,,10876,9,,,0,32,,10875,9,,,0,74,,10898,9,,,0,34,,10905,9,,,0,74,,10910,9,,,0,34,,10893,9,,,0,71,,10881,9,,,0
86201,'Weekday0000100',1454,,24095,8,0,17 18 1 28,0
86201,'Weekday1111000',1610,,24096,8,0,17 18 1 28,0
86400,'Weekday0000100',1448,,24104,7,0,17 18 19 1 21 22,0
86400,'Weekday1111000',1604,,24106,7,0,17 18 19 1 21 22,0
