15300,'Saturday',620,,59706,22,,,0,37,,59707,22,,,0,77,,59708,22,,,0,77,,59710,22,,,0,37,,59718,22,,,0,77,,59719,22,,,0,77,,59716,22,,,0,37,,59721,22,,,0,77,,59715,22,,,0,37,,59722,22,,,0,77,,59723,22,,,0,77,,59720,22,,,0,37,,59724,22,,,0,77,,59725,22,,,0,37,,59726,22,,,0,77,,59727,22,,,0,77,,59728,22,,,0,37,,59729,22,,,0,77,,59730,22,,,0,77,,59732,22,,,0,37,,59731,22,,,0,77,,59717,22,,,0,37,,59712,22,,,0,77,,59714,22,,,0,77,,59713,22,,,0,37,,59711,22,,,0,77,,59709,22,,,0
15300,'Sunday',848,,59733,22,,,0,77,,59735,22,,,0,77,,59734,22,,,0,37,,59736,22,,,0,77,,59737,22,,,0,37,,59738,22,,,0,77,,59740,22,,,0,77,,59741,22,,,0,37,,59742,22,,,0,77,,59739,22,,,0,37,,59743,22,,,0,77,,59744,22,,,0,77,,59745,22,,,0,37,,59746,22,,,0,77,,59747,22,,,0,77,,59748,22,,,0,37,,59749,22,,,0,77,,59750,22,,,0,37,,59751,22,,,0,77,,59752,22,,,0,77,,59753,22,,,0,35,,59754,22,,,0,72,,59755,22,,,0
15300,'Weekday',537,,59757,22,,,0,66,,59758,22,,,0,23,,59756,22,,,0,26,,59759,22,,,0,65,,59760,22,,,0,11,,59761,3,,,0,11,,59762,22,,,0,10,,59800,3,,,0,8,,59799,3,,,0,48,,59763,22,,,0,16,,59765,3,,,0,11,,59766,22,,,0,25,,59767,22,,,0,65,,59764,22,,,0,25,,59768,22,,,0,65,,59769,22,,,0,25,,59770,22,,,0,65,,59771,22,,,0,25,,59773,22,,,0,25,,59774,22,,,0,65,,59772,22,,,0,25,,59776,22,,,0,65,,59777,22,,,0,25,,59775,22,,,0,25,,59778,22,,,0,65,,59779,22,,,0,28,,59780,22,,,0,71,,59782,22,,,0,30,,59783,22,,,0,60,,59784,22,,,0,14,,59803,22,,,0,10,,59781,22,,,0,10,,59785,22,,,0,10,,59801,22,,,0,50,,59802,22,,,0,10,,59786,22,,,0,20,,59787,22,,,0,20,,59788,22,,,0,61,,59789,22,,,0,35,,59790,22,,,0,76,,59791,22,,,0,76,,59792,22,,,0,36,,59793,22,,,0,76,,59794,22,,,0,36,,59796,22,,,0,76,,59797,22,,,0,76,,59798,22,,,0,36,,59795,22,,,0
15300,'Weekday0000100',1507,,59804,22,,,0
15300,'1CCSDCUT-Weekday',537,,59806,22,,,0,66,,59807,22,,,0,23,,59805,22,,,0,26,,59808,22,,,0,65,,59809,22,,,0,11,,59810,3,,,0,11,,59811,22,,,0,10,,59849,3,,,0,8,,59848,3,,,0,48,,59812,22,,,0,16,,59814,3,,,0,11,,59815,22,,,0,25,,59816,22,,,0,65,,59813,22,,,0,25,,59817,22,,,0,65,,59818,22,,,0,25,,59819,22,,,0,65,,59820,22,,,0,25,,59822,22,,,0,25,,59823,22,,,0,65,,59821,22,,,0,25,,59825,22,,,0,65,,59826,22,,,0,25,,59824,22,,,0,25,,59827,22,,,0,65,,59828,22,,,0,28,,59829,22,,,0,71,,59831,22,,,0,30,,59832,22,,,0,60,,59833,22,,,0,14,,59852,22,,,0,10,,59830,22,,,0,10,,59834,22,,,0,10,,59850,22,,,0,50,,59851,22,,,0,10,,59835,22,,,0,20,,59836,22,,,0,20,,59837,22,,,0,61,,59838,22,,,0,35,,59839,22,,,0,76,,59840,22,,,0,76,,59841,22,,,0,36,,59842,22,,,0,76,,59843,22,,,0,36,,59845,22,,,0,76,,59846,22,,,0,76,,59847,22,,,0,36,,59844,22,,,0
15300,'1CCSDCUT-Weekday0000100',1507,,59853,22,,,0
71701,'Weekday0000100',1441,,68456,14,0,29 1 132,0
71701,'Weekday1111000',1606,,68457,14,0,29 1 132,0
71701,'1CCSDCUT-Weekday0000100',1441,,68458,14,0,29 1 132,0
71701,'1CCSDCUT-Weekday1111000',1606,,68459,14,0,29 1 132,0
89200,'Weekday',847,,69161,12,0,12 181 42 86,0
