7600,'Saturday',548,,103239,1,,,0,70,,103259,1,,,0,40,,103248,1,,,0,80,,103254,1,,,0,80,,103242,1,,,0,40,,103260,1,,,0,80,,103247,1,,,0,80,,103240,1,,,0,40,,103243,1,,,0,80,,103261,1,,,0,80,,103250,1,,,0,40,,103255,1,,,0,80,,103241,1,,,0,80,,103262,1,,,0,40,,103249,1,,,0,80,,103256,1,,,0,80,,103245,1,,,0,40,,103263,1,,,0,80,,103251,1,,,0,80,,103257,1,,,0,40,,103246,1,,,0,80,,103265,1,,,0,80,,103253,1,,,0,40,,103258,1,,,0,80,,103244,1,,,0,80,,103264,1,,,0,40,,103252,1,,,0,80,,103266,1,,,0
7600,'Sunday',548,,103269,1,,,0,70,,103277,1,,,0,40,,103288,1,,,0,80,,103270,1,,,0,80,,103278,1,,,0,40,,103286,1,,,0,80,,103271,1,,,0,80,,103279,1,,,0,40,,103287,1,,,0,80,,103272,1,,,0,80,,103280,1,,,0,40,,103289,1,,,0,80,,103273,1,,,0,80,,103282,1,,,0,40,,103291,1,,,0,80,,103274,1,,,0,80,,103281,1,,,0,40,,103290,1,,,0,80,,103275,1,,,0,80,,103283,1,,,0,40,,103292,1,,,0,80,,103276,1,,,0,80,,103284,1,,,0,40,,103267,1,,,0,80,,103293,1,,,0,80,,103285,1,,,0,40,,103268,1,,,0,80,,103294,1,,,0
7600,'Weekday',507,,103295,1,,,0,30,,103307,1,,,0,70,,103298,1,,,0,30,,103324,1,,,0,70,,103316,1,,,0,30,,103308,1,,,0,70,,103296,1,,,0,30,,103325,1,,,0,70,,103317,1,,,0,30,,103309,1,,,0,70,,103297,1,,,0,30,,103326,1,,,0,70,,103318,1,,,0,30,,103310,1,,,0,70,,103299,1,,,0,30,,103327,1,,,0,70,,103319,1,,,0,30,,103311,1,,,0,70,,103300,1,,,0,30,,103328,1,,,0,70,,103320,1,,,0,30,,103312,1,,,0,70,,103301,1,,,0,30,,103329,1,,,0,70,,103321,1,,,0,30,,103313,1,,,0,70,,103302,1,,,0,30,,103330,1,,,0,70,,103322,1,,,0,30,,103314,1,,,0,70,,103303,1,,,0,30,,103331,1,,,0,70,,103323,1,,,0,30,,103315,1,,,0,70,,103304,1,,,0,30,,103332,1,,,0,70,,103305,1,,,0,30,,103334,1,,,0,70,,103306,1,,,0,39,,103333,1,,,0
7600,'STMPSa-Saturday',548,,103335,1,,,0,70,,103355,1,,,0,40,,103344,1,,,0,80,,103349,1,,,0,80,,103338,1,,,0,40,,103356,1,,,0,80,,103343,1,,,0,80,,103336,1,,,0,40,,103339,1,,,0,80,,103357,1,,,0,80,,103346,1,,,0,40,,103351,1,,,0,80,,103337,1,,,0,80,,103358,1,,,0,40,,103345,1,,,0,80,,103352,1,,,0,80,,103341,1,,,0,40,,103359,1,,,0,80,,103347,1,,,0,80,,103353,1,,,0,40,,103342,1,,,0,80,,103361,1,,,0,80,,103350,1,,,0,40,,103354,1,,,0,80,,103340,1,,,0,80,,103360,1,,,0,40,,103348,1,,,0,80,,103362,1,,,0
7600,'STMPSnea-Weekday',507,,103363,1,,,0,30,,103375,1,,,0,70,,103366,1,,,0,30,,103392,1,,,0,70,,103384,1,,,0,30,,103376,1,,,0,70,,103364,1,,,0,30,,103393,1,,,0,70,,103385,1,,,0,30,,103377,1,,,0,70,,103365,1,,,0,30,,103394,1,,,0,70,,103386,1,,,0,30,,103378,1,,,0,70,,103367,1,,,0,30,,103395,1,,,0,70,,103387,1,,,0,30,,103379,1,,,0,70,,103368,1,,,0,30,,103396,1,,,0,70,,103388,1,,,0,30,,103380,1,,,0,70,,103369,1,,,0,30,,103397,1,,,0,70,,103389,1,,,0,30,,103381,1,,,0,70,,103370,1,,,0,30,,103398,1,,,0,70,,103390,1,,,0,30,,103382,1,,,0,70,,103371,1,,,0,30,,103399,1,,,0,70,,103391,1,,,0,30,,103383,1,,,0,70,,103372,1,,,0,30,,103400,1,,,0,70,,103373,1,,,0,30,,103402,1,,,0,70,,103374,1,,,0,39,,103401,1,,,0
7600,'STMPSu1-Sunday',548,,103405,1,,,0,70,,103413,1,,,0,40,,103424,1,,,0,80,,103406,1,,,0,80,,103414,1,,,0,40,,103422,1,,,0,80,,103407,1,,,0,80,,103415,1,,,0,40,,103423,1,,,0,80,,103408,1,,,0,80,,103417,1,,,0,40,,103425,1,,,0,80,,103409,1,,,0,80,,103418,1,,,0,40,,103427,1,,,0,80,,103410,1,,,0,80,,103416,1,,,0,40,,103426,1,,,0,80,,103411,1,,,0,80,,103419,1,,,0,40,,103428,1,,,0,80,,103412,1,,,0,80,,103420,1,,,0,40,,103403,1,,,0,80,,103429,1,,,0,80,,103421,1,,,0,40,,103404,1,,,0,80,,103430,1,,,0
7600,'STMPSu2-Sunday',548,,103433,1,,,0,70,,103441,1,,,0,40,,103452,1,,,0,80,,103434,1,,,0,80,,103442,1,,,0,40,,103450,1,,,0,80,,103435,1,,,0,80,,103443,1,,,0,40,,103451,1,,,0,80,,103436,1,,,0,80,,103444,1,,,0,40,,103453,1,,,0,80,,103437,1,,,0,80,,103446,1,,,0,40,,103455,1,,,0,80,,103438,1,,,0,80,,103445,1,,,0,40,,103454,1,,,0,80,,103439,1,,,0,80,,103447,1,,,0,40,,103456,1,,,0,80,,103440,1,,,0,80,,103448,1,,,0,40,,103431,1,,,0,80,,103457,1,,,0,80,,103449,1,,,0,40,,103432,1,,,0,80,,103458,1,,,0
7600,'STMPWeek-Weekday',507,,103459,1,,,0,30,,103471,1,,,0,70,,103462,1,,,0,30,,103488,1,,,0,70,,103480,1,,,0,30,,103472,1,,,0,70,,103460,1,,,0,30,,103489,1,,,0,70,,103481,1,,,0,30,,103473,1,,,0,70,,103461,1,,,0,30,,103490,1,,,0,70,,103482,1,,,0,30,,103474,1,,,0,70,,103463,1,,,0,30,,103491,1,,,0,70,,103483,1,,,0,30,,103475,1,,,0,70,,103464,1,,,0,30,,103492,1,,,0,70,,103484,1,,,0,30,,103476,1,,,0,70,,103465,1,,,0,30,,103493,1,,,0,70,,103485,1,,,0,30,,103477,1,,,0,70,,103466,1,,,0,30,,103494,1,,,0,70,,103486,1,,,0,30,,103478,1,,,0,70,,103467,1,,,0,30,,103495,1,,,0,70,,103487,1,,,0,30,,103479,1,,,0,70,,103468,1,,,0,30,,103496,1,,,0,70,,103469,1,,,0,30,,103498,1,,,0,70,,103470,1,,,0,39,,103497,1,,,0
7600,'STMPar-Weekday',507,,103499,1,,,0,30,,103511,1,,,0,70,,103500,1,,,0,30,,103528,1,,,0,70,,103520,1,,,0,30,,103512,1,,,0,70,,103501,1,,,0,30,,103529,1,,,0,70,,103521,1,,,0,30,,103513,1,,,0,70,,103502,1,,,0,30,,103530,1,,,0,70,,103522,1,,,0,30,,103514,1,,,0,70,,103503,1,,,0,30,,103531,1,,,0,70,,103523,1,,,0,30,,103515,1,,,0,70,,103504,1,,,0,30,,103532,1,,,0,70,,103524,1,,,0,30,,103516,1,,,0,70,,103505,1,,,0,30,,103533,1,,,0,70,,103525,1,,,0,30,,103517,1,,,0,70,,103506,1,,,0,30,,103534,1,,,0,70,,103526,1,,,0,30,,103518,1,,,0,70,,103507,1,,,0,30,,103535,1,,,0,70,,103527,1,,,0,30,,103519,1,,,0,70,,103508,1,,,0,30,,103536,1,,,0,70,,103509,1,,,0,30,,103538,1,,,0,70,,103510,1,,,0,39,,103537,1,,,0
7601,'Saturday',613,,103539,35,4,,0,40,,103548,35,4,,0,80,,103549,35,4,,0,80,,103547,35,4,,0,40,,103550,35,4,,0,80,,103551,35,4,,0,80,,103552,35,4,,0,40,,103553,35,4,,0,80,,103554,35,4,,0,80,,103555,35,4,,0,41,,103556,35,4,,0,80,,103557,35,4,,0,80,,103558,35,4,,0,40,,103560,35,4,,0,80,,103561,35,4,,0,80,,103562,35,4,,0,40,,103559,35,4,,0,80,,103563,35,4,,0,80,,103564,35,4,,0,39,,103565,35,4,,0,80,,103545,35,4,,0,80,,103542,35,4,,0,40,,103544,35,4,,0,80,,103540,35,4,,0,80,,103546,35,4,,0,40,,103543,35,4,,0,80,,103541,35,4,,0,80,,103566,35,4,,0
7601,'Sunday',613,,103576,35,4,,0,40,,103587,35,4,,0,80,,103569,35,4,,0,80,,103577,35,4,,0,40,,103586,35,4,,0,80,,103570,35,4,,0,80,,103578,35,4,,0,40,,103588,35,4,,0,80,,103572,35,4,,0,80,,103579,35,4,,0,41,,103589,35,4,,0,80,,103571,35,4,,0,80,,103580,35,4,,0,40,,103590,35,4,,0,80,,103573,35,4,,0,80,,103581,35,4,,0,40,,103591,35,4,,0,80,,103575,35,4,,0,80,,103582,35,4,,0,39,,103592,35,4,,0,80,,103574,35,4,,0,80,,103583,35,4,,0,40,,103567,35,4,,0,80,,103593,35,4,,0,80,,103584,35,4,,0,40,,103568,35,4,,0,80,,103594,35,4,,0,80,,103585,35,4,,0
7601,'Weekday',525,,103606,35,4,,0,75,,103595,35,4,,0,32,,103623,35,4,,0,71,,103615,35,4,,0,30,,103607,35,4,,0,70,,103596,35,4,,0,24,,103624,35,4,,0,74,,103616,35,4,,0,29,,103608,35,4,,0,70,,103597,35,4,,0,30,,103625,35,4,,0,70,,103617,35,4,,0,30,,103610,35,4,,0,70,,103598,35,4,,0,30,,103626,35,4,,0,70,,103618,35,4,,0,30,,103609,35,4,,0,70,,103599,35,4,,0,30,,103627,35,4,,0,74,,103619,35,4,,0,14,,103634,35,4,,0,16,,103611,35,4,,0,16,,103635,35,4,,0,51,,103600,35,4,,0,30,,103628,35,4,,0,70,,103620,35,4,,0,30,,103612,35,4,,0,70,,103601,35,4,,0,30,,103629,35,4,,0,69,,103621,35,4,,0,30,,103613,35,4,,0,70,,103602,35,4,,0,30,,103630,35,4,,0,70,,103622,35,4,,0,30,,103614,35,4,,0,70,,103603,35,4,,0,30,,103631,35,4,,0,70,,103604,35,4,,0,30,,103633,35,4,,0,70,,103605,35,4,,0,40,,103632,35,4,,0
7601,'STMPSa-Saturday',613,,103636,35,4,,0,40,,103645,35,4,,0,80,,103646,35,4,,0,80,,103644,35,4,,0,40,,103647,35,4,,0,80,,103648,35,4,,0,80,,103649,35,4,,0,40,,103650,35,4,,0,80,,103651,35,4,,0,80,,103652,35,4,,0,41,,103653,35,4,,0,80,,103654,35,4,,0,80,,103655,35,4,,0,40,,103657,35,4,,0,80,,103658,35,4,,0,80,,103659,35,4,,0,40,,103656,35,4,,0,80,,103660,35,4,,0,80,,103661,35,4,,0,39,,103662,35,4,,0,80,,103642,35,4,,0,80,,103639,35,4,,0,40,,103641,35,4,,0,80,,103637,35,4,,0,80,,103643,35,4,,0,40,,103640,35,4,,0,80,,103638,35,4,,0,80,,103663,35,4,,0
7601,'STMPSnea-Weekday',525,,103675,35,4,,0,75,,103664,35,4,,0,32,,103692,35,4,,0,71,,103684,35,4,,0,30,,103676,35,4,,0,70,,103665,35,4,,0,24,,103693,35,4,,0,74,,103685,35,4,,0,29,,103677,35,4,,0,70,,103666,35,4,,0,30,,103694,35,4,,0,70,,103686,35,4,,0,30,,103679,35,4,,0,70,,103667,35,4,,0,30,,103695,35,4,,0,70,,103687,35,4,,0,30,,103678,35,4,,0,70,,103668,35,4,,0,30,,103696,35,4,,0,74,,103688,35,4,,0,14,,103703,35,4,,0,16,,103680,35,4,,0,16,,103704,35,4,,0,51,,103669,35,4,,0,30,,103697,35,4,,0,70,,103689,35,4,,0,30,,103681,35,4,,0,70,,103670,35,4,,0,30,,103698,35,4,,0,69,,103690,35,4,,0,30,,103682,35,4,,0,70,,103671,35,4,,0,30,,103699,35,4,,0,70,,103691,35,4,,0,30,,103683,35,4,,0,70,,103672,35,4,,0,30,,103700,35,4,,0,70,,103673,35,4,,0,30,,103702,35,4,,0,70,,103674,35,4,,0,40,,103701,35,4,,0
7601,'STMPSu1-Sunday',613,,103714,35,4,,0,40,,103725,35,4,,0,80,,103707,35,4,,0,80,,103715,35,4,,0,40,,103724,35,4,,0,80,,103708,35,4,,0,80,,103716,35,4,,0,40,,103726,35,4,,0,80,,103710,35,4,,0,80,,103717,35,4,,0,41,,103727,35,4,,0,80,,103709,35,4,,0,80,,103718,35,4,,0,40,,103728,35,4,,0,80,,103711,35,4,,0,80,,103719,35,4,,0,40,,103729,35,4,,0,80,,103713,35,4,,0,80,,103720,35,4,,0,39,,103730,35,4,,0,80,,103712,35,4,,0,80,,103721,35,4,,0,40,,103705,35,4,,0,80,,103731,35,4,,0,80,,103722,35,4,,0,40,,103706,35,4,,0,80,,103732,35,4,,0,80,,103723,35,4,,0
7601,'STMPSu2-Sunday',613,,103742,35,4,,0,40,,103753,35,4,,0,80,,103735,35,4,,0,80,,103743,35,4,,0,40,,103752,35,4,,0,80,,103736,35,4,,0,80,,103744,35,4,,0,40,,103754,35,4,,0,80,,103738,35,4,,0,80,,103745,35,4,,0,41,,103755,35,4,,0,80,,103737,35,4,,0,80,,103746,35,4,,0,40,,103756,35,4,,0,80,,103739,35,4,,0,80,,103747,35,4,,0,40,,103757,35,4,,0,80,,103741,35,4,,0,80,,103748,35,4,,0,39,,103758,35,4,,0,80,,103740,35,4,,0,80,,103749,35,4,,0,40,,103733,35,4,,0,80,,103759,35,4,,0,80,,103750,35,4,,0,40,,103734,35,4,,0,80,,103760,35,4,,0,80,,103751,35,4,,0
7601,'STMPWeek-Weekday',525,,103772,35,4,,0,75,,103761,35,4,,0,32,,103789,35,4,,0,71,,103781,35,4,,0,30,,103773,35,4,,0,70,,103762,35,4,,0,24,,103790,35,4,,0,74,,103782,35,4,,0,29,,103774,35,4,,0,70,,103763,35,4,,0,30,,103791,35,4,,0,70,,103783,35,4,,0,30,,103776,35,4,,0,70,,103764,35,4,,0,30,,103792,35,4,,0,70,,103784,35,4,,0,30,,103775,35,4,,0,70,,103765,35,4,,0,30,,103793,35,4,,0,74,,103785,35,4,,0,14,,103800,35,4,,0,16,,103777,35,4,,0,16,,103801,35,4,,0,51,,103766,35,4,,0,30,,103794,35,4,,0,70,,103786,35,4,,0,30,,103778,35,4,,0,70,,103767,35,4,,0,30,,103795,35,4,,0,69,,103787,35,4,,0,30,,103779,35,4,,0,70,,103768,35,4,,0,30,,103796,35,4,,0,70,,103788,35,4,,0,30,,103780,35,4,,0,70,,103769,35,4,,0,30,,103797,35,4,,0,70,,103770,35,4,,0,30,,103799,35,4,,0,70,,103771,35,4,,0,40,,103798,35,4,,0
7601,'STMPar-Weekday',525,,103813,35,4,,0,75,,103802,35,4,,0,32,,103830,35,4,,0,71,,103822,35,4,,0,30,,103814,35,4,,0,70,,103803,35,4,,0,24,,103831,35,4,,0,74,,103823,35,4,,0,29,,103815,35,4,,0,70,,103804,35,4,,0,30,,103832,35,4,,0,70,,103824,35,4,,0,30,,103817,35,4,,0,70,,103805,35,4,,0,30,,103833,35,4,,0,70,,103825,35,4,,0,30,,103816,35,4,,0,70,,103806,35,4,,0,30,,103834,35,4,,0,74,,103826,35,4,,0,14,,103841,35,4,,0,16,,103818,35,4,,0,16,,103842,35,4,,0,51,,103807,35,4,,0,30,,103835,35,4,,0,70,,103827,35,4,,0,30,,103819,35,4,,0,70,,103808,35,4,,0,30,,103836,35,4,,0,69,,103828,35,4,,0,30,,103820,35,4,,0,70,,103809,35,4,,0,30,,103837,35,4,,0,70,,103829,35,4,,0,30,,103821,35,4,,0,70,,103810,35,4,,0,30,,103839,35,4,,0,70,,103811,35,4,,0,30,,103840,35,4,,0,70,,103812,35,4,,0,40,,103838,35,4,,0
