2601,'Saturday',629,,33407,29,,,0,85,,33397,29,,,0,45,,33405,29,,,0,85,,33400,29,,,0,89,,33408,29,,,0,86,,33396,29,,,0,85,,33409,29,,,0,45,,33402,29,,,0,85,,33410,29,,,0,85,,33398,29,,,0,85,,33411,29,,,0,42,,33399,29,,,0,85,,33412,29,,,0,85,,33401,29,,,0,85,,33413,29,,,0,45,,33403,29,,,0,85,,33415,29,,,0,85,,33404,29,,,0,86,,33414,29,,,0,45,,33406,29,,,0
2601,'Sunday',629,,33426,29,,,0,85,,33416,29,,,0,45,,33427,29,,,0,85,,33417,29,,,0,89,,33428,29,,,0,86,,33418,29,,,0,85,,33429,29,,,0,45,,33419,29,,,0,85,,33430,29,,,0,85,,33420,29,,,0,85,,33431,29,,,0,42,,33421,29,,,0,85,,33432,29,,,0,85,,33423,29,,,0,85,,33433,29,,,0,45,,33422,29,,,0,85,,33434,29,,,0,85,,33424,29,,,0,86,,33435,29,,,0,45,,33425,29,,,0
2601,'Weekday',644,,33436,29,,,0,76,,33437,29,,,0,29,,33439,29,,,0,72,,33440,29,,,0,32,,33441,29,,,0,47,,33438,29,,,0,7,,33442,29,,,0,14,,33444,29,,,0,28,,33445,29,,,0,70,,33446,29,,,0,30,,33443,29,,,0,70,,33447,29,,,0,30,,33448,29,,,0,70,,33449,29,,,0,30,,33450,29,,,0,70,,33451,29,,,0,30,,33452,29,,,0,70,,33453,29,,,0,30,,33454,29,,,0,74,,33455,29,,,0,32,,33456,29,,,0,72,,33457,29,,,0,32,,33458,29,,,0,72,,33459,29,,,0,72,,33460,29,,,0,30,,33461,29,,,0,69,,33462,29,,,0,29,,33467,29,,,0,70,,33465,29,,,0,30,,33468,29,,,0,70,,33469,29,,,0,27,,33466,29,,,0,29,,33463,29,,,0,70,,33464,29,,,0
2601,'1CCSDCUT-Weekday',644,,33470,29,,,0,76,,33471,29,,,0,29,,33473,29,,,0,72,,33474,29,,,0,32,,33475,29,,,0,47,,33472,29,,,0,7,,33476,29,,,0,14,,33478,29,,,0,28,,33479,29,,,0,70,,33480,29,,,0,30,,33477,29,,,0,70,,33481,29,,,0,30,,33482,29,,,0,70,,33483,29,,,0,30,,33484,29,,,0,70,,33485,29,,,0,30,,33486,29,,,0,70,,33487,29,,,0,30,,33488,29,,,0,74,,33489,29,,,0,32,,33490,29,,,0,72,,33491,29,,,0,32,,33492,29,,,0,72,,33493,29,,,0,72,,33494,29,,,0,30,,33495,29,,,0,69,,33496,29,,,0,29,,33501,29,,,0,70,,33499,29,,,0,30,,33502,29,,,0,70,,33503,29,,,0,27,,33500,29,,,0,29,,33497,29,,,0,70,,33498,29,,,0
2601,'1PUBCUT-Weekday',644,,33504,29,,,0,76,,33505,29,,,0,29,,33507,29,,,0,72,,33508,29,,,0,32,,33509,29,,,0,47,,33506,29,,,0,7,,33510,29,,,0,14,,33512,29,,,0,28,,33513,29,,,0,70,,33514,29,,,0,30,,33511,29,,,0,70,,33515,29,,,0,30,,33516,29,,,0,70,,33517,29,,,0,30,,33518,29,,,0,70,,33519,29,,,0,30,,33520,29,,,0,70,,33521,29,,,0,30,,33522,29,,,0,74,,33523,29,,,0,32,,33524,29,,,0,72,,33525,29,,,0,32,,33526,29,,,0,72,,33527,29,,,0,72,,33528,29,,,0,30,,33529,29,,,0,69,,33530,29,,,0,29,,33535,29,,,0,70,,33533,29,,,0,30,,33536,29,,,0,70,,33537,29,,,0,27,,33534,29,,,0,29,,33531,29,,,0,70,,33532,29,,,0
11100,'Saturday',641,,53034,22,,,0,85,,53036,22,,,0,85,,53035,22,,,0,45,,53037,22,,,0,85,,53033,22,,,0,85,,53038,22,,,0,85,,53039,22,,,0,45,,53041,22,,,0,85,,53040,22,,,0,85,,53042,22,,,0,85,,53043,22,,,0,45,,53044,22,,,0,85,,53047,22,,,0,85,,53045,22,,,0,85,,53048,22,,,0,45,,53046,22,,,0,85,,53049,22,,,0,85,,53051,22,,,0,85,,53050,22,,,0,45,,53052,22,,,0,85,,53053,22,,,0
11100,'Sunday',641,,53054,22,,,0,85,,53058,22,,,0,85,,53060,22,,,0,45,,53056,22,,,0,85,,53057,22,,,0,85,,53062,22,,,0,85,,53063,22,,,0,45,,53059,22,,,0,85,,53061,22,,,0,85,,53064,22,,,0,85,,53066,22,,,0,45,,53067,22,,,0,85,,53068,22,,,0,85,,53065,22,,,0,85,,53069,22,,,0,45,,53071,22,,,0,85,,53073,22,,,0,85,,53070,22,,,0,85,,53074,22,,,0,45,,53072,22,,,0,85,,53055,22,,,0
11100,'Weekday',609,,53075,22,,,0,30,,53083,22,,,0,70,,53077,22,,,0,30,,53084,22,,,0,70,,53076,22,,,0,30,,53085,22,,,0,70,,53103,22,,,0,30,,53086,22,,,0,70,,53104,22,,,0,30,,53087,22,,,0,70,,53105,22,,,0,30,,53088,22,,,0,69,,53106,22,,,0,29,,53089,22,,,0,70,,53107,22,,,0,30,,53090,22,,,0,70,,53108,22,,,0,30,,53091,22,,,0,70,,53078,22,,,0,32,,53092,22,,,0,70,,53079,22,,,0,30,,53093,22,,,0,15,,53102,22,,,0,55,,53080,22,,,0,30,,53095,22,,,0,70,,53081,22,,,0,30,,53094,22,,,0,70,,53082,22,,,0,30,,53096,22,,,0,90,,53097,22,,,0,90,,53099,22,,,0,90,,53098,22,,,0,50,,53100,22,,,0,90,,53101,22,,,0
11100,'1CCSDCUT-Weekday',609,,53109,22,,,0,30,,53117,22,,,0,70,,53111,22,,,0,30,,53118,22,,,0,70,,53110,22,,,0,30,,53119,22,,,0,70,,53137,22,,,0,30,,53120,22,,,0,70,,53138,22,,,0,30,,53121,22,,,0,70,,53139,22,,,0,30,,53122,22,,,0,69,,53140,22,,,0,29,,53123,22,,,0,70,,53141,22,,,0,30,,53124,22,,,0,70,,53142,22,,,0,30,,53125,22,,,0,70,,53112,22,,,0,32,,53126,22,,,0,70,,53113,22,,,0,30,,53127,22,,,0,15,,53136,22,,,0,55,,53114,22,,,0,30,,53129,22,,,0,70,,53115,22,,,0,30,,53128,22,,,0,70,,53116,22,,,0,30,,53130,22,,,0,90,,53131,22,,,0,90,,53133,22,,,0,90,,53132,22,,,0,50,,53134,22,,,0,90,,53135,22,,,0
11100,'1PUBCUT-Weekday',609,,53143,22,,,0,30,,53151,22,,,0,70,,53145,22,,,0,30,,53152,22,,,0,70,,53144,22,,,0,30,,53153,22,,,0,70,,53171,22,,,0,30,,53154,22,,,0,70,,53172,22,,,0,30,,53155,22,,,0,70,,53173,22,,,0,30,,53156,22,,,0,69,,53174,22,,,0,29,,53157,22,,,0,70,,53175,22,,,0,30,,53158,22,,,0,70,,53176,22,,,0,30,,53159,22,,,0,70,,53146,22,,,0,32,,53160,22,,,0,70,,53147,22,,,0,30,,53161,22,,,0,15,,53170,22,,,0,55,,53148,22,,,0,30,,53163,22,,,0,70,,53149,22,,,0,30,,53162,22,,,0,70,,53150,22,,,0,30,,53164,22,,,0,90,,53165,22,,,0,90,,53167,22,,,0,90,,53166,22,,,0,50,,53168,22,,,0,90,,53169,22,,,0
