901,'2025DE-1BUSCUT-Weekday-02',427,,4070,,,0,22,,4085,,,0,62,,4096,,,0,22,,4111,,,0,22,,4078,,,0,62,,4091,,,0,25,,4103,,,0,62,,4071,,,0,22,,4086,,,0,11,,4123,,,0,11,,4097,,,0,11,,4124,,,0,51,,4112,,,0,22,,4119,,,0,22,,4079,,,0,51,,4127,,,0,11,,4092,,,0,21,,4104,,,0,22,,4072,,,0,62,,4087,,,0,22,,4098,,,0,62,,4113,,,0,22,,4120,,,0,22,,4080,,,0,62,,4093,,,0,22,,4106,,,0,22,,4073,,,0,62,,4088,,,0,22,,4099,,,0,62,,4114,,,0,22,,4121,,,0,22,,4081,,,0,63,,4094,,,0,22,,4107,,,0,11,,4128,,,0,11,,4074,,,0,51,,4125,,,0,11,,4089,,,0,11,,4126,,,0,11,,4100,,,0,22,,4115,,,0,62,,4122,,,0,22,,4082,,,0,62,,4095,,,0,22,,4108,,,0,19,,4075,,,0,62,,4090,,,0,22,,4101,,,0,30,,4116,,,0,70,,4083,,,0,30,,4109,,,0,70,,4076,,,0,30,,4102,,,0,70,,4117,,,0,30,,4084,,,0,70,,4110,,,0,30,,4077,,,0,70,,4105,,,0,30,,4118,,,0
901,'2025DE-1BUSSA-Saturday-02',508,,4130,,,0,50,,4141,,,0,71,,4153,,,0,71,,4158,,,0,31,,4134,,,0,71,,4147,,,0,31,,4131,,,0,72,,4142,,,0,31,,4152,,,0,71,,4159,,,0,31,,4136,,,0,71,,4149,,,0,31,,4132,,,0,72,,4143,,,0,31,,4155,,,0,71,,4160,,,0,31,,4138,,,0,71,,4148,,,0,31,,4129,,,0,71,,4144,,,0,31,,4154,,,0,71,,4161,,,0,31,,4139,,,0,71,,4150,,,0,31,,4133,,,0,70,,4145,,,0,30,,4156,,,0,71,,4162,,,0,31,,4137,,,0,71,,4151,,,0,31,,4135,,,0,71,,4146,,,0,31,,4157,,,0,71,,4163,,,0,71,,4140,,,0
901,'2025DE-1BUSSU-Sunday-02',508,,4166,,,0,50,,4176,,,0,71,,4195,,,0,71,,4185,,,0,31,,4165,,,0,71,,4172,,,0,31,,4180,,,0,72,,4193,,,0,31,,4188,,,0,71,,4167,,,0,31,,4174,,,0,71,,4181,,,0,31,,4196,,,0,72,,4187,,,0,31,,4164,,,0,71,,4173,,,0,31,,4182,,,0,71,,4197,,,0,31,,4190,,,0,71,,4168,,,0,31,,4175,,,0,71,,4183,,,0,31,,4198,,,0,71,,4189,,,0,31,,4169,,,0,70,,4177,,,0,30,,4184,,,0,71,,4194,,,0,31,,4191,,,0,71,,4170,,,0,31,,4178,,,0,71,,4186,,,0,31,,4179,,,0,71,,4192,,,0,71,,4171,,,0
901,'2025DE-1BUSWK-Weekday-02',427,,4199,,,0,22,,4214,,,0,62,,4225,,,0,22,,4240,,,0,22,,4207,,,0,62,,4220,,,0,25,,4232,,,0,62,,4200,,,0,22,,4215,,,0,11,,4252,,,0,11,,4226,,,0,11,,4253,,,0,51,,4241,,,0,11,,4254,,,0,11,,4248,,,0,11,,4255,,,0,11,,4208,,,0,51,,4258,,,0,11,,4221,,,0,21,,4233,,,0,22,,4201,,,0,62,,4216,,,0,22,,4227,,,0,62,,4242,,,0,22,,4249,,,0,22,,4209,,,0,62,,4222,,,0,22,,4235,,,0,22,,4202,,,0,62,,4217,,,0,22,,4228,,,0,62,,4243,,,0,22,,4250,,,0,22,,4210,,,0,63,,4223,,,0,22,,4236,,,0,11,,4259,,,0,11,,4203,,,0,51,,4256,,,0,11,,4218,,,0,11,,4257,,,0,11,,4229,,,0,22,,4244,,,0,62,,4251,,,0,22,,4211,,,0,62,,4224,,,0,22,,4237,,,0,19,,4204,,,0,62,,4219,,,0,22,,4230,,,0,30,,4245,,,0,70,,4212,,,0,30,,4238,,,0,70,,4205,,,0,30,,4231,,,0,70,,4246,,,0,30,,4213,,,0,70,,4239,,,0,30,,4206,,,0,70,,4234,,,0,30,,4247,,,0
901,'2025DE-pBxDec31-Weekday-02',427,,4260,,,0,22,,4275,,,0,62,,4284,,,0,22,,4301,,,0,22,,4268,,,0,62,,4281,,,0,25,,4293,,,0,62,,4261,,,0,22,,4276,,,0,11,,4313,,,0,11,,4287,,,0,11,,4314,,,0,51,,4302,,,0,22,,4309,,,0,22,,4269,,,0,51,,4317,,,0,11,,4282,,,0,21,,4294,,,0,22,,4262,,,0,62,,4277,,,0,22,,4288,,,0,62,,4303,,,0,22,,4310,,,0,22,,4270,,,0,62,,4283,,,0,22,,4296,,,0,22,,4263,,,0,62,,4278,,,0,22,,4289,,,0,62,,4304,,,0,22,,4311,,,0,22,,4271,,,0,63,,4285,,,0,22,,4297,,,0,11,,4318,,,0,11,,4264,,,0,51,,4315,,,0,11,,4279,,,0,11,,4316,,,0,11,,4290,,,0,22,,4305,,,0,62,,4312,,,0,22,,4272,,,0,62,,4286,,,0,22,,4298,,,0,19,,4265,,,0,62,,4280,,,0,22,,4291,,,0,30,,4306,,,0,70,,4273,,,0,30,,4299,,,0,70,,4266,,,0,30,,4292,,,0,70,,4307,,,0,30,,4274,,,0,70,,4300,,,0,30,,4267,,,0,70,,4295,,,0,30,,4308,,,0
5300,'2025DE-1BUSCUT-Weekday-02',531,,15074,,,0,76,,15075,,,0,36,,15076,,,0,78,,15077,,,0,38,,15078,,,0,76,,15079,,,0,75,,15080,,,0,33,,15081,,,0,76,,15082,,,0,36,,15083,,,0,77,,15084,,,0,76,,15085,,,0,36,,15086,,,0,77,,15087,,,0,35,,15088,,,0,76,,15089,,,0,76,,15090,,,0,38,,15091,,,0,76,,15092,,,0,36,,15093,,,0,76,,15094,,,0,76,,15095,,,0,36,,15096,,,0,76,,15097,,,0,32,,15064,,,0,75,,15065,,,0,76,,15066,,,0,36,,15067,,,0,76,,15068,,,0,36,,15069,,,0,76,,15070,,,0,76,,15071,,,0,40,,15072,,,0
5300,'2025DE-1BUSSA-Saturday-02',547,,15098,,,0,74,,15124,,,0,31,,15099,,,0,71,,15127,,,0,31,,15100,,,0,71,,15104,,,0,31,,15115,,,0,71,,15105,,,0,31,,15117,,,0,71,,15106,,,0,71,,15116,,,0,31,,15107,,,0,71,,15118,,,0,31,,15108,,,0,71,,15120,,,0,31,,15110,,,0,71,,15119,,,0,31,,15109,,,0,71,,15121,,,0,31,,15111,,,0,71,,15122,,,0,31,,15113,,,0,71,,15123,,,0,31,,15112,,,0,72,,15125,,,0,30,,15114,,,0,71,,15126,,,0,31,,15101,,,0,71,,15128,,,0,31,,15103,,,0,71,,15129,,,0,31,,15102,,,0
5300,'2025DE-1BUSSU-Sunday-02',652,,15131,,,0,71,,15148,,,0,31,,15132,,,0,71,,15147,,,0,31,,15133,,,0,71,,15149,,,0,31,,15134,,,0,71,,15151,,,0,71,,15135,,,0,31,,15150,,,0,71,,15136,,,0,31,,15152,,,0,71,,15137,,,0,31,,15154,,,0,71,,15138,,,0,31,,15153,,,0,71,,15139,,,0,31,,15156,,,0,71,,15140,,,0,31,,15155,,,0,71,,15141,,,0,31,,15157,,,0,72,,15142,,,0,30,,15158,,,0,71,,15143,,,0,31,,15159,,,0,71,,15144,,,0,31,,15160,,,0,71,,15145,,,0,31,,15161,,,0
5300,'2025DE-1BUSWK-Weekday-02',531,,15173,,,0,76,,15174,,,0,36,,15175,,,0,78,,15176,,,0,38,,15177,,,0,76,,15178,,,0,75,,15179,,,0,33,,15180,,,0,76,,15181,,,0,36,,15182,,,0,77,,15183,,,0,76,,15184,,,0,36,,15185,,,0,77,,15186,,,0,35,,15187,,,0,76,,15188,,,0,76,,15189,,,0,38,,15190,,,0,76,,15191,,,0,36,,15192,,,0,76,,15193,,,0,76,,15194,,,0,36,,15195,,,0,76,,15196,,,0,32,,15163,,,0,75,,15164,,,0,76,,15165,,,0,36,,15166,,,0,76,,15167,,,0,36,,15169,,,0,76,,15170,,,0,76,,15171,,,0,40,,15168,,,0
5300,'2025DE-pBxDec31-Weekday-02',531,,15208,,,0,76,,15209,,,0,36,,15210,,,0,78,,15211,,,0,38,,15212,,,0,76,,15213,,,0,75,,15214,,,0,33,,15215,,,0,76,,15216,,,0,36,,15217,,,0,77,,15218,,,0,76,,15219,,,0,36,,15220,,,0,77,,15221,,,0,35,,15222,,,0,76,,15223,,,0,76,,15224,,,0,38,,15225,,,0,76,,15226,,,0,36,,15227,,,0,76,,15228,,,0,76,,15229,,,0,36,,15230,,,0,76,,15231,,,0,32,,15198,,,0,75,,15199,,,0,76,,15200,,,0,36,,15201,,,0,76,,15202,,,0,36,,15203,,,0,76,,15204,,,0,76,,15205,,,0,40,,15206,,,0
