2601,'Saturday',628,,84745,27,,,0,85,,84735,27,,,0,45,,84743,27,,,0,85,,84738,27,,,0,89,,84746,27,,,0,86,,84734,27,,,0,85,,84747,27,,,0,45,,84740,27,,,0,85,,84748,27,,,0,85,,84736,27,,,0,85,,84749,27,,,0,42,,84737,27,,,0,85,,84750,27,,,0,85,,84739,27,,,0,85,,84751,27,,,0,45,,84741,27,,,0,85,,84753,27,,,0,85,,84742,27,,,0,86,,84752,27,,,0,45,,84744,27,,,0
2601,'Sunday',628,,84764,27,,,0,85,,84754,27,,,0,45,,84765,27,,,0,85,,84755,27,,,0,89,,84766,27,,,0,86,,84756,27,,,0,85,,84767,27,,,0,45,,84757,27,,,0,85,,84768,27,,,0,85,,84758,27,,,0,85,,84769,27,,,0,42,,84759,27,,,0,85,,84770,27,,,0,85,,84761,27,,,0,85,,84771,27,,,0,45,,84760,27,,,0,85,,84772,27,,,0,85,,84762,27,,,0,86,,84773,27,,,0,45,,84763,27,,,0
2601,'Weekday',642,,84774,27,,,0,76,,84775,27,,,0,29,,84776,27,,,0,72,,84777,27,,,0,32,,84778,27,,,0,69,,84780,27,,,0,28,,84781,27,,,0,70,,84782,27,,,0,30,,84779,27,,,0,70,,84783,27,,,0,30,,84784,27,,,0,70,,84785,27,,,0,30,,84786,27,,,0,70,,84787,27,,,0,30,,84788,27,,,0,70,,84789,27,,,0,30,,84790,27,,,0,73,,84791,27,,,0,32,,84792,27,,,0,72,,84793,27,,,0,32,,84794,27,,,0,72,,84795,27,,,0,72,,84796,27,,,0,30,,84797,27,,,0,70,,84798,27,,,0,29,,84803,27,,,0,70,,84801,27,,,0,30,,84804,27,,,0,70,,84805,27,,,0,27,,84802,27,,,0,29,,84799,27,,,0,70,,84800,27,,,0
2601,'STMPSa-Saturday',628,,84817,27,,,0,85,,84807,27,,,0,45,,84815,27,,,0,85,,84810,27,,,0,89,,84818,27,,,0,86,,84806,27,,,0,85,,84819,27,,,0,45,,84812,27,,,0,85,,84820,27,,,0,85,,84808,27,,,0,85,,84821,27,,,0,42,,84809,27,,,0,85,,84822,27,,,0,85,,84811,27,,,0,85,,84823,27,,,0,45,,84813,27,,,0,85,,84825,27,,,0,85,,84814,27,,,0,86,,84824,27,,,0,45,,84816,27,,,0
2601,'STMPSnea-Weekday',642,,84826,27,,,0,76,,84827,27,,,0,29,,84828,27,,,0,72,,84829,27,,,0,32,,84830,27,,,0,69,,84832,27,,,0,28,,84833,27,,,0,70,,84834,27,,,0,30,,84831,27,,,0,70,,84835,27,,,0,30,,84836,27,,,0,70,,84837,27,,,0,30,,84838,27,,,0,70,,84839,27,,,0,30,,84840,27,,,0,70,,84841,27,,,0,30,,84842,27,,,0,73,,84843,27,,,0,32,,84844,27,,,0,72,,84845,27,,,0,32,,84846,27,,,0,72,,84847,27,,,0,72,,84848,27,,,0,30,,84849,27,,,0,70,,84850,27,,,0,29,,84855,27,,,0,70,,84853,27,,,0,30,,84856,27,,,0,70,,84857,27,,,0,27,,84854,27,,,0,29,,84851,27,,,0,70,,84852,27,,,0
2601,'STMPSu1-Sunday',628,,84868,27,,,0,85,,84858,27,,,0,45,,84869,27,,,0,85,,84859,27,,,0,89,,84870,27,,,0,86,,84860,27,,,0,85,,84871,27,,,0,45,,84861,27,,,0,85,,84872,27,,,0,85,,84863,27,,,0,85,,84873,27,,,0,42,,84864,27,,,0,85,,84874,27,,,0,85,,84865,27,,,0,85,,84875,27,,,0,45,,84862,27,,,0,85,,84876,27,,,0,85,,84866,27,,,0,86,,84877,27,,,0,45,,84867,27,,,0
2601,'STMPSu2-Sunday',628,,84888,27,,,0,85,,84878,27,,,0,45,,84889,27,,,0,85,,84879,27,,,0,89,,84890,27,,,0,86,,84880,27,,,0,85,,84891,27,,,0,45,,84881,27,,,0,85,,84892,27,,,0,85,,84882,27,,,0,85,,84893,27,,,0,42,,84883,27,,,0,85,,84894,27,,,0,85,,84885,27,,,0,85,,84895,27,,,0,45,,84884,27,,,0,85,,84896,27,,,0,85,,84886,27,,,0,86,,84897,27,,,0,45,,84887,27,,,0
2601,'STMPWeek-Weekday',642,,84898,27,,,0,76,,84899,27,,,0,29,,84900,27,,,0,72,,84901,27,,,0,32,,84902,27,,,0,69,,84904,27,,,0,28,,84905,27,,,0,70,,84906,27,,,0,30,,84903,27,,,0,70,,84907,27,,,0,30,,84908,27,,,0,70,,84909,27,,,0,30,,84910,27,,,0,70,,84911,27,,,0,30,,84912,27,,,0,70,,84913,27,,,0,30,,84914,27,,,0,73,,84915,27,,,0,32,,84916,27,,,0,72,,84917,27,,,0,32,,84918,27,,,0,72,,84919,27,,,0,72,,84920,27,,,0,30,,84921,27,,,0,70,,84922,27,,,0,29,,84927,27,,,0,70,,84925,27,,,0,30,,84928,27,,,0,70,,84929,27,,,0,27,,84926,27,,,0,29,,84923,27,,,0,70,,84924,27,,,0
2601,'STMPar-Weekday',642,,84930,27,,,0,76,,84931,27,,,0,29,,84932,27,,,0,72,,84933,27,,,0,32,,84934,27,,,0,69,,84936,27,,,0,28,,84937,27,,,0,70,,84938,27,,,0,30,,84935,27,,,0,70,,84939,27,,,0,30,,84940,27,,,0,70,,84941,27,,,0,30,,84942,27,,,0,70,,84943,27,,,0,30,,84944,27,,,0,70,,84945,27,,,0,30,,84946,27,,,0,73,,84947,27,,,0,32,,84948,27,,,0,72,,84949,27,,,0,32,,84950,27,,,0,72,,84951,27,,,0,72,,84952,27,,,0,30,,84953,27,,,0,70,,84954,27,,,0,29,,84959,27,,,0,70,,84957,27,,,0,30,,84960,27,,,0,70,,84961,27,,,0,27,,84958,27,,,0,29,,84955,27,,,0,70,,84956,27,,,0
11100,'Saturday',639,,117643,20,,,0,85,,117645,20,,,0,85,,117644,20,,,0,45,,117646,20,,,0,85,,117642,20,,,0,85,,117647,20,,,0,85,,117648,20,,,0,45,,117650,20,,,0,85,,117649,20,,,0,85,,117651,20,,,0,85,,117652,20,,,0,45,,117653,20,,,0,85,,117656,20,,,0,85,,117654,20,,,0,85,,117657,20,,,0,45,,117655,20,,,0,85,,117658,20,,,0,85,,117660,20,,,0,85,,117659,20,,,0,45,,117661,20,,,0,85,,117662,20,,,0
11100,'Sunday',639,,117663,20,,,0,85,,117667,20,,,0,85,,117669,20,,,0,45,,117665,20,,,0,85,,117666,20,,,0,85,,117671,20,,,0,85,,117672,20,,,0,45,,117668,20,,,0,85,,117670,20,,,0,85,,117673,20,,,0,85,,117675,20,,,0,45,,117676,20,,,0,85,,117677,20,,,0,85,,117674,20,,,0,85,,117678,20,,,0,45,,117680,20,,,0,85,,117682,20,,,0,85,,117679,20,,,0,85,,117683,20,,,0,45,,117681,20,,,0,85,,117664,20,,,0
11100,'Weekday',607,,117684,20,,,0,30,,117692,20,,,0,70,,117686,20,,,0,30,,117693,20,,,0,70,,117685,20,,,0,30,,117694,20,,,0,70,,117712,20,,,0,30,,117695,20,,,0,70,,117713,20,,,0,30,,117696,20,,,0,70,,117714,20,,,0,30,,117697,20,,,0,69,,117715,20,,,0,29,,117698,20,,,0,70,,117716,20,,,0,30,,117699,20,,,0,70,,117717,20,,,0,30,,117700,20,,,0,70,,117687,20,,,0,32,,117701,20,,,0,70,,117688,20,,,0,30,,117702,20,,,0,15,,117711,20,,,0,55,,117689,20,,,0,30,,117704,20,,,0,70,,117690,20,,,0,30,,117703,20,,,0,70,,117691,20,,,0,30,,117705,20,,,0,90,,117706,20,,,0,90,,117708,20,,,0,90,,117707,20,,,0,50,,117709,20,,,0,90,,117710,20,,,0
11100,'STMPSa-Saturday',639,,117719,20,,,0,85,,117721,20,,,0,85,,117720,20,,,0,45,,117722,20,,,0,85,,117718,20,,,0,85,,117723,20,,,0,85,,117724,20,,,0,45,,117726,20,,,0,85,,117725,20,,,0,85,,117727,20,,,0,85,,117728,20,,,0,45,,117729,20,,,0,85,,117732,20,,,0,85,,117730,20,,,0,85,,117733,20,,,0,45,,117731,20,,,0,85,,117734,20,,,0,85,,117736,20,,,0,85,,117735,20,,,0,45,,117737,20,,,0,85,,117738,20,,,0
11100,'STMPSnea-Weekday',607,,117739,20,,,0,30,,117747,20,,,0,70,,117741,20,,,0,30,,117748,20,,,0,70,,117740,20,,,0,30,,117749,20,,,0,70,,117767,20,,,0,30,,117750,20,,,0,70,,117768,20,,,0,30,,117751,20,,,0,70,,117769,20,,,0,30,,117752,20,,,0,69,,117770,20,,,0,29,,117753,20,,,0,70,,117771,20,,,0,30,,117754,20,,,0,70,,117772,20,,,0,30,,117755,20,,,0,70,,117742,20,,,0,32,,117756,20,,,0,70,,117743,20,,,0,30,,117757,20,,,0,15,,117766,20,,,0,55,,117744,20,,,0,30,,117759,20,,,0,70,,117745,20,,,0,30,,117758,20,,,0,70,,117746,20,,,0,30,,117760,20,,,0,90,,117761,20,,,0,90,,117763,20,,,0,90,,117762,20,,,0,50,,117764,20,,,0,90,,117765,20,,,0
11100,'STMPSu1-Sunday',639,,117773,20,,,0,85,,117777,20,,,0,85,,117779,20,,,0,45,,117775,20,,,0,85,,117776,20,,,0,85,,117781,20,,,0,85,,117782,20,,,0,45,,117778,20,,,0,85,,117780,20,,,0,85,,117783,20,,,0,85,,117785,20,,,0,45,,117786,20,,,0,85,,117787,20,,,0,85,,117784,20,,,0,85,,117788,20,,,0,45,,117790,20,,,0,85,,117792,20,,,0,85,,117789,20,,,0,85,,117793,20,,,0,45,,117791,20,,,0,85,,117774,20,,,0
11100,'STMPSu2-Sunday',639,,117794,20,,,0,85,,117798,20,,,0,85,,117800,20,,,0,45,,117796,20,,,0,85,,117797,20,,,0,85,,117802,20,,,0,85,,117803,20,,,0,45,,117799,20,,,0,85,,117801,20,,,0,85,,117804,20,,,0,85,,117806,20,,,0,45,,117807,20,,,0,85,,117808,20,,,0,85,,117805,20,,,0,85,,117809,20,,,0,45,,117811,20,,,0,85,,117813,20,,,0,85,,117810,20,,,0,85,,117814,20,,,0,45,,117812,20,,,0,85,,117795,20,,,0
11100,'STMPWeek-Weekday',607,,117815,20,,,0,30,,117823,20,,,0,70,,117817,20,,,0,30,,117824,20,,,0,70,,117816,20,,,0,30,,117825,20,,,0,70,,117843,20,,,0,30,,117826,20,,,0,70,,117844,20,,,0,30,,117827,20,,,0,70,,117845,20,,,0,30,,117828,20,,,0,69,,117846,20,,,0,29,,117829,20,,,0,70,,117847,20,,,0,30,,117830,20,,,0,70,,117848,20,,,0,30,,117831,20,,,0,70,,117818,20,,,0,32,,117832,20,,,0,70,,117819,20,,,0,30,,117833,20,,,0,15,,117842,20,,,0,55,,117820,20,,,0,30,,117835,20,,,0,70,,117821,20,,,0,30,,117834,20,,,0,70,,117822,20,,,0,30,,117836,20,,,0,90,,117837,20,,,0,90,,117839,20,,,0,90,,117838,20,,,0,50,,117840,20,,,0,90,,117841,20,,,0
11100,'STMPar-Weekday',607,,117849,20,,,0,30,,117857,20,,,0,70,,117851,20,,,0,30,,117858,20,,,0,70,,117850,20,,,0,30,,117859,20,,,0,70,,117877,20,,,0,30,,117860,20,,,0,70,,117878,20,,,0,30,,117861,20,,,0,70,,117879,20,,,0,30,,117862,20,,,0,69,,117880,20,,,0,29,,117863,20,,,0,70,,117881,20,,,0,30,,117864,20,,,0,70,,117882,20,,,0,30,,117865,20,,,0,70,,117852,20,,,0,32,,117866,20,,,0,70,,117853,20,,,0,30,,117867,20,,,0,15,,117876,20,,,0,55,,117854,20,,,0,30,,117869,20,,,0,70,,117855,20,,,0,30,,117868,20,,,0,70,,117856,20,,,0,30,,117870,20,,,0,90,,117871,20,,,0,90,,117873,20,,,0,90,,117872,20,,,0,50,,117874,20,,,0,90,,117875,20,,,0
