15000,'Saturday',626,,128152,21,4,,0,100,,128153,21,4,,0,100,,128155,21,4,,0,100,,128156,21,4,,0,100,,128157,21,4,,0,100,,128154,21,4,,0,100,,128158,21,4,,0,100,,128159,21,4,,0,100,,128160,21,4,,0,100,,128161,21,4,,0,100,,128162,21,4,,0,100,,128163,21,4,,0,100,,128164,21,4,,0
15000,'Weekday',552,,128165,21,4,,0,75,,128167,21,4,,0,32,,128168,21,4,,0,72,,128169,21,4,,0,72,,128166,21,4,,0,31,,128170,21,4,,0,70,,128171,21,4,,0,32,,128172,21,4,,0,72,,128173,21,4,,0,32,,128174,21,4,,0,72,,128175,21,4,,0,32,,128176,21,4,,0,72,,128177,21,4,,0,32,,128178,21,4,,0,72,,128179,21,4,,0,32,,128180,21,4,,0,72,,128181,21,4,,0,32,,128182,21,4,,0,75,,128183,21,4,,0,72,,128184,21,4,,0,32,,128185,21,4,,0,72,,128186,21,4,,0,32,,128187,21,4,,0,72,,128188,21,4,,0,32,,128189,21,4,,0
15000,'STMPSa-Saturday',626,,128190,21,4,,0,100,,128191,21,4,,0,100,,128193,21,4,,0,100,,128194,21,4,,0,100,,128195,21,4,,0,100,,128192,21,4,,0,100,,128196,21,4,,0,100,,128197,21,4,,0,100,,128198,21,4,,0,100,,128199,21,4,,0,100,,128200,21,4,,0,100,,128201,21,4,,0,100,,128202,21,4,,0
15000,'STMPSnea-Weekday',552,,128203,21,4,,0,75,,128205,21,4,,0,32,,128206,21,4,,0,72,,128207,21,4,,0,72,,128204,21,4,,0,31,,128208,21,4,,0,70,,128209,21,4,,0,32,,128210,21,4,,0,72,,128211,21,4,,0,32,,128212,21,4,,0,72,,128213,21,4,,0,32,,128214,21,4,,0,72,,128215,21,4,,0,32,,128216,21,4,,0,72,,128217,21,4,,0,32,,128218,21,4,,0,72,,128219,21,4,,0,32,,128220,21,4,,0,75,,128221,21,4,,0,72,,128222,21,4,,0,32,,128223,21,4,,0,72,,128224,21,4,,0,32,,128225,21,4,,0,72,,128226,21,4,,0,32,,128227,21,4,,0
15000,'STMPWeek-Weekday',552,,128228,21,4,,0,75,,128230,21,4,,0,32,,128231,21,4,,0,72,,128232,21,4,,0,72,,128229,21,4,,0,31,,128233,21,4,,0,70,,128234,21,4,,0,32,,128235,21,4,,0,72,,128236,21,4,,0,32,,128237,21,4,,0,72,,128238,21,4,,0,32,,128239,21,4,,0,72,,128240,21,4,,0,32,,128241,21,4,,0,72,,128242,21,4,,0,32,,128243,21,4,,0,72,,128244,21,4,,0,32,,128245,21,4,,0,75,,128246,21,4,,0,72,,128247,21,4,,0,32,,128248,21,4,,0,72,,128249,21,4,,0,32,,128250,21,4,,0,72,,128251,21,4,,0,32,,128252,21,4,,0
15000,'STMPar-Weekday',552,,128253,21,4,,0,75,,128255,21,4,,0,32,,128256,21,4,,0,72,,128257,21,4,,0,72,,128254,21,4,,0,31,,128258,21,4,,0,70,,128259,21,4,,0,32,,128260,21,4,,0,72,,128261,21,4,,0,32,,128262,21,4,,0,72,,128263,21,4,,0,32,,128264,21,4,,0,72,,128265,21,4,,0,32,,128266,21,4,,0,72,,128267,21,4,,0,32,,128268,21,4,,0,72,,128269,21,4,,0,32,,128270,21,4,,0,75,,128271,21,4,,0,72,,128272,21,4,,0,32,,128273,21,4,,0,72,,128274,21,4,,0,32,,128275,21,4,,0,72,,128276,21,4,,0,32,,128277,21,4,,0
15001,'Saturday',628,,128282,1,,,0,100,,128289,1,,,0,100,,128287,1,,,0,100,,128285,1,,,0,100,,128279,1,,,0,100,,128283,1,,,0,100,,128278,1,,,0,100,,128290,1,,,0,100,,128288,1,,,0,100,,128286,1,,,0,100,,128281,1,,,0,100,,128284,1,,,0,100,,128280,1,,,0
15001,'Weekday',557,,128291,1,,,0,72,,128293,1,,,0,72,,128294,1,,,0,32,,128295,1,,,0,72,,128296,1,,,0,32,,128298,1,,,0,72,,128299,1,,,0,32,,128297,1,,,0,72,,128300,1,,,0,32,,128301,1,,,0,72,,128302,1,,,0,32,,128303,1,,,0,72,,128304,1,,,0,32,,128305,1,,,0,72,,128306,1,,,0,32,,128307,1,,,0,72,,128308,1,,,0,72,,128309,1,,,0,32,,128310,1,,,0,72,,128311,1,,,0,32,,128312,1,,,0,72,,128313,1,,,0,32,,128314,1,,,0,72,,128315,1,,,0,32,,128292,1,,,0
15001,'STMPSa-Saturday',628,,128320,1,,,0,100,,128327,1,,,0,100,,128325,1,,,0,100,,128323,1,,,0,100,,128317,1,,,0,100,,128321,1,,,0,100,,128316,1,,,0,100,,128328,1,,,0,100,,128326,1,,,0,100,,128324,1,,,0,100,,128319,1,,,0,100,,128322,1,,,0,100,,128318,1,,,0
15001,'STMPSnea-Weekday',557,,128329,1,,,0,72,,128331,1,,,0,72,,128332,1,,,0,32,,128333,1,,,0,72,,128334,1,,,0,32,,128336,1,,,0,72,,128337,1,,,0,32,,128335,1,,,0,72,,128338,1,,,0,32,,128339,1,,,0,72,,128340,1,,,0,32,,128341,1,,,0,72,,128342,1,,,0,32,,128343,1,,,0,72,,128344,1,,,0,32,,128345,1,,,0,72,,128346,1,,,0,72,,128347,1,,,0,32,,128348,1,,,0,72,,128349,1,,,0,32,,128350,1,,,0,72,,128351,1,,,0,32,,128352,1,,,0,72,,128353,1,,,0,32,,128330,1,,,0
15001,'STMPWeek-Weekday',557,,128354,1,,,0,72,,128356,1,,,0,72,,128357,1,,,0,32,,128358,1,,,0,72,,128359,1,,,0,32,,128361,1,,,0,72,,128362,1,,,0,32,,128360,1,,,0,72,,128363,1,,,0,32,,128364,1,,,0,72,,128365,1,,,0,32,,128366,1,,,0,72,,128367,1,,,0,32,,128368,1,,,0,72,,128369,1,,,0,32,,128370,1,,,0,72,,128371,1,,,0,72,,128372,1,,,0,32,,128373,1,,,0,72,,128374,1,,,0,32,,128375,1,,,0,72,,128376,1,,,0,32,,128377,1,,,0,72,,128378,1,,,0,32,,128355,1,,,0
15001,'STMPar-Weekday',557,,128379,1,,,0,72,,128381,1,,,0,72,,128382,1,,,0,32,,128383,1,,,0,72,,128384,1,,,0,32,,128386,1,,,0,72,,128387,1,,,0,32,,128385,1,,,0,72,,128388,1,,,0,32,,128389,1,,,0,72,,128390,1,,,0,32,,128391,1,,,0,72,,128392,1,,,0,32,,128393,1,,,0,72,,128394,1,,,0,32,,128395,1,,,0,72,,128396,1,,,0,72,,128397,1,,,0,32,,128398,1,,,0,72,,128399,1,,,0,32,,128400,1,,,0,72,,128401,1,,,0,32,,128402,1,,,0,72,,128403,1,,,0,32,,128380,1,,,0
