9201,'Saturday',706,,110655,30,,,0,45,,110641,30,,,0,85,,110645,30,,,0,87,,110650,30,,,0,87,,110656,30,,,0,45,,110640,30,,,0,85,,110646,30,,,0,85,,110651,30,,,0,85,,110657,30,,,0,45,,110642,30,,,0,85,,110647,30,,,0,85,,110652,30,,,0,85,,110658,30,,,0,46,,110643,30,,,0,82,,110649,30,,,0,85,,110653,30,,,0,85,,110659,30,,,0,45,,110644,30,,,0,85,,110648,30,,,0,83,,110654,30,,,0,82,,110660,30,,,0,45,,110661,30,,,0
9201,'Sunday',707,,110677,30,,,0,45,,110662,30,,,0,85,,110667,30,,,0,85,,110672,30,,,0,85,,110678,30,,,0,45,,110663,30,,,0,88,,110668,30,,,0,85,,110674,30,,,0,85,,110679,30,,,0,45,,110665,30,,,0,85,,110669,30,,,0,85,,110673,30,,,0,85,,110680,30,,,0,45,,110664,30,,,0,85,,110670,30,,,0,83,,110675,30,,,0,84,,110681,30,,,0,45,,110666,30,,,0,85,,110671,30,,,0,85,,110676,30,,,0,82,,110682,30,,,0
9201,'Weekday',542,,110688,30,,,0,71,,110694,30,,,0,32,,110712,30,,,0,73,,110700,30,,,0,30,,110716,30,,,0,70,,110704,30,,,0,31,,110689,30,,,0,74,,110695,30,,,0,30,,110713,30,,,0,71,,110701,30,,,0,31,,110708,30,,,0,71,,110705,30,,,0,31,,110690,30,,,0,71,,110696,30,,,0,31,,110714,30,,,0,71,,110702,30,,,0,71,,110699,30,,,0,31,,110706,30,,,0,72,,110691,30,,,0,31,,110697,30,,,0,70,,110715,30,,,0,31,,110703,30,,,0,71,,110693,30,,,0,31,,110707,30,,,0,71,,110692,30,,,0,31,,110698,30,,,0,67,,110683,30,,,0,43,,110685,30,,,0,85,,110710,30,,,0,84,,110709,30,,,0,84,,110684,30,,,0,45,,110686,30,,,0,85,,110711,30,,,0,81,,110687,30,,,0
9201,'STMPSa-Saturday',706,,110732,30,,,0,45,,110718,30,,,0,85,,110722,30,,,0,87,,110727,30,,,0,87,,110733,30,,,0,45,,110717,30,,,0,85,,110723,30,,,0,85,,110728,30,,,0,85,,110734,30,,,0,45,,110719,30,,,0,85,,110724,30,,,0,85,,110729,30,,,0,85,,110735,30,,,0,46,,110720,30,,,0,82,,110726,30,,,0,85,,110730,30,,,0,85,,110736,30,,,0,45,,110721,30,,,0,85,,110725,30,,,0,83,,110731,30,,,0,82,,110737,30,,,0,45,,110738,30,,,0
9201,'STMPSnea-Weekday',542,,110744,30,,,0,71,,110750,30,,,0,32,,110768,30,,,0,73,,110756,30,,,0,30,,110772,30,,,0,70,,110760,30,,,0,31,,110745,30,,,0,74,,110751,30,,,0,30,,110769,30,,,0,71,,110757,30,,,0,31,,110764,30,,,0,71,,110761,30,,,0,31,,110746,30,,,0,71,,110752,30,,,0,31,,110770,30,,,0,71,,110758,30,,,0,71,,110755,30,,,0,31,,110762,30,,,0,72,,110747,30,,,0,31,,110753,30,,,0,70,,110771,30,,,0,31,,110759,30,,,0,71,,110749,30,,,0,31,,110763,30,,,0,71,,110748,30,,,0,31,,110754,30,,,0,67,,110739,30,,,0,43,,110741,30,,,0,85,,110766,30,,,0,84,,110765,30,,,0,84,,110740,30,,,0,45,,110742,30,,,0,85,,110767,30,,,0,81,,110743,30,,,0
9201,'STMPSu1-Sunday',707,,110788,30,,,0,45,,110773,30,,,0,85,,110778,30,,,0,85,,110783,30,,,0,85,,110789,30,,,0,45,,110774,30,,,0,88,,110779,30,,,0,85,,110785,30,,,0,85,,110790,30,,,0,45,,110776,30,,,0,85,,110780,30,,,0,85,,110784,30,,,0,85,,110791,30,,,0,45,,110775,30,,,0,85,,110781,30,,,0,83,,110786,30,,,0,84,,110792,30,,,0,45,,110777,30,,,0,85,,110782,30,,,0,85,,110787,30,,,0,82,,110793,30,,,0
9201,'STMPSu2-Sunday',707,,110809,30,,,0,45,,110794,30,,,0,85,,110799,30,,,0,85,,110804,30,,,0,85,,110810,30,,,0,45,,110795,30,,,0,88,,110800,30,,,0,85,,110806,30,,,0,85,,110811,30,,,0,45,,110797,30,,,0,85,,110801,30,,,0,85,,110805,30,,,0,85,,110812,30,,,0,45,,110796,30,,,0,85,,110802,30,,,0,83,,110807,30,,,0,84,,110813,30,,,0,45,,110798,30,,,0,85,,110803,30,,,0,85,,110808,30,,,0,82,,110814,30,,,0
9201,'STMPWeek-Weekday',542,,110820,30,,,0,71,,110826,30,,,0,32,,110844,30,,,0,73,,110832,30,,,0,30,,110848,30,,,0,70,,110836,30,,,0,31,,110821,30,,,0,74,,110827,30,,,0,30,,110845,30,,,0,71,,110833,30,,,0,31,,110840,30,,,0,71,,110837,30,,,0,31,,110822,30,,,0,71,,110828,30,,,0,31,,110846,30,,,0,71,,110834,30,,,0,71,,110831,30,,,0,31,,110838,30,,,0,72,,110823,30,,,0,31,,110829,30,,,0,70,,110847,30,,,0,31,,110835,30,,,0,71,,110825,30,,,0,31,,110839,30,,,0,71,,110824,30,,,0,31,,110830,30,,,0,67,,110815,30,,,0,43,,110817,30,,,0,85,,110842,30,,,0,84,,110841,30,,,0,84,,110816,30,,,0,45,,110818,30,,,0,85,,110843,30,,,0,81,,110819,30,,,0
9201,'STMPar-Weekday',542,,110854,30,,,0,71,,110860,30,,,0,32,,110878,30,,,0,73,,110866,30,,,0,30,,110882,30,,,0,70,,110870,30,,,0,31,,110855,30,,,0,74,,110861,30,,,0,30,,110879,30,,,0,71,,110867,30,,,0,31,,110874,30,,,0,71,,110871,30,,,0,31,,110856,30,,,0,71,,110862,30,,,0,31,,110880,30,,,0,71,,110868,30,,,0,71,,110865,30,,,0,31,,110872,30,,,0,72,,110857,30,,,0,31,,110863,30,,,0,70,,110881,30,,,0,31,,110869,30,,,0,71,,110859,30,,,0,31,,110873,30,,,0,71,,110858,30,,,0,31,,110864,30,,,0,67,,110849,30,,,0,43,,110851,30,,,0,85,,110876,30,,,0,84,,110875,30,,,0,84,,110850,30,,,0,45,,110852,30,,,0,85,,110877,30,,,0,81,,110853,30,,,0
11701,'Weekday',1658,,119288,19,,,0,83,,119286,21,,,0,69,,119287,21,,,0
11701,'STMPSnea-Weekday',1658,,119291,19,,,0,83,,119289,21,,,0,69,,119290,21,,,0
11701,'STMPWeek-Weekday',1658,,119294,19,,,0,83,,119292,21,,,0,69,,119293,21,,,0
11701,'STMPar-Weekday',1658,,119297,19,,,0,83,,119295,21,,,0,69,,119296,21,,,0
