2401,'STMPSa-Saturday',652,,84289,43,,,0,70,,84300,43,,,0,30,,84309,43,,,0,70,,84291,43,,,0,30,,84299,43,,,0,70,,84310,43,,,0,30,,84290,43,,,0,70,,84301,43,,,0,30,,84312,43,,,0,70,,84288,43,,,0,30,,84303,43,,,0,70,,84314,43,,,0,30,,84292,43,,,0,70,,84304,43,,,0,30,,84315,43,,,0,70,,84293,43,,,0,30,,84302,43,,,0,70,,84313,43,,,0,30,,84294,43,,,0,70,,84305,43,,,0,30,,84317,43,,,0,70,,84295,43,,,0,30,,84307,43,,,0,70,,84316,43,,,0,30,,84296,43,,,0,70,,84306,43,,,0,30,,84318,43,,,0,70,,84297,43,,,0,30,,84308,43,,,0,70,,84319,43,,,0,30,,84298,43,,,0,70,,84311,43,,,0
2401,'STMPSu2-Sunday',652,,84390,43,,,0,70,,84400,43,,,0,30,,84411,43,,,0,70,,84391,43,,,0,30,,84402,43,,,0,70,,84413,43,,,0,30,,84392,43,,,0,70,,84404,43,,,0,30,,84414,43,,,0,70,,84393,43,,,0,30,,84403,43,,,0,70,,84415,43,,,0,30,,84394,43,,,0,70,,84405,43,,,0,30,,84416,43,,,0,70,,84395,43,,,0,30,,84406,43,,,0,70,,84417,43,,,0,30,,84398,43,,,0,70,,84407,43,,,0,30,,84418,43,,,0,70,,84396,43,,,0,30,,84408,43,,,0,70,,84420,43,,,0,30,,84399,43,,,0,70,,84410,43,,,0,30,,84419,43,,,0,70,,84397,43,,,0,30,,84409,43,,,0,70,,84421,43,,,0,30,,84401,43,,,0,70,,84412,43,,,0
2401,'STMPWeek-Weekday',605,,84443,43,,,0,40,,84452,43,,,0,73,,84422,43,,,0,30,,84444,43,,,0,70,,84454,43,,,0,30,,84423,43,,,0,69,,84445,43,,,0,28,,84455,43,,,0,70,,84424,43,,,0,30,,84447,43,,,0,70,,84456,43,,,0,30,,84425,43,,,0,70,,84446,43,,,0,30,,84453,43,,,0,70,,84426,43,,,0,30,,84449,43,,,0,70,,84457,43,,,0,30,,84428,43,,,0,70,,84448,43,,,0,34,,84458,43,,,0,70,,84427,43,,,0,30,,84450,43,,,0,70,,84459,43,,,0,29,,84429,43,,,0,70,,84451,43,,,0,29,,84434,43,,,0,67,,84430,43,,,0,30,,84438,43,,,0,70,,84435,43,,,0,30,,84431,43,,,0,70,,84440,43,,,0,30,,84436,43,,,0,70,,84432,43,,,0,29,,84441,43,,,0,68,,84437,43,,,0,30,,84433,43,,,0,70,,84442,43,,,0,35,,84439,43,,,0
3600,'STMPSa-Saturday',622,,87509,45,,,0,85,,87513,45,,,0,45,,87516,45,,,0,85,,87518,45,,,0,85,,87510,45,,,0,85,,87514,45,,,0,45,,87515,45,,,0,85,,87517,45,,,0,85,,87497,45,,,0,85,,87498,45,,,0,45,,87499,45,,,0,85,,87500,45,,,0,85,,87501,45,,,0,85,,87502,45,,,0,45,,87503,45,,,0,85,,87504,45,,,0,85,,87505,45,,,0,85,,87506,45,,,0,45,,87511,45,,,0,85,,87507,45,,,0,85,,87508,45,,,0,85,,87512,45,,,0,45,,87520,45,,,0,85,,87519,45,,,0
3600,'STMPSu2-Sunday',752,,87587,45,,,0,85,,87589,45,,,0,85,,87585,45,,,0,85,,87584,45,,,0,45,,87586,45,,,0,85,,87588,45,,,0,85,,87575,45,,,0,85,,87574,45,,,0,45,,87576,45,,,0,85,,87577,45,,,0,85,,87578,45,,,0,85,,87579,45,,,0,45,,87580,45,,,0,85,,87581,45,,,0,85,,87582,45,,,0,85,,87583,45,,,0,45,,87590,45,,,0,85,,87592,45,,,0,85,,87593,45,,,0,85,,87595,45,,,0,45,,87594,45,,,0,85,,87591,45,,,0
3600,'STMPWeek-Weekday',537,,87596,42,,,0,115,,87607,45,,,0,75,,87608,45,,,0,75,,87609,45,,,0,35,,87610,45,,,0,75,,87611,45,,,0,33,,87613,45,,,0,75,,87612,45,,,0,35,,87617,45,,,0,75,,87614,45,,,0,75,,87615,45,,,0,35,,87616,45,,,0,75,,87618,45,,,0,35,,87619,45,,,0,75,,87620,45,,,0,75,,87621,45,,,0,35,,87622,45,,,0,78,,87623,45,,,0,35,,87624,45,,,0,75,,87625,45,,,0,33,,87626,45,,,0,73,,87598,45,,,0,75,,87599,45,,,0,31,,87597,45,,,0,72,,87600,45,,,0,41,,87601,45,,,0,81,,87602,45,,,0,81,,87603,45,,,0,41,,87604,45,,,0,81,,87605,45,,,0,81,,87606,45,0,88,0
4100,'STMPSa-Saturday',635,,90261,26,,,0,85,,90259,26,,,0,85,,90244,26,,,0,45,,90245,26,,,0,85,,90246,26,,,0,85,,90247,26,,,0,85,,90248,26,,,0,47,,90249,26,,,0,85,,90250,26,,,0,85,,90251,26,,,0,85,,90252,26,,,0,45,,90253,26,,,0,85,,90255,26,,,0,85,,90256,26,,,0,85,,90257,26,,,0,45,,90254,26,,,0,85,,90258,26,,,0,83,,90260,26,,,0
4100,'STMPWeek-Weekday',619,,90290,26,,,0,36,,90291,26,,,0,75,,90292,26,,,0,75,,90293,26,,,0,37,,90294,26,,,0,74,,90298,26,,,0,35,,90296,26,,,0,75,,90299,26,,,0,75,,90297,26,,,0,35,,90295,26,,,0,75,,90301,26,,,0,35,,90300,26,,,0,75,,90304,26,,,0,35,,90302,26,,,0,75,,90303,26,,,0,76,,90305,26,,,0,36,,90306,26,,,0,74,,90307,26,,,0,35,,90308,26,,,0,73,,90309,26,,,0,75,,90310,26,,,0,36,,90288,26,,,0,72,,90289,26,,,0
4301,'STMPSa-Saturday',526,,91549,40,,,0,23,,91547,58,,,0,63,,91557,58,,,0,23,,91553,58,,,0,23,,91551,58,,,0,63,,91556,58,,,0,23,,91558,58,,,0,63,,91559,58,,,0,22,,91560,58,,,0,23,,91552,58,,,0,62,,91550,58,,,0,24,,91555,58,,,0,63,,91554,58,,,0,28,,91548,58,,,0,24,,91597,58,,,0,61,,91598,58,,,0,21,,91599,58,,,0,21,,91600,58,,,0,61,,91601,58,,,0,21,,91602,58,,,0,21,,91577,58,,,0,60,,91578,58,,,0,21,,91579,58,,,0,63,,91580,58,,,0,22,,91581,58,,,0,21,,91582,58,,,0,61,,91583,58,,,0,21,,91586,58,,,0,21,,91587,58,,,0,61,,91588,58,,,0,21,,91584,58,,,0,21,,91585,58,,,0,61,,91589,58,,,0,22,,91590,58,,,0,22,,91565,58,,,0,61,,91567,58,,,0,20,,91568,58,,,0,21,,91574,58,,,0,59,,91563,58,,,0,18,,91569,58,,,0,20,,91564,58,,,0,61,,91571,58,,,0,20,,91566,58,,,0,20,,91576,58,,,0,61,,91561,58,,,0,21,,91562,58,,,0,61,,91591,58,,,0,21,,91592,58,,,0,22,,91593,58,,,0,62,,91594,58,,,0,22,,91575,58,,,0,22,,91570,58,,,0,62,,91595,58,,,0,22,,91572,58,,,0,22,,91596,58,,,0,62,,91573,58,,,0
4301,'STMPSu2-Sunday',526,,91748,40,,,0,23,,91742,58,,,0,63,,91765,58,,,0,23,,91754,58,,,0,23,,91772,58,,,0,63,,91783,58,,,0,23,,91759,58,,,0,63,,91777,58,,,0,22,,91749,58,,,0,23,,91743,58,,,0,62,,91766,58,,,0,24,,91755,58,,,0,63,,91771,58,,,0,28,,91784,58,,,0,24,,91760,58,,,0,61,,91793,58,,,0,21,,91778,58,,,0,21,,91750,58,,,0,61,,91744,58,,,0,21,,91767,58,,,0,21,,91789,58,,,0,60,,91756,58,,,0,21,,91774,58,,,0,63,,91785,58,,,0,22,,91761,58,,,0,21,,91794,58,,,0,61,,91779,58,,,0,21,,91751,58,,,0,21,,91745,58,,,0,61,,91768,58,,,0,21,,91790,58,,,0,21,,91757,58,,,0,61,,91773,58,,,0,22,,91786,58,,,0,22,,91763,58,,,0,61,,91795,58,,,0,20,,91780,58,,,0,21,,91752,58,,,0,59,,91746,58,,,0,18,,91769,58,,,0,20,,91791,58,,,0,61,,91758,58,,,0,20,,91775,58,,,0,20,,91787,58,,,0,61,,91762,58,,,0,21,,91796,58,,,0,61,,91781,58,,,0,21,,91753,58,,,0,22,,91747,58,,,0,62,,91770,58,,,0,22,,91792,58,,,0,22,,91776,58,,,0,62,,91788,58,,,0,22,,91764,58,,,0,22,,91797,58,,,0,62,,91782,58,,,0
4301,'STMPWeek-Weekday',507,,91804,58,,,0,18,,91837,58,,,0,18,,91799,58,,,0,13,,91852,58,,,0,53,,91810,58,,,0,12,,91862,58,,,0,12,,91846,58,,,0,9,,91864,58,,,0,7,,91866,58,,,0,7,,91808,58,,,0,49,,91816,58,,,0,11,,91845,58,,,0,11,,91819,58,,,0,10,,91853,58,,,0,10,,91823,58,,,0,11,,91858,58,,,0,51,,91814,58,,,0,10,,91805,58,,,0,10,,91815,58,,,0,10,,91839,58,,,0,10,,91818,58,,,0,10,,91798,58,,,0,51,,91854,58,,,0,11,,91809,58,,,0,12,,91863,58,,,0,12,,91847,58,,,0,12,,91824,58,,,0,52,,91817,58,,,0,23,,91820,58,,,0,23,,91855,58,,,0,63,,91859,58,,,0,23,,91806,58,,,0,63,,91838,58,,,0,23,,91800,58,,,0,23,,91811,58,,,0,63,,91848,58,,,0,23,,91825,58,,,0,23,,91821,58,,,0,63,,91856,58,,,0,12,,91860,58,,,0,11,,91840,58,,,0,11,,91842,58,,,0,52,,91828,58,,,0,12,,91801,58,,,0,11,,91812,58,,,0,12,,91833,58,,,0,11,,91849,58,,,0,52,,91836,58,,,0,11,,91851,58,,,0,9,,91803,58,,,0,10,,91826,58,,,0,11,,91822,58,,,0,11,,91831,58,,,0,51,,91857,58,,,0,11,,91832,58,,,0,11,,91861,58,,,0,11,,91834,58,,,0,9,,91807,58,,,0,51,,91830,58,,,0,10,,91844,58,,,0,11,,91841,58,,,0,10,,91843,58,,,0,11,,91829,58,,,0,10,,91802,58,,,0,51,,91813,58,,,0,11,,91835,58,,,0,12,,91850,58,,,0,18,,91827,58,,,0,61,,91870,58,,,0,20,,91871,58,,,0,22,,91872,58,,,0,63,,91875,58,,,0,23,,91874,58,,,0,23,,91877,58,,,0,63,,91868,58,,,0,23,,91876,58,,,0,63,,91873,58,,,0,23,,91879,58,,,0,23,,91869,58,,,0,63,,91878,58,,,0,23,,91867,58,,,0,63,,91880,58,,,0,23,,91865,58,,,0
