1201,'Saturday',802,,77231,30,,,0,30,,77235,30,,,0,70,,77251,30,,,0,30,,77236,30,,,0,70,,77249,30,,,0,30,,77234,30,,,0,70,,77232,30,,,0,30,,77233,30,,,0,70,,77250,30,,,0,30,,77238,30,,,0,70,,77242,30,,,0,30,,77257,30,,,0,70,,77237,30,,,0,30,,77243,30,,,0,70,,77253,30,,,0,30,,77240,30,,,0,70,,77239,30,,,0,30,,77258,30,,,0,70,,77241,30,,,0,30,,77245,30,,,0,70,,77254,30,,,0,30,,77246,30,,,0,70,,77259,30,,,0,30,,77252,30,,,0,70,,77260,30,,,0,30,,77247,30,,,0,70,,77261,30,,,0,30,,77244,30,,,0,70,,77262,30,,,0,30,,77256,30,,,0,70,,77263,30,,,0,30,,77248,30,,,0
1201,'Sunday',832,,77266,30,,,0,70,,77288,30,,,0,30,,77267,30,,,0,70,,77264,30,,,0,30,,77284,30,,,0,70,,77269,30,,,0,30,,77271,30,,,0,70,,77290,30,,,0,30,,77268,30,,,0,70,,77272,30,,,0,30,,77274,30,,,0,70,,77287,30,,,0,30,,77275,30,,,0,70,,77270,30,,,0,30,,77285,30,,,0,70,,77273,30,,,0,30,,77276,30,,,0,70,,77291,30,,,0,30,,77277,30,,,0,70,,77278,30,,,0,30,,77286,30,,,0,70,,77279,30,,,0,30,,77280,30,,,0,70,,77289,30,,,0,30,,77281,30,,,0,70,,77282,30,,,0,30,,77294,30,,,0,70,,77283,30,,,0,30,,77296,30,,,0,70,,77292,30,,,0,30,,77295,30,,,0
1201,'Weekday',525,,77298,19,,,0,34,,77297,3,,,0,70,,77303,3,,,0,26,,77300,30,,,0,70,,77301,30,,,0,30,,77304,30,,,0,70,,77305,30,,,0,30,,77306,30,,,0,70,,77307,30,,,0,30,,77309,30,,,0,70,,77310,30,,,0,30,,77308,30,,,0,70,,77312,30,,,0,30,,77313,30,,,0,70,,77311,30,,,0,30,,77314,30,,,0,72,,77315,30,,,0,28,,77316,30,,,0,70,,77317,30,,,0,30,,77318,30,,,0,75,,77319,30,,,0,28,,77320,30,,,0,70,,77322,30,,,0,30,,77323,30,,,0,70,,77324,30,,,0,30,,77321,30,,,0,70,,77325,30,,,0,75,,77326,30,,,0,30,,77327,30,,,0,70,,77328,30,,,0,30,,77329,30,,,0,70,,77330,30,,,0,30,,77331,30,,,0,70,,77332,30,,,0,30,,77333,30,,,0,70,,77334,30,,,0,30,,77335,30,,,0
1201,'STMPSa-Saturday',802,,77337,30,,,0,30,,77341,30,,,0,70,,77358,30,,,0,30,,77342,30,,,0,70,,77355,30,,,0,30,,77340,30,,,0,70,,77338,30,,,0,30,,77339,30,,,0,70,,77356,30,,,0,30,,77344,30,,,0,70,,77348,30,,,0,30,,77363,30,,,0,70,,77343,30,,,0,30,,77349,30,,,0,70,,77357,30,,,0,30,,77346,30,,,0,70,,77345,30,,,0,30,,77364,30,,,0,70,,77347,30,,,0,30,,77351,30,,,0,70,,77360,30,,,0,30,,77352,30,,,0,70,,77365,30,,,0,30,,77359,30,,,0,70,,77367,30,,,0,30,,77353,30,,,0,70,,77368,30,,,0,30,,77350,30,,,0,70,,77366,30,,,0,30,,77362,30,,,0,70,,77369,30,,,0,30,,77354,30,,,0
1201,'STMPSnea-Weekday',525,,77371,19,,,0,34,,77370,3,,,0,70,,77376,3,,,0,26,,77373,30,,,0,70,,77374,30,,,0,30,,77377,30,,,0,70,,77378,30,,,0,30,,77379,30,,,0,70,,77380,30,,,0,30,,77382,30,,,0,70,,77383,30,,,0,30,,77381,30,,,0,70,,77385,30,,,0,30,,77386,30,,,0,70,,77384,30,,,0,30,,77387,30,,,0,72,,77388,30,,,0,28,,77389,30,,,0,70,,77390,30,,,0,30,,77391,30,,,0,75,,77392,30,,,0,28,,77393,30,,,0,70,,77395,30,,,0,30,,77396,30,,,0,70,,77397,30,,,0,30,,77394,30,,,0,70,,77398,30,,,0,75,,77399,30,,,0,30,,77400,30,,,0,70,,77401,30,,,0,30,,77402,30,,,0,70,,77403,30,,,0,30,,77404,30,,,0,70,,77405,30,,,0,30,,77406,30,,,0,70,,77407,30,,,0,30,,77408,30,,,0
1201,'STMPSu1-Sunday',832,,77411,30,,,0,70,,77433,30,,,0,30,,77412,30,,,0,70,,77409,30,,,0,30,,77429,30,,,0,70,,77414,30,,,0,30,,77416,30,,,0,70,,77435,30,,,0,30,,77413,30,,,0,70,,77417,30,,,0,30,,77420,30,,,0,70,,77432,30,,,0,30,,77421,30,,,0,70,,77415,30,,,0,30,,77430,30,,,0,70,,77419,30,,,0,30,,77418,30,,,0,70,,77436,30,,,0,30,,77422,30,,,0,70,,77423,30,,,0,30,,77431,30,,,0,70,,77424,30,,,0,30,,77425,30,,,0,70,,77434,30,,,0,30,,77426,30,,,0,70,,77427,30,,,0,30,,77439,30,,,0,70,,77428,30,,,0,30,,77441,30,,,0,70,,77437,30,,,0,30,,77440,30,,,0
1201,'STMPSu2-Sunday',832,,77444,30,,,0,70,,77466,30,,,0,30,,77445,30,,,0,70,,77442,30,,,0,30,,77462,30,,,0,70,,77447,30,,,0,30,,77449,30,,,0,70,,77468,30,,,0,30,,77446,30,,,0,70,,77450,30,,,0,30,,77452,30,,,0,70,,77465,30,,,0,30,,77453,30,,,0,70,,77448,30,,,0,30,,77463,30,,,0,70,,77451,30,,,0,30,,77454,30,,,0,70,,77469,30,,,0,30,,77455,30,,,0,70,,77456,30,,,0,30,,77464,30,,,0,70,,77457,30,,,0,30,,77458,30,,,0,70,,77467,30,,,0,30,,77459,30,,,0,70,,77460,30,,,0,30,,77472,30,,,0,70,,77461,30,,,0,30,,77474,30,,,0,70,,77470,30,,,0,30,,77473,30,,,0
1201,'STMPWeek-Weekday',525,,77476,19,,,0,34,,77475,3,,,0,70,,77481,3,,,0,26,,77478,30,,,0,70,,77479,30,,,0,30,,77482,30,,,0,70,,77483,30,,,0,30,,77484,30,,,0,70,,77485,30,,,0,30,,77487,30,,,0,70,,77488,30,,,0,30,,77486,30,,,0,70,,77490,30,,,0,30,,77491,30,,,0,70,,77489,30,,,0,30,,77492,30,,,0,72,,77493,30,,,0,28,,77494,30,,,0,70,,77495,30,,,0,30,,77496,30,,,0,75,,77497,30,,,0,28,,77498,30,,,0,70,,77500,30,,,0,30,,77501,30,,,0,70,,77502,30,,,0,30,,77499,30,,,0,70,,77503,30,,,0,75,,77504,30,,,0,30,,77505,30,,,0,70,,77506,30,,,0,30,,77507,30,,,0,70,,77508,30,,,0,30,,77509,30,,,0,70,,77510,30,,,0,30,,77511,30,,,0,70,,77512,30,,,0,30,,77513,30,,,0
1201,'STMPar-Weekday',525,,77516,19,,,0,34,,77514,3,,,0,70,,77520,3,,,0,26,,77518,30,,,0,70,,77515,30,,,0,30,,77521,30,,,0,70,,77522,30,,,0,30,,77523,30,,,0,70,,77524,30,,,0,30,,77526,30,,,0,70,,77527,30,,,0,30,,77525,30,,,0,70,,77529,30,,,0,30,,77530,30,,,0,70,,77528,30,,,0,30,,77531,30,,,0,72,,77532,30,,,0,28,,77533,30,,,0,70,,77534,30,,,0,30,,77535,30,,,0,75,,77536,30,,,0,28,,77537,30,,,0,70,,77539,30,,,0,30,,77540,30,,,0,70,,77541,30,,,0,30,,77538,30,,,0,70,,77542,30,,,0,75,,77543,30,,,0,30,,77544,30,,,0,70,,77545,30,,,0,30,,77546,30,,,0,70,,77547,30,,,0,30,,77548,30,,,0,70,,77549,30,,,0,30,,77550,30,,,0,70,,77551,30,,,0,30,,77552,30,,,0
5200,'Saturday',547,,93946,2,,,0,85,,93945,2,,,0,85,,93949,2,,,0,85,,93947,2,,,0,45,,93950,2,,,0,85,,93951,2,,,0,85,,93953,2,,,0,85,,93954,2,,,0,45,,93955,2,,,0,85,,93952,2,,,0,92,,93957,2,,,0,85,,93959,2,,,0,45,,93956,2,,,0,85,,93961,2,,,0,84,,93958,2,,,0,86,,93960,2,,,0,40,,93963,2,,,0,90,,93964,2,,,0,82,,93965,2,,,0,88,,93962,2,,,0,45,,93966,2,,,0,85,,93948,2,,,0
5200,'Sunday',726,,93967,2,,,0,100,,93968,2,,,0,85,,93969,2,,,0,45,,93970,2,,,0,85,,93972,2,,,0,85,,93973,2,,,0,85,,93971,2,,,0,45,,93975,2,,,0,85,,93976,2,,,0,85,,93974,2,,,0,85,,93977,2,,,0,45,,93978,2,,,0,85,,93979,2,,,0,85,,93982,2,,,0,85,,93983,2,,,0,45,,93980,2,,,0,85,,93981,2,,,0,85,,93984,2,,,0,85,,93985,2,,,0
5200,'Weekday',602,,94006,2,,,0,45,,94004,2,,,0,85,,94007,2,,,0,85,,94003,2,,,0,85,,94005,2,,,0,45,,93999,2,,,0,85,,94000,2,,,0,85,,94001,2,,,0,85,,94002,2,,,0,45,,93994,2,,,0,85,,93998,2,,,0,85,,93996,2,,,0,42,,93997,2,,,0,86,,93992,2,,,0,85,,93995,2,,,0,85,,93991,2,,,0,85,,93993,2,,,0,45,,93989,2,,,0,85,,93990,2,,,0,85,,93988,2,,,0,85,,93986,2,,,0,46,,93987,2,,,0
5200,'STMPSa-Saturday',547,,94010,2,,,0,85,,94009,2,,,0,85,,94013,2,,,0,85,,94011,2,,,0,45,,94014,2,,,0,85,,94015,2,,,0,85,,94017,2,,,0,85,,94018,2,,,0,45,,94019,2,,,0,85,,94016,2,,,0,92,,94021,2,,,0,85,,94023,2,,,0,45,,94020,2,,,0,85,,94025,2,,,0,84,,94022,2,,,0,86,,94024,2,,,0,40,,94027,2,,,0,90,,94028,2,,,0,82,,94029,2,,,0,88,,94026,2,,,0,45,,94030,2,,,0,85,,94012,2,,,0
5200,'STMPSnea-Weekday',602,,94051,2,,,0,45,,94049,2,,,0,85,,94052,2,,,0,85,,94048,2,,,0,85,,94050,2,,,0,45,,94044,2,,,0,85,,94045,2,,,0,85,,94046,2,,,0,85,,94047,2,,,0,45,,94039,2,,,0,85,,94043,2,,,0,85,,94041,2,,,0,42,,94042,2,,,0,86,,94037,2,,,0,85,,94040,2,,,0,85,,94036,2,,,0,85,,94038,2,,,0,45,,94034,2,,,0,85,,94035,2,,,0,85,,94033,2,,,0,85,,94031,2,,,0,46,,94032,2,,,0
5200,'STMPSu1-Sunday',726,,94054,2,,,0,100,,94055,2,,,0,85,,94056,2,,,0,45,,94057,2,,,0,85,,94059,2,,,0,85,,94060,2,,,0,85,,94058,2,,,0,45,,94062,2,,,0,85,,94063,2,,,0,85,,94061,2,,,0,85,,94064,2,,,0,45,,94065,2,,,0,85,,94066,2,,,0,85,,94069,2,,,0,85,,94070,2,,,0,45,,94067,2,,,0,85,,94068,2,,,0,85,,94071,2,,,0,85,,94072,2,,,0
5200,'STMPSu2-Sunday',726,,94073,2,,,0,100,,94074,2,,,0,85,,94075,2,,,0,45,,94076,2,,,0,85,,94078,2,,,0,85,,94079,2,,,0,85,,94077,2,,,0,45,,94081,2,,,0,85,,94082,2,,,0,85,,94080,2,,,0,85,,94083,2,,,0,45,,94084,2,,,0,85,,94085,2,,,0,85,,94088,2,,,0,85,,94089,2,,,0,45,,94086,2,,,0,85,,94087,2,,,0,85,,94090,2,,,0,85,,94091,2,,,0
5200,'STMPWeek-Weekday',602,,94112,2,,,0,45,,94110,2,,,0,85,,94113,2,,,0,85,,94109,2,,,0,85,,94111,2,,,0,45,,94105,2,,,0,85,,94106,2,,,0,85,,94107,2,,,0,85,,94108,2,,,0,45,,94100,2,,,0,85,,94104,2,,,0,85,,94102,2,,,0,42,,94103,2,,,0,86,,94098,2,,,0,85,,94101,2,,,0,85,,94097,2,,,0,85,,94099,2,,,0,45,,94095,2,,,0,85,,94096,2,,,0,85,,94094,2,,,0,85,,94092,2,,,0,46,,94093,2,,,0
5200,'STMPar-Weekday',602,,94135,2,,,0,45,,94133,2,,,0,85,,94136,2,,,0,85,,94132,2,,,0,85,,94134,2,,,0,45,,94128,2,,,0,85,,94130,2,,,0,85,,94131,2,,,0,85,,94129,2,,,0,45,,94123,2,,,0,85,,94127,2,,,0,85,,94125,2,,,0,42,,94126,2,,,0,86,,94121,2,,,0,85,,94124,2,,,0,85,,94120,2,,,0,85,,94122,2,,,0,45,,94118,2,,,0,85,,94119,2,,,0,85,,94117,2,,,0,85,,94115,2,,,0,46,,94116,2,,,0
10200,'Saturday',614,,115281,2,,,0,30,,115282,2,,,0,70,,115283,2,,,0,30,,115287,2,,,0,70,,115284,2,,,0,30,,115285,2,,,0,70,,115286,2,,,0,30,,115288,2,,,0,70,,115289,2,,,0,30,,115290,2,,,0,70,,115291,2,,,0,30,,115292,2,,,0,70,,115293,2,,,0,30,,115294,2,,,0,70,,115295,2,,,0,30,,115296,2,,,0,70,,115297,2,,,0,30,,115298,2,,,0,70,,115299,2,,,0,30,,115300,2,,,0,70,,115302,2,,,0,30,,115303,2,,,0,70,,115304,2,,,0,30,,115301,2,,,0,70,,115305,2,,,0,30,,115306,2,,,0,70,,115307,2,,,0,30,,115308,2,,,0,70,,115313,2,,,0,30,,115314,2,,,0,70,,115312,2,,,0,30,,115315,2,,,0,70,,115316,2,,,0,30,,115317,2,,,0,70,,115310,2,,,0,30,,115311,2,,,0,70,,115309,2,,,0
10200,'Sunday',614,,115318,2,,,0,30,,115333,2,,,0,70,,115319,2,,,0,30,,115332,2,,,0,70,,115320,2,,,0,30,,115334,2,,,0,70,,115321,2,,,0,30,,115335,2,,,0,70,,115322,2,,,0,30,,115336,2,,,0,70,,115323,2,,,0,30,,115338,2,,,0,70,,115324,2,,,0,30,,115337,2,,,0,70,,115325,2,,,0,30,,115339,2,,,0,70,,115326,2,,,0,30,,115340,2,,,0,70,,115327,2,,,0,30,,115341,2,,,0,70,,115329,2,,,0,30,,115342,2,,,0,70,,115330,2,,,0,30,,115344,2,,,0,70,,115331,2,,,0,30,,115345,2,,,0,70,,115328,2,,,0,30,,115346,2,,,0,70,,115350,2,,,0,30,,115349,2,,,0,70,,115351,2,,,0,30,,115352,2,,,0,70,,115347,2,,,0,30,,115343,2,,,0,70,,115348,2,,,0
10200,'Weekday',452,,115353,2,,,0,67,,115354,2,,,0,28,,115355,2,,,0,65,,115357,2,,,0,20,,115359,2,,,0,20,,115356,2,,,0,60,,115360,2,,,0,20,,115358,2,,,0,20,,115361,2,,,0,60,,115362,2,,,0,20,,115363,2,,,0,20,,115364,2,,,0,67,,115365,2,,,0,30,,115366,2,,,0,70,,115367,2,,,0,30,,115368,2,,,0,70,,115369,2,,,0,30,,115370,2,,,0,70,,115372,2,,,0,30,,115373,2,,,0,70,,115374,2,,,0,30,,115375,2,,,0,70,,115376,2,,,0,27,,115377,2,,,0,63,,115371,2,,,0,20,,115378,2,,,0,20,,115379,2,,,0,60,,115380,2,,,0,20,,115381,2,,,0,20,,115382,2,,,0,60,,115383,2,,,0,20,,115384,2,,,0,20,,115385,2,,,0,60,,115386,2,,,0,20,,115388,2,,,0,26,,115389,2,,,0,70,,115390,2,,,0,30,,115387,2,,,0,70,,115391,2,,,0,30,,115392,2,,,0,70,,115393,2,,,0,30,,115394,2,,,0,70,,115395,2,,,0,30,,115396,2,,,0,70,,115397,2,,,0,30,,115398,2,,,0,70,,115399,2,,,0
10200,'STMPSa-Saturday',614,,115400,2,,,0,30,,115401,2,,,0,70,,115402,2,,,0,30,,115407,2,,,0,70,,115403,2,,,0,30,,115404,2,,,0,70,,115405,2,,,0,30,,115408,2,,,0,70,,115409,2,,,0,30,,115406,2,,,0,70,,115410,2,,,0,30,,115411,2,,,0,70,,115412,2,,,0,30,,115413,2,,,0,70,,115414,2,,,0,30,,115415,2,,,0,70,,115416,2,,,0,30,,115417,2,,,0,70,,115418,2,,,0,30,,115419,2,,,0,70,,115421,2,,,0,30,,115422,2,,,0,70,,115423,2,,,0,30,,115420,2,,,0,70,,115424,2,,,0,30,,115425,2,,,0,70,,115426,2,,,0,30,,115427,2,,,0,70,,115432,2,,,0,30,,115433,2,,,0,70,,115431,2,,,0,30,,115434,2,,,0,70,,115435,2,,,0,30,,115436,2,,,0,70,,115429,2,,,0,30,,115430,2,,,0,70,,115428,2,,,0
10200,'STMPSnea-Weekday',452,,115437,2,,,0,67,,115438,2,,,0,28,,115439,2,,,0,65,,115441,2,,,0,20,,115443,2,,,0,20,,115440,2,,,0,60,,115444,2,,,0,20,,115442,2,,,0,20,,115445,2,,,0,60,,115446,2,,,0,20,,115447,2,,,0,20,,115448,2,,,0,67,,115449,2,,,0,30,,115450,2,,,0,70,,115451,2,,,0,30,,115452,2,,,0,70,,115453,2,,,0,30,,115454,2,,,0,70,,115456,2,,,0,30,,115457,2,,,0,70,,115458,2,,,0,30,,115459,2,,,0,70,,115460,2,,,0,27,,115461,2,,,0,63,,115455,2,,,0,20,,115462,2,,,0,20,,115463,2,,,0,60,,115464,2,,,0,20,,115465,2,,,0,20,,115466,2,,,0,60,,115467,2,,,0,20,,115468,2,,,0,20,,115469,2,,,0,60,,115470,2,,,0,20,,115472,2,,,0,26,,115473,2,,,0,70,,115474,2,,,0,30,,115471,2,,,0,70,,115475,2,,,0,30,,115476,2,,,0,70,,115477,2,,,0,30,,115478,2,,,0,70,,115479,2,,,0,30,,115480,2,,,0,70,,115481,2,,,0,30,,115482,2,,,0,70,,115483,2,,,0
10200,'STMPSu1-Sunday',614,,115484,2,,,0,30,,115499,2,,,0,70,,115485,2,,,0,30,,115498,2,,,0,70,,115486,2,,,0,30,,115500,2,,,0,70,,115487,2,,,0,30,,115501,2,,,0,70,,115488,2,,,0,30,,115502,2,,,0,70,,115489,2,,,0,30,,115504,2,,,0,70,,115490,2,,,0,30,,115503,2,,,0,70,,115491,2,,,0,30,,115506,2,,,0,70,,115492,2,,,0,30,,115507,2,,,0,70,,115493,2,,,0,30,,115505,2,,,0,70,,115495,2,,,0,30,,115508,2,,,0,70,,115496,2,,,0,30,,115510,2,,,0,70,,115497,2,,,0,30,,115511,2,,,0,70,,115494,2,,,0,30,,115512,2,,,0,70,,115516,2,,,0,30,,115515,2,,,0,70,,115517,2,,,0,30,,115518,2,,,0,70,,115513,2,,,0,30,,115509,2,,,0,70,,115514,2,,,0
10200,'STMPSu2-Sunday',614,,115519,2,,,0,30,,115534,2,,,0,70,,115520,2,,,0,30,,115533,2,,,0,70,,115521,2,,,0,30,,115535,2,,,0,70,,115522,2,,,0,30,,115536,2,,,0,70,,115523,2,,,0,30,,115537,2,,,0,70,,115524,2,,,0,30,,115539,2,,,0,70,,115525,2,,,0,30,,115538,2,,,0,70,,115526,2,,,0,30,,115540,2,,,0,70,,115527,2,,,0,30,,115541,2,,,0,70,,115528,2,,,0,30,,115542,2,,,0,70,,115530,2,,,0,30,,115543,2,,,0,70,,115531,2,,,0,30,,115545,2,,,0,70,,115532,2,,,0,30,,115546,2,,,0,70,,115529,2,,,0,30,,115547,2,,,0,70,,115551,2,,,0,30,,115550,2,,,0,70,,115552,2,,,0,30,,115553,2,,,0,70,,115548,2,,,0,30,,115544,2,,,0,70,,115549,2,,,0
10200,'STMPWeek-Weekday',452,,115554,2,,,0,67,,115555,2,,,0,28,,115556,2,,,0,65,,115558,2,,,0,20,,115560,2,,,0,20,,115557,2,,,0,60,,115561,2,,,0,20,,115559,2,,,0,20,,115562,2,,,0,60,,115563,2,,,0,20,,115564,2,,,0,20,,115565,2,,,0,67,,115566,2,,,0,30,,115567,2,,,0,70,,115568,2,,,0,30,,115569,2,,,0,70,,115570,2,,,0,30,,115571,2,,,0,70,,115573,2,,,0,30,,115574,2,,,0,70,,115575,2,,,0,30,,115576,2,,,0,70,,115577,2,,,0,27,,115578,2,,,0,63,,115572,2,,,0,20,,115579,2,,,0,20,,115580,2,,,0,60,,115581,2,,,0,20,,115582,2,,,0,20,,115583,2,,,0,60,,115584,2,,,0,20,,115585,2,,,0,20,,115586,2,,,0,60,,115587,2,,,0,20,,115589,2,,,0,26,,115590,2,,,0,70,,115591,2,,,0,30,,115588,2,,,0,70,,115592,2,,,0,30,,115593,2,,,0,70,,115594,2,,,0,30,,115595,2,,,0,70,,115596,2,,,0,30,,115597,2,,,0,70,,115598,2,,,0,30,,115599,2,,,0,70,,115600,2,,,0
10200,'STMPar-Weekday',452,,115601,2,,,0,67,,115602,2,,,0,28,,115603,2,,,0,65,,115605,2,,,0,20,,115607,2,,,0,20,,115604,2,,,0,60,,115608,2,,,0,20,,115606,2,,,0,20,,115609,2,,,0,60,,115610,2,,,0,20,,115611,2,,,0,20,,115612,2,,,0,67,,115613,2,,,0,30,,115614,2,,,0,70,,115615,2,,,0,30,,115616,2,,,0,70,,115617,2,,,0,30,,115618,2,,,0,70,,115620,2,,,0,30,,115621,2,,,0,70,,115622,2,,,0,30,,115623,2,,,0,70,,115624,2,,,0,27,,115625,2,,,0,63,,115619,2,,,0,20,,115626,2,,,0,20,,115627,2,,,0,60,,115628,2,,,0,20,,115629,2,,,0,20,,115630,2,,,0,60,,115631,2,,,0,20,,115632,2,,,0,20,,115633,2,,,0,60,,115634,2,,,0,20,,115636,2,,,0,26,,115637,2,,,0,70,,115638,2,,,0,30,,115635,2,,,0,70,,115639,2,,,0,30,,115640,2,,,0,70,,115641,2,,,0,30,,115642,2,,,0,70,,115643,2,,,0,30,,115645,2,,,0,70,,115646,2,,,0,30,,115647,2,,,0,70,,115644,2,,,0
