2000,'CUT-Weekday',457,,6773,,,0,61,,6783,,,0,23,,6787,,,0,70,,6801,,,0,27,,6795,,,0,15,,6807,,,0,54,,6781,,,0,14,,6809,,,0,14,,6774,,,0,14,,6811,,,0,54,,6782,,,0,14,,6806,,,0,14,,6788,,,0,14,,6808,,,0,12,,6799,,,0,54,,6810,,,0,14,,6797,,,0,28,,6812,,,0,68,,6775,,,0,28,,6784,,,0,68,,6789,,,0,28,,6802,,,0,68,,6796,,,0,28,,6813,,,0,68,,6776,,,0,28,,6785,,,0,68,,6790,,,0,28,,6803,,,0,70,,6798,,,0,28,,6814,,,0,14,,6820,,,0,14,,6777,,,0,54,,6826,,,0,14,,6786,,,0,14,,6830,,,0,14,,6792,,,0,54,,6818,,,0,12,,6822,,,0,14,,6804,,,0,14,,6800,,,0,54,,6819,,,0,14,,6815,,,0,14,,6821,,,0,14,,6778,,,0,13,,6827,,,0,68,,6791,,,0,28,,6823,,,0,68,,6805,,,0,28,,6816,,,0,68,,6779,,,0,28,,6828,,,0,68,,6793,,,0,35,,6824,,,0,67,,6817,,,0,30,,6780,,,0,70,,6829,,,0,30,,6794,,,0,60,,6825,,,0
2000,'Saturday',633,,6832,,,0,68,,6851,,,0,28,,6838,,,0,28,,6844,,,0,68,,6859,,,0,28,,6864,,,0,70,,6833,,,0,28,,6852,,,0,68,,6839,,,0,28,,6846,,,0,68,,6858,,,0,28,,6865,,,0,68,,6831,,,0,28,,6854,,,0,68,,6840,,,0,28,,6847,,,0,68,,6860,,,0,28,,6866,,,0,28,,6834,,,0,68,,6853,,,0,28,,6841,,,0,68,,6848,,,0,28,,6861,,,0,68,,6867,,,0,28,,6835,,,0,68,,6855,,,0,28,,6842,,,0,68,,6849,,,0,28,,6863,,,0,67,,6868,,,0,27,,6837,,,0,68,,6856,,,0,28,,6843,,,0,28,,6850,,,0,68,,6862,,,0,28,,6869,,,0,68,,6836,,,0,28,,6857,,,0,67,,6845,,,0
2000,'Sunday',633,,6870,,,0,68,,6889,,,0,28,,6877,,,0,28,,6883,,,0,68,,6896,,,0,28,,6903,,,0,70,,6871,,,0,28,,6890,,,0,68,,6878,,,0,28,,6884,,,0,68,,6897,,,0,28,,6902,,,0,68,,6872,,,0,28,,6891,,,0,68,,6879,,,0,28,,6885,,,0,68,,6898,,,0,28,,6904,,,0,28,,6873,,,0,68,,6892,,,0,28,,6881,,,0,68,,6886,,,0,28,,6899,,,0,68,,6906,,,0,28,,6874,,,0,68,,6893,,,0,28,,6880,,,0,68,,6887,,,0,28,,6900,,,0,67,,6905,,,0,27,,6876,,,0,68,,6894,,,0,28,,6882,,,0,28,,6888,,,0,68,,6901,,,0,28,,6907,,,0,68,,6875,,,0,28,,6895,,,0
2000,'Weekday',457,,6908,,,0,61,,6918,,,0,23,,6922,,,0,70,,6936,,,0,27,,6930,,,0,15,,6942,,,0,54,,6916,,,0,14,,6944,,,0,14,,6909,,,0,14,,6946,,,0,54,,6917,,,0,14,,6941,,,0,14,,6923,,,0,14,,6943,,,0,12,,6934,,,0,54,,6945,,,0,14,,6932,,,0,28,,6947,,,0,68,,6910,,,0,28,,6919,,,0,68,,6924,,,0,28,,6937,,,0,68,,6931,,,0,28,,6948,,,0,68,,6911,,,0,28,,6920,,,0,68,,6925,,,0,28,,6938,,,0,70,,6933,,,0,3,,6953,,,0,20,,6958,,,0,5,,6949,,,0,14,,6956,,,0,14,,6912,,,0,54,,6963,,,0,14,,6921,,,0,14,,6967,,,0,14,,6927,,,0,54,,6954,,,0,12,,6959,,,0,14,,6939,,,0,14,,6935,,,0,54,,6955,,,0,14,,6950,,,0,14,,6957,,,0,14,,6913,,,0,13,,6964,,,0,68,,6926,,,0,28,,6960,,,0,68,,6940,,,0,28,,6951,,,0,68,,6914,,,0,28,,6965,,,0,68,,6928,,,0,35,,6961,,,0,67,,6952,,,0,30,,6915,,,0,70,,6966,,,0,30,,6929,,,0,60,,6962,,,0
2000,'Weekday0000100',1427,,6968,,,0
2000,'pBxDec31-Weekday',457,,6969,,,0,61,,6979,,,0,23,,6983,,,0,70,,6997,,,0,27,,6991,,,0,15,,7003,,,0,54,,6977,,,0,14,,7005,,,0,14,,6970,,,0,14,,7007,,,0,54,,6978,,,0,14,,7002,,,0,14,,6984,,,0,14,,7004,,,0,12,,6995,,,0,54,,7006,,,0,14,,6993,,,0,28,,7008,,,0,68,,6971,,,0,28,,6980,,,0,68,,6985,,,0,28,,6998,,,0,68,,6992,,,0,28,,7009,,,0,68,,6972,,,0,28,,6981,,,0,68,,6986,,,0,28,,6999,,,0,70,,6994,,,0,28,,7010,,,0,14,,7016,,,0,14,,6973,,,0,54,,7022,,,0,14,,6982,,,0,14,,7026,,,0,14,,6988,,,0,54,,7014,,,0,12,,7018,,,0,14,,7000,,,0,14,,6996,,,0,54,,7015,,,0,14,,7011,,,0,14,,7017,,,0,14,,6974,,,0,13,,7023,,,0,68,,6987,,,0,28,,7019,,,0,68,,7001,,,0,28,,7012,,,0,68,,6975,,,0,28,,7024,,,0,68,,6989,,,0,35,,7020,,,0,67,,7013,,,0,30,,6976,,,0,70,,7025,,,0,30,,6990,,,0,60,,7021,,,0
6600,'CUT-Weekday',538,,18081,,,0,64,,18082,,,0,23,,18090,,,0,23,,18091,,,0,63,,18088,,,0,23,,18092,,,0,23,,18089,,,0,63,,18094,,,0,23,,18095,,,0,62,,18096,,,0,23,,18093,,,0,23,,18097,,,0,63,,18098,,,0,23,,18099,,,0,63,,18100,,,0,23,,18101,,,0,23,,18102,,,0,63,,18103,,,0,23,,18105,,,0,23,,18106,,,0,63,,18104,,,0,23,,18109,,,0,63,,18110,,,0,23,,18107,,,0,23,,18111,,,0,63,,18108,,,0,24,,18112,,,0,63,,18113,,,0,23,,18114,,,0,23,,18115,,,0,63,,18116,,,0,23,,18118,,,0,23,,18121,,,0,63,,18117,,,0,23,,18122,,,0,68,,18120,,,0,33,,18119,,,0,71,,18084,,,0,32,,18077,,,0,73,,18083,,,0,33,,18078,,,0,73,,18085,,,0,33,,18079,,,0,73,,18086,,,0,73,,18080,,,0
6600,'Saturday',555,,18123,,,0,73,,18140,,,0,73,,18124,,,0,33,,18142,,,0,73,,18125,,,0,33,,18141,,,0,73,,18126,,,0,34,,18143,,,0,73,,18127,,,0,33,,18144,,,0,73,,18128,,,0,33,,18146,,,0,73,,18129,,,0,73,,18145,,,0,33,,18130,,,0,73,,18147,,,0,33,,18131,,,0,73,,18148,,,0,33,,18132,,,0,73,,18149,,,0,33,,18134,,,0,73,,18152,,,0,73,,18133,,,0,32,,18150,,,0,73,,18135,,,0,33,,18151,,,0,73,,18136,,,0,33,,18153,,,0,73,,18138,,,0,33,,18154,,,0,73,,18137,,,0,33,,18155,,,0,73,,18139,,,0
6600,'Sunday',555,,18156,,,0,73,,18174,,,0,73,,18158,,,0,33,,18175,,,0,73,,18157,,,0,33,,18176,,,0,73,,18159,,,0,34,,18173,,,0,73,,18161,,,0,33,,18177,,,0,73,,18160,,,0,33,,18178,,,0,73,,18162,,,0,73,,18179,,,0,33,,18163,,,0,73,,18180,,,0,33,,18165,,,0,73,,18181,,,0,33,,18164,,,0,73,,18182,,,0,33,,18166,,,0,73,,18183,,,0,73,,18167,,,0,32,,18184,,,0,73,,18168,,,0,33,,18185,,,0,73,,18169,,,0,33,,18186,,,0,73,,18170,,,0,33,,18187,,,0,73,,18171,,,0,33,,18188,,,0,73,,18172,,,0
6600,'Weekday',538,,18193,,,0,64,,18194,,,0,23,,18201,,,0,23,,18202,,,0,63,,18200,,,0,23,,18203,,,0,23,,18204,,,0,63,,18206,,,0,23,,18207,,,0,62,,18208,,,0,23,,18205,,,0,23,,18209,,,0,63,,18210,,,0,23,,18211,,,0,63,,18212,,,0,23,,18213,,,0,23,,18214,,,0,63,,18215,,,0,23,,18217,,,0,23,,18218,,,0,63,,18216,,,0,23,,18221,,,0,63,,18222,,,0,23,,18219,,,0,23,,18223,,,0,63,,18220,,,0,24,,18224,,,0,63,,18225,,,0,23,,18226,,,0,23,,18227,,,0,63,,18228,,,0,23,,18230,,,0,23,,18233,,,0,63,,18229,,,0,23,,18234,,,0,68,,18232,,,0,33,,18231,,,0,71,,18195,,,0,32,,18189,,,0,73,,18196,,,0,33,,18190,,,0,73,,18197,,,0,33,,18191,,,0,73,,18198,,,0,73,,18192,,,0
6600,'pBxDec31-Weekday',538,,18239,,,0,64,,18240,,,0,23,,18247,,,0,23,,18248,,,0,63,,18246,,,0,23,,18249,,,0,23,,18250,,,0,63,,18252,,,0,23,,18253,,,0,62,,18254,,,0,23,,18251,,,0,23,,18255,,,0,63,,18256,,,0,23,,18257,,,0,63,,18258,,,0,23,,18259,,,0,23,,18260,,,0,63,,18261,,,0,23,,18263,,,0,23,,18264,,,0,63,,18262,,,0,23,,18267,,,0,63,,18268,,,0,23,,18265,,,0,23,,18269,,,0,63,,18266,,,0,24,,18270,,,0,63,,18271,,,0,23,,18272,,,0,23,,18273,,,0,63,,18274,,,0,23,,18276,,,0,23,,18279,,,0,63,,18275,,,0,23,,18280,,,0,68,,18278,,,0,33,,18277,,,0,71,,18242,,,0,32,,18235,,,0,73,,18241,,,0,33,,18236,,,0,73,,18243,,,0,33,,18237,,,0,73,,18244,,,0,73,,18238,,,0
