11500,'Saturday',618,,15955,9,,,0,38,,15975,9,,,0,78,,15956,9,,,0,78,,15957,9,,,0,38,,15958,9,,,0,78,,15959,9,,,0,78,,15960,9,,,0,38,,15961,9,,,0,78,,15962,9,,,0,78,,15963,9,,,0,38,,15964,9,,,0,78,,15965,9,,,0,38,,15966,9,,,0,78,,15967,9,,,0,78,,15968,9,,,0,38,,15969,9,,,0,78,,15970,9,,,0,78,,15972,9,,,0,38,,15973,9,,,0,78,,15974,9,,,0,38,,15971,9,,,0,77,,15976,9,,,0,78,,15978,9,,,0,38,,15977,9,,,0,78,,15979,9,,,0,78,,15982,9,,,0,38,,15981,9,,,0,78,,15980,9,,,0
11500,'Sunday',618,,15983,9,,,0,38,,15984,9,,,0,78,,15985,9,,,0,78,,15986,9,,,0,38,,15987,9,,,0,78,,15988,9,,,0,78,,15989,9,,,0,38,,15990,9,,,0,78,,15991,9,,,0,78,,15992,9,,,0,38,,15993,9,,,0,78,,15994,9,,,0,38,,15995,9,,,0,78,,15996,9,,,0,78,,15997,9,,,0,38,,15998,9,,,0,78,,15999,9,,,0,78,,16001,9,,,0,38,,16002,9,,,0,78,,16003,9,,,0,38,,16000,9,,,0,77,,16004,9,,,0,78,,16006,9,,,0,38,,16005,9,,,0,78,,16007,9,,,0,78,,16010,9,,,0,38,,16009,9,,,0,78,,16008,9,,,0
11500,'Weekday',432,,16045,9,,,0,74,,16011,9,,,0,5,,16046,9,,,0,27,,16012,9,,,0,73,,16022,9,,,0,32,,16014,9,,,0,12,,16047,9,,,0,55,,16048,9,,,0,5,,16015,9,,,0,32,,16016,9,,,0,72,,16023,9,,,0,32,,16018,9,,,0,71,,16017,9,,,0,32,,16019,9,,,0,72,,16024,9,,,0,32,,16020,9,,,0,72,,16021,9,,,0,72,,16025,9,,,0,32,,16026,9,,,0,72,,16027,9,,,0,32,,16028,9,,,0,72,,16031,9,,,0,33,,16036,9,,,0,72,,16029,9,,,0,32,,16037,9,,,0,72,,16030,9,,,0,32,,16032,9,,,0,72,,16033,9,,,0,32,,16034,9,,,0,72,,16035,9,,,0,32,,16038,9,,,0,71,,16039,9,,,0,72,,16044,9,,,0,32,,16041,9,,,0,72,,16042,9,,,0,32,,16040,9,,,0,72,,16043,9,,,0,32,,16013,9,,,0
15800,'Saturday',557,,20011,10,,,0,80,,19986,10,,,0,80,,19988,10,,,0,40,,19991,10,,,0,80,,19987,10,,,0,80,,19989,10,,,0,40,,19990,10,,,0,80,,19992,10,,,0,80,,19993,10,,,0,40,,19994,10,,,0,81,,19995,10,,,0,80,,19996,10,,,0,40,,19997,10,,,0,80,,19998,10,,,0,80,,19999,10,,,0,40,,20000,10,,,0,80,,20001,10,,,0,80,,20002,10,,,0,40,,20004,10,,,0,80,,20005,10,,,0,80,,20003,10,,,0,40,,20006,10,,,0,80,,20007,10,,,0,80,,20008,10,,,0,40,,20012,10,,,0,80,,20009,10,,,0,80,,20010,10,,,0
15800,'Sunday',557,,20022,10,,,0,80,,20032,10,,,0,80,,20013,10,,,0,40,,20023,10,,,0,80,,20033,10,,,0,80,,20014,10,,,0,40,,20024,10,,,0,80,,20034,10,,,0,80,,20015,10,,,0,40,,20025,10,,,0,81,,20035,10,,,0,80,,20016,10,,,0,40,,20026,10,,,0,80,,20036,10,,,0,80,,20017,10,,,0,40,,20027,10,,,0,80,,20037,10,,,0,80,,20018,10,,,0,40,,20028,10,,,0,80,,20038,10,,,0,80,,20019,10,,,0,40,,20030,10,,,0,80,,20039,10,,,0,80,,20020,10,,,0,40,,20029,10,,,0,80,,20040,10,,,0,80,,20021,10,,,0,40,,20031,10,,,0
15800,'Weekday',508,,20041,10,,,0,33,,20049,10,,,0,70,,20059,10,,,0,31,,20064,10,,,0,70,,20042,10,,,0,30,,20050,10,,,0,70,,20058,10,,,0,30,,20065,10,,,0,71,,20043,10,,,0,30,,20051,10,,,0,70,,20060,10,,,0,30,,20066,10,,,0,69,,20044,10,,,0,30,,20052,10,,,0,70,,20061,10,,,0,30,,20067,10,,,0,70,,20045,10,,,0,30,,20053,10,,,0,70,,20062,10,,,0,30,,20068,10,,,0,80,,20046,10,,,0,23,,20054,10,,,0,70,,20063,10,,,0,32,,20069,10,,,0,67,,20047,10,,,0,30,,20055,10,,,0,70,,20048,10,,,0,28,,20075,10,,,0,70,,20076,10,,,0,30,,20070,10,,,0,70,,20073,10,,,0,30,,20056,10,,,0,70,,20077,10,,,0,30,,20071,10,,,0,70,,20074,10,,,0,30,,20057,10,,,0,70,,20078,10,,,0,30,,20072,10,,,0
77300,'Weekday',750,,23932,28,0,125 6 126 31,0
80100,'Weekday',829,,23999,21,0,127 128 129,0
80101,'Weekday',1602,,24000,23,0,127 128 129,0
80700,'Weekday',830,,24005,23,0,127 126 31,0
80701,'Weekday',1558,,24006,4,4,,0
81400,'Weekday',822,,24024,19,0,12 13 128 129,0
81401,'Weekday0000100',1503,,24025,26,4,,0
81401,'Weekday1111000',1603,,24026,26,4,,0
81700,'Weekday',826,,24033,21,0,12 13 126 31,0
81701,'Weekday0000100',1505,,24034,28,4,,0
81701,'Weekday1111000',1605,,24035,28,4,,0
