11100,'Saturday',632,,53034,17,,,0,85,,53036,17,,,0,85,,53035,17,,,0,45,,53037,17,,,0,85,,53033,17,,,0,85,,53038,17,,,0,85,,53039,17,,,0,45,,53041,17,,,0,85,,53040,17,,,0,85,,53042,17,,,0,85,,53043,17,,,0,45,,53044,17,,,0,85,,53047,17,,,0,85,,53045,17,,,0,85,,53048,17,,,0,45,,53046,17,,,0,85,,53049,17,,,0,85,,53051,17,,,0,85,,53050,17,,,0,45,,53052,17,,,0,85,,53053,17,,,0
11100,'Sunday',632,,53054,17,,,0,85,,53058,17,,,0,85,,53060,17,,,0,45,,53056,17,,,0,85,,53057,17,,,0,85,,53062,17,,,0,85,,53063,17,,,0,45,,53059,17,,,0,85,,53061,17,,,0,85,,53064,17,,,0,85,,53066,17,,,0,45,,53067,17,,,0,85,,53068,17,,,0,85,,53065,17,,,0,85,,53069,17,,,0,45,,53071,17,,,0,85,,53073,17,,,0,85,,53070,17,,,0,85,,53074,17,,,0,45,,53072,17,,,0,85,,53055,17,,,0
11100,'Weekday',559,,53075,17,,,0,70,,53083,17,,,0,30,,53077,17,,,0,70,,53084,17,,,0,30,,53076,17,,,0,70,,53085,17,,,0,30,,53103,17,,,0,70,,53086,17,,,0,30,,53104,17,,,0,70,,53087,17,,,0,30,,53105,17,,,0,70,,53088,17,,,0,29,,53106,17,,,0,70,,53089,17,,,0,30,,53107,17,,,0,70,,53090,17,,,0,30,,53108,17,,,0,70,,53091,17,,,0,30,,53078,17,,,0,71,,53092,17,,,0,30,,53079,17,,,0,70,,53093,17,,,0,15,,53102,17,,,0,15,,53080,17,,,0,70,,53095,17,,,0,30,,53081,17,,,0,70,,53094,17,,,0,30,,53082,17,,,0,70,,53096,17,,,0,90,,53097,17,,,0,90,,53099,17,,,0,50,,53098,17,,,0,90,,53100,17,,,0,90,,53101,17,,,0
11100,'1CCSDCUT-Weekday',559,,53109,17,,,0,70,,53117,17,,,0,30,,53111,17,,,0,70,,53118,17,,,0,30,,53110,17,,,0,70,,53119,17,,,0,30,,53137,17,,,0,70,,53120,17,,,0,30,,53138,17,,,0,70,,53121,17,,,0,30,,53139,17,,,0,70,,53122,17,,,0,29,,53140,17,,,0,70,,53123,17,,,0,30,,53141,17,,,0,70,,53124,17,,,0,30,,53142,17,,,0,70,,53125,17,,,0,30,,53112,17,,,0,71,,53126,17,,,0,30,,53113,17,,,0,70,,53127,17,,,0,15,,53136,17,,,0,15,,53114,17,,,0,70,,53129,17,,,0,30,,53115,17,,,0,70,,53128,17,,,0,30,,53116,17,,,0,70,,53130,17,,,0,90,,53131,17,,,0,90,,53133,17,,,0,50,,53132,17,,,0,90,,53134,17,,,0,90,,53135,17,,,0
69900,'Weekday0000100',1444,,68339,54,0,115 116,0,80,,68338,54,0,115 116,0
69900,'Weekday1111000',1636,,68340,54,0,115 116,0
69900,'1CCSDCUT-Weekday0000100',1444,,68342,54,0,115 116,0,80,,68341,54,0,115 116,0
69900,'1CCSDCUT-Weekday1111000',1636,,68343,54,0,115 116,0
72800,'Weekday',826,,68516,18,0,140 69 31,0
72800,'1CCSDCUT-Weekday',826,,68517,18,0,140 69 31,0
