13100,'Weekday',556,,56912,15,,,0,60,,56911,15,,,0,20,,56910,15,,,0,20,,56913,15,,,0
13100,'1CCSDCUT-Weekday',556,,56916,15,,,0,60,,56915,15,,,0,20,,56914,15,,,0,20,,56917,15,,,0
13100,'1PUBCUT-Weekday',556,,56920,15,,,0,60,,56919,15,,,0,20,,56918,15,,,0,20,,56921,15,,,0
15300,'Saturday',607,,59706,6,,,0,37,,59707,6,,,0,77,,59708,6,,,0,37,,59710,6,,,0,77,,59718,6,,,0,77,,59719,6,,,0,37,,59716,6,,,0,77,,59721,6,,,0,77,,59715,6,,,0,37,,59722,6,,,0,77,,59723,6,,,0,37,,59720,6,,,0,77,,59724,6,,,0,77,,59725,6,,,0,37,,59726,6,,,0,77,,59727,6,,,0,37,,59728,6,,,0,77,,59729,6,,,0,77,,59730,6,,,0,37,,59732,6,,,0,77,,59731,6,,,0,77,,59717,6,,,0,37,,59712,6,,,0,77,,59714,6,,,0,37,,59713,6,,,0,77,,59711,6,,,0,77,,59709,6,,,0
15300,'Sunday',835,,59733,6,,,0,77,,59735,6,,,0,37,,59734,6,,,0,77,,59736,6,,,0,77,,59737,6,,,0,37,,59738,6,,,0,77,,59740,6,,,0,37,,59741,6,,,0,77,,59742,6,,,0,77,,59739,6,,,0,37,,59743,6,,,0,77,,59744,6,,,0,37,,59745,6,,,0,77,,59746,6,,,0,77,,59747,6,,,0,37,,59748,6,,,0,77,,59749,6,,,0,77,,59750,6,,,0,37,,59751,6,,,0,77,,59752,6,,,0,37,,59753,6,,,0,75,,59754,6,,,0,72,,59755,6,,,0
15300,'Weekday',525,,59757,6,,,0,25,,59758,6,,,0,63,,59756,6,,,0,26,,59759,6,,,0,65,,59760,6,,,0,24,,59762,6,,,0,26,,59763,6,,,0,65,,59766,6,,,0,25,,59767,6,,,0,66,,59764,6,,,0,25,,59768,6,,,0,65,,59769,6,,,0,25,,59770,6,,,0,25,,59771,6,,,0,65,,59773,6,,,0,25,,59774,6,,,0,65,,59772,6,,,0,25,,59776,6,,,0,25,,59777,6,,,0,65,,59775,6,,,0,25,,59778,6,,,0,65,,59779,6,,,0,26,,59780,6,,,0,70,,59782,6,,,0,30,,59783,6,,,0,20,,59784,6,,,0,54,,59803,6,,,0,10,,59781,6,,,0,10,,59785,6,,,0,10,,59801,6,,,0,10,,59802,6,,,0,50,,59786,6,,,0,20,,59787,6,,,0,20,,59788,6,,,0,64,,59789,6,,,0,35,,59790,6,,,0,76,,59791,6,,,0,36,,59792,6,,,0,76,,59793,6,,,0,76,,59794,6,,,0,36,,59796,6,,,0,76,,59797,6,,,0,36,,59798,6,,,0,76,,59795,6,,,0
15300,'Weekday0000100',1452,,59804,6,,,0
15300,'1CCSDCUT-Weekday',525,,59806,6,,,0,25,,59807,6,,,0,63,,59805,6,,,0,26,,59808,6,,,0,65,,59809,6,,,0,24,,59811,6,,,0,26,,59812,6,,,0,65,,59815,6,,,0,25,,59816,6,,,0,66,,59813,6,,,0,25,,59817,6,,,0,65,,59818,6,,,0,25,,59819,6,,,0,25,,59820,6,,,0,65,,59822,6,,,0,25,,59823,6,,,0,65,,59821,6,,,0,25,,59825,6,,,0,25,,59826,6,,,0,65,,59824,6,,,0,25,,59827,6,,,0,65,,59828,6,,,0,26,,59829,6,,,0,70,,59831,6,,,0,30,,59832,6,,,0,20,,59833,6,,,0,54,,59852,6,,,0,10,,59830,6,,,0,10,,59834,6,,,0,10,,59850,6,,,0,10,,59851,6,,,0,50,,59835,6,,,0,20,,59836,6,,,0,20,,59837,6,,,0,64,,59838,6,,,0,35,,59839,6,,,0,76,,59840,6,,,0,36,,59841,6,,,0,76,,59842,6,,,0,76,,59843,6,,,0,36,,59845,6,,,0,76,,59846,6,,,0,36,,59847,6,,,0,76,,59844,6,,,0
15300,'1CCSDCUT-Weekday0000100',1452,,59853,6,,,0
15300,'1PUBCUT-Weekday',525,,59855,6,,,0,25,,59856,6,,,0,63,,59854,6,,,0,26,,59857,6,,,0,65,,59858,6,,,0,24,,59860,6,,,0,26,,59861,6,,,0,65,,59864,6,,,0,25,,59865,6,,,0,66,,59862,6,,,0,25,,59866,6,,,0,65,,59867,6,,,0,25,,59868,6,,,0,25,,59869,6,,,0,65,,59871,6,,,0,25,,59872,6,,,0,65,,59870,6,,,0,25,,59874,6,,,0,25,,59875,6,,,0,65,,59873,6,,,0,25,,59876,6,,,0,65,,59877,6,,,0,26,,59878,6,,,0,70,,59880,6,,,0,30,,59881,6,,,0,20,,59882,6,,,0,54,,59901,6,,,0,10,,59879,6,,,0,10,,59883,6,,,0,10,,59899,6,,,0,10,,59900,6,,,0,50,,59884,6,,,0,20,,59885,6,,,0,20,,59886,6,,,0,64,,59887,6,,,0,35,,59888,6,,,0,76,,59889,6,,,0,36,,59890,6,,,0,76,,59891,6,,,0,76,,59892,6,,,0,36,,59894,6,,,0,76,,59895,6,,,0,36,,59896,6,,,0,76,,59893,6,,,0
15300,'1PUBCUT-Weekday0000100',1452,,59902,6,,,0
