1901,'STMPSa-Saturday',640,2,80380,42,,,0,75,2,80372,42,,,0,35,2,80388,42,,,0,75,2,80396,42,,,0,75,42,80381,42,,,0,35,2,80373,42,,,0,75,2,80389,42,,,0,35,2,80397,42,,,0,75,2,80382,42,,,0,35,2,80374,42,,,0,75,2,80390,42,,,0,74,2,80398,42,,,0,35,2,80383,42,,,0,68,2,80376,42,,,0,24,2,80403,42,,,0,28,2,80392,42,,,0,68,2,80399,42,,,0,28,2,80384,42,,,0,68,2,80375,42,,,0,28,2,80405,42,,,0,68,2,80391,42,,,0,28,2,80400,42,,,0,68,2,80385,42,,,0,28,2,80377,42,,,0,68,2,80404,42,,,0,23,2,80394,42,,,0,73,2,80402,42,,,0,35,2,80386,42,,,0,75,2,80378,42,,,0,35,2,80395,42,,,0,75,2,80401,42,,,0,75,2,80387,42,,,0,35,2,80379,42,,,0,73,,80393,42,4,,0
1901,'STMPSu2-Sunday',640,2,80489,42,,,0,75,2,80481,42,,,0,35,2,80497,42,,,0,75,2,80504,42,,,0,75,42,80490,42,,,0,35,2,80482,42,,,0,75,2,80498,42,,,0,35,2,80506,42,,,0,75,2,80491,42,,,0,35,2,80483,42,,,0,75,2,80499,42,,,0,74,2,80508,42,,,0,35,2,80493,42,,,0,68,2,80484,42,,,0,24,2,80512,42,,,0,28,2,80500,42,,,0,68,2,80507,42,,,0,28,2,80495,42,,,0,68,2,80485,42,,,0,28,2,80513,42,,,0,68,2,80501,42,,,0,28,2,80509,42,,,0,68,2,80494,42,,,0,28,2,80486,42,,,0,68,2,80514,42,,,0,23,2,80502,42,,,0,73,2,80510,42,,,0,35,2,80492,42,,,0,75,2,80487,42,,,0,35,2,80503,42,,,0,75,2,80511,42,,,0,75,2,80496,42,,,0,35,2,80488,42,,,0,73,,80505,42,4,,0
1901,'STMPWeek-Weekday',515,,80548,1,,,0,23,2,80515,42,,,0,74,2,80523,42,,,0,24,2,80531,42,,,0,72,2,80539,42,,,0,32,2,80549,42,,,0,67,2,80516,42,,,0,37,2,80524,42,,,0,69,2,80532,42,,,0,34,2,80540,42,,,0,73,2,80550,42,,,0,32,2,80517,42,,,0,72,2,80525,42,,,0,32,2,80533,42,,,0,72,2,80541,42,,,0,72,42,80551,42,,,0,32,2,80518,42,,,0,72,2,80526,42,,,0,34,2,80534,42,,,0,72,2,80543,42,,,0,32,2,80552,42,,,0,72,2,80519,42,,,0,31,2,80527,42,,,0,72,2,80535,42,,,0,32,2,80542,42,,,0,68,2,80553,42,,,0,29,2,80520,42,,,0,70,2,80528,42,,,0,30,2,80536,42,,,0,70,2,80544,42,,,0,30,2,80555,42,,,0,70,2,80521,42,,,0,30,2,80529,42,,,0,67,2,80537,42,,,0,28,2,80545,42,,,0,70,2,80554,42,,,0,30,2,80522,42,,,0,70,2,80530,42,,,0,30,2,80538,42,,,0,70,2,80546,42,,,0,30,2,80547,42,,,0
4000,'STMPSa-Saturday',847,,89838,47,4,,0,75,,89839,47,4,,0,35,,89837,47,4,,0,75,,89840,47,4,,0,75,,89841,47,4,,0,35,,89842,47,4,,0,75,,89843,47,4,,0,35,,89844,47,4,,0,75,,89847,47,4,,0,75,,89848,47,4,,0,35,,89845,47,4,,0,75,,89846,47,4,,0,35,,89849,47,4,,0,75,,89850,47,4,,0,35,,89851,47,4,,0,75,,89852,47,4,,0,75,,89853,47,4,,0,35,,89854,47,4,,0,75,,89855,47,4,,0
4000,'STMPSu2-Sunday',847,,89904,47,4,,0,75,,89905,47,4,,0,35,,89907,47,4,,0,75,,89908,47,4,,0,75,,89909,47,4,,0,35,,89906,47,4,,0,75,,89910,47,4,,0,35,,89911,47,4,,0,75,,89912,47,4,,0,75,,89913,47,4,,0,35,,89914,47,4,,0,75,,89916,47,4,,0,35,,89917,47,4,,0,75,,89918,47,4,,0,35,,89915,47,4,,0,75,,89919,47,4,,0,75,,89920,47,4,,0,35,,89921,47,4,,0,75,,89922,47,4,,0
4000,'STMPWeek-Weekday',657,,89939,47,4,,0,75,,89933,47,4,,0,75,,89946,47,4,,0,35,,89940,47,4,,0,74,,89934,47,4,,0,35,,89947,47,4,,0,75,,89941,47,4,,0,75,,89935,47,4,,0,35,,89948,47,4,,0,75,,89942,47,4,,0,35,,89936,47,4,,0,75,,89949,47,4,,0,35,,89943,47,4,,0,77,,89937,47,4,,0,77,,89950,47,4,,0,37,,89944,47,4,,0,80,,89938,47,4,,0,73,,89951,47,4,,0,37,,89945,47,4,,0,79,,89923,47,4,,0,33,,89930,47,4,,0,72,,89927,47,4,,0,32,,89924,47,4,,0,72,,89931,47,4,,0,33,,89928,47,4,,0,74,,89925,47,4,,0,75,,89932,47,4,,0,35,,89929,47,4,,0,71,,89926,47,4,,0
4001,'STMPSa-Saturday',705,,90055,1,,,0,35,,90057,1,,,0,75,,90058,1,,,0,35,,90059,1,,,0,75,,90056,1,,,0,75,,90061,1,,,0,35,,90062,1,,,0,75,,90064,1,,,0,35,,90060,1,,,0,75,,90065,1,,,0,35,,90066,1,,,0,75,,90063,1,,,0,75,,90067,1,,,0,35,,90068,1,,,0,75,,90069,1,,,0,35,,90070,1,,,0,75,,90054,1,,,0,75,,90053,1,,,0,35,,90052,1,,,0,75,,90051,1,,,0
4001,'STMPSu2-Sunday',705,,90125,1,,,0,35,,90126,1,,,0,75,,90127,1,,,0,35,,90128,1,,,0,75,,90130,1,,,0,75,,90131,1,,,0,35,,90123,1,,,0,75,,90132,1,,,0,35,,90129,1,,,0,75,,90133,1,,,0,35,,90134,1,,,0,75,,90135,1,,,0,75,,90136,1,,,0,35,,90137,1,,,0,75,,90138,1,,,0,35,,90139,1,,,0,75,,90140,1,,,0,75,,90122,1,,,0,35,,90121,1,,,0,75,,90124,1,,,0
4001,'STMPWeek-Weekday',558,,90151,1,,,0,72,,90164,1,,,0,75,,90158,1,,,0,35,,90152,1,,,0,75,,90165,1,,,0,35,,90159,1,,,0,74,,90153,1,,,0,35,,90166,1,,,0,75,,90160,1,,,0,75,,90154,1,,,0,35,,90167,1,,,0,75,,90161,1,,,0,35,,90155,1,,,0,75,,90168,1,,,0,76,,90162,1,,,0,36,,90156,1,,,0,76,,90169,1,,,0,38,,90163,1,,,0,78,,90157,1,,,0,76,,90170,1,,,0,35,,90144,1,,,0,76,,90141,1,,,0,35,,90148,1,,,0,71,,90145,1,,,0,74,,90142,1,,,0,30,,90149,1,,,0,75,,90146,1,,,0,37,,90143,1,,,0,78,,90150,1,,,0,35,,90147,1,,,0
9100,'STMPSa-Saturday',651,,109637,7,4,,0,61,,109636,7,4,,0,21,,109638,7,4,,0,21,,109639,7,4,,0,61,,109640,7,4,,0,21,,109641,7,4,,0,21,,109642,7,4,,0,61,,109643,7,4,,0,21,,109645,7,4,,0,61,,109644,7,4,,0,21,,109646,7,4,,0,21,,109647,7,4,,0,61,,109648,7,4,,0,21,,109649,7,4,,0,21,,109651,7,4,,0,62,,109650,7,4,,0,21,,109652,7,4,,0,21,,109653,7,4,,0,61,,109654,7,4,,0,21,,109655,7,4,,0,21,,109657,7,4,,0,61,,109656,7,4,,0,21,,109658,7,4,,0,21,,109660,7,4,,0,61,,109659,7,4,,0,21,,109661,7,4,,0,21,,109662,7,4,,0,61,,109663,7,4,,0,21,,109664,7,4,,0,61,,109667,7,4,,0,21,,109665,7,4,,0,21,,109666,7,4,,0,61,,109668,7,4,,0,20,,109669,7,4,,0,21,,109671,7,4,,0,61,,109670,7,4,,0,21,,109678,7,4,,0,21,,109672,7,4,,0,61,,109673,7,4,,0,21,,109674,7,4,,0,21,,109675,7,4,,0,61,,109676,7,4,,0,21,,109679,7,4,,0,21,,109677,7,4,,0,61,,109681,7,4,,0,21,,109680,7,4,,0,21,,109682,7,4,,0,61,,109683,7,4,,0,21,,109684,7,4,,0,61,,109685,7,4,,0
9100,'STMPSu2-Sunday',651,,109789,7,4,,0,61,,109788,7,4,,0,21,,109791,7,4,,0,21,,109790,7,4,,0,61,,109792,7,4,,0,21,,109793,7,4,,0,21,,109795,7,4,,0,61,,109794,7,4,,0,21,,109797,7,4,,0,61,,109796,7,4,,0,21,,109798,7,4,,0,21,,109799,7,4,,0,61,,109800,7,4,,0,21,,109801,7,4,,0,21,,109803,7,4,,0,62,,109802,7,4,,0,21,,109804,7,4,,0,21,,109805,7,4,,0,61,,109806,7,4,,0,21,,109808,7,4,,0,21,,109807,7,4,,0,61,,109809,7,4,,0,21,,109810,7,4,,0,21,,109811,7,4,,0,61,,109813,7,4,,0,21,,109812,7,4,,0,21,,109814,7,4,,0,61,,109816,7,4,,0,21,,109817,7,4,,0,61,,109815,7,4,,0,21,,109818,7,4,,0,21,,109820,7,4,,0,61,,109819,7,4,,0,20,,109821,7,4,,0,21,,109823,7,4,,0,61,,109822,7,4,,0,21,,109824,7,4,,0,21,,109825,7,4,,0,61,,109826,7,4,,0,21,,109828,7,4,,0,21,,109827,7,4,,0,61,,109829,7,4,,0,21,,109830,7,4,,0,21,,109831,7,4,,0,61,,109833,7,4,,0,21,,109832,7,4,,0,21,,109835,7,4,,0,61,,109834,7,4,,0,21,,109837,7,4,,0,61,,109836,7,4,,0
9100,'STMPWeek-Weekday',634,,109838,7,4,,0,21,,109839,7,4,,0,61,,109841,7,4,,0,23,,109840,7,4,,0,19,,109843,7,4,,0,61,,109842,7,4,,0,21,,109844,7,4,,0,61,,109845,7,4,,0,21,,109846,7,4,,0,21,,109847,7,4,,0,61,,109848,7,4,,0,21,,109850,7,4,,0,21,,109849,7,4,,0,61,,109851,7,4,,0,21,,109853,7,4,,0,21,,109854,7,4,,0,61,,109852,7,4,,0,21,,109855,7,4,,0,21,,109856,7,4,,0,61,,109857,7,4,,0,21,,109858,7,4,,0,21,,109859,7,4,,0,61,,109860,7,4,,0,21,,109861,7,4,,0,21,,109862,7,4,,0,61,,109863,7,4,,0,21,,109864,7,4,,0,61,,109865,7,4,,0,21,,109866,7,4,,0,21,,109867,7,4,,0,61,,109869,7,4,,0,21,,109868,7,4,,0,21,,109870,7,4,,0,61,,109871,7,4,,0,21,,109872,7,4,,0,20,,109873,7,4,,0,61,,109874,7,4,,0,21,,109876,7,4,,0,21,,109875,7,4,,0,61,,109878,7,4,,0,21,,109877,7,4,,0,21,,109880,7,4,,0,61,,109879,7,4,,0,21,,109881,7,4,,0,21,,109882,7,4,,0,61,,109883,7,4,,0,21,,109884,7,4,,0,18,,109885,7,4,,0,68,,109887,7,4,,0,17,,109886,7,4,,0,61,,109888,7,4,,0,21,,109889,7,4,,0
9101,'STMPSa-Saturday',635,,110095,1,,,0,21,,110094,1,,,0,61,,110097,1,,,0,21,,110098,1,,,0,21,,110096,1,,,0,61,,110100,1,,,0,21,,110099,1,,,0,61,,110102,1,,,0,21,,110101,1,,,0,21,,110103,1,,,0,61,,110104,1,,,0,21,,110105,1,,,0,21,,110106,1,,,0,61,,110107,1,,,0,21,,110108,1,,,0,21,,110109,1,,,0,61,,110112,1,,,0,21,,110111,1,,,0,21,,110113,1,,,0,61,,110110,1,,,0,21,,110114,1,,,0,21,,110115,1,,,0,61,,110117,1,,,0,21,,110116,1,,,0,21,,110118,1,,,0,61,,110119,1,,,0,21,,110120,1,,,0,61,,110121,1,,,0,21,,110122,1,,,0,21,,110124,1,,,0,61,,110126,1,,,0,21,,110123,1,,,0,21,,110125,1,,,0,61,,110127,1,,,0,21,,110128,1,,,0,21,,110130,1,,,0,61,,110132,1,,,0,21,,110135,1,,,0,21,,110129,1,,,0,61,,110133,1,,,0,21,,110131,1,,,0,21,,110134,1,,,0,61,,110136,1,,,0,21,,110137,1,,,0,21,,110138,1,,,0,61,,110139,1,,,0,21,,110141,1,,,0,61,,110140,1,,,0,21,,110142,1,,,0,21,,110143,1,,,0
9101,'STMPSu2-Sunday',635,,110247,1,,,0,21,,110246,1,,,0,61,,110248,1,,,0,21,,110249,1,,,0,21,,110250,1,,,0,61,,110251,1,,,0,21,,110252,1,,,0,61,,110254,1,,,0,21,,110253,1,,,0,21,,110256,1,,,0,61,,110255,1,,,0,21,,110257,1,,,0,21,,110258,1,,,0,61,,110261,1,,,0,21,,110259,1,,,0,21,,110262,1,,,0,61,,110260,1,,,0,21,,110263,1,,,0,21,,110264,1,,,0,61,,110265,1,,,0,21,,110266,1,,,0,21,,110267,1,,,0,61,,110268,1,,,0,21,,110269,1,,,0,21,,110271,1,,,0,61,,110270,1,,,0,21,,110273,1,,,0,61,,110274,1,,,0,21,,110272,1,,,0,21,,110276,1,,,0,61,,110275,1,,,0,21,,110277,1,,,0,21,,110278,1,,,0,61,,110279,1,,,0,21,,110280,1,,,0,21,,110281,1,,,0,61,,110282,1,,,0,21,,110283,1,,,0,21,,110285,1,,,0,61,,110284,1,,,0,21,,110286,1,,,0,21,,110288,1,,,0,61,,110287,1,,,0,21,,110289,1,,,0,21,,110290,1,,,0,61,,110291,1,,,0,21,,110293,1,,,0,61,,110292,1,,,0,21,,110294,1,,,0,21,,110295,1,,,0
9101,'STMPWeek-Weekday',616,,110296,1,,,0,21,,110297,1,,,0,21,,110298,1,,,0,63,,110299,1,,,0,19,,110301,1,,,0,61,,110302,1,,,0,21,,110300,1,,,0,21,,110303,1,,,0,61,,110304,1,,,0,21,,110305,1,,,0,21,,110306,1,,,0,61,,110308,1,,,0,21,,110307,1,,,0,21,,110309,1,,,0,61,,110310,1,,,0,21,,110312,1,,,0,21,,110313,1,,,0,61,,110311,1,,,0,21,,110315,1,,,0,21,,110314,1,,,0,61,,110316,1,,,0,21,,110317,1,,,0,21,,110318,1,,,0,61,,110320,1,,,0,21,,110319,1,,,0,61,,110321,1,,,0,21,,110322,1,,,0,21,,110324,1,,,0,61,,110323,1,,,0,21,,110325,1,,,0,21,,110326,1,,,0,61,,110327,1,,,0,21,,110328,1,,,0,21,,110329,1,,,0,61,,110330,1,,,0,21,,110331,1,,,0,21,,110332,1,,,0,61,,110333,1,,,0,21,,110334,1,,,0,21,,110335,1,,,0,61,,110336,1,,,0,21,,110338,1,,,0,21,,110339,1,,,0,61,,110337,1,,,0,21,,110340,1,,,0,61,,110341,1,,,0,21,,110342,1,,,0,18,,110343,1,,,0,68,,110344,1,,,0,17,,110345,1,,,0,21,,110346,1,,,0,61,,110347,1,,,0
