12001,'Saturday',641,,54479,12,,,0,86,,54480,12,,,0,86,,54481,12,,,0,46,,54482,12,,,0,86,,54483,12,,,0,86,,54484,12,,,0,86,,54485,12,,,0,86,,54486,12,,,0,46,,54488,12,,,0,86,,54489,12,,,0,86,,54487,12,,,0,86,,54490,12,,,0,46,,54491,12,,,0,86,,54492,12,,,0,86,,54493,12,,,0,85,,54494,12,,,0,46,,54495,12,,,0,86,,54496,12,,,0,86,,54498,12,,,0,86,,54497,12,,,0,86,,54499,12,,,0,46,,54500,12,,,0,86,,54501,12,,,0
12001,'Sunday',641,,54502,12,,,0,86,,54503,12,,,0,86,,54504,12,,,0,46,,54505,12,,,0,86,,54506,12,,,0,86,,54508,12,,,0,86,,54507,12,,,0,86,,54509,12,,,0,46,,54510,12,,,0,86,,54511,12,,,0,86,,54512,12,,,0,86,,54513,12,,,0,46,,54514,12,,,0,86,,54515,12,,,0,86,,54516,12,,,0,85,,54517,12,,,0,46,,54518,12,,,0,86,,54519,12,,,0,86,,54520,12,,,0,86,,54521,12,,,0,86,,54522,12,,,0,46,,54523,12,,,0,86,,54524,12,,,0
12001,'Weekday',552,,54525,12,,,0,63,,54552,12,,,0,22,,54527,12,,,0,63,,54551,12,,,0,22,,54530,12,,,0,23,,54553,12,,,0,62,,54531,12,,,0,45,,54532,12,,,0,85,,54533,12,,,0,85,,54534,12,,,0,85,,54535,12,,,0,45,,54536,12,,,0,85,,54537,12,,,0,85,,54538,12,,,0,85,,54539,12,,,0,45,,54540,12,,,0,85,,54541,12,,,0,63,,54556,12,,,0,22,,54542,12,,,0,23,,54555,12,,,0,62,,54543,12,,,0,23,,54554,12,,,0,22,,54544,12,,,0,85,,54545,12,,,0,85,,54546,12,,,0,85,,54547,12,,,0,45,,54548,12,,,0,84,,54549,12,,,0,84,,54550,12,,,0,85,,54529,12,,,0,45,,54528,12,,,0,85,,54526,12,,,0
12001,'1CCSDCUT-Weekday',552,,54557,12,,,0,63,,54584,12,,,0,22,,54559,12,,,0,63,,54583,12,,,0,22,,54562,12,,,0,23,,54585,12,,,0,62,,54563,12,,,0,45,,54564,12,,,0,85,,54565,12,,,0,85,,54566,12,,,0,85,,54567,12,,,0,45,,54568,12,,,0,85,,54569,12,,,0,85,,54570,12,,,0,85,,54571,12,,,0,45,,54572,12,,,0,85,,54573,12,,,0,63,,54588,12,,,0,22,,54574,12,,,0,23,,54587,12,,,0,62,,54575,12,,,0,23,,54586,12,,,0,22,,54576,12,,,0,85,,54577,12,,,0,85,,54578,12,,,0,85,,54579,12,,,0,45,,54580,12,,,0,84,,54581,12,,,0,84,,54582,12,,,0,85,,54561,12,,,0,45,,54560,12,,,0,85,,54558,12,,,0
12001,'1PUBCUT-Weekday',552,,54589,12,,,0,63,,54616,12,,,0,22,,54591,12,,,0,63,,54615,12,,,0,22,,54594,12,,,0,23,,54617,12,,,0,62,,54595,12,,,0,45,,54596,12,,,0,85,,54597,12,,,0,85,,54598,12,,,0,85,,54599,12,,,0,45,,54600,12,,,0,85,,54601,12,,,0,85,,54602,12,,,0,85,,54603,12,,,0,45,,54604,12,,,0,85,,54605,12,,,0,63,,54620,12,,,0,22,,54606,12,,,0,23,,54619,12,,,0,62,,54607,12,,,0,23,,54618,12,,,0,22,,54608,12,,,0,85,,54609,12,,,0,85,,54610,12,,,0,85,,54611,12,,,0,45,,54612,12,,,0,84,,54613,12,,,0,84,,54614,12,,,0,85,,54593,12,,,0,45,,54592,12,,,0,85,,54590,12,,,0
72501,'Weekday',828,,68508,14,0,140 193 79 119,0
72501,'1CCSDCUT-Weekday',828,,68509,14,0,140 193 79 119,0
79400,'Weekday',733,,68816,9,0,210 56 1 193 79,0
79400,'1CCSDCUT-Weekday',733,,68817,9,0,210 56 1 193 79,0
79400,'1PUBCUT-Weekday',733,,68818,9,0,210 56 1 193 79,0
81301,'Weekday0000100',1452,,68912,11,0,12 13 1 142 143 144 145 146 147,0
81301,'Weekday1111000',1552,,68913,11,0,12 13 1 142 143 144 145 146 147,0
81301,'1PUBCUT-Weekday0000100',1452,,68914,11,0,12 13 1 142 143 144 145 146 147,0
81301,'1PUBCUT-Weekday1111000',1552,,68915,11,0,12 13 1 142 143 144 145 146 147,0
83601,'Weekday',1514,,69006,9,0,12 196 197 198 199 145,0
83601,'1PUBCUT-Weekday',1514,,69007,9,0,12 196 197 198 199 145,0
