10400,'CUT-Weekday',607,,27773,4,,0,32,,27791,4,,0,76,,27774,4,,0,32,,27793,4,,0,74,,27775,4,,0,33,,27794,4,,0,70,,27776,4,,0,32,,27795,4,,0,72,,27777,4,,0,72,,27796,4,,0,32,,27778,4,,0,72,,27797,4,,0,32,,27779,4,,0,72,,27798,4,,0,32,,27780,4,,0,72,,27799,4,,0,32,,27781,4,,0,72,,27800,4,,0,34,,27782,4,,0,72,,27801,4,,0,33,,27783,4,,0,68,,27803,4,,0,32,,27784,4,,0,70,,27802,4,,0,29,,27785,4,,0,72,,27804,4,,0,32,,27786,4,,0,72,,27805,4,,0,72,,27787,4,,0,32,,27806,4,,0,72,,27788,4,,0,32,,27807,4,,0,72,,27789,4,,0,32,,27808,4,,0,72,,27790,4,,0,32,,27809,4,,0
10400,'Saturday',623,,27810,4,,0,32,,27825,4,,0,72,,27811,4,,0,32,,27826,4,,0,72,,27813,4,,0,72,,27827,4,,0,32,,27815,4,,0,72,,27828,4,,0,32,,27814,4,,0,72,,27829,4,,0,32,,27812,4,,0,72,,27830,4,,0,32,,27816,4,,0,72,,27831,4,,0,32,,27818,4,,0,72,,27832,4,,0,32,,27817,4,,0,72,,27833,4,,0,32,,27819,4,,0,72,,27835,4,,0,72,,27821,4,,0,32,,27834,4,,0,71,,27820,4,,0,32,,27836,4,,0,72,,27822,4,,0,32,,27837,4,,0,72,,27824,4,,0,32,,27838,4,,0,72,,27823,4,,0,34,,27839,4,,0
10400,'Sunday',623,,27840,4,,0,32,,27855,4,,0,72,,27841,4,,0,32,,27856,4,,0,72,,27843,4,,0,72,,27857,4,,0,32,,27842,4,,0,72,,27858,4,,0,32,,27845,4,,0,72,,27859,4,,0,32,,27846,4,,0,72,,27860,4,,0,32,,27844,4,,0,72,,27861,4,,0,32,,27847,4,,0,72,,27862,4,,0,32,,27849,4,,0,72,,27863,4,,0,32,,27848,4,,0,72,,27865,4,,0,72,,27850,4,,0,32,,27864,4,,0,71,,27851,4,,0,32,,27866,4,,0,72,,27852,4,,0,32,,27867,4,,0,72,,27854,4,,0,32,,27868,4,,0,72,,27853,4,,0,34,,27869,4,,0
10400,'Weekday',607,,27870,4,,0,32,,27888,4,,0,76,,27871,4,,0,32,,27890,4,,0,74,,27872,4,,0,33,,27891,4,,0,70,,27873,4,,0,32,,27892,4,,0,72,,27874,4,,0,72,,27893,4,,0,32,,27875,4,,0,72,,27894,4,,0,32,,27876,4,,0,72,,27895,4,,0,32,,27877,4,,0,72,,27896,4,,0,32,,27878,4,,0,72,,27897,4,,0,34,,27879,4,,0,72,,27898,4,,0,33,,27880,4,,0,68,,27900,4,,0,32,,27881,4,,0,70,,27899,4,,0,29,,27882,4,,0,72,,27901,4,,0,32,,27883,4,,0,72,,27902,4,,0,72,,27884,4,,0,32,,27903,4,,0,72,,27885,4,,0,32,,27904,4,,0,72,,27886,4,,0,32,,27905,4,,0,72,,27887,4,,0,32,,27906,4,,0
10400,'pBxDec31-Weekday',607,,27907,4,,0,32,,27925,4,,0,76,,27908,4,,0,32,,27927,4,,0,74,,27909,4,,0,33,,27928,4,,0,70,,27910,4,,0,32,,27929,4,,0,72,,27911,4,,0,72,,27930,4,,0,32,,27912,4,,0,72,,27931,4,,0,32,,27913,4,,0,72,,27932,4,,0,32,,27914,4,,0,72,,27933,4,,0,32,,27915,4,,0,72,,27934,4,,0,34,,27916,4,,0,72,,27935,4,,0,33,,27917,4,,0,68,,27937,4,,0,32,,27918,4,,0,70,,27936,4,,0,29,,27919,4,,0,72,,27938,4,,0,32,,27920,4,,0,72,,27939,4,,0,72,,27921,4,,0,32,,27940,4,,0,72,,27922,4,,0,32,,27941,4,,0,72,,27923,4,,0,32,,27942,4,,0,72,,27924,4,,0,32,,27943,4,,0
10401,'CUT-Weekday',537,,27962,,,0,72,,27944,,,0,30,,27963,,,0,76,,27945,,,0,32,,27964,,,0,74,,27946,,,0,33,,27965,,,0,71,,27948,,,0,32,,27966,,,0,72,,27947,,,0,72,,27967,,,0,32,,27949,,,0,72,,27968,,,0,32,,27950,,,0,72,,27969,,,0,32,,27951,,,0,72,,27971,,,0,32,,27952,,,0,72,,27970,,,0,33,,27953,,,0,72,,27972,,,0,33,,27954,,,0,70,,27973,,,0,32,,27955,,,0,72,,27974,,,0,72,,27956,,,0,32,,27975,,,0,72,,27957,,,0,32,,27976,,,0,72,,27958,,,0,32,,27977,,,0,72,,27959,,,0,32,,27978,,,0,72,,27960,,,0,32,,27979,,,0,77,,27961,,,0
10401,'Saturday',555,,27993,,,0,72,,27981,,,0,32,,27995,,,0,72,,27980,,,0,72,,27997,,,0,32,,27982,,,0,72,,27998,,,0,32,,27983,,,0,72,,28000,,,0,32,,27984,,,0,72,,27999,,,0,32,,27985,,,0,72,,28001,,,0,32,,27986,,,0,72,,28002,,,0,32,,27988,,,0,72,,28003,,,0,32,,27987,,,0,72,,28004,,,0,72,,27989,,,0,32,,28005,,,0,72,,27990,,,0,32,,28006,,,0,72,,27991,,,0,32,,28007,,,0,72,,27992,,,0,32,,28008,,,0,72,,27996,,,0,32,,28009,,,0,74,,27994,,,0
10401,'Sunday',555,,28024,,,0,72,,28010,,,0,32,,28027,,,0,72,,28011,,,0,72,,28026,,,0,32,,28013,,,0,72,,28028,,,0,32,,28012,,,0,72,,28029,,,0,32,,28014,,,0,72,,28030,,,0,32,,28015,,,0,72,,28031,,,0,32,,28016,,,0,72,,28032,,,0,32,,28017,,,0,72,,28033,,,0,32,,28018,,,0,72,,28034,,,0,72,,28019,,,0,32,,28035,,,0,72,,28020,,,0,32,,28036,,,0,72,,28021,,,0,32,,28038,,,0,72,,28022,,,0,32,,28037,,,0,72,,28023,,,0,32,,28039,,,0,74,,28025,,,0
10401,'Weekday',537,,28058,,,0,72,,28040,,,0,30,,28059,,,0,76,,28041,,,0,32,,28060,,,0,74,,28042,,,0,33,,28061,,,0,71,,28043,,,0,32,,28063,,,0,72,,28044,,,0,72,,28062,,,0,32,,28045,,,0,72,,28064,,,0,32,,28046,,,0,72,,28065,,,0,32,,28047,,,0,72,,28067,,,0,32,,28048,,,0,72,,28066,,,0,33,,28049,,,0,72,,28068,,,0,33,,28050,,,0,70,,28069,,,0,32,,28051,,,0,72,,28070,,,0,72,,28052,,,0,32,,28071,,,0,72,,28053,,,0,32,,28072,,,0,72,,28054,,,0,32,,28073,,,0,72,,28055,,,0,32,,28074,,,0,72,,28056,,,0,32,,28075,,,0,77,,28057,,,0
10401,'pBxDec31-Weekday',537,,28094,,,0,72,,28076,,,0,30,,28095,,,0,76,,28077,,,0,32,,28096,,,0,74,,28078,,,0,33,,28097,,,0,71,,28080,,,0,32,,28098,,,0,72,,28079,,,0,72,,28099,,,0,32,,28081,,,0,72,,28100,,,0,32,,28082,,,0,72,,28101,,,0,32,,28083,,,0,72,,28103,,,0,32,,28085,,,0,72,,28102,,,0,33,,28084,,,0,72,,28104,,,0,33,,28086,,,0,70,,28105,,,0,32,,28087,,,0,72,,28106,,,0,72,,28088,,,0,32,,28107,,,0,72,,28089,,,0,32,,28108,,,0,72,,28090,,,0,32,,28109,,,0,72,,28091,,,0,32,,28110,,,0,72,,28092,,,0,32,,28111,,,0,77,,28093,,,0
