100,'Saturday',517,,24157,3,,,0,25,,24173,3,,,0,65,,24188,3,,,0,25,,24169,3,,,0,26,,24182,3,,,0,65,,24163,3,,,0,25,,24156,3,,,0,65,,24175,3,,,0,25,,24189,3,,,0,65,,24196,3,,,0,25,,24171,3,,,0,25,,24184,3,,,0,65,,24165,3,,,0,25,,24159,3,,,0,65,,24177,3,,,0,25,,24190,3,,,0,25,,24195,3,,,0,65,,24170,3,,,0,25,,24185,3,,,0,65,,24164,3,,,0,25,,24158,3,,,0,65,,24178,3,,,0,25,,24191,3,,,0,25,,24197,3,,,0,65,,24172,3,,,0,25,,24186,3,,,0,65,,24166,3,,,0,25,,24161,3,,,0,25,,24179,3,,,0,65,,24192,3,,,0,25,,24199,3,,,0,65,,24174,3,,,0,25,,24183,3,,,0,65,,24167,3,,,0,25,,24160,3,,,0,25,,24180,3,,,0,65,,24193,3,,,0,25,,24198,3,,,0,65,,24176,3,,,0,25,,24187,3,,,0,24,,24168,3,,,0,65,,24162,3,,,0,25,,24181,3,,,0,65,,24194,3,,,0,30,,24200,3,,,0
100,'Sunday',517,,24201,3,,,0,25,,24219,3,,,0,65,,24232,3,,,0,25,,24215,3,,,0,26,,24225,3,,,0,65,,24208,3,,,0,25,,24202,3,,,0,65,,24223,3,,,0,25,,24234,3,,,0,65,,24240,3,,,0,25,,24214,3,,,0,25,,24228,3,,,0,65,,24209,3,,,0,25,,24203,3,,,0,65,,24224,3,,,0,25,,24235,3,,,0,25,,24241,3,,,0,65,,24216,3,,,0,25,,24229,3,,,0,65,,24210,3,,,0,25,,24204,3,,,0,65,,24222,3,,,0,25,,24236,3,,,0,25,,24242,3,,,0,65,,24217,3,,,0,25,,24230,3,,,0,65,,24211,3,,,0,25,,24206,3,,,0,25,,24221,3,,,0,65,,24237,3,,,0,25,,24243,3,,,0,65,,24218,3,,,0,25,,24231,3,,,0,65,,24213,3,,,0,25,,24205,3,,,0,25,,24226,3,,,0,65,,24238,3,,,0,25,,24244,3,,,0,65,,24220,3,,,0,25,,24233,3,,,0,24,,24212,3,,,0,65,,24207,3,,,0,25,,24227,3,,,0,65,,24239,3,,,0,43,,24245,3,0,43 44,0
100,'Weekday',433,,24246,3,,,0,16,,24251,3,,,0,56,,24256,3,,,0,16,,24261,3,,,0,16,,24266,3,,,0,16,,24249,3,,,0,56,,24254,3,,,0,16,,24259,3,,,0,16,,24264,3,,,0,16,,24268,3,,,0,56,,24270,3,,,0,16,,24247,3,,,0,16,,24252,3,,,0,56,,24257,3,,,0,16,,24260,3,,,0,16,,24265,3,,,0,19,,24277,3,,,0,59,,24278,3,,,0,19,,24273,3,,,0,19,,24274,3,,,0,59,,24275,3,,,0,19,,24279,3,,,0,19,,24276,3,,,0,59,,24280,3,,,0,19,,24281,3,,,0,19,,24282,3,,,0,59,,24283,3,,,0,19,,24284,3,,,0,19,,24285,3,,,0,19,,24286,3,,,0,59,,24287,3,,,0,19,,24288,3,,,0,19,,24289,3,,,0,59,,24290,3,,,0,19,,24291,3,,,0,19,,24292,3,,,0,59,,24293,3,,,0,16,,24294,3,,,0,16,,24295,3,,,0,56,,24296,3,,,0,17,,24263,3,,,0,16,,24269,3,,,0,16,,24271,3,,,0,56,,24248,3,,,0,16,,24253,3,,,0,16,,24258,3,,,0,16,,24262,3,,,0,49,,24267,3,,,0,16,,24272,3,,,0,16,,24250,3,,,0,16,,24255,3,,,0,61,,24297,3,,,0,20,,24298,3,,,0,21,,24299,3,,,0,61,,24300,3,,,0,21,,24301,3,,,0,21,,24302,3,,,0,60,,24303,3,,,0,21,,24304,3,,,0,21,,24305,3,,,0,61,,24306,3,,,0,21,,24307,3,,,0,61,,24308,3,,,0,21,,24309,3,,,0,21,,24310,3,,,0,61,,24311,3,,,0,21,,24312,3,,,0,21,,24313,3,,,0
2601,'Saturday',613,,33407,15,,,0,45,,33397,15,,,0,85,,33405,15,,,0,85,,33400,15,,,0,86,,33408,15,,,0,86,,33396,15,,,0,45,,33409,15,,,0,85,,33402,15,,,0,85,,33410,15,,,0,85,,33398,15,,,0,45,,33411,15,,,0,84,,33399,15,,,0,85,,33412,15,,,0,45,,33401,15,,,0,85,,33413,15,,,0,85,,33403,15,,,0,85,,33415,15,,,0,45,,33404,15,,,0,85,,33414,15,,,0,85,,33406,15,,,0
2601,'Sunday',613,,33426,15,,,0,45,,33416,15,,,0,85,,33427,15,,,0,85,,33417,15,,,0,86,,33428,15,,,0,86,,33418,15,,,0,45,,33429,15,,,0,85,,33419,15,,,0,85,,33430,15,,,0,85,,33420,15,,,0,45,,33431,15,,,0,84,,33421,15,,,0,85,,33432,15,,,0,45,,33423,15,,,0,85,,33433,15,,,0,85,,33422,15,,,0,85,,33434,15,,,0,45,,33424,15,,,0,85,,33435,15,,,0,85,,33425,15,,,0
2601,'Weekday',624,,33436,15,,,0,35,,33437,15,,,0,69,,33439,15,,,0,72,,33440,15,,,0,32,,33441,15,,,0,7,,33438,15,,,0,7,,33442,15,,,0,56,,33444,15,,,0,28,,33445,15,,,0,70,,33446,15,,,0,30,,33443,15,,,0,70,,33447,15,,,0,30,,33448,15,,,0,70,,33449,15,,,0,30,,33450,15,,,0,70,,33451,15,,,0,30,,33452,15,,,0,70,,33453,15,,,0,30,,33454,15,,,0,72,,33455,15,,,0,32,,33456,15,,,0,72,,33457,15,,,0,32,,33458,15,,,0,72,,33459,15,,,0,32,,33460,15,,,0,70,,33461,15,,,0,31,,33462,15,,,0,69,,33467,15,,,0,30,,33465,15,,,0,70,,33468,15,,,0,30,,33469,15,,,0,69,,33466,15,,,0,29,,33463,15,,,0,70,,33464,15,,,0
4000,'Saturday',811,,36509,13,,,0,35,,36510,13,,,0,75,,36508,13,,,0,35,,36511,13,,,0,75,,36512,13,,,0,75,,36513,13,,,0,35,,36514,13,,,0,75,,36515,13,,,0,35,,36518,13,,,0,75,,36519,13,,,0,75,,36516,13,,,0,35,,36517,13,,,0,75,,36520,13,,,0,35,,36521,13,,,0,75,,36522,13,,,0,35,,36523,13,,,0,75,,36524,13,,,0,75,,36525,13,,,0,35,,36526,13,,,0
4000,'Sunday',811,,36527,13,,,0,35,,36528,13,,,0,75,,36530,13,,,0,35,,36531,13,,,0,75,,36532,13,,,0,75,,36529,13,,,0,35,,36533,13,,,0,75,,36534,13,,,0,35,,36535,13,,,0,75,,36536,13,,,0,75,,36537,13,,,0,35,,36539,13,,,0,75,,36540,13,,,0,35,,36541,13,,,0,75,,36538,13,,,0,35,,36542,13,,,0,75,,36543,13,,,0,75,,36544,13,,,0,35,,36545,13,,,0
4000,'Weekday',622,,36562,13,,,0,35,,36556,13,,,0,75,,36569,13,,,0,75,,36563,13,,,0,35,,36557,13,,,0,75,,36570,13,,,0,35,,36564,13,,,0,75,,36558,13,,,0,75,,36571,13,,,0,35,,36565,13,,,0,75,,36559,13,,,0,35,,36572,13,,,0,75,,36566,13,,,0,35,,36560,13,,,0,77,,36573,13,,,0,76,,36567,13,,,0,39,,36561,13,,,0,78,,36574,13,,,0,77,,36568,13,,,0,38,,36546,13,,,0,73,,36553,13,,,0,33,,36550,13,,,0,72,,36547,13,,,0,32,,36554,13,,,0,73,,36551,13,,,0,34,,36548,13,,,0,75,,36555,13,,,0,75,,36552,13,,,0,31,,36549,13,,,0
72401,'Weekday',846,,68502,17,0,140 141 119,0
