2401,'Saturday',643,,84187,30,,,0,70,,84198,30,,,0,30,,84207,30,,,0,70,,84189,30,,,0,30,,84197,30,,,0,70,,84209,30,,,0,30,,84188,30,,,0,70,,84199,30,,,0,30,,84210,30,,,0,70,,84186,30,,,0,30,,84201,30,,,0,70,,84212,30,,,0,30,,84190,30,,,0,70,,84202,30,,,0,30,,84213,30,,,0,70,,84191,30,,,0,30,,84200,30,,,0,70,,84211,30,,,0,30,,84192,30,,,0,70,,84203,30,,,0,30,,84215,30,,,0,70,,84193,30,,,0,30,,84205,30,,,0,70,,84214,30,,,0,30,,84194,30,,,0,70,,84204,30,,,0,30,,84216,30,,,0,70,,84195,30,,,0,30,,84206,30,,,0,70,,84217,30,,,0,30,,84196,30,,,0,70,,84208,30,,,0
2401,'Sunday',643,,84218,30,,,0,70,,84228,30,,,0,30,,84239,30,,,0,70,,84219,30,,,0,30,,84230,30,,,0,70,,84241,30,,,0,30,,84220,30,,,0,70,,84232,30,,,0,30,,84242,30,,,0,70,,84221,30,,,0,30,,84231,30,,,0,70,,84243,30,,,0,30,,84222,30,,,0,70,,84233,30,,,0,30,,84244,30,,,0,70,,84223,30,,,0,30,,84234,30,,,0,70,,84245,30,,,0,30,,84226,30,,,0,70,,84235,30,,,0,30,,84246,30,,,0,70,,84224,30,,,0,30,,84236,30,,,0,70,,84248,30,,,0,30,,84227,30,,,0,70,,84238,30,,,0,30,,84247,30,,,0,70,,84225,30,,,0,30,,84237,30,,,0,70,,84249,30,,,0,30,,84229,30,,,0,70,,84240,30,,,0
2401,'Weekday',556,,84271,30,,,0,80,,84280,30,,,0,73,,84250,30,,,0,30,,84272,30,,,0,70,,84282,30,,,0,30,,84251,30,,,0,69,,84273,30,,,0,28,,84283,30,,,0,70,,84252,30,,,0,30,,84275,30,,,0,70,,84284,30,,,0,30,,84253,30,,,0,70,,84274,30,,,0,30,,84281,30,,,0,70,,84254,30,,,0,30,,84277,30,,,0,70,,84285,30,,,0,30,,84256,30,,,0,70,,84276,30,,,0,34,,84286,30,,,0,70,,84255,30,,,0,30,,84278,30,,,0,70,,84287,30,,,0,29,,84257,30,,,0,70,,84279,30,,,0,30,,84262,30,,,0,67,,84258,30,,,0,30,,84266,30,,,0,70,,84263,30,,,0,30,,84259,30,,,0,70,,84268,30,,,0,30,,84264,30,,,0,70,,84260,30,,,0,29,,84269,30,,,0,68,,84265,30,,,0,30,,84261,30,,,0,70,,84270,30,,,0,35,,84267,30,,,0
2401,'STMPSa-Saturday',643,,84289,30,,,0,70,,84300,30,,,0,30,,84309,30,,,0,70,,84291,30,,,0,30,,84299,30,,,0,70,,84310,30,,,0,30,,84290,30,,,0,70,,84301,30,,,0,30,,84312,30,,,0,70,,84288,30,,,0,30,,84303,30,,,0,70,,84314,30,,,0,30,,84292,30,,,0,70,,84304,30,,,0,30,,84315,30,,,0,70,,84293,30,,,0,30,,84302,30,,,0,70,,84313,30,,,0,30,,84294,30,,,0,70,,84305,30,,,0,30,,84317,30,,,0,70,,84295,30,,,0,30,,84307,30,,,0,70,,84316,30,,,0,30,,84296,30,,,0,70,,84306,30,,,0,30,,84318,30,,,0,70,,84297,30,,,0,30,,84308,30,,,0,70,,84319,30,,,0,30,,84298,30,,,0,70,,84311,30,,,0
2401,'STMPSnea-Weekday',556,,84341,30,,,0,80,,84350,30,,,0,73,,84320,30,,,0,30,,84342,30,,,0,70,,84352,30,,,0,30,,84321,30,,,0,69,,84343,30,,,0,28,,84353,30,,,0,70,,84322,30,,,0,30,,84345,30,,,0,70,,84354,30,,,0,30,,84323,30,,,0,70,,84344,30,,,0,30,,84351,30,,,0,70,,84324,30,,,0,30,,84347,30,,,0,70,,84355,30,,,0,30,,84326,30,,,0,70,,84346,30,,,0,34,,84356,30,,,0,70,,84325,30,,,0,30,,84348,30,,,0,70,,84357,30,,,0,29,,84327,30,,,0,70,,84349,30,,,0,30,,84332,30,,,0,67,,84328,30,,,0,30,,84336,30,,,0,70,,84333,30,,,0,30,,84329,30,,,0,70,,84338,30,,,0,30,,84334,30,,,0,70,,84330,30,,,0,29,,84339,30,,,0,68,,84335,30,,,0,30,,84331,30,,,0,70,,84340,30,,,0,35,,84337,30,,,0
2401,'STMPSu1-Sunday',643,,84358,30,,,0,70,,84368,30,,,0,30,,84379,30,,,0,70,,84359,30,,,0,30,,84370,30,,,0,70,,84381,30,,,0,30,,84360,30,,,0,70,,84372,30,,,0,30,,84382,30,,,0,70,,84361,30,,,0,30,,84371,30,,,0,70,,84383,30,,,0,30,,84362,30,,,0,70,,84373,30,,,0,30,,84384,30,,,0,70,,84363,30,,,0,30,,84374,30,,,0,70,,84385,30,,,0,30,,84366,30,,,0,70,,84375,30,,,0,30,,84386,30,,,0,70,,84364,30,,,0,30,,84376,30,,,0,70,,84388,30,,,0,30,,84367,30,,,0,70,,84378,30,,,0,30,,84387,30,,,0,70,,84365,30,,,0,30,,84377,30,,,0,70,,84389,30,,,0,30,,84369,30,,,0,70,,84380,30,,,0
2401,'STMPSu2-Sunday',643,,84390,30,,,0,70,,84400,30,,,0,30,,84411,30,,,0,70,,84391,30,,,0,30,,84402,30,,,0,70,,84413,30,,,0,30,,84392,30,,,0,70,,84404,30,,,0,30,,84414,30,,,0,70,,84393,30,,,0,30,,84403,30,,,0,70,,84415,30,,,0,30,,84394,30,,,0,70,,84405,30,,,0,30,,84416,30,,,0,70,,84395,30,,,0,30,,84406,30,,,0,70,,84417,30,,,0,30,,84398,30,,,0,70,,84407,30,,,0,30,,84418,30,,,0,70,,84396,30,,,0,30,,84408,30,,,0,70,,84420,30,,,0,30,,84399,30,,,0,70,,84410,30,,,0,30,,84419,30,,,0,70,,84397,30,,,0,30,,84409,30,,,0,70,,84421,30,,,0,30,,84401,30,,,0,70,,84412,30,,,0
2401,'STMPWeek-Weekday',556,,84443,30,,,0,80,,84452,30,,,0,73,,84422,30,,,0,30,,84444,30,,,0,70,,84454,30,,,0,30,,84423,30,,,0,69,,84445,30,,,0,28,,84455,30,,,0,70,,84424,30,,,0,30,,84447,30,,,0,70,,84456,30,,,0,30,,84425,30,,,0,70,,84446,30,,,0,30,,84453,30,,,0,70,,84426,30,,,0,30,,84449,30,,,0,70,,84457,30,,,0,30,,84428,30,,,0,70,,84448,30,,,0,34,,84458,30,,,0,70,,84427,30,,,0,30,,84450,30,,,0,70,,84459,30,,,0,29,,84429,30,,,0,70,,84451,30,,,0,30,,84434,30,,,0,67,,84430,30,,,0,30,,84438,30,,,0,70,,84435,30,,,0,30,,84431,30,,,0,70,,84440,30,,,0,30,,84436,30,,,0,70,,84432,30,,,0,29,,84441,30,,,0,68,,84437,30,,,0,30,,84433,30,,,0,70,,84442,30,,,0,35,,84439,30,,,0
2401,'STMPar-Weekday',556,,84481,30,,,0,80,,84490,30,,,0,73,,84460,30,,,0,30,,84482,30,,,0,70,,84492,30,,,0,30,,84461,30,,,0,69,,84483,30,,,0,28,,84493,30,,,0,70,,84462,30,,,0,30,,84485,30,,,0,70,,84494,30,,,0,30,,84464,30,,,0,70,,84484,30,,,0,30,,84491,30,,,0,70,,84465,30,,,0,30,,84487,30,,,0,70,,84495,30,,,0,30,,84466,30,,,0,70,,84486,30,,,0,34,,84496,30,,,0,70,,84463,30,,,0,30,,84488,30,,,0,70,,84497,30,,,0,29,,84467,30,,,0,70,,84489,30,,,0,30,,84472,30,,,0,67,,84468,30,,,0,30,,84476,30,,,0,70,,84473,30,,,0,30,,84469,30,,,0,70,,84478,30,,,0,30,,84474,30,,,0,70,,84470,30,,,0,29,,84479,30,,,0,68,,84475,30,,,0,30,,84471,30,,,0,70,,84480,30,,,0,35,,84477,30,,,0
14700,'Weekday',540,,126736,10,,,0,72,,126740,10,,,0,32,,126737,10,,,0,72,,126741,10,,,0,32,,126738,10,,,0,72,,126742,10,,,0,32,,126739,10,,,0,71,,126750,10,,,0,32,,126756,10,,,0,72,,126751,10,,,0,32,,126757,10,,,0,72,,126752,10,,,0,72,,126758,10,,,0,32,,126753,10,,,0,72,,126759,10,,,0,32,,126754,10,,,0,72,,126760,10,,,0,32,,126755,10,,,0,73,,126746,10,,,0,32,,126743,10,,,0,72,,126747,10,,,0,32,,126744,10,,,0,72,,126748,10,,,0,32,,126745,10,,,0,72,,126749,10,,,0
14700,'STMPSnea-Weekday',540,,126761,10,,,0,72,,126765,10,,,0,32,,126762,10,,,0,72,,126766,10,,,0,32,,126763,10,,,0,72,,126767,10,,,0,32,,126764,10,,,0,71,,126775,10,,,0,32,,126781,10,,,0,72,,126776,10,,,0,32,,126782,10,,,0,72,,126777,10,,,0,72,,126783,10,,,0,32,,126778,10,,,0,72,,126784,10,,,0,32,,126779,10,,,0,72,,126785,10,,,0,32,,126780,10,,,0,73,,126771,10,,,0,32,,126768,10,,,0,72,,126772,10,,,0,32,,126769,10,,,0,72,,126773,10,,,0,32,,126770,10,,,0,72,,126774,10,,,0
14700,'STMPWeek-Weekday',540,,126786,10,,,0,72,,126790,10,,,0,32,,126787,10,,,0,72,,126791,10,,,0,32,,126788,10,,,0,72,,126792,10,,,0,32,,126789,10,,,0,71,,126800,10,,,0,32,,126806,10,,,0,72,,126801,10,,,0,32,,126807,10,,,0,72,,126802,10,,,0,72,,126808,10,,,0,32,,126803,10,,,0,72,,126809,10,,,0,32,,126804,10,,,0,72,,126810,10,,,0,32,,126805,10,,,0,73,,126796,10,,,0,32,,126793,10,,,0,72,,126797,10,,,0,32,,126794,10,,,0,72,,126798,10,,,0,32,,126795,10,,,0,72,,126799,10,,,0
14700,'STMPar-Weekday',540,,126811,10,,,0,72,,126815,10,,,0,32,,126812,10,,,0,72,,126816,10,,,0,32,,126813,10,,,0,72,,126817,10,,,0,32,,126814,10,,,0,71,,126825,10,,,0,32,,126831,10,,,0,72,,126826,10,,,0,32,,126832,10,,,0,72,,126827,10,,,0,72,,126833,10,,,0,32,,126828,10,,,0,72,,126834,10,,,0,32,,126829,10,,,0,72,,126835,10,,,0,32,,126830,10,,,0,73,,126821,10,,,0,32,,126818,10,,,0,72,,126822,10,,,0,32,,126819,10,,,0,72,,126823,10,,,0,32,,126820,10,,,0,72,,126824,10,,,0
