2000,'Saturday',639,,30942,25,,,0,68,,30961,25,,,0,28,,30948,25,,,0,68,,30954,25,,,0,28,,30969,25,,,0,28,,30974,25,,,0,70,,30943,25,,,0,28,,30962,25,,,0,68,,30949,25,,,0,28,,30956,25,,,0,68,,30968,25,,,0,28,,30975,25,,,0,68,,30941,25,,,0,28,,30963,25,,,0,68,,30950,25,,,0,28,,30957,25,,,0,68,,30970,25,,,0,28,,30976,25,,,0,68,,30944,25,,,0,28,,30964,25,,,0,68,,30951,25,,,0,28,,30958,25,,,0,28,,30971,25,,,0,68,,30977,25,,,0,28,,30945,25,,,0,68,,30965,25,,,0,28,,30952,25,,,0,68,,30959,25,,,0,28,,30973,25,,,0,67,,30978,25,,,0,27,,30947,25,,,0,68,,30966,25,,,0,28,,30953,25,,,0,68,,30960,25,,,0,28,,30972,25,,,0,28,,30979,25,,,0,68,,30946,25,,,0,28,,30967,25,,,0,67,,30955,25,,,0
2000,'Sunday',639,,30980,25,,,0,68,,30999,25,,,0,28,,30988,25,,,0,68,,30993,25,,,0,28,,31006,25,,,0,28,,31013,25,,,0,70,,30981,25,,,0,28,,31000,25,,,0,68,,30989,25,,,0,28,,30994,25,,,0,68,,31007,25,,,0,28,,31012,25,,,0,68,,30982,25,,,0,28,,31001,25,,,0,68,,30990,25,,,0,28,,30995,25,,,0,68,,31008,25,,,0,28,,31014,25,,,0,68,,30983,25,,,0,28,,31002,25,,,0,68,,30991,25,,,0,28,,30996,25,,,0,28,,31009,25,,,0,68,,31016,25,,,0,28,,30984,25,,,0,68,,31003,25,,,0,28,,30987,25,,,0,68,,30997,25,,,0,28,,31010,25,,,0,67,,31015,25,,,0,27,,30986,25,,,0,68,,31004,25,,,0,28,,30992,25,,,0,68,,30998,25,,,0,28,,31011,25,,,0,28,,31017,25,,,0,68,,30985,25,,,0,28,,31005,25,,,0
2000,'Weekday',502,,31018,10,,,0,21,,31028,10,,,0,24,,31032,25,,,0,70,,31046,25,,,0,27,,31040,25,,,0,15,,31052,25,,,0,54,,31026,25,,,0,14,,31054,25,,,0,14,,31019,25,,,0,14,,31056,25,,,0,54,,31027,25,,,0,14,,31051,25,,,0,14,,31033,25,,,0,14,,31053,25,,,0,52,,31044,25,,,0,14,,31055,25,,,0,14,,31042,25,,,0,28,,31057,25,,,0,68,,31020,25,,,0,28,,31029,25,,,0,68,,31034,25,,,0,28,,31047,25,,,0,68,,31041,25,,,0,28,,31058,25,,,0,68,,31021,25,,,0,28,,31030,25,,,0,68,,31035,25,,,0,28,,31048,25,,,0,70,,31043,25,,,0,3,,31063,10,,,0,20,,31068,10,,,0,5,,31059,25,,,0,14,,31066,25,,,0,54,,31022,25,,,0,14,,31074,25,,,0,14,,31031,25,,,0,14,,31077,25,,,0,54,,31037,25,,,0,13,,31064,25,,,0,12,,31069,25,,,0,14,,31049,25,,,0,14,,31045,25,,,0,54,,31065,25,,,0,14,,31060,25,,,0,14,,31067,25,,,0,14,,31023,25,,,0,53,,31073,25,,,0,28,,31036,25,,,0,28,,31070,25,,,0,68,,31050,25,,,0,28,,31061,25,,,0,68,,31024,25,,,0,28,,31075,25,,,0,68,,31038,25,,,0,35,,31071,25,,,0,67,,31062,25,,,0,30,,31025,25,,,0,70,,31076,25,,,0,30,,31039,25,,,0,60,,31072,25,,,0
2000,'Weekday0000100',1433,,31078,10,,,0
2000,'1CCSDCUT-Weekday',502,,31079,10,,,0,21,,31089,10,,,0,24,,31093,25,,,0,70,,31107,25,,,0,27,,31101,25,,,0,15,,31113,25,,,0,54,,31087,25,,,0,14,,31115,25,,,0,14,,31080,25,,,0,14,,31117,25,,,0,54,,31088,25,,,0,14,,31112,25,,,0,14,,31094,25,,,0,14,,31114,25,,,0,52,,31105,25,,,0,14,,31116,25,,,0,14,,31103,25,,,0,28,,31118,25,,,0,68,,31081,25,,,0,28,,31090,25,,,0,68,,31095,25,,,0,28,,31108,25,,,0,68,,31102,25,,,0,28,,31119,25,,,0,68,,31082,25,,,0,28,,31091,25,,,0,68,,31096,25,,,0,28,,31109,25,,,0,70,,31104,25,,,0,3,,31124,10,,,0,20,,31129,10,,,0,5,,31120,25,,,0,14,,31127,25,,,0,54,,31083,25,,,0,14,,31135,25,,,0,14,,31092,25,,,0,14,,31138,25,,,0,54,,31098,25,,,0,13,,31125,25,,,0,12,,31130,25,,,0,14,,31110,25,,,0,14,,31106,25,,,0,54,,31126,25,,,0,14,,31121,25,,,0,14,,31128,25,,,0,14,,31084,25,,,0,53,,31134,25,,,0,28,,31097,25,,,0,28,,31131,25,,,0,68,,31111,25,,,0,28,,31122,25,,,0,68,,31085,25,,,0,28,,31136,25,,,0,68,,31099,25,,,0,35,,31132,25,,,0,67,,31123,25,,,0,30,,31086,25,,,0,70,,31137,25,,,0,30,,31100,25,,,0,60,,31133,25,,,0
2000,'1CCSDCUT-Weekday0000100',1433,,31139,10,,,0
10400,'Saturday',612,,52069,14,,,0,32,,52084,14,,,0,72,,52070,14,,,0,32,,52085,14,,,0,72,,52072,14,,,0,32,,52086,14,,,0,72,,52074,14,,,0,32,,52087,14,,,0,72,,52073,14,,,0,72,,52088,14,,,0,32,,52071,14,,,0,72,,52089,14,,,0,32,,52075,14,,,0,72,,52090,14,,,0,32,,52077,14,,,0,72,,52091,14,,,0,32,,52076,14,,,0,72,,52092,14,,,0,32,,52078,14,,,0,72,,52095,14,,,0,32,,52080,14,,,0,72,,52093,14,,,0,32,,52079,14,,,0,72,,52094,14,,,0,72,,52081,14,,,0,32,,52096,14,,,0,72,,52083,14,,,0,32,,52097,14,,,0,72,,52082,14,,,0,34,,52098,14,,,0
10400,'Sunday',612,,52099,14,,,0,32,,52114,14,,,0,72,,52100,14,,,0,32,,52115,14,,,0,72,,52102,14,,,0,32,,52116,14,,,0,72,,52101,14,,,0,32,,52117,14,,,0,72,,52104,14,,,0,72,,52118,14,,,0,32,,52105,14,,,0,72,,52119,14,,,0,32,,52103,14,,,0,72,,52120,14,,,0,32,,52106,14,,,0,72,,52121,14,,,0,32,,52108,14,,,0,72,,52122,14,,,0,32,,52107,14,,,0,72,,52124,14,,,0,32,,52109,14,,,0,72,,52123,14,,,0,32,,52110,14,,,0,72,,52125,14,,,0,72,,52111,14,,,0,32,,52126,14,,,0,72,,52113,14,,,0,32,,52127,14,,,0,72,,52112,14,,,0,34,,52128,14,,,0
10400,'Weekday',552,,52129,14,,,0,71,,52147,14,,,0,33,,52130,14,,,0,72,,52149,14,,,0,74,,52131,14,,,0,33,,52150,14,,,0,70,,52132,14,,,0,32,,52151,14,,,0,72,,52133,14,,,0,32,,52152,14,,,0,72,,52134,14,,,0,32,,52153,14,,,0,72,,52135,14,,,0,32,,52154,14,,,0,72,,52136,14,,,0,32,,52155,14,,,0,72,,52137,14,,,0,32,,52156,14,,,0,74,,52138,14,,,0,72,,52157,14,,,0,33,,52139,14,,,0,70,,52159,14,,,0,32,,52140,14,,,0,70,,52158,14,,,0,32,,52141,14,,,0,72,,52160,14,,,0,32,,52142,14,,,0,72,,52161,14,,,0,32,,52143,14,,,0,72,,52162,14,,,0,32,,52144,14,,,0,72,,52163,14,,,0,32,,52145,14,,,0,72,,52164,14,,,0,72,,52146,14,,,0,32,,52165,14,,,0,76,,52148,14,,,0
10400,'1CCSDCUT-Weekday',552,,52166,14,,,0,71,,52184,14,,,0,33,,52167,14,,,0,72,,52186,14,,,0,74,,52168,14,,,0,33,,52187,14,,,0,70,,52169,14,,,0,32,,52188,14,,,0,72,,52170,14,,,0,32,,52189,14,,,0,72,,52171,14,,,0,32,,52190,14,,,0,72,,52172,14,,,0,32,,52191,14,,,0,72,,52173,14,,,0,32,,52192,14,,,0,72,,52174,14,,,0,32,,52193,14,,,0,74,,52175,14,,,0,72,,52194,14,,,0,33,,52176,14,,,0,70,,52196,14,,,0,32,,52177,14,,,0,70,,52195,14,,,0,32,,52178,14,,,0,72,,52197,14,,,0,32,,52179,14,,,0,72,,52198,14,,,0,32,,52180,14,,,0,72,,52199,14,,,0,32,,52181,14,,,0,72,,52200,14,,,0,32,,52182,14,,,0,72,,52201,14,,,0,72,,52183,14,,,0,32,,52202,14,,,0,76,,52185,14,,,0
