5400,'Saturday',636,,8331,7,,,0,85,,8332,7,,,0,85,,8333,7,,,0,45,,8334,7,,,0,85,,8335,7,,,0,85,,8336,7,,,0,85,,8337,7,,,0,45,,8338,7,,,0,85,,8339,7,,,0,85,,8340,7,,,0,85,,8341,7,,,0,45,,8342,7,,,0,85,,8343,7,,,0,85,,8346,7,,,0,85,,8347,7,,,0,45,,8348,7,,,0,85,,8344,7,,,0,85,,8345,7,,,0,85,,8349,7,,,0,45,,8350,7,,,0,85,,8351,7,,,0,85,,8352,7,,,0,85,,8353,7,,,0
5400,'Sunday',636,,8355,7,,,0,85,,8356,7,,,0,85,,8358,7,,,0,45,,8359,7,,,0,85,,8360,7,,,0,85,,8357,7,,,0,85,,8362,7,,,0,45,,8364,7,,,0,85,,8365,7,,,0,85,,8363,7,,,0,85,,8366,7,,,0,45,,8361,7,,,0,85,,8368,7,,,0,85,,8370,7,,,0,85,,8371,7,,,0,45,,8369,7,,,0,85,,8373,7,,,0,85,,8367,7,,,0,85,,8372,7,,,0,45,,8374,7,,,0,85,,8375,7,,,0,85,,8376,7,,,0,85,,8377,7,,,0
5400,'Weekday',508,,8397,7,,,0,37,,8387,7,,,0,70,,8379,7,,,0,30,,8398,7,,,0,70,,8407,7,,,0,30,,8388,7,,,0,70,,8378,7,,,0,30,,8399,7,,,0,70,,8408,7,,,0,30,,8389,7,,,0,70,,8380,7,,,0,30,,8400,7,,,0,70,,8409,7,,,0,30,,8390,7,,,0,70,,8381,7,,,0,30,,8401,7,,,0,70,,8410,7,,,0,30,,8391,7,,,0,70,,8383,7,,,0,30,,8402,7,,,0,71,,8411,7,,,0,31,,8392,7,,,0,70,,8382,7,,,0,30,,8403,7,,,0,70,,8412,7,,,0,29,,8393,7,,,0,69,,8384,7,,,0,30,,8405,7,,,0,70,,8413,7,,,0,31,,8394,7,,,0,70,,8385,7,,,0,30,,8404,7,,,0,70,,8414,7,,,0,29,,8395,7,,,0,70,,8386,7,,,0,30,,8406,7,,,0,70,,8415,7,,,0,31,,8396,7,,,0
7700,'Saturday',628,,11215,9,,,0,85,,11216,9,,,0,45,,11217,9,,,0,85,,11219,9,,,0,85,,11220,9,,,0,85,,11221,9,,,0,45,,11218,9,,,0,85,,11222,9,,,0,85,,11223,9,,,0,85,,11224,9,,,0,45,,11226,9,,,0,85,,11227,9,,,0,85,,11228,9,,,0,85,,11225,9,,,0,45,,11229,9,,,0,85,,11231,9,,,0,85,,11234,9,,,0,85,,11235,9,,,0,45,,11230,9,,,0,85,,11232,9,,,0,85,,11233,9,,,0,85,,11236,9,,,0,92,,11237,9,,,0
7700,'Sunday',628,,11240,9,,,0,85,,11238,9,,,0,45,,11241,9,,,0,85,,11242,9,,,0,85,,11243,9,,,0,85,,11244,9,,,0,45,,11245,9,,,0,85,,11246,9,,,0,85,,11247,9,,,0,85,,11248,9,,,0,45,,11249,9,,,0,85,,11251,9,,,0,85,,11252,9,,,0,85,,11253,9,,,0,45,,11250,9,,,0,85,,11254,9,,,0,85,,11255,9,,,0,85,,11256,9,,,0,45,,11257,9,,,0,85,,11258,9,,,0,85,,11259,9,,,0,85,,11260,9,,,0,92,,11261,9,,,0
7700,'Weekday',556,,11290,9,,,0,70,,11272,9,,,0,31,,11262,9,,,0,70,,11282,9,,,0,30,,11291,9,,,0,70,,11273,9,,,0,30,,11263,9,,,0,70,,11281,9,,,0,30,,11293,9,,,0,70,,11274,9,,,0,30,,11264,9,,,0,70,,11283,9,,,0,30,,11292,9,,,0,70,,11275,9,,,0,30,,11265,9,,,0,70,,11284,9,,,0,30,,11295,9,,,0,70,,11276,9,,,0,30,,11266,9,,,0,71,,11286,9,,,0,30,,11294,9,,,0,71,,11277,9,,,0,30,,11268,9,,,0,70,,11285,9,,,0,30,,11296,9,,,0,69,,11278,9,,,0,29,,11267,9,,,0,70,,11287,9,,,0,30,,11297,9,,,0,71,,11279,9,,,0,30,,11270,9,,,0,70,,11288,9,,,0,30,,11298,9,,,0,69,,11280,9,,,0,30,,11269,9,,,0,70,,11289,9,,,0,30,,11299,9,,,0
12900,'Saturday',705,,17489,7,,,0,40,,17506,7,,,0,80,,17498,7,,,0,80,,17490,7,,,0,40,,17507,7,,,0,80,,17499,7,,,0,80,,17491,7,,,0,40,,17508,7,,,0,80,,17500,7,,,0,80,,17492,7,,,0,40,,17509,7,,,0,80,,17501,7,,,0,80,,17494,7,,,0,40,,17511,7,,,0,80,,17502,7,,,0,80,,17493,7,,,0,40,,17510,7,,,0,80,,17503,7,,,0,80,,17495,7,,,0,40,,17512,7,,,0,83,,17504,7,,,0,77,,17496,7,,,0,40,,17513,7,,,0,80,,17505,7,,,0,80,,17497,7,,,0,43,,17514,7,,,0
12900,'Sunday',705,,17515,7,,,0,40,,17532,7,,,0,80,,17524,7,,,0,80,,17516,7,,,0,40,,17533,7,,,0,80,,17525,7,,,0,80,,17517,7,,,0,40,,17534,7,,,0,80,,17526,7,,,0,80,,17518,7,,,0,40,,17535,7,,,0,80,,17527,7,,,0,80,,17519,7,,,0,40,,17537,7,,,0,80,,17528,7,,,0,80,,17520,7,,,0,40,,17536,7,,,0,80,,17529,7,,,0,80,,17521,7,,,0,40,,17538,7,,,0,83,,17530,7,,,0,77,,17522,7,,,0,40,,17539,7,,,0,80,,17531,7,,,0,80,,17523,7,,,0,43,,17540,7,,,0
12900,'Weekday',555,,17548,7,,,0,67,,17542,7,,,0,30,,17560,7,,,0,70,,17566,7,,,0,30,,17549,7,,,0,70,,17543,7,,,0,30,,17561,7,,,0,70,,17567,7,,,0,30,,17550,7,,,0,70,,17544,7,,,0,30,,17562,7,,,0,70,,17568,7,,,0,30,,17551,7,,,0,70,,17545,7,,,0,30,,17563,7,,,0,70,,17569,7,,,0,30,,17552,7,,,0,73,,17546,7,,,0,27,,17564,7,,,0,64,,17570,7,,,0,36,,17553,7,,,0,56,,17577,7,,,0,15,,17547,7,,,0,30,,17565,7,,,0,69,,17571,7,,,0,30,,17554,7,,,0,70,,17572,7,,,0,30,,17555,7,,,0,70,,17573,7,,,0,30,,17541,7,,,0,70,,17574,7,,,0,30,,17556,7,,,0,70,,17575,7,,,0,30,,17557,7,,,0,70,,17576,7,,,0,30,,17558,7,,,0,100,,17559,7,,,0
12900,'Weekday1111000',1439,,17579,7,,,0
70600,'Weekday0000100',1318,,23757,4,0,130 184 64,0
70600,'Weekday1111000',1528,,23759,4,0,130 184 64,0
