9200,'Saturday',746,,48776,30,,,0,85,,48760,30,,,0,85,,48765,30,,,0,85,,48770,30,,,0,45,,48775,30,,,0,85,,48761,30,,,0,85,,48766,30,,,0,85,,48771,30,,,0,45,,48777,30,,,0,85,,48763,30,,,0,85,,48767,30,,,0,85,,48772,30,,,0,45,,48778,30,,,0,85,,48762,30,,,0,85,,48768,30,,,0,85,,48773,30,,,0,43,,48779,30,,,0,85,,48764,30,,,0,85,,48769,30,,,0,38,,48774,30,,,0
9200,'Sunday',745,,48795,30,,,0,85,,48780,30,,,0,85,,48785,30,,,0,85,,48790,30,,,0,45,,48796,30,,,0,85,,48781,30,,,0,85,,48786,30,,,0,85,,48791,30,,,0,45,,48798,30,,,0,85,,48782,30,,,0,85,,48787,30,,,0,85,,48792,30,,,0,45,,48797,30,,,0,85,,48783,30,,,0,85,,48788,30,,,0,85,,48793,30,,,0,45,,48799,30,,,0,85,,48784,30,,,0,85,,48789,30,,,0,38,,48794,30,,,0
9200,'Weekday',446,,48808,30,,,0,69,,48813,30,,,0,31,,48822,30,,,0,71,,48809,30,,,0,32,,48814,30,,,0,73,,48831,30,,,0,31,,48818,30,,,0,71,,48800,30,,,0,31,,48823,30,,,0,68,,48810,30,,,0,31,,48815,30,,,0,71,,48832,30,,,0,31,,48819,30,,,0,71,,48828,30,,,0,31,,48824,30,,,0,71,,48811,30,,,0,71,,48816,30,,,0,31,,48833,30,,,0,71,,48820,30,,,0,31,,48806,30,,,0,71,,48825,30,,,0,33,,48812,30,,,0,71,,48817,30,,,0,31,,48834,30,,,0,71,,48821,30,,,0,31,,48804,30,,,0,67,,48801,30,,,0,43,,48826,30,,,0,85,,48802,30,,,0,85,,48805,30,,,0,85,,48829,30,,,0,45,,48827,30,,,0,85,,48803,30,,,0,85,,48807,30,,,0,83,,48830,30,,,0
9200,'1CCSDCUT-Weekday',446,,48843,30,,,0,69,,48848,30,,,0,31,,48857,30,,,0,71,,48844,30,,,0,32,,48849,30,,,0,73,,48866,30,,,0,31,,48853,30,,,0,71,,48835,30,,,0,31,,48858,30,,,0,68,,48845,30,,,0,31,,48850,30,,,0,71,,48867,30,,,0,31,,48854,30,,,0,71,,48863,30,,,0,31,,48859,30,,,0,71,,48846,30,,,0,71,,48851,30,,,0,31,,48868,30,,,0,71,,48855,30,,,0,31,,48841,30,,,0,71,,48860,30,,,0,33,,48847,30,,,0,71,,48852,30,,,0,31,,48869,30,,,0,71,,48856,30,,,0,31,,48839,30,,,0,67,,48836,30,,,0,43,,48861,30,,,0,85,,48837,30,,,0,85,,48840,30,,,0,85,,48864,30,,,0,45,,48862,30,,,0,85,,48838,30,,,0,85,,48842,30,,,0,83,,48865,30,,,0
9200,'1PUBCUT-Weekday',446,,48878,30,,,0,69,,48883,30,,,0,31,,48892,30,,,0,71,,48879,30,,,0,32,,48884,30,,,0,73,,48901,30,,,0,31,,48888,30,,,0,71,,48870,30,,,0,31,,48893,30,,,0,68,,48880,30,,,0,31,,48885,30,,,0,71,,48902,30,,,0,31,,48889,30,,,0,71,,48898,30,,,0,31,,48894,30,,,0,71,,48881,30,,,0,71,,48886,30,,,0,31,,48903,30,,,0,71,,48890,30,,,0,31,,48876,30,,,0,71,,48895,30,,,0,33,,48882,30,,,0,71,,48887,30,,,0,31,,48904,30,,,0,71,,48891,30,,,0,31,,48874,30,,,0,67,,48871,30,,,0,43,,48896,30,,,0,85,,48872,30,,,0,85,,48875,30,,,0,85,,48899,30,,,0,45,,48897,30,,,0,85,,48873,30,,,0,85,,48877,30,,,0,83,,48900,30,,,0
13100,'Weekday',607,,56912,32,,,0,20,,56911,32,,,0,20,,56910,32,,,0,60,,56913,32,,,0
13100,'1CCSDCUT-Weekday',607,,56916,32,,,0,20,,56915,32,,,0,20,,56914,32,,,0,60,,56917,32,,,0
13100,'1PUBCUT-Weekday',607,,56920,32,,,0,20,,56919,32,,,0,20,,56918,32,,,0,60,,56921,32,,,0
71100,'Weekday',820,,68398,7,0,29 159,0
71100,'1CCSDCUT-Weekday',820,,68399,7,0,29 159,0
82500,'Weekday',822,,68974,15,0,40 85 1 42 86,0
82500,'1PUBCUT-Weekday',822,,68975,15,0,40 85 1 42 86,0
84900,'Weekday',817,,69034,18,0,36 37 38 39 1 104,0
84900,'1PUBCUT-Weekday',817,,69035,18,0,36 37 38 39 1 104,0
