1901,'Saturday',612,,30747,13,,,0,35,,30739,13,,,0,75,,30755,13,,,0,35,,30763,13,,,0,75,,30748,13,,,0,75,,30740,13,,,0,35,,30756,13,,,0,75,,30764,13,,,0,35,,30749,13,,,0,75,,30741,13,,,0,75,,30757,13,,,0,34,,30765,13,,,0,75,,30750,13,,,0,28,,30742,13,,,0,64,,30770,13,,,0,28,,30759,13,,,0,28,,30766,13,,,0,68,,30751,13,,,0,28,,30743,13,,,0,68,,30771,13,,,0,28,,30758,13,,,0,68,,30767,13,,,0,28,,30752,13,,,0,68,,30744,13,,,0,28,,30772,13,,,0,63,,30761,13,,,0,33,,30769,13,,,0,75,,30753,13,,,0,35,,30745,13,,,0,75,,30762,13,,,0,35,,30768,13,,,0,75,,30754,13,,,0,75,,30746,13,,,0,35,,30760,13,0,45 46 47,0
1901,'Sunday',612,,30781,13,,,0,35,,30773,13,,,0,75,,30789,13,,,0,35,,30796,13,,,0,75,,30782,13,,,0,75,,30774,13,,,0,35,,30790,13,,,0,75,,30798,13,,,0,35,,30783,13,,,0,75,,30775,13,,,0,75,,30791,13,,,0,34,,30800,13,,,0,75,,30785,13,,,0,28,,30776,13,,,0,64,,30804,13,,,0,28,,30792,13,,,0,28,,30799,13,,,0,68,,30787,13,,,0,28,,30777,13,,,0,68,,30805,13,,,0,28,,30793,13,,,0,68,,30801,13,,,0,28,,30786,13,,,0,68,,30778,13,,,0,28,,30806,13,,,0,63,,30794,13,,,0,33,,30802,13,,,0,75,,30784,13,,,0,35,,30779,13,,,0,75,,30795,13,,,0,35,,30803,13,,,0,75,,30788,13,,,0,75,,30780,13,,,0,35,,30797,13,0,45 46 47,0
1901,'Weekday',509,,30810,13,,,0,31,,30818,13,,,0,64,,30826,13,,,0,32,,30834,13,,,0,72,,30844,13,,,0,26,,30811,13,,,0,78,,30819,13,,,0,31,,30827,13,,,0,72,,30835,13,,,0,33,,30845,13,,,0,72,,30812,13,,,0,32,,30820,13,,,0,72,,30828,13,,,0,32,,30836,13,,,0,72,,30846,13,,,0,72,,30813,13,,,0,34,,30821,13,,,0,24,,30809,13,,,0,48,,30829,13,,,0,32,,30838,13,,,0,72,,30847,13,,,0,32,,30814,13,,,0,72,,30822,13,,,0,32,,30830,13,,,0,72,,30837,13,,,0,30,,30848,13,,,0,69,,30815,13,,,0,30,,30823,13,,,0,70,,30831,13,,,0,30,,30839,13,,,0,70,,30850,13,,,0,32,,30816,13,,,0,68,,30824,13,,,0,30,,30832,13,,,0,69,,30840,13,,,0,30,,30849,13,,,0,70,,30817,13,,,0,30,,30825,13,,,0,70,,30833,13,,,0,30,,30841,13,,,0,70,,30842,13,,,0
1901,'1CCSDCUT-Weekday',509,,30855,13,,,0,31,,30863,13,,,0,64,,30871,13,,,0,32,,30879,13,,,0,72,,30889,13,,,0,26,,30856,13,,,0,78,,30864,13,,,0,31,,30872,13,,,0,72,,30880,13,,,0,33,,30890,13,,,0,72,,30857,13,,,0,32,,30865,13,,,0,72,,30873,13,,,0,32,,30881,13,,,0,72,,30891,13,,,0,72,,30858,13,,,0,34,,30866,13,,,0,24,,30854,13,,,0,48,,30874,13,,,0,32,,30883,13,,,0,72,,30892,13,,,0,32,,30859,13,,,0,72,,30867,13,,,0,32,,30875,13,,,0,72,,30882,13,,,0,30,,30893,13,,,0,69,,30860,13,,,0,30,,30868,13,,,0,70,,30876,13,,,0,30,,30884,13,,,0,70,,30895,13,,,0,32,,30861,13,,,0,68,,30869,13,,,0,30,,30877,13,,,0,69,,30885,13,,,0,30,,30894,13,,,0,70,,30862,13,,,0,30,,30870,13,,,0,70,,30878,13,,,0,30,,30886,13,,,0,70,,30887,13,,,0
1901,'1PUBCUT-Weekday',509,,30900,13,,,0,31,,30908,13,,,0,64,,30916,13,,,0,32,,30924,13,,,0,72,,30934,13,,,0,26,,30901,13,,,0,78,,30909,13,,,0,31,,30917,13,,,0,72,,30925,13,,,0,33,,30935,13,,,0,72,,30902,13,,,0,32,,30910,13,,,0,72,,30918,13,,,0,32,,30926,13,,,0,72,,30936,13,,,0,72,,30903,13,,,0,34,,30911,13,,,0,24,,30899,13,,,0,48,,30919,13,,,0,32,,30928,13,,,0,72,,30937,13,,,0,32,,30904,13,,,0,72,,30912,13,,,0,32,,30920,13,,,0,72,,30927,13,,,0,30,,30938,13,,,0,69,,30905,13,,,0,30,,30913,13,,,0,70,,30921,13,,,0,30,,30929,13,,,0,70,,30940,13,,,0,32,,30906,13,,,0,68,,30914,13,,,0,30,,30922,13,,,0,69,,30930,13,,,0,30,,30939,13,,,0,70,,30907,13,,,0,30,,30915,13,,,0,70,,30923,13,,,0,30,,30931,13,,,0,70,,30932,13,,,0
3301,'Saturday',536,,34566,2,,,0,70,,34565,2,,,0,30,,34567,2,,,0,70,,34564,2,,,0,30,,34595,2,,,0,70,,34596,2,,,0,30,,34597,2,,,0,70,,34591,2,,,0,30,,34594,2,,,0,70,,34592,2,,,0,30,,34593,2,,,0,70,,34589,2,,,0,30,,34588,2,,,0,70,,34590,2,,,0,30,,34585,2,,,0,70,,34584,2,,,0,30,,34583,2,,,0,70,,34586,2,,,0,30,,34587,2,,,0,70,,34582,2,,,0,30,,34581,2,,,0,70,,34580,2,,,0,30,,34579,2,,,0,70,,34578,2,,,0,30,,34577,2,,,0,70,,34573,2,,,0,30,,34574,2,,,0,70,,34576,2,,,0,30,,34575,2,,,0,70,,34570,2,,,0,30,,34571,2,,,0,70,,34572,2,,,0,30,,34568,2,,,0,70,,34569,2,,,0
3301,'Sunday',1006,,34614,2,,,0,30,,34615,2,,,0,70,,34613,2,,,0,30,,34611,2,,,0,70,,34612,2,,,0,30,,34609,2,,,0,70,,34610,2,,,0,30,,34607,2,,,0,70,,34608,2,,,0,30,,34606,2,,,0,70,,34605,2,,,0,30,,34604,2,,,0,70,,34603,2,,,0,30,,34601,2,,,0,70,,34602,2,,,0,30,,34600,2,,,0,70,,34598,2,,,0,30,,34599,2,,,0
3301,'Weekday',547,,34618,2,,,0,75,,34619,23,,,0,31,,34620,23,,,0,72,,34621,23,,,0,77,,34622,23,,,0,34,,34623,23,,,0,75,,34624,23,,,0,35,,34625,23,,,0,75,,34626,23,,,0,35,,34627,23,,,0,75,,34628,23,,,0,75,,34630,23,,,0,35,,34629,23,,,0,75,,34631,23,,,0,35,,34632,23,,,0,75,,34633,23,,,0,76,,34634,23,,,0,37,,34636,23,,,0,76,,34635,23,,,0,36,,34638,23,,,0,74,,34637,23,,,0,76,,34639,23,,,0,35,,34640,23,,,0,73,,34641,23,,,0,33,,34642,23,,,0,73,,34643,2,,,0,90,,34616,2,,,0,50,,34617,2,,,0
3301,'1CCSDCUT-Weekday',547,,34646,2,,,0,75,,34647,23,,,0,31,,34648,23,,,0,72,,34649,23,,,0,77,,34650,23,,,0,34,,34651,23,,,0,75,,34652,23,,,0,35,,34653,23,,,0,75,,34654,23,,,0,35,,34655,23,,,0,75,,34656,23,,,0,75,,34658,23,,,0,35,,34657,23,,,0,75,,34659,23,,,0,35,,34660,23,,,0,75,,34661,23,,,0,76,,34662,23,,,0,37,,34664,23,,,0,76,,34663,23,,,0,36,,34666,23,,,0,74,,34665,23,,,0,76,,34667,23,,,0,35,,34668,23,,,0,73,,34669,23,,,0,33,,34670,23,,,0,73,,34671,2,,,0,90,,34644,2,,,0,50,,34645,2,,,0
3301,'1PUBCUT-Weekday',547,,34674,2,,,0,75,,34675,23,,,0,31,,34676,23,,,0,72,,34677,23,,,0,77,,34678,23,,,0,34,,34679,23,,,0,75,,34680,23,,,0,35,,34681,23,,,0,75,,34682,23,,,0,35,,34683,23,,,0,75,,34684,23,,,0,75,,34686,23,,,0,35,,34685,23,,,0,75,,34687,23,,,0,35,,34688,23,,,0,75,,34689,23,,,0,76,,34690,23,,,0,37,,34692,23,,,0,76,,34691,23,,,0,36,,34694,23,,,0,74,,34693,23,,,0,76,,34695,23,,,0,35,,34696,23,,,0,73,,34697,23,,,0,33,,34698,23,,,0,73,,34699,2,,,0,90,,34672,2,,,0,50,,34673,2,,,0
74501,'Weekday',824,,68574,2,0,178 179 180 179,0
74501,'1CCSDCUT-Weekday',824,,68575,2,0,178 179 180 179,0
