12900,'Saturday',707,,123490,9,,,0,40,,123507,9,,,0,80,,123499,9,,,0,80,,123491,9,,,0,40,,123508,9,,,0,80,,123500,9,,,0,80,,123492,9,,,0,40,,123509,9,,,0,80,,123501,9,,,0,80,,123493,9,,,0,40,,123510,9,,,0,80,,123502,9,,,0,80,,123495,9,,,0,40,,123512,9,,,0,80,,123503,9,,,0,80,,123494,9,,,0,40,,123511,9,,,0,80,,123504,9,,,0,80,,123496,9,,,0,40,,123513,9,,,0,83,,123505,9,,,0,77,,123497,9,,,0,40,,123514,9,,,0,80,,123506,9,,,0,80,,123498,9,,,0,43,,123515,9,,,0
12900,'Sunday',707,,123516,9,,,0,40,,123533,9,,,0,80,,123525,9,,,0,80,,123517,9,,,0,40,,123535,9,,,0,80,,123526,9,,,0,80,,123518,9,,,0,40,,123534,9,,,0,80,,123527,9,,,0,80,,123519,9,,,0,40,,123536,9,,,0,80,,123528,9,,,0,80,,123520,9,,,0,40,,123538,9,,,0,80,,123529,9,,,0,80,,123521,9,,,0,40,,123537,9,,,0,80,,123530,9,,,0,80,,123522,9,,,0,40,,123539,9,,,0,83,,123531,9,,,0,77,,123523,9,,,0,40,,123540,9,,,0,80,,123532,9,,,0,80,,123524,9,,,0,43,,123541,9,,,0
12900,'Weekday',557,,123549,9,,,0,67,,123543,9,,,0,31,,123561,9,,,0,70,,123567,9,,,0,30,,123550,9,,,0,70,,123544,9,,,0,30,,123562,9,,,0,70,,123568,9,,,0,30,,123551,9,,,0,70,,123545,9,,,0,30,,123563,9,,,0,70,,123569,9,,,0,30,,123552,9,,,0,70,,123546,9,,,0,30,,123564,9,,,0,70,,123570,9,,,0,30,,123553,9,,,0,73,,123547,9,,,0,27,,123565,9,,,0,65,,123571,9,,,0,35,,123554,9,,,0,58,,123578,9,,,0,15,,123548,9,,,0,30,,123566,9,,,0,67,,123572,9,,,0,30,,123555,9,,,0,70,,123573,9,,,0,30,,123556,9,,,0,70,,123574,9,,,0,30,,123542,9,,,0,70,,123575,9,,,0,29,,123557,9,,,0,70,,123576,9,,,0,30,,123558,9,,,0,70,,123577,9,,,0,30,,123559,9,,,0,100,,123560,9,,,0
12900,'STMPSa-Saturday',707,,123579,9,,,0,40,,123596,9,,,0,80,,123588,9,,,0,80,,123580,9,,,0,40,,123597,9,,,0,80,,123589,9,,,0,80,,123581,9,,,0,40,,123598,9,,,0,80,,123590,9,,,0,80,,123582,9,,,0,40,,123599,9,,,0,80,,123591,9,,,0,80,,123584,9,,,0,40,,123601,9,,,0,80,,123592,9,,,0,80,,123583,9,,,0,40,,123600,9,,,0,80,,123593,9,,,0,80,,123585,9,,,0,40,,123602,9,,,0,83,,123594,9,,,0,77,,123586,9,,,0,40,,123603,9,,,0,80,,123595,9,,,0,80,,123587,9,,,0,43,,123604,9,,,0
12900,'STMPSnea-Weekday',557,,123612,9,,,0,67,,123606,9,,,0,31,,123624,9,,,0,70,,123630,9,,,0,30,,123613,9,,,0,70,,123607,9,,,0,30,,123625,9,,,0,70,,123631,9,,,0,30,,123614,9,,,0,70,,123608,9,,,0,30,,123626,9,,,0,70,,123632,9,,,0,30,,123615,9,,,0,70,,123609,9,,,0,30,,123627,9,,,0,70,,123633,9,,,0,30,,123616,9,,,0,73,,123610,9,,,0,27,,123628,9,,,0,65,,123634,9,,,0,35,,123617,9,,,0,58,,123641,9,,,0,15,,123611,9,,,0,30,,123629,9,,,0,67,,123635,9,,,0,30,,123618,9,,,0,70,,123636,9,,,0,30,,123619,9,,,0,70,,123637,9,,,0,30,,123605,9,,,0,70,,123638,9,,,0,29,,123620,9,,,0,70,,123639,9,,,0,30,,123621,9,,,0,70,,123640,9,,,0,30,,123622,9,,,0,100,,123623,9,,,0
12900,'STMPSu1-Sunday',707,,123642,9,,,0,40,,123659,9,,,0,80,,123651,9,,,0,80,,123643,9,,,0,40,,123661,9,,,0,80,,123652,9,,,0,80,,123644,9,,,0,40,,123660,9,,,0,80,,123653,9,,,0,80,,123645,9,,,0,40,,123662,9,,,0,80,,123654,9,,,0,80,,123646,9,,,0,40,,123664,9,,,0,80,,123655,9,,,0,80,,123647,9,,,0,40,,123663,9,,,0,80,,123656,9,,,0,80,,123648,9,,,0,40,,123665,9,,,0,83,,123657,9,,,0,77,,123649,9,,,0,40,,123666,9,,,0,80,,123658,9,,,0,80,,123650,9,,,0,43,,123667,9,,,0
12900,'STMPSu2-Sunday',707,,123668,9,,,0,40,,123685,9,,,0,80,,123677,9,,,0,80,,123669,9,,,0,40,,123687,9,,,0,80,,123678,9,,,0,80,,123670,9,,,0,40,,123686,9,,,0,80,,123679,9,,,0,80,,123671,9,,,0,40,,123688,9,,,0,80,,123680,9,,,0,80,,123672,9,,,0,40,,123690,9,,,0,80,,123681,9,,,0,80,,123673,9,,,0,40,,123689,9,,,0,80,,123682,9,,,0,80,,123674,9,,,0,40,,123691,9,,,0,83,,123683,9,,,0,77,,123675,9,,,0,40,,123692,9,,,0,80,,123684,9,,,0,80,,123676,9,,,0,43,,123693,9,,,0
12900,'STMPWeek-Weekday',557,,123701,9,,,0,67,,123695,9,,,0,31,,123713,9,,,0,70,,123719,9,,,0,30,,123702,9,,,0,70,,123696,9,,,0,30,,123714,9,,,0,70,,123720,9,,,0,30,,123703,9,,,0,70,,123697,9,,,0,30,,123715,9,,,0,70,,123721,9,,,0,30,,123704,9,,,0,70,,123698,9,,,0,30,,123716,9,,,0,70,,123722,9,,,0,30,,123705,9,,,0,73,,123699,9,,,0,27,,123717,9,,,0,65,,123723,9,,,0,35,,123706,9,,,0,58,,123730,9,,,0,15,,123700,9,,,0,30,,123718,9,,,0,67,,123724,9,,,0,30,,123707,9,,,0,70,,123725,9,,,0,30,,123708,9,,,0,70,,123726,9,,,0,30,,123694,9,,,0,70,,123727,9,,,0,29,,123709,9,,,0,70,,123728,9,,,0,30,,123710,9,,,0,70,,123729,9,,,0,30,,123711,9,,,0,100,,123712,9,,,0
12900,'STMPar-Weekday',557,,123738,9,,,0,67,,123732,9,,,0,31,,123750,9,,,0,70,,123756,9,,,0,30,,123739,9,,,0,70,,123733,9,,,0,30,,123751,9,,,0,70,,123757,9,,,0,30,,123740,9,,,0,70,,123734,9,,,0,30,,123752,9,,,0,70,,123758,9,,,0,30,,123741,9,,,0,70,,123735,9,,,0,30,,123753,9,,,0,70,,123759,9,,,0,30,,123742,9,,,0,73,,123736,9,,,0,27,,123754,9,,,0,65,,123760,9,,,0,35,,123743,9,,,0,58,,123767,9,,,0,15,,123737,9,,,0,30,,123755,9,,,0,67,,123761,9,,,0,30,,123744,9,,,0,70,,123762,9,,,0,30,,123745,9,,,0,70,,123763,9,,,0,30,,123731,9,,,0,70,,123764,9,,,0,29,,123746,9,,,0,70,,123765,9,,,0,30,,123747,9,,,0,70,,123766,9,,,0,30,,123748,9,,,0,100,,123749,9,,,0
15400,'Saturday',642,,129154,11,,,0,85,,129158,11,,,0,85,,129156,11,,,0,45,,129157,11,,,0,85,,129159,11,,,0,85,,129160,11,,,0,85,,129162,11,,,0,45,,129164,11,,,0,86,,129165,11,,,0,85,,129166,11,,,0,85,,129163,11,,,0,45,,129168,11,,,0,85,,129169,11,,,0,85,,129170,11,,,0,85,,129171,11,,,0,45,,129161,11,,,0,85,,129172,11,,,0,85,,129173,11,,,0,85,,129167,11,,,0
15400,'Sunday',642,,129175,11,,,0,85,,129176,11,,,0,85,,129177,11,,,0,45,,129178,11,,,0,85,,129179,11,,,0,85,,129180,11,,,0,85,,129181,11,,,0,45,,129183,11,,,0,86,,129184,11,,,0,85,,129185,11,,,0,85,,129182,11,,,0,45,,129186,11,,,0,85,,129187,11,,,0,85,,129188,11,,,0,85,,129189,11,,,0,45,,129190,11,,,0,85,,129191,11,,,0,85,,129192,11,,,0,85,,129193,11,,,0
15400,'Weekday',540,,129194,11,,,0,70,,129213,11,,,0,30,,129222,11,,,0,70,,129204,11,,,0,30,,129196,11,,,0,70,,129215,11,,,0,30,,129225,11,,,0,70,,129205,11,,,0,30,,129195,11,,,0,70,,129214,11,,,0,30,,129226,11,,,0,70,,129206,11,,,0,30,,129197,11,,,0,70,,129216,11,,,0,30,,129227,11,,,0,70,,129207,11,,,0,30,,129198,11,,,0,70,,129218,11,,,0,30,,129228,11,,,0,71,,129208,11,,,0,33,,129199,11,,,0,68,,129217,11,,,0,30,,129229,11,,,0,72,,129209,11,,,0,30,,129200,11,,,0,70,,129219,11,,,0,29,,129230,11,,,0,68,,129210,11,,,0,30,,129201,11,,,0,70,,129221,11,,,0,30,,129231,11,,,0,72,,129211,11,,,0,30,,129202,11,,,0,70,,129220,11,,,0,30,,129232,11,,,0,68,,129212,11,,,0,30,,129203,11,,,0,70,,129223,11,,,0,30,,129233,11,,,0
15400,'STMPSa-Saturday',642,,129234,11,,,0,85,,129238,11,,,0,85,,129236,11,,,0,45,,129237,11,,,0,85,,129239,11,,,0,85,,129240,11,,,0,85,,129242,11,,,0,45,,129244,11,,,0,86,,129245,11,,,0,85,,129246,11,,,0,85,,129243,11,,,0,45,,129248,11,,,0,85,,129249,11,,,0,85,,129250,11,,,0,85,,129251,11,,,0,45,,129241,11,,,0,85,,129252,11,,,0,85,,129253,11,,,0,85,,129247,11,,,0
15400,'STMPSnea-Weekday',540,,129254,11,,,0,70,,129273,11,,,0,30,,129282,11,,,0,70,,129264,11,,,0,30,,129256,11,,,0,70,,129275,11,,,0,30,,129285,11,,,0,70,,129265,11,,,0,30,,129255,11,,,0,70,,129274,11,,,0,30,,129286,11,,,0,70,,129266,11,,,0,30,,129257,11,,,0,70,,129276,11,,,0,30,,129287,11,,,0,70,,129267,11,,,0,30,,129258,11,,,0,70,,129278,11,,,0,30,,129288,11,,,0,71,,129268,11,,,0,33,,129259,11,,,0,68,,129277,11,,,0,30,,129289,11,,,0,72,,129269,11,,,0,30,,129260,11,,,0,70,,129279,11,,,0,29,,129290,11,,,0,68,,129270,11,,,0,30,,129261,11,,,0,70,,129281,11,,,0,30,,129291,11,,,0,72,,129271,11,,,0,30,,129262,11,,,0,70,,129280,11,,,0,30,,129292,11,,,0,68,,129272,11,,,0,30,,129263,11,,,0,70,,129283,11,,,0,30,,129293,11,,,0
15400,'STMPSu1-Sunday',642,,129295,11,,,0,85,,129296,11,,,0,85,,129297,11,,,0,45,,129298,11,,,0,85,,129299,11,,,0,85,,129300,11,,,0,85,,129302,11,,,0,45,,129304,11,,,0,86,,129301,11,,,0,85,,129305,11,,,0,85,,129303,11,,,0,45,,129306,11,,,0,85,,129307,11,,,0,85,,129308,11,,,0,85,,129309,11,,,0,45,,129310,11,,,0,85,,129311,11,,,0,85,,129312,11,,,0,85,,129313,11,,,0
15400,'STMPSu2-Sunday',642,,129315,11,,,0,85,,129316,11,,,0,85,,129317,11,,,0,45,,129318,11,,,0,85,,129319,11,,,0,85,,129320,11,,,0,85,,129321,11,,,0,45,,129323,11,,,0,86,,129324,11,,,0,85,,129325,11,,,0,85,,129322,11,,,0,45,,129326,11,,,0,85,,129327,11,,,0,85,,129328,11,,,0,85,,129329,11,,,0,45,,129330,11,,,0,85,,129331,11,,,0,85,,129332,11,,,0,85,,129333,11,,,0
15400,'STMPWeek-Weekday',540,,129334,11,,,0,70,,129353,11,,,0,30,,129362,11,,,0,70,,129344,11,,,0,30,,129336,11,,,0,70,,129355,11,,,0,30,,129365,11,,,0,70,,129345,11,,,0,30,,129335,11,,,0,70,,129354,11,,,0,30,,129366,11,,,0,70,,129346,11,,,0,30,,129337,11,,,0,70,,129356,11,,,0,30,,129367,11,,,0,70,,129347,11,,,0,30,,129338,11,,,0,70,,129358,11,,,0,30,,129368,11,,,0,71,,129348,11,,,0,33,,129339,11,,,0,68,,129357,11,,,0,30,,129369,11,,,0,72,,129349,11,,,0,30,,129340,11,,,0,70,,129359,11,,,0,29,,129370,11,,,0,68,,129350,11,,,0,30,,129341,11,,,0,70,,129361,11,,,0,30,,129371,11,,,0,72,,129351,11,,,0,30,,129342,11,,,0,70,,129360,11,,,0,30,,129372,11,,,0,68,,129352,11,,,0,30,,129343,11,,,0,70,,129363,11,,,0,30,,129373,11,,,0
15400,'STMPar-Weekday',540,,129374,11,,,0,70,,129393,11,,,0,30,,129402,11,,,0,70,,129384,11,,,0,30,,129376,11,,,0,70,,129395,11,,,0,30,,129405,11,,,0,70,,129385,11,,,0,30,,129375,11,,,0,70,,129394,11,,,0,30,,129406,11,,,0,70,,129386,11,,,0,30,,129377,11,,,0,70,,129396,11,,,0,30,,129407,11,,,0,70,,129387,11,,,0,30,,129378,11,,,0,70,,129398,11,,,0,30,,129408,11,,,0,71,,129388,11,,,0,33,,129379,11,,,0,68,,129397,11,,,0,30,,129409,11,,,0,72,,129389,11,,,0,30,,129380,11,,,0,70,,129399,11,,,0,29,,129410,11,,,0,68,,129390,11,,,0,30,,129381,11,,,0,70,,129401,11,,,0,30,,129411,11,,,0,72,,129391,11,,,0,30,,129382,11,,,0,70,,129400,11,,,0,30,,129412,11,,,0,68,,129392,11,,,0,30,,129383,11,,,0,70,,129403,11,,,0,30,,129413,11,,,0
