9200,'Saturday',743,,13343,26,,,0,85,,13327,26,,,0,85,,13332,26,,,0,45,,13337,26,,,0,85,,13342,26,,,0,85,,13328,26,,,0,85,,13333,26,,,0,45,,13338,26,,,0,85,,13344,26,,,0,85,,13329,26,,,0,85,,13334,26,,,0,45,,13339,26,,,0,85,,13345,26,,,0,85,,13330,26,,,0,85,,13335,26,,,0,45,,13340,26,,,0,83,,13346,26,,,0,85,,13331,26,,,0,85,,13336,26,,,0,38,,13341,26,,,0
9200,'Sunday',742,,13362,26,,,0,85,,13347,26,,,0,85,,13352,26,,,0,45,,13357,26,,,0,85,,13363,26,,,0,85,,13348,26,,,0,85,,13353,26,,,0,45,,13358,26,,,0,85,,13365,26,,,0,85,,13349,26,,,0,85,,13354,26,,,0,45,,13359,26,,,0,85,,13364,26,,,0,85,,13350,26,,,0,85,,13355,26,,,0,45,,13360,26,,,0,85,,13366,26,,,0,85,,13351,26,,,0,85,,13356,26,,,0,38,,13361,26,,,0
9200,'Weekday',443,,13375,26,,,0,69,,13380,26,,,0,31,,13389,26,,,0,71,,13376,26,,,0,32,,13381,26,,,0,73,,13398,26,,,0,31,,13385,26,,,0,71,,13367,26,,,0,31,,13390,26,,,0,68,,13377,26,,,0,31,,13382,26,,,0,71,,13399,26,,,0,31,,13386,26,,,0,71,,13395,26,,,0,31,,13391,26,,,0,71,,13378,26,,,0,31,,13383,26,,,0,71,,13400,26,,,0,31,,13387,26,,,0,71,,13373,26,,,0,71,,13392,26,,,0,33,,13379,26,,,0,71,,13384,26,,,0,31,,13401,26,,,0,71,,13388,26,,,0,31,,13371,26,,,0,67,,13368,26,,,0,43,,13393,26,,,0,85,,13369,26,,,0,85,,13372,26,,,0,85,,13396,26,,,0,45,,13394,26,,,0,85,,13370,26,,,0,85,,13374,26,,,0,83,,13397,26,,,0
9600,'Saturday',601,,13828,15,,,0,45,,13812,15,,,0,85,,13818,15,,,0,85,,13824,15,,,0,85,,13829,15,,,0,46,,13813,15,,,0,85,,13819,15,,,0,85,,13823,15,,,0,85,,13830,15,,,0,45,,13814,15,,,0,85,,13820,15,,,0,86,,13825,15,,,0,87,,13831,15,,,0,45,,13815,15,,,0,85,,13821,15,,,0,85,,13826,15,,,0,85,,13832,15,,,0,45,,13816,15,,,0,82,,13822,15,,,0,84,,13827,15,,,0,85,,13833,15,,,0,45,,13817,15,,,0
9600,'Sunday',601,,13850,15,,,0,45,,13834,15,,,0,85,,13840,15,,,0,85,,13845,15,,,0,85,,13852,15,,,0,45,,13835,15,,,0,85,,13841,15,,,0,86,,13846,15,,,0,85,,13851,15,,,0,45,,13836,15,,,0,85,,13842,15,,,0,85,,13847,15,,,0,85,,13853,15,,,0,45,,13837,15,,,0,85,,13844,15,,,0,85,,13848,15,,,0,85,,13854,15,,,0,44,,13839,15,,,0,85,,13843,15,,,0,85,,13849,15,,,0,85,,13855,15,,,0,45,,13838,15,,,0
9600,'Weekday',537,,13885,15,,,0,71,,13869,15,,,0,31,,13890,15,,,0,71,,13874,15,,,0,31,,13861,15,,,0,71,,13865,15,,,0,31,,13886,15,,,0,70,,13870,15,,,0,31,,13884,15,,,0,71,,13875,15,,,0,31,,13862,15,,,0,71,,13866,15,,,0,31,,13887,15,,,0,71,,13871,15,,,0,31,,13873,15,,,0,71,,13876,15,,,0,31,,13863,15,,,0,71,,13867,15,,,0,32,,13888,15,,,0,71,,13872,15,,,0,31,,13860,15,,,0,71,,13877,15,,,0,31,,13864,15,,,0,71,,13868,15,,,0,72,,13881,15,,,0,42,,13858,15,,,0,82,,13882,15,,,0,83,,13878,15,,,0,45,,13856,15,,,0,85,,13859,15,,,0,85,,13883,15,,,0,85,,13879,15,,,0,45,,13857,15,,,0
13100,'Weekday',604,,17673,26,,,0,20,,17672,26,,,0,20,,17674,26,,,0,60,,17675,26,,,0
71100,'Weekday',816,,23765,1,0,29 159,0
71800,'Weekday',817,,23797,7,0,29 104,0
71900,'Weekday',824,,23801,22,0,29 42,0
82500,'Weekday',820,,24053,9,0,40 85 1 42 86,0
84900,'Weekday',813,,24083,12,0,36 37 38 39 1 104,0
