7900,'Weekday',428,,45435,4,,,0,25,,45459,4,,,0,64,,45456,4,,,0,24,,45457,4,,,0,66,,45443,4,,,0,24,,45460,4,,,0,24,,45446,4,,,0,64,,45448,4,,,0,24,,45439,4,,,0,64,,45437,4,,,0,25,,45455,4,,,0,71,,45450,4,,,0,32,,45453,4,,,0,72,,45441,4,,,0,32,,45434,4,,,0,72,,45447,4,,,0,32,,45430,4,,,0,72,,45458,4,,,0,32,,45444,4,,,0,72,,45451,4,,,0,32,,45436,4,,,0,72,,45442,4,,,0,24,,45440,4,,,0,64,,45445,4,,,0,24,,45438,4,,,0,66,,45431,4,,,0,22,,45432,4,,,0,24,,45454,4,,,0,64,,45461,4,,,0,24,,45449,4,,,0,24,,45462,4,,,0,64,,45433,4,,,0,24,,45452,4,,,0
7900,'Weekday0000100',1345,,45463,4,,,0
7900,'1CCSDCUT-Weekday',428,,45469,4,,,0,25,,45493,4,,,0,64,,45490,4,,,0,24,,45491,4,,,0,66,,45477,4,,,0,24,,45494,4,,,0,24,,45480,4,,,0,64,,45482,4,,,0,24,,45473,4,,,0,64,,45471,4,,,0,25,,45489,4,,,0,71,,45484,4,,,0,32,,45487,4,,,0,72,,45475,4,,,0,32,,45468,4,,,0,72,,45481,4,,,0,32,,45464,4,,,0,72,,45492,4,,,0,32,,45478,4,,,0,72,,45485,4,,,0,32,,45470,4,,,0,72,,45476,4,,,0,24,,45474,4,,,0,64,,45479,4,,,0,24,,45472,4,,,0,66,,45465,4,,,0,22,,45466,4,,,0,24,,45488,4,,,0,64,,45495,4,,,0,24,,45483,4,,,0,24,,45496,4,,,0,64,,45467,4,,,0,24,,45486,4,,,0
7900,'1CCSDCUT-Weekday0000100',1345,,45497,4,,,0
7900,'1PUBCUT-Weekday',428,,45503,4,,,0,25,,45527,4,,,0,64,,45524,4,,,0,24,,45525,4,,,0,66,,45511,4,,,0,24,,45528,4,,,0,24,,45514,4,,,0,64,,45516,4,,,0,24,,45507,4,,,0,64,,45505,4,,,0,25,,45523,4,,,0,71,,45518,4,,,0,32,,45521,4,,,0,72,,45509,4,,,0,32,,45502,4,,,0,72,,45515,4,,,0,32,,45498,4,,,0,72,,45526,4,,,0,32,,45512,4,,,0,72,,45519,4,,,0,32,,45504,4,,,0,72,,45510,4,,,0,24,,45508,4,,,0,64,,45513,4,,,0,24,,45506,4,,,0,66,,45499,4,,,0,22,,45500,4,,,0,24,,45522,4,,,0,64,,45529,4,,,0,24,,45517,4,,,0,24,,45530,4,,,0,64,,45501,4,,,0,24,,45520,4,,,0
7900,'1PUBCUT-Weekday0000100',1345,,45531,4,,,0
86600,'Weekday0000100',1441,,69091,10,0,17 18 19 1 20,0
86600,'Weekday1111000',1557,,69093,10,0,17 18 19 1 20,0
86600,'1PUBCUT-Weekday0000100',1441,,69095,10,0,17 18 19 1 20,0
86600,'1PUBCUT-Weekday1111000',1557,,69097,10,0,17 18 19 1 20,0
86601,'Weekday',813,,69099,4,0,17 18 19 1 20,0
86601,'1PUBCUT-Weekday',813,,69101,4,0,17 18 19 1 20,0
87900,'Weekday',745,,69135,4,0,213 38 214 1 20,0
87900,'1PUBCUT-Weekday',745,,69137,4,0,213 38 214 1 20,0
87901,'Weekday',1457,,69139,5,0,213 38 214 1 20,0
87901,'1PUBCUT-Weekday',1457,,69141,5,0,213 38 214 1 20,0
