2600,'Saturday',611,,33244,12,,,0,45,,33254,12,,,0,85,,33246,12,,,0,85,,33255,12,,,0,86,,33245,12,,,0,45,,33256,12,,,0,85,,33247,12,,,0,85,,33257,12,,,0,85,,33248,12,,,0,45,,33258,12,,,0,85,,33249,12,,,0,86,,33259,12,,,0,85,,33250,12,,,0,45,,33260,12,,,0,85,,33251,12,,,0,85,,33261,12,,,0,85,,33252,12,,,0,45,,33262,12,,,0,84,,33253,12,,,0,85,,33263,12,,,0
2600,'Sunday',611,,33264,12,,,0,45,,33274,12,,,0,85,,33265,12,,,0,85,,33275,12,,,0,86,,33266,12,,,0,45,,33277,12,,,0,85,,33267,12,,,0,85,,33276,12,,,0,85,,33268,12,,,0,45,,33278,12,,,0,85,,33269,12,,,0,86,,33279,12,,,0,85,,33270,12,,,0,45,,33280,12,,,0,85,,33271,12,,,0,85,,33281,12,,,0,85,,33272,12,,,0,45,,33282,12,,,0,84,,33273,12,,,0,85,,33283,12,,,0
2600,'Weekday',532,,33284,12,,,0,72,,33285,12,,,0,32,,33286,12,,,0,73,,33287,12,,,0,33,,33288,12,,,0,72,,33289,12,,,0,32,,33290,12,,,0,68,,33291,12,,,0,26,,33293,12,,,0,70,,33294,12,,,0,30,,33295,12,,,0,70,,33292,12,,,0,30,,33296,12,,,0,70,,33297,12,,,0,30,,33298,12,,,0,70,,33299,12,,,0,30,,33300,12,,,0,70,,33302,12,,,0,30,,33303,12,,,0,71,,33304,12,,,0,32,,33301,12,,,0,74,,33305,12,,,0,32,,33306,12,,,0,72,,33307,12,,,0,32,,33308,12,,,0,70,,33310,12,,,0,28,,33311,12,,,0,70,,33312,12,,,0,30,,33313,12,,,0,70,,33315,12,,,0,30,,33317,12,,,0,69,,33316,12,,,0,30,,33314,12,,,0,70,,33309,12,,,0
2600,'Weekday1111000',1558,,33320,12,,,0
2600,'1CCSDCUT-Weekday',532,,33322,12,,,0,72,,33323,12,,,0,32,,33324,12,,,0,73,,33325,12,,,0,33,,33326,12,,,0,72,,33327,12,,,0,32,,33328,12,,,0,68,,33329,12,,,0,26,,33331,12,,,0,70,,33332,12,,,0,30,,33333,12,,,0,70,,33330,12,,,0,30,,33334,12,,,0,70,,33335,12,,,0,30,,33336,12,,,0,70,,33337,12,,,0,30,,33338,12,,,0,70,,33340,12,,,0,30,,33341,12,,,0,71,,33342,12,,,0,32,,33339,12,,,0,74,,33343,12,,,0,32,,33344,12,,,0,72,,33345,12,,,0,32,,33346,12,,,0,70,,33348,12,,,0,28,,33349,12,,,0,70,,33350,12,,,0,30,,33351,12,,,0,70,,33353,12,,,0,30,,33355,12,,,0,69,,33354,12,,,0,30,,33352,12,,,0,70,,33347,12,,,0
2600,'1CCSDCUT-Weekday1111000',1558,,33358,12,,,0
4001,'Saturday',736,,36637,32,,,0,75,,36639,32,,,0,35,,36640,32,,,0,75,,36641,32,,,0,35,,36638,32,,,0,75,,36643,32,,,0,75,,36644,32,,,0,35,,36646,32,,,0,75,,36642,32,,,0,35,,36647,32,,,0,75,,36648,32,,,0,75,,36645,32,,,0,35,,36649,32,,,0,75,,36650,32,,,0,35,,36651,32,,,0,75,,36652,32,,,0,35,,36636,32,,,0,75,,36635,32,,,0,75,,36634,32,,,0,35,,36633,32,,,0
4001,'Sunday',736,,36657,32,,,0,75,,36658,32,,,0,35,,36659,32,,,0,75,,36660,32,,,0,35,,36662,32,,,0,75,,36663,32,,,0,75,,36655,32,,,0,35,,36664,32,,,0,75,,36661,32,,,0,35,,36665,32,,,0,75,,36666,32,,,0,75,,36667,32,,,0,35,,36668,32,,,0,75,,36669,32,,,0,35,,36670,32,,,0,75,,36671,32,,,0,35,,36672,32,,,0,75,,36654,32,,,0,75,,36653,32,,,0,35,,36656,32,,,0
4001,'Weekday',627,,36683,32,,,0,75,,36696,32,,,0,35,,36690,32,,,0,75,,36684,32,,,0,35,,36697,32,,,0,76,,36691,32,,,0,33,,36685,32,,,0,75,,36698,32,,,0,75,,36692,32,,,0,35,,36686,32,,,0,75,,36699,32,,,0,35,,36693,32,,,0,75,,36687,32,,,0,75,,36700,32,,,0,37,,36694,32,,,0,76,,36688,32,,,0,38,,36701,32,,,0,79,,36695,32,,,0,82,,36689,32,,,0,33,,36702,32,,,0,70,,36676,32,,,0,34,,36673,32,,,0,75,,36680,32,,,0,31,,36677,32,,,0,72,,36674,32,,,0,30,,36681,32,,,0,75,,36678,32,,,0,77,,36675,32,,,0,38,,36682,32,,,0,75,,36679,32,,,0
4001,'1CCSDCUT-Weekday',627,,36713,32,,,0,75,,36726,32,,,0,35,,36720,32,,,0,75,,36714,32,,,0,35,,36727,32,,,0,76,,36721,32,,,0,33,,36715,32,,,0,75,,36728,32,,,0,75,,36722,32,,,0,35,,36716,32,,,0,75,,36729,32,,,0,35,,36723,32,,,0,75,,36717,32,,,0,75,,36730,32,,,0,37,,36724,32,,,0,76,,36718,32,,,0,38,,36731,32,,,0,79,,36725,32,,,0,82,,36719,32,,,0,33,,36732,32,,,0,70,,36706,32,,,0,34,,36703,32,,,0,75,,36710,32,,,0,31,,36707,32,,,0,72,,36704,32,,,0,30,,36711,32,,,0,75,,36708,32,,,0,77,,36705,32,,,0,38,,36712,32,,,0,75,,36709,32,,,0
