6201,'Weekday',620,,98758,19,,,0,27,,98759,19,,,0,68,,98760,19,,,0
6201,'STMPSnea-Weekday',620,,98761,19,,,0,27,,98762,19,,,0,68,,98763,19,,,0
6201,'STMPWeek-Weekday',620,,98764,19,,,0,27,,98765,19,,,0,68,,98766,19,,,0
6201,'STMPar-Weekday',620,,98767,19,,,0,27,,98768,19,,,0,68,,98769,19,,,0
11800,'Saturday',733,,119327,19,,,0,68,,119301,25,,,0,30,,119298,25,,,0,70,,119299,25,,,0,30,,119303,25,,,0,70,,119308,25,,,0,30,,119309,25,,,0,70,,119305,25,,,0,30,,119304,25,,,0,70,,119306,25,,,0,30,,119302,25,,,0,70,,119310,25,,,0,30,,119314,25,,,0,70,,119315,25,,,0,30,,119311,25,,,0,70,,119307,25,,,0,30,,119312,25,,,0,70,,119300,25,,,0,30,,119313,25,,,0,70,,119317,25,,,0,30,,119316,25,,,0,70,,119319,25,,,0,30,,119320,25,,,0,70,,119321,25,,,0,30,,119318,25,,,0,70,,119322,25,,,0,30,,119323,25,,,0,70,,119324,25,,,0,30,,119325,25,,,0,70,,119326,25,,,0,30,,119328,25,4,,0
11800,'Sunday',801,,119356,19,,,0,30,,119329,25,,,0,70,,119332,25,,,0,30,,119330,25,,,0,70,,119333,25,,,0,30,,119334,25,,,0,70,,119335,25,,,0,30,,119337,25,,,0,70,,119338,25,,,0,30,,119339,25,,,0,70,,119336,25,,,0,30,,119331,25,,,0,70,,119340,25,,,0,30,,119341,25,,,0,70,,119342,25,,,0,30,,119343,25,,,0,70,,119344,25,,,0,30,,119346,25,,,0,70,,119347,25,,,0,30,,119348,25,,,0,70,,119345,25,,,0,30,,119349,25,,,0,70,,119350,25,,,0,30,,119351,25,,,0,70,,119352,25,,,0,30,,119353,25,,,0,70,,119354,25,,,0,30,,119355,25,,,0,70,,119357,25,,,0,30,,119358,25,4,,0
11800,'Weekday',511,,119362,19,,,0,42,,119364,25,,,0,78,,119359,25,,,0,70,,119360,25,,,0,30,,119361,25,,,0,70,,119365,25,,,0,30,,119363,25,,,0,69,,119366,25,,,0,29,,119367,25,,,0,30,,119368,25,,,0,70,,119369,25,,,0,30,,119370,25,,,0,70,,119372,25,,,0,30,,119373,25,,,0,70,,119374,25,,,0,30,,119371,25,,,0,70,,119375,25,,,0,30,,119376,25,,,0,70,,119377,25,,,0,30,,119378,25,,,0,71,,119379,25,,,0,72,,119380,25,,,0,30,,119383,25,,,0,70,,119385,25,,,0,30,,119381,25,,,0,70,,119382,25,,,0,34,,119384,25,,,0,69,,119386,25,,,0,30,,119387,25,,,0,70,,119389,25,,,0,30,,119390,25,,,0,70,,119391,25,,,0,30,,119388,25,,,0,70,,119392,25,,,0,30,,119393,25,,,0,70,,119394,25,,,0,30,,119395,25,,,0
11800,'STMPSa-Saturday',733,,119425,19,,,0,68,,119399,25,,,0,30,,119396,25,,,0,70,,119397,25,,,0,30,,119401,25,,,0,70,,119406,25,,,0,30,,119407,25,,,0,70,,119403,25,,,0,30,,119402,25,,,0,70,,119404,25,,,0,30,,119400,25,,,0,70,,119408,25,,,0,30,,119413,25,,,0,70,,119414,25,,,0,30,,119409,25,,,0,70,,119405,25,,,0,30,,119410,25,,,0,70,,119398,25,,,0,30,,119412,25,,,0,70,,119415,25,,,0,30,,119411,25,,,0,70,,119417,25,,,0,30,,119418,25,,,0,70,,119419,25,,,0,30,,119416,25,,,0,70,,119420,25,,,0,30,,119421,25,,,0,70,,119422,25,,,0,30,,119423,25,,,0,70,,119424,25,,,0,30,,119426,25,4,,0
11800,'STMPSnea-Weekday',511,,119430,19,,,0,42,,119432,25,,,0,78,,119427,25,,,0,70,,119428,25,,,0,30,,119429,25,,,0,70,,119433,25,,,0,30,,119431,25,,,0,69,,119434,25,,,0,29,,119435,25,,,0,30,,119436,25,,,0,70,,119437,25,,,0,30,,119438,25,,,0,70,,119440,25,,,0,30,,119441,25,,,0,70,,119442,25,,,0,30,,119439,25,,,0,70,,119443,25,,,0,30,,119444,25,,,0,70,,119445,25,,,0,30,,119446,25,,,0,71,,119447,25,,,0,72,,119448,25,,,0,30,,119451,25,,,0,70,,119453,25,,,0,30,,119449,25,,,0,70,,119450,25,,,0,34,,119452,25,,,0,69,,119454,25,,,0,30,,119455,25,,,0,70,,119457,25,,,0,30,,119458,25,,,0,70,,119459,25,,,0,30,,119456,25,,,0,70,,119460,25,,,0,30,,119461,25,,,0,70,,119462,25,,,0,30,,119463,25,,,0
11800,'STMPSu1-Sunday',801,,119491,19,,,0,30,,119464,25,,,0,70,,119467,25,,,0,30,,119465,25,,,0,70,,119468,25,,,0,30,,119469,25,,,0,70,,119470,25,,,0,30,,119472,25,,,0,70,,119473,25,,,0,30,,119474,25,,,0,70,,119471,25,,,0,30,,119466,25,,,0,70,,119475,25,,,0,30,,119476,25,,,0,70,,119477,25,,,0,30,,119478,25,,,0,70,,119479,25,,,0,30,,119481,25,,,0,70,,119482,25,,,0,30,,119483,25,,,0,70,,119480,25,,,0,30,,119484,25,,,0,70,,119485,25,,,0,30,,119486,25,,,0,70,,119487,25,,,0,30,,119488,25,,,0,70,,119489,25,,,0,30,,119490,25,,,0,70,,119492,25,,,0,30,,119493,25,4,,0
11800,'STMPSu2-Sunday',801,,119521,19,,,0,30,,119494,25,,,0,70,,119497,25,,,0,30,,119495,25,,,0,70,,119498,25,,,0,30,,119499,25,,,0,70,,119500,25,,,0,30,,119502,25,,,0,70,,119503,25,,,0,30,,119504,25,,,0,70,,119501,25,,,0,30,,119496,25,,,0,70,,119505,25,,,0,30,,119506,25,,,0,70,,119507,25,,,0,30,,119508,25,,,0,70,,119509,25,,,0,30,,119511,25,,,0,70,,119512,25,,,0,30,,119513,25,,,0,70,,119510,25,,,0,30,,119514,25,,,0,70,,119515,25,,,0,30,,119516,25,,,0,70,,119517,25,,,0,30,,119518,25,,,0,70,,119519,25,,,0,30,,119520,25,,,0,70,,119522,25,,,0,30,,119523,25,4,,0
11800,'STMPWeek-Weekday',511,,119527,19,,,0,42,,119529,25,,,0,78,,119524,25,,,0,70,,119525,25,,,0,30,,119526,25,,,0,70,,119530,25,,,0,30,,119528,25,,,0,69,,119531,25,,,0,29,,119532,25,,,0,30,,119533,25,,,0,70,,119534,25,,,0,30,,119535,25,,,0,70,,119537,25,,,0,30,,119538,25,,,0,70,,119539,25,,,0,30,,119536,25,,,0,70,,119540,25,,,0,30,,119541,25,,,0,70,,119542,25,,,0,30,,119543,25,,,0,71,,119544,25,,,0,72,,119545,25,,,0,30,,119548,25,,,0,70,,119550,25,,,0,30,,119546,25,,,0,70,,119547,25,,,0,34,,119549,25,,,0,69,,119551,25,,,0,30,,119552,25,,,0,70,,119554,25,,,0,30,,119555,25,,,0,70,,119556,25,,,0,30,,119553,25,,,0,70,,119557,25,,,0,30,,119558,25,,,0,70,,119559,25,,,0,30,,119560,25,,,0
11800,'STMPar-Weekday',511,,119564,19,,,0,42,,119566,25,,,0,78,,119561,25,,,0,70,,119562,25,,,0,30,,119563,25,,,0,70,,119567,25,,,0,30,,119565,25,,,0,69,,119568,25,,,0,29,,119569,25,,,0,30,,119570,25,,,0,70,,119571,25,,,0,30,,119572,25,,,0,70,,119574,25,,,0,30,,119575,25,,,0,70,,119576,25,,,0,30,,119573,25,,,0,70,,119577,25,,,0,30,,119578,25,,,0,70,,119579,25,,,0,30,,119580,25,,,0,71,,119581,25,,,0,72,,119582,25,,,0,30,,119585,25,,,0,70,,119587,25,,,0,30,,119583,25,,,0,70,,119584,25,,,0,34,,119586,25,,,0,69,,119588,25,,,0,30,,119589,25,,,0,70,,119591,25,,,0,30,,119592,25,,,0,70,,119593,25,,,0,30,,119590,25,,,0,70,,119594,25,,,0,30,,119595,25,,,0,70,,119596,25,,,0,30,,119597,25,,,0
