'2024JU-1BUSSA-Saturday-01',800,74500,4,'',0,6500,4,'',0,2500,4,'',0,6500,4,'',0,2500,4,'',0,2500,4,'',0,6500,4,'',0,2500,4,'',0,6500,4,'',0,2500,4,'',0,2500,4,'',0,6500,4,'',0,2500,4,'',0,6500,4,'',0,2500,4,'',0,6500,4,'',0,2500,4,'',0,2500,4,'',0,6500,4,'',0,2500,4,'',0,6500,4,'',0,2500,4,'',0,2500,4,'',0,6500,4,'',0,2500,4,'',0,6500,4,'',0,2500,4,'',0,6500,4,'',0,2500,4,'',0,7500,4,'',0,3500,4,'',0,7500,4,'',0,3500,4,'',0,7500,4,'',0,3500,4,'',0,7500,4,'',0,7500,4,'',0,3500,4,'',0
'2024JU-1BUSSA-Saturday-01',801,63500,,'',0,6500,,'',0,2500,,'',0,2500,,'',0,6500,,'',0,2500,,'',0,6500,,'',0,2500,,'',0,2500,,'',0,6500,,'',0,2500,,'',0,6500,,'',0,2500,,'',0,6500,,'',0,2500,,'',0,2500,,'',0,6500,,'',0,2500,,'',0,6500,,'',0,2500,,'',0,2500,,'',0,6500,,'',0,2500,,'',0,6500,,'',0,2500,,'',0,6500,,'',0,2500,,'',0,2500,,'',0,6500,,'',0,2500,,'',0,6500,,'',0,3000,,'',0,7500,,'',0,3500,,'',0,7500,,'',0,3500,,'',0,7500,,'',0,7500,,'',0,3500,,'',0
'2024JU-1BUSSU-Sunday-01',800,74500,4,'',0,6500,4,'',0,2500,4,'',0,6500,4,'',0,2500,4,'',0,2500,4,'',0,6500,4,'',0,2500,4,'',0,6500,4,'',0,2500,4,'',0,2500,4,'',0,6500,4,'',0,2500,4,'',0,6500,4,'',0,2500,4,'',0,6500,4,'',0,2500,4,'',0,2500,4,'',0,6500,4,'',0,2500,4,'',0,6500,4,'',0,2500,4,'',0,2500,4,'',0,6500,4,'',0,2500,4,'',0,6500,4,'',0,2500,4,'',0,6500,4,'',0,2500,4,'',0,7500,4,'',0,3500,4,'',0,7500,4,'',0,3500,4,'',0,7500,4,'',0,3500,4,'',0,7500,4,'',0,7500,4,'',0,3500,4,'',0
'2024JU-1BUSSU-Sunday-01',801,63500,,'',0,6500,,'',0,2500,,'',0,2500,,'',0,6500,,'',0,2500,,'',0,6500,,'',0,2500,,'',0,2500,,'',0,6500,,'',0,2500,,'',0,6500,,'',0,2500,,'',0,6500,,'',0,2500,,'',0,2500,,'',0,6500,,'',0,2500,,'',0,6500,,'',0,2500,,'',0,2500,,'',0,6500,,'',0,2500,,'',0,6500,,'',0,2500,,'',0,6500,,'',0,2500,,'',0,2500,,'',0,6500,,'',0,2500,,'',0,6500,,'',0,3000,,'',0,7500,,'',0,3500,,'',0,7500,,'',0,3500,,'',0,7500,,'',0,7500,,'',0,3500,,'',0
'2024JU-1BUSWK-Weekday-01',800,52800,4,'',0,2100,4,'',0,6100,4,'',0,2100,4,'',0,2100,4,'',0,6100,4,'',0,2200,4,'',0,2000,4,'',0,6100,4,'',0,2100,4,'',0,2100,4,'',0,4500,4,'',0,1400,4,'',0,1800,4,'',0,2000,4,'',0,6100,4,'',0,2100,4,'',0,2100,4,'',0,6100,4,'',0,2100,4,'',0,6100,4,'',0,2100,4,'',0,2100,4,'',0,6100,4,'',0,2100,4,'',0,2400,4,'',0,6300,4,'',0,2200,4,'',0,2100,4,'',0,5900,4,'',0,1300,4,'',0,1000,4,'',0,1100,4,'',0,1000,4,'',0,6100,4,'',0,500,4,'',0,500,4,'',0,500,4,'',0,600,4,'',0,500,4,'',0,600,4,'',0,5000,4,'',0,2100,4,'',0,2100,4,'',0,6100,4,'',0,2100,4,'',0,2100,4,'',0,6000,4,'',0,1900,4,'',0,1900,4,'',0,6100,4,'',0,2100,4,'',0,1900,4,'',0,6100,4,'',0,2600,4,'',0,7100,4,'',0,3300,4,'',0,7300,4,'',0,3300,4,'',0,7300,4,'',0,3300,4,'',0,7300,4,'',0,2600,4,'',0
'2024JU-1BUSWK-Weekday-01',801,51100,,'',0,2100,,'',0,2100,,'',0,6100,,'',0,2100,,'',0,2100,,'',0,4700,,'',0,700,,'',0,500,,'',0,500,,'',0,500,,'',0,500,,'',0,1700,,'',0,400,,'',0,800,,'',0,4500,,'',0,1600,,'',0,2100,,'',0,6100,,'',0,2100,,'',0,2100,,'',0,6100,,'',0,2100,,'',0,2100,,'',0,6100,,'',0,2100,,'',0,2100,,'',0,6100,,'',0,2100,,'',0,2100,,'',0,6100,,'',0,2100,,'',0,2100,,'',0,6100,,'',0,2100,,'',0,1100,,'',0,1000,,'',0,5000,,'',0,1000,,'',0,1000,,'',0,1000,,'',0,1100,,'',0,5200,,'',0,2100,,'',0,2100,,'',0,6100,,'',0,2100,,'',0,2100,,'',0,6100,,'',0,2100,,'',0,2100,,'',0,6100,,'',0,2100,,'',0,2100,,'',0,7400,,'',0,7300,,'',0,3500,,'',0,7100,,'',0,3300,,'',0,7300,,'',0,3300,,'',0,7300,,'',0,8500,,'',0
'2024JU-STMPPar-Weekday-01',800,52800,4,'',0,2100,4,'',0,6100,4,'',0,2100,4,'',0,2100,4,'',0,6100,4,'',0,2200,4,'',0,2000,4,'',0,6100,4,'',0,2100,4,'',0,2100,4,'',0,4500,4,'',0,1400,4,'',0,1800,4,'',0,2000,4,'',0,6100,4,'',0,2100,4,'',0,2100,4,'',0,6100,4,'',0,2100,4,'',0,6100,4,'',0,2100,4,'',0,2100,4,'',0,6100,4,'',0,2100,4,'',0,2400,4,'',0,6300,4,'',0,2200,4,'',0,2100,4,'',0,5900,4,'',0,1300,4,'',0,1000,4,'',0,1100,4,'',0,1000,4,'',0,6100,4,'',0,500,4,'',0,500,4,'',0,500,4,'',0,600,4,'',0,500,4,'',0,600,4,'',0,5000,4,'',0,2100,4,'',0,2100,4,'',0,6100,4,'',0,2100,4,'',0,2100,4,'',0,6000,4,'',0,1900,4,'',0,1900,4,'',0,6100,4,'',0,2100,4,'',0,1900,4,'',0,6100,4,'',0,2600,4,'',0,7100,4,'',0,3300,4,'',0,7300,4,'',0,3300,4,'',0,7300,4,'',0,3300,4,'',0,7300,4,'',0,2600,4,'',0
'2024JU-STMPPar-Weekday-01',801,51100,,'',0,2100,,'',0,2100,,'',0,6100,,'',0,2100,,'',0,2100,,'',0,4700,,'',0,700,,'',0,500,,'',0,500,,'',0,500,,'',0,500,,'',0,1700,,'',0,400,,'',0,800,,'',0,4500,,'',0,1600,,'',0,2100,,'',0,6100,,'',0,2100,,'',0,2100,,'',0,6100,,'',0,2100,,'',0,2100,,'',0,6100,,'',0,2100,,'',0,2100,,'',0,6100,,'',0,2100,,'',0,2100,,'',0,6100,,'',0,2100,,'',0,2100,,'',0,6100,,'',0,2100,,'',0,1100,,'',0,1000,,'',0,5000,,'',0,1000,,'',0,1000,,'',0,1000,,'',0,1100,,'',0,5200,,'',0,2100,,'',0,2100,,'',0,6100,,'',0,2100,,'',0,2100,,'',0,6100,,'',0,2100,,'',0,2100,,'',0,6100,,'',0,2100,,'',0,2100,,'',0,7400,,'',0,7300,,'',0,3500,,'',0,7100,,'',0,3300,,'',0,7300,,'',0,3300,,'',0,7300,,'',0,8500,,'',0
'2024JU-STMPSat-Saturday-01',800,74500,4,'',0,6500,4,'',0,2500,4,'',0,6500,4,'',0,2500,4,'',0,2500,4,'',0,6500,4,'',0,2500,4,'',0,6500,4,'',0,2500,4,'',0,2500,4,'',0,6500,4,'',0,2500,4,'',0,6500,4,'',0,2500,4,'',0,6500,4,'',0,2500,4,'',0,2500,4,'',0,6500,4,'',0,2500,4,'',0,6500,4,'',0,2500,4,'',0,2500,4,'',0,6500,4,'',0,2500,4,'',0,6500,4,'',0,2500,4,'',0,6500,4,'',0,2500,4,'',0,7500,4,'',0,3500,4,'',0,7500,4,'',0,3500,4,'',0,7500,4,'',0,3500,4,'',0,7500,4,'',0,7500,4,'',0,3500,4,'',0
'2024JU-STMPSat-Saturday-01',801,63500,,'',0,6500,,'',0,2500,,'',0,2500,,'',0,6500,,'',0,2500,,'',0,6500,,'',0,2500,,'',0,2500,,'',0,6500,,'',0,2500,,'',0,6500,,'',0,2500,,'',0,6500,,'',0,2500,,'',0,2500,,'',0,6500,,'',0,2500,,'',0,6500,,'',0,2500,,'',0,2500,,'',0,6500,,'',0,2500,,'',0,6500,,'',0,2500,,'',0,6500,,'',0,2500,,'',0,2500,,'',0,6500,,'',0,2500,,'',0,6500,,'',0,3000,,'',0,7500,,'',0,3500,,'',0,7500,,'',0,3500,,'',0,7500,,'',0,7500,,'',0,3500,,'',0
'2024JU-STMPSnea-Weekday-01',800,52800,4,'',0,2100,4,'',0,6100,4,'',0,2100,4,'',0,2100,4,'',0,6100,4,'',0,2200,4,'',0,2000,4,'',0,6100,4,'',0,2100,4,'',0,2100,4,'',0,4500,4,'',0,1400,4,'',0,1800,4,'',0,2000,4,'',0,6100,4,'',0,2100,4,'',0,2100,4,'',0,6100,4,'',0,2100,4,'',0,6100,4,'',0,2100,4,'',0,2100,4,'',0,6100,4,'',0,2100,4,'',0,2400,4,'',0,6300,4,'',0,2200,4,'',0,2100,4,'',0,5900,4,'',0,1300,4,'',0,1000,4,'',0,1100,4,'',0,1000,4,'',0,6100,4,'',0,500,4,'',0,500,4,'',0,500,4,'',0,600,4,'',0,500,4,'',0,600,4,'',0,5000,4,'',0,2100,4,'',0,2100,4,'',0,6100,4,'',0,2100,4,'',0,2100,4,'',0,6000,4,'',0,1900,4,'',0,1900,4,'',0,6100,4,'',0,2100,4,'',0,1900,4,'',0,6100,4,'',0,2600,4,'',0,7100,4,'',0,3300,4,'',0,7300,4,'',0,3300,4,'',0,7300,4,'',0,3300,4,'',0,7300,4,'',0,2600,4,'',0
'2024JU-STMPSnea-Weekday-01',801,51100,,'',0,2100,,'',0,2100,,'',0,6100,,'',0,2100,,'',0,2100,,'',0,4700,,'',0,700,,'',0,500,,'',0,500,,'',0,500,,'',0,500,,'',0,1700,,'',0,400,,'',0,800,,'',0,4500,,'',0,1600,,'',0,2100,,'',0,6100,,'',0,2100,,'',0,2100,,'',0,6100,,'',0,2100,,'',0,2100,,'',0,6100,,'',0,2100,,'',0,2100,,'',0,6100,,'',0,2100,,'',0,2100,,'',0,6100,,'',0,2100,,'',0,2100,,'',0,6100,,'',0,2100,,'',0,1100,,'',0,1000,,'',0,5000,,'',0,1000,,'',0,1000,,'',0,1000,,'',0,1100,,'',0,5200,,'',0,2100,,'',0,2100,,'',0,6100,,'',0,2100,,'',0,2100,,'',0,6100,,'',0,2100,,'',0,2100,,'',0,6100,,'',0,2100,,'',0,2100,,'',0,7400,,'',0,7300,,'',0,3500,,'',0,7100,,'',0,3300,,'',0,7300,,'',0,3300,,'',0,7300,,'',0,8500,,'',0
'2024JU-STMPSu1-Sunday-01',800,74500,4,'',0,6500,4,'',0,2500,4,'',0,6500,4,'',0,2500,4,'',0,2500,4,'',0,6500,4,'',0,2500,4,'',0,6500,4,'',0,2500,4,'',0,2500,4,'',0,6500,4,'',0,2500,4,'',0,6500,4,'',0,2500,4,'',0,6500,4,'',0,2500,4,'',0,2500,4,'',0,6500,4,'',0,2500,4,'',0,6500,4,'',0,2500,4,'',0,2500,4,'',0,6500,4,'',0,2500,4,'',0,6500,4,'',0,2500,4,'',0,6500,4,'',0,2500,4,'',0,7500,4,'',0,3500,4,'',0,7500,4,'',0,3500,4,'',0,7500,4,'',0,3500,4,'',0,7500,4,'',0,7500,4,'',0,3500,4,'',0
'2024JU-STMPSu1-Sunday-01',801,63500,,'',0,6500,,'',0,2500,,'',0,2500,,'',0,6500,,'',0,2500,,'',0,6500,,'',0,2500,,'',0,2500,,'',0,6500,,'',0,2500,,'',0,6500,,'',0,2500,,'',0,6500,,'',0,2500,,'',0,2500,,'',0,6500,,'',0,2500,,'',0,6500,,'',0,2500,,'',0,2500,,'',0,6500,,'',0,2500,,'',0,6500,,'',0,2500,,'',0,6500,,'',0,2500,,'',0,2500,,'',0,6500,,'',0,2500,,'',0,6500,,'',0,3000,,'',0,7500,,'',0,3500,,'',0,7500,,'',0,3500,,'',0,7500,,'',0,7500,,'',0,3500,,'',0
'2024JU-STMPSu2-Sunday-01',800,74500,4,'',0,6500,4,'',0,2500,4,'',0,6500,4,'',0,2500,4,'',0,2500,4,'',0,6500,4,'',0,2500,4,'',0,6500,4,'',0,2500,4,'',0,2500,4,'',0,6500,4,'',0,2500,4,'',0,6500,4,'',0,2500,4,'',0,6500,4,'',0,2500,4,'',0,2500,4,'',0,6500,4,'',0,2500,4,'',0,6500,4,'',0,2500,4,'',0,2500,4,'',0,6500,4,'',0,2500,4,'',0,6500,4,'',0,2500,4,'',0,6500,4,'',0,2500,4,'',0,7500,4,'',0,3500,4,'',0,7500,4,'',0,3500,4,'',0,7500,4,'',0,3500,4,'',0,7500,4,'',0,7500,4,'',0,3500,4,'',0
'2024JU-STMPSu2-Sunday-01',801,63500,,'',0,6500,,'',0,2500,,'',0,2500,,'',0,6500,,'',0,2500,,'',0,6500,,'',0,2500,,'',0,2500,,'',0,6500,,'',0,2500,,'',0,6500,,'',0,2500,,'',0,6500,,'',0,2500,,'',0,2500,,'',0,6500,,'',0,2500,,'',0,6500,,'',0,2500,,'',0,2500,,'',0,6500,,'',0,2500,,'',0,6500,,'',0,2500,,'',0,6500,,'',0,2500,,'',0,2500,,'',0,6500,,'',0,2500,,'',0,6500,,'',0,3000,,'',0,7500,,'',0,3500,,'',0,7500,,'',0,3500,,'',0,7500,,'',0,7500,,'',0,3500,,'',0
'2024JU-STMPWeek-Weekday-01',800,52800,4,'',0,2100,4,'',0,6100,4,'',0,2100,4,'',0,2100,4,'',0,6100,4,'',0,2200,4,'',0,2000,4,'',0,6100,4,'',0,2100,4,'',0,2100,4,'',0,4500,4,'',0,1400,4,'',0,1800,4,'',0,2000,4,'',0,6100,4,'',0,2100,4,'',0,2100,4,'',0,6100,4,'',0,2100,4,'',0,6100,4,'',0,2100,4,'',0,2100,4,'',0,6100,4,'',0,2100,4,'',0,2400,4,'',0,6300,4,'',0,2200,4,'',0,2100,4,'',0,5900,4,'',0,1300,4,'',0,1000,4,'',0,1100,4,'',0,1000,4,'',0,6100,4,'',0,500,4,'',0,500,4,'',0,500,4,'',0,600,4,'',0,500,4,'',0,600,4,'',0,5000,4,'',0,2100,4,'',0,2100,4,'',0,6100,4,'',0,2100,4,'',0,2100,4,'',0,6000,4,'',0,1900,4,'',0,1900,4,'',0,6100,4,'',0,2100,4,'',0,1900,4,'',0,6100,4,'',0,2600,4,'',0,7100,4,'',0,3300,4,'',0,7300,4,'',0,3300,4,'',0,7300,4,'',0,3300,4,'',0,7300,4,'',0,2600,4,'',0
'2024JU-STMPWeek-Weekday-01',801,51100,,'',0,2100,,'',0,2100,,'',0,6100,,'',0,2100,,'',0,2100,,'',0,4700,,'',0,700,,'',0,500,,'',0,500,,'',0,500,,'',0,500,,'',0,1700,,'',0,400,,'',0,800,,'',0,4500,,'',0,1600,,'',0,2100,,'',0,6100,,'',0,2100,,'',0,2100,,'',0,6100,,'',0,2100,,'',0,2100,,'',0,6100,,'',0,2100,,'',0,2100,,'',0,6100,,'',0,2100,,'',0,2100,,'',0,6100,,'',0,2100,,'',0,2100,,'',0,6100,,'',0,2100,,'',0,1100,,'',0,1000,,'',0,5000,,'',0,1000,,'',0,1000,,'',0,1000,,'',0,1100,,'',0,5200,,'',0,2100,,'',0,2100,,'',0,6100,,'',0,2100,,'',0,2100,,'',0,6100,,'',0,2100,,'',0,2100,,'',0,6100,,'',0,2100,,'',0,2100,,'',0,7400,,'',0,7300,,'',0,3500,,'',0,7100,,'',0,3300,,'',0,7300,,'',0,3300,,'',0,7300,,'',0,8500,,'',0
