11901,'Saturday',544,,54297,9,,,0,92,,54298,9,,,0,93,,54299,9,,,0,93,,54301,9,,,0,93,,54302,9,,,0,93,,54303,9,,,0,93,,54300,9,,,0,53,,54304,9,,,0
11901,'Sunday',544,,54306,9,,,0,92,,54307,9,,,0,93,,54308,9,,,0,93,,54305,9,,,0,93,,54310,9,,,0,93,,54311,9,,,0,93,,54312,9,,,0,53,,54309,9,,,0
11901,'Weekday',543,,54313,9,,,0,92,,54314,9,,,0,93,,54315,9,,,0,93,,54317,9,,,0,93,,54318,9,,,0,93,,54319,9,,,0,93,,54316,9,,,0,53,,54320,9,,,0
11901,'1CCSDCUT-Weekday',543,,54321,9,,,0,92,,54322,9,,,0,93,,54323,9,,,0,93,,54325,9,,,0,93,,54326,9,,,0,93,,54327,9,,,0,93,,54324,9,,,0,53,,54328,9,,,0
11901,'1PUBCUT-Weekday',543,,54329,9,,,0,92,,54330,9,,,0,93,,54331,9,,,0,93,,54333,9,,,0,93,,54334,9,,,0,93,,54335,9,,,0,93,,54332,9,,,0,53,,54336,9,,,0
15701,'Saturday',444,,61191,9,,,0,68,,61192,9,,,0,28,,61193,9,,,0,68,,61194,9,,,0,28,,61196,9,,,0,68,,61197,9,,,0,28,,61198,9,,,0,68,,61195,9,,,0,28,,61199,9,,,0,28,,61200,9,,,0,68,,61201,9,,,0,28,,61202,9,,,0,68,,61203,9,,,0,28,,61204,9,,,0,68,,61205,9,,,0,28,,61207,9,,,0,68,,61208,9,,,0,28,,61209,9,,,0,68,,61206,9,,,0,28,,61210,9,,,0,68,,61211,9,,,0,28,,61212,9,,,0,68,,61213,9,,,0,28,,61214,9,,,0,28,,61215,9,,,0,68,,61216,9,,,0,28,,61217,9,,,0,68,,61218,9,,,0,28,,61219,9,,,0,68,,61220,9,,,0,28,,61221,9,,,0,68,,61222,9,,,0,28,,61223,9,,,0,68,,61224,9,,,0,28,,61225,9,,,0,68,,61226,9,,,0,28,,61227,9,,,0,68,,61228,9,,,0,28,,61229,9,,,0,28,,61230,9,,,0,68,,61231,9,,,0,28,,61232,9,,,0,68,,61190,9,,,0
15701,'Sunday',444,,61233,9,,,0,68,,61262,9,,,0,28,,61248,9,,,0,68,,61234,9,,,0,28,,61263,9,,,0,68,,61249,9,,,0,28,,61235,9,,,0,68,,61264,9,,,0,28,,61250,9,,,0,28,,61236,9,,,0,68,,61265,9,,,0,28,,61252,9,,,0,68,,61237,9,,,0,28,,61266,9,,,0,68,,61251,9,,,0,28,,61238,9,,,0,68,,61268,9,,,0,28,,61253,9,,,0,68,,61239,9,,,0,28,,61267,9,,,0,68,,61254,9,,,0,28,,61240,9,,,0,68,,61269,9,,,0,28,,61255,9,,,0,28,,61241,9,,,0,68,,61270,9,,,0,28,,61256,9,,,0,68,,61242,9,,,0,28,,61271,9,,,0,68,,61257,9,,,0,28,,61243,9,,,0,68,,61272,9,,,0,28,,61258,9,,,0,68,,61244,9,,,0,28,,61273,9,,,0,68,,61259,9,,,0,28,,61245,9,,,0,68,,61274,9,,,0,28,,61260,9,,,0,28,,61246,9,,,0,68,,61275,9,,,0,28,,61261,9,,,0,68,,61247,9,,,0
15701,'Weekday',413,,61326,9,,,0,31,,61276,9,,,0,64,,61318,9,,,0,23,,61319,9,,,0,22,,61298,9,,,0,62,,61323,9,,,0,22,,61295,9,,,0,22,,61299,9,,,0,62,,61294,9,,,0,22,,61322,9,,,0,62,,61300,9,,,0,22,,61291,9,,,0,22,,61301,9,,,0,65,,61292,9,,,0,27,,61302,9,,,0,68,,61290,9,,,0,27,,61303,9,,,0,67,,61289,9,,,0,27,,61305,9,,,0,27,,61288,9,,,0,67,,61304,9,,,0,27,,61287,9,,,0,67,,61306,9,,,0,26,,61286,9,,,0,60,,61308,9,,,0,20,,61282,9,,,0,22,,61324,9,,,0,62,,61309,9,,,0,22,,61285,9,,,0,22,,61307,9,,,0,62,,61325,9,,,0,22,,61284,9,,,0,22,,61310,9,,,0,62,,61283,9,,,0,28,,61311,9,,,0,67,,61281,9,,,0,28,,61312,9,,,0,68,,61280,9,,,0,27,,61313,9,,,0,66,,61277,9,,,0,27,,61314,9,,,0,27,,61279,9,,,0,67,,61315,9,,,0,27,,61297,9,,,0,67,,61316,9,,,0,27,,61293,9,,,0,67,,61317,9,,,0,27,,61296,9,,,0,67,,61278,9,,,0,27,,61320,9,,,0,66,,61321,9,,,0
15701,'1CCSDCUT-Weekday',413,,61377,9,,,0,31,,61327,9,,,0,64,,61369,9,,,0,23,,61370,9,,,0,22,,61349,9,,,0,62,,61374,9,,,0,22,,61346,9,,,0,22,,61350,9,,,0,62,,61345,9,,,0,22,,61373,9,,,0,62,,61351,9,,,0,22,,61342,9,,,0,22,,61352,9,,,0,65,,61343,9,,,0,27,,61353,9,,,0,68,,61341,9,,,0,27,,61354,9,,,0,67,,61340,9,,,0,27,,61356,9,,,0,27,,61339,9,,,0,67,,61355,9,,,0,27,,61338,9,,,0,67,,61357,9,,,0,26,,61337,9,,,0,60,,61359,9,,,0,20,,61333,9,,,0,22,,61375,9,,,0,62,,61360,9,,,0,22,,61336,9,,,0,22,,61358,9,,,0,62,,61376,9,,,0,22,,61335,9,,,0,22,,61361,9,,,0,62,,61334,9,,,0,28,,61362,9,,,0,67,,61332,9,,,0,28,,61363,9,,,0,68,,61331,9,,,0,27,,61364,9,,,0,66,,61328,9,,,0,27,,61365,9,,,0,27,,61330,9,,,0,67,,61366,9,,,0,27,,61348,9,,,0,67,,61367,9,,,0,27,,61344,9,,,0,67,,61368,9,,,0,27,,61347,9,,,0,67,,61329,9,,,0,27,,61371,9,,,0,66,,61372,9,,,0
15701,'1PUBCUT-Weekday',413,,61428,9,,,0,31,,61378,9,,,0,64,,61420,9,,,0,23,,61421,9,,,0,22,,61400,9,,,0,62,,61425,9,,,0,22,,61397,9,,,0,22,,61401,9,,,0,62,,61396,9,,,0,22,,61424,9,,,0,62,,61402,9,,,0,22,,61393,9,,,0,22,,61403,9,,,0,65,,61394,9,,,0,27,,61404,9,,,0,68,,61392,9,,,0,27,,61405,9,,,0,67,,61391,9,,,0,27,,61407,9,,,0,27,,61390,9,,,0,67,,61406,9,,,0,27,,61389,9,,,0,67,,61408,9,,,0,26,,61388,9,,,0,60,,61410,9,,,0,20,,61384,9,,,0,22,,61426,9,,,0,62,,61411,9,,,0,22,,61387,9,,,0,22,,61409,9,,,0,62,,61427,9,,,0,22,,61386,9,,,0,22,,61412,9,,,0,62,,61385,9,,,0,28,,61413,9,,,0,67,,61383,9,,,0,28,,61414,9,,,0,68,,61382,9,,,0,27,,61415,9,,,0,66,,61379,9,,,0,27,,61416,9,,,0,27,,61381,9,,,0,67,,61417,9,,,0,27,,61399,9,,,0,67,,61418,9,,,0,27,,61395,9,,,0,67,,61419,9,,,0,27,,61398,9,,,0,67,,61380,9,,,0,27,,61422,9,,,0,66,,61423,9,,,0
