5300,'2025DE-1BUSCUT-Weekday-02',507,,15074,,,0,36,,15075,,,0,76,,15076,,,0,36,,15077,,,0,77,,15078,,,0,76,,15079,,,0,36,,15080,,,0,75,,15081,,,0,36,,15082,,,0,76,,15083,,,0,76,,15084,,,0,36,,15085,,,0,76,,15086,,,0,36,,15087,,,0,76,,15088,,,0,76,,15089,,,0,36,,15090,,,0,77,,15091,,,0,36,,15092,,,0,76,,15093,,,0,76,,15094,,,0,36,,15095,,,0,76,,15096,,,0,36,,15097,,,0,75,,15064,,,0,76,,15065,,,0,36,,15066,,,0,76,,15067,,,0,36,,15068,,,0,76,,15069,,,0,76,,15070,,,0,36,,15071,,,0,80,,15072,,,0
5300,'2025DE-1BUSSA-Saturday-02',525,,15098,,,0,33,,15124,,,0,71,,15099,,,0,71,,15127,,,0,31,,15100,,,0,71,,15104,,,0,31,,15115,,,0,71,,15105,,,0,31,,15117,,,0,71,,15106,,,0,31,,15116,,,0,71,,15107,,,0,31,,15118,,,0,72,,15108,,,0,31,,15120,,,0,71,,15110,,,0,31,,15119,,,0,71,,15109,,,0,31,,15121,,,0,71,,15111,,,0,31,,15122,,,0,71,,15113,,,0,31,,15123,,,0,71,,15112,,,0,31,,15125,,,0,70,,15114,,,0,31,,15126,,,0,71,,15101,,,0,31,,15128,,,0,71,,15103,,,0,31,,15129,,,0,71,,15102,,,0
5300,'2025DE-1BUSSU-Sunday-02',629,,15131,,,0,71,,15148,,,0,31,,15132,,,0,71,,15147,,,0,31,,15133,,,0,71,,15149,,,0,31,,15134,,,0,71,,15151,,,0,31,,15135,,,0,71,,15150,,,0,31,,15136,,,0,72,,15152,,,0,31,,15137,,,0,71,,15154,,,0,31,,15138,,,0,71,,15153,,,0,31,,15139,,,0,71,,15156,,,0,31,,15140,,,0,71,,15155,,,0,31,,15141,,,0,71,,15157,,,0,31,,15142,,,0,70,,15158,,,0,31,,15143,,,0,71,,15159,,,0,31,,15144,,,0,71,,15160,,,0,31,,15145,,,0,71,,15161,,,0
5300,'2025DE-1BUSWK-Weekday-02',507,,15173,,,0,36,,15174,,,0,76,,15175,,,0,36,,15176,,,0,77,,15177,,,0,76,,15178,,,0,36,,15179,,,0,75,,15180,,,0,36,,15181,,,0,76,,15182,,,0,76,,15183,,,0,36,,15184,,,0,76,,15185,,,0,36,,15186,,,0,76,,15187,,,0,76,,15188,,,0,36,,15189,,,0,77,,15190,,,0,36,,15191,,,0,76,,15192,,,0,76,,15193,,,0,36,,15194,,,0,76,,15195,,,0,36,,15196,,,0,75,,15163,,,0,76,,15164,,,0,36,,15165,,,0,76,,15166,,,0,36,,15167,,,0,76,,15169,,,0,76,,15170,,,0,36,,15171,,,0,80,,15168,,,0
5300,'2025DE-pBxDec31-Weekday-02',507,,15208,,,0,36,,15209,,,0,76,,15210,,,0,36,,15211,,,0,77,,15212,,,0,76,,15213,,,0,36,,15214,,,0,75,,15215,,,0,36,,15216,,,0,76,,15217,,,0,76,,15218,,,0,36,,15219,,,0,76,,15220,,,0,36,,15221,,,0,76,,15222,,,0,76,,15223,,,0,36,,15224,,,0,77,,15225,,,0,36,,15226,,,0,76,,15227,,,0,76,,15228,,,0,36,,15229,,,0,76,,15230,,,0,36,,15231,,,0,75,,15198,,,0,76,,15199,,,0,36,,15200,,,0,76,,15201,,,0,36,,15202,,,0,76,,15203,,,0,76,,15204,,,0,36,,15205,,,0,80,,15206,,,0
5301,'2025DE-1BUSCUT-Weekday-02',608,,15248,,,0,38,,15232,,,0,76,,15249,,,0,36,,15233,,,0,75,,15250,,,0,76,,15234,,,0,36,,15251,,,0,76,,15235,,,0,36,,15252,,,0,76,,15236,,,0,76,,15253,,,0,36,,15237,,,0,76,,15254,,,0,36,,15238,,,0,76,,15255,,,0,76,,15239,,,0,37,,15256,,,0,76,,15240,,,0,36,,15257,,,0,76,,15241,,,0,76,,15258,,,0,35,,15242,,,0,75,,15260,,,0,36,,15243,,,0,76,,15261,,,0,76,,15244,,,0,35,,15262,,,0,74,,15245,,,0,36,,15259,,,0,76,,15246,,,0,76,,15263,,,0,36,,15247,,,0,76,,15264,,,0
5301,'2025DE-1BUSSA-Saturday-02',622,,15265,,,0,30,,15292,,,0,71,,15266,,,0,31,,15270,,,0,71,,15281,,,0,31,,15271,,,0,71,,15282,,,0,31,,15272,,,0,71,,15283,,,0,71,,15273,,,0,31,,15284,,,0,71,,15274,,,0,32,,15285,,,0,71,,15275,,,0,31,,15286,,,0,71,,15276,,,0,31,,15287,,,0,71,,15277,,,0,31,,15289,,,0,71,,15278,,,0,31,,15288,,,0,71,,15279,,,0,31,,15290,,,0,70,,15280,,,0,31,,15291,,,0,71,,15267,,,0,31,,15293,,,0,71,,15268,,,0,31,,15294,,,0,71,,15269,,,0,37,,15295,,,0
5301,'2025DE-1BUSSU-Sunday-02',622,,15296,,,0,30,,15312,,,0,71,,15297,,,0,31,,15313,,,0,71,,15298,,,0,31,,15314,,,0,71,,15299,,,0,31,,15315,,,0,71,,15300,,,0,71,,15316,,,0,31,,15301,,,0,71,,15318,,,0,32,,15302,,,0,71,,15317,,,0,31,,15303,,,0,71,,15319,,,0,31,,15304,,,0,71,,15320,,,0,31,,15305,,,0,71,,15321,,,0,31,,15306,,,0,71,,15322,,,0,31,,15307,,,0,70,,15323,,,0,31,,15308,,,0,71,,15324,,,0,31,,15310,,,0,71,,15325,,,0,31,,15309,,,0,71,,15326,,,0,37,,15311,,,0
5301,'2025DE-1BUSWK-Weekday-02',608,,15343,,,0,38,,15327,,,0,76,,15344,,,0,36,,15328,,,0,75,,15345,,,0,76,,15329,,,0,36,,15346,,,0,76,,15330,,,0,36,,15347,,,0,76,,15331,,,0,76,,15348,,,0,36,,15332,,,0,76,,15349,,,0,36,,15333,,,0,76,,15350,,,0,76,,15334,,,0,37,,15351,,,0,76,,15335,,,0,36,,15352,,,0,76,,15336,,,0,76,,15353,,,0,35,,15337,,,0,75,,15354,,,0,36,,15338,,,0,76,,15355,,,0,76,,15339,,,0,35,,15356,,,0,74,,15340,,,0,36,,15357,,,0,76,,15341,,,0,76,,15358,,,0,36,,15342,,,0,76,,15359,,,0
5301,'2025DE-pBxDec31-Weekday-02',608,,15376,,,0,38,,15360,,,0,76,,15377,,,0,36,,15361,,,0,75,,15378,,,0,76,,15362,,,0,36,,15379,,,0,76,,15363,,,0,36,,15380,,,0,76,,15364,,,0,76,,15381,,,0,36,,15365,,,0,76,,15382,,,0,36,,15367,,,0,76,,15383,,,0,76,,15368,,,0,37,,15384,,,0,76,,15369,,,0,36,,15385,,,0,76,,15366,,,0,76,,15386,,,0,35,,15370,,,0,75,,15388,,,0,36,,15371,,,0,76,,15389,,,0,76,,15372,,,0,35,,15390,,,0,74,,15373,,,0,36,,15387,,,0,76,,15374,,,0,76,,15391,,,0,36,,15375,,,0,76,,15392,,,0
