2601,'Saturday',615,,4999,18,,,0,85,,4989,18,,,0,45,,4997,18,,,0,85,,4992,18,,,0,87,,5000,18,,,0,86,,4988,18,,,0,45,,5001,18,,,0,85,,4994,18,,,0,85,,5002,18,,,0,85,,4990,18,,,0,45,,5003,18,,,0,83,,4991,18,,,0,85,,5004,18,,,0,85,,4993,18,,,0,45,,5005,18,,,0,85,,4995,18,,,0,85,,5007,18,,,0,85,,4996,18,,,0,46,,5006,18,,,0,85,,4998,18,,,0
2601,'Sunday',615,,5018,18,,,0,85,,5008,18,,,0,45,,5019,18,,,0,85,,5009,18,,,0,87,,5020,18,,,0,86,,5010,18,,,0,45,,5021,18,,,0,85,,5011,18,,,0,85,,5022,18,,,0,85,,5012,18,,,0,45,,5023,18,,,0,83,,5013,18,,,0,85,,5024,18,,,0,85,,5015,18,,,0,45,,5025,18,,,0,85,,5014,18,,,0,85,,5026,18,,,0,85,,5016,18,,,0,46,,5027,18,,,0,85,,5017,18,,,0
2601,'Weekday',626,,5028,18,,,0,76,,5029,18,,,0,29,,5031,18,,,0,72,,5032,18,,,0,32,,5033,18,,,0,7,,5030,18,,,0,7,,5034,18,,,0,55,,5035,18,,,0,28,,5036,18,,,0,70,,5037,18,,,0,30,,5038,18,,,0,70,,5039,18,,,0,30,,5040,18,,,0,70,,5041,18,,,0,30,,5042,18,,,0,70,,5043,18,,,0,30,,5044,18,,,0,70,,5045,18,,,0,30,,5046,18,,,0,73,,5047,18,,,0,32,,5048,18,,,0,72,,5049,18,,,0,32,,5050,18,,,0,72,,5051,18,,,0,32,,5052,18,,,0,70,,5053,18,,,0,30,,5054,18,,,0,69,,5059,18,,,0,30,,5057,18,,,0,70,,5060,18,,,0,30,,5061,18,,,0,69,,5058,18,,,0,29,,5055,18,,,0,70,,5056,18,,,0
4000,'Saturday',814,,6677,16,,,0,35,,6678,16,,,0,75,,6676,16,,,0,35,,6679,16,,,0,75,,6680,16,,,0,75,,6681,16,,,0,35,,6682,16,,,0,75,,6683,16,,,0,35,,6686,16,,,0,75,,6687,16,,,0,75,,6684,16,,,0,35,,6685,16,,,0,75,,6688,16,,,0,35,,6689,16,,,0,75,,6690,16,,,0,35,,6691,16,,,0,75,,6692,16,,,0,75,,6693,16,,,0,35,,6694,16,,,0
4000,'Sunday',814,,6695,16,,,0,35,,6696,16,,,0,75,,6698,16,,,0,35,,6699,16,,,0,75,,6700,16,,,0,75,,6697,16,,,0,35,,6701,16,,,0,75,,6702,16,,,0,35,,6703,16,,,0,75,,6704,16,,,0,75,,6705,16,,,0,35,,6707,16,,,0,75,,6708,16,,,0,35,,6709,16,,,0,75,,6706,16,,,0,35,,6710,16,,,0,75,,6711,16,,,0,75,,6712,16,,,0,35,,6713,16,,,0
4000,'Weekday',625,,6714,16,,,0,76,,6715,16,,,0,35,,6716,16,,,0,75,,6718,16,,,0,35,,6729,16,,,0,75,,6717,16,,,0,35,,6719,16,,,0,75,,6731,16,,,0,75,,6725,16,,,0,35,,6720,16,,,0,75,,6730,16,,,0,35,,6726,16,,,0,75,,6721,16,,,0,75,,6733,16,,,0,36,,6728,16,,,0,75,,6722,16,,,0,35,,6734,16,,,0,75,,6727,16,,,0,35,,6723,16,,,0,75,,6735,16,,,0,75,,6732,16,,,0,34,,6724,16,,,0,75,,6736,16,,,0,35,,6739,16,,,0,75,,6741,16,,,0,75,,6738,16,,,0,35,,6740,16,,,0,75,,6742,16,,,0,32,,6737,16,,,0
72100,'Weekday',850,,23809,25,4,,0
72101,'Weekday0000100',1405,50,23810,1,0,140 1 165 31 1 166,0
72101,'Weekday1111000',1548,10,23811,1,0,140 1 165 31 1 166,0
72200,'Weekday',850,,23812,10,4,,0
72201,'Weekday0000100',1405,50,23813,1,0,141 152 1 140,0
72201,'Weekday1111000',1548,10,23814,1,0,141 152 1 140,0
72400,'Weekday0000100',1405,50,23815,1,0,140 141 119,0
72400,'Weekday1111000',1548,10,23816,1,0,140 141 119,0
72401,'Weekday',850,,23817,20,4,,0
72500,'Weekday0000100',1405,50,23818,1,0,140 193 79 119,0
72500,'Weekday1111000',1548,10,23819,1,0,140 193 79 119,0
72501,'Weekday',850,,23820,21,4,,0
72600,'Weekday0000100',1405,50,23821,1,0,140 141,0
72600,'Weekday1111000',1548,10,23822,1,0,140 141,0
72601,'Weekday',850,,23823,9,4,,0
72800,'Weekday',850,,23824,19,4,,0
72801,'Weekday0000100',1405,50,23825,1,0,140 69 31,0
72801,'Weekday1111000',1548,10,23826,1,0,140 69 31,0
