8701,'Saturday',611,,47452,14,,,0,30,,47473,14,,,0,70,,47461,14,,,0,30,,47453,14,,,0,70,,47474,14,,,0,31,,47462,14,,,0,70,,47454,14,,,0,30,,47475,14,,,0,70,,47463,14,,,0,30,,47455,14,,,0,70,,47476,14,,,0,30,,47464,14,,,0,70,,47456,14,,,0,30,,47477,14,,,0,70,,47465,14,,,0,30,,47457,14,,,0,70,,47478,14,,,0,30,,47467,14,,,0,70,,47458,14,,,0,30,,47479,14,,,0,70,,47466,14,,,0,30,,47459,14,,,0,70,,47480,14,,,0,30,,47469,14,,,0,70,,47460,14,,,0,30,,47468,14,,,0,70,,47481,14,,,0,30,,47486,14,,,0,70,,47470,14,,,0,30,,47482,14,,,0,70,,47485,14,,,0,30,,47471,14,,,0,70,,47483,14,,,0,30,,47487,14,,,0,70,,47472,14,,,0,30,,47484,14,,,0,70,,47488,14,,,0
8701,'Sunday',611,,47489,14,,,0,30,,47514,14,,,0,70,,47502,14,,,0,30,,47490,14,,,0,70,,47515,14,,,0,31,,47503,14,,,0,70,,47491,14,,,0,30,,47516,14,,,0,70,,47504,14,,,0,30,,47492,14,,,0,70,,47517,14,,,0,30,,47505,14,,,0,70,,47493,14,,,0,30,,47518,14,,,0,70,,47507,14,,,0,30,,47494,14,,,0,70,,47519,14,,,0,30,,47506,14,,,0,70,,47495,14,,,0,30,,47520,14,,,0,70,,47508,14,,,0,30,,47496,14,,,0,70,,47521,14,,,0,30,,47509,14,,,0,70,,47497,14,,,0,30,,47522,14,,,0,70,,47510,14,,,0,30,,47498,14,,,0,70,,47523,14,,,0,30,,47511,14,,,0,70,,47499,14,,,0,30,,47524,14,,,0,70,,47512,14,,,0,30,,47500,14,,,0,70,,47525,14,,,0,30,,47513,14,,,0,70,,47501,14,,,0
8701,'Weekday',510,,47549,14,,,0,30,,47526,14,,,0,70,,47550,14,,,0,30,,47527,14,,,0,70,,47551,14,,,0,30,,47553,14,,,0,72,,47528,14,,,0,12,,47565,14,,,0,17,,47552,14,,,0,70,,47554,14,,,0,30,,47529,14,,,0,70,,47539,14,,,0,30,,47555,14,,,0,70,,47531,14,,,0,30,,47540,14,,,0,70,,47556,14,,,0,30,,47532,14,,,0,70,,47541,14,,,0,30,,47557,14,,,0,70,,47530,14,,,0,30,,47542,14,,,0,74,,47558,14,,,0,31,,47533,14,,,0,71,,47543,14,,,0,31,,47559,14,,,0,72,,47534,14,,,0,30,,47544,14,,,0,71,,47560,14,,,0,32,,47535,14,,,0,69,,47545,14,,,0,30,,47562,14,,,0,70,,47536,14,,,0,30,,47546,14,,,0,69,,47561,14,,,0,28,,47537,14,,,0,68,,47547,14,,,0,28,,47563,14,,,0,69,,47538,14,,,0,28,,47548,14,,,0,69,,47564,14,,,0
8701,'Weekday0000100',1454,,47566,14,,,0
8701,'Weekday1111000',1607,,47567,14,,,0
8701,'1CCSDCUT-Weekday',510,,47591,14,,,0,30,,47568,14,,,0,70,,47592,14,,,0,30,,47569,14,,,0,70,,47593,14,,,0,30,,47595,14,,,0,72,,47570,14,,,0,12,,47607,14,,,0,17,,47594,14,,,0,70,,47596,14,,,0,30,,47571,14,,,0,70,,47581,14,,,0,30,,47597,14,,,0,70,,47573,14,,,0,30,,47582,14,,,0,70,,47598,14,,,0,30,,47574,14,,,0,70,,47583,14,,,0,30,,47599,14,,,0,70,,47572,14,,,0,30,,47584,14,,,0,74,,47600,14,,,0,31,,47575,14,,,0,71,,47585,14,,,0,31,,47601,14,,,0,72,,47576,14,,,0,30,,47586,14,,,0,71,,47602,14,,,0,32,,47577,14,,,0,69,,47587,14,,,0,30,,47604,14,,,0,70,,47578,14,,,0,30,,47588,14,,,0,69,,47603,14,,,0,28,,47579,14,,,0,68,,47589,14,,,0,28,,47605,14,,,0,69,,47580,14,,,0,28,,47590,14,,,0,69,,47606,14,,,0
8701,'1CCSDCUT-Weekday0000100',1454,,47608,14,,,0
8701,'1CCSDCUT-Weekday1111000',1607,,47609,14,,,0
44001,'Weekday',533,,68273,8,,,0,91,,68274,8,,,0,93,,68272,8,,,0,94,,68275,8,,,0,94,,68276,8,,,0,54,,68278,8,,,0,488,,68277,8,,,0,103,,68279,8,,,0,100,,68280,8,,,0,98,,68281,8,,,0,100,,68282,8,,,0,100,,68283,8,,,0
44001,'1CCSDCUT-Weekday',533,,68285,8,,,0,91,,68286,8,,,0,93,,68284,8,,,0,94,,68287,8,,,0,94,,68288,8,,,0,54,,68290,8,,,0,488,,68289,8,,,0,103,,68291,8,,,0,100,,68292,8,,,0,98,,68293,8,,,0,100,,68294,8,,,0,100,,68295,8,,,0
