1400,'Saturday',619,,29513,28,,,0,28,,29500,28,,,0,72,,29488,28,,,0,30,,29477,28,,,0,70,,29501,28,,,0,30,,29490,28,,,0,71,,29476,28,,,0,30,,29502,28,,,0,70,,29489,28,,,0,30,,29478,28,,,0,70,,29504,28,,,0,30,,29492,28,,,0,70,,29479,28,,,0,30,,29505,28,,,0,70,,29491,28,,,0,30,,29480,28,,,0,70,,29506,28,,,0,30,,29493,28,,,0,70,,29481,28,,,0,30,,29503,28,,,0,70,,29494,28,,,0,30,,29482,28,,,0,70,,29507,28,,,0,30,,29496,28,,,0,70,,29484,28,,,0,30,,29508,28,,,0,70,,29495,28,,,0,30,,29483,28,,,0,70,,29509,28,,,0,30,,29498,28,,,0,70,,29485,28,,,0,30,,29510,28,,,0,70,,29497,28,,,0,30,,29487,28,,,0,77,,29511,28,,,0,23,,29499,28,,,0,70,,29486,28,,,0,30,,29512,28,,,0
1400,'Sunday',619,,29528,28,,,0,28,,29516,28,,,0,72,,29541,28,,,0,30,,29529,28,,,0,70,,29517,28,,,0,30,,29543,28,,,0,71,,29530,28,,,0,30,,29519,28,,,0,70,,29542,28,,,0,30,,29531,28,,,0,70,,29518,28,,,0,30,,29544,28,,,0,70,,29533,28,,,0,30,,29515,28,,,0,70,,29545,28,,,0,30,,29532,28,,,0,70,,29520,28,,,0,30,,29546,28,,,0,70,,29534,28,,,0,30,,29522,28,,,0,70,,29547,28,,,0,30,,29536,28,,,0,70,,29521,28,,,0,30,,29548,28,,,0,70,,29535,28,,,0,30,,29523,28,,,0,70,,29549,28,,,0,30,,29537,28,,,0,70,,29525,28,,,0,30,,29550,28,,,0,70,,29538,28,,,0,30,,29524,28,,,0,70,,29551,28,,,0,30,,29539,28,,,0,76,,29526,28,,,0,24,,29514,28,,,0,70,,29540,28,,,0,30,,29527,28,,,0
1400,'Weekday',453,,29557,28,,,0,70,,29567,28,0,27,0,21,,29577,28,,,0,15,,29558,28,0,27,0,64,,29553,28,,,0,16,,29594,28,,,0,15,,29568,28,0,27,0,55,,29578,28,,,0,15,,29559,28,0,27,0,15,,29588,28,,,0,17,,29554,28,,,0,55,,29595,28,,,0,15,,29569,28,0,27,0,15,,29596,28,,,0,13,,29560,28,0,27,0,55,,29590,28,,,0,13,,29556,28,,,0,15,,29579,28,,,0,22,,29570,28,0,27,0,62,,29561,28,0,27,0,22,,29589,28,,,0,62,,29580,28,,,0,22,,29571,28,0,27,0,22,,29562,28,0,27,0,62,,29591,28,,,0,22,,29581,28,,,0,22,,29572,28,0,27,0,62,,29563,28,0,27,0,22,,29592,28,,,0,62,,29582,28,,,0,24,,29573,28,0,27,0,24,,29564,28,0,27,0,62,,29593,28,,,0,16,,29583,28,0,27,0,12,,29585,28,,,0,20,,29574,28,,,0,55,,29552,28,,,0,15,,29565,28,0,27,0,17,,29598,28,,,0,60,,29600,28,,,0,20,,29575,28,,,0,20,,29586,28,,,0,60,,29566,28,,,0,13,,29599,28,,,0,10,,29576,28,,,0,15,,29587,28,0,27,0,15,,29584,28,,,0,58,,29613,28,0,27,0,28,,29604,28,0,27,0,70,,29605,28,0,27,0,30,,29606,28,0,27,0,70,,29607,28,0,27,0,30,,29608,28,0,27,0,70,,29609,28,0,27,0,30,,29610,28,0,27,0,70,,29611,28,0,27,0,30,,29612,28,0,27,0,70,,29602,28,0,27,0,30,,29603,28,0,27,0
1400,'1CCSDCUT-Weekday',453,,29620,28,,,0,70,,29630,28,0,27,0,21,,29640,28,,,0,15,,29621,28,0,27,0,64,,29616,28,,,0,16,,29657,28,,,0,15,,29631,28,0,27,0,55,,29641,28,,,0,15,,29622,28,0,27,0,15,,29651,28,,,0,17,,29617,28,,,0,55,,29658,28,,,0,15,,29632,28,0,27,0,15,,29659,28,,,0,13,,29623,28,0,27,0,55,,29653,28,,,0,13,,29619,28,,,0,15,,29642,28,,,0,22,,29633,28,0,27,0,62,,29624,28,0,27,0,22,,29652,28,,,0,62,,29643,28,,,0,22,,29634,28,0,27,0,22,,29625,28,0,27,0,62,,29654,28,,,0,22,,29644,28,,,0,22,,29635,28,0,27,0,62,,29626,28,0,27,0,22,,29655,28,,,0,62,,29645,28,,,0,24,,29636,28,0,27,0,24,,29627,28,0,27,0,62,,29656,28,,,0,16,,29646,28,0,27,0,12,,29648,28,,,0,20,,29637,28,,,0,55,,29615,28,,,0,15,,29628,28,0,27,0,17,,29661,28,,,0,60,,29663,28,,,0,20,,29638,28,,,0,20,,29649,28,,,0,60,,29629,28,,,0,13,,29662,28,,,0,10,,29639,28,,,0,15,,29650,28,0,27,0,15,,29647,28,,,0,58,,29676,28,0,27,0,28,,29667,28,0,27,0,70,,29668,28,0,27,0,30,,29669,28,0,27,0,70,,29670,28,0,27,0,30,,29671,28,0,27,0,70,,29672,28,0,27,0,30,,29673,28,0,27,0,70,,29674,28,0,27,0,30,,29675,28,0,27,0,70,,29665,28,0,27,0,30,,29666,28,0,27,0
1400,'1PUBCUT-Weekday',453,,29682,28,,,0,70,,29692,28,0,27,0,21,,29702,28,,,0,15,,29683,28,0,27,0,64,,29678,28,,,0,16,,29719,28,,,0,15,,29693,28,0,27,0,55,,29703,28,,,0,15,,29684,28,0,27,0,15,,29713,28,,,0,17,,29679,28,,,0,55,,29720,28,,,0,15,,29694,28,0,27,0,15,,29721,28,,,0,13,,29685,28,0,27,0,55,,29715,28,,,0,13,,29681,28,,,0,15,,29704,28,,,0,22,,29695,28,0,27,0,62,,29686,28,0,27,0,22,,29714,28,,,0,62,,29705,28,,,0,22,,29696,28,0,27,0,22,,29687,28,0,27,0,62,,29716,28,,,0,22,,29706,28,,,0,22,,29697,28,0,27,0,62,,29688,28,0,27,0,22,,29717,28,,,0,62,,29707,28,,,0,24,,29698,28,0,27,0,24,,29689,28,0,27,0,62,,29718,28,,,0,16,,29708,28,0,27,0,12,,29710,28,,,0,20,,29699,28,,,0,55,,29677,28,,,0,15,,29690,28,0,27,0,17,,29723,28,,,0,60,,29725,28,,,0,20,,29700,28,,,0,20,,29711,28,,,0,60,,29691,28,,,0,13,,29724,28,,,0,10,,29701,28,,,0,15,,29712,28,0,27,0,15,,29709,28,,,0,58,,29738,28,0,27,0,28,,29729,28,0,27,0,70,,29730,28,0,27,0,30,,29731,28,0,27,0,70,,29732,28,0,27,0,30,,29733,28,0,27,0,70,,29734,28,0,27,0,30,,29735,28,0,27,0,70,,29736,28,0,27,0,30,,29737,28,0,27,0,70,,29727,28,0,27,0,30,,29728,28,0,27,0
13100,'Weekday',550,,56912,8,,,0,60,,56911,8,,,0,20,,56910,8,,,0,20,,56913,8,,,0
13100,'1CCSDCUT-Weekday',550,,56916,8,,,0,60,,56915,8,,,0,20,,56914,8,,,0,20,,56917,8,,,0
13100,'1PUBCUT-Weekday',550,,56920,8,,,0,60,,56919,8,,,0,20,,56918,8,,,0,20,,56921,8,,,0
13101,'Weekday',1708,,56922,46,,,0,20,,56923,46,,,0,20,,56924,46,,,0,60,,56925,46,,,0
13101,'1CCSDCUT-Weekday',1708,,56926,46,,,0,20,,56927,46,,,0,20,,56928,46,,,0,60,,56929,46,,,0
13101,'1PUBCUT-Weekday',1708,,56930,46,,,0,20,,56931,46,,,0,20,,56932,46,,,0,60,,56933,46,,,0
86200,'Weekday',817,,69048,11,0,17 18 1 28,0
86200,'1PUBCUT-Weekday',817,,69049,11,0,17 18 1 28,0
