3500,'Saturday',656,,34906,38,4,,0,100,,34920,38,4,,0,100,,34919,38,4,,0,100,,34917,38,4,,0,100,,34918,38,4,,0,100,,34916,38,4,,0,100,,34915,38,4,,0,100,,34914,38,4,,0,100,,34913,38,4,,0,100,,34912,38,4,,0,100,,34911,38,4,,0,100,,34910,38,4,,0,100,,34909,38,4,,0,100,,34908,38,4,,0,100,,34907,38,4,,0
3500,'Sunday',756,,34933,38,4,,0,100,,34932,38,4,,0,100,,34931,38,4,,0,100,,34930,38,4,,0,100,,34929,38,4,,0,100,,34928,38,4,,0,100,,34927,38,4,,0,100,,34926,38,4,,0,100,,34925,38,4,,0,100,,34924,38,4,,0,100,,34923,38,4,,0,100,,34921,38,4,,0,100,,34922,38,4,,0
3500,'Weekday',619,,34934,38,4,,0,31,,34954,38,4,,0,70,,34935,38,4,,0,30,,34955,38,4,,0,67,,34936,38,4,,0,30,,34953,38,4,,0,73,,34937,38,4,,0,101,,34938,38,4,,0,100,,34939,38,4,,0,100,,34940,38,4,,0,100,,34941,38,4,,0,100,,34942,38,4,,0,100,,34943,38,4,,0,30,,34956,38,4,,0,70,,34944,38,4,,0,30,,34957,38,4,,0,70,,34945,38,4,,0,30,,34958,38,4,,0,70,,34947,38,4,,0,99,,34948,38,4,,0,99,,34949,38,4,,0,100,,34950,38,4,,0,100,,34951,38,4,,0,100,,34952,38,4,,0,100,,34946,38,4,,0
3500,'1CCSDCUT-Weekday',619,,34959,38,4,,0,31,,34979,38,4,,0,70,,34960,38,4,,0,30,,34980,38,4,,0,67,,34961,38,4,,0,30,,34978,38,4,,0,73,,34962,38,4,,0,101,,34963,38,4,,0,100,,34964,38,4,,0,100,,34965,38,4,,0,100,,34966,38,4,,0,100,,34967,38,4,,0,100,,34968,38,4,,0,30,,34981,38,4,,0,70,,34969,38,4,,0,30,,34982,38,4,,0,70,,34970,38,4,,0,30,,34983,38,4,,0,70,,34972,38,4,,0,99,,34973,38,4,,0,99,,34974,38,4,,0,100,,34975,38,4,,0,100,,34976,38,4,,0,100,,34977,38,4,,0,100,,34971,38,4,,0
3501,'Saturday',600,,35022,1,,,0,100,,35023,1,,,0,100,,35021,1,,,0,100,,35019,1,,,0,100,,35020,1,,,0,100,,35018,1,,,0,100,,35017,1,,,0,100,,35014,1,,,0,100,,35016,1,,,0,100,,35015,1,,,0,100,,35013,1,,,0,100,,35012,1,,,0,100,,35010,1,,,0,100,,35011,1,,,0,100,,35009,1,,,0
3501,'Sunday',700,,35036,1,,,0,100,,35035,1,,,0,100,,35034,1,,,0,100,,35033,1,,,0,100,,35032,1,,,0,100,,35031,1,,,0,100,,35030,1,,,0,100,,35029,1,,,0,100,,35028,1,,,0,100,,35027,1,,,0,100,,35026,1,,,0,100,,35025,1,,,0,100,,35024,1,,,0
3501,'Weekday',525,,35037,1,,,0,30,,35057,1,,,0,70,,35038,1,,,0,30,,35058,1,,,0,70,,35039,1,,,0,30,,35056,1,,,0,70,,35040,1,,,0,100,,35042,1,,,0,100,,35041,1,,,0,100,,35043,1,,,0,100,,35044,1,,,0,100,,35045,1,,,0,100,,35046,1,,,0,30,,35059,1,,,0,70,,35047,1,,,0,30,,35060,1,,,0,70,,35048,1,,,0,30,,35061,1,,,0,70,,35049,1,,,0,100,,35050,1,,,0,100,,35052,1,,,0,100,,35053,1,,,0,100,,35051,1,,,0,100,,35054,1,,,0,100,,35055,1,,,0
3501,'1CCSDCUT-Weekday',525,,35062,1,,,0,30,,35082,1,,,0,70,,35063,1,,,0,30,,35083,1,,,0,70,,35064,1,,,0,30,,35081,1,,,0,70,,35065,1,,,0,100,,35067,1,,,0,100,,35066,1,,,0,100,,35068,1,,,0,100,,35069,1,,,0,100,,35070,1,,,0,100,,35071,1,,,0,30,,35084,1,,,0,70,,35072,1,,,0,30,,35085,1,,,0,70,,35073,1,,,0,30,,35086,1,,,0,70,,35074,1,,,0,100,,35075,1,,,0,100,,35077,1,,,0,100,,35078,1,,,0,100,,35076,1,,,0,100,,35079,1,,,0,100,,35080,1,,,0
76700,'Weekday0000100',1347,,68704,7,4,,0
76700,'Weekday1111000',1552,,68705,7,4,,0
76700,'1CCSDCUT-Weekday0000100',1347,,68706,7,4,,0
76700,'1CCSDCUT-Weekday1111000',1552,,68707,7,4,,0
76701,'Weekday',832,,68708,1,0,48 49 1 195,0,14,,68709,1,0,48 49 1 195,0
76701,'1CCSDCUT-Weekday',832,,68710,1,0,48 49 1 195,0,14,,68711,1,0,48 49 1 195,0
