1000,'Saturday',858,,28475,9,,,0,70,,28485,9,,,0,30,,28463,9,,,0,71,,28476,9,,,0,30,,28486,9,,,0,70,,28465,9,,,0,30,,28477,9,,,0,70,,28487,9,,,0,30,,28464,9,,,0,70,,28478,9,,,0,30,,28489,9,,,0,70,,28466,9,,,0,30,,28479,9,,,0,70,,28488,9,,,0,30,,28467,9,,,0,70,,28480,9,,,0,30,,28490,9,,,0,70,,28468,9,,,0,30,,28481,9,,,0,70,,28491,9,,,0,30,,28470,9,,,0,69,,28482,9,,,0,30,,28492,9,,,0,70,,28469,9,,,0,30,,28483,9,,,0,70,,28474,9,,,0,30,,28472,9,,,0,70,,28484,9,,,0,30,,28471,9,,,0,70,,28473,9,,,0
1000,'Sunday',858,,28498,9,,,0,70,,28506,9,,,0,30,,28514,9,,,0,71,,28497,9,,,0,30,,28508,9,,,0,70,,28515,9,,,0,30,,28499,9,,,0,70,,28507,9,,,0,30,,28516,9,,,0,70,,28500,9,,,0,30,,28510,9,,,0,70,,28518,9,,,0,30,,28501,9,,,0,70,,28512,9,,,0,30,,28517,9,,,0,70,,28503,9,,,0,30,,28509,9,,,0,70,,28519,9,,,0,30,,28502,9,,,0,69,,28511,9,,,0,30,,28521,9,,,0,70,,28504,9,,,0,30,,28495,9,,,0,70,,28520,9,,,0,30,,28496,9,,,0,70,,28493,9,,,0,30,,28522,9,,,0,70,,28505,9,,,0,30,,28494,9,,,0,70,,28513,9,,,0
1000,'Weekday',548,,28523,9,,,0,72,,28535,9,,,0,33,,28545,9,,,0,72,,28525,9,,,0,32,,28536,9,,,0,72,,28548,9,,,0,72,,28524,9,,,0,32,,28537,9,,,0,72,,28549,9,,,0,32,,28526,9,,,0,72,,28538,9,,,0,32,,28550,9,,,0,72,,28527,9,,,0,32,,28539,9,,,0,72,,28551,9,,,0,32,,28528,9,,,0,72,,28541,9,,,0,29,,28552,9,,,0,72,,28529,9,,,0,35,,28540,9,,,0,72,,28553,9,,,0,72,,28530,9,,,0,32,,28543,9,,,0,71,,28554,9,,,0,32,,28531,9,,,0,72,,28542,9,,,0,32,,28555,9,,,0,72,,28532,9,,,0,32,,28544,9,,,0,72,,28556,9,,,0,32,,28533,9,,,0,72,,28546,9,,,0,32,,28557,9,,,0,72,,28534,9,,,0,29,,28547,9,,,0
1000,'1CCSDCUT-Weekday',548,,28558,9,,,0,72,,28570,9,,,0,33,,28580,9,,,0,72,,28560,9,,,0,32,,28571,9,,,0,72,,28583,9,,,0,72,,28559,9,,,0,32,,28572,9,,,0,72,,28584,9,,,0,32,,28561,9,,,0,72,,28573,9,,,0,32,,28585,9,,,0,72,,28562,9,,,0,32,,28574,9,,,0,72,,28586,9,,,0,32,,28563,9,,,0,72,,28576,9,,,0,29,,28587,9,,,0,72,,28564,9,,,0,35,,28575,9,,,0,72,,28588,9,,,0,72,,28565,9,,,0,32,,28578,9,,,0,71,,28589,9,,,0,32,,28566,9,,,0,72,,28577,9,,,0,32,,28590,9,,,0,72,,28567,9,,,0,32,,28579,9,,,0,72,,28591,9,,,0,32,,28568,9,,,0,72,,28581,9,,,0,32,,28592,9,,,0,72,,28569,9,,,0,29,,28582,9,,,0
71200,'Weekday',847,,68404,27,0,29 158,0
71200,'1CCSDCUT-Weekday',847,,68405,27,0,29 158,0
71300,'Weekday',848,,68410,34,0,29 160,0
71300,'1CCSDCUT-Weekday',848,,68411,34,0,29 160,0
71500,'Weekday',847,,68433,28,0,29 161,0
71500,'1CCSDCUT-Weekday',847,,68435,28,0,29 161,0
