8701,'Saturday',613,,47452,15,,,0,30,,47473,15,,,0,70,,47461,15,,,0,30,,47453,15,,,0,70,,47474,15,,,0,31,,47462,15,,,0,70,,47454,15,,,0,30,,47475,15,,,0,70,,47463,15,,,0,30,,47455,15,,,0,70,,47476,15,,,0,30,,47464,15,,,0,70,,47456,15,,,0,30,,47477,15,,,0,70,,47465,15,,,0,30,,47457,15,,,0,70,,47478,15,,,0,30,,47467,15,,,0,70,,47458,15,,,0,30,,47479,15,,,0,70,,47466,15,,,0,30,,47459,15,,,0,70,,47480,15,,,0,30,,47469,15,,,0,70,,47460,15,,,0,30,,47468,15,,,0,70,,47481,15,,,0,30,,47486,15,,,0,70,,47470,15,,,0,30,,47482,15,,,0,70,,47485,15,,,0,30,,47471,15,,,0,70,,47483,15,,,0,30,,47487,15,,,0,70,,47472,15,,,0,30,,47484,15,,,0,70,,47488,15,,,0
8701,'Sunday',613,,47489,15,,,0,30,,47514,15,,,0,70,,47502,15,,,0,30,,47490,15,,,0,70,,47515,15,,,0,31,,47503,15,,,0,70,,47491,15,,,0,30,,47516,15,,,0,70,,47504,15,,,0,30,,47492,15,,,0,70,,47517,15,,,0,30,,47505,15,,,0,70,,47493,15,,,0,30,,47518,15,,,0,70,,47507,15,,,0,30,,47494,15,,,0,70,,47519,15,,,0,30,,47506,15,,,0,70,,47495,15,,,0,30,,47520,15,,,0,70,,47508,15,,,0,30,,47496,15,,,0,70,,47521,15,,,0,30,,47509,15,,,0,70,,47497,15,,,0,30,,47522,15,,,0,70,,47510,15,,,0,30,,47498,15,,,0,70,,47523,15,,,0,30,,47511,15,,,0,70,,47499,15,,,0,30,,47524,15,,,0,70,,47512,15,,,0,30,,47500,15,,,0,70,,47525,15,,,0,30,,47513,15,,,0,70,,47501,15,,,0
8701,'Weekday',512,,47549,15,,,0,30,,47526,15,,,0,70,,47550,15,,,0,30,,47527,15,,,0,70,,47551,15,,,0,30,,47553,15,,,0,72,,47528,15,,,0,12,,47565,15,,,0,17,,47552,15,,,0,70,,47554,15,,,0,30,,47529,15,,,0,70,,47539,15,,,0,30,,47555,15,,,0,70,,47531,15,,,0,30,,47540,15,,,0,70,,47556,15,,,0,30,,47532,15,,,0,70,,47541,15,,,0,30,,47557,15,,,0,70,,47530,15,,,0,30,,47542,15,,,0,74,,47558,15,,,0,31,,47533,15,,,0,71,,47543,15,,,0,31,,47559,15,,,0,72,,47534,15,,,0,30,,47544,15,,,0,71,,47560,15,,,0,32,,47535,15,,,0,69,,47545,15,,,0,30,,47562,15,,,0,70,,47536,15,,,0,30,,47546,15,,,0,69,,47561,15,,,0,28,,47537,15,,,0,68,,47547,15,,,0,28,,47563,15,,,0,69,,47538,15,,,0,28,,47548,15,,,0,69,,47564,15,,,0
8701,'Weekday0000100',1456,,47566,15,,,0
8701,'Weekday1111000',1609,,47567,15,,,0
8701,'1CCSDCUT-Weekday',512,,47591,15,,,0,30,,47568,15,,,0,70,,47592,15,,,0,30,,47569,15,,,0,70,,47593,15,,,0,30,,47595,15,,,0,72,,47570,15,,,0,12,,47607,15,,,0,17,,47594,15,,,0,70,,47596,15,,,0,30,,47571,15,,,0,70,,47581,15,,,0,30,,47597,15,,,0,70,,47573,15,,,0,30,,47582,15,,,0,70,,47598,15,,,0,30,,47574,15,,,0,70,,47583,15,,,0,30,,47599,15,,,0,70,,47572,15,,,0,30,,47584,15,,,0,74,,47600,15,,,0,31,,47575,15,,,0,71,,47585,15,,,0,31,,47601,15,,,0,72,,47576,15,,,0,30,,47586,15,,,0,71,,47602,15,,,0,32,,47577,15,,,0,69,,47587,15,,,0,30,,47604,15,,,0,70,,47578,15,,,0,30,,47588,15,,,0,69,,47603,15,,,0,28,,47579,15,,,0,68,,47589,15,,,0,28,,47605,15,,,0,69,,47580,15,,,0,28,,47590,15,,,0,69,,47606,15,,,0
8701,'1CCSDCUT-Weekday0000100',1456,,47608,15,,,0
8701,'1CCSDCUT-Weekday1111000',1609,,47609,15,,,0
8701,'1PUBCUT-Weekday',512,,47633,15,,,0,30,,47610,15,,,0,70,,47634,15,,,0,30,,47611,15,,,0,70,,47635,15,,,0,30,,47637,15,,,0,72,,47612,15,,,0,12,,47649,15,,,0,17,,47636,15,,,0,70,,47638,15,,,0,30,,47613,15,,,0,70,,47623,15,,,0,30,,47639,15,,,0,70,,47615,15,,,0,30,,47624,15,,,0,70,,47640,15,,,0,30,,47616,15,,,0,70,,47625,15,,,0,30,,47641,15,,,0,70,,47614,15,,,0,30,,47626,15,,,0,74,,47642,15,,,0,31,,47617,15,,,0,71,,47627,15,,,0,31,,47643,15,,,0,72,,47618,15,,,0,30,,47628,15,,,0,71,,47644,15,,,0,32,,47619,15,,,0,69,,47629,15,,,0,30,,47646,15,,,0,70,,47620,15,,,0,30,,47630,15,,,0,69,,47645,15,,,0,28,,47621,15,,,0,68,,47631,15,,,0,28,,47647,15,,,0,69,,47622,15,,,0,28,,47632,15,,,0,69,,47648,15,,,0
8701,'1PUBCUT-Weekday0000100',1456,,47650,15,,,0
8701,'1PUBCUT-Weekday1111000',1609,,47651,15,,,0
44001,'Weekday',534,,68273,9,,,0,91,,68274,9,,,0,93,,68272,9,,,0,94,,68275,9,,,0,94,,68276,9,,,0,94,,68278,9,,,0,448,,68277,9,,,0,103,,68279,9,,,0,100,,68280,9,,,0,99,,68281,9,,,0,100,,68282,9,,,0,100,,68283,9,,,0
44001,'1CCSDCUT-Weekday',534,,68285,9,,,0,91,,68286,9,,,0,93,,68284,9,,,0,94,,68287,9,,,0,94,,68288,9,,,0,94,,68290,9,,,0,448,,68289,9,,,0,103,,68291,9,,,0,100,,68292,9,,,0,99,,68293,9,,,0,100,,68294,9,,,0,100,,68295,9,,,0
44001,'1PUBCUT-Weekday',534,,68297,9,,,0,91,,68298,9,,,0,93,,68296,9,,,0,94,,68299,9,,,0,94,,68300,9,,,0,94,,68302,9,,,0,448,,68301,9,,,0,103,,68303,9,,,0,100,,68304,9,,,0,99,,68305,9,,,0,100,,68306,9,,,0,100,,68307,9,,,0
