15200,'CUT-Weekday',606,,35230,,,0,20,,35232,,,0,20,,35229,,,0,60,,35234,,,0,20,,35231,,,0,20,,35233,,,0,60,,35235,,,0,20,,35236,,,0,20,,35237,,,0,60,,35238,,,0,20,,35258,,,0,20,,35259,,,0,60,,35256,,,0,20,,35257,,,0,20,,35260,,,0,60,,35261,,,0,20,,35262,,,0,20,,35263,,,0,60,,35264,,,0,20,,35265,,,0,20,,35254,,,0,60,,35250,,,0,20,,35255,,,0,20,,35253,,,0,60,,35251,,,0,20,,35252,,,0,20,,35241,,,0,60,,35242,,,0,20,,35239,,,0,20,,35240,,,0,60,,35243,,,0,20,,35244,,,0,20,,35245,,,0,60,,35246,,,0,20,,35247,,,0,20,,35248,,,0,60,,35266,,,0,15,,35249,,,0
15200,'Weekday',606,,35268,,,0,20,,35270,,,0,20,,35267,,,0,60,,35272,,,0,20,,35269,,,0,20,,35271,,,0,60,,35273,,,0,20,,35274,,,0,20,,35275,,,0,60,,35276,,,0,20,,35296,,,0,20,,35297,,,0,60,,35294,,,0,20,,35295,,,0,20,,35298,,,0,60,,35299,,,0,20,,35300,,,0,20,,35301,,,0,60,,35302,,,0,20,,35303,,,0,20,,35292,,,0,60,,35288,,,0,20,,35293,,,0,20,,35291,,,0,60,,35289,,,0,20,,35290,,,0,20,,35279,,,0,60,,35280,,,0,20,,35277,,,0,20,,35278,,,0,60,,35281,,,0,20,,35282,,,0,20,,35283,,,0,60,,35284,,,0,20,,35285,,,0,20,,35286,,,0,60,,35304,,,0,15,,35287,,,0
15200,'pBxDec31-Weekday',606,,35306,,,0,20,,35308,,,0,20,,35305,,,0,60,,35310,,,0,20,,35307,,,0,20,,35309,,,0,60,,35311,,,0,20,,35312,,,0,20,,35313,,,0,60,,35314,,,0,20,,35334,,,0,20,,35335,,,0,60,,35332,,,0,20,,35333,,,0,20,,35336,,,0,60,,35337,,,0,20,,35338,,,0,20,,35339,,,0,60,,35340,,,0,20,,35341,,,0,20,,35330,,,0,60,,35326,,,0,20,,35331,,,0,20,,35329,,,0,60,,35327,,,0,20,,35328,,,0,20,,35317,,,0,60,,35318,,,0,20,,35315,,,0,20,,35316,,,0,60,,35319,,,0,20,,35320,,,0,20,,35321,,,0,60,,35322,,,0,20,,35323,,,0,20,,35324,,,0,60,,35342,,,0,15,,35325,,,0
15300,'CUT-Weekday',533,,35344,,,0,25,,35345,,,0,63,,35343,,,0,26,,35346,,,0,65,,35347,,,0,24,,35348,,,0,66,,35349,,,0,25,,35352,,,0,25,,35353,,,0,66,,35350,,,0,25,,35354,,,0,65,,35355,,,0,25,,35356,,,0,25,,35357,,,0,65,,35359,,,0,25,,35360,,,0,65,,35358,,,0,25,,35362,,,0,65,,35363,,,0,25,,35361,,,0,25,,35364,,,0,65,,35365,,,0,27,,35366,,,0,71,,35367,,,0,30,,35368,,,0,60,,35369,,,0,14,,35389,,,0,10,,35370,,,0,10,,35371,,,0,10,,35387,,,0,50,,35388,,,0,10,,35373,,,0,20,,35374,,,0,20,,35375,,,0,62,,35372,,,0,35,,35376,,,0,76,,35377,,,0,36,,35378,,,0,76,,35379,,,0,76,,35380,,,0,36,,35381,,,0,76,,35382,,,0,36,,35383,,,0,76,,35384,,,0
15300,'Saturday',615,,35390,,,0,37,,35391,,,0,77,,35393,,,0,77,,35394,,,0,37,,35402,,,0,77,,35403,,,0,37,,35400,,,0,77,,35405,,,0,77,,35399,,,0,37,,35406,,,0,77,,35407,,,0,77,,35404,,,0,37,,35408,,,0,77,,35409,,,0,37,,35410,,,0,77,,35411,,,0,77,,35412,,,0,37,,35413,,,0,77,,35414,,,0,37,,35416,,,0,77,,35415,,,0,77,,35401,,,0,37,,35396,,,0,77,,35398,,,0,77,,35397,,,0,37,,35395,,,0,77,,35392,,,0
15300,'Sunday',843,,35417,,,0,77,,35418,,,0,37,,35419,,,0,77,,35420,,,0,77,,35421,,,0,37,,35422,,,0,77,,35424,,,0,77,,35425,,,0,37,,35426,,,0,77,,35423,,,0,37,,35427,,,0,77,,35428,,,0,77,,35429,,,0,37,,35430,,,0,77,,35431,,,0,37,,35432,,,0,77,,35433,,,0,77,,35434,,,0,37,,35435,,,0,77,,35436,,,0,77,,35437,,,0,35,,35438,,,0,72,,35439,,,0
15300,'Weekday',533,,35441,,,0,25,,35442,,,0,63,,35440,,,0,26,,35443,,,0,65,,35444,,,0,24,,35446,,,0,66,,35447,,,0,25,,35450,,,0,25,,35451,,,0,66,,35448,,,0,25,,35452,,,0,65,,35453,,,0,25,,35454,,,0,25,,35455,,,0,65,,35457,,,0,25,,35458,,,0,65,,35456,,,0,25,,35460,,,0,65,,35461,,,0,25,,35459,,,0,25,,35462,,,0,65,,35463,,,0,27,,35464,,,0,71,,35466,,,0,30,,35467,,,0,60,,35468,,,0,14,,35487,,,0,10,,35465,,,0,10,,35469,,,0,10,,35485,,,0,50,,35486,,,0,10,,35470,,,0,20,,35471,,,0,20,,35472,,,0,62,,35473,,,0,35,,35474,,,0,76,,35475,,,0,36,,35476,,,0,76,,35477,,,0,76,,35478,,,0,36,,35479,,,0,76,,35480,,,0,36,,35481,,,0,76,,35482,,,0
15300,'Weekday0000100',1502,,35488,,,0
15300,'pBxDec31-Weekday',533,,35490,,,0,25,,35491,,,0,63,,35489,,,0,26,,35492,,,0,65,,35493,,,0,24,,35494,,,0,66,,35495,,,0,25,,35498,,,0,25,,35499,,,0,66,,35496,,,0,25,,35500,,,0,65,,35501,,,0,25,,35502,,,0,25,,35503,,,0,65,,35505,,,0,25,,35506,,,0,65,,35504,,,0,25,,35508,,,0,65,,35509,,,0,25,,35507,,,0,25,,35510,,,0,65,,35511,,,0,27,,35512,,,0,71,,35513,,,0,30,,35514,,,0,60,,35515,,,0,14,,35535,,,0,10,,35516,,,0,10,,35517,,,0,10,,35533,,,0,50,,35534,,,0,10,,35519,,,0,20,,35520,,,0,20,,35521,,,0,62,,35518,,,0,35,,35522,,,0,76,,35523,,,0,36,,35524,,,0,76,,35525,,,0,76,,35526,,,0,36,,35527,,,0,76,,35528,,,0,36,,35529,,,0,76,,35530,,,0
75800,'Weekday0000100',1333,,44181,0,32 33 1 34 35,0
75800,'Weekday1111000',1556,,44182,0,32 33 1 34 35,0
75801,'Weekday',820,,44183,0,32 33 1 34 35,0
