10001,'2025DE-1BUSCUT-Weekday-02',527,,26965,,,0,30,,26966,,,0,70,,26967,,,0,30,,26968,,,0,70,,26969,,,0,30,,26970,,,0,70,,26971,,,0,30,,26973,,,0,70,,26974,,,0,30,,26972,,,0,70,,26975,,,0,30,,26976,,,0,70,,26978,,,0,30,,26977,,,0,70,,26979,,,0,30,,26980,,,0,70,,26981,,,0,30,,26982,,,0,70,,26984,,,0,73,,26985,,,0,30,,26983,,,0,70,,26986,,,0,34,,26987,,,0,71,,26988,,,0,31,,26989,,,0,69,,26990,,,0,31,,26991,,,0,70,,26992,,,0,30,,26993,,,0,70,,26994,,,0,28,,26995,,,0,70,,26996,,,0,30,,26997,,,0,70,,26998,,,0,30,,27000,,,0,70,,26999,,,0,30,,27002,,,0,70,,27004,,,0,30,,27003,,,0,70,,27001,,,0,30,,27005,,,0,70,,27006,,,0
10001,'2025DE-1BUSSA-Saturday-02',527,,27044,,,0,30,,27023,,,0,70,,27019,,,0,30,,27035,,,0,70,,27026,,,0,30,,27018,,,0,70,,27037,,,0,30,,27024,,,0,70,,27017,,,0,30,,27039,,,0,70,,27027,,,0,30,,27016,,,0,71,,27038,,,0,30,,27028,,,0,70,,27012,,,0,30,,27040,,,0,70,,27025,,,0,30,,27015,,,0,70,,27042,,,0,30,,27029,,,0,70,,27014,,,0,30,,27041,,,0,70,,27030,,,0,30,,27013,,,0,70,,27043,,,0,30,,27031,,,0,70,,27011,,,0,30,,27007,,,0,70,,27032,,,0,30,,27010,,,0,69,,27022,,,0,30,,27033,,,0,70,,27009,,,0,30,,27021,,,0,70,,27036,,,0,30,,27008,,,0,70,,27020,,,0,30,,27034,,,0,70,,27045,,,0,30,,27046,,,0
10001,'2025DE-1BUSSU-Sunday-02',527,,27047,,,0,30,,27048,,,0,70,,27049,,,0,30,,27050,,,0,70,,27051,,,0,30,,27052,,,0,70,,27053,,,0,30,,27054,,,0,70,,27055,,,0,30,,27056,,,0,70,,27057,,,0,30,,27058,,,0,71,,27059,,,0,30,,27060,,,0,70,,27061,,,0,30,,27062,,,0,70,,27063,,,0,30,,27064,,,0,70,,27065,,,0,30,,27067,,,0,70,,27066,,,0,30,,27068,,,0,70,,27069,,,0,30,,27070,,,0,70,,27071,,,0,30,,27072,,,0,70,,27074,,,0,30,,27073,,,0,70,,27076,,,0,30,,27075,,,0,69,,27077,,,0,30,,27078,,,0,70,,27079,,,0,30,,27080,,,0,70,,27081,,,0,30,,27082,,,0,70,,27083,,,0,30,,27084,,,0,70,,27085,,,0,30,,27086,,,0
10001,'2025DE-1BUSWK-Weekday-02',527,,27087,,,0,30,,27088,,,0,70,,27089,,,0,30,,27090,,,0,70,,27091,,,0,30,,27092,,,0,70,,27093,,,0,30,,27095,,,0,70,,27096,,,0,30,,27094,,,0,70,,27097,,,0,30,,27098,,,0,70,,27101,,,0,30,,27099,,,0,70,,27100,,,0,30,,27102,,,0,70,,27103,,,0,30,,27104,,,0,70,,27106,,,0,73,,27107,,,0,30,,27105,,,0,70,,27108,,,0,34,,27109,,,0,71,,27110,,,0,31,,27111,,,0,69,,27112,,,0,31,,27113,,,0,70,,27114,,,0,30,,27115,,,0,70,,27116,,,0,28,,27117,,,0,70,,27118,,,0,30,,27119,,,0,70,,27120,,,0,30,,27122,,,0,70,,27121,,,0,30,,27124,,,0,70,,27126,,,0,30,,27125,,,0,70,,27123,,,0,30,,27127,,,0,70,,27128,,,0
10001,'2025DE-pBxDec31-Weekday-02',527,,27129,,,0,30,,27130,,,0,70,,27131,,,0,30,,27132,,,0,70,,27133,,,0,30,,27134,,,0,70,,27135,,,0,30,,27137,,,0,70,,27138,,,0,30,,27136,,,0,70,,27139,,,0,30,,27140,,,0,70,,27142,,,0,30,,27141,,,0,70,,27143,,,0,30,,27144,,,0,70,,27145,,,0,30,,27146,,,0,70,,27148,,,0,73,,27149,,,0,30,,27147,,,0,70,,27150,,,0,34,,27151,,,0,71,,27152,,,0,31,,27153,,,0,69,,27154,,,0,31,,27155,,,0,70,,27156,,,0,30,,27157,,,0,70,,27158,,,0,28,,27159,,,0,70,,27160,,,0,30,,27161,,,0,70,,27162,,,0,30,,27164,,,0,70,,27163,,,0,30,,27166,,,0,70,,27168,,,0,30,,27167,,,0,70,,27165,,,0,30,,27169,,,0,70,,27170,,,0
11900,'2025DE-1BUSCUT-Weekday-02',1311,,29934,,,0,100,,29931,,,0,100,,29933,,,0,96,,29932,,,0,98,,29935,,,0,98,,29936,,,0,97,,29937,,,0,53,,29938,,,0,93,,29939,,,0,94,,29940,,,0,94,,29941,,,0,94,,29942,,,0,94,,29943,,,0
11900,'2025DE-1BUSSA-Saturday-02',1311,,29944,,,0,100,,29945,,,0,100,,29946,,,0,96,,29947,,,0,99,,29948,,,0,98,,29949,,,0,96,,29950,,,0,53,,29951,,,0,93,,29952,,,0,94,,29953,,,0,94,,29954,,,0,94,,29955,,,0,94,,29956,,,0
11900,'2025DE-1BUSSU-Sunday-02',1311,,29957,,,0,100,,29958,,,0,100,,29959,,,0,96,,29961,,,0,99,,29962,,,0,98,,29963,,,0,96,,29960,,,0,53,,29964,,,0,93,,29965,,,0,94,,29966,,,0,94,,29967,,,0,94,,29968,,,0,94,,29969,,,0
11900,'2025DE-1BUSWK-Weekday-02',1311,,29973,,,0,100,,29970,,,0,100,,29972,,,0,96,,29971,,,0,98,,29974,,,0,98,,29975,,,0,97,,29976,,,0,53,,29977,,,0,93,,29978,,,0,94,,29979,,,0,94,,29980,,,0,94,,29981,,,0,94,,29982,,,0
11900,'2025DE-pBxDec31-Weekday-02',1311,,29986,,,0,100,,29983,,,0,100,,29985,,,0,96,,29984,,,0,98,,29987,,,0,98,,29988,,,0,97,,29989,,,0,53,,29990,,,0,93,,29991,,,0,94,,29992,,,0,94,,29993,,,0,94,,29994,,,0,94,,29995,,,0
