15300,'Saturday',555,,59706,1,,,0,77,,59707,1,,,0,77,,59708,1,,,0,37,,59710,1,,,0,77,,59718,1,,,0,77,,59719,1,,,0,37,,59716,1,,,0,77,,59721,1,,,0,37,,59715,1,,,0,77,,59722,1,,,0,77,,59723,1,,,0,37,,59720,1,,,0,77,,59724,1,,,0,37,,59725,1,,,0,77,,59726,1,,,0,77,,59727,1,,,0,37,,59728,1,,,0,77,,59729,1,,,0,77,,59730,1,,,0,37,,59732,1,,,0,77,,59731,1,,,0,37,,59717,1,,,0,77,,59712,1,,,0,77,,59714,1,,,0,37,,59713,1,,,0,77,,59711,1,,,0,37,,59709,1,,,0
15300,'Sunday',823,,59733,1,,,0,77,,59735,1,,,0,37,,59734,1,,,0,77,,59736,1,,,0,37,,59737,1,,,0,77,,59738,1,,,0,77,,59740,1,,,0,37,,59741,1,,,0,77,,59742,1,,,0,37,,59739,1,,,0,77,,59743,1,,,0,77,,59744,1,,,0,37,,59745,1,,,0,77,,59746,1,,,0,77,,59747,1,,,0,37,,59748,1,,,0,77,,59749,1,,,0,37,,59750,1,,,0,77,,59751,1,,,0,77,,59752,1,,,0,37,,59753,1,,,0,75,,59754,1,,,0,32,,59755,1,,,0
15300,'Weekday',513,,59757,1,,,0,25,,59758,1,,,0,63,,59756,1,,,0,26,,59759,1,,,0,25,,59760,1,,,0,65,,59762,1,,,0,26,,59763,1,,,0,64,,59766,1,,,0,25,,59767,1,,,0,26,,59764,1,,,0,65,,59768,1,,,0,25,,59769,1,,,0,65,,59770,1,,,0,25,,59771,1,,,0,65,,59773,1,,,0,25,,59774,1,,,0,25,,59772,1,,,0,65,,59776,1,,,0,25,,59777,1,,,0,65,,59775,1,,,0,25,,59778,1,,,0,25,,59779,1,,,0,65,,59780,1,,,0,30,,59782,1,,,0,70,,59783,1,,,0,20,,59784,1,,,0,14,,59803,1,,,0,50,,59781,1,,,0,10,,59785,1,,,0,10,,59801,1,,,0,10,,59802,1,,,0,10,,59786,1,,,0,60,,59787,1,,,0,20,,59788,1,,,0,24,,59789,1,,,0,76,,59790,1,,,0,76,,59791,1,,,0,36,,59792,1,,,0,76,,59793,1,,,0,36,,59794,1,,,0,76,,59796,1,,,0,76,,59797,1,,,0,36,,59798,1,,,0,76,,59795,1,,,0
15300,'Weekday0000100',1439,,59804,1,,,0
15300,'1CCSDCUT-Weekday',513,,59806,1,,,0,25,,59807,1,,,0,63,,59805,1,,,0,26,,59808,1,,,0,25,,59809,1,,,0,65,,59811,1,,,0,26,,59812,1,,,0,64,,59815,1,,,0,25,,59816,1,,,0,26,,59813,1,,,0,65,,59817,1,,,0,25,,59818,1,,,0,65,,59819,1,,,0,25,,59820,1,,,0,65,,59822,1,,,0,25,,59823,1,,,0,25,,59821,1,,,0,65,,59825,1,,,0,25,,59826,1,,,0,65,,59824,1,,,0,25,,59827,1,,,0,25,,59828,1,,,0,65,,59829,1,,,0,30,,59831,1,,,0,70,,59832,1,,,0,20,,59833,1,,,0,14,,59852,1,,,0,50,,59830,1,,,0,10,,59834,1,,,0,10,,59850,1,,,0,10,,59851,1,,,0,10,,59835,1,,,0,60,,59836,1,,,0,20,,59837,1,,,0,24,,59838,1,,,0,76,,59839,1,,,0,76,,59840,1,,,0,36,,59841,1,,,0,76,,59842,1,,,0,36,,59843,1,,,0,76,,59845,1,,,0,76,,59846,1,,,0,36,,59847,1,,,0,76,,59844,1,,,0
15300,'1CCSDCUT-Weekday0000100',1439,,59853,1,,,0
15301,'Saturday',703,,59905,30,4,,0,37,,59903,30,4,,0,77,,59906,30,4,,0,37,,59904,30,4,,0,77,,59911,30,4,,0,77,,59914,30,4,,0,37,,59915,30,4,,0,77,,59916,30,4,,0,37,,59917,30,4,,0,77,,59918,30,4,,0,77,,59919,30,4,,0,37,,59920,30,4,,0,77,,59921,30,4,,0,77,,59922,30,4,,0,37,,59923,30,4,,0,77,,59924,30,4,,0,37,,59925,30,4,,0,77,,59926,30,4,,0,77,,59927,30,4,,0,37,,59928,30,4,,0,77,,59929,30,4,,0,77,,59908,30,4,,0,37,,59909,30,4,,0,77,,59910,30,4,,0,37,,59912,30,4,,0,77,,59913,30,4,,0,77,,59907,30,4,,0
15301,'Sunday',932,,59931,30,4,,0,77,,59936,30,4,,0,37,,59939,30,4,,0,77,,59937,30,4,,0,77,,59940,30,4,,0,37,,59942,30,4,,0,77,,59943,30,4,,0,37,,59944,30,4,,0,77,,59941,30,4,,0,77,,59938,30,4,,0,37,,59946,30,4,,0,77,,59947,30,4,,0,37,,59948,30,4,,0,77,,59950,30,4,,0,77,,59951,30,4,,0,37,,59945,30,4,,0,76,,59949,30,4,,0,36,,59952,30,4,,0,77,,59932,30,4,,0,77,,59934,30,4,,0,36,,59935,30,4,,0,75,,59933,30,4,,0,32,,59930,30,4,,0
15301,'Weekday',623,,59953,30,4,,0,26,,59954,30,4,,0,66,,59955,30,4,,0,26,,59956,30,4,,0,65,,59957,30,4,,0,10,,59958,30,4,,0,12,,59959,30,4,,0,10,,59998,30,4,,0,8,,59997,30,4,,0,8,,59960,30,4,,0,1,,59996,12,4,,0,53,,59961,30,4,,0,11,,59962,30,4,,0,25,,59963,30,4,,0,66,,59965,30,4,,0,25,,59966,30,4,,0,65,,59967,30,4,,0,25,,59964,30,4,,0,25,,59968,30,4,,0,65,,59969,30,4,,0,25,,59970,30,4,,0,65,,59971,30,4,,0,25,,59972,30,4,,0,25,,59973,30,4,,0,65,,59974,30,4,,0,27,,59975,30,4,,0,66,,59976,30,4,,0,29,,59978,30,4,,0,70,,59979,30,4,,0,30,,59977,30,4,,0,60,,59980,30,4,,0,13,,60001,30,4,,0,10,,59981,30,4,,0,20,,60000,30,4,,0,10,,59999,30,4,,0,51,,59984,30,4,,0,18,,59985,30,4,,0,19,,59986,30,4,,0,60,,59983,30,4,,0,35,,59988,30,4,,0,76,,59990,30,4,,0,36,,59987,30,4,,0,76,,59991,30,4,,0,76,,59989,30,4,,0,36,,59992,30,4,,0,76,,59993,30,4,,0,36,,59994,30,4,,0,73,,59995,30,4,,0
15301,'Weekday0000100',1557,,60002,30,4,,0
15301,'1CCSDCUT-Weekday',623,,60003,30,4,,0,26,,60004,30,4,,0,66,,60005,30,4,,0,26,,60006,30,4,,0,65,,60007,30,4,,0,10,,60008,30,4,,0,12,,60009,30,4,,0,10,,60047,30,4,,0,8,,60046,30,4,,0,8,,60010,30,4,,0,54,,60011,30,4,,0,11,,60012,30,4,,0,25,,60013,30,4,,0,66,,60015,30,4,,0,25,,60016,30,4,,0,65,,60017,30,4,,0,25,,60014,30,4,,0,25,,60018,30,4,,0,65,,60019,30,4,,0,25,,60020,30,4,,0,65,,60021,30,4,,0,25,,60022,30,4,,0,25,,60023,30,4,,0,65,,60024,30,4,,0,27,,60025,30,4,,0,66,,60026,30,4,,0,29,,60028,30,4,,0,70,,60029,30,4,,0,30,,60027,30,4,,0,60,,60030,30,4,,0,13,,60050,30,4,,0,10,,60031,30,4,,0,20,,60049,30,4,,0,10,,60048,30,4,,0,51,,60034,30,4,,0,18,,60035,30,4,,0,19,,60036,30,4,,0,60,,60033,30,4,,0,35,,60038,30,4,,0,76,,60040,30,4,,0,36,,60037,30,4,,0,76,,60041,30,4,,0,76,,60039,30,4,,0,36,,60042,30,4,,0,76,,60043,30,4,,0,36,,60044,30,4,,0,73,,60045,30,4,,0
15301,'1CCSDCUT-Weekday0000100',1557,,60051,30,4,,0
16701,'Saturday',600,,62318,1,,,0,27,,62319,1,,,0,23,,62318,34,4,,0,4,,62320,1,,,0,63,,62319,34,4,,0,4,,62322,1,,,0,23,,62320,34,4,,0,4,,62323,1,,,0,63,,62322,34,4,,0,4,,62324,1,,,0,23,,62323,34,4,,0,4,,62321,1,,,0,63,,62324,34,4,,0,4,,62325,1,,,0,23,,62321,34,4,,0,4,,62326,1,,,0,23,,62325,34,4,,0,44,,62327,1,,,0,23,,62326,34,4,,0,4,,62328,1,,,0,23,,62327,34,4,,0,4,,62329,1,,,0,63,,62328,34,4,,0,4,,62330,1,,,0,23,,62329,34,4,,0,4,,62331,1,,,0,63,,62330,34,4,,0,4,,62332,1,,,0,23,,62331,34,4,,0,4,,62333,1,,,0,63,,62332,34,4,,0,4,,62334,1,,,0,23,,62333,34,4,,0,4,,62335,1,,,0,63,,62334,34,4,,0,4,,62336,1,,,0,23,,62335,34,4,,0,4,,62337,1,,,0,23,,62336,34,4,,0,44,,62338,1,,,0,23,,62337,34,4,,0,4,,62339,1,,,0,23,,62338,34,4,,0,4,,62340,1,,,0,63,,62339,34,4,,0,4,,62341,1,,,0,23,,62340,34,4,,0,4,,62342,1,,,0,63,,62341,34,4,,0,4,,62343,1,,,0,23,,62342,34,4,,0,4,,62344,1,,,0,63,,62343,34,4,,0,4,,62346,1,,,0,23,,62344,34,4,,0,4,,62347,1,,,0,23,,62346,34,4,,0,44,,62348,1,,,0,23,,62347,34,4,,0,4,,62345,1,,,0,23,,62348,34,4,,0,4,,62349,1,,,0,63,,62345,34,4,,0,4,,62350,1,,,0,23,,62349,34,4,,0,4,,62351,1,,,0,63,,62350,34,4,,0,4,,62352,1,,,0,23,,62351,34,4,,0,4,,62353,1,,,0,63,,62352,34,4,,0,4,,62354,1,,,0,23,,62353,34,4,,0,4,,62356,1,,,0,63,,62354,34,4,,0,4,,62357,1,,,0,23,,62356,34,4,,0,4,,62358,1,,,0,23,,62357,34,4,,0,44,,62355,1,,,0,23,,62358,34,4,,0,27,,62355,34,4,,0
16701,'Sunday',600,,62359,1,,,0,27,,62380,1,,,0,23,,62359,34,4,,0,4,,62360,1,,,0,63,,62380,34,4,,0,4,,62381,1,,,0,23,,62360,34,4,,0,4,,62361,1,,,0,63,,62381,34,4,,0,4,,62382,1,,,0,23,,62361,34,4,,0,4,,62363,1,,,0,63,,62382,34,4,,0,4,,62383,1,,,0,23,,62363,34,4,,0,4,,62364,1,,,0,23,,62383,34,4,,0,44,,62384,1,,,0,23,,62364,34,4,,0,4,,62365,1,,,0,23,,62384,34,4,,0,4,,62385,1,,,0,63,,62365,34,4,,0,4,,62362,1,,,0,23,,62385,34,4,,0,4,,62386,1,,,0,63,,62362,34,4,,0,4,,62366,1,,,0,23,,62386,34,4,,0,4,,62387,1,,,0,63,,62366,34,4,,0,4,,62367,1,,,0,23,,62387,34,4,,0,4,,62388,1,,,0,63,,62367,34,4,,0,4,,62368,1,,,0,23,,62388,34,4,,0,4,,62389,1,,,0,23,,62368,34,4,,0,44,,62369,1,,,0,23,,62389,34,4,,0,4,,62390,1,,,0,23,,62369,34,4,,0,4,,62370,1,,,0,63,,62390,34,4,,0,4,,62391,1,,,0,23,,62370,34,4,,0,4,,62371,1,,,0,63,,62391,34,4,,0,4,,62392,1,,,0,23,,62371,34,4,,0,4,,62372,1,,,0,63,,62392,34,4,,0,4,,62393,1,,,0,23,,62372,34,4,,0,4,,62373,1,,,0,23,,62393,34,4,,0,44,,62395,1,,,0,23,,62373,34,4,,0,4,,62374,1,,,0,23,,62395,34,4,,0,4,,62396,1,,,0,63,,62374,34,4,,0,4,,62375,1,,,0,23,,62396,34,4,,0,4,,62397,1,,,0,63,,62375,34,4,,0,4,,62376,1,,,0,23,,62397,34,4,,0,4,,62394,1,,,0,63,,62376,34,4,,0,4,,62377,1,,,0,23,,62394,34,4,,0,4,,62398,1,,,0,63,,62377,34,4,,0,4,,62378,1,,,0,23,,62398,34,4,,0,4,,62399,1,,,0,23,,62378,34,4,,0,44,,62379,1,,,0,23,,62399,34,4,,0,27,,62379,34,4,,0
16701,'Weekday',528,,62400,1,,,0,15,,62414,1,,,0,15,,62418,1,,,0,55,,62431,1,,,0,11,,62400,34,4,,0,4,,62401,1,,,0,11,,62414,34,4,,0,4,,62415,1,,,0,11,,62418,34,4,,0,4,,62419,1,,,0,51,,62431,34,4,,0,4,,62432,1,,,0,11,,62401,34,4,,0,4,,62402,1,,,0,11,,62415,34,4,,0,4,,62416,1,,,0,11,,62419,34,4,,0,4,,62420,1,,,0,51,,62432,34,4,,0,4,,62433,1,,,0,11,,62402,34,4,,0,4,,62403,1,,,0,11,,62416,34,4,,0,4,,62417,1,,,0,11,,62420,34,4,,0,4,,62421,1,,,0,50,,62433,34,4,,0,14,,62403,34,4,,0,4,,62404,1,,,0,10,,62417,34,4,,0,13,,62421,34,4,,0,5,,62422,1,,,0,63,,62404,34,4,,0,5,,62405,1,,,0,23,,62422,34,4,,0,5,,62423,1,,,0,63,,62405,34,4,,0,5,,62406,1,,,0,23,,62423,34,4,,0,5,,62424,1,,,0,63,,62406,34,4,,0,5,,62407,1,,,0,23,,62424,34,4,,0,5,,62425,1,,,0,63,,62407,34,4,,0,5,,62408,1,,,0,23,,62425,34,4,,0,5,,62427,1,,,0,63,,62408,34,4,,0,5,,62409,1,,,0,23,,62427,34,4,,0,5,,62428,1,,,0,15,,62435,1,,,0,9,,62409,34,4,,0,46,,62410,1,,,0,15,,62445,1,,,0,11,,62428,34,4,,0,4,,62426,1,,,0,11,,62435,34,4,,0,4,,62436,1,,,0,51,,62410,34,4,,0,4,,62411,1,,,0,11,,62445,34,4,,0,4,,62446,1,,,0,11,,62426,34,4,,0,4,,62429,1,,,0,11,,62436,34,4,,0,4,,62434,1,,,0,51,,62411,34,4,,0,4,,62412,1,,,0,11,,62446,34,4,,0,4,,62443,1,,,0,11,,62429,34,4,,0,4,,62430,1,,,0,11,,62434,34,4,,0,4,,62437,1,,,0,51,,62412,34,4,,0,4,,62413,1,,,0,11,,62443,34,4,,0,4,,62447,1,,,0,11,,62430,34,4,,0,15,,62437,34,4,,0,2,,62438,1,,,0,53,,62413,34,4,,0,15,,62449,1,,,0,22,,62438,34,4,,0,6,,62439,1,,,0,58,,62449,34,4,,0,10,,62450,1,,,0,18,,62439,34,4,,0,10,,62440,1,,,0,18,,62450,34,4,,0,50,,62451,1,,,0,18,,62440,34,4,,0,10,,62441,1,,,0,18,,62451,34,4,,0,50,,62448,1,,,0,18,,62441,34,4,,0,10,,62442,1,,,0,18,,62448,34,4,,0,10,,62452,1,,,0,58,,62442,34,4,,0,10,,62444,1,,,0,18,,62452,34,4,,0,13,,62453,1,,,0,55,,62444,34,4,,0,31,,62453,34,4,,0
16701,'1CCSDCUT-Weekday',528,,62454,1,,,0,15,,62468,1,,,0,15,,62472,1,,,0,55,,62485,1,,,0,11,,62454,34,4,,0,4,,62455,1,,,0,11,,62468,34,4,,0,4,,62469,1,,,0,11,,62472,34,4,,0,4,,62473,1,,,0,51,,62485,34,4,,0,4,,62486,1,,,0,11,,62455,34,4,,0,4,,62456,1,,,0,11,,62469,34,4,,0,4,,62470,1,,,0,11,,62473,34,4,,0,4,,62474,1,,,0,51,,62486,34,4,,0,4,,62487,1,,,0,11,,62456,34,4,,0,4,,62457,1,,,0,11,,62470,34,4,,0,4,,62471,1,,,0,11,,62474,34,4,,0,4,,62475,1,,,0,50,,62487,34,4,,0,14,,62457,34,4,,0,4,,62458,1,,,0,10,,62471,34,4,,0,13,,62475,34,4,,0,5,,62476,1,,,0,63,,62458,34,4,,0,5,,62459,1,,,0,23,,62476,34,4,,0,5,,62477,1,,,0,63,,62459,34,4,,0,5,,62460,1,,,0,23,,62477,34,4,,0,5,,62478,1,,,0,63,,62460,34,4,,0,5,,62461,1,,,0,23,,62478,34,4,,0,5,,62479,1,,,0,63,,62461,34,4,,0,5,,62462,1,,,0,23,,62479,34,4,,0,5,,62481,1,,,0,63,,62462,34,4,,0,5,,62463,1,,,0,23,,62481,34,4,,0,5,,62482,1,,,0,15,,62489,1,,,0,9,,62463,34,4,,0,46,,62464,1,,,0,15,,62499,1,,,0,11,,62482,34,4,,0,4,,62480,1,,,0,11,,62489,34,4,,0,4,,62490,1,,,0,51,,62464,34,4,,0,4,,62465,1,,,0,11,,62499,34,4,,0,4,,62500,1,,,0,11,,62480,34,4,,0,4,,62483,1,,,0,11,,62490,34,4,,0,4,,62488,1,,,0,51,,62465,34,4,,0,4,,62466,1,,,0,11,,62500,34,4,,0,4,,62497,1,,,0,11,,62483,34,4,,0,4,,62484,1,,,0,11,,62488,34,4,,0,4,,62491,1,,,0,51,,62466,34,4,,0,4,,62467,1,,,0,11,,62497,34,4,,0,4,,62501,1,,,0,11,,62484,34,4,,0,15,,62491,34,4,,0,2,,62492,1,,,0,53,,62467,34,4,,0,15,,62503,1,,,0,22,,62492,34,4,,0,6,,62493,1,,,0,58,,62503,34,4,,0,10,,62504,1,,,0,18,,62493,34,4,,0,10,,62494,1,,,0,18,,62504,34,4,,0,50,,62505,1,,,0,18,,62494,34,4,,0,10,,62495,1,,,0,18,,62505,34,4,,0,50,,62502,1,,,0,18,,62495,34,4,,0,10,,62496,1,,,0,18,,62502,34,4,,0,10,,62506,1,,,0,58,,62496,34,4,,0,10,,62498,1,,,0,18,,62506,34,4,,0,13,,62507,1,,,0,55,,62498,34,4,,0,31,,62507,34,4,,0
