1001,'STMPSa-Saturday',1008,,76791,43,,,0,31,,76802,43,,,0,70,,76782,43,,,0,30,,76792,43,,,0,70,,76803,43,,,0,30,,76783,43,,,0,70,,76793,43,,,0,30,,76804,43,,,0,70,,76784,43,,,0,30,,76794,43,,,0,70,,76805,43,,,0,30,,76785,43,,,0,70,,76796,43,,,0,30,,76806,43,,,0,70,,76786,43,,,0,30,,76795,43,,,0,69,,76807,43,,,0,30,,76787,43,,,0,69,,76797,43,,,0,30,,76808,43,,,0,70,,76789,43,,,0,30,,76798,43,,,0,70,,76809,43,,,0,30,,76788,43,,,0,70,,76800,43,,,0,30,,76801,43,,,0,70,,76790,43,,,0,30,,76799,43,,,0
1001,'STMPSu2-Sunday',1008,,76872,43,,,0,31,,76881,43,,,0,70,,76890,43,,,0,30,,76873,43,,,0,70,,76884,43,,,0,30,,76889,43,,,0,70,,76874,43,,,0,30,,76883,43,,,0,70,,76892,43,,,0,30,,76875,43,,,0,70,,76886,43,,,0,30,,76893,43,,,0,70,,76876,43,,,0,30,,76885,43,,,0,70,,76891,43,,,0,30,,76878,43,,,0,69,,76887,43,,,0,30,,76894,43,,,0,69,,76877,43,,,0,30,,76888,43,,,0,70,,76895,43,,,0,30,,76879,43,,,0,70,,76870,43,,,0,30,,76896,43,,,0,70,,76882,43,,,0,30,,76871,43,,,0,70,,76897,43,,,0,30,,76880,43,,,0
1001,'STMPWeek-Weekday',705,,76898,43,,,0,39,,76900,43,,,0,73,,76901,43,,,0,33,,76902,43,,,0,74,,76903,43,,,0,34,,76904,43,,,0,73,,76905,43,,,0,73,,76906,43,,,0,33,,76907,43,,,0,73,,76908,43,,,0,33,,76909,43,,,0,73,,76910,43,,,0,33,,76911,43,,,0,73,,76912,43,,,0,33,,76913,43,,,0,73,,76914,43,,,0,75,,76915,43,,,0,33,,76916,43,,,0,73,,76917,43,,,0,32,,76918,43,,,0,73,,76919,43,,,0,32,,76920,43,,,0,73,,76921,43,,,0,33,,76922,43,,,0,71,,76923,43,,,0,31,,76924,43,,,0,73,,76925,43,,,0,73,,76926,43,,,0,33,,76927,43,,,0,73,,76928,43,,,0,33,,76929,43,,,0,81,,76899,43,,,0
2901,'STMPSa-Saturday',709,,85348,53,,,0,47,,85349,53,,,0,87,,85347,53,,,0,87,,85350,53,,,0,87,,85351,53,,,0,87,,85352,53,,,0,47,,85353,53,,,0,87,,85354,53,,,0,87,,85355,53,,,0,87,,85356,53,,,0,47,,85359,53,,,0,87,,85360,53,,,0,87,,85361,53,,,0,87,,85357,53,,,0,87,,85358,53,,,0,47,,85363,53,,,0,87,,85364,53,,,0,87,,85365,53,,,0,87,,85362,53,,,0,87,,85366,53,,,0,47,,85367,53,,,0,87,,85368,53,,,0
2901,'STMPSu2-Sunday',709,,85425,53,,,0,47,,85426,53,,,0,87,,85428,53,,,0,87,,85424,53,,,0,87,,85430,53,,,0,87,,85431,53,,,0,47,,85429,53,,,0,87,,85432,53,,,0,87,,85427,53,,,0,87,,85434,53,,,0,47,,85436,53,,,0,87,,85437,53,,,0,87,,85435,53,,,0,87,,85439,53,,,0,87,,85433,53,,,0,47,,85438,53,,,0,87,,85440,53,,,0,87,,85441,53,,,0,87,,85442,53,,,0,87,,85443,53,,,0,47,,85444,53,,,0,87,,85445,53,,,0
2901,'STMPWeek-Weekday',514,,85447,43,,,0,39,,85469,53,,,0,78,,85468,53,,,0,77,,85471,53,,,0,35,,85470,53,,,0,75,,85473,53,,,0,35,,85474,53,,,0,74,,85472,53,,,0,74,,85450,53,,,0,35,,85448,53,,,0,75,,85464,53,,,0,35,,85465,53,,,0,75,,85466,53,,,0,35,,85463,53,,,0,77,,85467,53,,,0,76,,85453,53,,,0,35,,85458,53,,,0,75,,85452,53,,,0,35,,85456,53,,,0,75,,85446,53,,,0,75,,85475,53,,,0,35,,85476,53,,,0,75,,85477,53,,,0,34,,85478,53,,,0,73,,85449,53,,,0,34,,85460,53,,,0,75,,85461,53,,,0,75,,85462,53,,,0,35,,85455,53,,,0,75,,85451,53,,,0,33,,85454,53,,,0,75,,85459,53,,,0,35,,85457,53,,,0
3500,'STMPSa-Saturday',655,,87135,37,,,0,100,,87149,37,,,0,100,,87148,37,,,0,100,,87146,37,,,0,100,,87147,37,,,0,100,,87145,37,,,0,100,,87144,37,,,0,100,,87143,37,,,0,100,,87142,37,,,0,100,,87141,37,,,0,100,,87140,37,,,0,100,,87139,37,,,0,100,,87138,37,,,0,100,,87137,37,,,0,100,,87136,37,,,0
3500,'STMPSu2-Sunday',755,,87200,37,,,0,100,,87199,37,,,0,100,,87198,37,,,0,100,,87197,37,,,0,100,,87196,37,,,0,100,,87195,37,,,0,100,,87194,37,,,0,100,,87193,37,,,0,100,,87192,37,,,0,100,,87191,37,,,0,100,,87190,37,,,0,100,,87188,37,,,0,100,,87189,37,,,0
3500,'STMPWeek-Weekday',618,,87201,37,,,0,31,,87221,37,,,0,70,,87202,37,,,0,30,,87222,37,,,0,67,,87203,37,,,0,30,,87220,37,,,0,73,,87204,37,,,0,101,,87205,37,,,0,100,,87206,37,,,0,100,,87207,37,,,0,100,,87208,37,,,0,100,,87209,37,,,0,100,,87210,37,,,0,30,,87223,37,,,0,70,,87211,37,,,0,30,,87224,37,,,0,70,,87212,37,,,0,30,,87225,37,,,0,70,,87214,37,,,0,99,,87215,37,,,0,99,,87216,37,,,0,100,,87217,37,,,0,100,,87218,37,,,0,100,,87219,37,,,0,100,,87213,37,,,0
3501,'STMPSa-Saturday',621,,87317,18,,,0,100,,87318,18,,,0,100,,87316,18,,,0,100,,87314,18,,,0,100,,87315,18,,,0,100,,87313,18,,,0,100,,87312,18,,,0,100,,87309,18,,,0,100,,87311,18,,,0,100,,87310,18,,,0,100,,87308,18,,,0,100,,87307,18,,,0,100,,87305,18,,,0,100,,87306,18,,,0,100,,87304,18,,,0
3501,'STMPSu2-Sunday',721,,87369,18,,,0,100,,87368,18,,,0,100,,87367,18,,,0,100,,87366,18,,,0,100,,87365,18,,,0,100,,87364,18,,,0,100,,87363,18,,,0,100,,87362,18,,,0,100,,87361,18,,,0,100,,87360,18,,,0,100,,87359,18,,,0,100,,87358,18,,,0,100,,87357,18,,,0
3501,'STMPWeek-Weekday',544,,87370,18,,,0,70,,87390,18,,,0,30,,87371,18,,,0,72,,87391,18,,,0,30,,87372,18,,,0,70,,87389,18,,,0,30,,87373,18,,,0,100,,87375,18,,,0,100,,87374,18,,,0,100,,87376,18,,,0,100,,87377,18,,,0,100,,87378,18,,,0,100,,87379,18,,,0,70,,87392,18,,,0,30,,87380,18,,,0,70,,87393,18,,,0,30,,87381,18,,,0,70,,87394,18,,,0,30,,87382,18,,,0,100,,87383,18,,,0,98,,87385,18,,,0,100,,87386,18,,,0,100,,87384,18,,,0,100,,87387,18,,,0,100,,87388,18,,,0
