'2024JU-1BUSSA-Saturday-01',900,52800,,'',0,7400,,'',0,2800,,'',0,7100,,'',0,3100,,'',0,7100,,'',0,3100,,'',0,7100,,'',0,3100,,'',0,7100,,'',0,3100,,'',0,7100,,'',0,3100,,'',0,7100,,'',0,3100,,'',0,7100,,'',0,3100,,'',0,7100,,'',0,3100,,'',0,7100,,'',0,3100,,'',0,7100,,'',0,3100,,'',0,7100,,'',0,3100,,'',0,7100,,'',0,3100,,'',0,7100,,'',0,3100,,'',0,7100,,'',0,3100,,'',0,7100,,'',0,7100,,'',0,3100,,'',0,2600,,'',0
'2024JU-1BUSSA-Saturday-01',901,60200,4,'',0,5000,4,'',0,7100,4,'',0,3100,4,'',0,7200,4,'',0,3100,4,'',0,7100,4,'',0,7200,4,'',0,3100,4,'',0,7200,4,'',0,3100,4,'',0,7100,4,'',0,3100,4,'',0,7300,4,'',0,3100,4,'',0,7100,4,'',0,3100,4,'',0,7100,4,'',0,3100,4,'',0,7100,4,'',0,3100,4,'',0,7100,4,'',0,3100,4,'',0,7100,4,'',0,3100,4,'',0,7000,4,'',0,2900,4,'',0,7100,4,'',0,3000,4,'',0,7000,4,'',0,3100,4,'',0,7100,4,'',0,3100,4,'',0,7100,4,'',0,3100,4,'',0
'2024JU-1BUSSU-Sunday-01',900,52800,,'',0,7400,,'',0,2800,,'',0,7100,,'',0,3100,,'',0,7100,,'',0,3100,,'',0,7100,,'',0,3100,,'',0,7100,,'',0,3100,,'',0,7100,,'',0,3100,,'',0,7100,,'',0,3100,,'',0,7100,,'',0,3100,,'',0,7100,,'',0,3100,,'',0,7100,,'',0,3100,,'',0,7100,,'',0,3100,,'',0,7100,,'',0,3100,,'',0,7100,,'',0,3100,,'',0,7100,,'',0,3100,,'',0,7100,,'',0,3100,,'',0,7100,,'',0,7100,,'',0,3100,,'',0,2600,,'',0
'2024JU-1BUSSU-Sunday-01',901,60200,4,'',0,5000,4,'',0,7100,4,'',0,3100,4,'',0,7200,4,'',0,3100,4,'',0,7100,4,'',0,7200,4,'',0,3100,4,'',0,7200,4,'',0,3100,4,'',0,7100,4,'',0,3100,4,'',0,7300,4,'',0,3100,4,'',0,7100,4,'',0,3100,4,'',0,7100,4,'',0,3100,4,'',0,7100,4,'',0,3100,4,'',0,7100,4,'',0,3100,4,'',0,7100,4,'',0,3100,4,'',0,7000,4,'',0,2900,4,'',0,7100,4,'',0,3000,4,'',0,7000,4,'',0,3100,4,'',0,7100,4,'',0,3100,4,'',0,7100,4,'',0,3100,4,'',0
'2024JU-1BUSWK-Weekday-01',900,43000,,'',0,7000,,'',0,3100,,'',0,2000,,'',0,6000,,'',0,2000,,'',0,2000,,'',0,6000,,'',0,1000,,'',0,1000,,'',0,2000,,'',0,6000,,'',0,2000,,'',0,2000,,'',0,6000,,'',0,2000,,'',0,2100,,'',0,5900,,'',0,2000,,'',0,2000,,'',0,6000,,'',0,2000,,'',0,2000,,'',0,6000,,'',0,2000,,'',0,2000,,'',0,6000,,'',0,2000,,'',0,1800,,'',0,5600,,'',0,1600,,'',0,1000,,'',0,1800,,'',0,5200,,'',0,1000,,'',0,1000,,'',0,1000,,'',0,1000,,'',0,1000,,'',0,5000,,'',0,1000,,'',0,2000,,'',0,2000,,'',0,6300,,'',0,1700,,'',0,2000,,'',0,6000,,'',0,2000,,'',0,7200,,'',0,3000,,'',0,7000,,'',0,3000,,'',0,7000,,'',0,3000,,'',0,7000,,'',0,3000,,'',0,7000,,'',0,3000,,'',0,7000,,'',0,3000,,'',0,7700,,'',0
'2024JU-1BUSWK-Weekday-01',901,52600,4,'',0,3000,4,'',0,6000,4,'',0,2000,4,'',0,2100,4,'',0,6300,4,'',0,2600,4,'',0,6100,4,'',0,2000,4,'',0,1000,4,'',0,1000,4,'',0,1000,4,'',0,5000,4,'',0,1000,4,'',0,800,4,'',0,500,4,'',0,1500,4,'',0,6000,4,'',0,1700,4,'',0,2000,4,'',0,6000,4,'',0,2000,4,'',0,2000,4,'',0,6000,4,'',0,2100,4,'',0,1900,4,'',0,6000,4,'',0,2000,4,'',0,2000,4,'',0,6000,4,'',0,2000,4,'',0,2000,4,'',0,6000,4,'',0,2100,4,'',0,2200,4,'',0,6200,4,'',0,2000,4,'',0,2000,4,'',0,1000,4,'',0,5000,4,'',0,2100,4,'',0,1900,4,'',0,6000,4,'',0,2000,4,'',0,1800,4,'',0,5800,4,'',0,1500,4,'',0,1700,4,'',0,2000,4,'',0,6900,4,'',0,3000,4,'',0,7000,4,'',0,2900,4,'',0,6800,4,'',0,3000,4,'',0,7000,4,'',0,3000,4,'',0,7000,4,'',0,3000,4,'',0,7000,4,'',0,3000,4,'',0
'2024JU-STMPPar-Weekday-01',900,43000,,'',0,7000,,'',0,3100,,'',0,2000,,'',0,6000,,'',0,2000,,'',0,2000,,'',0,6000,,'',0,1000,,'',0,1000,,'',0,2000,,'',0,6000,,'',0,2000,,'',0,2000,,'',0,6000,,'',0,2000,,'',0,2100,,'',0,5900,,'',0,2000,,'',0,2000,,'',0,6000,,'',0,2000,,'',0,2000,,'',0,6000,,'',0,2000,,'',0,2000,,'',0,6000,,'',0,2000,,'',0,1800,,'',0,5600,,'',0,1600,,'',0,1000,,'',0,1800,,'',0,5200,,'',0,1000,,'',0,1000,,'',0,1000,,'',0,1000,,'',0,1000,,'',0,5000,,'',0,1000,,'',0,2000,,'',0,2000,,'',0,6300,,'',0,1700,,'',0,2000,,'',0,6000,,'',0,2000,,'',0,7200,,'',0,3000,,'',0,7000,,'',0,3000,,'',0,7000,,'',0,3000,,'',0,7000,,'',0,3000,,'',0,7000,,'',0,3000,,'',0,7000,,'',0,3000,,'',0,7700,,'',0
'2024JU-STMPPar-Weekday-01',901,52600,4,'',0,3000,4,'',0,6000,4,'',0,2000,4,'',0,2100,4,'',0,6300,4,'',0,2600,4,'',0,6100,4,'',0,2000,4,'',0,1000,4,'',0,1000,4,'',0,1000,4,'',0,5000,4,'',0,1000,4,'',0,800,4,'',0,500,4,'',0,1500,4,'',0,6000,4,'',0,1700,4,'',0,2000,4,'',0,6000,4,'',0,2000,4,'',0,2000,4,'',0,6000,4,'',0,2100,4,'',0,1900,4,'',0,6000,4,'',0,2000,4,'',0,2000,4,'',0,6000,4,'',0,2000,4,'',0,2000,4,'',0,6000,4,'',0,2100,4,'',0,2200,4,'',0,6200,4,'',0,2000,4,'',0,2000,4,'',0,1000,4,'',0,5000,4,'',0,2100,4,'',0,1900,4,'',0,6000,4,'',0,2000,4,'',0,1800,4,'',0,5800,4,'',0,1500,4,'',0,1700,4,'',0,2000,4,'',0,6900,4,'',0,3000,4,'',0,7000,4,'',0,2900,4,'',0,6800,4,'',0,3000,4,'',0,7000,4,'',0,3000,4,'',0,7000,4,'',0,3000,4,'',0,7000,4,'',0,3000,4,'',0
'2024JU-STMPSat-Saturday-01',900,52800,,'',0,7400,,'',0,2800,,'',0,7100,,'',0,3100,,'',0,7100,,'',0,3100,,'',0,7100,,'',0,3100,,'',0,7100,,'',0,3100,,'',0,7100,,'',0,3100,,'',0,7100,,'',0,3100,,'',0,7100,,'',0,3100,,'',0,7100,,'',0,3100,,'',0,7100,,'',0,3100,,'',0,7100,,'',0,3100,,'',0,7100,,'',0,3100,,'',0,7100,,'',0,3100,,'',0,7100,,'',0,3100,,'',0,7100,,'',0,3100,,'',0,7100,,'',0,7100,,'',0,3100,,'',0,2600,,'',0
'2024JU-STMPSat-Saturday-01',901,60200,4,'',0,5000,4,'',0,7100,4,'',0,3100,4,'',0,7200,4,'',0,3100,4,'',0,7100,4,'',0,7200,4,'',0,3100,4,'',0,7200,4,'',0,3100,4,'',0,7100,4,'',0,3100,4,'',0,7300,4,'',0,3100,4,'',0,7100,4,'',0,3100,4,'',0,7100,4,'',0,3100,4,'',0,7100,4,'',0,3100,4,'',0,7100,4,'',0,3100,4,'',0,7100,4,'',0,3100,4,'',0,7000,4,'',0,2900,4,'',0,7100,4,'',0,3000,4,'',0,7000,4,'',0,3100,4,'',0,7100,4,'',0,3100,4,'',0,7100,4,'',0,3100,4,'',0
'2024JU-STMPSnea-Weekday-01',900,43000,,'',0,7000,,'',0,3100,,'',0,2000,,'',0,6000,,'',0,2000,,'',0,2000,,'',0,6000,,'',0,1000,,'',0,1000,,'',0,2000,,'',0,6000,,'',0,2000,,'',0,2000,,'',0,6000,,'',0,2000,,'',0,2100,,'',0,5900,,'',0,2000,,'',0,2000,,'',0,6000,,'',0,2000,,'',0,2000,,'',0,6000,,'',0,2000,,'',0,2000,,'',0,6000,,'',0,2000,,'',0,1800,,'',0,5600,,'',0,1600,,'',0,1000,,'',0,1800,,'',0,5200,,'',0,1000,,'',0,1000,,'',0,1000,,'',0,1000,,'',0,1000,,'',0,5000,,'',0,1000,,'',0,2000,,'',0,2000,,'',0,6300,,'',0,1700,,'',0,2000,,'',0,6000,,'',0,2000,,'',0,7200,,'',0,3000,,'',0,7000,,'',0,3000,,'',0,7000,,'',0,3000,,'',0,7000,,'',0,3000,,'',0,7000,,'',0,3000,,'',0,7000,,'',0,3000,,'',0,7700,,'',0
'2024JU-STMPSnea-Weekday-01',901,52600,4,'',0,3000,4,'',0,6000,4,'',0,2000,4,'',0,2100,4,'',0,6300,4,'',0,2600,4,'',0,6100,4,'',0,2000,4,'',0,1000,4,'',0,1000,4,'',0,1000,4,'',0,5000,4,'',0,1000,4,'',0,800,4,'',0,500,4,'',0,1500,4,'',0,6000,4,'',0,1700,4,'',0,2000,4,'',0,6000,4,'',0,2000,4,'',0,2000,4,'',0,6000,4,'',0,2100,4,'',0,1900,4,'',0,6000,4,'',0,2000,4,'',0,2000,4,'',0,6000,4,'',0,2000,4,'',0,2000,4,'',0,6000,4,'',0,2100,4,'',0,2200,4,'',0,6200,4,'',0,2000,4,'',0,2000,4,'',0,1000,4,'',0,5000,4,'',0,2100,4,'',0,1900,4,'',0,6000,4,'',0,2000,4,'',0,1800,4,'',0,5800,4,'',0,1500,4,'',0,1700,4,'',0,2000,4,'',0,6900,4,'',0,3000,4,'',0,7000,4,'',0,2900,4,'',0,6800,4,'',0,3000,4,'',0,7000,4,'',0,3000,4,'',0,7000,4,'',0,3000,4,'',0,7000,4,'',0,3000,4,'',0
'2024JU-STMPSu1-Sunday-01',900,52800,,'',0,7400,,'',0,2800,,'',0,7100,,'',0,3100,,'',0,7100,,'',0,3100,,'',0,7100,,'',0,3100,,'',0,7100,,'',0,3100,,'',0,7100,,'',0,3100,,'',0,7100,,'',0,3100,,'',0,7100,,'',0,3100,,'',0,7100,,'',0,3100,,'',0,7100,,'',0,3100,,'',0,7100,,'',0,3100,,'',0,7100,,'',0,3100,,'',0,7100,,'',0,3100,,'',0,7100,,'',0,3100,,'',0,7100,,'',0,3100,,'',0,7100,,'',0,7100,,'',0,3100,,'',0,2600,,'',0
'2024JU-STMPSu1-Sunday-01',901,60200,4,'',0,5000,4,'',0,7100,4,'',0,3100,4,'',0,7200,4,'',0,3100,4,'',0,7100,4,'',0,7200,4,'',0,3100,4,'',0,7200,4,'',0,3100,4,'',0,7100,4,'',0,3100,4,'',0,7300,4,'',0,3100,4,'',0,7100,4,'',0,3100,4,'',0,7100,4,'',0,3100,4,'',0,7100,4,'',0,3100,4,'',0,7100,4,'',0,3100,4,'',0,7100,4,'',0,3100,4,'',0,7000,4,'',0,2900,4,'',0,7100,4,'',0,3000,4,'',0,7000,4,'',0,3100,4,'',0,7100,4,'',0,3100,4,'',0,7100,4,'',0,3100,4,'',0
'2024JU-STMPSu2-Sunday-01',900,52800,,'',0,7400,,'',0,2800,,'',0,7100,,'',0,3100,,'',0,7100,,'',0,3100,,'',0,7100,,'',0,3100,,'',0,7100,,'',0,3100,,'',0,7100,,'',0,3100,,'',0,7100,,'',0,3100,,'',0,7100,,'',0,3100,,'',0,7100,,'',0,3100,,'',0,7100,,'',0,3100,,'',0,7100,,'',0,3100,,'',0,7100,,'',0,3100,,'',0,7100,,'',0,3100,,'',0,7100,,'',0,3100,,'',0,7100,,'',0,3100,,'',0,7100,,'',0,7100,,'',0,3100,,'',0,2600,,'',0
'2024JU-STMPSu2-Sunday-01',901,60200,4,'',0,5000,4,'',0,7100,4,'',0,3100,4,'',0,7200,4,'',0,3100,4,'',0,7100,4,'',0,7200,4,'',0,3100,4,'',0,7200,4,'',0,3100,4,'',0,7100,4,'',0,3100,4,'',0,7300,4,'',0,3100,4,'',0,7100,4,'',0,3100,4,'',0,7100,4,'',0,3100,4,'',0,7100,4,'',0,3100,4,'',0,7100,4,'',0,3100,4,'',0,7100,4,'',0,3100,4,'',0,7000,4,'',0,2900,4,'',0,7100,4,'',0,3000,4,'',0,7000,4,'',0,3100,4,'',0,7100,4,'',0,3100,4,'',0,7100,4,'',0,3100,4,'',0
'2024JU-STMPWeek-Weekday-01',900,43000,,'',0,7000,,'',0,3100,,'',0,2000,,'',0,6000,,'',0,2000,,'',0,2000,,'',0,6000,,'',0,1000,,'',0,1000,,'',0,2000,,'',0,6000,,'',0,2000,,'',0,2000,,'',0,6000,,'',0,2000,,'',0,2100,,'',0,5900,,'',0,2000,,'',0,2000,,'',0,6000,,'',0,2000,,'',0,2000,,'',0,6000,,'',0,2000,,'',0,2000,,'',0,6000,,'',0,2000,,'',0,1800,,'',0,5600,,'',0,1600,,'',0,1000,,'',0,1800,,'',0,5200,,'',0,1000,,'',0,1000,,'',0,1000,,'',0,1000,,'',0,1000,,'',0,5000,,'',0,1000,,'',0,2000,,'',0,2000,,'',0,6300,,'',0,1700,,'',0,2000,,'',0,6000,,'',0,2000,,'',0,7200,,'',0,3000,,'',0,7000,,'',0,3000,,'',0,7000,,'',0,3000,,'',0,7000,,'',0,3000,,'',0,7000,,'',0,3000,,'',0,7000,,'',0,3000,,'',0,7700,,'',0
'2024JU-STMPWeek-Weekday-01',901,52600,4,'',0,3000,4,'',0,6000,4,'',0,2000,4,'',0,2100,4,'',0,6300,4,'',0,2600,4,'',0,6100,4,'',0,2000,4,'',0,1000,4,'',0,1000,4,'',0,1000,4,'',0,5000,4,'',0,1000,4,'',0,800,4,'',0,500,4,'',0,1500,4,'',0,6000,4,'',0,1700,4,'',0,2000,4,'',0,6000,4,'',0,2000,4,'',0,2000,4,'',0,6000,4,'',0,2100,4,'',0,1900,4,'',0,6000,4,'',0,2000,4,'',0,2000,4,'',0,6000,4,'',0,2000,4,'',0,2000,4,'',0,6000,4,'',0,2100,4,'',0,2200,4,'',0,6200,4,'',0,2000,4,'',0,2000,4,'',0,1000,4,'',0,5000,4,'',0,2100,4,'',0,1900,4,'',0,6000,4,'',0,2000,4,'',0,1800,4,'',0,5800,4,'',0,1500,4,'',0,1700,4,'',0,2000,4,'',0,6900,4,'',0,3000,4,'',0,7000,4,'',0,2900,4,'',0,6800,4,'',0,3000,4,'',0,7000,4,'',0,3000,4,'',0,7000,4,'',0,3000,4,'',0,7000,4,'',0,3000,4,'',0
