8701,'Saturday',618,,47452,22,,,0,30,,47473,22,,,0,70,,47461,22,,,0,30,,47453,22,,,0,70,,47474,22,,,0,31,,47462,22,,,0,70,,47454,22,,,0,30,,47475,22,,,0,70,,47463,22,,,0,30,,47455,22,,,0,70,,47476,22,,,0,30,,47464,22,,,0,70,,47456,22,,,0,30,,47477,22,,,0,70,,47465,22,,,0,30,,47457,22,,,0,70,,47478,22,,,0,30,,47467,22,,,0,70,,47458,22,,,0,30,,47479,22,,,0,70,,47466,22,,,0,30,,47459,22,,,0,70,,47480,22,,,0,30,,47469,22,,,0,70,,47460,22,,,0,30,,47468,22,,,0,70,,47481,22,,,0,30,,47486,22,,,0,70,,47470,22,,,0,30,,47482,22,,,0,70,,47485,22,,,0,30,,47471,22,,,0,70,,47483,22,,,0,30,,47487,22,,,0,70,,47472,22,,,0,30,,47484,22,,,0,70,,47488,22,,,0
8701,'Sunday',618,,47489,22,,,0,30,,47514,22,,,0,70,,47502,22,,,0,30,,47490,22,,,0,70,,47515,22,,,0,31,,47503,22,,,0,70,,47491,22,,,0,30,,47516,22,,,0,70,,47504,22,,,0,30,,47492,22,,,0,70,,47517,22,,,0,30,,47505,22,,,0,70,,47493,22,,,0,30,,47518,22,,,0,70,,47507,22,,,0,30,,47494,22,,,0,70,,47519,22,,,0,30,,47506,22,,,0,70,,47495,22,,,0,30,,47520,22,,,0,70,,47508,22,,,0,30,,47496,22,,,0,70,,47521,22,,,0,30,,47509,22,,,0,70,,47497,22,,,0,30,,47522,22,,,0,70,,47510,22,,,0,30,,47498,22,,,0,70,,47523,22,,,0,30,,47511,22,,,0,70,,47499,22,,,0,30,,47524,22,,,0,70,,47512,22,,,0,30,,47500,22,,,0,70,,47525,22,,,0,30,,47513,22,,,0,70,,47501,22,,,0
8701,'Weekday',518,,47549,22,,,0,30,,47526,22,,,0,70,,47550,22,,,0,30,,47527,22,,,0,70,,47551,22,,,0,30,,47553,22,,,0,73,,47528,22,,,0,12,,47565,22,,,0,17,,47552,22,,,0,70,,47554,22,,,0,30,,47529,22,,,0,70,,47539,22,,,0,30,,47555,22,,,0,70,,47531,22,,,0,30,,47540,22,,,0,70,,47556,22,,,0,30,,47532,22,,,0,70,,47541,22,,,0,30,,47557,22,,,0,70,,47530,22,,,0,30,,47542,22,,,0,74,,47558,22,,,0,31,,47533,22,,,0,71,,47543,22,,,0,31,,47559,22,,,0,72,,47534,22,,,0,30,,47544,22,,,0,71,,47560,22,,,0,72,,47535,22,,,0,29,,47545,22,,,0,70,,47562,22,,,0,30,,47536,22,,,0,70,,47546,22,,,0,29,,47561,22,,,0,28,,47537,22,,,0,68,,47547,22,,,0,28,,47563,22,,,0,69,,47538,22,,,0,28,,47548,22,,,0,69,,47564,22,,,0
8701,'Weekday0000100',1503,,47566,22,,,0
8701,'Weekday1111000',1616,,47567,22,,,0
8701,'1CCSDCUT-Weekday',518,,47591,22,,,0,30,,47568,22,,,0,70,,47592,22,,,0,30,,47569,22,,,0,70,,47593,22,,,0,30,,47595,22,,,0,73,,47570,22,,,0,12,,47607,22,,,0,17,,47594,22,,,0,70,,47596,22,,,0,30,,47571,22,,,0,70,,47581,22,,,0,30,,47597,22,,,0,70,,47573,22,,,0,30,,47582,22,,,0,70,,47598,22,,,0,30,,47574,22,,,0,70,,47583,22,,,0,30,,47599,22,,,0,70,,47572,22,,,0,30,,47584,22,,,0,74,,47600,22,,,0,31,,47575,22,,,0,71,,47585,22,,,0,31,,47601,22,,,0,72,,47576,22,,,0,30,,47586,22,,,0,71,,47602,22,,,0,72,,47577,22,,,0,29,,47587,22,,,0,70,,47604,22,,,0,30,,47578,22,,,0,70,,47588,22,,,0,29,,47603,22,,,0,28,,47579,22,,,0,68,,47589,22,,,0,28,,47605,22,,,0,69,,47580,22,,,0,28,,47590,22,,,0,69,,47606,22,,,0
8701,'1CCSDCUT-Weekday0000100',1503,,47608,22,,,0
8701,'1CCSDCUT-Weekday1111000',1616,,47609,22,,,0
44001,'Weekday',537,,68273,16,,,0,92,,68274,16,,,0,93,,68272,16,,,0,94,,68275,16,,,0,94,,68276,16,,,0,94,,68278,16,,,0,448,,68277,16,,,0,104,,68279,16,,,0,100,,68280,16,,,0,98,,68281,16,,,0,100,,68282,16,,,0,100,,68283,16,,,0
44001,'1CCSDCUT-Weekday',537,,68285,16,,,0,92,,68286,16,,,0,93,,68284,16,,,0,94,,68287,16,,,0,94,,68288,16,,,0,94,,68290,16,,,0,448,,68289,16,,,0,104,,68291,16,,,0,100,,68292,16,,,0,98,,68293,16,,,0,100,,68294,16,,,0,100,,68295,16,,,0
