8601,'Saturday',611,,107536,13,,,0,40,,107518,13,,,0,80,,107537,13,,,0,80,,107526,13,,,0,40,,107534,13,,,0,80,,107527,13,,,0,76,,107538,13,,,0,44,,107530,13,,,0,80,,107519,13,,,0,80,,107529,13,,,0,40,,107520,13,,,0,80,,107540,13,,,0,80,,107522,13,,,0,40,,107541,13,,,0,80,,107521,13,,,0,80,,107539,13,,,0,40,,107531,13,,,0,80,,107523,13,,,0,80,,107532,13,,,0,40,,107524,13,,,0,80,,107542,13,,,0,80,,107525,13,,,0,40,,107543,13,,,0,80,,107533,13,,,0,80,,107544,13,,,0,40,,107535,13,,,0,80,,107528,13,,,0
8601,'Sunday',611,,107560,13,,,0,40,,107545,13,,,0,80,,107559,13,,,0,80,,107546,13,,,0,40,,107562,13,,,0,80,,107547,13,,,0,76,,107561,13,,,0,44,,107554,13,,,0,80,,107564,13,,,0,80,,107549,13,,,0,40,,107565,13,,,0,80,,107548,13,,,0,80,,107566,13,,,0,40,,107550,13,,,0,80,,107563,13,,,0,80,,107551,13,,,0,40,,107567,13,,,0,80,,107552,13,,,0,80,,107568,13,,,0,40,,107556,13,,,0,80,,107569,13,,,0,80,,107553,13,,,0,40,,107571,13,,,0,80,,107555,13,,,0,80,,107570,13,,,0,40,,107558,13,,,0,80,,107557,13,,,0
8601,'Weekday',508,,107591,13,,,0,30,,107581,13,,,0,70,,107572,13,,,0,30,,107590,13,,,0,70,,107582,13,,,0,15,,107610,13,,,0,15,,107573,13,,,0,15,,107611,13,,,0,55,,107592,13,,,0,25,,107612,13,,,0,5,,107583,13,,,0,70,,107575,13,,,0,30,,107593,13,,,0,70,,107584,13,,,0,30,,107576,13,,,0,70,,107594,13,,,0,30,,107585,13,,,0,70,,107574,13,,,0,30,,107595,13,,,0,70,,107586,13,,,0,30,,107577,13,,,0,70,,107596,13,,,0,30,,107587,13,,,0,70,,107578,13,,,0,30,,107597,13,,,0,70,,107588,13,,,0,30,,107579,13,,,0,70,,107599,13,,,0,30,,107589,13,,,0,70,,107580,13,,,0,37,,107598,13,,,0,78,,107600,13,,,0,78,,107601,13,,,0,38,,107602,13,,,0,78,,107603,13,,,0,38,,107604,13,,,0,78,,107605,13,,,0,78,,107606,13,,,0,38,,107607,13,,,0,78,,107608,13,,,0,84,,107609,13,,,0
8601,'STMPSa-Saturday',611,,107631,13,,,0,40,,107613,13,,,0,80,,107632,13,,,0,80,,107621,13,,,0,40,,107629,13,,,0,80,,107622,13,,,0,76,,107633,13,,,0,44,,107625,13,,,0,80,,107614,13,,,0,80,,107624,13,,,0,40,,107615,13,,,0,80,,107635,13,,,0,80,,107617,13,,,0,40,,107636,13,,,0,80,,107616,13,,,0,80,,107634,13,,,0,40,,107626,13,,,0,80,,107618,13,,,0,80,,107627,13,,,0,40,,107619,13,,,0,80,,107637,13,,,0,80,,107620,13,,,0,40,,107638,13,,,0,80,,107628,13,,,0,80,,107639,13,,,0,40,,107630,13,,,0,80,,107623,13,,,0
8601,'STMPSnea-Weekday',508,,107659,13,,,0,30,,107649,13,,,0,70,,107640,13,,,0,30,,107658,13,,,0,70,,107650,13,,,0,15,,107678,13,,,0,15,,107641,13,,,0,15,,107679,13,,,0,55,,107660,13,,,0,25,,107680,13,,,0,5,,107651,13,,,0,70,,107643,13,,,0,30,,107661,13,,,0,70,,107652,13,,,0,30,,107644,13,,,0,70,,107662,13,,,0,30,,107653,13,,,0,70,,107642,13,,,0,30,,107663,13,,,0,70,,107654,13,,,0,30,,107645,13,,,0,70,,107664,13,,,0,30,,107655,13,,,0,70,,107646,13,,,0,30,,107665,13,,,0,70,,107656,13,,,0,30,,107647,13,,,0,70,,107667,13,,,0,30,,107657,13,,,0,70,,107648,13,,,0,37,,107666,13,,,0,78,,107668,13,,,0,78,,107669,13,,,0,38,,107670,13,,,0,78,,107671,13,,,0,38,,107672,13,,,0,78,,107673,13,,,0,78,,107674,13,,,0,38,,107675,13,,,0,78,,107676,13,,,0,84,,107677,13,,,0
8601,'STMPSu1-Sunday',611,,107696,13,,,0,40,,107681,13,,,0,80,,107695,13,,,0,80,,107682,13,,,0,40,,107698,13,,,0,80,,107683,13,,,0,76,,107697,13,,,0,44,,107690,13,,,0,80,,107700,13,,,0,80,,107685,13,,,0,40,,107701,13,,,0,80,,107684,13,,,0,80,,107702,13,,,0,40,,107686,13,,,0,80,,107699,13,,,0,80,,107687,13,,,0,40,,107703,13,,,0,80,,107688,13,,,0,80,,107704,13,,,0,40,,107692,13,,,0,80,,107705,13,,,0,80,,107689,13,,,0,40,,107707,13,,,0,80,,107691,13,,,0,80,,107706,13,,,0,40,,107694,13,,,0,80,,107693,13,,,0
8601,'STMPSu2-Sunday',611,,107723,13,,,0,40,,107708,13,,,0,80,,107722,13,,,0,80,,107709,13,,,0,40,,107725,13,,,0,80,,107710,13,,,0,76,,107724,13,,,0,44,,107717,13,,,0,80,,107727,13,,,0,80,,107712,13,,,0,40,,107728,13,,,0,80,,107711,13,,,0,80,,107729,13,,,0,40,,107713,13,,,0,80,,107726,13,,,0,80,,107714,13,,,0,40,,107730,13,,,0,80,,107715,13,,,0,80,,107731,13,,,0,40,,107719,13,,,0,80,,107732,13,,,0,80,,107716,13,,,0,40,,107734,13,,,0,80,,107718,13,,,0,80,,107733,13,,,0,40,,107721,13,,,0,80,,107720,13,,,0
8601,'STMPWeek-Weekday',508,,107754,13,,,0,30,,107744,13,,,0,70,,107735,13,,,0,30,,107753,13,,,0,70,,107745,13,,,0,15,,107773,13,,,0,15,,107736,13,,,0,15,,107774,13,,,0,55,,107755,13,,,0,25,,107775,13,,,0,5,,107746,13,,,0,70,,107738,13,,,0,30,,107756,13,,,0,70,,107747,13,,,0,30,,107739,13,,,0,70,,107757,13,,,0,30,,107748,13,,,0,70,,107737,13,,,0,30,,107758,13,,,0,70,,107749,13,,,0,30,,107740,13,,,0,70,,107759,13,,,0,30,,107750,13,,,0,70,,107741,13,,,0,30,,107760,13,,,0,70,,107751,13,,,0,30,,107742,13,,,0,70,,107762,13,,,0,30,,107752,13,,,0,70,,107743,13,,,0,37,,107761,13,,,0,78,,107763,13,,,0,78,,107764,13,,,0,38,,107765,13,,,0,78,,107766,13,,,0,38,,107767,13,,,0,78,,107768,13,,,0,78,,107769,13,,,0,38,,107770,13,,,0,78,,107771,13,,,0,84,,107772,13,,,0
8601,'STMPar-Weekday',508,,107795,13,,,0,30,,107785,13,,,0,70,,107776,13,,,0,30,,107794,13,,,0,70,,107786,13,,,0,15,,107814,13,,,0,15,,107777,13,,,0,15,,107815,13,,,0,55,,107796,13,,,0,25,,107816,13,,,0,5,,107787,13,,,0,70,,107779,13,,,0,30,,107797,13,,,0,70,,107788,13,,,0,30,,107780,13,,,0,70,,107798,13,,,0,30,,107789,13,,,0,70,,107778,13,,,0,30,,107799,13,,,0,70,,107790,13,,,0,30,,107781,13,,,0,70,,107800,13,,,0,30,,107791,13,,,0,70,,107782,13,,,0,30,,107801,13,,,0,70,,107792,13,,,0,30,,107783,13,,,0,70,,107803,13,,,0,30,,107793,13,,,0,70,,107784,13,,,0,37,,107802,13,,,0,78,,107804,13,,,0,78,,107805,13,,,0,38,,107806,13,,,0,78,,107807,13,,,0,38,,107808,13,,,0,78,,107809,13,,,0,78,,107810,13,,,0,38,,107811,13,,,0,78,,107812,13,,,0,84,,107813,13,,,0
11600,'Weekday',1648,,119242,23,,,0,60,,119243,23,,,0,20,,119244,23,,,0,30,,119245,23,,,0
11600,'STMPSnea-Weekday',1648,,119246,23,,,0,60,,119247,23,,,0,20,,119248,23,,,0,30,,119249,23,,,0
11600,'STMPWeek-Weekday',1648,,119250,23,,,0,60,,119251,23,,,0,20,,119252,23,,,0,30,,119253,23,,,0
11600,'STMPar-Weekday',1648,,119254,23,,,0,60,,119255,23,,,0,20,,119256,23,,,0,30,,119257,23,,,0
11601,'Weekday',559,,119258,3,,,0,60,,119259,3,,,0,21,,119260,3,,,0,60,,119261,3,,,0
11601,'STMPSnea-Weekday',559,,119262,3,,,0,60,,119263,3,,,0,21,,119264,3,,,0,60,,119265,3,,,0
11601,'STMPWeek-Weekday',559,,119266,3,,,0,60,,119267,3,,,0,21,,119268,3,,,0,60,,119269,3,,,0
11601,'STMPar-Weekday',559,,119270,3,,,0,60,,119271,3,,,0,21,,119272,3,,,0,60,,119273,3,,,0
