2901,'Saturday',705,,85270,49,,,0,47,,85271,49,,,0,87,,85272,49,,,0,87,,85273,49,,,0,87,,85274,49,,,0,87,,85275,49,,,0,47,,85276,49,,,0,87,,85277,49,,,0,87,,85278,49,,,0,87,,85279,49,,,0,47,,85282,49,,,0,87,,85283,49,,,0,87,,85284,49,,,0,87,,85280,49,,,0,87,,85281,49,,,0,47,,85285,49,,,0,87,,85286,49,,,0,87,,85287,49,,,0,87,,85288,49,,,0,47,,85289,49,,,0,87,,85290,49,,,0,87,,85291,49,,,0
2901,'Sunday',705,,85293,49,,,0,47,,85294,49,,,0,87,,85296,49,,,0,87,,85292,49,,,0,87,,85298,49,,,0,87,,85299,49,,,0,47,,85297,49,,,0,87,,85300,49,,,0,87,,85295,49,,,0,87,,85302,49,,,0,47,,85304,49,,,0,87,,85305,49,,,0,87,,85303,49,,,0,87,,85307,49,,,0,87,,85301,49,,,0,47,,85306,49,,,0,87,,85308,49,,,0,87,,85309,49,,,0,87,,85310,49,,,0,47,,85311,49,,,0,87,,85312,49,,,0,87,,85313,49,,,0
2901,'Weekday',511,,85315,39,,,0,39,,85337,49,,,0,77,,85336,49,,,0,77,,85339,49,,,0,35,,85338,49,,,0,75,,85341,49,,,0,35,,85342,49,,,0,75,,85340,49,,,0,34,,85318,49,,,0,75,,85316,49,,,0,75,,85332,49,,,0,35,,85333,49,,,0,75,,85334,49,,,0,35,,85331,49,,,0,76,,85335,49,,,0,76,,85321,49,,,0,35,,85326,49,,,0,75,,85320,49,,,0,35,,85324,49,,,0,75,,85314,49,,,0,75,,85343,49,,,0,35,,85344,49,,,0,75,,85345,49,,,0,35,,85346,49,,,0,73,,85317,49,,,0,34,,85328,49,,,0,75,,85329,49,,,0,75,,85330,49,,,0,35,,85323,49,,,0,75,,85319,49,,,0,33,,85322,49,,,0,75,,85327,49,,,0,35,,85325,49,,,0
2901,'STMPSa-Saturday',705,,85348,49,,,0,47,,85349,49,,,0,87,,85347,49,,,0,87,,85350,49,,,0,87,,85351,49,,,0,87,,85352,49,,,0,47,,85353,49,,,0,87,,85354,49,,,0,87,,85355,49,,,0,87,,85356,49,,,0,47,,85359,49,,,0,87,,85360,49,,,0,87,,85361,49,,,0,87,,85357,49,,,0,87,,85358,49,,,0,47,,85363,49,,,0,87,,85364,49,,,0,87,,85365,49,,,0,87,,85362,49,,,0,47,,85366,49,,,0,87,,85367,49,,,0,87,,85368,49,,,0
2901,'STMPSnea-Weekday',511,,85370,39,,,0,39,,85392,49,,,0,77,,85391,49,,,0,77,,85394,49,,,0,35,,85393,49,,,0,75,,85396,49,,,0,35,,85397,49,,,0,75,,85395,49,,,0,34,,85373,49,,,0,75,,85371,49,,,0,75,,85387,49,,,0,35,,85388,49,,,0,75,,85389,49,,,0,35,,85386,49,,,0,76,,85390,49,,,0,76,,85376,49,,,0,35,,85381,49,,,0,75,,85375,49,,,0,35,,85379,49,,,0,75,,85369,49,,,0,75,,85398,49,,,0,35,,85399,49,,,0,75,,85400,49,,,0,35,,85401,49,,,0,73,,85372,49,,,0,34,,85383,49,,,0,75,,85384,49,,,0,75,,85385,49,,,0,35,,85378,49,,,0,75,,85374,49,,,0,33,,85377,49,,,0,75,,85382,49,,,0,35,,85380,49,,,0
2901,'STMPSu1-Sunday',705,,85403,49,,,0,47,,85404,49,,,0,87,,85406,49,,,0,87,,85402,49,,,0,87,,85408,49,,,0,87,,85409,49,,,0,47,,85407,49,,,0,87,,85410,49,,,0,87,,85405,49,,,0,87,,85412,49,,,0,47,,85414,49,,,0,87,,85415,49,,,0,87,,85413,49,,,0,87,,85417,49,,,0,87,,85411,49,,,0,47,,85416,49,,,0,87,,85418,49,,,0,87,,85419,49,,,0,87,,85420,49,,,0,47,,85421,49,,,0,87,,85422,49,,,0,87,,85423,49,,,0
2901,'STMPSu2-Sunday',705,,85425,49,,,0,47,,85426,49,,,0,87,,85428,49,,,0,87,,85424,49,,,0,87,,85430,49,,,0,87,,85431,49,,,0,47,,85429,49,,,0,87,,85432,49,,,0,87,,85427,49,,,0,87,,85434,49,,,0,47,,85436,49,,,0,87,,85437,49,,,0,87,,85435,49,,,0,87,,85439,49,,,0,87,,85433,49,,,0,47,,85438,49,,,0,87,,85440,49,,,0,87,,85441,49,,,0,87,,85442,49,,,0,47,,85443,49,,,0,87,,85444,49,,,0,87,,85445,49,,,0
2901,'STMPWeek-Weekday',511,,85447,39,,,0,39,,85469,49,,,0,77,,85468,49,,,0,77,,85471,49,,,0,35,,85470,49,,,0,75,,85473,49,,,0,35,,85474,49,,,0,75,,85472,49,,,0,34,,85450,49,,,0,75,,85448,49,,,0,75,,85464,49,,,0,35,,85465,49,,,0,75,,85466,49,,,0,35,,85463,49,,,0,76,,85467,49,,,0,76,,85453,49,,,0,35,,85458,49,,,0,75,,85452,49,,,0,35,,85456,49,,,0,75,,85446,49,,,0,75,,85475,49,,,0,35,,85476,49,,,0,75,,85477,49,,,0,35,,85478,49,,,0,73,,85449,49,,,0,34,,85460,49,,,0,75,,85461,49,,,0,75,,85462,49,,,0,35,,85455,49,,,0,75,,85451,49,,,0,33,,85454,49,,,0,75,,85459,49,,,0,35,,85457,49,,,0
2901,'STMPar-Weekday',511,,85480,39,,,0,39,,85502,49,,,0,77,,85501,49,,,0,77,,85504,49,,,0,35,,85503,49,,,0,75,,85506,49,,,0,35,,85507,49,,,0,75,,85505,49,,,0,34,,85483,49,,,0,75,,85481,49,,,0,75,,85497,49,,,0,35,,85498,49,,,0,75,,85499,49,,,0,35,,85496,49,,,0,76,,85500,49,,,0,76,,85486,49,,,0,35,,85491,49,,,0,75,,85485,49,,,0,35,,85489,49,,,0,75,,85479,49,,,0,75,,85508,49,,,0,35,,85509,49,,,0,75,,85510,49,,,0,35,,85511,49,,,0,73,,85482,49,,,0,34,,85493,49,,,0,75,,85494,49,,,0,75,,85495,49,,,0,35,,85488,49,,,0,75,,85484,49,,,0,33,,85487,49,,,0,75,,85492,49,,,0,35,,85490,49,,,0
3500,'Saturday',652,,87082,33,,,0,100,,87096,33,,,0,100,,87095,33,,,0,100,,87093,33,,,0,100,,87094,33,,,0,100,,87092,33,,,0,100,,87091,33,,,0,100,,87090,33,,,0,100,,87089,33,,,0,100,,87088,33,,,0,100,,87087,33,,,0,100,,87086,33,,,0,100,,87085,33,,,0,100,,87084,33,,,0,100,,87083,33,,,0
3500,'Sunday',752,,87109,33,,,0,100,,87108,33,,,0,100,,87107,33,,,0,100,,87106,33,,,0,100,,87105,33,,,0,100,,87104,33,,,0,100,,87103,33,,,0,100,,87102,33,,,0,100,,87101,33,,,0,100,,87100,33,,,0,100,,87099,33,,,0,100,,87097,33,,,0,100,,87098,33,,,0
3500,'Weekday',614,,87110,33,,,0,31,,87130,33,,,0,70,,87111,33,,,0,30,,87131,33,,,0,67,,87112,33,,,0,30,,87129,33,,,0,73,,87113,33,,,0,101,,87114,33,,,0,100,,87115,33,,,0,100,,87116,33,,,0,100,,87117,33,,,0,100,,87118,33,,,0,100,,87119,33,,,0,30,,87132,33,,,0,70,,87120,33,,,0,30,,87133,33,,,0,70,,87121,33,,,0,30,,87134,33,,,0,70,,87123,33,,,0,99,,87124,33,,,0,99,,87125,33,,,0,100,,87126,33,,,0,100,,87127,33,,,0,100,,87128,33,,,0,100,,87122,33,,,0
3500,'STMPSa-Saturday',652,,87135,33,,,0,100,,87149,33,,,0,100,,87148,33,,,0,100,,87146,33,,,0,100,,87147,33,,,0,100,,87145,33,,,0,100,,87144,33,,,0,100,,87143,33,,,0,100,,87142,33,,,0,100,,87141,33,,,0,100,,87140,33,,,0,100,,87139,33,,,0,100,,87138,33,,,0,100,,87137,33,,,0,100,,87136,33,,,0
3500,'STMPSnea-Weekday',614,,87150,33,,,0,31,,87170,33,,,0,70,,87151,33,,,0,30,,87171,33,,,0,67,,87152,33,,,0,30,,87169,33,,,0,73,,87153,33,,,0,101,,87154,33,,,0,100,,87155,33,,,0,100,,87156,33,,,0,100,,87157,33,,,0,100,,87158,33,,,0,100,,87159,33,,,0,30,,87172,33,,,0,70,,87160,33,,,0,30,,87173,33,,,0,70,,87161,33,,,0,30,,87174,33,,,0,70,,87163,33,,,0,99,,87164,33,,,0,99,,87165,33,,,0,100,,87166,33,,,0,100,,87167,33,,,0,100,,87168,33,,,0,100,,87162,33,,,0
3500,'STMPSu1-Sunday',752,,87187,33,,,0,100,,87186,33,,,0,100,,87185,33,,,0,100,,87184,33,,,0,100,,87183,33,,,0,100,,87182,33,,,0,100,,87181,33,,,0,100,,87180,33,,,0,100,,87179,33,,,0,100,,87178,33,,,0,100,,87177,33,,,0,100,,87175,33,,,0,100,,87176,33,,,0
3500,'STMPSu2-Sunday',752,,87200,33,,,0,100,,87199,33,,,0,100,,87198,33,,,0,100,,87197,33,,,0,100,,87196,33,,,0,100,,87195,33,,,0,100,,87194,33,,,0,100,,87193,33,,,0,100,,87192,33,,,0,100,,87191,33,,,0,100,,87190,33,,,0,100,,87188,33,,,0,100,,87189,33,,,0
3500,'STMPWeek-Weekday',614,,87201,33,,,0,31,,87221,33,,,0,70,,87202,33,,,0,30,,87222,33,,,0,67,,87203,33,,,0,30,,87220,33,,,0,73,,87204,33,,,0,101,,87205,33,,,0,100,,87206,33,,,0,100,,87207,33,,,0,100,,87208,33,,,0,100,,87209,33,,,0,100,,87210,33,,,0,30,,87223,33,,,0,70,,87211,33,,,0,30,,87224,33,,,0,70,,87212,33,,,0,30,,87225,33,,,0,70,,87214,33,,,0,99,,87215,33,,,0,99,,87216,33,,,0,100,,87217,33,,,0,100,,87218,33,,,0,100,,87219,33,,,0,100,,87213,33,,,0
3500,'STMPar-Weekday',614,,87226,33,,,0,31,,87246,33,,,0,70,,87227,33,,,0,30,,87247,33,,,0,67,,87228,33,,,0,30,,87245,33,,,0,73,,87229,33,,,0,101,,87230,33,,,0,100,,87231,33,,,0,100,,87232,33,,,0,100,,87233,33,,,0,100,,87234,33,,,0,100,,87235,33,,,0,30,,87248,33,,,0,70,,87237,33,,,0,30,,87249,33,,,0,70,,87238,33,,,0,30,,87250,33,,,0,70,,87236,33,,,0,99,,87240,33,,,0,99,,87241,33,,,0,100,,87242,33,,,0,100,,87243,33,,,0,100,,87244,33,,,0,100,,87239,33,,,0
