9200,'Saturday',728,,48776,13,,,0,85,,48760,13,,,0,45,,48765,13,,,0,85,,48770,13,,,0,85,,48775,13,,,0,85,,48761,13,,,0,45,,48766,13,,,0,85,,48771,13,,,0,85,,48777,13,,,0,85,,48763,13,,,0,45,,48767,13,,,0,85,,48772,13,,,0,85,,48778,13,,,0,85,,48762,13,,,0,45,,48768,13,,,0,85,,48773,13,,,0,85,,48779,13,,,0,85,,48764,13,,,0,45,,48769,13,,,0,78,,48774,13,,,0
9200,'Sunday',728,,48795,13,,,0,85,,48780,13,,,0,45,,48785,13,,,0,85,,48790,13,,,0,85,,48796,13,,,0,85,,48781,13,,,0,45,,48786,13,,,0,85,,48791,13,,,0,85,,48798,13,,,0,85,,48782,13,,,0,45,,48787,13,,,0,85,,48792,13,,,0,85,,48797,13,,,0,85,,48783,13,,,0,45,,48788,13,,,0,85,,48793,13,,,0,85,,48799,13,,,0,85,,48784,13,,,0,45,,48789,13,,,0,78,,48794,13,,,0
9200,'Weekday',429,,48808,13,,,0,29,,48813,13,,,0,71,,48822,13,,,0,71,,48809,13,,,0,32,,48814,13,,,0,72,,48831,13,,,0,31,,48818,13,,,0,71,,48800,13,,,0,31,,48823,13,,,0,69,,48810,13,,,0,31,,48815,13,,,0,71,,48832,13,,,0,31,,48819,13,,,0,71,,48828,13,,,0,31,,48824,13,,,0,71,,48811,13,,,0,31,,48816,13,,,0,71,,48833,13,,,0,31,,48820,13,,,0,71,,48806,13,,,0,31,,48825,13,,,0,72,,48812,13,,,0,31,,48817,13,,,0,71,,48834,13,,,0,31,,48821,13,,,0,71,,48804,13,,,0,27,,48801,13,,,0,84,,48826,13,,,0,85,,48802,13,,,0,85,,48805,13,,,0,45,,48829,13,,,0,85,,48827,13,,,0,85,,48803,13,,,0,85,,48807,13,,,0,43,,48830,13,,,0
9200,'1CCSDCUT-Weekday',429,,48843,13,,,0,29,,48848,13,,,0,71,,48857,13,,,0,71,,48844,13,,,0,32,,48849,13,,,0,72,,48866,13,,,0,31,,48853,13,,,0,71,,48835,13,,,0,31,,48858,13,,,0,69,,48845,13,,,0,31,,48850,13,,,0,71,,48867,13,,,0,31,,48854,13,,,0,71,,48863,13,,,0,31,,48859,13,,,0,71,,48846,13,,,0,31,,48851,13,,,0,71,,48868,13,,,0,31,,48855,13,,,0,71,,48841,13,,,0,31,,48860,13,,,0,72,,48847,13,,,0,31,,48852,13,,,0,71,,48869,13,,,0,31,,48856,13,,,0,71,,48839,13,,,0,27,,48836,13,,,0,84,,48861,13,,,0,85,,48837,13,,,0,85,,48840,13,,,0,45,,48864,13,,,0,85,,48862,13,,,0,85,,48838,13,,,0,85,,48842,13,,,0,43,,48865,13,,,0
9200,'1PUBCUT-Weekday',429,,48878,13,,,0,29,,48883,13,,,0,71,,48892,13,,,0,71,,48879,13,,,0,32,,48884,13,,,0,72,,48901,13,,,0,31,,48888,13,,,0,71,,48870,13,,,0,31,,48893,13,,,0,69,,48880,13,,,0,31,,48885,13,,,0,71,,48902,13,,,0,31,,48889,13,,,0,71,,48898,13,,,0,31,,48894,13,,,0,71,,48881,13,,,0,31,,48886,13,,,0,71,,48903,13,,,0,31,,48890,13,,,0,71,,48876,13,,,0,31,,48895,13,,,0,72,,48882,13,,,0,31,,48887,13,,,0,71,,48904,13,,,0,31,,48891,13,,,0,71,,48874,13,,,0,27,,48871,13,,,0,84,,48896,13,,,0,85,,48872,13,,,0,85,,48875,13,,,0,45,,48899,13,,,0,85,,48897,13,,,0,85,,48873,13,,,0,85,,48877,13,,,0,43,,48900,13,,,0
11700,'Weekday',605,,54043,10,,,0,21,,54044,10,,,0,25,,54042,10,,,0
11700,'1CCSDCUT-Weekday',605,,54046,10,,,0,21,,54047,10,,,0,25,,54045,10,,,0
11700,'1PUBCUT-Weekday',605,,54049,10,,,0,21,,54050,10,,,0,25,,54048,10,,,0
15301,'Saturday',648,,59905,21,,,0,77,,59903,21,,,0,77,,59906,21,,,0,37,,59904,21,,,0,77,,59911,21,,,0,37,,59914,21,,,0,77,,59915,21,,,0,77,,59916,21,,,0,37,,59917,21,,,0,77,,59918,21,,,0,37,,59919,21,,,0,77,,59920,21,,,0,77,,59921,21,,,0,37,,59922,21,,,0,77,,59923,21,,,0,77,,59924,21,,,0,37,,59925,21,,,0,77,,59926,21,,,0,37,,59927,21,,,0,77,,59928,21,,,0,77,,59929,21,,,0,37,,59908,21,,,0,77,,59909,21,,,0,37,,59910,21,,,0,77,,59912,21,,,0,77,,59913,21,,,0,37,,59907,21,,,0
15301,'Sunday',917,,59931,21,,,0,37,,59936,21,,,0,77,,59939,21,,,0,77,,59937,21,,,0,37,,59940,21,,,0,77,,59942,21,,,0,37,,59943,21,,,0,77,,59944,21,,,0,77,,59941,21,,,0,37,,59938,21,,,0,77,,59946,21,,,0,77,,59947,21,,,0,37,,59948,21,,,0,77,,59950,21,,,0,37,,59951,21,,,0,77,,59945,21,,,0,76,,59949,21,,,0,36,,59952,21,,,0,77,,59932,21,,,0,37,,59934,21,,,0,76,,59935,21,,,0,75,,59933,21,,,0,32,,59930,21,,,0
15301,'Weekday',607,,59953,21,,,0,26,,59954,21,,,0,24,,59955,21,,,0,66,,59956,21,,,0,25,,59957,21,,,0,10,,59958,21,,,0,52,,59959,21,,,0,10,,59998,21,,,0,8,,59997,21,,,0,8,,59960,21,,,0,1,,59996,3,,,0,14,,59961,21,,,0,53,,59962,21,,,0,25,,59963,21,,,0,26,,59965,21,,,0,65,,59966,21,,,0,25,,59967,21,,,0,65,,59964,21,,,0,25,,59968,21,,,0,65,,59969,21,,,0,25,,59970,21,,,0,25,,59971,21,,,0,65,,59972,21,,,0,25,,59973,21,,,0,65,,59974,21,,,0,25,,59975,21,,,0,26,,59976,21,,,0,69,,59978,21,,,0,30,,59979,21,,,0,70,,59977,21,,,0,20,,59980,21,,,0,13,,60001,21,,,0,50,,59981,21,,,0,20,,60000,21,,,0,10,,59999,21,,,0,12,,59984,21,,,0,59,,59985,21,,,0,19,,59986,21,,,0,20,,59983,21,,,0,75,,59988,21,,,0,36,,59990,21,,,0,76,,59987,21,,,0,76,,59991,21,,,0,36,,59989,21,,,0,76,,59992,21,,,0,36,,59993,21,,,0,76,,59994,21,,,0,73,,59995,21,,,0
15301,'Weekday0000100',1540,,60002,21,,,0
15301,'1CCSDCUT-Weekday',607,,60003,21,,,0,26,,60004,21,,,0,24,,60005,21,,,0,66,,60006,21,,,0,25,,60007,21,,,0,10,,60008,21,,,0,52,,60009,21,,,0,10,,60047,21,,,0,8,,60046,21,,,0,8,,60010,21,,,0,15,,60011,21,,,0,53,,60012,21,,,0,25,,60013,21,,,0,26,,60015,21,,,0,65,,60016,21,,,0,25,,60017,21,,,0,65,,60014,21,,,0,25,,60018,21,,,0,65,,60019,21,,,0,25,,60020,21,,,0,25,,60021,21,,,0,65,,60022,21,,,0,25,,60023,21,,,0,65,,60024,21,,,0,25,,60025,21,,,0,26,,60026,21,,,0,69,,60028,21,,,0,30,,60029,21,,,0,70,,60027,21,,,0,20,,60030,21,,,0,13,,60050,21,,,0,50,,60031,21,,,0,20,,60049,21,,,0,10,,60048,21,,,0,12,,60034,21,,,0,59,,60035,21,,,0,19,,60036,21,,,0,20,,60033,21,,,0,75,,60038,21,,,0,36,,60040,21,,,0,76,,60037,21,,,0,76,,60041,21,,,0,36,,60039,21,,,0,76,,60042,21,,,0,36,,60043,21,,,0,76,,60044,21,,,0,73,,60045,21,,,0
15301,'1CCSDCUT-Weekday0000100',1540,,60051,21,,,0
15301,'1PUBCUT-Weekday',607,,60052,21,,,0,26,,60053,21,,,0,24,,60054,21,,,0,66,,60055,21,,,0,25,,60056,21,,,0,10,,60057,21,,,0,52,,60058,21,,,0,10,,60097,21,,,0,8,,60096,21,,,0,8,,60059,21,,,0,1,,60095,3,,,0,14,,60060,21,,,0,53,,60061,21,,,0,25,,60062,21,,,0,26,,60064,21,,,0,65,,60065,21,,,0,25,,60066,21,,,0,65,,60063,21,,,0,25,,60067,21,,,0,65,,60068,21,,,0,25,,60069,21,,,0,25,,60070,21,,,0,65,,60071,21,,,0,25,,60072,21,,,0,65,,60073,21,,,0,25,,60074,21,,,0,26,,60075,21,,,0,69,,60077,21,,,0,30,,60078,21,,,0,70,,60076,21,,,0,20,,60079,21,,,0,13,,60100,21,,,0,50,,60080,21,,,0,20,,60099,21,,,0,10,,60098,21,,,0,12,,60083,21,,,0,59,,60084,21,,,0,19,,60085,21,,,0,20,,60082,21,,,0,75,,60087,21,,,0,36,,60089,21,,,0,76,,60086,21,,,0,76,,60090,21,,,0,36,,60088,21,,,0,76,,60091,21,,,0,36,,60092,21,,,0,76,,60093,21,,,0,73,,60094,21,,,0
15301,'1PUBCUT-Weekday0000100',1540,,60101,21,,,0
71400,'Weekday',823,,68417,11,0,29 1 42 82 1 83,0
71400,'1CCSDCUT-Weekday',823,,68419,11,0,29 1 42 82 1 83,0
