900,'Saturday',543,,2039,10,,,0,74,,2050,10,,,0,28,,2033,10,,,0,71,,2045,10,,,0,31,,2055,10,,,0,71,,2060,10,,,0,31,,2040,10,,,0,71,,2052,10,,,0,31,,2034,10,,,0,71,,2046,10,,,0,31,,2056,10,,,0,71,,2062,10,,,0,31,,2043,10,,,0,71,,2053,10,,,0,31,,2035,10,,,0,71,,2048,10,,,0,31,,2058,10,,,0,71,,2063,10,,,0,71,,2041,10,,,0,31,,2054,10,,,0,71,,2036,10,,,0,31,,2047,10,,,0,71,,2059,10,,,0,31,,2064,10,,,0,71,,2042,10,,,0,31,,2051,10,,,0,71,,2037,10,,,0,31,,2049,10,,,0,71,,2061,10,,,0,31,,2065,10,,,0,71,,2044,10,,,0,31,,2057,10,,,0,71,,2038,10,,,0,31,,2067,10,,,0,66,,2066,10,,,0
900,'Sunday',543,,2091,10,,,0,74,,2068,10,,,0,28,,2076,10,,,0,71,,2083,10,,,0,31,,2098,10,,,0,71,,2092,10,,,0,31,,2069,10,,,0,71,,2078,10,,,0,31,,2084,10,,,0,71,,2099,10,,,0,31,,2093,10,,,0,71,,2071,10,,,0,31,,2077,10,,,0,71,,2085,10,,,0,31,,2102,10,,,0,71,,2094,10,,,0,31,,2072,10,,,0,71,,2079,10,,,0,71,,2086,10,,,0,31,,2100,10,,,0,71,,2095,10,,,0,31,,2070,10,,,0,71,,2080,10,,,0,31,,2087,10,,,0,71,,2101,10,,,0,31,,2097,10,,,0,71,,2073,10,,,0,31,,2081,10,,,0,71,,2089,10,,,0,31,,2090,10,,,0,71,,2096,10,,,0,31,,2074,10,,,0,71,,2082,10,,,0,31,,2088,10,,,0,66,,2075,10,,,0
900,'Weekday',434,,2111,10,,,0,24,,2124,10,,,0,62,,2137,10,,,0,22,,2103,10,,,0,62,,2119,10,,,0,22,,2129,10,,,0,22,,2144,10,,,0,56,,2151,10,,,0,22,,2112,10,,,0,11,,2156,10,,,0,11,,2125,10,,,0,62,,2136,10,,,0,22,,2104,10,,,0,22,,2120,10,,,0,61,,2130,10,,,0,22,,2145,10,,,0,22,,2152,10,,,0,62,,2113,10,,,0,22,,2126,10,,,0,62,,2138,10,,,0,23,,2106,10,,,0,22,,2121,10,,,0,62,,2131,10,,,0,22,,2146,10,,,0,22,,2153,10,,,0,62,,2114,10,,,0,22,,2127,10,,,0,64,,2139,10,,,0,22,,2105,10,,,0,22,,2122,10,,,0,62,,2132,10,,,0,6,,2157,10,,,0,16,,2147,10,,,0,11,,2160,10,,,0,11,,2154,10,,,0,51,,2158,10,,,0,11,,2115,10,,,0,10,,2159,10,,,0,11,,2128,10,,,0,22,,2140,10,,,0,62,,2107,10,,,0,22,,2123,10,,,0,62,,2133,10,,,0,22,,2148,10,,,0,21,,2155,10,,,0,67,,2116,10,,,0,30,,2142,10,,,0,70,,2108,10,,,0,30,,2134,10,,,0,70,,2149,10,,,0,30,,2117,10,,,0,70,,2141,10,,,0,29,,2109,10,,,0,71,,2135,10,,,0,30,,2150,10,,,0,70,,2118,10,,,0,30,,2143,10,,,0,77,,2110,10,,,0
1301,'Saturday',647,,2777,33,,,0,73,,2786,33,,,0,30,,2797,33,,,0,72,,2776,33,,,0,34,,2788,33,,,0,75,,2798,33,,,0,74,,2778,33,,,0,34,,2787,33,,,0,74,,2799,33,,,0,34,,2780,33,,,0,74,,2789,33,,,0,34,,2781,33,,,0,74,,2792,33,,,0,74,,2800,33,,,0,34,,2779,33,,,0,75,,2790,33,,,0,37,,2801,33,,,0,74,,2783,33,,,0,34,,2793,33,,,0,74,,2802,33,,,0,74,,2784,33,,,0,31,,2794,33,,,0,74,,2804,33,,,0,32,,2782,33,,,0,73,,2791,33,,,0,34,,2803,33,,,0,74,,2795,33,,,0,34,,2805,33,,,0,74,,2785,33,,,0,74,,2796,33,,,0,34,,2806,33,,,0
1301,'Sunday',647,,2808,33,,,0,73,,2817,33,,,0,33,,2829,33,,,0,70,,2809,33,,,0,33,,2819,33,,,0,74,,2830,33,,,0,74,,2807,33,,,0,34,,2821,33,,,0,74,,2831,33,,,0,34,,2811,33,,,0,74,,2820,33,,,0,34,,2832,33,,,0,74,,2812,33,,,0,74,,2822,33,,,0,34,,2833,33,,,0,74,,2810,33,,,0,34,,2823,33,,,0,74,,2834,33,,,0,34,,2813,33,,,0,74,,2824,33,,,0,74,,2835,33,,,0,34,,2814,33,,,0,74,,2825,33,,,0,34,,2836,33,,,0,74,,2816,33,,,0,34,,2828,33,,,0,74,,2837,33,,,0,34,,2815,33,,,0,74,,2826,33,,,0,74,,2838,33,,,0,34,,2818,33,,,0,74,,2827,33,,,0,34,,2839,33,,,0
1301,'Weekday',635,,2858,33,,,0,72,,2841,33,,,0,30,,2849,33,,,0,70,,2868,33,,,0,30,,2859,33,,,0,69,,2840,33,,,0,29,,2851,33,,,0,70,,2867,33,,,0,30,,2860,33,,,0,70,,2842,33,,,0,30,,2850,33,,,0,70,,2869,33,,,0,30,,2861,33,,,0,70,,2843,33,,,0,30,,2852,33,,,0,70,,2870,33,,,0,30,,2862,33,,,0,70,,2844,33,,,0,32,,2853,33,,,0,70,,2871,33,,,0,30,,2863,33,,,0,70,,2846,33,,,0,30,,2854,33,,,0,70,,2872,33,,,0,30,,2864,33,,,0,69,,2845,33,,,0,28,,2855,33,,,0,70,,2873,33,,,0,30,,2865,33,,,0,70,,2847,33,,,0,30,,2856,33,,,0,70,,2874,33,,,0,30,,2866,33,,,0,70,,2848,33,,,0,33,,2857,33,,,0
2000,'Saturday',625,,3651,13,,,0,28,,3670,13,,,0,68,,3657,13,,,0,28,,3663,13,,,0,68,,3678,13,,,0,28,,3683,13,,,0,69,,3652,13,,,0,28,,3671,13,,,0,68,,3658,13,,,0,28,,3665,13,,,0,68,,3677,13,,,0,28,,3684,13,,,0,68,,3650,13,,,0,28,,3673,13,,,0,28,,3659,13,,,0,68,,3666,13,,,0,28,,3679,13,,,0,68,,3685,13,,,0,28,,3653,13,,,0,68,,3672,13,,,0,28,,3660,13,,,0,68,,3667,13,,,0,28,,3680,13,,,0,68,,3686,13,,,0,28,,3654,13,,,0,68,,3674,13,,,0,28,,3661,13,,,0,68,,3668,13,,,0,28,,3682,13,,,0,28,,3687,13,,,0,67,,3656,13,,,0,28,,3675,13,,,0,68,,3662,13,,,0,28,,3669,13,,,0,68,,3681,13,,,0,28,,3688,13,,,0,68,,3655,13,,,0,28,,3676,13,,,0,67,,3664,13,,,0
2000,'Sunday',625,,3689,13,,,0,28,,3708,13,,,0,68,,3696,13,,,0,28,,3702,13,,,0,68,,3715,13,,,0,28,,3722,13,,,0,69,,3690,13,,,0,28,,3709,13,,,0,68,,3697,13,,,0,28,,3703,13,,,0,68,,3716,13,,,0,28,,3721,13,,,0,68,,3691,13,,,0,28,,3710,13,,,0,28,,3698,13,,,0,68,,3704,13,,,0,28,,3717,13,,,0,68,,3723,13,,,0,28,,3692,13,,,0,68,,3711,13,,,0,28,,3700,13,,,0,68,,3705,13,,,0,28,,3718,13,,,0,68,,3725,13,,,0,28,,3693,13,,,0,68,,3712,13,,,0,28,,3699,13,,,0,68,,3706,13,,,0,28,,3719,13,,,0,28,,3724,13,,,0,67,,3695,13,,,0,28,,3713,13,,,0,68,,3701,13,,,0,28,,3707,13,,,0,68,,3720,13,,,0,28,,3726,13,,,0,68,,3694,13,,,0,28,,3714,13,,,0
2000,'Weekday',532,,3741,13,,,0,70,,3755,13,,,0,28,,3749,13,,,0,14,,3761,13,,,0,14,,3735,13,,,0,54,,3763,13,,,0,14,,3728,13,,,0,14,,3765,13,,,0,14,,3736,13,,,0,54,,3760,13,,,0,14,,3742,13,,,0,15,,3762,13,,,0,12,,3753,13,,,0,54,,3764,13,,,0,14,,3751,13,,,0,28,,3766,13,,,0,68,,3729,13,,,0,28,,3738,13,,,0,68,,3743,13,,,0,28,,3756,13,,,0,68,,3750,13,,,0,28,,3767,13,,,0,68,,3730,13,,,0,28,,3739,13,,,0,28,,3744,13,,,0,68,,3757,13,,,0,30,,3752,13,,,0,68,,3768,13,,,0,14,,3775,13,,,0,14,,3731,13,,,0,54,,3782,13,,,0,14,,3740,13,,,0,14,,3786,13,,,0,14,,3746,13,,,0,54,,3773,13,,,0,12,,3778,13,,,0,14,,3758,13,,,0,14,,3754,13,,,0,14,,3774,13,,,0,54,,3769,13,,,0,14,,3776,13,,,0,14,,3732,13,,,0,13,,3783,13,,,0,68,,3745,13,,,0,28,,3779,13,,,0,68,,3759,13,,,0,28,,3770,13,,,0,68,,3733,13,,,0,28,,3784,13,,,0,68,,3747,13,,,0,35,,3780,13,,,0,67,,3771,13,,,0,30,,3734,13,,,0,70,,3785,13,,,0,30,,3748,13,,,0,20,,3781,13,,,0
69900,'Weekday0000100',1346,,23738,2,0,115 116,0,75,,23737,2,0,115 116,0
69900,'Weekday1111000',1538,,23739,2,0,115 116,0
