800,'Saturday',721,,1735,23,,,0,27,,1732,23,,,0,67,,1733,23,,,0,27,,1736,23,,,0,67,,1737,23,,,0,27,,1738,23,,,0,67,,1739,23,,,0,27,,1740,23,,,0,27,,1742,23,,,0,67,,1743,23,,,0,27,,1744,23,,,0,67,,1741,23,,,0,27,,1745,23,,,0,67,,1746,23,,,0,27,,1747,23,,,0,67,,1748,23,,,0,27,,1749,23,,,0,67,,1750,23,,,0,27,,1751,23,,,0,27,,1752,23,,,0,67,,1734,23,,,0,27,,1753,23,,,0,67,,1754,23,,,0,27,,1755,23,,,0,67,,1756,23,,,0,27,,1757,23,,,0,67,,1758,23,,,0,27,,1759,23,,,0,27,,1760,23,,,0,77,,1761,23,,,0,77,,1762,23,,,0,35,,1763,23,,,0,75,,1764,23,,,0,35,,1765,23,,,0,75,,1766,23,,,0,75,,1767,23,,,0,35,,1768,23,,,0
800,'Sunday',721,,1770,23,,,0,27,,1769,23,,,0,67,,1772,23,,,0,27,,1771,23,,,0,67,,1773,23,,,0,27,,1774,23,,,0,67,,1775,23,,,0,27,,1777,23,,,0,27,,1776,23,,,0,67,,1778,23,,,0,27,,1779,23,,,0,67,,1780,23,,,0,27,,1782,23,,,0,67,,1784,23,,,0,27,,1783,23,,,0,67,,1781,23,,,0,27,,1786,23,,,0,67,,1785,23,,,0,27,,1787,23,,,0,27,,1788,23,,,0,67,,1791,23,,,0,27,,1789,23,,,0,67,,1792,23,,,0,27,,1793,23,,,0,67,,1790,23,,,0,27,,1794,23,,,0,67,,1796,23,,,0,27,,1795,23,,,0,27,,1797,23,,,0,77,,1798,23,,,0,77,,1799,23,,,0,35,,1800,23,,,0,75,,1801,23,,,0,35,,1803,23,,,0,75,,1802,23,,,0,75,,1804,23,,,0,35,,1805,23,,,0
800,'Weekday',505,,1806,23,,,0,17,,1809,23,,,0,17,,1821,23,,,0,17,,1841,23,,,0,57,,1851,23,,,0,17,,1870,23,,,0,17,,1833,23,,,0,57,,1807,23,,,0,17,,1810,23,,,0,17,,1822,23,,,0,17,,1842,23,,,0,57,,1849,23,,,0,5,,1864,23,,,0,6,,1865,23,,,0,6,,1871,23,,,0,9,,1866,23,,,0,8,,1834,23,,,0,56,,1808,23,,,0,16,,1811,23,,,0,16,,1823,23,,,0,21,,1843,23,,,0,61,,1872,23,,,0,21,,1835,23,,,0,21,,1812,23,,,0,61,,1824,23,,,0,21,,1844,23,,,0,61,,1873,23,,,0,21,,1836,23,,,0,21,,1813,23,,,0,61,,1825,23,,,0,21,,1846,23,,,0,22,,1874,23,,,0,62,,1837,23,,,0,21,,1814,23,,,0,24,,1826,23,,,0,57,,1845,23,,,0,5,,1856,23,,,0,5,,1858,23,,,0,7,,1852,23,,,0,5,,1859,10,,,0,5,,1855,23,,,0,7,,1875,23,,,0,5,,1867,23,,,0,5,,1860,10,,,0,47,,1838,23,,,0,5,,1868,23,,,0,5,,1861,10,,,0,7,,1815,23,,,0,5,,1869,23,,,0,5,,1862,10,,,0,7,,1854,23,,,0,5,,1863,10,,,0,5,,1857,23,,,0,7,,1827,23,,,0,57,,1847,23,,,0,17,,1853,23,,,0,17,,1876,23,,,0,57,,1839,23,,,0,24,,1816,23,,,0,21,,1828,23,,,0,62,,1848,23,,,0,19,,1877,23,,,0,19,,1840,23,,,0,61,,1817,23,,,0,21,,1829,23,,,0,22,,1850,23,,,0,61,,1880,23,,,0,32,,1818,23,,,0,74,,1830,23,,,0,33,,1878,23,,,0,73,,1819,23,,,0,33,,1831,23,,,0,73,,1879,23,,,0,73,,1820,23,,,0,26,,1832,23,,,0
8200,'Saturday',638,,11706,14,,,0,70,,11707,14,,,0,30,,11708,14,,,0,70,,11709,14,,,0,30,,11710,14,,,0,70,,11711,14,,,0,30,,11712,14,,,0,70,,11729,14,,,0,30,,11731,14,,,0,70,,11714,14,,,0,30,,11727,14,,,0,70,,11720,14,,,0,30,,11715,14,,,0,70,,11728,14,,,0,30,,11721,14,,,0,70,,11713,14,,,0,30,,11726,14,,,0,70,,11722,14,,,0,30,,11716,14,,,0,70,,11725,14,,,0,30,,11732,14,,,0,70,,11717,14,,,0,30,,11723,14,,,0,70,,11730,14,,,0,30,,11718,14,,,0,70,,11724,14,,,0,30,,11733,14,,,0,70,,11719,14,,,0,30,,11739,14,,,0,70,,11740,14,,,0,30,,11741,14,,,0,70,,11736,14,,,0,30,,11735,14,,,0,70,,11737,14,,,0,30,,11734,14,,,0,70,,11738,14,,,0
8200,'Sunday',638,,11742,14,,,0,70,,11754,14,,,0,30,,11766,14,,,0,70,,11743,14,,,0,30,,11755,14,,,0,70,,11767,14,,,0,30,,11744,14,,,0,70,,11756,14,,,0,30,,11768,14,,,0,70,,11745,14,,,0,30,,11757,14,,,0,70,,11769,14,,,0,30,,11746,14,,,0,70,,11758,14,,,0,30,,11770,14,,,0,70,,11747,14,,,0,30,,11759,14,,,0,70,,11771,14,,,0,30,,11748,14,,,0,70,,11760,14,,,0,30,,11772,14,,,0,70,,11749,14,,,0,30,,11761,14,,,0,70,,11773,14,,,0,30,,11750,14,,,0,70,,11762,14,,,0,30,,11775,14,,,0,70,,11751,14,,,0,30,,11763,14,,,0,70,,11776,14,,,0,30,,11752,14,,,0,70,,11764,14,,,0,30,,11774,14,,,0,70,,11753,14,,,0,30,,11765,14,,,0,70,,11777,14,,,0
8200,'Weekday',633,,11783,14,,,0,76,,11793,14,,,0,33,,11803,14,,,0,17,,11812,14,,,0,56,,11784,14,,,0,33,,11794,14,,,0,73,,11804,14,,,0,32,,11785,14,,,0,73,,11795,14,,,0,33,,11805,14,,,0,73,,11787,14,,,0,75,,11796,14,,,0,33,,11806,14,,,0,73,,11786,14,,,0,12,,11782,14,,,0,21,,11797,14,,,0,73,,11807,14,,,0,33,,11788,14,,,0,75,,11798,14,,,0,14,,11778,14,,,0,59,,11808,14,,,0,17,,11780,14,,,0,16,,11789,14,,,0,16,,11779,14,,,0,55,,11799,14,,,0,17,,11781,14,,,0,16,,11809,14,,,0,73,,11790,14,,,0,32,,11800,14,,,0,72,,11810,14,,,0,33,,11792,14,,,0,73,,11801,14,,,0,33,,11811,14,,,0,73,,11791,14,,,0,33,,11802,14,,,0,73,,11813,14,,,0,73,,11814,14,,,0,33,,11815,14,,,0,73,,11816,14,,,0
10500,'Saturday',656,,15330,26,,,0,80,,15321,26,,,0,80,,15336,26,,,0,40,,15325,26,,,0,80,,15331,26,,,0,80,,15320,26,,,0,40,,15338,26,,,0,80,,15326,26,,,0,81,,15332,26,,,0,40,,15323,26,,,0,80,,15339,26,,,0,80,,15327,26,,,0,40,,15334,26,,,0,80,,15322,26,,,0,80,,15340,26,,,0,40,,15328,26,,,0,80,,15333,26,,,0,80,,15324,26,,,0,40,,15337,26,,,0,80,,15329,26,,,0,80,,15335,26,,,0,40,,15319,26,,,0
10500,'Sunday',656,,15341,26,,,0,80,,15348,26,,,0,80,,15355,26,,,0,40,,15342,26,,,0,80,,15349,26,,,0,80,,15356,26,,,0,40,,15343,26,,,0,80,,15350,26,,,0,81,,15357,26,,,0,40,,15344,26,,,0,80,,15351,26,,,0,80,,15358,26,,,0,40,,15345,26,,,0,80,,15352,26,,,0,80,,15359,26,,,0,40,,15346,26,,,0,80,,15353,26,,,0,80,,15360,26,,,0,40,,15347,26,,,0,80,,15354,26,,,0,80,,15361,26,,,0,40,,15362,26,,,0
10500,'Weekday',550,,15388,26,,,0,71,,15379,26,,,0,32,,15371,26,,,0,70,,15363,26,,,0,30,,15389,26,,,0,70,,15380,26,,,0,30,,15372,26,,,0,70,,15364,26,,,0,30,,15390,26,,,0,70,,15382,26,,,0,30,,15373,26,,,0,70,,15365,26,,,0,30,,15391,26,,,0,70,,15381,26,,,0,30,,15374,26,,,0,70,,15366,26,,,0,30,,15392,26,,,0,70,,15383,26,,,0,31,,15375,26,,,0,66,,15367,26,,,0,14,,15397,13,,,0,20,,15393,26,,,0,70,,15384,26,,,0,30,,15376,26,,,0,69,,15368,26,,,0,30,,15394,26,,,0,70,,15385,26,,,0,28,,15377,26,,,0,70,,15369,26,,,0,30,,15395,26,,,0,70,,15386,26,,,0,29,,15378,26,,,0,70,,15370,26,,,0,30,,15396,26,,,0,83,,15387,26,,,0
10500,'Weekday0000100',1309,,15398,13,,,0
10500,'Weekday1111000',1510,,15399,26,,,0
70300,'Weekday0000100',1310,10,23742,1,0,130 14,0
70300,'Weekday1111000',1520,10,23744,1,0,130 14,0
70400,'Weekday0000100',1310,10,23748,1,0,130 189 190,0
70400,'Weekday1111000',1520,10,23750,1,0,130 189 190,0
70500,'Weekday0000100',1310,10,23753,1,0,130 205 206,0
70500,'Weekday1111000',1520,10,23754,1,0,130 205 206,0
70600,'Weekday0000100',1310,10,23757,1,0,130 184 64,0
70600,'Weekday1111000',1520,10,23759,1,0,130 184 64,0
