9400,'STMPSa-Saturday',619,,111553,1,,,0,90,,111552,1,,,0,50,,111555,1,,,0,90,,111554,1,,,0,90,,111556,1,,,0,90,,111557,1,,,0,90,,111559,1,,,0,90,,111558,1,,,0,50,,111560,1,,,0,90,,111561,1,,,0,90,,111562,1,,,0,90,,111563,1,,,0,90,,111564,1,,,0,90,,111565,1,,,0,50,,111566,1,,,0,90,,111567,1,,,0,90,,111568,1,,,0,90,,111569,1,,,0,90,,111570,1,,,0
9400,'STMPSu2-Sunday',619,,111631,1,,,0,90,,111632,1,,,0,50,,111634,1,,,0,90,,111633,1,,,0,90,,111635,1,,,0,90,,111636,1,,,0,90,,111638,1,,,0,90,,111639,1,,,0,50,,111640,1,,,0,90,,111637,1,,,0,90,,111641,1,,,0,90,,111642,1,,,0,90,,111643,1,,,0,90,,111644,1,,,0,50,,111645,1,,,0,90,,111646,1,,,0,90,,111647,1,,,0,90,,111648,1,,,0,90,,111649,1,,,0
9400,'STMPWeek-Weekday',517,,111650,1,,,0,20,,111657,1,,,0,20,,111651,1,,,0,60,,111658,1,,,0,20,,111652,1,,,0,20,,111659,1,,,0,60,,111653,1,,,0,20,,111660,1,,,0,20,,111654,1,,,0,60,,111661,1,,,0,20,,111655,1,,,0,20,,111662,1,,,0,60,,111656,1,,,0,40,,111663,1,,,0,80,,111664,1,,,0,80,,111665,1,,,0,40,,111666,1,,,0,80,,111667,1,,,0,80,,111668,1,,,0,40,,111669,1,,,0,80,,111670,1,,,0,20,,111677,1,,,0,60,,111671,1,,,0,20,,111678,1,,,0,20,,111672,1,,,0,60,,111679,1,,,0,20,,111673,1,,,0,20,,111680,1,,,0,60,,111674,1,,,0,20,,111681,1,,,0,20,,111675,1,,,0,60,,111682,1,,,0,20,,111676,1,,,0,20,,111683,1,,,0,80,,111684,1,,,0,80,,111685,1,,,0,40,,111686,1,,,0,80,,111687,1,,,0,80,,111688,1,,,0,40,,111689,1,,,0,80,,111690,1,,,0
9401,'STMPSa-Saturday',611,,111814,21,4,,0,90,,111817,21,4,,0,50,,111818,21,4,,0,90,,111816,21,4,,0,90,,111815,21,4,,0,90,,111819,21,4,,0,90,,111820,21,4,,0,90,,111821,21,4,,0,50,,111822,21,4,,0,90,,111823,21,4,,0,90,,111824,21,4,,0,90,,111825,21,4,,0,90,,111826,21,4,,0,90,,111828,21,4,,0,50,,111829,21,4,,0,90,,111830,21,4,,0,90,,111827,21,4,,0,90,,111831,21,4,,0,90,,111832,21,4,,0,90,,111833,21,4,,0
9401,'STMPSu2-Sunday',611,,111897,21,4,,0,90,,111896,21,4,,0,50,,111898,21,4,,0,90,,111899,21,4,,0,90,,111900,21,4,,0,90,,111901,21,4,,0,90,,111902,21,4,,0,90,,111903,21,4,,0,50,,111904,21,4,,0,90,,111906,21,4,,0,90,,111907,21,4,,0,90,,111905,21,4,,0,90,,111909,21,4,,0,90,,111908,21,4,,0,50,,111910,21,4,,0,90,,111912,21,4,,0,90,,111911,21,4,,0,90,,111913,21,4,,0,90,,111914,21,4,,0,90,,111915,21,4,,0
9401,'STMPWeek-Weekday',551,,111916,21,4,,0,60,,111922,21,4,,0,20,,111917,21,4,,0,20,,111923,21,4,,0,60,,111918,21,4,,0,20,,111924,21,4,,0,20,,111919,21,4,,0,60,,111925,21,4,,0,20,,111920,21,4,,0,20,,111926,21,4,,0,60,,111921,21,4,,0,20,,111927,21,4,,0,20,,111928,21,4,,0,80,,111929,21,4,,0,80,,111930,21,4,,0,40,,111931,21,4,,0,80,,111932,21,4,,0,80,,111933,21,4,,0,40,,111934,21,4,,0,80,,111935,21,4,,0,20,,111943,21,4,,0,60,,111936,21,4,,0,20,,111944,21,4,,0,20,,111937,21,4,,0,60,,111945,21,4,,0,20,,111938,21,4,,0,20,,111946,21,4,,0,60,,111939,21,4,,0,20,,111947,21,4,,0,20,,111940,21,4,,0,60,,111948,21,4,,0,20,,111941,21,4,,0,20,,111949,21,4,,0,60,,111942,21,4,,0,20,,111950,21,4,,0,80,,111951,21,4,,0,40,,111952,21,4,,0,80,,111953,21,4,,0,80,,111954,21,4,,0,40,,111955,21,4,,0,80,,111956,21,4,,0,80,,111957,21,4,,0
16400,'STMPSa-Saturday',541,,132429,1,,,0,72,,132446,1,,,0,32,,132430,1,,,0,72,,132445,1,,,0,32,,132431,1,,,0,72,,132447,1,,,0,32,,132432,1,,,0,72,,132448,1,,,0,32,,132433,1,,,0,72,,132450,1,,,0,72,,132434,1,,,0,32,,132449,1,,,0,72,,132435,1,,,0,32,,132453,1,,,0,72,,132436,1,,,0,32,,132451,1,,,0,72,,132437,1,,,0,32,,132452,1,,,0,72,,132438,1,,,0,32,,132454,1,,,0,72,,132439,1,,,0,32,,132455,1,,,0,72,,132440,1,,,0,32,,132456,1,,,0,72,,132441,1,,,0,72,,132457,1,,,0,32,,132442,1,,,0,72,,132458,1,,,0,32,,132443,1,,,0,72,,132459,1,,,0,32,,132444,1,,,0,72,,132460,1,,,0
16400,'STMPSu2-Sunday',541,,132530,1,,,0,72,,132546,1,,,0,32,,132531,1,,,0,72,,132548,1,,,0,32,,132532,1,,,0,72,,132547,1,,,0,32,,132533,1,,,0,72,,132550,1,,,0,32,,132534,1,,,0,72,,132549,1,,,0,72,,132535,1,,,0,32,,132551,1,,,0,72,,132536,1,,,0,32,,132552,1,,,0,72,,132537,1,,,0,32,,132553,1,,,0,72,,132538,1,,,0,32,,132554,1,,,0,72,,132540,1,,,0,32,,132555,1,,,0,72,,132539,1,,,0,32,,132556,1,,,0,72,,132541,1,,,0,32,,132557,1,,,0,72,,132542,1,,,0,72,,132558,1,,,0,32,,132543,1,,,0,72,,132559,1,,,0,32,,132544,1,,,0,72,,132560,1,,,0,32,,132545,1,,,0,72,,132561,1,,,0
16400,'STMPWeek-Weekday',500,,132563,1,,,0,32,,132581,1,,,0,72,,132562,1,,,0,32,,132582,1,,,0,72,,132564,1,,,0,32,,132583,1,,,0,72,,132565,1,,,0,32,,132584,1,,,0,72,,132566,1,,,0,32,,132585,1,,,0,72,,132567,1,,,0,32,,132587,1,,,0,72,,132569,1,,,0,32,,132586,1,,,0,72,,132568,1,,,0,72,,132588,1,,,0,32,,132570,1,,,0,72,,132589,1,,,0,32,,132571,1,,,0,72,,132590,1,,,0,32,,132573,1,,,0,72,,132591,1,,,0,32,,132572,1,,,0,72,,132592,1,,,0,32,,132574,1,,,0,72,,132594,1,,,0,32,,132575,1,,,0,72,,132593,1,,,0,32,,132576,1,,,0,72,,132595,1,,,0,72,,132577,1,,,0,32,,132596,1,,,0,72,,132578,1,,,0,32,,132597,1,,,0,72,,132579,1,,,0,32,,132598,1,,,0,71,,132580,1,,,0
16401,'STMPSa-Saturday',637,,132735,35,4,,0,72,,132751,35,4,,0,32,,132734,35,4,,0,72,,132749,35,4,,0,32,,132736,35,4,,0,72,,132752,35,4,,0,32,,132737,35,4,,0,72,,132754,35,4,,0,32,,132738,35,4,,0,72,,132756,35,4,,0,32,,132739,35,4,,0,72,,132755,35,4,,0,72,,132740,35,4,,0,32,,132753,35,4,,0,72,,132741,35,4,,0,32,,132758,35,4,,0,72,,132742,35,4,,0,32,,132757,35,4,,0,72,,132743,35,4,,0,32,,132759,35,4,,0,72,,132745,35,4,,0,32,,132760,35,4,,0,72,,132746,35,4,,0,32,,132761,35,4,,0,72,,132747,35,4,,0,32,,132762,35,4,,0,72,,132744,35,4,,0,72,,132763,35,4,,0,32,,132748,35,4,,0,72,,132764,35,4,,0,32,,132750,35,4,,0
16401,'STMPSu2-Sunday',637,,132832,35,4,,0,72,,132848,35,4,,0,32,,132833,35,4,,0,72,,132850,35,4,,0,32,,132834,35,4,,0,72,,132849,35,4,,0,32,,132835,35,4,,0,72,,132851,35,4,,0,32,,132836,35,4,,0,72,,132852,35,4,,0,32,,132837,35,4,,0,72,,132853,35,4,,0,72,,132838,35,4,,0,32,,132854,35,4,,0,72,,132839,35,4,,0,32,,132857,35,4,,0,72,,132840,35,4,,0,32,,132855,35,4,,0,72,,132841,35,4,,0,32,,132856,35,4,,0,72,,132842,35,4,,0,32,,132858,35,4,,0,72,,132843,35,4,,0,32,,132859,35,4,,0,72,,132844,35,4,,0,32,,132860,35,4,,0,72,,132845,35,4,,0,72,,132862,35,4,,0,32,,132847,35,4,,0,72,,132861,35,4,,0,32,,132846,35,4,,0
16401,'STMPWeek-Weekday',601,,132863,35,4,,0,32,,132880,35,4,,0,72,,132864,35,4,,0,32,,132883,35,4,,0,72,,132865,35,4,,0,32,,132882,35,4,,0,72,,132866,35,4,,0,32,,132884,35,4,,0,72,,132867,35,4,,0,32,,132885,35,4,,0,72,,132868,35,4,,0,32,,132886,35,4,,0,72,,132869,35,4,,0,32,,132887,35,4,,0,72,,132870,35,4,,0,72,,132888,35,4,,0,32,,132872,35,4,,0,72,,132889,35,4,,0,32,,132871,35,4,,0,72,,132890,35,4,,0,32,,132873,35,4,,0,72,,132892,35,4,,0,32,,132874,35,4,,0,72,,132891,35,4,,0,32,,132875,35,4,,0,72,,132893,35,4,,0,32,,132876,35,4,,0,72,,132894,35,4,,0,32,,132878,35,4,,0,72,,132895,35,4,,0,72,,132877,35,4,,0,32,,132896,35,4,,0,72,,132879,35,4,,0,32,,132897,35,4,,0,72,,132881,35,4,,0,32,,132898,35,4,,0
