10000,'CUT-Weekday',539,,26765,,,0,71,,26764,,,0,31,,26766,,,0,70,,26767,,,0,30,,26769,,,0,70,,26768,,,0,30,,26770,,,0,70,,26771,,,0,30,,26772,,,0,70,,26773,,,0,30,,26774,,,0,70,,26775,,,0,30,,26776,,,0,70,,26777,,,0,30,,26778,,,0,71,,26779,,,0,30,,26781,,,0,70,,26780,,,0,30,,26783,,,0,69,,26782,,,0,31,,26785,,,0,71,,26784,,,0,31,,26787,,,0,73,,26788,,,0,31,,26789,,,0,69,,26786,,,0,29,,26790,,,0,70,,26792,,,0,31,,26793,,,0,69,,26791,,,0,30,,26794,,,0,70,,26796,,,0,30,,26797,,,0,70,,26795,,,0,30,,26799,,,0,70,,26798,,,0,30,,26800,,,0,70,,26801,,,0,30,,26802,,,0,70,,26803,,,0,30,,26804,,,0
10000,'Saturday',540,,26841,,,0,70,,26822,,,0,30,,26820,,,0,70,,26816,,,0,30,,26835,,,0,70,,26823,,,0,30,,26815,,,0,71,,26836,,,0,30,,26824,,,0,70,,26814,,,0,30,,26838,,,0,70,,26826,,,0,30,,26813,,,0,70,,26834,,,0,30,,26827,,,0,70,,26812,,,0,30,,26837,,,0,70,,26825,,,0,30,,26811,,,0,70,,26839,,,0,30,,26828,,,0,70,,26810,,,0,30,,26840,,,0,70,,26829,,,0,31,,26809,,,0,68,,26821,,,0,30,,26830,,,0,70,,26807,,,0,30,,26819,,,0,70,,26831,,,0,30,,26808,,,0,70,,26818,,,0,30,,26832,,,0,70,,26805,,,0,30,,26817,,,0,70,,26833,,,0,30,,26806,,,0,70,,26843,,,0,30,,26842,,,0
10000,'Sunday',540,,26882,,,0,70,,26845,,,0,30,,26844,,,0,70,,26846,,,0,30,,26847,,,0,70,,26848,,,0,30,,26850,,,0,71,,26849,,,0,30,,26851,,,0,70,,26852,,,0,30,,26853,,,0,70,,26854,,,0,30,,26855,,,0,70,,26859,,,0,30,,26856,,,0,70,,26857,,,0,30,,26858,,,0,70,,26860,,,0,30,,26861,,,0,70,,26862,,,0,30,,26863,,,0,70,,26864,,,0,30,,26865,,,0,70,,26866,,,0,31,,26867,,,0,68,,26868,,,0,30,,26870,,,0,70,,26871,,,0,30,,26869,,,0,70,,26874,,,0,30,,26872,,,0,70,,26873,,,0,30,,26875,,,0,70,,26876,,,0,30,,26877,,,0,70,,26878,,,0,30,,26880,,,0,70,,26879,,,0,30,,26881,,,0
10000,'Weekday',539,,26884,,,0,71,,26883,,,0,31,,26885,,,0,70,,26886,,,0,30,,26888,,,0,70,,26887,,,0,30,,26889,,,0,70,,26890,,,0,30,,26891,,,0,70,,26892,,,0,30,,26893,,,0,70,,26894,,,0,30,,26895,,,0,70,,26896,,,0,30,,26897,,,0,71,,26898,,,0,30,,26900,,,0,70,,26899,,,0,30,,26902,,,0,69,,26901,,,0,31,,26904,,,0,71,,26903,,,0,31,,26905,,,0,73,,26907,,,0,31,,26908,,,0,69,,26906,,,0,29,,26909,,,0,70,,26911,,,0,31,,26912,,,0,69,,26910,,,0,30,,26913,,,0,70,,26915,,,0,30,,26916,,,0,70,,26914,,,0,30,,26918,,,0,70,,26917,,,0,30,,26919,,,0,70,,26920,,,0,30,,26921,,,0,70,,26922,,,0,30,,26923,,,0
10000,'pBxDec31-Weekday',539,,26925,,,0,71,,26924,,,0,31,,26926,,,0,70,,26927,,,0,30,,26929,,,0,70,,26928,,,0,30,,26930,,,0,70,,26931,,,0,30,,26932,,,0,70,,26933,,,0,30,,26934,,,0,70,,26935,,,0,30,,26936,,,0,70,,26937,,,0,30,,26938,,,0,71,,26939,,,0,30,,26941,,,0,70,,26940,,,0,30,,26943,,,0,69,,26942,,,0,31,,26946,,,0,71,,26944,,,0,31,,26945,,,0,73,,26948,,,0,31,,26949,,,0,69,,26947,,,0,29,,26950,,,0,70,,26952,,,0,31,,26953,,,0,69,,26951,,,0,30,,26954,,,0,70,,26956,,,0,30,,26957,,,0,70,,26955,,,0,30,,26959,,,0,70,,26958,,,0,30,,26960,,,0,70,,26961,,,0,30,,26962,,,0,70,,26963,,,0,30,,26964,,,0
10001,'CUT-Weekday',523,,26965,,,0,30,,26966,,,0,70,,26967,,,0,30,,26968,,,0,70,,26969,,,0,30,,26970,,,0,70,,26971,,,0,30,,26973,,,0,70,,26974,,,0,30,,26972,,,0,70,,26975,,,0,30,,26976,,,0,70,,26978,,,0,30,,26977,,,0,70,,26979,,,0,30,,26980,,,0,70,,26981,,,0,30,,26982,,,0,70,,26984,,,0,32,,26985,,,0,70,,26983,,,0,30,,26986,,,0,74,,26987,,,0,71,,26988,,,0,32,,26989,,,0,69,,26990,,,0,31,,26991,,,0,70,,26992,,,0,30,,26993,,,0,70,,26994,,,0,28,,26995,,,0,70,,26996,,,0,30,,26997,,,0,70,,26998,,,0,30,,27000,,,0,70,,26999,,,0,30,,27002,,,0,70,,27004,,,0,30,,27003,,,0,70,,27001,,,0,30,,27005,,,0,70,,27006,,,0
10001,'Saturday',523,,27044,,,0,30,,27023,,,0,70,,27019,,,0,30,,27035,,,0,70,,27026,,,0,30,,27018,,,0,70,,27037,,,0,30,,27024,,,0,70,,27017,,,0,30,,27039,,,0,70,,27027,,,0,30,,27016,,,0,71,,27038,,,0,30,,27028,,,0,70,,27012,,,0,30,,27040,,,0,70,,27025,,,0,30,,27015,,,0,70,,27042,,,0,30,,27029,,,0,70,,27014,,,0,30,,27041,,,0,70,,27030,,,0,30,,27013,,,0,70,,27043,,,0,30,,27031,,,0,70,,27011,,,0,30,,27007,,,0,70,,27032,,,0,30,,27010,,,0,69,,27022,,,0,30,,27033,,,0,70,,27009,,,0,30,,27021,,,0,70,,27036,,,0,30,,27008,,,0,70,,27020,,,0,30,,27034,,,0,70,,27045,,,0,30,,27046,,,0
10001,'Sunday',523,,27047,,,0,30,,27048,,,0,70,,27049,,,0,30,,27050,,,0,70,,27051,,,0,30,,27052,,,0,70,,27053,,,0,30,,27054,,,0,70,,27055,,,0,30,,27056,,,0,70,,27057,,,0,30,,27058,,,0,71,,27059,,,0,30,,27060,,,0,70,,27061,,,0,30,,27062,,,0,70,,27063,,,0,30,,27064,,,0,70,,27065,,,0,30,,27067,,,0,70,,27066,,,0,30,,27068,,,0,70,,27069,,,0,30,,27070,,,0,70,,27071,,,0,30,,27072,,,0,70,,27074,,,0,30,,27073,,,0,70,,27076,,,0,30,,27075,,,0,69,,27077,,,0,30,,27078,,,0,70,,27079,,,0,30,,27080,,,0,70,,27081,,,0,30,,27082,,,0,70,,27083,,,0,30,,27084,,,0,70,,27085,,,0,30,,27086,,,0
10001,'Weekday',523,,27087,,,0,30,,27088,,,0,70,,27089,,,0,30,,27090,,,0,70,,27091,,,0,30,,27092,,,0,70,,27093,,,0,30,,27095,,,0,70,,27096,,,0,30,,27094,,,0,70,,27097,,,0,30,,27098,,,0,70,,27101,,,0,30,,27099,,,0,70,,27100,,,0,30,,27102,,,0,70,,27103,,,0,30,,27104,,,0,70,,27106,,,0,32,,27107,,,0,70,,27105,,,0,30,,27108,,,0,74,,27109,,,0,71,,27110,,,0,32,,27111,,,0,69,,27112,,,0,31,,27113,,,0,70,,27114,,,0,30,,27115,,,0,70,,27116,,,0,28,,27117,,,0,70,,27118,,,0,30,,27119,,,0,70,,27120,,,0,30,,27122,,,0,70,,27121,,,0,30,,27124,,,0,70,,27126,,,0,30,,27125,,,0,70,,27123,,,0,30,,27127,,,0,70,,27128,,,0
10001,'pBxDec31-Weekday',523,,27129,,,0,30,,27130,,,0,70,,27131,,,0,30,,27132,,,0,70,,27133,,,0,30,,27134,,,0,70,,27135,,,0,30,,27137,,,0,70,,27138,,,0,30,,27136,,,0,70,,27139,,,0,30,,27140,,,0,70,,27142,,,0,30,,27141,,,0,70,,27143,,,0,30,,27144,,,0,70,,27145,,,0,30,,27146,,,0,70,,27148,,,0,32,,27149,,,0,70,,27147,,,0,30,,27150,,,0,74,,27151,,,0,71,,27152,,,0,32,,27153,,,0,69,,27154,,,0,31,,27155,,,0,70,,27156,,,0,30,,27157,,,0,70,,27158,,,0,28,,27159,,,0,70,,27160,,,0,30,,27161,,,0,70,,27162,,,0,30,,27164,,,0,70,,27163,,,0,30,,27166,,,0,70,,27168,,,0,30,,27167,,,0,70,,27165,,,0,30,,27169,,,0,70,,27170,,,0
