9200,'Saturday',741,,110416,25,,,0,85,,110400,25,,,0,85,,110405,25,,,0,45,,110410,25,,,0,85,,110415,25,,,0,85,,110401,25,,,0,85,,110406,25,,,0,45,,110411,25,,,0,85,,110417,25,,,0,85,,110403,25,,,0,85,,110407,25,,,0,45,,110412,25,,,0,85,,110418,25,,,0,85,,110402,25,,,0,85,,110408,25,,,0,45,,110413,25,,,0,83,,110419,25,,,0,85,,110404,25,,,0,85,,110409,25,,,0,38,,110414,25,,,0
9200,'Sunday',740,,110435,25,,,0,85,,110420,25,,,0,85,,110425,25,,,0,45,,110430,25,,,0,85,,110436,25,,,0,85,,110421,25,,,0,85,,110426,25,,,0,45,,110431,25,,,0,85,,110438,25,,,0,85,,110422,25,,,0,85,,110427,25,,,0,45,,110432,25,,,0,85,,110437,25,,,0,85,,110423,25,,,0,85,,110428,25,,,0,45,,110433,25,,,0,85,,110439,25,,,0,85,,110424,25,,,0,85,,110429,25,,,0,38,,110434,25,,,0
9200,'Weekday',441,,110448,25,,,0,69,,110453,25,,,0,31,,110462,25,,,0,71,,110449,25,,,0,32,,110454,25,,,0,73,,110471,25,,,0,31,,110458,25,,,0,71,,110440,25,,,0,31,,110463,25,,,0,68,,110450,25,,,0,31,,110455,25,,,0,71,,110472,25,,,0,31,,110459,25,,,0,71,,110468,25,,,0,31,,110464,25,,,0,71,,110451,25,,,0,31,,110456,25,,,0,71,,110473,25,,,0,31,,110460,25,,,0,71,,110446,25,,,0,31,,110465,25,,,0,73,,110452,25,,,0,71,,110457,25,,,0,31,,110474,25,,,0,71,,110461,25,,,0,31,,110444,25,,,0,67,,110441,25,,,0,43,,110466,25,,,0,85,,110442,25,,,0,85,,110445,25,,,0,85,,110469,25,,,0,45,,110467,25,,,0,85,,110443,25,,,0,85,,110447,25,,,0,43,,110470,25,,,0
9200,'STMPSa-Saturday',741,,110491,25,,,0,85,,110475,25,,,0,85,,110480,25,,,0,45,,110485,25,,,0,85,,110490,25,,,0,85,,110476,25,,,0,85,,110481,25,,,0,45,,110486,25,,,0,85,,110492,25,,,0,85,,110478,25,,,0,85,,110482,25,,,0,45,,110487,25,,,0,85,,110493,25,,,0,85,,110477,25,,,0,85,,110483,25,,,0,45,,110488,25,,,0,83,,110494,25,,,0,85,,110479,25,,,0,85,,110484,25,,,0,38,,110489,25,,,0
9200,'STMPSnea-Weekday',441,,110503,25,,,0,69,,110508,25,,,0,31,,110517,25,,,0,71,,110504,25,,,0,32,,110509,25,,,0,73,,110526,25,,,0,31,,110513,25,,,0,71,,110495,25,,,0,31,,110518,25,,,0,68,,110505,25,,,0,31,,110510,25,,,0,71,,110527,25,,,0,31,,110514,25,,,0,71,,110523,25,,,0,31,,110519,25,,,0,71,,110506,25,,,0,31,,110511,25,,,0,71,,110528,25,,,0,31,,110515,25,,,0,71,,110501,25,,,0,31,,110520,25,,,0,73,,110507,25,,,0,71,,110512,25,,,0,31,,110529,25,,,0,71,,110516,25,,,0,31,,110499,25,,,0,67,,110496,25,,,0,43,,110521,25,,,0,85,,110497,25,,,0,85,,110500,25,,,0,85,,110524,25,,,0,45,,110522,25,,,0,85,,110498,25,,,0,85,,110502,25,,,0,43,,110525,25,,,0
9200,'STMPSu1-Sunday',740,,110545,25,,,0,85,,110530,25,,,0,85,,110535,25,,,0,45,,110540,25,,,0,85,,110546,25,,,0,85,,110531,25,,,0,85,,110536,25,,,0,45,,110541,25,,,0,85,,110548,25,,,0,85,,110532,25,,,0,85,,110537,25,,,0,45,,110542,25,,,0,85,,110547,25,,,0,85,,110533,25,,,0,85,,110538,25,,,0,45,,110543,25,,,0,85,,110549,25,,,0,85,,110534,25,,,0,85,,110539,25,,,0,38,,110544,25,,,0
9200,'STMPSu2-Sunday',740,,110565,25,,,0,85,,110550,25,,,0,85,,110555,25,,,0,45,,110560,25,,,0,85,,110566,25,,,0,85,,110551,25,,,0,85,,110556,25,,,0,45,,110561,25,,,0,85,,110568,25,,,0,85,,110552,25,,,0,85,,110557,25,,,0,45,,110562,25,,,0,85,,110567,25,,,0,85,,110553,25,,,0,85,,110558,25,,,0,45,,110563,25,,,0,85,,110569,25,,,0,85,,110554,25,,,0,85,,110559,25,,,0,38,,110564,25,,,0
9200,'STMPWeek-Weekday',441,,110578,25,,,0,69,,110583,25,,,0,31,,110592,25,,,0,71,,110579,25,,,0,32,,110584,25,,,0,73,,110601,25,,,0,31,,110588,25,,,0,71,,110570,25,,,0,31,,110593,25,,,0,68,,110580,25,,,0,31,,110585,25,,,0,71,,110602,25,,,0,31,,110589,25,,,0,71,,110598,25,,,0,31,,110594,25,,,0,71,,110581,25,,,0,31,,110586,25,,,0,71,,110603,25,,,0,31,,110590,25,,,0,71,,110576,25,,,0,31,,110595,25,,,0,73,,110582,25,,,0,71,,110587,25,,,0,31,,110604,25,,,0,71,,110591,25,,,0,31,,110574,25,,,0,67,,110571,25,,,0,43,,110596,25,,,0,85,,110572,25,,,0,85,,110575,25,,,0,85,,110599,25,,,0,45,,110597,25,,,0,85,,110573,25,,,0,85,,110577,25,,,0,43,,110600,25,,,0
9200,'STMPar-Weekday',441,,110613,25,,,0,69,,110618,25,,,0,31,,110627,25,,,0,71,,110614,25,,,0,32,,110619,25,,,0,73,,110636,25,,,0,31,,110623,25,,,0,71,,110605,25,,,0,31,,110628,25,,,0,68,,110615,25,,,0,31,,110620,25,,,0,71,,110637,25,,,0,31,,110624,25,,,0,71,,110633,25,,,0,31,,110629,25,,,0,71,,110616,25,,,0,31,,110621,25,,,0,71,,110638,25,,,0,31,,110625,25,,,0,71,,110611,25,,,0,31,,110630,25,,,0,73,,110617,25,,,0,71,,110622,25,,,0,31,,110639,25,,,0,71,,110626,25,,,0,31,,110609,25,,,0,67,,110606,25,,,0,43,,110631,25,,,0,85,,110607,25,,,0,85,,110610,25,,,0,85,,110634,25,,,0,45,,110632,25,,,0,85,,110608,25,,,0,85,,110612,25,,,0,43,,110635,25,,,0
11700,'Weekday',615,,119275,20,,,0
11700,'STMPSnea-Weekday',615,,119278,20,,,0
11700,'STMPWeek-Weekday',615,,119281,20,,,0
11700,'STMPar-Weekday',615,,119284,20,,,0
15100,'Weekday',610,,128405,29,,,0
15100,'STMPSnea-Weekday',610,,128407,29,,,0
15100,'STMPWeek-Weekday',610,,128409,29,,,0
15100,'STMPar-Weekday',610,,128411,29,,,0
